1.0000000e+00   4.9369264e-04
9.9974501e-01   3.1879777e-04
9.9898201e-01   1.0964430e-03
9.9771100e-01   6.1234314e-04
9.9593300e-01   1.7779777e-03
9.9365300e-01   1.8577189e-03
9.9087399e-01   2.5699027e-03
9.8759800e-01   3.7649530e-03
9.8382998e-01   3.9886995e-03
9.7957498e-01   5.0705099e-03
9.7483599e-01   6.4921528e-03
9.6961600e-01   7.8379028e-03
9.6392000e-01   9.1098025e-03
9.5775098e-01   1.0776755e-02
9.5111603e-01   1.2355892e-02
9.4401902e-01   1.4803861e-02
9.3646699e-01   1.6649235e-02
9.2846799e-01   1.8601825e-02
9.2003101e-01   2.0595033e-02
9.1116500e-01   2.4013042e-02
9.0187901e-01   2.6503542e-02
8.9218301e-01   2.8344866e-02
8.8208699e-01   3.1269930e-02
8.7160099e-01   3.4728177e-02
8.6073500e-01   3.7692454e-02
8.4950101e-01   4.0347632e-02
8.3791000e-01   4.4415172e-02
8.2597399e-01   4.7875442e-02
8.1370401e-01   5.1210120e-02
8.0111301e-01   5.5043973e-02
7.8821403e-01   5.8386117e-02
7.7501899e-01   6.2613346e-02
7.6154101e-01   6.6405199e-02
7.4779499e-01   7.0264094e-02
7.3379201e-01   7.4529715e-02
7.1954799e-01   7.8292742e-02
7.0507699e-01   8.2208976e-02
6.9039202e-01   8.6313590e-02
6.7550898e-01   9.0264849e-02
6.6044199e-01   9.3864307e-02
6.4520597e-01   9.8515540e-02
6.2981701e-01   1.0197704e-01
6.1429000e-01   1.0625535e-01
5.9864002e-01   1.1045849e-01
5.8288401e-01   1.1382248e-01
5.6703597e-01   1.1646896e-01
5.5111301e-01   1.1975309e-01
5.3513098e-01   1.2395346e-01
5.1910597e-01   1.2607668e-01
5.0305402e-01   1.2960847e-01
4.8699099e-01   1.3246831e-01
4.7093400e-01   1.3560039e-01
4.5489800e-01   1.3743252e-01
4.3889999e-01   1.3980298e-01
4.2295599e-01   1.4258742e-01
4.0708300e-01   1.4376032e-01
3.9129499e-01   1.4489886e-01
3.7560999e-01   1.4634164e-01
3.6004400e-01   1.4721394e-01
3.4461200e-01   1.4820355e-01
3.2933000e-01   1.4884420e-01
3.1421301e-01   1.4892881e-01
2.9927900e-01   1.4886597e-01
2.8454101e-01   1.4907476e-01
2.7001500e-01   1.4981121e-01
2.5571701e-01   1.4833614e-01
2.4166100e-01   1.4782678e-01
2.2786200e-01   1.4629433e-01
2.1433599e-01   1.4495479e-01
2.0109500e-01   1.4357723e-01
1.8815500e-01   1.4162727e-01
1.7553000e-01   1.3993859e-01
1.6323400e-01   1.3737969e-01
1.5128000e-01   1.3421367e-01
1.3968100e-01   1.3202253e-01
1.2845200e-01   1.2920260e-01
1.1760600e-01   1.2627143e-01
1.0715500e-01   1.2143241e-01
9.7112998e-02   1.1800205e-01
8.7493002e-02   1.1382524e-01
7.8305997e-02   1.0940474e-01
6.9565997e-02   1.0459971e-01
6.1285000e-02   1.0006811e-01
5.3474002e-02   9.4297580e-02
4.6149999e-02   8.9353725e-02
3.9326001e-02   8.3614871e-02
3.3013999e-02   7.7023402e-02
2.7230000e-02   7.1549781e-02
2.1980001e-02   6.4747922e-02
1.7277000e-02   5.7504110e-02
1.3141000e-02   5.0118644e-02
9.5729996e-03   4.2599935e-02
6.5830001e-03   3.5358813e-02
4.1880002e-03   2.7536500e-02
2.3540000e-03   2.0696299e-02
1.0810000e-03   1.3978111e-02
3.7100000e-04   8.0340588e-03
7.6999997e-05   3.3433526e-03
4.9999999e-06   7.6457392e-04
0.0000000e+00   -5.0377607e-04
4.9999999e-06   -1.2157980e-03
7.6999997e-05   -3.7917970e-03
3.7100000e-04   -8.7133320e-03
1.0810000e-03   -1.4188508e-02
2.3530000e-03   -2.0612929e-02
4.1880002e-03   -2.7004510e-02
6.5850001e-03   -3.3931211e-02
9.5760003e-03   -4.0842291e-02
1.3145000e-02   -4.6856083e-02
1.7281000e-02   -5.3356875e-02
2.1983000e-02   -5.8957521e-02
2.7232001e-02   -6.4728662e-02
3.3016000e-02   -6.9808006e-02
3.9328001e-02   -7.4803859e-02
4.6151999e-02   -7.9873227e-02
5.3475998e-02   -8.4098920e-02
6.1287001e-02   -8.8931881e-02
6.9568001e-02   -9.3659364e-02
7.8308001e-02   -9.7153425e-02
8.7494999e-02   -1.0102030e-01
9.7115003e-02   -1.0526675e-01
1.0715700e-01   -1.0877903e-01
1.1760800e-01   -1.1143748e-01
1.2845400e-01   -1.1486276e-01
1.3968299e-01   -1.1765110e-01
1.5128200e-01   -1.1961000e-01
1.6323499e-01   -1.2273771e-01
1.7553200e-01   -1.2503338e-01
1.8815701e-01   -1.2691392e-01
2.0109700e-01   -1.2898114e-01
2.1433701e-01   -1.3028966e-01
2.2786400e-01   -1.3171273e-01
2.4166299e-01   -1.3318543e-01
2.5571901e-01   -1.3418329e-01
2.7001700e-01   -1.3433786e-01
2.8454199e-01   -1.3550925e-01
2.9927999e-01   -1.3554570e-01
3.1421500e-01   -1.3652439e-01
3.2933101e-01   -1.3639823e-01
3.4461299e-01   -1.3581851e-01
3.6004499e-01   -1.3602501e-01
3.7561101e-01   -1.3468826e-01
3.9129600e-01   -1.3433380e-01
4.0708300e-01   -1.3211374e-01
4.2295700e-01   -1.3105421e-01
4.3890101e-01   -1.3027738e-01
4.5489901e-01   -1.2843363e-01
4.7093499e-01   -1.2611446e-01
4.8699200e-01   -1.2276854e-01
5.0305498e-01   -1.2133861e-01
5.1910698e-01   -1.1860102e-01
5.3513199e-01   -1.1563201e-01
5.5111402e-01   -1.1295702e-01
5.6703597e-01   -1.0976167e-01
5.8288401e-01   -1.0676829e-01
5.9864002e-01   -1.0314333e-01
6.1429000e-01   -9.9282771e-02
6.2981701e-01   -9.5307514e-02
6.4520597e-01   -9.1757841e-02
6.6044199e-01   -8.7154575e-02
6.7550898e-01   -8.3820499e-02
6.9039297e-01   -7.9863206e-02
7.0507699e-01   -7.6086737e-02
7.1954900e-01   -7.1582809e-02
7.3379302e-01   -6.7941286e-02
7.4779499e-01   -6.3749857e-02
7.6154202e-01   -6.0556252e-02
7.7501899e-01   -5.6759290e-02
7.8821403e-01   -5.2800879e-02
8.0111301e-01   -4.9519662e-02
8.1370401e-01   -4.6236377e-02
8.2597297e-01   -4.3118205e-02
8.3791000e-01   -3.9535578e-02
8.4950101e-01   -3.6288038e-02
8.6073500e-01   -3.3857141e-02
8.7160099e-01   -3.0870693e-02
8.8208801e-01   -2.8295634e-02
8.9218402e-01   -2.6392382e-02
9.0188003e-01   -2.4111031e-02
9.1116500e-01   -2.1440422e-02
9.2003101e-01   -2.0026971e-02
9.2846799e-01   -1.8040499e-02
9.3646699e-01   -1.6786342e-02
9.4401902e-01   -1.4490315e-02
9.5111603e-01   -1.3185501e-02
9.5775098e-01   -1.1805319e-02
9.6392000e-01   -1.0710238e-02
9.6961600e-01   -9.0773823e-03
9.7483599e-01   -8.6370232e-03
9.7957498e-01   -7.7181268e-03
9.8383099e-01   -6.9096023e-03
9.8759800e-01   -6.0183490e-03
9.9087399e-01   -5.8278246e-03
9.9365300e-01   -5.5571417e-03
9.9593401e-01   -4.9730474e-03
9.9771100e-01   -4.5265602e-03
9.9898201e-01   -4.3582702e-03
9.9974501e-01   -4.4323737e-03
1.0000000e+00   -4.4166856e-03
