1.0000000e+00   5.2014100e-03
9.9974501e-01   4.8505287e-03
9.9898201e-01   4.9458565e-03
9.9771100e-01   5.5823629e-03
9.9593300e-01   5.5820025e-03
9.9365300e-01   7.1512936e-03
9.9087399e-01   8.1721814e-03
9.8759800e-01   9.2448350e-03
9.8382998e-01   1.0109051e-02
9.7957498e-01   1.0549758e-02
9.7483599e-01   1.2568357e-02
9.6961600e-01   1.4227202e-02
9.6392000e-01   1.5935866e-02
9.5775098e-01   1.7840371e-02
9.5111603e-01   1.9733459e-02
9.4401902e-01   2.2274807e-02
9.3646699e-01   2.3710681e-02
9.2846799e-01   2.5806559e-02
9.2003101e-01   2.8974278e-02
9.1116500e-01   3.1404618e-02
9.0187901e-01   3.3688817e-02
8.9218301e-01   3.6290765e-02
8.8208699e-01   3.8996723e-02
8.7160099e-01   4.1256268e-02
8.6073500e-01   4.5314528e-02
8.4950101e-01   4.7491249e-02
8.3791000e-01   5.1143702e-02
8.2597399e-01   5.3537130e-02
8.1370401e-01   5.6373771e-02
8.0111301e-01   6.0380086e-02
7.8821403e-01   6.2303364e-02
7.7501899e-01   6.5922454e-02
7.6154101e-01   6.9492631e-02
7.4779499e-01   7.1849629e-02
7.3379201e-01   7.5794190e-02
7.1954799e-01   7.8539610e-02
7.0507699e-01   8.1974529e-02
6.9039202e-01   8.4048301e-02
6.7550898e-01   8.6849086e-02
6.6044199e-01   9.1657974e-02
6.4520597e-01   9.3430430e-02
6.2981701e-01   9.6530639e-02
6.1429000e-01   1.0017440e-01
5.9864002e-01   1.0334607e-01
5.8288401e-01   1.0555986e-01
5.6703597e-01   1.0744677e-01
5.5111301e-01   1.1065686e-01
5.3513098e-01   1.1293628e-01
5.1910597e-01   1.1433722e-01
5.0305402e-01   1.1770414e-01
4.8699099e-01   1.2027525e-01
4.7093400e-01   1.2127333e-01
4.5489800e-01   1.2273231e-01
4.3889999e-01   1.2430035e-01
4.2295599e-01   1.2619875e-01
4.0708300e-01   1.2680203e-01
3.9129499e-01   1.2951858e-01
3.7560999e-01   1.3023528e-01
3.6004400e-01   1.3179417e-01
3.4461200e-01   1.3165034e-01
3.2933000e-01   1.3263902e-01
3.1421301e-01   1.3291952e-01
2.9927900e-01   1.3312790e-01
2.8454101e-01   1.3195197e-01
2.7001500e-01   1.3256621e-01
2.5571701e-01   1.3175537e-01
2.4166100e-01   1.3107423e-01
2.2786200e-01   1.2941773e-01
2.1433599e-01   1.2910554e-01
2.0109500e-01   1.2843809e-01
1.8815500e-01   1.2633736e-01
1.7553000e-01   1.2399210e-01
1.6323400e-01   1.2167129e-01
1.5128000e-01   1.2018160e-01
1.3968100e-01   1.1716846e-01
1.2845200e-01   1.1481168e-01
1.1760600e-01   1.1105480e-01
1.0715500e-01   1.0710721e-01
9.7112998e-02   1.0384677e-01
8.7493002e-02   9.9781141e-02
7.8305997e-02   9.5957734e-02
6.9565997e-02   9.1456972e-02
6.1285000e-02   8.6620837e-02
5.3474002e-02   8.1224151e-02
4.6149999e-02   7.6343916e-02
3.9326001e-02   7.0865050e-02
3.3013999e-02   6.5641880e-02
2.7230000e-02   5.9757955e-02
2.1980001e-02   5.3811599e-02
1.7277000e-02   4.7336690e-02
1.3141000e-02   4.1224189e-02
9.5729996e-03   3.5294380e-02
6.5830001e-03   2.9083231e-02
4.1880002e-03   2.2771824e-02
2.3540000e-03   1.6974529e-02
1.0810000e-03   1.2065777e-02
3.7100000e-04   6.8428367e-03
7.6999997e-05   3.5760570e-03
4.9999999e-06   9.0707536e-04
0.0000000e+00   3.8607276e-04
4.9999999e-06   -3.6585375e-04
7.6999997e-05   -2.5302467e-03
3.7100000e-04   -5.4988810e-03
1.0810000e-03   -9.6217338e-03
2.3530000e-03   -1.4378302e-02
4.1880002e-03   -1.8196184e-02
6.5850001e-03   -2.2796405e-02
9.5760003e-03   -2.6990680e-02
1.3145000e-02   -3.0273372e-02
1.7281000e-02   -3.3564050e-02
2.1983000e-02   -3.6259796e-02
2.7232001e-02   -3.9548248e-02
3.3016000e-02   -4.1922729e-02
3.9328001e-02   -4.4176411e-02
4.6151999e-02   -4.6408173e-02
5.3475998e-02   -4.8653852e-02
6.1287001e-02   -4.9966875e-02
6.9568001e-02   -5.2486785e-02
7.8308001e-02   -5.4737177e-02
8.7494999e-02   -5.6245048e-02
9.7115003e-02   -5.6727801e-02
1.0715700e-01   -5.8181830e-02
1.1760800e-01   -5.9084445e-02
1.2845400e-01   -5.9614524e-02
1.3968299e-01   -5.9915185e-02
1.5128200e-01   -6.0637046e-02
1.6323499e-01   -6.1858058e-02
1.7553200e-01   -6.1151158e-02
1.8815701e-01   -6.0310274e-02
2.0109700e-01   -6.0945921e-02
2.1433701e-01   -6.0534284e-02
2.2786400e-01   -5.9963290e-02
2.4166299e-01   -5.8915459e-02
2.5571901e-01   -5.8947474e-02
2.7001700e-01   -5.7467438e-02
2.8454199e-01   -5.6003224e-02
2.9927999e-01   -5.5178348e-02
3.1421500e-01   -5.3624157e-02
3.2933101e-01   -5.2636333e-02
3.4461299e-01   -5.0824236e-02
3.6004499e-01   -5.0736044e-02
3.7561101e-01   -4.7431745e-02
3.9129600e-01   -4.6472576e-02
4.0708300e-01   -4.5961946e-02
4.2295700e-01   -4.2919207e-02
4.3890101e-01   -4.1727938e-02
4.5489901e-01   -4.0762454e-02
4.7093499e-01   -3.8223241e-02
4.8699200e-01   -3.6875080e-02
5.0305498e-01   -3.3909008e-02
5.1910698e-01   -3.2221600e-02
5.3513199e-01   -2.9264802e-02
5.5111402e-01   -2.7879611e-02
5.6703597e-01   -2.6550973e-02
5.8288401e-01   -2.4490077e-02
5.9864002e-01   -2.2319986e-02
6.1429000e-01   -2.1024354e-02
6.2981701e-01   -1.8568484e-02
6.4520597e-01   -1.6526688e-02
6.6044199e-01   -1.4543301e-02
6.7550898e-01   -1.3699718e-02
6.9039297e-01   -1.2360336e-02
7.0507699e-01   -1.0607754e-02
7.1954900e-01   -9.2144031e-03
7.3379302e-01   -7.4932850e-03
7.4779499e-01   -5.5976463e-03
7.6154202e-01   -4.7991131e-03
7.7501899e-01   -3.1230310e-03
7.8821403e-01   -1.5232514e-03
8.0111301e-01   -7.2143588e-04
8.1370401e-01   -2.9168278e-04
8.2597297e-01   3.3338182e-04
8.3791000e-01   1.9130274e-03
8.4950101e-01   2.1540360e-03
8.6073500e-01   3.1857439e-03
8.7160099e-01   3.6648619e-03
8.8208801e-01   3.5677745e-03
8.9218402e-01   4.4023716e-03
9.0188003e-01   4.6027005e-03
9.1116500e-01   4.4421549e-03
9.2003101e-01   4.3382626e-03
9.2846799e-01   3.8974455e-03
9.3646699e-01   3.7893951e-03
9.4401902e-01   4.8024422e-03
9.5111603e-01   3.9185537e-03
9.5775098e-01   3.0026296e-03
9.6392000e-01   3.6967110e-03
9.6961600e-01   3.4171974e-03
9.7483599e-01   2.9975080e-03
9.7957498e-01   2.6499887e-03
9.8383099e-01   2.0133043e-03
9.8759800e-01   1.4954901e-03
9.9087399e-01   1.0147254e-03
9.9365300e-01   7.9250493e-04
9.9593401e-01   1.0655267e-03
9.9771100e-01   6.4538734e-04
9.9898201e-01   4.8765677e-04
9.9974501e-01   5.1048485e-04
1.0000000e+00   5.5984565e-04
