1.0000000e+00   2.3671740e-03
9.9974501e-01   2.3977754e-03
9.9898201e-01   2.9086538e-03
9.9771100e-01   3.3900097e-03
9.9593300e-01   4.2079161e-03
9.9365300e-01   5.4570334e-03
9.9087399e-01   6.6812453e-03
9.8759800e-01   8.2890932e-03
9.8382998e-01   1.0083966e-02
9.7957498e-01   1.2150761e-02
9.7483599e-01   1.4559816e-02
9.6961600e-01   1.7042067e-02
9.6392000e-01   1.9867547e-02
9.5775098e-01   2.2739980e-02
9.5111603e-01   2.5817296e-02
9.4401902e-01   2.9195426e-02
9.3646699e-01   3.2600988e-02
9.2846799e-01   3.6291257e-02
9.2003101e-01   4.0116921e-02
9.1116500e-01   4.3967403e-02
9.0187901e-01   4.8116840e-02
8.9218301e-01   5.2299354e-02
8.8208699e-01   5.6790750e-02
8.7160099e-01   6.1389208e-02
8.6073500e-01   6.6165432e-02
8.4950101e-01   7.0815384e-02
8.3791000e-01   7.5735480e-02
8.2597399e-01   8.0718398e-02
8.1370401e-01   8.5889116e-02
8.0111301e-01   9.1002166e-02
7.8821403e-01   9.6229717e-02
7.7501899e-01   1.0136782e-01
7.6154101e-01   1.0667859e-01
7.4779499e-01   1.1200762e-01
7.3379201e-01   1.1686310e-01
7.1954799e-01   1.2213762e-01
7.0507699e-01   1.2732638e-01
6.9039202e-01   1.3242827e-01
6.7550898e-01   1.3754530e-01
6.6044199e-01   1.4233913e-01
6.4520597e-01   1.4740312e-01
6.2981701e-01   1.5189359e-01
6.1429000e-01   1.5652382e-01
5.9864002e-01   1.6096012e-01
5.8288401e-01   1.6511996e-01
5.6703597e-01   1.6918774e-01
5.5111301e-01   1.7313965e-01
5.3513098e-01   1.7642133e-01
5.1910597e-01   1.7997622e-01
5.0305402e-01   1.8287240e-01
4.8699099e-01   1.8571936e-01
4.7093400e-01   1.8837172e-01
4.5489800e-01   1.9064589e-01
4.3889999e-01   1.9238694e-01
4.2295599e-01   1.9393353e-01
4.0708300e-01   1.9564888e-01
3.9129499e-01   1.9633269e-01
3.7560999e-01   1.9736332e-01
3.6004400e-01   1.9812472e-01
3.4461200e-01   1.9782966e-01
3.2933000e-01   1.9772655e-01
3.1421301e-01   1.9712046e-01
2.9927900e-01   1.9591956e-01
2.8454101e-01   1.9472431e-01
2.7001500e-01   1.9315688e-01
2.5571701e-01   1.9143844e-01
2.4166100e-01   1.8876897e-01
2.2786200e-01   1.8617336e-01
2.1433599e-01   1.8339123e-01
2.0109500e-01   1.7971881e-01
1.8815500e-01   1.7584588e-01
1.7553000e-01   1.7172308e-01
1.6323400e-01   1.6712123e-01
1.5128000e-01   1.6239008e-01
1.3968100e-01   1.5686966e-01
1.2845200e-01   1.5181199e-01
1.1760600e-01   1.4579609e-01
1.0715500e-01   1.3992578e-01
9.7112998e-02   1.3330354e-01
8.7493002e-02   1.2656723e-01
7.8305997e-02   1.1994426e-01
6.9565997e-02   1.1283969e-01
6.1285000e-02   1.0584728e-01
5.3474002e-02   9.8522782e-02
4.6149999e-02   9.0922430e-02
3.9326001e-02   8.3357804e-02
3.3013999e-02   7.5860560e-02
2.7230000e-02   6.8159714e-02
2.1980001e-02   6.0459558e-02
1.7277000e-02   5.2852228e-02
1.3141000e-02   4.5227569e-02
9.5729996e-03   3.7768658e-02
6.5830001e-03   3.0486554e-02
4.1880002e-03   2.3538664e-02
2.3540000e-03   1.6955925e-02
1.0810000e-03   1.1276852e-02
3.7100000e-04   6.5153055e-03
7.6999997e-05   2.9863706e-03
4.9999999e-06   5.9457676e-04
0.0000000e+00   -1.4393916e-04
4.9999999e-06   -9.3042728e-04
7.6999997e-05   -2.9651877e-03
3.7100000e-04   -6.2129102e-03
1.0810000e-03   -1.0277946e-02
2.3530000e-03   -1.4474215e-02
4.1880002e-03   -1.8508924e-02
6.5850001e-03   -2.2344153e-02
9.5760003e-03   -2.5564510e-02
1.3145000e-02   -2.8313994e-02
1.7281000e-02   -3.0535109e-02
2.1983000e-02   -3.2397617e-02
2.7232001e-02   -3.4065813e-02
3.3016000e-02   -3.5339966e-02
3.9328001e-02   -3.6172364e-02
4.6151999e-02   -3.7213001e-02
5.3475998e-02   -3.7621763e-02
6.1287001e-02   -3.7705161e-02
6.9568001e-02   -3.7886877e-02
7.8308001e-02   -3.7651092e-02
8.7494999e-02   -3.6832925e-02
9.7115003e-02   -3.6542013e-02
1.0715700e-01   -3.5440516e-02
1.1760800e-01   -3.4475844e-02
1.2845400e-01   -3.3126175e-02
1.3968299e-01   -3.1934388e-02
1.5128200e-01   -3.0532768e-02
1.6323499e-01   -2.9230803e-02
1.7553200e-01   -2.7509706e-02
1.8815701e-01   -2.5706043e-02
2.0109700e-01   -2.4136914e-02
2.1433701e-01   -2.2281446e-02
2.2786400e-01   -2.0475840e-02
2.4166299e-01   -1.8519258e-02
2.5571901e-01   -1.6725900e-02
2.7001700e-01   -1.5082400e-02
2.8454199e-01   -1.3350453e-02
2.9927999e-01   -1.1887810e-02
3.1421500e-01   -9.9150790e-03
3.2933101e-01   -8.1068659e-03
3.4461299e-01   -6.7215967e-03
3.6004499e-01   -5.5663087e-03
3.7561101e-01   -3.8260780e-03
3.9129600e-01   -2.7867334e-03
4.0708300e-01   -1.0771151e-03
4.2295700e-01   1.0736287e-05
4.3890101e-01   1.2154424e-03
4.5489901e-01   2.8264001e-03
4.7093499e-01   3.8230903e-03
4.8699200e-01   4.6458729e-03
5.0305498e-01   5.4130023e-03
5.1910698e-01   6.6434732e-03
5.3513199e-01   7.4607763e-03
5.5111402e-01   8.0496902e-03
5.6703597e-01   8.8904314e-03
5.8288401e-01   9.3267653e-03
5.9864002e-01   1.0045250e-02
6.1429000e-01   1.0338746e-02
6.2981701e-01   1.0778770e-02
6.4520597e-01   1.0980757e-02
6.6044199e-01   1.0831208e-02
6.7550898e-01   1.1015499e-02
6.9039297e-01   1.0984173e-02
7.0507699e-01   1.0765796e-02
7.1954900e-01   1.0805257e-02
7.3379302e-01   1.0435295e-02
7.4779499e-01   1.0570050e-02
7.6154202e-01   1.0267825e-02
7.7501899e-01   1.0272844e-02
7.8821403e-01   9.9593904e-03
8.0111301e-01   9.6371584e-03
8.1370401e-01   9.1925338e-03
8.2597297e-01   8.9750336e-03
8.3791000e-01   8.5424474e-03
8.4950101e-01   8.1878938e-03
8.6073500e-01   7.6659163e-03
8.7160099e-01   7.3959529e-03
8.8208801e-01   6.7864442e-03
8.9218402e-01   6.3447333e-03
9.0188003e-01   5.6265937e-03
9.1116500e-01   4.9881847e-03
9.2003101e-01   4.6420544e-03
9.2846799e-01   4.0724897e-03
9.3646699e-01   3.5931505e-03
9.4401902e-01   3.0613441e-03
9.5111603e-01   2.7616359e-03
9.5775098e-01   2.0891665e-03
9.6392000e-01   1.8492262e-03
9.6961600e-01   1.4238913e-03
9.7483599e-01   1.0978809e-03
9.7957498e-01   5.8582082e-04
9.8383099e-01   4.0606750e-04
9.8759800e-01   1.4579156e-04
9.9087399e-01   -3.6561629e-05
9.9365300e-01   -2.8911338e-04
9.9593401e-01   -4.3020651e-04
9.9771100e-01   -4.4472815e-04
9.9898201e-01   -4.5599087e-04
9.9974501e-01   -5.7181594e-04
1.0000000e+00   -5.7741505e-04
