1.0000000e+00   1.3889812e-02
9.9974501e-01   1.3808684e-02
9.9898201e-01   1.4132934e-02
9.9771100e-01   1.5042923e-02
9.9593300e-01   1.5741890e-02
9.9365300e-01   1.7042907e-02
9.9087399e-01   1.8392662e-02
9.8759800e-01   2.0041542e-02
9.8382998e-01   2.1994993e-02
9.7957498e-01   2.4343215e-02
9.7483599e-01   2.6949517e-02
9.6961600e-01   2.9824451e-02
9.6392000e-01   3.2984313e-02
9.5775098e-01   3.5800550e-02
9.5111603e-01   3.9092652e-02
9.4401902e-01   4.2547956e-02
9.3646699e-01   4.5694411e-02
9.2846799e-01   4.9035292e-02
9.2003101e-01   5.2845765e-02
9.1116500e-01   5.6498535e-02
9.0187901e-01   6.0439326e-02
8.9218301e-01   6.4406425e-02
8.8208699e-01   6.8624191e-02
8.7160099e-01   7.2641529e-02
8.6073500e-01   7.7451997e-02
8.4950101e-01   8.1612825e-02
8.3791000e-01   8.6777225e-02
8.2597399e-01   9.2149958e-02
8.1370401e-01   9.6841201e-02
8.0111301e-01   1.0157999e-01
7.8821403e-01   1.0694001e-01
7.7501899e-01   1.1167156e-01
7.6154101e-01   1.1742286e-01
7.4779499e-01   1.2217112e-01
7.3379201e-01   1.2720558e-01
7.1954799e-01   1.3198133e-01
7.0507699e-01   1.3736619e-01
6.9039202e-01   1.4219093e-01
6.7550898e-01   1.4697076e-01
6.6044199e-01   1.5119226e-01
6.4520597e-01   1.5644290e-01
6.2981701e-01   1.6088176e-01
6.1429000e-01   1.6472097e-01
5.9864002e-01   1.6893318e-01
5.8288401e-01   1.7348181e-01
5.6703597e-01   1.7698024e-01
5.5111301e-01   1.8141739e-01
5.3513098e-01   1.8516234e-01
5.1910597e-01   1.8875736e-01
5.0305402e-01   1.9251139e-01
4.8699099e-01   1.9568555e-01
4.7093400e-01   1.9893998e-01
4.5489800e-01   2.0260958e-01
4.3889999e-01   2.0556693e-01
4.2295599e-01   2.0825003e-01
4.0708300e-01   2.1154325e-01
3.9129499e-01   2.1337339e-01
3.7560999e-01   2.1639910e-01
3.6004400e-01   2.1800585e-01
3.4461200e-01   2.2049832e-01
3.2933000e-01   2.2175568e-01
3.1421301e-01   2.2367209e-01
2.9927900e-01   2.2449967e-01
2.8454101e-01   2.2618081e-01
2.7001500e-01   2.2698963e-01
2.5571701e-01   2.2794271e-01
2.4166100e-01   2.2763552e-01
2.2786200e-01   2.2833514e-01
2.1433599e-01   2.2810307e-01
2.0109500e-01   2.2685827e-01
1.8815500e-01   2.2522546e-01
1.7553000e-01   2.2352132e-01
1.6323400e-01   2.2102875e-01
1.5128000e-01   2.1907809e-01
1.3968100e-01   2.1561718e-01
1.2845200e-01   2.1300785e-01
1.1760600e-01   2.0987046e-01
1.0715500e-01   2.0563424e-01
9.7112998e-02   2.0077935e-01
8.7493002e-02   1.9562586e-01
7.8305997e-02   1.9033501e-01
6.9565997e-02   1.8450661e-01
6.1285000e-02   1.7855075e-01
5.3474002e-02   1.7216353e-01
4.6149999e-02   1.6571985e-01
3.9326001e-02   1.5891919e-01
3.3013999e-02   1.5168764e-01
2.7230000e-02   1.4446723e-01
2.1980001e-02   1.3705900e-01
1.7277000e-02   1.2948841e-01
1.3141000e-02   1.2184791e-01
9.5729996e-03   1.1448508e-01
6.5830001e-03   1.0739357e-01
4.1880002e-03   1.0066932e-01
2.3540000e-03   9.4447367e-02
1.0810000e-03   8.8982113e-02
3.7100000e-04   8.4372632e-02
7.6999997e-05   8.0890931e-02
4.9999999e-06   7.8691661e-02
0.0000000e+00   7.7952273e-02
4.9999999e-06   7.7076852e-02
7.6999997e-05   7.5097851e-02
3.7100000e-04   7.1919203e-02
1.0810000e-03   6.7998841e-02
2.3530000e-03   6.3663989e-02
4.1880002e-03   5.9137233e-02
6.5850001e-03   5.4623183e-02
9.5760003e-03   4.9729332e-02
1.3145000e-02   4.4917844e-02
1.7281000e-02   4.0061947e-02
2.1983000e-02   3.5464171e-02
2.7232001e-02   3.1412981e-02
3.3016000e-02   2.7808923e-02
3.9328001e-02   2.4397861e-02
4.6151999e-02   2.1174023e-02
5.3475998e-02   1.8768126e-02
6.1287001e-02   1.6247857e-02
6.9568001e-02   1.3962617e-02
7.8308001e-02   1.2877502e-02
8.7494999e-02   1.1408155e-02
9.7115003e-02   1.0145793e-02
1.0715700e-01   8.9181457e-03
1.1760800e-01   7.8268237e-03
1.2845400e-01   6.8978318e-03
1.3968299e-01   5.7230489e-03
1.5128200e-01   4.9989852e-03
1.6323499e-01   3.7972373e-03
1.7553200e-01   3.6136573e-03
1.8815701e-01   3.3138348e-03
2.0109700e-01   2.3902757e-03
2.1433701e-01   1.5339914e-03
2.2786400e-01   1.4195805e-03
2.4166299e-01   9.7379804e-04
2.5571901e-01   9.4965816e-04
2.7001700e-01   -7.3015690e-05
2.8454199e-01   8.6069084e-04
2.9927999e-01   -5.0524616e-04
3.1421500e-01   -6.7309279e-04
3.2933101e-01   -3.8509068e-04
3.4461299e-01   -5.1318103e-04
3.6004499e-01   -1.0600012e-03
3.7561101e-01   -9.5157296e-04
3.9129600e-01   -1.7641466e-03
4.0708300e-01   -1.1619325e-03
4.2295700e-01   -1.4638369e-03
4.3890101e-01   -1.3167999e-03
4.5489901e-01   -1.1161189e-03
4.7093499e-01   -6.1342859e-04
4.8699200e-01   -9.6011878e-04
5.0305498e-01   -9.8072703e-04
5.1910698e-01   -2.9647723e-04
5.3513199e-01   -5.6283915e-04
5.5111402e-01   -6.1916927e-04
5.6703597e-01   -4.6717745e-04
5.8288401e-01   2.4152175e-04
5.9864002e-01   7.7131001e-04
6.1429000e-01   1.0278296e-03
6.2981701e-01   1.3923263e-03
6.4520597e-01   1.5669452e-03
6.6044199e-01   8.6197606e-04
6.7550898e-01   8.3409605e-04
6.9039297e-01   1.4908266e-03
7.0507699e-01   1.5653769e-03
7.1954900e-01   2.2194386e-03
7.3379302e-01   1.7295909e-03
7.4779499e-01   2.5751013e-03
7.6154202e-01   2.3107599e-03
7.7501899e-01   2.6056187e-03
7.8821403e-01   2.8127562e-03
8.0111301e-01   2.7178291e-03
8.1370401e-01   3.2070281e-03
8.2597297e-01   3.1985568e-03
8.3791000e-01   3.2530928e-03
8.4950101e-01   3.3525028e-03
8.6073500e-01   3.9771269e-03
8.7160099e-01   3.4074567e-03
8.8208801e-01   3.6609168e-03
8.9218402e-01   3.9122249e-03
9.0188003e-01   3.9219963e-03
9.1116500e-01   4.0858448e-03
9.2003101e-01   3.8794987e-03
9.2846799e-01   3.9064260e-03
9.3646699e-01   4.6107736e-03
9.4401902e-01   4.5958161e-03
9.5111603e-01   5.1226960e-03
9.5775098e-01   5.3892788e-03
9.6392000e-01   5.8683171e-03
9.6961600e-01   6.8049673e-03
9.7483599e-01   6.9581410e-03
9.7957498e-01   7.2932425e-03
9.8383099e-01   7.8857988e-03
9.8759800e-01   8.4228367e-03
9.9087399e-01   8.6207567e-03
9.9365300e-01   8.8854562e-03
9.9593401e-01   9.1519915e-03
9.9771100e-01   9.4183451e-03
9.9898201e-01   9.4591351e-03
9.9974501e-01   9.6864076e-03
1.0000000e+00   9.6985474e-03
