1.0000000e+00   1.6642719e-03
9.9974501e-01   2.1432654e-03
9.9898201e-01   2.1129528e-03
9.9771100e-01   2.6249662e-03
9.9593300e-01   3.2006255e-03
9.9365300e-01   3.2767027e-03
9.9087399e-01   3.9197919e-03
9.8759800e-01   4.9813902e-03
9.8382998e-01   5.9152683e-03
9.7957498e-01   6.7776670e-03
9.7483599e-01   7.5664814e-03
9.6961600e-01   9.0499325e-03
9.6392000e-01   1.0215171e-02
9.5775098e-01   1.1830472e-02
9.5111603e-01   1.3415102e-02
9.4401902e-01   1.5434767e-02
9.3646699e-01   1.6811009e-02
9.2846799e-01   1.8280735e-02
9.2003101e-01   2.0205628e-02
9.1116500e-01   2.2347981e-02
9.0187901e-01   2.4830637e-02
8.9218301e-01   2.6328409e-02
8.8208699e-01   2.8607208e-02
8.7160099e-01   3.1003885e-02
8.6073500e-01   3.3238780e-02
8.4950101e-01   3.5420351e-02
8.3791000e-01   3.8195360e-02
8.2597399e-01   4.1051924e-02
8.1370401e-01   4.3340635e-02
8.0111301e-01   4.5708604e-02
7.8821403e-01   4.8538137e-02
7.7501899e-01   5.1021568e-02
7.6154101e-01   5.3799529e-02
7.4779499e-01   5.6970805e-02
7.3379201e-01   5.9532698e-02
7.1954799e-01   6.2243111e-02
7.0507699e-01   6.4890333e-02
6.9039202e-01   6.7595258e-02
6.7550898e-01   7.0967667e-02
6.6044199e-01   7.3790953e-02
6.4520597e-01   7.7266596e-02
6.2981701e-01   7.9321057e-02
6.1429000e-01   8.2982309e-02
5.9864002e-01   8.5572287e-02
5.8288401e-01   8.8202104e-02
5.6703597e-01   9.1544375e-02
5.5111301e-01   9.4144255e-02
5.3513098e-01   9.6830457e-02
5.1910597e-01   9.9001296e-02
5.0305402e-01   1.0123815e-01
4.8699099e-01   1.0348511e-01
4.7093400e-01   1.0552455e-01
4.5489800e-01   1.0751969e-01
4.3889999e-01   1.0991009e-01
4.2295599e-01   1.1125650e-01
4.0708300e-01   1.1362338e-01
3.9129499e-01   1.1500782e-01
3.7560999e-01   1.1561161e-01
3.6004400e-01   1.1727252e-01
3.4461200e-01   1.1827941e-01
3.2933000e-01   1.1916313e-01
3.1421301e-01   1.1960790e-01
2.9927900e-01   1.1988070e-01
2.8454101e-01   1.2081352e-01
2.7001500e-01   1.2086003e-01
2.5571701e-01   1.1992070e-01
2.4166100e-01   1.2007347e-01
2.2786200e-01   1.1847982e-01
2.1433599e-01   1.1820261e-01
2.0109500e-01   1.1763478e-01
1.8815500e-01   1.1557607e-01
1.7553000e-01   1.1415607e-01
1.6323400e-01   1.1223141e-01
1.5128000e-01   1.1089996e-01
1.3968100e-01   1.0809407e-01
1.2845200e-01   1.0586996e-01
1.1760600e-01   1.0278557e-01
1.0715500e-01   9.9535823e-02
9.7112998e-02   9.5931672e-02
8.7493002e-02   9.2637561e-02
7.8305997e-02   8.8565357e-02
6.9565997e-02   8.4625781e-02
6.1285000e-02   8.0044739e-02
5.3474002e-02   7.5768724e-02
4.6149999e-02   7.0830323e-02
3.9326001e-02   6.5873623e-02
3.3013999e-02   6.0469244e-02
2.7230000e-02   5.5327475e-02
2.1980001e-02   4.9776681e-02
1.7277000e-02   4.4199575e-02
1.3141000e-02   3.8223870e-02
9.5729996e-03   3.2305192e-02
6.5830001e-03   2.6605723e-02
4.1880002e-03   2.0819150e-02
2.3540000e-03   1.5330220e-02
1.0810000e-03   9.9213328e-03
3.7100000e-04   5.4470077e-03
7.6999997e-05   2.3115422e-03
4.9999999e-06   -3.1782314e-05
0.0000000e+00   -9.4200886e-04
4.9999999e-06   -1.6496092e-03
7.6999997e-05   -3.7295152e-03
3.7100000e-04   -7.0283636e-03
1.0810000e-03   -1.0979361e-02
2.3530000e-03   -1.5163576e-02
4.1880002e-03   -1.9103592e-02
6.5850001e-03   -2.3305681e-02
9.5760003e-03   -2.7013438e-02
1.3145000e-02   -3.0192237e-02
1.7281000e-02   -3.3894345e-02
2.1983000e-02   -3.6302850e-02
2.7232001e-02   -3.9313827e-02
3.3016000e-02   -4.1316200e-02
3.9328001e-02   -4.3312855e-02
4.6151999e-02   -4.5786694e-02
5.3475998e-02   -4.7708280e-02
6.1287001e-02   -4.9196597e-02
6.9568001e-02   -5.0201632e-02
7.8308001e-02   -5.1856533e-02
8.7494999e-02   -5.2640270e-02
9.7115003e-02   -5.3495485e-02
1.0715700e-01   -5.3660892e-02
1.1760800e-01   -5.5202227e-02
1.2845400e-01   -5.5089325e-02
1.3968299e-01   -5.5451661e-02
1.5128200e-01   -5.5865481e-02
1.6323499e-01   -5.4992355e-02
1.7553200e-01   -5.5103850e-02
1.8815701e-01   -5.4672815e-02
2.0109700e-01   -5.5030417e-02
2.1433701e-01   -5.4252796e-02
2.2786400e-01   -5.3807624e-02
2.4166299e-01   -5.3398516e-02
2.5571901e-01   -5.2878141e-02
2.7001700e-01   -5.2630104e-02
2.8454199e-01   -5.1025685e-02
2.9927999e-01   -5.0611120e-02
3.1421500e-01   -5.0492257e-02
3.2933101e-01   -4.9002957e-02
3.4461299e-01   -4.7929697e-02
3.6004499e-01   -4.7851410e-02
3.7561101e-01   -4.6435263e-02
3.9129600e-01   -4.5407973e-02
4.0708300e-01   -4.4809178e-02
4.2295700e-01   -4.4225127e-02
4.3890101e-01   -4.2603839e-02
4.5489901e-01   -4.1671634e-02
4.7093499e-01   -4.0011510e-02
4.8699200e-01   -3.9778724e-02
5.0305498e-01   -3.8120370e-02
5.1910698e-01   -3.6626041e-02
5.3513199e-01   -3.5677876e-02
5.5111402e-01   -3.4400176e-02
5.6703597e-01   -3.3122052e-02
5.8288401e-01   -3.2411225e-02
5.9864002e-01   -3.0218164e-02
6.1429000e-01   -2.9179666e-02
6.2981701e-01   -2.7597127e-02
6.4520597e-01   -2.6637439e-02
6.6044199e-01   -2.4870377e-02
6.7550898e-01   -2.3977755e-02
6.9039297e-01   -2.2533339e-02
7.0507699e-01   -2.1097755e-02
7.1954900e-01   -2.0400641e-02
7.3379302e-01   -1.8767368e-02
7.4779499e-01   -1.7708564e-02
7.6154202e-01   -1.6234968e-02
7.7501899e-01   -1.5163599e-02
7.8821403e-01   -1.4182639e-02
8.0111301e-01   -1.2842370e-02
8.1370401e-01   -1.1850871e-02
8.2597297e-01   -1.1900122e-02
8.3791000e-01   -1.0390756e-02
8.4950101e-01   -9.4820308e-03
8.6073500e-01   -9.1414042e-03
8.7160099e-01   -7.5708074e-03
8.8208801e-01   -6.7708949e-03
8.9218402e-01   -7.0420196e-03
9.0188003e-01   -6.5224180e-03
9.1116500e-01   -5.7651200e-03
9.2003101e-01   -5.4680067e-03
9.2846799e-01   -5.3435839e-03
9.3646699e-01   -5.1112408e-03
9.4401902e-01   -4.7067408e-03
9.5111603e-01   -4.1713761e-03
9.5775098e-01   -3.6852520e-03
9.6392000e-01   -3.3505147e-03
9.6961600e-01   -3.1154933e-03
9.7483599e-01   -2.8418130e-03
9.7957498e-01   -2.8029012e-03
9.8383099e-01   -2.4643897e-03
9.8759800e-01   -2.6444329e-03
9.9087399e-01   -2.2549191e-03
9.9365300e-01   -2.1875284e-03
9.9593401e-01   -1.9908114e-03
9.9771100e-01   -1.9995028e-03
9.9898201e-01   -1.7880248e-03
9.9974501e-01   -1.9596471e-03
1.0000000e+00   -1.8395162e-03
