1.0000000e+00   6.2326476e-04
9.9974501e-01   6.6577236e-04
9.9898201e-01   1.4607547e-03
9.9771100e-01   2.0808470e-03
9.9593300e-01   3.4213690e-03
9.9365300e-01   4.9253940e-03
9.9087399e-01   6.5254513e-03
9.8759800e-01   8.7799765e-03
9.8382998e-01   1.1134749e-02
9.7957498e-01   1.4065407e-02
9.7483599e-01   1.6939562e-02
9.6961600e-01   2.0371713e-02
9.6392000e-01   2.4321411e-02
9.5775098e-01   2.8069757e-02
9.5111603e-01   3.2080505e-02
9.4401902e-01   3.6423784e-02
9.3646699e-01   4.1072860e-02
9.2846799e-01   4.5380373e-02
9.2003101e-01   5.0583504e-02
9.1116500e-01   5.5381697e-02
9.0187901e-01   6.0374692e-02
8.9218301e-01   6.6055022e-02
8.8208699e-01   7.1401209e-02
8.7160099e-01   7.7598467e-02
8.6073500e-01   8.3444186e-02
8.4950101e-01   8.8857956e-02
8.3791000e-01   9.5610783e-02
8.2597399e-01   1.0160691e-01
8.1370401e-01   1.0777117e-01
8.0111301e-01   1.1384277e-01
7.8821403e-01   1.2057028e-01
7.7501899e-01   1.2702550e-01
7.6154101e-01   1.3320510e-01
7.4779499e-01   1.3904151e-01
7.3379201e-01   1.4502487e-01
7.1954799e-01   1.5139686e-01
7.0507699e-01   1.5681343e-01
6.9039202e-01   1.6245949e-01
6.7550898e-01   1.6789617e-01
6.6044199e-01   1.7287976e-01
6.4520597e-01   1.7827491e-01
6.2981701e-01   1.8255220e-01
6.1429000e-01   1.8692219e-01
5.9864002e-01   1.9119255e-01
5.8288401e-01   1.9509581e-01
5.6703597e-01   1.9871627e-01
5.5111301e-01   2.0177604e-01
5.3513098e-01   2.0468487e-01
5.1910597e-01   2.0736587e-01
5.0305402e-01   2.0980085e-01
4.8699099e-01   2.1167418e-01
4.7093400e-01   2.1347161e-01
4.5489800e-01   2.1478975e-01
4.3889999e-01   2.1617916e-01
4.2295599e-01   2.1639052e-01
4.0708300e-01   2.1695153e-01
3.9129499e-01   2.1674731e-01
3.7560999e-01   2.1606983e-01
3.6004400e-01   2.1565227e-01
3.4461200e-01   2.1528004e-01
3.2933000e-01   2.1351200e-01
3.1421301e-01   2.1153536e-01
2.9927900e-01   2.0983268e-01
2.8454101e-01   2.0735471e-01
2.7001500e-01   2.0493217e-01
2.5571701e-01   2.0096025e-01
2.4166100e-01   1.9792131e-01
2.2786200e-01   1.9445717e-01
2.1433599e-01   1.9038028e-01
2.0109500e-01   1.8606091e-01
1.8815500e-01   1.8183418e-01
1.7553000e-01   1.7700829e-01
1.6323400e-01   1.7140317e-01
1.5128000e-01   1.6621356e-01
1.3968100e-01   1.6063522e-01
1.2845200e-01   1.5457393e-01
1.1760600e-01   1.4822668e-01
1.0715500e-01   1.4194371e-01
9.7112998e-02   1.3521475e-01
8.7493002e-02   1.2835664e-01
7.8305997e-02   1.2087704e-01
6.9565997e-02   1.1380155e-01
6.1285000e-02   1.0628682e-01
5.3474002e-02   9.8741636e-02
4.6149999e-02   9.1391698e-02
3.9326001e-02   8.3438061e-02
3.3013999e-02   7.5551167e-02
2.7230000e-02   6.7761585e-02
2.1980001e-02   6.0040385e-02
1.7277000e-02   5.2259240e-02
1.3141000e-02   4.4729561e-02
9.5729996e-03   3.6996916e-02
6.5830001e-03   2.9747546e-02
4.1880002e-03   2.2879705e-02
2.3540000e-03   1.6454989e-02
1.0810000e-03   1.0662938e-02
3.7100000e-04   5.9058373e-03
7.6999997e-05   2.2897776e-03
4.9999999e-06   1.1700549e-04
0.0000000e+00   -6.3126761e-04
4.9999999e-06   -1.3928567e-03
7.6999997e-05   -3.6190846e-03
3.7100000e-04   -6.9318865e-03
1.0810000e-03   -1.0985492e-02
2.3530000e-03   -1.5621995e-02
4.1880002e-03   -2.0285111e-02
6.5850001e-03   -2.4964191e-02
9.5760003e-03   -2.9029205e-02
1.3145000e-02   -3.3022963e-02
1.7281000e-02   -3.6869187e-02
2.1983000e-02   -4.0223878e-02
2.7232001e-02   -4.3397605e-02
3.3016000e-02   -4.6593376e-02
3.9328001e-02   -4.9219154e-02
4.6151999e-02   -5.2187946e-02
5.3475998e-02   -5.4503296e-02
6.1287001e-02   -5.6741439e-02
6.9568001e-02   -5.8922492e-02
7.8308001e-02   -6.1076410e-02
8.7494999e-02   -6.2509932e-02
9.7115003e-02   -6.3599370e-02
1.0715700e-01   -6.5395370e-02
1.1760800e-01   -6.6276528e-02
1.2845400e-01   -6.7032091e-02
1.3968299e-01   -6.8299361e-02
1.5128200e-01   -6.8670191e-02
1.6323499e-01   -6.9230862e-02
1.7553200e-01   -6.8987191e-02
1.8815701e-01   -6.9593176e-02
2.0109700e-01   -7.0021257e-02
2.1433701e-01   -6.9217309e-02
2.2786400e-01   -6.9243573e-02
2.4166299e-01   -6.8609193e-02
2.5571901e-01   -6.8106301e-02
2.7001700e-01   -6.7328364e-02
2.8454199e-01   -6.6386811e-02
2.9927999e-01   -6.6022247e-02
3.1421500e-01   -6.4797655e-02
3.2933101e-01   -6.3418038e-02
3.4461299e-01   -6.2493622e-02
3.6004499e-01   -6.0897373e-02
3.7561101e-01   -5.9422575e-02
3.9129600e-01   -5.7884172e-02
4.0708300e-01   -5.6782782e-02
4.2295700e-01   -5.4638159e-02
4.3890101e-01   -5.2803051e-02
4.5489901e-01   -5.1284663e-02
4.7093499e-01   -4.9133569e-02
4.8699200e-01   -4.7432560e-02
5.0305498e-01   -4.5430876e-02
5.1910698e-01   -4.3289248e-02
5.3513199e-01   -4.0907174e-02
5.5111402e-01   -3.8628895e-02
5.6703597e-01   -3.6729410e-02
5.8288401e-01   -3.4247689e-02
5.9864002e-01   -3.1827394e-02
6.1429000e-01   -2.9934220e-02
6.2981701e-01   -2.7578687e-02
6.4520597e-01   -2.5521636e-02
6.6044199e-01   -2.3157690e-02
6.7550898e-01   -2.1361042e-02
6.9039297e-01   -1.8899644e-02
7.0507699e-01   -1.7218780e-02
7.1954900e-01   -1.5214198e-02
7.3379302e-01   -1.3505137e-02
7.4779499e-01   -1.1566900e-02
7.6154202e-01   -9.9025220e-03
7.7501899e-01   -8.6181378e-03
7.8821403e-01   -6.3634645e-03
8.0111301e-01   -5.1756599e-03
8.1370401e-01   -4.0489417e-03
8.2597297e-01   -2.9496558e-03
8.3791000e-01   -1.6324022e-03
8.4950101e-01   -1.1290736e-03
8.6073500e-01   -8.3627179e-05
8.7160099e-01   6.0519011e-04
8.8208801e-01   1.0064585e-03
8.9218402e-01   1.0887417e-03
9.0188003e-01   1.2946588e-03
9.1116500e-01   1.9542316e-03
9.2003101e-01   1.9387429e-03
9.2846799e-01   1.5867451e-03
9.3646699e-01   1.7273120e-03
9.4401902e-01   1.3106952e-03
9.5111603e-01   1.3051017e-03
9.5775098e-01   1.1454241e-03
9.6392000e-01   7.8262837e-04
9.6961600e-01   7.4773992e-04
9.7483599e-01   4.0084679e-04
9.7957498e-01   5.7371566e-05
9.8383099e-01   -1.5870284e-04
9.8759800e-01   -3.4781569e-04
9.9087399e-01   -4.4729756e-04
9.9365300e-01   -7.3995942e-04
9.9593401e-01   -9.3915238e-04
9.9771100e-01   -9.3467819e-04
9.9898201e-01   -1.2297410e-03
9.9974501e-01   -1.2961039e-03
1.0000000e+00   -1.3888367e-03
