1.0000000e+00   5.8067340e-06
9.9974501e-01   5.0573895e-04
9.9898201e-01   1.9357564e-03
9.9771100e-01   3.9842133e-03
9.9593300e-01   6.0310378e-03
9.9365300e-01   8.5275471e-03
9.9087399e-01   1.1465859e-02
9.8759800e-01   1.4511878e-02
9.8382998e-01   1.8244136e-02
9.7957498e-01   2.2291025e-02
9.7483599e-01   2.7159024e-02
9.6961600e-01   3.1911664e-02
9.6392000e-01   3.7079588e-02
9.5775098e-01   4.2510688e-02
9.5111603e-01   4.8236474e-02
9.4401902e-01   5.4242041e-02
9.3646699e-01   6.0278594e-02
9.2846799e-01   6.6590801e-02
9.2003101e-01   7.3317565e-02
9.1116500e-01   8.0160618e-02
9.0187901e-01   8.7441571e-02
8.9218301e-01   9.4514005e-02
8.8208699e-01   1.0185438e-01
8.7160099e-01   1.0948330e-01
8.6073500e-01   1.1737587e-01
8.4950101e-01   1.2525997e-01
8.3791000e-01   1.3367257e-01
8.2597399e-01   1.4196749e-01
8.1370401e-01   1.5034351e-01
8.0111301e-01   1.5865621e-01
7.8821403e-01   1.6686210e-01
7.7501899e-01   1.7503113e-01
7.6154101e-01   1.8290055e-01
7.4779499e-01   1.9095986e-01
7.3379201e-01   1.9891536e-01
7.1954799e-01   2.0694886e-01
7.0507699e-01   2.1477343e-01
6.9039202e-01   2.2236080e-01
6.7550898e-01   2.3035716e-01
6.6044199e-01   2.3835890e-01
6.4520597e-01   2.4622151e-01
6.2981701e-01   2.5369832e-01
6.1429000e-01   2.6091900e-01
5.9864002e-01   2.6791766e-01
5.8288401e-01   2.7478462e-01
5.6703597e-01   2.8081977e-01
5.5111301e-01   2.8667563e-01
5.3513098e-01   2.9194170e-01
5.1910597e-01   2.9757589e-01
5.0305402e-01   3.0220124e-01
4.8699099e-01   3.0709371e-01
4.7093400e-01   3.1115970e-01
4.5489800e-01   3.1496945e-01
4.3889999e-01   3.1858820e-01
4.2295599e-01   3.2093894e-01
4.0708300e-01   3.2354203e-01
3.9129499e-01   3.2512194e-01
3.7560999e-01   3.2635760e-01
3.6004400e-01   3.2721934e-01
3.4461200e-01   3.2746211e-01
3.2933000e-01   3.2713071e-01
3.1421301e-01   3.2615566e-01
2.9927900e-01   3.2449880e-01
2.8454101e-01   3.2236370e-01
2.7001500e-01   3.1977570e-01
2.5571701e-01   3.1651986e-01
2.4166100e-01   3.1243384e-01
2.2786200e-01   3.0784997e-01
2.1433599e-01   3.0273750e-01
2.0109500e-01   2.9669496e-01
1.8815500e-01   2.8949305e-01
1.7553000e-01   2.8190073e-01
1.6323400e-01   2.7367312e-01
1.5128000e-01   2.6477084e-01
1.3968100e-01   2.5566253e-01
1.2845200e-01   2.4605994e-01
1.1760600e-01   2.3562628e-01
1.0715500e-01   2.2451460e-01
9.7112998e-02   2.1349055e-01
8.7493002e-02   2.0180927e-01
7.8305997e-02   1.8961118e-01
6.9565997e-02   1.7732705e-01
6.1285000e-02   1.6502053e-01
5.3474002e-02   1.5210843e-01
4.6149999e-02   1.3930969e-01
3.9326001e-02   1.2649731e-01
3.3013999e-02   1.1341749e-01
2.7230000e-02   1.0067282e-01
2.1980001e-02   8.8187359e-02
1.7277000e-02   7.6103866e-02
1.3141000e-02   6.4051077e-02
9.5729996e-03   5.2439585e-02
6.5830001e-03   4.1345201e-02
4.1880002e-03   3.1311661e-02
2.3540000e-03   2.2275984e-02
1.0810000e-03   1.4692424e-02
3.7100000e-04   8.4810322e-03
7.6999997e-05   3.9207251e-03
4.9999999e-06   9.7852037e-04
0.0000000e+00   3.6975696e-05
4.9999999e-06   -8.7019830e-04
7.6999997e-05   -3.7101612e-03
3.7100000e-04   -7.4833017e-03
1.0810000e-03   -1.2091190e-02
2.3530000e-03   -1.6550697e-02
4.1880002e-03   -2.0449104e-02
6.5850001e-03   -2.3175867e-02
9.5760003e-03   -2.4495488e-02
1.3145000e-02   -2.4316594e-02
1.7281000e-02   -2.2359375e-02
2.1983000e-02   -1.9544007e-02
2.7232001e-02   -1.6446717e-02
3.3016000e-02   -1.2664051e-02
3.9328001e-02   -8.4972121e-03
4.6151999e-02   -3.5398602e-03
5.3475998e-02   1.7283988e-03
6.1287001e-02   7.6026865e-03
6.9568001e-02   1.3762983e-02
7.8308001e-02   2.0147979e-02
8.7494999e-02   2.7312078e-02
9.7115003e-02   3.4468655e-02
1.0715700e-01   4.1557014e-02
1.1760800e-01   4.8803739e-02
1.2845400e-01   5.5880871e-02
1.3968299e-01   6.2941365e-02
1.5128200e-01   7.0599817e-02
1.6323499e-01   7.8263827e-02
1.7553200e-01   8.5745566e-02
1.8815701e-01   9.2896432e-02
2.0109700e-01   9.9464066e-02
2.1433701e-01   1.0635557e-01
2.2786400e-01   1.1248173e-01
2.4166299e-01   1.1808024e-01
2.5571901e-01   1.2352963e-01
2.7001700e-01   1.2834634e-01
2.8454199e-01   1.3326626e-01
2.9927999e-01   1.3763912e-01
3.1421500e-01   1.4155781e-01
3.2933101e-01   1.4495395e-01
3.4461299e-01   1.4798197e-01
3.6004499e-01   1.5060994e-01
3.7561101e-01   1.5305054e-01
3.9129600e-01   1.5475480e-01
4.0708300e-01   1.5583581e-01
4.2295700e-01   1.5668093e-01
4.3890101e-01   1.5677957e-01
4.5489901e-01   1.5667842e-01
4.7093499e-01   1.5618789e-01
4.8699200e-01   1.5513554e-01
5.0305498e-01   1.5391125e-01
5.1910698e-01   1.5212344e-01
5.3513199e-01   1.4951302e-01
5.5111402e-01   1.4766195e-01
5.6703597e-01   1.4486898e-01
5.8288401e-01   1.4254932e-01
5.9864002e-01   1.3922437e-01
6.1429000e-01   1.3602747e-01
6.2981701e-01   1.3223611e-01
6.4520597e-01   1.2889111e-01
6.6044199e-01   1.2438601e-01
6.7550898e-01   1.2027623e-01
6.9039297e-01   1.1570292e-01
7.0507699e-01   1.1131409e-01
7.1954900e-01   1.0648147e-01
7.3379302e-01   1.0187672e-01
7.4779499e-01   9.7220317e-02
7.6154202e-01   9.2182614e-02
7.7501899e-01   8.6974911e-02
7.8821403e-01   8.1593886e-02
8.0111301e-01   7.6845311e-02
8.1370401e-01   7.1978711e-02
8.2597297e-01   6.6946343e-02
8.3791000e-01   6.2484205e-02
8.4950101e-01   5.7970181e-02
8.6073500e-01   5.3452920e-02
8.7160099e-01   4.8531294e-02
8.8208801e-01   4.4105291e-02
8.9218402e-01   3.9937284e-02
9.0188003e-01   3.5402019e-02
9.1116500e-01   3.1260211e-02
9.2003101e-01   2.7563436e-02
9.2846799e-01   2.4189919e-02
9.3646699e-01   2.1350868e-02
9.4401902e-01   1.8410766e-02
9.5111603e-01   1.5727881e-02
9.5775098e-01   1.3390406e-02
9.6392000e-01   1.1318499e-02
9.6961600e-01   9.1494340e-03
9.7483599e-01   7.3519093e-03
9.7957498e-01   5.5477405e-03
9.8383099e-01   4.0783891e-03
9.8759800e-01   2.9606014e-03
9.9087399e-01   2.0704723e-03
9.9365300e-01   1.3697033e-03
9.9593401e-01   7.4672035e-04
9.9771100e-01   4.6030214e-04
9.9898201e-01   3.1936340e-04
9.9974501e-01   2.4492227e-05
1.0000000e+00   4.0409963e-05
