1.0000000e+00   -6.3615694e-06
9.9974501e-01   2.5206030e-04
9.9898201e-01   9.5345097e-04
9.9771100e-01   1.9529290e-03
9.9593300e-01   3.3135752e-03
9.9365300e-01   5.1488345e-03
9.9087399e-01   7.5224936e-03
9.8759800e-01   1.0357205e-02
9.8382998e-01   1.3674783e-02
9.7957498e-01   1.7310157e-02
9.7483599e-01   2.1415334e-02
9.6961600e-01   2.5676208e-02
9.6392000e-01   3.0312404e-02
9.5775098e-01   3.5051771e-02
9.5111603e-01   4.0116150e-02
9.4401902e-01   4.5395486e-02
9.3646699e-01   5.1198576e-02
9.2846799e-01   5.7364792e-02
9.2003101e-01   6.3747182e-02
9.1116500e-01   7.0429459e-02
9.0187901e-01   7.7747256e-02
8.9218301e-01   8.5249312e-02
8.8208699e-01   9.3068488e-02
8.7160099e-01   1.0139291e-01
8.6073500e-01   1.1001641e-01
8.4950101e-01   1.1880223e-01
8.3791000e-01   1.2805404e-01
8.2597399e-01   1.3739865e-01
8.1370401e-01   1.4736387e-01
8.0111301e-01   1.5723181e-01
7.8821403e-01   1.6726977e-01
7.7501899e-01   1.7750597e-01
7.6154101e-01   1.8794456e-01
7.4779499e-01   1.9859666e-01
7.3379201e-01   2.0904118e-01
7.1954799e-01   2.1964562e-01
7.0507699e-01   2.3012961e-01
6.9039202e-01   2.4060139e-01
6.7550898e-01   2.5128880e-01
6.6044199e-01   2.6167408e-01
6.4520597e-01   2.7165881e-01
6.2981701e-01   2.8149217e-01
6.1429000e-01   2.9085249e-01
5.9864002e-01   2.9975271e-01
5.8288401e-01   3.0828679e-01
5.6703597e-01   3.1616062e-01
5.5111301e-01   3.2363796e-01
5.3513098e-01   3.3067283e-01
5.1910597e-01   3.3738473e-01
5.0305402e-01   3.4319088e-01
4.8699099e-01   3.4868529e-01
4.7093400e-01   3.5336214e-01
4.5489800e-01   3.5757148e-01
4.3889999e-01   3.6096579e-01
4.2295599e-01   3.6351267e-01
4.0708300e-01   3.6531702e-01
3.9129499e-01   3.6637616e-01
3.7560999e-01   3.6700952e-01
3.6004400e-01   3.6677670e-01
3.4461200e-01   3.6603132e-01
3.2933000e-01   3.6444065e-01
3.1421301e-01   3.6193702e-01
2.9927900e-01   3.5895723e-01
2.8454101e-01   3.5547847e-01
2.7001500e-01   3.5098127e-01
2.5571701e-01   3.4607255e-01
2.4166100e-01   3.4056666e-01
2.2786200e-01   3.3466366e-01
2.1433599e-01   3.2792565e-01
2.0109500e-01   3.2029492e-01
1.8815500e-01   3.1242129e-01
1.7553000e-01   3.0370781e-01
1.6323400e-01   2.9470247e-01
1.5128000e-01   2.8480008e-01
1.3968100e-01   2.7473736e-01
1.2845200e-01   2.6420635e-01
1.1760600e-01   2.5333628e-01
1.0715500e-01   2.4163377e-01
9.7112998e-02   2.3020473e-01
8.7493002e-02   2.1778736e-01
7.8305997e-02   2.0521224e-01
6.9565997e-02   1.9210769e-01
6.1285000e-02   1.7885253e-01
5.3474002e-02   1.6541839e-01
4.6149999e-02   1.5183172e-01
3.9326001e-02   1.3799843e-01
3.3013999e-02   1.2424967e-01
2.7230000e-02   1.1059710e-01
2.1980001e-02   9.7049855e-02
1.7277000e-02   8.3758801e-02
1.3141000e-02   7.0687547e-02
9.5729996e-03   5.7901394e-02
6.5830001e-03   4.5697283e-02
4.1880002e-03   3.4449808e-02
2.3540000e-03   2.4387769e-02
1.0810000e-03   1.5853634e-02
3.7100000e-04   8.8199293e-03
7.6999997e-05   3.9573880e-03
4.9999999e-06   9.8078116e-04
0.0000000e+00   1.5944493e-05
4.9999999e-06   -9.3896786e-04
7.6999997e-05   -3.8788239e-03
3.7100000e-04   -8.5127968e-03
1.0810000e-03   -1.4830663e-02
2.3530000e-03   -2.2403153e-02
4.1880002e-03   -3.0885492e-02
6.5850001e-03   -3.9443873e-02
9.5760003e-03   -4.8156831e-02
1.3145000e-02   -5.6687586e-02
1.7281000e-02   -6.5237470e-02
2.1983000e-02   -7.3545165e-02
2.7232001e-02   -8.1589296e-02
3.3016000e-02   -8.9188777e-02
3.9328001e-02   -9.6634910e-02
4.6151999e-02   -1.0404453e-01
5.3475998e-02   -1.1117902e-01
6.1287001e-02   -1.1801239e-01
6.9568001e-02   -1.2485692e-01
7.8308001e-02   -1.3140032e-01
8.7494999e-02   -1.3789925e-01
9.7115003e-02   -1.4389682e-01
1.0715700e-01   -1.4996742e-01
1.1760800e-01   -1.5575472e-01
1.2845400e-01   -1.6147849e-01
1.3968299e-01   -1.6665232e-01
1.5128200e-01   -1.7157167e-01
1.6323499e-01   -1.7639449e-01
1.7553200e-01   -1.8093307e-01
1.8815701e-01   -1.8523331e-01
2.0109700e-01   -1.8907604e-01
2.1433701e-01   -1.9247898e-01
2.2786400e-01   -1.9631794e-01
2.4166299e-01   -1.9948557e-01
2.5571901e-01   -2.0205769e-01
2.7001700e-01   -2.0475574e-01
2.8454199e-01   -2.0653990e-01
2.9927999e-01   -2.0828536e-01
3.1421500e-01   -2.0980729e-01
3.2933101e-01   -2.1138065e-01
3.4461299e-01   -2.1227688e-01
3.6004499e-01   -2.1273504e-01
3.7561101e-01   -2.1267942e-01
3.9129600e-01   -2.1226113e-01
4.0708300e-01   -2.1170394e-01
4.2295700e-01   -2.1034795e-01
4.3890101e-01   -2.0890135e-01
4.5489901e-01   -2.0678967e-01
4.7093499e-01   -2.0435986e-01
4.8699200e-01   -2.0147887e-01
5.0305498e-01   -1.9802386e-01
5.1910698e-01   -1.9402650e-01
5.3513199e-01   -1.8985315e-01
5.5111402e-01   -1.8485001e-01
5.6703597e-01   -1.7974272e-01
5.8288401e-01   -1.7388652e-01
5.9864002e-01   -1.6777343e-01
6.1429000e-01   -1.6115995e-01
6.2981701e-01   -1.5434249e-01
6.4520597e-01   -1.4735799e-01
6.6044199e-01   -1.4026256e-01
6.7550898e-01   -1.3325273e-01
6.9039297e-01   -1.2588145e-01
7.0507699e-01   -1.1868937e-01
7.1954900e-01   -1.1151575e-01
7.3379302e-01   -1.0449151e-01
7.4779499e-01   -9.7401351e-02
7.6154202e-01   -9.0496980e-02
7.7501899e-01   -8.3923116e-02
7.8821403e-01   -7.7426024e-02
8.0111301e-01   -7.0815697e-02
8.1370401e-01   -6.4547211e-02
8.2597297e-01   -5.8627211e-02
8.3791000e-01   -5.2502144e-02
8.4950101e-01   -4.7275063e-02
8.6073500e-01   -4.1979972e-02
8.7160099e-01   -3.7195399e-02
8.8208801e-01   -3.2568436e-02
8.9218402e-01   -2.8278548e-02
9.0188003e-01   -2.4538944e-02
9.1116500e-01   -2.0971378e-02
9.2003101e-01   -1.7692434e-02
9.2846799e-01   -1.4714313e-02
9.3646699e-01   -1.2139576e-02
9.4401902e-01   -9.9278577e-03
9.5111603e-01   -8.0889640e-03
9.5775098e-01   -6.7408583e-03
9.6392000e-01   -5.3287698e-03
9.6961600e-01   -4.3693767e-03
9.7483599e-01   -3.3416648e-03
9.7957498e-01   -2.4947932e-03
9.8383099e-01   -1.8249088e-03
9.8759800e-01   -1.2404773e-03
9.9087399e-01   -8.7644614e-04
9.9365300e-01   -5.3467386e-04
9.9593401e-01   -3.6695178e-04
9.9771100e-01   -1.6411050e-04
9.9898201e-01   9.2364498e-06
9.9974501e-01   -7.6450022e-05
1.0000000e+00   -2.5552017e-06
