1.0000000e+00   5.7921181e-03
9.9974501e-01   5.9715770e-03
9.9898201e-01   6.4989440e-03
9.9771100e-01   7.2884294e-03
9.9593300e-01   8.2487008e-03
9.9365300e-01   9.4857216e-03
9.9087399e-01   1.1091713e-02
9.8759800e-01   1.3001152e-02
9.8382998e-01   1.5199901e-02
9.7957498e-01   1.7704459e-02
9.7483599e-01   2.0498186e-02
9.6961600e-01   2.3588425e-02
9.6392000e-01   2.7028779e-02
9.5775098e-01   3.0857570e-02
9.5111603e-01   3.5072509e-02
9.4401902e-01   3.9644841e-02
9.3646699e-01   4.4579111e-02
9.2846799e-01   4.9897760e-02
9.2003101e-01   5.5600688e-02
9.1116500e-01   6.1670769e-02
9.0187901e-01   6.8130523e-02
8.9218301e-01   7.4971780e-02
8.8208699e-01   8.2161374e-02
8.7160099e-01   8.9680046e-02
8.6073500e-01   9.7526044e-02
8.4950101e-01   1.0570169e-01
8.3791000e-01   1.1422276e-01
8.2597399e-01   1.2305481e-01
8.1370401e-01   1.3215235e-01
8.0111301e-01   1.4151651e-01
7.8821403e-01   1.5113384e-01
7.7501899e-01   1.6100019e-01
7.6154101e-01   1.7108916e-01
7.4779499e-01   1.8135603e-01
7.3379201e-01   1.9178221e-01
7.1954799e-01   2.0233268e-01
7.0507699e-01   2.1296525e-01
6.9039202e-01   2.2368483e-01
6.7550898e-01   2.3447891e-01
6.6044199e-01   2.4532928e-01
6.4520597e-01   2.5620896e-01
6.2981701e-01   2.6704240e-01
6.1429000e-01   2.7773410e-01
5.9864002e-01   2.8825268e-01
5.8288401e-01   2.9854834e-01
5.6703597e-01   3.0856350e-01
5.5111301e-01   3.1827024e-01
5.3513098e-01   3.2764393e-01
5.1910597e-01   3.3663702e-01
5.0305402e-01   3.4517118e-01
4.8699099e-01   3.5318097e-01
4.7093400e-01   3.6059964e-01
4.5489800e-01   3.6736616e-01
4.3889999e-01   3.7344763e-01
4.2295599e-01   3.7885544e-01
4.0708300e-01   3.8359067e-01
3.9129499e-01   3.8762793e-01
3.7560999e-01   3.9089620e-01
3.6004400e-01   3.9335337e-01
3.4461200e-01   3.9498955e-01
3.2933000e-01   3.9581275e-01
3.1421301e-01   3.9580458e-01
2.9927900e-01   3.9497352e-01
2.8454101e-01   3.9333466e-01
2.7001500e-01   3.9084551e-01
2.5571701e-01   3.8745204e-01
2.4166100e-01   3.8315770e-01
2.2786200e-01   3.7798822e-01
2.1433599e-01   3.7188813e-01
2.0109500e-01   3.6486682e-01
1.8815500e-01   3.5692611e-01
1.7553000e-01   3.4805638e-01
1.6323400e-01   3.3826524e-01
1.5128000e-01   3.2756191e-01
1.3968100e-01   3.1601453e-01
1.2845200e-01   3.0372682e-01
1.1760600e-01   2.9076657e-01
1.0715500e-01   2.7718225e-01
9.7112998e-02   2.6299840e-01
8.7493002e-02   2.4821828e-01
7.8305997e-02   2.3290235e-01
6.9565997e-02   2.1710663e-01
6.1285000e-02   2.0086120e-01
5.3474002e-02   1.8423820e-01
4.6149999e-02   1.6741964e-01
3.9326001e-02   1.5063891e-01
3.3013999e-02   1.3412760e-01
2.7230000e-02   1.1818006e-01
2.1980001e-02   1.0292652e-01
1.7277000e-02   8.7924309e-02
1.3141000e-02   7.3192179e-02
9.5729996e-03   5.9138738e-02
6.5830001e-03   4.6103347e-02
4.1880002e-03   3.4326438e-02
2.3540000e-03   2.4036737e-02
1.0810000e-03   1.5402235e-02
3.7100000e-04   8.5809277e-03
7.6999997e-05   3.6640423e-03
4.9999999e-06   7.0052920e-04
0.0000000e+00   -2.8798846e-04
4.9999999e-06   -1.2454812e-03
7.6999997e-05   -4.1106883e-03
3.7100000e-04   -8.7940320e-03
1.0810000e-03   -1.5069905e-02
2.3530000e-03   -2.2534326e-02
4.1880002e-03   -3.0688390e-02
6.5850001e-03   -3.9196871e-02
9.5760003e-03   -4.8226703e-02
1.3145000e-02   -5.7758894e-02
1.7281000e-02   -6.6325665e-02
2.1983000e-02   -7.3539935e-02
2.7232001e-02   -7.9648122e-02
3.3016000e-02   -8.4894076e-02
3.9328001e-02   -8.9463465e-02
4.6151999e-02   -9.3473554e-02
5.3475998e-02   -9.7036816e-02
6.1287001e-02   -1.0021599e-01
6.9568001e-02   -1.0298137e-01
7.8308001e-02   -1.0534849e-01
8.7494999e-02   -1.0735008e-01
9.7115003e-02   -1.0897773e-01
1.0715700e-01   -1.1025735e-01
1.1760800e-01   -1.1121666e-01
1.2845400e-01   -1.1185127e-01
1.3968299e-01   -1.1216321e-01
1.5128200e-01   -1.1216532e-01
1.6323499e-01   -1.1188298e-01
1.7553200e-01   -1.1133969e-01
1.8815701e-01   -1.1052366e-01
2.0109700e-01   -1.0944017e-01
2.1433701e-01   -1.0812555e-01
2.2786400e-01   -1.0657177e-01
2.4166299e-01   -1.0480519e-01
2.5571901e-01   -1.0285706e-01
2.7001700e-01   -1.0076196e-01
2.8454199e-01   -9.8566525e-02
2.9927999e-01   -9.6306942e-02
3.1421500e-01   -9.4014235e-02
3.2933101e-01   -9.1698989e-02
3.4461299e-01   -8.9380093e-02
3.6004499e-01   -8.7063223e-02
3.7561101e-01   -8.4755287e-02
3.9129600e-01   -8.2458772e-02
4.0708300e-01   -8.0162838e-02
4.2295700e-01   -7.7871703e-02
4.3890101e-01   -7.5603001e-02
4.5489901e-01   -7.3379792e-02
4.7093499e-01   -7.1194895e-02
4.8699200e-01   -6.9049619e-02
5.0305498e-01   -6.6942349e-02
5.1910698e-01   -6.4867906e-02
5.3513199e-01   -6.2826879e-02
5.5111402e-01   -6.0794957e-02
5.6703597e-01   -5.8770832e-02
5.8288401e-01   -5.6792032e-02
5.9864002e-01   -5.4891944e-02
6.1429000e-01   -5.3043071e-02
6.2981701e-01   -5.1229510e-02
6.4520597e-01   -4.9453512e-02
6.6044199e-01   -4.7734048e-02
6.7550898e-01   -4.6045445e-02
6.9039297e-01   -4.4370178e-02
7.0507699e-01   -4.2678386e-02
7.1954900e-01   -4.0964160e-02
7.3379302e-01   -3.9252482e-02
7.4779499e-01   -3.7575621e-02
7.6154202e-01   -3.5919320e-02
7.7501899e-01   -3.4291770e-02
7.8821403e-01   -3.2694940e-02
8.0111301e-01   -3.1140400e-02
8.1370401e-01   -2.9620247e-02
8.2597297e-01   -2.8102415e-02
8.3791000e-01   -2.6589228e-02
8.4950101e-01   -2.5077552e-02
8.6073500e-01   -2.3577513e-02
8.7160099e-01   -2.2104880e-02
8.8208801e-01   -2.0668203e-02
8.9218402e-01   -1.9274874e-02
9.0188003e-01   -1.7929675e-02
9.1116500e-01   -1.6636675e-02
9.2003101e-01   -1.5371019e-02
9.2846799e-01   -1.4107767e-02
9.3646699e-01   -1.2845396e-02
9.4401902e-01   -1.1602392e-02
9.5111603e-01   -1.0387863e-02
9.5775098e-01   -9.1900965e-03
9.6392000e-01   -7.9846941e-03
9.6961600e-01   -6.7370031e-03
9.7483599e-01   -5.4489020e-03
9.7957498e-01   -4.2067240e-03
9.8383099e-01   -3.0728667e-03
9.8759800e-01   -2.0029135e-03
9.9087399e-01   -9.9992158e-04
9.9365300e-01   -1.6119517e-04
9.9593401e-01   4.2416059e-04
9.9771100e-01   8.4966864e-04
9.9898201e-01   1.2186015e-03
9.9974501e-01   1.4766649e-03
1.0000000e+00   1.5640470e-03
