1.0000000e+00   2.9036368e-03
9.9974501e-01   2.8718684e-03
9.9898201e-01   3.5327929e-03
9.9771100e-01   4.6138614e-03
9.9593300e-01   5.7304632e-03
9.9365300e-01   7.2336150e-03
9.9087399e-01   9.3564223e-03
9.8759800e-01   1.1571971e-02
9.8382998e-01   1.4081188e-02
9.7957498e-01   1.7197061e-02
9.7483599e-01   2.0471901e-02
9.6961600e-01   2.4283981e-02
9.6392000e-01   2.8220627e-02
9.5775098e-01   3.2131016e-02
9.5111603e-01   3.6966659e-02
9.4401902e-01   4.1674033e-02
9.3646699e-01   4.6725817e-02
9.2846799e-01   5.1821329e-02
9.2003101e-01   5.7579041e-02
9.1116500e-01   6.3288040e-02
9.0187901e-01   6.9324531e-02
8.9218301e-01   7.5569093e-02
8.8208699e-01   8.2045741e-02
8.7160099e-01   8.9098468e-02
8.6073500e-01   9.6069209e-02
8.4950101e-01   1.0270881e-01
8.3791000e-01   1.1037538e-01
8.2597399e-01   1.1799551e-01
8.1370401e-01   1.2589552e-01
8.0111301e-01   1.3362123e-01
7.8821403e-01   1.4175053e-01
7.7501899e-01   1.4990745e-01
7.6154101e-01   1.5845081e-01
7.4779499e-01   1.6660789e-01
7.3379201e-01   1.7483757e-01
7.1954799e-01   1.8337587e-01
7.0507699e-01   1.9159897e-01
6.9039202e-01   1.9995539e-01
6.7550898e-01   2.0805383e-01
6.6044199e-01   2.1601200e-01
6.4520597e-01   2.2402841e-01
6.2981701e-01   2.3166569e-01
6.1429000e-01   2.3911054e-01
5.9864002e-01   2.4651997e-01
5.8288401e-01   2.5364986e-01
5.6703597e-01   2.6014689e-01
5.5111301e-01   2.6666239e-01
5.3513098e-01   2.7277911e-01
5.1910597e-01   2.7854326e-01
5.0305402e-01   2.8331798e-01
4.8699099e-01   2.8827778e-01
4.7093400e-01   2.9215017e-01
4.5489800e-01   2.9618347e-01
4.3889999e-01   2.9970425e-01
4.2295599e-01   3.0217433e-01
4.0708300e-01   3.0444694e-01
3.9129499e-01   3.0576214e-01
3.7560999e-01   3.0673137e-01
3.6004400e-01   3.0747461e-01
3.4461200e-01   3.0742759e-01
3.2933000e-01   3.0674809e-01
3.1421301e-01   3.0513075e-01
2.9927900e-01   3.0355096e-01
2.8454101e-01   3.0058572e-01
2.7001500e-01   2.9811502e-01
2.5571701e-01   2.9402590e-01
2.4166100e-01   2.8981212e-01
2.2786200e-01   2.8530443e-01
2.1433599e-01   2.7966589e-01
2.0109500e-01   2.7388051e-01
1.8815500e-01   2.6707265e-01
1.7553000e-01   2.5975510e-01
1.6323400e-01   2.5207701e-01
1.5128000e-01   2.4350245e-01
1.3968100e-01   2.3485813e-01
1.2845200e-01   2.2524130e-01
1.1760600e-01   2.1530642e-01
1.0715500e-01   2.0500475e-01
9.7112998e-02   1.9430093e-01
8.7493002e-02   1.8292345e-01
7.8305997e-02   1.7145963e-01
6.9565997e-02   1.5979046e-01
6.1285000e-02   1.4793731e-01
5.3474002e-02   1.3581206e-01
4.6149999e-02   1.2386113e-01
3.9326001e-02   1.1152150e-01
3.3013999e-02   9.9636480e-02
2.7230000e-02   8.7766290e-02
2.1980001e-02   7.6354228e-02
1.7277000e-02   6.4997293e-02
1.3141000e-02   5.4227591e-02
9.5729996e-03   4.3752439e-02
6.5830001e-03   3.4210529e-02
4.1880002e-03   2.5592903e-02
2.3540000e-03   1.7913993e-02
1.0810000e-03   1.1432426e-02
3.7100000e-04   6.2712352e-03
7.6999997e-05   2.4854909e-03
4.9999999e-06   2.2193429e-04
0.0000000e+00   -5.2912830e-04
4.9999999e-06   -1.2884352e-03
7.6999997e-05   -3.5100458e-03
3.7100000e-04   -7.0863320e-03
1.0810000e-03   -1.1826773e-02
2.3530000e-03   -1.7598730e-02
4.1880002e-03   -2.3974432e-02
6.5850001e-03   -3.0682465e-02
9.5760003e-03   -3.7190784e-02
1.3145000e-02   -4.3528151e-02
1.7281000e-02   -4.9396440e-02
2.1983000e-02   -5.4508220e-02
2.7232001e-02   -5.9170529e-02
3.3016000e-02   -6.3567162e-02
3.9328001e-02   -6.7519434e-02
4.6151999e-02   -7.1179323e-02
5.3475998e-02   -7.4516714e-02
6.1287001e-02   -7.7783890e-02
6.9568001e-02   -8.0493055e-02
7.8308001e-02   -8.3051041e-02
8.7494999e-02   -8.5361652e-02
9.7115003e-02   -8.7234482e-02
1.0715700e-01   -8.9139894e-02
1.1760800e-01   -9.0647303e-02
1.2845400e-01   -9.1716379e-02
1.3968299e-01   -9.2827410e-02
1.5128200e-01   -9.3723066e-02
1.6323499e-01   -9.4247565e-02
1.7553200e-01   -9.4140239e-02
1.8815701e-01   -9.4437920e-02
2.0109700e-01   -9.4620429e-02
2.1433701e-01   -9.4209053e-02
2.2786400e-01   -9.3907975e-02
2.4166299e-01   -9.3172729e-02
2.5571901e-01   -9.2642188e-02
2.7001700e-01   -9.1872297e-02
2.8454199e-01   -9.1154687e-02
2.9927999e-01   -9.0206370e-02
3.1421500e-01   -8.9204565e-02
3.2933101e-01   -8.7949805e-02
3.4461299e-01   -8.6642623e-02
3.6004499e-01   -8.5202560e-02
3.7561101e-01   -8.3824657e-02
3.9129600e-01   -8.2509324e-02
4.0708300e-01   -8.0726981e-02
4.2295700e-01   -7.9101808e-02
4.3890101e-01   -7.7304184e-02
4.5489901e-01   -7.5669818e-02
4.7093499e-01   -7.3564552e-02
4.8699200e-01   -7.1589045e-02
5.0305498e-01   -6.9559038e-02
5.1910698e-01   -6.7101508e-02
5.3513199e-01   -6.5161616e-02
5.5111402e-01   -6.2923431e-02
5.6703597e-01   -6.0772900e-02
5.8288401e-01   -5.8474775e-02
5.9864002e-01   -5.5793386e-02
6.1429000e-01   -5.3973846e-02
6.2981701e-01   -5.1752951e-02
6.4520597e-01   -4.9459133e-02
6.6044199e-01   -4.7067296e-02
6.7550898e-01   -4.5247018e-02
6.9039297e-01   -4.2740773e-02
7.0507699e-01   -4.0547241e-02
7.1954900e-01   -3.8108062e-02
7.3379302e-01   -3.6052965e-02
7.4779499e-01   -3.3939540e-02
7.6154202e-01   -3.1790145e-02
7.7501899e-01   -2.9743936e-02
7.8821403e-01   -2.7656319e-02
8.0111301e-01   -2.5611453e-02
8.1370401e-01   -2.3798842e-02
8.2597297e-01   -2.1814739e-02
8.3791000e-01   -2.0416452e-02
8.4950101e-01   -1.8676434e-02
8.6073500e-01   -1.7088054e-02
8.7160099e-01   -1.5667114e-02
8.8208801e-01   -1.4535581e-02
8.9218402e-01   -1.3383988e-02
9.0188003e-01   -1.2272412e-02
9.1116500e-01   -1.1148921e-02
9.2003101e-01   -9.8415297e-03
9.2846799e-01   -9.2017809e-03
9.3646699e-01   -8.4038954e-03
9.4401902e-01   -7.5211157e-03
9.5111603e-01   -6.9682053e-03
9.5775098e-01   -6.0589206e-03
9.6392000e-01   -5.4867938e-03
9.6961600e-01   -4.7521596e-03
9.7483599e-01   -4.4178800e-03
9.7957498e-01   -3.8285134e-03
9.8383099e-01   -3.3433456e-03
9.8759800e-01   -3.0435475e-03
9.9087399e-01   -2.7307214e-03
9.9365300e-01   -2.4945373e-03
9.9593401e-01   -2.2484055e-03
9.9771100e-01   -2.0316513e-03
9.9898201e-01   -1.9588210e-03
9.9974501e-01   -1.9985666e-03
1.0000000e+00   -1.8637193e-03
