1.0000000e+00   6.1615943e-03
9.9974501e-01   6.0542417e-03
9.9898201e-01   6.3580601e-03
9.9771100e-01   7.2456314e-03
9.9593300e-01   7.9409545e-03
9.9365300e-01   9.6717458e-03
9.9087399e-01   1.0596122e-02
9.8759800e-01   1.1503215e-02
9.8382998e-01   1.3006304e-02
9.7957498e-01   1.5408182e-02
9.7483599e-01   1.7312778e-02
9.6961600e-01   1.9221151e-02
9.6392000e-01   2.1461172e-02
9.5775098e-01   2.3743395e-02
9.5111603e-01   2.6437834e-02
9.4401902e-01   2.9654561e-02
9.3646699e-01   3.2780342e-02
9.2846799e-01   3.6734682e-02
9.2003101e-01   3.9988633e-02
9.1116500e-01   4.3102991e-02
9.0187901e-01   4.7754854e-02
8.9218301e-01   5.2301578e-02
8.8208699e-01   5.6548256e-02
8.7160099e-01   6.1200418e-02
8.6073500e-01   6.5999568e-02
8.4950101e-01   7.2015807e-02
8.3791000e-01   7.7117920e-02
8.2597399e-01   8.3066463e-02
8.1370401e-01   8.8852324e-02
8.0111301e-01   9.5893942e-02
7.8821403e-01   1.0177744e-01
7.7501899e-01   1.0789058e-01
7.6154101e-01   1.1528677e-01
7.4779499e-01   1.2244650e-01
7.3379201e-01   1.2917097e-01
7.1954799e-01   1.3601911e-01
7.0507699e-01   1.4415571e-01
6.9039202e-01   1.5170395e-01
6.7550898e-01   1.5862277e-01
6.6044199e-01   1.6709630e-01
6.4520597e-01   1.7345724e-01
6.2981701e-01   1.8259907e-01
6.1429000e-01   1.9049218e-01
5.9864002e-01   1.9834296e-01
5.8288401e-01   2.0638791e-01
5.6703597e-01   2.1417759e-01
5.5111301e-01   2.2203714e-01
5.3513098e-01   2.2889863e-01
5.1910597e-01   2.3605974e-01
5.0305402e-01   2.4276401e-01
4.8699099e-01   2.5002161e-01
4.7093400e-01   2.5777227e-01
4.5489800e-01   2.6310882e-01
4.3889999e-01   2.7030891e-01
4.2295599e-01   2.7559581e-01
4.0708300e-01   2.8190804e-01
3.9129499e-01   2.8584427e-01
3.7560999e-01   2.9047695e-01
3.6004400e-01   2.9473969e-01
3.4461200e-01   2.9653755e-01
3.2933000e-01   3.0047464e-01
3.1421301e-01   3.0170849e-01
2.9927900e-01   3.0480433e-01
2.8454101e-01   3.0506766e-01
2.7001500e-01   3.0390924e-01
2.5571701e-01   3.0390048e-01
2.4166100e-01   3.0306882e-01
2.2786200e-01   2.9979137e-01
2.1433599e-01   2.9765785e-01
2.0109500e-01   2.9276162e-01
1.8815500e-01   2.8707328e-01
1.7553000e-01   2.8184220e-01
1.6323400e-01   2.7516064e-01
1.5128000e-01   2.6686162e-01
1.3968100e-01   2.5779101e-01
1.2845200e-01   2.4783117e-01
1.1760600e-01   2.3837234e-01
1.0715500e-01   2.2749697e-01
9.7112998e-02   2.1595137e-01
8.7493002e-02   2.0331460e-01
7.8305997e-02   1.9106357e-01
6.9565997e-02   1.7759295e-01
6.1285000e-02   1.6398092e-01
5.3474002e-02   1.5038313e-01
4.6149999e-02   1.3662624e-01
3.9326001e-02   1.2248152e-01
3.3013999e-02   1.0928933e-01
2.7230000e-02   9.5322557e-02
2.1980001e-02   8.1916489e-02
1.7277000e-02   6.9499865e-02
1.3141000e-02   5.7881493e-02
9.5729996e-03   4.6690971e-02
6.5830001e-03   3.6197729e-02
4.1880002e-03   2.7013030e-02
2.3540000e-03   1.8625580e-02
1.0810000e-03   1.2480116e-02
3.7100000e-04   7.0699477e-03
7.6999997e-05   2.8086770e-03
4.9999999e-06   9.2666567e-04
0.0000000e+00   2.0486303e-05
4.9999999e-06   -5.0387991e-04
7.6999997e-05   -2.7566256e-03
3.7100000e-04   -6.9024418e-03
1.0810000e-03   -1.1896141e-02
2.3530000e-03   -1.8528117e-02
4.1880002e-03   -2.6321094e-02
6.5850001e-03   -3.4821406e-02
9.5760003e-03   -4.4143528e-02
1.3145000e-02   -5.4097824e-02
1.7281000e-02   -6.4146861e-02
2.1983000e-02   -7.5267747e-02
2.7232001e-02   -8.5607275e-02
3.3016000e-02   -9.5866770e-02
3.9328001e-02   -1.0779115e-01
4.6151999e-02   -1.1700226e-01
5.3475998e-02   -1.2822391e-01
6.1287001e-02   -1.3814729e-01
6.9568001e-02   -1.4712510e-01
7.8308001e-02   -1.5602387e-01
8.7494999e-02   -1.6499491e-01
9.7115003e-02   -1.7338505e-01
1.0715700e-01   -1.7984538e-01
1.1760800e-01   -1.8716373e-01
1.2845400e-01   -1.9429386e-01
1.3968299e-01   -1.9982392e-01
1.5128200e-01   -2.0566690e-01
1.6323499e-01   -2.0980980e-01
1.7553200e-01   -2.1447782e-01
1.8815701e-01   -2.1820363e-01
2.0109700e-01   -2.2095084e-01
2.1433701e-01   -2.2363335e-01
2.2786400e-01   -2.2389828e-01
2.4166299e-01   -2.2557341e-01
2.5571901e-01   -2.2521855e-01
2.7001700e-01   -2.2483765e-01
2.8454199e-01   -2.2341043e-01
2.9927999e-01   -2.2230196e-01
3.1421500e-01   -2.2046749e-01
3.2933101e-01   -2.1793424e-01
3.4461299e-01   -2.1555796e-01
3.6004499e-01   -2.1294962e-01
3.7561101e-01   -2.0932040e-01
3.9129600e-01   -2.0573898e-01
4.0708300e-01   -2.0171125e-01
4.2295700e-01   -1.9761002e-01
4.3890101e-01   -1.9323619e-01
4.5489901e-01   -1.8805592e-01
4.7093499e-01   -1.8396148e-01
4.8699200e-01   -1.7838773e-01
5.0305498e-01   -1.7280817e-01
5.1910698e-01   -1.6784091e-01
5.3513199e-01   -1.6258039e-01
5.5111402e-01   -1.5687878e-01
5.6703597e-01   -1.5121949e-01
5.8288401e-01   -1.4487357e-01
5.9864002e-01   -1.4019425e-01
6.1429000e-01   -1.3487884e-01
6.2981701e-01   -1.2845886e-01
6.4520597e-01   -1.2346893e-01
6.6044199e-01   -1.1777514e-01
6.7550898e-01   -1.1201083e-01
6.9039297e-01   -1.0653103e-01
7.0507699e-01   -1.0092806e-01
7.1954900e-01   -9.6284874e-02
7.3379302e-01   -9.1621943e-02
7.4779499e-01   -8.6163923e-02
7.6154202e-01   -8.1833050e-02
7.7501899e-01   -7.6339416e-02
7.8821403e-01   -7.1708962e-02
8.0111301e-01   -6.8138815e-02
8.1370401e-01   -6.3388199e-02
8.2597297e-01   -5.9647091e-02
8.3791000e-01   -5.4709099e-02
8.4950101e-01   -5.0969377e-02
8.6073500e-01   -4.7444616e-02
8.7160099e-01   -4.3446515e-02
8.8208801e-01   -4.0291913e-02
8.9218402e-01   -3.7088554e-02
9.0188003e-01   -3.3479597e-02
9.1116500e-01   -3.0804701e-02
9.2003101e-01   -2.8013570e-02
9.2846799e-01   -2.5295913e-02
9.3646699e-01   -2.2865120e-02
9.4401902e-01   -2.0527110e-02
9.5111603e-01   -1.8192798e-02
9.5775098e-01   -1.5848648e-02
9.6392000e-01   -1.5165642e-02
9.6961600e-01   -1.3503931e-02
9.7483599e-01   -1.1472294e-02
9.7957498e-01   -9.9968743e-03
9.8383099e-01   -8.3489707e-03
9.8759800e-01   -6.5216455e-03
9.9087399e-01   -5.2721752e-03
9.9365300e-01   -4.3900725e-03
9.9593401e-01   -3.3245189e-03
9.9771100e-01   -2.6721449e-03
9.9898201e-01   -2.0285042e-03
9.9974501e-01   -1.4214504e-03
1.0000000e+00   -1.5104092e-03
