1.0000000e+00   -8.7501770e-03
9.9974501e-01   -8.3500650e-03
9.9898201e-01   -7.1690809e-03
9.9771100e-01   -5.3353491e-03
9.9593300e-01   -3.0310191e-03
9.9365300e-01   -1.9472558e-04
9.9087399e-01   3.2423974e-03
9.8759800e-01   7.1563544e-03
9.8382998e-01   1.1496104e-02
9.7957498e-01   1.6250197e-02
9.7483599e-01   2.1336244e-02
9.6961600e-01   2.6694348e-02
9.6392000e-01   3.2390427e-02
9.5775098e-01   3.8550895e-02
9.5111603e-01   4.5177978e-02
9.4401902e-01   5.2159205e-02
9.3646699e-01   5.9514496e-02
9.2846799e-01   6.7330003e-02
9.2003101e-01   7.5566284e-02
9.1116500e-01   8.4211677e-02
9.0187901e-01   9.3171887e-02
8.9218301e-01   1.0250530e-01
8.8208699e-01   1.1225160e-01
8.7160099e-01   1.2224256e-01
8.6073500e-01   1.3249117e-01
8.4950101e-01   1.4307460e-01
8.3791000e-01   1.5395841e-01
8.2597399e-01   1.6513066e-01
8.1370401e-01   1.7658724e-01
8.0111301e-01   1.8832247e-01
7.8821403e-01   2.0031759e-01
7.7501899e-01   2.1259195e-01
7.6154101e-01   2.2509590e-01
7.4779499e-01   2.3768800e-01
7.3379201e-01   2.5040382e-01
7.1954799e-01   2.6330993e-01
7.0507699e-01   2.7640110e-01
6.9039202e-01   2.8956452e-01
6.7550898e-01   3.0280519e-01
6.6044199e-01   3.1608510e-01
6.4520597e-01   3.2935876e-01
6.2981701e-01   3.4256229e-01
6.1429000e-01   3.5569474e-01
5.9864002e-01   3.6873126e-01
5.8288401e-01   3.8157102e-01
5.6703597e-01   3.9407924e-01
5.5111301e-01   4.0622574e-01
5.3513098e-01   4.1795033e-01
5.1910597e-01   4.2906761e-01
5.0305402e-01   4.3939534e-01
4.8699099e-01   4.4892424e-01
4.7093400e-01   4.5770434e-01
4.5489800e-01   4.6565992e-01
4.3889999e-01   4.7274336e-01
4.2295599e-01   4.7894627e-01
4.0708300e-01   4.8426858e-01
3.9129499e-01   4.8859602e-01
3.7560999e-01   4.9173146e-01
3.6004400e-01   4.9352834e-01
3.4461200e-01   4.9400792e-01
3.2933000e-01   4.9329305e-01
3.1421301e-01   4.9143246e-01
2.9927900e-01   4.8843911e-01
2.8454101e-01   4.8433569e-01
2.7001500e-01   4.7900102e-01
2.5571701e-01   4.7240713e-01
2.4166100e-01   4.6433014e-01
2.2786200e-01   4.5494485e-01
2.1433599e-01   4.4484347e-01
2.0109500e-01   4.3359694e-01
1.8815500e-01   4.2121661e-01
1.7553000e-01   4.0800261e-01
1.6323400e-01   3.9389312e-01
1.5128000e-01   3.7877947e-01
1.3968100e-01   3.6272427e-01
1.2845200e-01   3.4586963e-01
1.1760600e-01   3.2845539e-01
1.0715500e-01   3.1065172e-01
9.7112998e-02   2.9243341e-01
8.7493002e-02   2.7377051e-01
7.8305997e-02   2.5477540e-01
6.9565997e-02   2.3556605e-01
6.1285000e-02   2.1612944e-01
5.3474002e-02   1.9649903e-01
4.6149999e-02   1.7685314e-01
3.9326001e-02   1.5747684e-01
3.3013999e-02   1.3872144e-01
2.7230000e-02   1.2094585e-01
2.1980001e-02   1.0422737e-01
1.7277000e-02   8.8054523e-02
1.3141000e-02   7.2624572e-02
9.5729996e-03   5.8296166e-02
6.5830001e-03   4.5233492e-02
4.1880002e-03   3.3606809e-02
2.3540000e-03   2.3550972e-02
1.0810000e-03   1.5146507e-02
3.7100000e-04   8.4595717e-03
7.6999997e-05   3.5695799e-03
4.9999999e-06   5.7419838e-04
0.0000000e+00   -4.3734626e-04
4.9999999e-06   -1.4436765e-03
7.6999997e-05   -4.4437344e-03
3.7100000e-04   -9.3593653e-03
1.0810000e-03   -1.6148711e-02
2.3530000e-03   -2.4765518e-02
4.1880002e-03   -3.5165362e-02
6.5850001e-03   -4.7372784e-02
9.5760003e-03   -6.1545029e-02
1.3145000e-02   -7.7738829e-02
1.7281000e-02   -9.4480835e-02
2.1983000e-02   -1.1141638e-01
2.7232001e-02   -1.2869386e-01
3.3016000e-02   -1.4632635e-01
3.9328001e-02   -1.6445510e-01
4.6151999e-02   -1.8311428e-01
5.3475998e-02   -2.0214631e-01
6.1287001e-02   -2.2138409e-01
6.9568001e-02   -2.4075216e-01
7.8308001e-02   -2.6031321e-01
8.7494999e-02   -2.7990463e-01
9.7115003e-02   -2.9923174e-01
1.0715700e-01   -3.1819522e-01
1.1760800e-01   -3.3676964e-01
1.2845400e-01   -3.5485065e-01
1.3968299e-01   -3.7228873e-01
1.5128200e-01   -3.8885036e-01
1.6323499e-01   -4.0437967e-01
1.7553200e-01   -4.1889119e-01
1.8815701e-01   -4.3230647e-01
2.0109700e-01   -4.4439188e-01
2.1433701e-01   -4.5510462e-01
2.2786400e-01   -4.6458670e-01
2.4166299e-01   -4.7260359e-01
2.5571901e-01   -4.7895128e-01
2.7001700e-01   -4.8365942e-01
2.8454199e-01   -4.8678654e-01
2.9927999e-01   -4.8833004e-01
3.1421500e-01   -4.8825049e-01
3.2933101e-01   -4.8651984e-01
3.4461299e-01   -4.8315594e-01
3.6004499e-01   -4.7813314e-01
3.7561101e-01   -4.7141311e-01
3.9129600e-01   -4.6304661e-01
4.0708300e-01   -4.5312366e-01
4.2295700e-01   -4.4172916e-01
4.3890101e-01   -4.2901194e-01
4.5489901e-01   -4.1505632e-01
4.7093499e-01   -3.9998525e-01
4.8699200e-01   -3.8392830e-01
5.0305498e-01   -3.6708456e-01
5.1910698e-01   -3.4959719e-01
5.3513199e-01   -3.3161303e-01
5.5111402e-01   -3.1314757e-01
5.6703597e-01   -2.9429451e-01
5.8288401e-01   -2.7536017e-01
5.9864002e-01   -2.5654233e-01
6.1429000e-01   -2.3781067e-01
6.2981701e-01   -2.1916960e-01
6.4520597e-01   -2.0084435e-01
6.6044199e-01   -1.8299246e-01
6.7550898e-01   -1.6568606e-01
6.9039297e-01   -1.4897929e-01
7.0507699e-01   -1.3287036e-01
7.1954900e-01   -1.1743817e-01
7.3379302e-01   -1.0289560e-01
7.4779499e-01   -8.9263409e-02
7.6154202e-01   -7.6529272e-02
7.7501899e-01   -6.4711869e-02
7.8821403e-01   -5.3925276e-02
8.0111301e-01   -4.4215124e-02
8.1370401e-01   -3.5537731e-02
8.2597297e-01   -2.7854554e-02
8.3791000e-01   -2.1118397e-02
8.4950101e-01   -1.5229229e-02
8.6073500e-01   -1.0200152e-02
8.7160099e-01   -6.0257134e-03
8.8208801e-01   -2.6705216e-03
8.9218402e-01   -6.0245860e-05
9.0188003e-01   1.7984383e-03
9.1116500e-01   2.9312102e-03
9.2003101e-01   3.4380583e-03
9.2846799e-01   3.4208938e-03
9.3646699e-01   2.8986477e-03
9.4401902e-01   1.9087461e-03
9.5111603e-01   5.2704377e-04
9.5775098e-01   -1.1602598e-03
9.6392000e-01   -3.0263672e-03
9.6961600e-01   -4.9391473e-03
9.7483599e-01   -6.8043051e-03
9.7957498e-01   -8.5956110e-03
9.8383099e-01   -1.0279080e-02
9.8759800e-01   -1.1777411e-02
9.9087399e-01   -1.3111779e-02
9.9365300e-01   -1.4374587e-02
9.9593401e-01   -1.5584247e-02
9.9771100e-01   -1.6613308e-02
9.9898201e-01   -1.7364142e-02
9.9974501e-01   -1.7822111e-02
1.0000000e+00   -1.7977912e-02
