1.0000000e+00   1.1271378e-02
9.9974501e-01   1.2416258e-02
9.9898201e-01   1.2593742e-02
9.9771100e-01   1.5044217e-02
9.9593300e-01   1.7260995e-02
9.9365300e-01   2.0412952e-02
9.9087399e-01   2.3781916e-02
9.8759800e-01   2.7182732e-02
9.8382998e-01   3.1018533e-02
9.7957498e-01   3.5853598e-02
9.7483599e-01   4.1584134e-02
9.6961600e-01   4.6302885e-02
9.6392000e-01   5.2281532e-02
9.5775098e-01   5.8343001e-02
9.5111603e-01   6.6022448e-02
9.4401902e-01   7.3441155e-02
9.3646699e-01   8.2107037e-02
9.2846799e-01   8.9992471e-02
9.2003101e-01   9.8849587e-02
9.1116500e-01   1.0783146e-01
9.0187901e-01   1.1717851e-01
8.9218301e-01   1.2745003e-01
8.8208699e-01   1.3741100e-01
8.7160099e-01   1.4749138e-01
8.6073500e-01   1.5907264e-01
8.4950101e-01   1.7096232e-01
8.3791000e-01   1.8292922e-01
8.2597399e-01   1.9563878e-01
8.1370401e-01   2.0812635e-01
8.0111301e-01   2.2100069e-01
7.8821403e-01   2.3446001e-01
7.7501899e-01   2.4751346e-01
7.6154101e-01   2.6016814e-01
7.4779499e-01   2.7415416e-01
7.3379201e-01   2.8843564e-01
7.1954799e-01   3.0227983e-01
7.0507699e-01   3.1603155e-01
6.9039202e-01   3.3117795e-01
6.7550898e-01   3.4517992e-01
6.6044199e-01   3.5987726e-01
6.4520597e-01   3.7394795e-01
6.2981701e-01   3.8795382e-01
6.1429000e-01   4.0143371e-01
5.9864002e-01   4.1478860e-01
5.8288401e-01   4.2917931e-01
5.6703597e-01   4.4171989e-01
5.5111301e-01   4.5488319e-01
5.3513098e-01   4.6583298e-01
5.1910597e-01   4.7704080e-01
5.0305402e-01   4.8764902e-01
4.8699099e-01   4.9784690e-01
4.7093400e-01   5.0649887e-01
4.5489800e-01   5.1461440e-01
4.3889999e-01   5.2101207e-01
4.2295599e-01   5.2651006e-01
4.0708300e-01   5.3118676e-01
3.9129499e-01   5.3358662e-01
3.7560999e-01   5.3675258e-01
3.6004400e-01   5.3713775e-01
3.4461200e-01   5.3671288e-01
3.2933000e-01   5.3551036e-01
3.1421301e-01   5.3174090e-01
2.9927900e-01   5.2745497e-01
2.8454101e-01   5.2237046e-01
2.7001500e-01   5.1398361e-01
2.5571701e-01   5.0564498e-01
2.4166100e-01   4.9560872e-01
2.2786200e-01   4.8472854e-01
2.1433599e-01   4.7389966e-01
2.0109500e-01   4.6046072e-01
1.8815500e-01   4.4674265e-01
1.7553000e-01   4.3166083e-01
1.6323400e-01   4.1583174e-01
1.5128000e-01   3.9944220e-01
1.3968100e-01   3.8203627e-01
1.2845200e-01   3.6395332e-01
1.1760600e-01   3.4578326e-01
1.0715500e-01   3.2847118e-01
9.7112998e-02   3.0998394e-01
8.7493002e-02   2.9051739e-01
7.8305997e-02   2.7079567e-01
6.9565997e-02   2.5109676e-01
6.1285000e-02   2.3109116e-01
5.3474002e-02   2.1188226e-01
4.6149999e-02   1.9127391e-01
3.9326001e-02   1.7153782e-01
3.3013999e-02   1.5121876e-01
2.7230000e-02   1.3106303e-01
2.1980001e-02   1.1168160e-01
1.7277000e-02   9.3306012e-02
1.3141000e-02   7.5412817e-02
9.5729996e-03   5.8710575e-02
6.5830001e-03   4.3742381e-02
4.1880002e-03   3.0595953e-02
2.3540000e-03   1.9191289e-02
1.0810000e-03   1.0445054e-02
3.7100000e-04   3.1126870e-03
7.6999997e-05   -1.6805662e-03
4.9999999e-06   -4.4811731e-03
0.0000000e+00   -5.7834685e-03
4.9999999e-06   -6.9698123e-03
7.6999997e-05   -9.5449109e-03
3.7100000e-04   -1.4497857e-02
1.0810000e-03   -2.1868739e-02
2.3530000e-03   -3.0829353e-02
4.1880002e-03   -4.1382380e-02
6.5850001e-03   -5.4264951e-02
9.5760003e-03   -6.9137178e-02
1.3145000e-02   -8.5710660e-02
1.7281000e-02   -1.0367595e-01
2.1983000e-02   -1.2297421e-01
2.7232001e-02   -1.4433350e-01
3.3016000e-02   -1.6578090e-01
3.9328001e-02   -1.8858218e-01
4.6151999e-02   -2.1228643e-01
5.3475998e-02   -2.3633939e-01
6.1287001e-02   -2.5964731e-01
6.9568001e-02   -2.8357446e-01
7.8308001e-02   -3.0643263e-01
8.7494999e-02   -3.2917631e-01
9.7115003e-02   -3.5139555e-01
1.0715700e-01   -3.7352645e-01
1.1760800e-01   -3.9521891e-01
1.2845400e-01   -4.1508371e-01
1.3968299e-01   -4.3407673e-01
1.5128200e-01   -4.5286384e-01
1.6323499e-01   -4.6924362e-01
1.7553200e-01   -4.8486039e-01
1.8815701e-01   -4.9898720e-01
2.0109700e-01   -5.1252592e-01
2.1433701e-01   -5.2413803e-01
2.2786400e-01   -5.3464365e-01
2.4166299e-01   -5.4375362e-01
2.5571901e-01   -5.5048323e-01
2.7001700e-01   -5.5608940e-01
2.8454199e-01   -5.5975127e-01
2.9927999e-01   -5.6096274e-01
3.1421500e-01   -5.6199175e-01
3.2933101e-01   -5.6080669e-01
3.4461299e-01   -5.5768621e-01
3.6004499e-01   -5.5302596e-01
3.7561101e-01   -5.4687881e-01
3.9129600e-01   -5.3940731e-01
4.0708300e-01   -5.3111100e-01
4.2295700e-01   -5.2100569e-01
4.3890101e-01   -5.0939041e-01
4.5489901e-01   -4.9755055e-01
4.7093499e-01   -4.8439610e-01
4.8699200e-01   -4.7015533e-01
5.0305498e-01   -4.5524070e-01
5.1910698e-01   -4.3875483e-01
5.3513199e-01   -4.2347366e-01
5.5111402e-01   -4.0690774e-01
5.6703597e-01   -3.8981616e-01
5.8288401e-01   -3.7239701e-01
5.9864002e-01   -3.5511559e-01
6.1429000e-01   -3.3759201e-01
6.2981701e-01   -3.2013816e-01
6.4520597e-01   -3.0321214e-01
6.6044199e-01   -2.8681937e-01
6.7550898e-01   -2.7063295e-01
6.9039297e-01   -2.5344828e-01
7.0507699e-01   -2.3737742e-01
7.1954900e-01   -2.2248444e-01
7.3379302e-01   -2.0686853e-01
7.4779499e-01   -1.9254069e-01
7.6154202e-01   -1.7825165e-01
7.7501899e-01   -1.6511352e-01
7.8821403e-01   -1.5174589e-01
8.0111301e-01   -1.3994148e-01
8.1370401e-01   -1.2949629e-01
8.2597297e-01   -1.1789057e-01
8.3791000e-01   -1.0839287e-01
8.4950101e-01   -9.8803565e-02
8.6073500e-01   -9.0963475e-02
8.7160099e-01   -8.3169810e-02
8.8208801e-01   -7.5837210e-02
8.9218402e-01   -6.9334492e-02
9.0188003e-01   -6.3968249e-02
9.1116500e-01   -5.9560075e-02
9.2003101e-01   -5.4377280e-02
9.2846799e-01   -5.1650636e-02
9.3646699e-01   -4.8531745e-02
9.4401902e-01   -4.6439018e-02
9.5111603e-01   -4.4998463e-02
9.5775098e-01   -4.3947551e-02
9.6392000e-01   -4.3344617e-02
9.6961600e-01   -4.2313904e-02
9.7483599e-01   -4.3236535e-02
9.7957498e-01   -4.3507349e-02
9.8383099e-01   -4.4083934e-02
9.8759800e-01   -4.4769667e-02
9.9087399e-01   -4.5175694e-02
9.9365300e-01   -4.5563608e-02
9.9593401e-01   -4.6591349e-02
9.9771100e-01   -4.6151690e-02
9.9898201e-01   -4.6625514e-02
9.9974501e-01   -4.6592757e-02
1.0000000e+00   -4.6773441e-02
