1.0000000e+00   2.8720708e-03
9.9974501e-01   3.0962371e-03
9.9898201e-01   3.4231166e-03
9.9771100e-01   4.2356052e-03
9.9593300e-01   4.8351740e-03
9.9365300e-01   6.0512107e-03
9.9087399e-01   7.5164395e-03
9.8759800e-01   8.9484658e-03
9.8382998e-01   1.0823530e-02
9.7957498e-01   1.2694288e-02
9.7483599e-01   1.5166166e-02
9.6961600e-01   1.7615240e-02
9.6392000e-01   2.0484304e-02
9.5775098e-01   2.3351556e-02
9.5111603e-01   2.6714051e-02
9.4401902e-01   2.9990811e-02
9.3646699e-01   3.4042947e-02
9.2846799e-01   3.7746731e-02
9.2003101e-01   4.1891258e-02
9.1116500e-01   4.6463791e-02
9.0187901e-01   5.1406428e-02
8.9218301e-01   5.6235526e-02
8.8208699e-01   6.1634898e-02
8.7160099e-01   6.6894129e-02
8.6073500e-01   7.2392583e-02
8.4950101e-01   7.8646310e-02
8.3791000e-01   8.4749751e-02
8.2597399e-01   9.1023386e-02
8.1370401e-01   9.7666979e-02
8.0111301e-01   1.0461634e-01
7.8821403e-01   1.1160693e-01
7.7501899e-01   1.1878508e-01
7.6154101e-01   1.2582523e-01
7.4779499e-01   1.3356453e-01
7.3379201e-01   1.4072938e-01
7.1954799e-01   1.4771360e-01
7.0507699e-01   1.5534827e-01
6.9039202e-01   1.6272402e-01
6.7550898e-01   1.7022038e-01
6.6044199e-01   1.7725001e-01
6.4520597e-01   1.8429536e-01
6.2981701e-01   1.9157544e-01
6.1429000e-01   1.9805038e-01
5.9864002e-01   2.0454390e-01
5.8288401e-01   2.1119292e-01
5.6703597e-01   2.1694128e-01
5.5111301e-01   2.2310501e-01
5.3513098e-01   2.2857559e-01
5.1910597e-01   2.3384662e-01
5.0305402e-01   2.3828015e-01
4.8699099e-01   2.4287105e-01
4.7093400e-01   2.4718496e-01
4.5489800e-01   2.5059134e-01
4.3889999e-01   2.5361323e-01
4.2295599e-01   2.5654405e-01
4.0708300e-01   2.5873095e-01
3.9129499e-01   2.6035717e-01
3.7560999e-01   2.6143989e-01
3.6004400e-01   2.6231521e-01
3.4461200e-01   2.6255760e-01
3.2933000e-01   2.6265469e-01
3.1421301e-01   2.6214805e-01
2.9927900e-01   2.6093090e-01
2.8454101e-01   2.5961816e-01
2.7001500e-01   2.5737333e-01
2.5571701e-01   2.5500703e-01
2.4166100e-01   2.5215158e-01
2.2786200e-01   2.4836890e-01
2.1433599e-01   2.4472068e-01
2.0109500e-01   2.3993623e-01
1.8815500e-01   2.3514526e-01
1.7553000e-01   2.2990625e-01
1.6323400e-01   2.2383344e-01
1.5128000e-01   2.1756130e-01
1.3968100e-01   2.1050690e-01
1.2845200e-01   2.0343170e-01
1.1760600e-01   1.9571918e-01
1.0715500e-01   1.8750890e-01
9.7112998e-02   1.7890568e-01
8.7493002e-02   1.6983931e-01
7.8305997e-02   1.6044724e-01
6.9565997e-02   1.5074609e-01
6.1285000e-02   1.4044721e-01
5.3474002e-02   1.3013166e-01
4.6149999e-02   1.1936320e-01
3.9326001e-02   1.0881894e-01
3.3013999e-02   9.7856589e-02
2.7230000e-02   8.7113202e-02
2.1980001e-02   7.6324902e-02
1.7277000e-02   6.5961383e-02
1.3141000e-02   5.5512246e-02
9.5729996e-03   4.5627885e-02
6.5830001e-03   3.6262754e-02
4.1880002e-03   2.7651759e-02
2.3540000e-03   1.9940991e-02
1.0810000e-03   1.3503680e-02
3.7100000e-04   8.3733173e-03
7.6999997e-05   4.5818673e-03
4.9999999e-06   2.3067968e-03
0.0000000e+00   1.6035603e-03
4.9999999e-06   8.5247448e-04
7.6999997e-05   -1.3604857e-03
3.7100000e-04   -5.0269300e-03
1.0810000e-03   -1.0113604e-02
2.3530000e-03   -1.6058555e-02
4.1880002e-03   -2.2847973e-02
6.5850001e-03   -3.0012408e-02
9.5760003e-03   -3.7460886e-02
1.3145000e-02   -4.4912152e-02
1.7281000e-02   -5.2234847e-02
2.1983000e-02   -5.9490871e-02
2.7232001e-02   -6.6611722e-02
3.3016000e-02   -7.3163033e-02
3.9328001e-02   -7.9996735e-02
4.6151999e-02   -8.6500801e-02
5.3475998e-02   -9.2654951e-02
6.1287001e-02   -9.8656267e-02
6.9568001e-02   -1.0458840e-01
7.8308001e-02   -1.1004087e-01
8.7494999e-02   -1.1584623e-01
9.7115003e-02   -1.2075621e-01
1.0715700e-01   -1.2559217e-01
1.1760800e-01   -1.3012101e-01
1.2845400e-01   -1.3461751e-01
1.3968299e-01   -1.3887142e-01
1.5128200e-01   -1.4269529e-01
1.6323499e-01   -1.4666732e-01
1.7553200e-01   -1.5012087e-01
1.8815701e-01   -1.5329070e-01
2.0109700e-01   -1.5639250e-01
2.1433701e-01   -1.5935269e-01
2.2786400e-01   -1.6154334e-01
2.4166299e-01   -1.6408844e-01
2.5571901e-01   -1.6606529e-01
2.7001700e-01   -1.6790825e-01
2.8454199e-01   -1.6929163e-01
2.9927999e-01   -1.7040016e-01
3.1421500e-01   -1.7130028e-01
3.2933101e-01   -1.7201789e-01
3.4461299e-01   -1.7219314e-01
3.6004499e-01   -1.7215022e-01
3.7561101e-01   -1.7188103e-01
3.9129600e-01   -1.7139626e-01
4.0708300e-01   -1.7019108e-01
4.2295700e-01   -1.6916201e-01
4.3890101e-01   -1.6785304e-01
4.5489901e-01   -1.6573274e-01
4.7093499e-01   -1.6380535e-01
4.8699200e-01   -1.6111639e-01
5.0305498e-01   -1.5856716e-01
5.1910698e-01   -1.5568724e-01
5.3513199e-01   -1.5254523e-01
5.5111402e-01   -1.4959824e-01
5.6703597e-01   -1.4562516e-01
5.8288401e-01   -1.4234665e-01
5.9864002e-01   -1.3807617e-01
6.1429000e-01   -1.3393301e-01
6.2981701e-01   -1.2958689e-01
6.4520597e-01   -1.2542714e-01
6.6044199e-01   -1.2085212e-01
6.7550898e-01   -1.1601114e-01
6.9039297e-01   -1.1149417e-01
7.0507699e-01   -1.0658590e-01
7.1954900e-01   -1.0184860e-01
7.3379302e-01   -9.7168863e-02
7.4779499e-01   -9.2125908e-02
7.6154202e-01   -8.7234341e-02
7.7501899e-01   -8.2292445e-02
7.8821403e-01   -7.7545114e-02
8.0111301e-01   -7.2859280e-02
8.1370401e-01   -6.8083048e-02
8.2597297e-01   -6.3330345e-02
8.3791000e-01   -5.8924403e-02
8.4950101e-01   -5.4758281e-02
8.6073500e-01   -5.0550975e-02
8.7160099e-01   -4.6566278e-02
8.8208801e-01   -4.2613212e-02
8.9218402e-01   -3.8814489e-02
9.0188003e-01   -3.5336159e-02
9.1116500e-01   -3.1904772e-02
9.2003101e-01   -2.9035579e-02
9.2846799e-01   -2.5786161e-02
9.3646699e-01   -2.3115097e-02
9.4401902e-01   -2.0544183e-02
9.5111603e-01   -1.8117422e-02
9.5775098e-01   -1.5767135e-02
9.6392000e-01   -1.3691120e-02
9.6961600e-01   -1.1905111e-02
9.7483599e-01   -1.0164200e-02
9.7957498e-01   -8.4604379e-03
9.8383099e-01   -7.0049241e-03
9.8759800e-01   -5.6244652e-03
9.9087399e-01   -4.6436782e-03
9.9365300e-01   -3.5675082e-03
9.9593401e-01   -2.8435900e-03
9.9771100e-01   -2.3372239e-03
9.9898201e-01   -1.8300507e-03
9.9974501e-01   -1.5277620e-03
1.0000000e+00   -1.3807989e-03
