1.0000000e+00   2.6114124e-03
9.9974501e-01   2.2940945e-03
9.9898201e-01   3.6942568e-03
9.9771100e-01   4.7139470e-03
9.9593300e-01   6.3344273e-03
9.9365300e-01   8.6374385e-03
9.9087399e-01   1.2076302e-02
9.8759800e-01   1.5677810e-02
9.8382998e-01   1.9324293e-02
9.7957498e-01   2.5105873e-02
9.7483599e-01   3.0773491e-02
9.6961600e-01   3.6985409e-02
9.6392000e-01   4.2278700e-02
9.5775098e-01   4.9347527e-02
9.5111603e-01   5.5997219e-02
9.4401902e-01   6.4593181e-02
9.3646699e-01   7.1756437e-02
9.2846799e-01   8.0168918e-02
9.2003101e-01   8.7744154e-02
9.1116500e-01   9.8316431e-02
9.0187901e-01   1.0638437e-01
8.9218301e-01   1.1478131e-01
8.8208699e-01   1.2481784e-01
8.7160099e-01   1.3348900e-01
8.6073500e-01   1.4497510e-01
8.4950101e-01   1.5350142e-01
8.3791000e-01   1.6424572e-01
8.2597399e-01   1.7312059e-01
8.1370401e-01   1.8278868e-01
8.0111301e-01   1.9398907e-01
7.8821403e-01   2.0265487e-01
7.7501899e-01   2.1398775e-01
7.6154101e-01   2.2452058e-01
7.4779499e-01   2.3366369e-01
7.3379201e-01   2.4503595e-01
7.1954799e-01   2.5220078e-01
7.0507699e-01   2.6397246e-01
6.9039202e-01   2.7214539e-01
6.7550898e-01   2.8055480e-01
6.6044199e-01   2.8948045e-01
6.4520597e-01   2.9602334e-01
6.2981701e-01   3.0495828e-01
6.1429000e-01   3.1188402e-01
5.9864002e-01   3.1747580e-01
5.8288401e-01   3.2465443e-01
5.6703597e-01   3.2958880e-01
5.5111301e-01   3.3547625e-01
5.3513098e-01   3.3909377e-01
5.1910597e-01   3.4475771e-01
5.0305402e-01   3.4894472e-01
4.8699099e-01   3.5053995e-01
4.7093400e-01   3.5600176e-01
4.5489800e-01   3.5734853e-01
4.3889999e-01   3.6103451e-01
4.2295599e-01   3.6214501e-01
4.0708300e-01   3.6154160e-01
3.9129499e-01   3.6352566e-01
3.7560999e-01   3.6284089e-01
3.6004400e-01   3.6117390e-01
3.4461200e-01   3.5938540e-01
3.2933000e-01   3.5637361e-01
3.1421301e-01   3.5470667e-01
2.9927900e-01   3.5093236e-01
2.8454101e-01   3.4650517e-01
2.7001500e-01   3.4078714e-01
2.5571701e-01   3.3550647e-01
2.4166100e-01   3.3055735e-01
2.2786200e-01   3.2245570e-01
2.1433599e-01   3.1497896e-01
2.0109500e-01   3.0860114e-01
1.8815500e-01   3.0080441e-01
1.7553000e-01   2.9211259e-01
1.6323400e-01   2.8195745e-01
1.5128000e-01   2.7267531e-01
1.3968100e-01   2.6170895e-01
1.2845200e-01   2.5127080e-01
1.1760600e-01   2.4093661e-01
1.0715500e-01   2.2945642e-01
9.7112998e-02   2.1683478e-01
8.7493002e-02   2.0601426e-01
7.8305997e-02   1.9294599e-01
6.9565997e-02   1.8073902e-01
6.1285000e-02   1.7038058e-01
5.3474002e-02   1.5596272e-01
4.6149999e-02   1.4336058e-01
3.9326001e-02   1.3068496e-01
3.3013999e-02   1.1810190e-01
2.7230000e-02   1.0615856e-01
2.1980001e-02   9.2355624e-02
1.7277000e-02   7.8856930e-02
1.3141000e-02   6.5951169e-02
9.5729996e-03   5.3670533e-02
6.5830001e-03   4.2429239e-02
4.1880002e-03   3.0375324e-02
2.3540000e-03   2.1165723e-02
1.0810000e-03   1.3172386e-02
3.7100000e-04   6.9701010e-03
7.6999997e-05   2.0069131e-03
4.9999999e-06   -5.4963958e-04
0.0000000e+00   -1.5719944e-03
4.9999999e-06   -2.8657620e-03
7.6999997e-05   -5.2498346e-03
3.7100000e-04   -9.6117519e-03
1.0810000e-03   -1.4831774e-02
2.3530000e-03   -1.9635715e-02
4.1880002e-03   -2.3943095e-02
6.5850001e-03   -2.5201162e-02
9.5760003e-03   -2.4572384e-02
1.3145000e-02   -2.2768125e-02
1.7281000e-02   -1.8732833e-02
2.1983000e-02   -1.4377296e-02
2.7232001e-02   -9.5603140e-03
3.3016000e-02   -3.8199909e-03
3.9328001e-02   1.2712807e-03
4.6151999e-02   8.1459833e-03
5.3475998e-02   1.6656050e-02
6.1287001e-02   2.5155120e-02
6.9568001e-02   3.5686016e-02
7.8308001e-02   4.5696341e-02
8.7494999e-02   5.7105377e-02
9.7115003e-02   6.8458624e-02
1.0715700e-01   8.0023862e-02
1.1760800e-01   9.3585022e-02
1.2845400e-01   1.0773250e-01
1.3968299e-01   1.2164535e-01
1.5128200e-01   1.3526453e-01
1.6323499e-01   1.4989533e-01
1.7553200e-01   1.6491950e-01
1.8815701e-01   1.7832123e-01
2.0109700e-01   1.9150266e-01
2.1433701e-01   2.0472588e-01
2.2786400e-01   2.1941812e-01
2.4166299e-01   2.3123746e-01
2.5571901e-01   2.4261756e-01
2.7001700e-01   2.5259456e-01
2.8454199e-01   2.6410997e-01
2.9927999e-01   2.7181065e-01
3.1421500e-01   2.8034770e-01
3.2933101e-01   2.8879324e-01
3.4461299e-01   2.9519710e-01
3.6004499e-01   3.0086550e-01
3.7561101e-01   3.0642271e-01
3.9129600e-01   3.1009713e-01
4.0708300e-01   3.1568387e-01
4.2295700e-01   3.1872407e-01
4.3890101e-01   3.2117611e-01
4.5489901e-01   3.2102901e-01
4.7093499e-01   3.2203770e-01
4.8699200e-01   3.2253829e-01
5.0305498e-01   3.2221359e-01
5.1910698e-01   3.2156384e-01
5.3513199e-01   3.1786108e-01
5.5111402e-01   3.1666237e-01
5.6703597e-01   3.1469613e-01
5.8288401e-01   3.0921865e-01
5.9864002e-01   3.0543640e-01
6.1429000e-01   3.0059308e-01
6.2981701e-01   2.9353836e-01
6.4520597e-01   2.8722110e-01
6.6044199e-01   2.7984479e-01
6.7550898e-01   2.7304000e-01
6.9039297e-01   2.6556617e-01
7.0507699e-01   2.5636107e-01
7.1954900e-01   2.4936980e-01
7.3379302e-01   2.3869202e-01
7.4779499e-01   2.3095922e-01
7.6154202e-01   2.1950230e-01
7.7501899e-01   2.1029858e-01
7.8821403e-01   1.9977553e-01
8.0111301e-01   1.8994316e-01
8.1370401e-01   1.7987962e-01
8.2597297e-01   1.6967002e-01
8.3791000e-01   1.6073330e-01
8.4950101e-01   1.5088530e-01
8.6073500e-01   1.3919528e-01
8.7160099e-01   1.3080910e-01
8.8208801e-01   1.1900564e-01
8.9218402e-01   1.1020391e-01
9.0188003e-01   1.0051288e-01
9.1116500e-01   9.2434950e-02
9.2003101e-01   8.3227582e-02
9.2846799e-01   7.4817903e-02
9.3646699e-01   6.5651640e-02
9.4401902e-01   5.8689315e-02
9.5111603e-01   5.0203715e-02
9.5775098e-01   4.2780016e-02
9.6392000e-01   3.6335275e-02
9.6961600e-01   3.0127717e-02
9.7483599e-01   2.4024237e-02
9.7957498e-01   1.9196378e-02
9.8383099e-01   1.4367801e-02
9.8759800e-01   1.0383612e-02
9.9087399e-01   6.6084140e-03
9.9365300e-01   3.1294897e-03
9.9593401e-01   8.0898480e-04
9.9771100e-01   -1.1616740e-03
9.9898201e-01   -3.0604734e-03
9.9974501e-01   -4.3237051e-03
1.0000000e+00   -5.1897345e-03
