1.0000000e+00   5.2922200e-03
9.9974501e-01   5.2173086e-03
9.9898201e-01   5.9322938e-03
9.9771100e-01   6.9613256e-03
9.9593300e-01   7.9030264e-03
9.9365300e-01   1.0758896e-02
9.9087399e-01   1.3004699e-02
9.8759800e-01   1.5264075e-02
9.8382998e-01   1.8302912e-02
9.7957498e-01   2.1067997e-02
9.7483599e-01   2.5130907e-02
9.6961600e-01   2.8550135e-02
9.6392000e-01   3.2432206e-02
9.5775098e-01   3.6997825e-02
9.5111603e-01   4.2243067e-02
9.4401902e-01   4.7354925e-02
9.3646699e-01   5.3034957e-02
9.2846799e-01   5.9254095e-02
9.2003101e-01   6.5734319e-02
9.1116500e-01   7.2223805e-02
9.0187901e-01   7.8359656e-02
8.9218301e-01   8.6004741e-02
8.8208699e-01   9.3109451e-02
8.7160099e-01   1.0045268e-01
8.6073500e-01   1.0844945e-01
8.4950101e-01   1.1595295e-01
8.3791000e-01   1.2432621e-01
8.2597399e-01   1.3120243e-01
8.1370401e-01   1.3925117e-01
8.0111301e-01   1.4825593e-01
7.8821403e-01   1.5569419e-01
7.7501899e-01   1.6420512e-01
7.6154101e-01   1.7278461e-01
7.4779499e-01   1.8100041e-01
7.3379201e-01   1.8932183e-01
7.1954799e-01   1.9794728e-01
7.0507699e-01   2.0629124e-01
6.9039202e-01   2.1408874e-01
6.7550898e-01   2.2263113e-01
6.6044199e-01   2.3221754e-01
6.4520597e-01   2.3978980e-01
6.2981701e-01   2.4860235e-01
6.1429000e-01   2.5728816e-01
5.9864002e-01   2.6584929e-01
5.8288401e-01   2.7343085e-01
5.6703597e-01   2.8109872e-01
5.5111301e-01   2.8883159e-01
5.3513098e-01   2.9655164e-01
5.1910597e-01   3.0361798e-01
5.0305402e-01   3.1037000e-01
4.8699099e-01   3.1746799e-01
4.7093400e-01   3.2329547e-01
4.5489800e-01   3.2823581e-01
4.3889999e-01   3.3353376e-01
4.2295599e-01   3.3803463e-01
4.0708300e-01   3.4208685e-01
3.9129499e-01   3.4620729e-01
3.7560999e-01   3.4891370e-01
3.6004400e-01   3.5214779e-01
3.4461200e-01   3.5329485e-01
3.2933000e-01   3.5464507e-01
3.1421301e-01   3.5585114e-01
2.9927900e-01   3.5587609e-01
2.8454101e-01   3.5473356e-01
2.7001500e-01   3.5380256e-01
2.5571701e-01   3.5125375e-01
2.4166100e-01   3.4858677e-01
2.2786200e-01   3.4397522e-01
2.1433599e-01   3.3931130e-01
2.0109500e-01   3.3339477e-01
1.8815500e-01   3.2675120e-01
1.7553000e-01   3.1905574e-01
1.6323400e-01   3.1023553e-01
1.5128000e-01   3.0072743e-01
1.3968100e-01   2.9055962e-01
1.2845200e-01   2.7921388e-01
1.1760600e-01   2.6701662e-01
1.0715500e-01   2.5420228e-01
9.7112998e-02   2.4160406e-01
8.7493002e-02   2.2804824e-01
7.8305997e-02   2.1378823e-01
6.9565997e-02   1.9940791e-01
6.1285000e-02   1.8422158e-01
5.3474002e-02   1.6881360e-01
4.6149999e-02   1.5346858e-01
3.9326001e-02   1.3806419e-01
3.3013999e-02   1.2307943e-01
2.7230000e-02   1.0784467e-01
2.1980001e-02   9.3099624e-02
1.7277000e-02   7.8737557e-02
1.3141000e-02   6.5555982e-02
9.5729996e-03   5.3309418e-02
6.5830001e-03   4.2226553e-02
4.1880002e-03   3.2355111e-02
2.3540000e-03   2.4050839e-02
1.0810000e-03   1.7347835e-02
3.7100000e-04   1.1647454e-02
7.6999997e-05   7.8767054e-03
4.9999999e-06   5.4296516e-03
0.0000000e+00   4.6425443e-03
4.9999999e-06   4.0163649e-03
7.6999997e-05   1.5921504e-03
3.7100000e-04   -2.1325606e-03
1.0810000e-03   -7.5479057e-03
2.3530000e-03   -1.4660109e-02
4.1880002e-03   -2.2799408e-02
6.5850001e-03   -3.3031076e-02
9.5760003e-03   -4.4131685e-02
1.3145000e-02   -5.6349430e-02
1.7281000e-02   -6.8777263e-02
2.1983000e-02   -8.1675455e-02
2.7232001e-02   -9.5533416e-02
3.3016000e-02   -1.0907980e-01
3.9328001e-02   -1.2212751e-01
4.6151999e-02   -1.3521388e-01
5.3475998e-02   -1.4833800e-01
6.1287001e-02   -1.6097161e-01
6.9568001e-02   -1.7315099e-01
7.8308001e-02   -1.8558541e-01
8.7494999e-02   -1.9689770e-01
9.7115003e-02   -2.0767295e-01
1.0715700e-01   -2.1814933e-01
1.1760800e-01   -2.2793175e-01
1.2845400e-01   -2.3742622e-01
1.3968299e-01   -2.4610333e-01
1.5128200e-01   -2.5457877e-01
1.6323499e-01   -2.6191247e-01
1.7553200e-01   -2.6850235e-01
1.8815701e-01   -2.7443925e-01
2.0109700e-01   -2.7923477e-01
2.1433701e-01   -2.8332794e-01
2.2786400e-01   -2.8700221e-01
2.4166299e-01   -2.8985578e-01
2.5571901e-01   -2.9231632e-01
2.7001700e-01   -2.9307547e-01
2.8454199e-01   -2.9424134e-01
2.9927999e-01   -2.9385194e-01
3.1421500e-01   -2.9389176e-01
3.2933101e-01   -2.9272455e-01
3.4461299e-01   -2.9098102e-01
3.6004499e-01   -2.8980404e-01
3.7561101e-01   -2.8690258e-01
3.9129600e-01   -2.8408742e-01
4.0708300e-01   -2.8145337e-01
4.2295700e-01   -2.7687702e-01
4.3890101e-01   -2.7360278e-01
4.5489901e-01   -2.6900893e-01
4.7093499e-01   -2.6378191e-01
4.8699200e-01   -2.5916719e-01
5.0305498e-01   -2.5308707e-01
5.1910698e-01   -2.4757142e-01
5.3513199e-01   -2.4066336e-01
5.5111402e-01   -2.3422746e-01
5.6703597e-01   -2.2758032e-01
5.8288401e-01   -2.2114286e-01
5.9864002e-01   -2.1414852e-01
6.1429000e-01   -2.0753443e-01
6.2981701e-01   -2.0029995e-01
6.4520597e-01   -1.9271605e-01
6.6044199e-01   -1.8493406e-01
6.7550898e-01   -1.7770840e-01
6.9039297e-01   -1.7083235e-01
7.0507699e-01   -1.6338143e-01
7.1954900e-01   -1.5588920e-01
7.3379302e-01   -1.4818804e-01
7.4779499e-01   -1.4119065e-01
7.6154202e-01   -1.3442214e-01
7.7501899e-01   -1.2707257e-01
7.8821403e-01   -1.1950412e-01
8.0111301e-01   -1.1296883e-01
8.1370401e-01   -1.0713511e-01
8.2597297e-01   -1.0022377e-01
8.3791000e-01   -9.3735449e-02
8.4950101e-01   -8.7579228e-02
8.6073500e-01   -8.1247471e-02
8.7160099e-01   -7.5224973e-02
8.8208801e-01   -6.9555886e-02
8.9218402e-01   -6.3663118e-02
9.0188003e-01   -5.8020007e-02
9.1116500e-01   -5.2948795e-02
9.2003101e-01   -4.7729380e-02
9.2846799e-01   -4.3024905e-02
9.3646699e-01   -3.8503028e-02
9.4401902e-01   -3.3659969e-02
9.5111603e-01   -3.0368734e-02
9.5775098e-01   -2.7112516e-02
9.6392000e-01   -2.3312455e-02
9.6961600e-01   -2.0543462e-02
9.7483599e-01   -1.8036438e-02
9.7957498e-01   -1.5087890e-02
9.8383099e-01   -1.3008714e-02
9.8759800e-01   -1.0998650e-02
9.9087399e-01   -8.9536114e-03
9.9365300e-01   -7.0861490e-03
9.9593401e-01   -5.4707485e-03
9.9771100e-01   -4.4297539e-03
9.9898201e-01   -3.6806727e-03
9.9974501e-01   -3.1114374e-03
1.0000000e+00   -2.9424659e-03
