1.0000000e+00   1.5943235e-02
9.9974501e-01   1.6146062e-02
9.9898201e-01   1.6749993e-02
9.9771100e-01   1.7749451e-02
9.9593300e-01   1.9136094e-02
9.9365300e-01   2.0905608e-02
9.9087399e-01   2.3074999e-02
9.8759800e-01   2.5615582e-02
9.8382998e-01   2.8516859e-02
9.7957498e-01   3.1760238e-02
9.7483599e-01   3.5310660e-02
9.6961600e-01   3.9156154e-02
9.6392000e-01   4.3332599e-02
9.5775098e-01   4.7858890e-02
9.5111603e-01   5.2717533e-02
9.4401902e-01   5.7861798e-02
9.3646699e-01   6.3276820e-02
9.2846799e-01   6.8970270e-02
9.2003101e-01   7.4919231e-02
9.1116500e-01   8.1085294e-02
9.0187901e-01   8.7494448e-02
8.9218301e-01   9.4145916e-02
8.8208699e-01   1.0096905e-01
8.7160099e-01   1.0789284e-01
8.6073500e-01   1.1492405e-01
8.4950101e-01   1.2208036e-01
8.3791000e-01   1.2936282e-01
8.2597399e-01   1.3672966e-01
8.1370401e-01   1.4414330e-01
8.0111301e-01   1.5159516e-01
7.8821403e-01   1.5906489e-01
7.7501899e-01   1.6652732e-01
7.6154101e-01   1.7394873e-01
7.4779499e-01   1.8127757e-01
7.3379201e-01   1.8849480e-01
7.1954799e-01   1.9559354e-01
7.0507699e-01   2.0257390e-01
6.9039202e-01   2.0947097e-01
6.7550898e-01   2.1627133e-01
6.6044199e-01   2.2292750e-01
6.4520597e-01   2.2936732e-01
6.2981701e-01   2.3556472e-01
6.1429000e-01   2.4153355e-01
5.9864002e-01   2.4730773e-01
5.8288401e-01   2.5287503e-01
5.6703597e-01   2.5817701e-01
5.5111301e-01   2.6318508e-01
5.3513098e-01   2.6791579e-01
5.1910597e-01   2.7234536e-01
5.0305402e-01   2.7641901e-01
4.8699099e-01   2.8016347e-01
4.7093400e-01   2.8361344e-01
4.5489800e-01   2.8676501e-01
4.3889999e-01   2.8952765e-01
4.2295599e-01   2.9192251e-01
4.0708300e-01   2.9396960e-01
3.9129499e-01   2.9570901e-01
3.7560999e-01   2.9712349e-01
3.6004400e-01   2.9825190e-01
3.4461200e-01   2.9909775e-01
3.2933000e-01   2.9968524e-01
3.1421301e-01   3.0004823e-01
2.9927900e-01   3.0022624e-01
2.8454101e-01   3.0021399e-01
2.7001500e-01   2.9989168e-01
2.5571701e-01   2.9911396e-01
2.4166100e-01   2.9784584e-01
2.2786200e-01   2.9606533e-01
2.1433599e-01   2.9366082e-01
2.0109500e-01   2.9066646e-01
1.8815500e-01   2.8708187e-01
1.7553000e-01   2.8291488e-01
1.6323400e-01   2.7826533e-01
1.5128000e-01   2.7317753e-01
1.3968100e-01   2.6763096e-01
1.2845200e-01   2.6160279e-01
1.1760600e-01   2.5506240e-01
1.0715500e-01   2.4800371e-01
9.7112998e-02   2.4033920e-01
8.7493002e-02   2.3202415e-01
7.8305997e-02   2.2317366e-01
6.9565997e-02   2.1386011e-01
6.1285000e-02   2.0401815e-01
5.3474002e-02   1.9366147e-01
4.6149999e-02   1.8298727e-01
3.9326001e-02   1.7217661e-01
3.3013999e-02   1.6139090e-01
2.7230000e-02   1.5094903e-01
2.1980001e-02   1.4096637e-01
1.7277000e-02   1.3087346e-01
1.3141000e-02   1.2058929e-01
9.5729996e-03   1.1050072e-01
6.5830001e-03   1.0091306e-01
4.1880002e-03   9.1920234e-02
2.3540000e-03   8.3700024e-02
1.0810000e-03   7.6422393e-02
3.7100000e-04   7.0352882e-02
7.6999997e-05   6.5765873e-02
4.9999999e-06   6.2908374e-02
0.0000000e+00   6.1940316e-02
4.9999999e-06   6.0990706e-02
7.6999997e-05   5.8242012e-02
3.7100000e-04   5.4020554e-02
1.0810000e-03   4.8903223e-02
2.3530000e-03   4.3591946e-02
4.1880002e-03   3.8716067e-02
6.5850001e-03   3.4485865e-02
9.5760003e-03   3.0283771e-02
1.3145000e-02   2.5797945e-02
1.7281000e-02   2.2251546e-02
2.1983000e-02   1.9736722e-02
2.7232001e-02   1.7923040e-02
3.3016000e-02   1.6677104e-02
3.9328001e-02   1.5850270e-02
4.6151999e-02   1.5384679e-02
5.3475998e-02   1.5291512e-02
6.1287001e-02   1.5677027e-02
6.9568001e-02   1.6555898e-02
7.8308001e-02   1.7749282e-02
8.7494999e-02   1.9082356e-02
9.7115003e-02   2.0558575e-02
1.0715700e-01   2.2207582e-02
1.1760800e-01   2.4050795e-02
1.2845400e-01   2.6058681e-02
1.3968299e-01   2.8261395e-02
1.5128200e-01   3.0712457e-02
1.6323499e-01   3.3337813e-02
1.7553200e-01   3.6041163e-02
1.8815701e-01   3.8827870e-02
2.0109700e-01   4.1697152e-02
2.1433701e-01   4.4600096e-02
2.2786400e-01   4.7516186e-02
2.4166299e-01   5.0393183e-02
2.5571901e-01   5.3204447e-02
2.7001700e-01   5.5930484e-02
2.8454199e-01   5.8547504e-02
2.9927999e-01   6.1037138e-02
3.1421500e-01   6.3359313e-02
3.2933101e-01   6.5494128e-02
3.4461299e-01   6.7434810e-02
3.6004499e-01   6.9170900e-02
3.7561101e-01   7.0692874e-02
3.9129600e-01   7.1961008e-02
4.0708300e-01   7.2940685e-02
4.2295700e-01   7.3636271e-02
4.3890101e-01   7.4083924e-02
4.5489901e-01   7.4305870e-02
4.7093499e-01   7.4348494e-02
4.8699200e-01   7.4244395e-02
5.0305498e-01   7.4013866e-02
5.1910698e-01   7.3665880e-02
5.3513199e-01   7.3178545e-02
5.5111402e-01   7.2560117e-02
5.6703597e-01   7.1797758e-02
5.8288401e-01   7.0839539e-02
5.9864002e-01   6.9649816e-02
6.1429000e-01   6.8253614e-02
6.2981701e-01   6.6688396e-02
6.4520597e-01   6.4974427e-02
6.6044199e-01   6.3126527e-02
6.7550898e-01   6.1183952e-02
6.9039297e-01   5.9163664e-02
7.0507699e-01   5.7097275e-02
7.1954900e-01   5.5025361e-02
7.3379302e-01   5.2928980e-02
7.4779499e-01   5.0786074e-02
7.6154202e-01   4.8610352e-02
7.7501899e-01   4.6405584e-02
7.8821403e-01   4.4183057e-02
8.0111301e-01   4.1938733e-02
8.1370401e-01   3.9690539e-02
8.2597297e-01   3.7466872e-02
8.3791000e-01   3.5278637e-02
8.4950101e-01   3.3136126e-02
8.6073500e-01   3.1045975e-02
8.7160099e-01   2.9001528e-02
8.8208801e-01   2.6992805e-02
8.9218402e-01   2.5019996e-02
9.0188003e-01   2.3082208e-02
9.1116500e-01   2.1180315e-02
9.2003101e-01   1.9365659e-02
9.2846799e-01   1.7680226e-02
9.3646699e-01   1.6125323e-02
9.4401902e-01   1.4690768e-02
9.5111603e-01   1.3369951e-02
9.5775098e-01   1.2174664e-02
9.6392000e-01   1.1143669e-02
9.6961600e-01   1.0312008e-02
9.7483599e-01   9.6599339e-03
9.7957498e-01   9.1044717e-03
9.8383099e-01   8.6015249e-03
9.8759800e-01   8.2015553e-03
9.9087399e-01   7.8994036e-03
9.9365300e-01   7.6410570e-03
9.9593401e-01   7.3968321e-03
9.9771100e-01   7.1633463e-03
9.9898201e-01   6.9470350e-03
9.9974501e-01   6.7970152e-03
1.0000000e+00   6.7443978e-03
