1.0000000e+00   -1.8110941e-04
9.9974501e-01   1.5365343e-04
9.9898201e-01   6.5817800e-04
9.9771100e-01   8.2325336e-04
9.9593300e-01   1.6476122e-03
9.9365300e-01   2.0386009e-03
9.9087399e-01   2.6108508e-03
9.8759800e-01   3.7186507e-03
9.8382998e-01   4.5852964e-03
9.7957498e-01   6.1403699e-03
9.7483599e-01   7.0636026e-03
9.6961600e-01   8.6720949e-03
9.6392000e-01   1.0308252e-02
9.5775098e-01   1.2095655e-02
9.5111603e-01   1.3745205e-02
9.4401902e-01   1.5838057e-02
9.3646699e-01   1.7774146e-02
9.2846799e-01   1.9881601e-02
9.2003101e-01   2.2131026e-02
9.1116500e-01   2.4426872e-02
9.0187901e-01   2.7130865e-02
8.9218301e-01   2.9377202e-02
8.8208699e-01   3.2090917e-02
8.7160099e-01   3.5172213e-02
8.6073500e-01   3.7796300e-02
8.4950101e-01   4.1021120e-02
8.3791000e-01   4.3836545e-02
8.2597399e-01   4.7663458e-02
8.1370401e-01   5.1386923e-02
8.0111301e-01   5.4387286e-02
7.8821403e-01   5.8497358e-02
7.7501899e-01   6.2251151e-02
7.6154101e-01   6.5221049e-02
7.4779499e-01   6.9380723e-02
7.3379201e-01   7.3229685e-02
7.1954799e-01   7.7392817e-02
7.0507699e-01   8.1258602e-02
6.9039202e-01   8.5115716e-02
6.7550898e-01   8.8869222e-02
6.6044199e-01   9.2477664e-02
6.4520597e-01   9.6149497e-02
6.2981701e-01   9.9445745e-02
6.1429000e-01   1.0334121e-01
5.9864002e-01   1.0650140e-01
5.8288401e-01   1.0929988e-01
5.6703597e-01   1.1288615e-01
5.5111301e-01   1.1581962e-01
5.3513098e-01   1.1822059e-01
5.1910597e-01   1.2085662e-01
5.0305402e-01   1.2328033e-01
4.8699099e-01   1.2526180e-01
4.7093400e-01   1.2755814e-01
4.5489800e-01   1.2962815e-01
4.3889999e-01   1.3051750e-01
4.2295599e-01   1.3232435e-01
4.0708300e-01   1.3313973e-01
3.9129499e-01   1.3434803e-01
3.7560999e-01   1.3498327e-01
3.6004400e-01   1.3581632e-01
3.4461200e-01   1.3553706e-01
3.2933000e-01   1.3602778e-01
3.1421301e-01   1.3521148e-01
2.9927900e-01   1.3549609e-01
2.8454101e-01   1.3467285e-01
2.7001500e-01   1.3398191e-01
2.5571701e-01   1.3302980e-01
2.4166100e-01   1.3169235e-01
2.2786200e-01   1.2996086e-01
2.1433599e-01   1.2805530e-01
2.0109500e-01   1.2686060e-01
1.8815500e-01   1.2481276e-01
1.7553000e-01   1.2239296e-01
1.6323400e-01   1.2014969e-01
1.5128000e-01   1.1718855e-01
1.3968100e-01   1.1448419e-01
1.2845200e-01   1.1130200e-01
1.1760600e-01   1.0750860e-01
1.0715500e-01   1.0446121e-01
9.7112998e-02   1.0066348e-01
8.7493002e-02   9.6302293e-02
7.8305997e-02   9.2134848e-02
6.9565997e-02   8.7780915e-02
6.1285000e-02   8.3533086e-02
5.3474002e-02   7.9001807e-02
4.6149999e-02   7.4160159e-02
3.9326001e-02   6.9031440e-02
3.3013999e-02   6.3740462e-02
2.7230000e-02   5.8392499e-02
2.1980001e-02   5.2628275e-02
1.7277000e-02   4.6910860e-02
1.3141000e-02   4.0811561e-02
9.5729996e-03   3.4493584e-02
6.5830001e-03   2.8169231e-02
4.1880002e-03   2.1923069e-02
2.3540000e-03   1.5725121e-02
1.0810000e-03   1.0007478e-02
3.7100000e-04   5.5815540e-03
7.6999997e-05   1.9908038e-03
4.9999999e-06   -2.2031344e-04
0.0000000e+00   -8.4993802e-04
4.9999999e-06   -1.6259733e-03
7.6999997e-05   -3.7767245e-03
3.7100000e-04   -7.5008762e-03
1.0810000e-03   -1.2221443e-02
2.3530000e-03   -1.7686699e-02
4.1880002e-03   -2.4024997e-02
6.5850001e-03   -3.0214569e-02
9.5760003e-03   -3.6405955e-02
1.3145000e-02   -4.2351875e-02
1.7281000e-02   -4.8390877e-02
2.1983000e-02   -5.4260544e-02
2.7232001e-02   -5.9465233e-02
3.3016000e-02   -6.4679608e-02
3.9328001e-02   -6.9932520e-02
4.6151999e-02   -7.4961215e-02
5.3475998e-02   -7.9897568e-02
6.1287001e-02   -8.4338762e-02
6.9568001e-02   -8.8800423e-02
7.8308001e-02   -9.3330443e-02
8.7494999e-02   -9.7562544e-02
9.7115003e-02   -1.0141277e-01
1.0715700e-01   -1.0549954e-01
1.1760800e-01   -1.0926018e-01
1.2845400e-01   -1.1266025e-01
1.3968299e-01   -1.1581891e-01
1.5128200e-01   -1.1911391e-01
1.6323499e-01   -1.2172257e-01
1.7553200e-01   -1.2457207e-01
1.8815701e-01   -1.2729269e-01
2.0109700e-01   -1.2961818e-01
2.1433701e-01   -1.3159497e-01
2.2786400e-01   -1.3366322e-01
2.4166299e-01   -1.3517597e-01
2.5571901e-01   -1.3661970e-01
2.7001700e-01   -1.3757679e-01
2.8454199e-01   -1.3937724e-01
2.9927999e-01   -1.3964434e-01
3.1421500e-01   -1.3983887e-01
3.2933101e-01   -1.4055200e-01
3.4461299e-01   -1.4065912e-01
3.6004499e-01   -1.3991338e-01
3.7561101e-01   -1.3944921e-01
3.9129600e-01   -1.3840982e-01
4.0708300e-01   -1.3733995e-01
4.2295700e-01   -1.3630167e-01
4.3890101e-01   -1.3428387e-01
4.5489901e-01   -1.3296346e-01
4.7093499e-01   -1.3165541e-01
4.8699200e-01   -1.2843806e-01
5.0305498e-01   -1.2633428e-01
5.1910698e-01   -1.2362756e-01
5.3513199e-01   -1.2139966e-01
5.5111402e-01   -1.1839718e-01
5.6703597e-01   -1.1508022e-01
5.8288401e-01   -1.1224423e-01
5.9864002e-01   -1.0876758e-01
6.1429000e-01   -1.0555513e-01
6.2981701e-01   -1.0196998e-01
6.4520597e-01   -9.8504111e-02
6.6044199e-01   -9.4329298e-02
6.7550898e-01   -9.0505131e-02
6.9039297e-01   -8.6935312e-02
7.0507699e-01   -8.2844175e-02
7.1954900e-01   -7.9401210e-02
7.3379302e-01   -7.5440563e-02
7.4779499e-01   -7.1531728e-02
7.6154202e-01   -6.7071632e-02
7.7501899e-01   -6.3684329e-02
7.8821403e-01   -6.0398955e-02
8.0111301e-01   -5.6122195e-02
8.1370401e-01   -5.2473739e-02
8.2597297e-01   -4.8951808e-02
8.3791000e-01   -4.5920487e-02
8.4950101e-01   -4.2350519e-02
8.6073500e-01   -3.9781529e-02
8.7160099e-01   -3.6454000e-02
8.8208801e-01   -3.3405732e-02
8.9218402e-01   -3.0819319e-02
9.0188003e-01   -2.8325206e-02
9.1116500e-01   -2.5959771e-02
9.2003101e-01   -2.3374785e-02
9.2846799e-01   -2.1049887e-02
9.3646699e-01   -1.9160556e-02
9.4401902e-01   -1.7392008e-02
9.5111603e-01   -1.5449613e-02
9.5775098e-01   -1.3652493e-02
9.6392000e-01   -1.2399864e-02
9.6961600e-01   -1.1017866e-02
9.7483599e-01   -9.5398175e-03
9.7957498e-01   -8.4793633e-03
9.8383099e-01   -7.4971090e-03
9.8759800e-01   -6.4570755e-03
9.9087399e-01   -5.4945629e-03
9.9365300e-01   -4.8940582e-03
9.9593401e-01   -4.4481531e-03
9.9771100e-01   -4.0088454e-03
9.9898201e-01   -3.4617928e-03
9.9974501e-01   -3.3549273e-03
1.0000000e+00   -3.2668228e-03
