1.0000000e+00   -5.3081836e-04
9.9974501e-01   -1.8987271e-04
9.9898201e-01   1.0934763e-04
9.9771100e-01   9.0223039e-06
9.9593300e-01   6.1751920e-04
9.9365300e-01   1.4379717e-03
9.9087399e-01   1.8763967e-03
9.8759800e-01   2.7145694e-03
9.8382998e-01   3.7523457e-03
9.7957498e-01   5.1688850e-03
9.7483599e-01   6.4197439e-03
9.6961600e-01   8.0192909e-03
9.6392000e-01   9.8723024e-03
9.5775098e-01   1.1800679e-02
9.5111603e-01   1.3748484e-02
9.4401902e-01   1.5896788e-02
9.3646699e-01   1.8378783e-02
9.2846799e-01   2.0520695e-02
9.2003101e-01   2.3312824e-02
9.1116500e-01   2.5917117e-02
9.0187901e-01   2.8765144e-02
8.9218301e-01   3.1569812e-02
8.8208699e-01   3.4633067e-02
8.7160099e-01   3.8552560e-02
8.6073500e-01   4.1953214e-02
8.4950101e-01   4.5891099e-02
8.3791000e-01   4.9743757e-02
8.2597399e-01   5.4032169e-02
8.1370401e-01   5.8472246e-02
8.0111301e-01   6.3408822e-02
7.8821403e-01   6.8295442e-02
7.7501899e-01   7.3233180e-02
7.6154101e-01   7.7951387e-02
7.4779499e-01   8.3885394e-02
7.3379201e-01   8.9051060e-02
7.1954799e-01   9.4811581e-02
7.0507699e-01   1.0103133e-01
6.9039202e-01   1.0644729e-01
6.7550898e-01   1.1227168e-01
6.6044199e-01   1.1836805e-01
6.4520597e-01   1.2442733e-01
6.2981701e-01   1.3017848e-01
6.1429000e-01   1.3715170e-01
5.9864002e-01   1.4311723e-01
5.8288401e-01   1.4856695e-01
5.6703597e-01   1.5504007e-01
5.5111301e-01   1.6077718e-01
5.3513098e-01   1.6672869e-01
5.1910597e-01   1.7244452e-01
5.0305402e-01   1.7761759e-01
4.8699099e-01   1.8285635e-01
4.7093400e-01   1.8876860e-01
4.5489800e-01   1.9280355e-01
4.3889999e-01   1.9664456e-01
4.2295599e-01   2.0082107e-01
4.0708300e-01   2.0430568e-01
3.9129499e-01   2.0782532e-01
3.7560999e-01   2.1080178e-01
3.6004400e-01   2.1396600e-01
3.4461200e-01   2.1486568e-01
3.2933000e-01   2.1684957e-01
3.1421301e-01   2.1826287e-01
2.9927900e-01   2.1917546e-01
2.8454101e-01   2.1930750e-01
2.7001500e-01   2.1919021e-01
2.5571701e-01   2.1852763e-01
2.4166100e-01   2.1706647e-01
2.2786200e-01   2.1469273e-01
2.1433599e-01   2.1215223e-01
2.0109500e-01   2.0936856e-01
1.8815500e-01   2.0610996e-01
1.7553000e-01   2.0197459e-01
1.6323400e-01   1.9718444e-01
1.5128000e-01   1.9164382e-01
1.3968100e-01   1.8598512e-01
1.2845200e-01   1.7982101e-01
1.1760600e-01   1.7241991e-01
1.0715500e-01   1.6558717e-01
9.7112998e-02   1.5820856e-01
8.7493002e-02   1.4982325e-01
7.8305997e-02   1.4145391e-01
6.9565997e-02   1.3292710e-01
6.1285000e-02   1.2404224e-01
5.3474002e-02   1.1492848e-01
4.6149999e-02   1.0589718e-01
3.9326001e-02   9.6318945e-02
3.3013999e-02   8.6868152e-02
2.7230000e-02   7.7575803e-02
2.1980001e-02   6.8188883e-02
1.7277000e-02   5.9092801e-02
1.3141000e-02   5.0246749e-02
9.5729996e-03   4.1602071e-02
6.5830001e-03   3.3130303e-02
4.1880002e-03   2.5458170e-02
2.3540000e-03   1.8548179e-02
1.0810000e-03   1.2404590e-02
3.7100000e-04   7.4860146e-03
7.6999997e-05   3.8466356e-03
4.9999999e-06   1.6271099e-03
0.0000000e+00   1.0051223e-03
4.9999999e-06   4.4584458e-04
7.6999997e-05   -1.8381497e-03
3.7100000e-04   -5.4147881e-03
1.0810000e-03   -9.8435348e-03
2.3530000e-03   -1.4361766e-02
4.1880002e-03   -1.9055266e-02
6.5850001e-03   -2.3197612e-02
9.5760003e-03   -2.6987081e-02
1.3145000e-02   -3.0272292e-02
1.7281000e-02   -3.3005886e-02
2.1983000e-02   -3.5420533e-02
2.7232001e-02   -3.7400629e-02
3.3016000e-02   -3.9018676e-02
3.9328001e-02   -4.0933684e-02
4.6151999e-02   -4.2309046e-02
5.3475998e-02   -4.3901727e-02
6.1287001e-02   -4.5333687e-02
6.9568001e-02   -4.6346139e-02
7.8308001e-02   -4.8149087e-02
8.7494999e-02   -4.9032342e-02
9.7115003e-02   -5.0184585e-02
1.0715700e-01   -5.1482588e-02
1.1760800e-01   -5.2520685e-02
1.2845400e-01   -5.4196566e-02
1.3968299e-01   -5.4745533e-02
1.5128200e-01   -5.6699272e-02
1.6323499e-01   -5.7373080e-02
1.7553200e-01   -5.9053339e-02
1.8815701e-01   -6.0657658e-02
2.0109700e-01   -6.1333768e-02
2.1433701e-01   -6.2403236e-02
2.2786400e-01   -6.3916780e-02
2.4166299e-01   -6.5300517e-02
2.5571901e-01   -6.6259898e-02
2.7001700e-01   -6.7107663e-02
2.8454199e-01   -6.9570504e-02
2.9927999e-01   -6.9694005e-02
3.1421500e-01   -7.0941739e-02
3.2933101e-01   -7.2047323e-02
3.4461299e-01   -7.3142685e-02
3.6004499e-01   -7.4098617e-02
3.7561101e-01   -7.5036637e-02
3.9129600e-01   -7.5501792e-02
4.0708300e-01   -7.6639459e-02
4.2295700e-01   -7.7396058e-02
4.3890101e-01   -7.7669039e-02
4.5489901e-01   -7.8064032e-02
4.7093499e-01   -7.9281300e-02
4.8699200e-01   -7.8923129e-02
5.0305498e-01   -7.9336151e-02
5.1910698e-01   -7.9192743e-02
5.3513199e-01   -7.9407841e-02
5.5111402e-01   -7.9094149e-02
5.6703597e-01   -7.8268901e-02
5.8288401e-01   -7.8544565e-02
5.9864002e-01   -7.7817656e-02
6.1429000e-01   -7.7167466e-02
6.2981701e-01   -7.6680660e-02
6.4520597e-01   -7.6113470e-02
6.6044199e-01   -7.4232504e-02
6.7550898e-01   -7.3352583e-02
6.9039297e-01   -7.2834253e-02
7.0507699e-01   -7.1277387e-02
7.1954900e-01   -6.9858223e-02
7.3379302e-01   -6.8361171e-02
7.4779499e-01   -6.6771850e-02
7.6154202e-01   -6.4342238e-02
7.7501899e-01   -6.2453505e-02
7.8821403e-01   -6.0674500e-02
8.0111301e-01   -5.8058016e-02
8.1370401e-01   -5.5837236e-02
8.2597297e-01   -5.2972041e-02
8.3791000e-01   -5.0711025e-02
8.4950101e-01   -4.7537576e-02
8.6073500e-01   -4.5279041e-02
8.7160099e-01   -4.2101372e-02
8.8208801e-01   -3.9578788e-02
8.9218402e-01   -3.6637031e-02
9.0188003e-01   -3.4300286e-02
9.1116500e-01   -3.1728562e-02
9.2003101e-01   -2.8747816e-02
9.2846799e-01   -2.6328877e-02
9.3646699e-01   -2.4006499e-02
9.4401902e-01   -2.1526327e-02
9.5111603e-01   -1.9466294e-02
9.5775098e-01   -1.7084435e-02
9.6392000e-01   -1.5218414e-02
9.6961600e-01   -1.3449074e-02
9.7483599e-01   -1.1559011e-02
9.7957498e-01   -9.9261701e-03
9.8383099e-01   -9.0244999e-03
9.8759800e-01   -7.7125891e-03
9.9087399e-01   -6.4836349e-03
9.9365300e-01   -5.6807143e-03
9.9593401e-01   -5.1279957e-03
9.9771100e-01   -4.6950066e-03
9.9898201e-01   -4.2727375e-03
9.9974501e-01   -4.1669440e-03
1.0000000e+00   -4.1115498e-03
