1.0000000e+00   2.8288099e-03
9.9974501e-01   3.2793591e-03
9.9898201e-01   3.7218104e-03
9.9771100e-01   4.5048306e-03
9.9593300e-01   5.2411738e-03
9.9365300e-01   6.4687938e-03
9.9087399e-01   8.2531199e-03
9.8759800e-01   9.6622165e-03
9.8382998e-01   1.2029367e-02
9.7957498e-01   1.4177323e-02
9.7483599e-01   1.6852790e-02
9.6961600e-01   1.9786494e-02
9.6392000e-01   2.3354603e-02
9.5775098e-01   2.7176458e-02
9.5111603e-01   3.1015541e-02
9.4401902e-01   3.5478551e-02
9.3646699e-01   4.0188145e-02
9.2846799e-01   4.5063410e-02
9.2003101e-01   5.0230641e-02
9.1116500e-01   5.5441700e-02
9.0187901e-01   6.1142646e-02
8.9218301e-01   6.6796027e-02
8.8208699e-01   7.2675824e-02
8.7160099e-01   7.8645609e-02
8.6073500e-01   8.4554628e-02
8.4950101e-01   9.1318637e-02
8.3791000e-01   9.7877041e-02
8.2597399e-01   1.0450114e-01
8.1370401e-01   1.1115576e-01
8.0111301e-01   1.1779805e-01
7.8821403e-01   1.2452531e-01
7.7501899e-01   1.3130078e-01
7.6154101e-01   1.3804063e-01
7.4779499e-01   1.4472644e-01
7.3379201e-01   1.5131803e-01
7.1954799e-01   1.5772323e-01
7.0507699e-01   1.6422823e-01
6.9039202e-01   1.7042430e-01
6.7550898e-01   1.7646088e-01
6.6044199e-01   1.8235716e-01
6.4520597e-01   1.8859683e-01
6.2981701e-01   1.9347675e-01
6.1429000e-01   1.9881113e-01
5.9864002e-01   2.0373453e-01
5.8288401e-01   2.0824133e-01
5.6703597e-01   2.1244457e-01
5.5111301e-01   2.1626246e-01
5.3513098e-01   2.2011843e-01
5.1910597e-01   2.2325541e-01
5.0305402e-01   2.2633173e-01
4.8699099e-01   2.2876400e-01
4.7093400e-01   2.3073493e-01
4.5489800e-01   2.3295090e-01
4.3889999e-01   2.3409256e-01
4.2295599e-01   2.3521684e-01
4.0708300e-01   2.3580168e-01
3.9129499e-01   2.3645224e-01
3.7560999e-01   2.3647313e-01
3.6004400e-01   2.3601358e-01
3.4461200e-01   2.3568262e-01
3.2933000e-01   2.3452127e-01
3.1421301e-01   2.3291826e-01
2.9927900e-01   2.3142803e-01
2.8454101e-01   2.2928299e-01
2.7001500e-01   2.2701871e-01
2.5571701e-01   2.2481804e-01
2.4166100e-01   2.2155164e-01
2.2786200e-01   2.1888110e-01
2.1433599e-01   2.1535824e-01
2.0109500e-01   2.1141364e-01
1.8815500e-01   2.0739399e-01
1.7553000e-01   2.0265900e-01
1.6323400e-01   1.9792910e-01
1.5128000e-01   1.9273651e-01
1.3968100e-01   1.8736975e-01
1.2845200e-01   1.8158837e-01
1.1760600e-01   1.7548628e-01
1.0715500e-01   1.6887665e-01
9.7112998e-02   1.6204105e-01
8.7493002e-02   1.5518513e-01
7.8305997e-02   1.4774707e-01
6.9565997e-02   1.4007337e-01
6.1285000e-02   1.3194408e-01
5.3474002e-02   1.2404098e-01
4.6149999e-02   1.1534629e-01
3.9326001e-02   1.0672489e-01
3.3013999e-02   9.7523220e-02
2.7230000e-02   8.8141963e-02
2.1980001e-02   7.8922205e-02
1.7277000e-02   6.9096625e-02
1.3141000e-02   5.9183020e-02
9.5729996e-03   4.9415909e-02
6.5830001e-03   3.9663110e-02
4.1880002e-03   3.0194603e-02
2.3540000e-03   2.1472506e-02
1.0810000e-03   1.3732985e-02
3.7100000e-04   7.5621987e-03
7.6999997e-05   2.8884057e-03
4.9999999e-06   7.1361952e-05
0.0000000e+00   -9.1071194e-04
4.9999999e-06   -1.8561136e-03
7.6999997e-05   -4.5968452e-03
3.7100000e-04   -9.0918895e-03
1.0810000e-03   -1.4956966e-02
2.3530000e-03   -2.2033663e-02
4.1880002e-03   -2.9524196e-02
6.5850001e-03   -3.7016556e-02
9.5760003e-03   -4.4968653e-02
1.3145000e-02   -5.1810630e-02
1.7281000e-02   -5.8258295e-02
2.1983000e-02   -6.3913427e-02
2.7232001e-02   -6.9601245e-02
3.3016000e-02   -7.5003825e-02
3.9328001e-02   -8.0358192e-02
4.6151999e-02   -8.5197829e-02
5.3475998e-02   -9.0099014e-02
6.1287001e-02   -9.4783477e-02
6.9568001e-02   -9.9297367e-02
7.8308001e-02   -1.0342661e-01
8.7494999e-02   -1.0773150e-01
9.7115003e-02   -1.1138827e-01
1.0715700e-01   -1.1477773e-01
1.1760800e-01   -1.1837448e-01
1.2845400e-01   -1.2175626e-01
1.3968299e-01   -1.2554638e-01
1.5128200e-01   -1.2839504e-01
1.6323499e-01   -1.3144423e-01
1.7553200e-01   -1.3449462e-01
1.8815701e-01   -1.3687925e-01
2.0109700e-01   -1.3927181e-01
2.1433701e-01   -1.4155230e-01
2.2786400e-01   -1.4356734e-01
2.4166299e-01   -1.4564095e-01
2.5571901e-01   -1.4739272e-01
2.7001700e-01   -1.4857799e-01
2.8454199e-01   -1.5020405e-01
2.9927999e-01   -1.5084997e-01
3.1421500e-01   -1.5188202e-01
3.2933101e-01   -1.5238532e-01
3.4461299e-01   -1.5293238e-01
3.6004499e-01   -1.5272336e-01
3.7561101e-01   -1.5282522e-01
3.9129600e-01   -1.5222628e-01
4.0708300e-01   -1.5148218e-01
4.2295700e-01   -1.5114047e-01
4.3890101e-01   -1.4973170e-01
4.5489901e-01   -1.4812216e-01
4.7093499e-01   -1.4617640e-01
4.8699200e-01   -1.4428790e-01
5.0305498e-01   -1.4201424e-01
5.1910698e-01   -1.3969438e-01
5.3513199e-01   -1.3674130e-01
5.5111402e-01   -1.3390227e-01
5.6703597e-01   -1.3047874e-01
5.8288401e-01   -1.2684697e-01
5.9864002e-01   -1.2352693e-01
6.1429000e-01   -1.1963388e-01
6.2981701e-01   -1.1572391e-01
6.4520597e-01   -1.1159562e-01
6.6044199e-01   -1.0716294e-01
6.7550898e-01   -1.0281243e-01
6.9039297e-01   -9.8791681e-02
7.0507699e-01   -9.4364010e-02
7.1954900e-01   -9.0000957e-02
7.3379302e-01   -8.5113056e-02
7.4779499e-01   -8.0438353e-02
7.6154202e-01   -7.6106198e-02
7.7501899e-01   -7.1516156e-02
7.8821403e-01   -6.7663729e-02
8.0111301e-01   -6.3647561e-02
8.1370401e-01   -5.9544150e-02
8.2597297e-01   -5.5683788e-02
8.3791000e-01   -5.2091077e-02
8.4950101e-01   -4.8381034e-02
8.6073500e-01   -4.4546418e-02
8.7160099e-01   -4.1311946e-02
8.8208801e-01   -3.7916861e-02
8.9218402e-01   -3.4615695e-02
9.0188003e-01   -3.1625800e-02
9.1116500e-01   -2.8850291e-02
9.2003101e-01   -2.6058961e-02
9.2846799e-01   -2.3398481e-02
9.3646699e-01   -2.0716701e-02
9.4401902e-01   -1.8433133e-02
9.5111603e-01   -1.6163524e-02
9.5775098e-01   -1.4018994e-02
9.6392000e-01   -1.2348495e-02
9.6961600e-01   -1.0384941e-02
9.7483599e-01   -8.8677621e-03
9.7957498e-01   -7.6009408e-03
9.8383099e-01   -6.3496041e-03
9.8759800e-01   -5.6226770e-03
9.9087399e-01   -4.6032621e-03
9.9365300e-01   -3.9815861e-03
9.9593401e-01   -3.4380690e-03
9.9771100e-01   -2.8092982e-03
9.9898201e-01   -2.6810640e-03
9.9974501e-01   -2.1489267e-03
1.0000000e+00   -2.5146410e-03
