1.0000000e+00   1.7270675e-03
9.9974501e-01   1.9527011e-03
9.9898201e-01   2.1372510e-03
9.9771100e-01   3.5667003e-03
9.9593300e-01   5.0336467e-03
9.9365300e-01   6.4093955e-03
9.9087399e-01   8.0075841e-03
9.8759800e-01   1.0312775e-02
9.8382998e-01   1.3137078e-02
9.7957498e-01   1.5932677e-02
9.7483599e-01   1.8923339e-02
9.6961600e-01   2.2686960e-02
9.6392000e-01   2.6735554e-02
9.5775098e-01   3.1574354e-02
9.5111603e-01   3.6445111e-02
9.4401902e-01   4.1588742e-02
9.3646699e-01   4.6487216e-02
9.2846799e-01   5.2911986e-02
9.2003101e-01   5.9128515e-02
9.1116500e-01   6.5259531e-02
9.0187901e-01   7.1833558e-02
8.9218301e-01   7.8993551e-02
8.8208699e-01   8.6394273e-02
8.7160099e-01   9.4824091e-02
8.6073500e-01   1.0313486e-01
8.4950101e-01   1.1063750e-01
8.3791000e-01   1.1905001e-01
8.2597399e-01   1.2794618e-01
8.1370401e-01   1.3681148e-01
8.0111301e-01   1.4596403e-01
7.8821403e-01   1.5539871e-01
7.7501899e-01   1.6418830e-01
7.6154101e-01   1.7365173e-01
7.4779499e-01   1.8351281e-01
7.3379201e-01   1.9197175e-01
7.1954799e-01   2.0214927e-01
7.0507699e-01   2.1073036e-01
6.9039202e-01   2.1972075e-01
6.7550898e-01   2.2829013e-01
6.6044199e-01   2.3644251e-01
6.4520597e-01   2.4400109e-01
6.2981701e-01   2.5158635e-01
6.1429000e-01   2.5877821e-01
5.9864002e-01   2.6500264e-01
5.8288401e-01   2.7091393e-01
5.6703597e-01   2.7686700e-01
5.5111301e-01   2.8181559e-01
5.3513098e-01   2.8615946e-01
5.1910597e-01   2.9000691e-01
5.0305402e-01   2.9222545e-01
4.8699099e-01   2.9585505e-01
4.7093400e-01   2.9843205e-01
4.5489800e-01   2.9966491e-01
4.3889999e-01   3.0119818e-01
4.2295599e-01   3.0122519e-01
4.0708300e-01   3.0198970e-01
3.9129499e-01   3.0137783e-01
3.7560999e-01   3.0027685e-01
3.6004400e-01   2.9950050e-01
3.4461200e-01   2.9742455e-01
3.2933000e-01   2.9502302e-01
3.1421301e-01   2.9328707e-01
2.9927900e-01   2.8976977e-01
2.8454101e-01   2.8593838e-01
2.7001500e-01   2.8237098e-01
2.5571701e-01   2.7810901e-01
2.4166100e-01   2.7376568e-01
2.2786200e-01   2.6842213e-01
2.1433599e-01   2.6325467e-01
2.0109500e-01   2.5690562e-01
1.8815500e-01   2.5110433e-01
1.7553000e-01   2.4483068e-01
1.6323400e-01   2.3877861e-01
1.5128000e-01   2.3113562e-01
1.3968100e-01   2.2365980e-01
1.2845200e-01   2.1518517e-01
1.1760600e-01   2.0702110e-01
1.0715500e-01   1.9900203e-01
9.7112998e-02   1.8991792e-01
8.7493002e-02   1.8041345e-01
7.8305997e-02   1.7164695e-01
6.9565997e-02   1.6200700e-01
6.1285000e-02   1.5227902e-01
5.3474002e-02   1.4215317e-01
4.6149999e-02   1.3193925e-01
3.9326001e-02   1.2110937e-01
3.3013999e-02   1.1043291e-01
2.7230000e-02   9.9252746e-02
2.1980001e-02   8.7983303e-02
1.7277000e-02   7.6804705e-02
1.3141000e-02   6.5596610e-02
9.5729996e-03   5.4031510e-02
6.5830001e-03   4.2965889e-02
4.1880002e-03   3.2768514e-02
2.3540000e-03   2.3189981e-02
1.0810000e-03   1.5045660e-02
3.7100000e-04   8.5155535e-03
7.6999997e-05   3.9428044e-03
4.9999999e-06   7.3585805e-04
0.0000000e+00   6.1763683e-05
4.9999999e-06   -6.8313058e-04
7.6999997e-05   -3.8490975e-03
3.7100000e-04   -8.4117511e-03
1.0810000e-03   -1.5063396e-02
2.3530000e-03   -2.2193650e-02
4.1880002e-03   -3.0567449e-02
6.5850001e-03   -3.9654136e-02
9.5760003e-03   -4.7727060e-02
1.3145000e-02   -5.5944145e-02
1.7281000e-02   -6.3877895e-02
2.1983000e-02   -7.1635835e-02
2.7232001e-02   -7.8705311e-02
3.3016000e-02   -8.6306423e-02
3.9328001e-02   -9.3575895e-02
4.6151999e-02   -1.0079292e-01
5.3475998e-02   -1.0770237e-01
6.1287001e-02   -1.1456724e-01
6.9568001e-02   -1.2122680e-01
7.8308001e-02   -1.2815046e-01
8.7494999e-02   -1.3434261e-01
9.7115003e-02   -1.4095570e-01
1.0715700e-01   -1.4752306e-01
1.1760800e-01   -1.5363675e-01
1.2845400e-01   -1.5984310e-01
1.3968299e-01   -1.6486245e-01
1.5128200e-01   -1.7050503e-01
1.6323499e-01   -1.7599873e-01
1.7553200e-01   -1.8083316e-01
1.8815701e-01   -1.8621507e-01
2.0109700e-01   -1.9126892e-01
2.1433701e-01   -1.9530413e-01
2.2786400e-01   -1.9985017e-01
2.4166299e-01   -2.0321092e-01
2.5571901e-01   -2.0647962e-01
2.7001700e-01   -2.1010146e-01
2.8454199e-01   -2.1243224e-01
2.9927999e-01   -2.1537013e-01
3.1421500e-01   -2.1684696e-01
3.2933101e-01   -2.1979684e-01
3.4461299e-01   -2.2051786e-01
3.6004499e-01   -2.2185537e-01
3.7561101e-01   -2.2253668e-01
3.9129600e-01   -2.2312471e-01
4.0708300e-01   -2.2318567e-01
4.2295700e-01   -2.2232915e-01
4.3890101e-01   -2.2143935e-01
4.5489901e-01   -2.1996844e-01
4.7093499e-01   -2.1798106e-01
4.8699200e-01   -2.1621016e-01
5.0305498e-01   -2.1320340e-01
5.1910698e-01   -2.0980984e-01
5.3513199e-01   -2.0563306e-01
5.5111402e-01   -2.0176370e-01
5.6703597e-01   -1.9703265e-01
5.8288401e-01   -1.9188638e-01
5.9864002e-01   -1.8511547e-01
6.1429000e-01   -1.7965101e-01
6.2981701e-01   -1.7223135e-01
6.4520597e-01   -1.6518390e-01
6.6044199e-01   -1.5784144e-01
6.7550898e-01   -1.4978904e-01
6.9039297e-01   -1.4103284e-01
7.0507699e-01   -1.3281982e-01
7.1954900e-01   -1.2456094e-01
7.3379302e-01   -1.1613815e-01
7.4779499e-01   -1.0854757e-01
7.6154202e-01   -9.9937618e-02
7.7501899e-01   -9.1829300e-02
7.8821403e-01   -8.3987750e-02
8.0111301e-01   -7.6528393e-02
8.1370401e-01   -6.9175795e-02
8.2597297e-01   -6.2200993e-02
8.3791000e-01   -5.6333181e-02
8.4950101e-01   -4.9615566e-02
8.6073500e-01   -4.4535439e-02
8.7160099e-01   -3.8823958e-02
8.8208801e-01   -3.3756409e-02
8.9218402e-01   -2.9153887e-02
9.0188003e-01   -2.4537971e-02
9.1116500e-01   -2.1362148e-02
9.2003101e-01   -1.7451121e-02
9.2846799e-01   -1.4543920e-02
9.3646699e-01   -1.1957107e-02
9.4401902e-01   -9.7209150e-03
9.5111603e-01   -7.7636293e-03
9.5775098e-01   -6.3280212e-03
9.6392000e-01   -4.8856265e-03
9.6961600e-01   -4.3520941e-03
9.7483599e-01   -3.4692122e-03
9.7957498e-01   -3.2301515e-03
9.8383099e-01   -2.8760755e-03
9.8759800e-01   -2.7264960e-03
9.9087399e-01   -2.5115416e-03
9.9365300e-01   -2.5626542e-03
9.9593401e-01   -2.5957690e-03
9.9771100e-01   -2.8805705e-03
9.9898201e-01   -2.8126002e-03
9.9974501e-01   -2.8851121e-03
1.0000000e+00   -2.5479235e-03
