1.0000000e+00   -1.3316859e-05
9.9974501e-01   8.1462545e-05
9.9898201e-01   4.6487289e-04
9.9771100e-01   1.0347926e-03
9.9593300e-01   1.7990784e-03
9.9365300e-01   2.9156313e-03
9.9087399e-01   4.5263269e-03
9.8759800e-01   6.4254445e-03
9.8382998e-01   8.5831974e-03
9.7957498e-01   1.0850015e-02
9.7483599e-01   1.3583822e-02
9.6961600e-01   1.6395211e-02
9.6392000e-01   1.9510238e-02
9.5775098e-01   2.2832580e-02
9.5111603e-01   2.6393475e-02
9.4401902e-01   3.0242732e-02
9.3646699e-01   3.4565128e-02
9.2846799e-01   3.9282188e-02
9.2003101e-01   4.4175941e-02
9.1116500e-01   4.9152568e-02
9.0187901e-01   5.4654390e-02
8.9218301e-01   6.0270630e-02
8.8208699e-01   6.6186719e-02
8.7160099e-01   7.2540574e-02
8.6073500e-01   7.8994520e-02
8.4950101e-01   8.5567370e-02
8.3791000e-01   9.2561193e-02
8.2597399e-01   9.9524312e-02
8.1370401e-01   1.0694421e-01
8.0111301e-01   1.1413658e-01
7.8821403e-01   1.2156223e-01
7.7501899e-01   1.2897581e-01
7.6154101e-01   1.3656729e-01
7.4779499e-01   1.4425990e-01
7.3379201e-01   1.5175785e-01
7.1954799e-01   1.5923363e-01
7.0507699e-01   1.6687278e-01
6.9039202e-01   1.7437117e-01
6.7550898e-01   1.8220350e-01
6.6044199e-01   1.8949997e-01
6.4520597e-01   1.9685102e-01
6.2981701e-01   2.0407894e-01
6.1429000e-01   2.1110229e-01
5.9864002e-01   2.1755551e-01
5.8288401e-01   2.2385685e-01
5.6703597e-01   2.2958742e-01
5.5111301e-01   2.3531967e-01
5.3513098e-01   2.4061616e-01
5.1910597e-01   2.4574202e-01
5.0305402e-01   2.5013646e-01
4.8699099e-01   2.5444064e-01
4.7093400e-01   2.5816458e-01
4.5489800e-01   2.6171267e-01
4.3889999e-01   2.6470897e-01
4.2295599e-01   2.6709774e-01
4.0708300e-01   2.6891693e-01
3.9129499e-01   2.7021104e-01
3.7560999e-01   2.7134439e-01
3.6004400e-01   2.7205202e-01
3.4461200e-01   2.7246404e-01
3.2933000e-01   2.7211508e-01
3.1421301e-01   2.7111208e-01
2.9927900e-01   2.6994008e-01
2.8454101e-01   2.6851317e-01
2.7001500e-01   2.6630539e-01
2.5571701e-01   2.6386255e-01
2.4166100e-01   2.6095241e-01
2.2786200e-01   2.5783983e-01
2.1433599e-01   2.5411341e-01
2.0109500e-01   2.4978577e-01
1.8815500e-01   2.4517141e-01
1.7553000e-01   2.3981737e-01
1.6323400e-01   2.3421450e-01
1.5128000e-01   2.2783449e-01
1.3968100e-01   2.2137943e-01
1.2845200e-01   2.1442100e-01
1.1760600e-01   2.0715040e-01
1.0715500e-01   1.9906124e-01
9.7112998e-02   1.9110835e-01
8.7493002e-02   1.8232720e-01
7.8305997e-02   1.7330675e-01
6.9565997e-02   1.6383202e-01
6.1285000e-02   1.5412034e-01
5.3474002e-02   1.4398231e-01
4.6149999e-02   1.3367075e-01
3.9326001e-02   1.2295646e-01
3.3013999e-02   1.1208139e-01
2.7230000e-02   1.0102325e-01
2.1980001e-02   8.9730076e-02
1.7277000e-02   7.8259587e-02
1.3141000e-02   6.6595174e-02
9.5729996e-03   5.4999828e-02
6.5830001e-03   4.3769751e-02
4.1880002e-03   3.3266190e-02
2.3540000e-03   2.3685485e-02
1.0810000e-03   1.5445425e-02
3.7100000e-04   8.6550135e-03
7.6999997e-05   3.8929563e-03
4.9999999e-06   9.6835749e-04
0.0000000e+00   1.2401949e-05
4.9999999e-06   -9.5697929e-04
7.6999997e-05   -3.9085471e-03
3.7100000e-04   -8.5844956e-03
1.0810000e-03   -1.4996927e-02
2.3530000e-03   -2.2762876e-02
4.1880002e-03   -3.1642597e-02
6.5850001e-03   -4.0845271e-02
9.5760003e-03   -5.0537426e-02
1.3145000e-02   -6.0281020e-02
1.7281000e-02   -7.0188157e-02
2.1983000e-02   -7.9808213e-02
2.7232001e-02   -8.9093767e-02
3.3016000e-02   -9.8135449e-02
3.9328001e-02   -1.0700594e-01
4.6151999e-02   -1.1580397e-01
5.3475998e-02   -1.2401804e-01
6.1287001e-02   -1.3190973e-01
6.9568001e-02   -1.3967133e-01
7.8308001e-02   -1.4691839e-01
8.7494999e-02   -1.5396729e-01
9.7115003e-02   -1.6041197e-01
1.0715700e-01   -1.6676369e-01
1.1760800e-01   -1.7268002e-01
1.2845400e-01   -1.7847231e-01
1.3968299e-01   -1.8372214e-01
1.5128200e-01   -1.8846284e-01
1.6323499e-01   -1.9308367e-01
1.7553200e-01   -1.9731852e-01
1.8815701e-01   -2.0137131e-01
2.0109700e-01   -2.0489930e-01
2.1433701e-01   -2.0796806e-01
2.2786400e-01   -2.1119510e-01
2.4166299e-01   -2.1391778e-01
2.5571901e-01   -2.1597463e-01
2.7001700e-01   -2.1797009e-01
2.8454199e-01   -2.1920216e-01
2.9927999e-01   -2.2047459e-01
3.1421500e-01   -2.2129227e-01
3.2933101e-01   -2.2214992e-01
3.4461299e-01   -2.2235395e-01
3.6004499e-01   -2.2213362e-01
3.7561101e-01   -2.2144336e-01
3.9129600e-01   -2.2039017e-01
4.0708300e-01   -2.1923056e-01
4.2295700e-01   -2.1749006e-01
4.3890101e-01   -2.1564192e-01
4.5489901e-01   -2.1326070e-01
4.7093499e-01   -2.1069735e-01
4.8699200e-01   -2.0761262e-01
5.0305498e-01   -2.0408069e-01
5.1910698e-01   -2.0000422e-01
5.3513199e-01   -1.9598636e-01
5.5111402e-01   -1.9134995e-01
5.6703597e-01   -1.8662080e-01
5.8288401e-01   -1.8123902e-01
5.9864002e-01   -1.7568925e-01
6.1429000e-01   -1.6978808e-01
6.2981701e-01   -1.6383937e-01
6.4520597e-01   -1.5772228e-01
6.6044199e-01   -1.5159646e-01
6.7550898e-01   -1.4563164e-01
6.9039297e-01   -1.3938914e-01
7.0507699e-01   -1.3325198e-01
7.1954900e-01   -1.2710407e-01
7.3379302e-01   -1.2119188e-01
7.4779499e-01   -1.1516956e-01
7.6154202e-01   -1.0916162e-01
7.7501899e-01   -1.0344750e-01
7.8821403e-01   -9.7735755e-02
8.0111301e-01   -9.1881685e-02
8.1370401e-01   -8.6208932e-02
8.2597297e-01   -8.0730602e-02
8.3791000e-01   -7.4974284e-02
8.4950101e-01   -6.9650002e-02
8.6073500e-01   -6.4282440e-02
8.7160099e-01   -5.9282884e-02
8.8208801e-01   -5.4471422e-02
8.9218402e-01   -4.9682654e-02
9.0188003e-01   -4.5356870e-02
9.1116500e-01   -4.1089833e-02
9.2003101e-01   -3.6970343e-02
9.2846799e-01   -3.3017576e-02
9.3646699e-01   -2.9335275e-02
9.4401902e-01   -2.5818942e-02
9.5111603e-01   -2.2727309e-02
9.5775098e-01   -2.0142242e-02
9.6392000e-01   -1.7375214e-02
9.6961600e-01   -1.4808072e-02
9.7483599e-01   -1.2292615e-02
9.7957498e-01   -1.0017839e-02
9.8383099e-01   -7.9683764e-03
9.8759800e-01   -6.0519441e-03
9.9087399e-01   -4.4380124e-03
9.9365300e-01   -3.0613842e-03
9.9593401e-01   -1.9918217e-03
9.9771100e-01   -1.0631999e-03
9.9898201e-01   -4.0969695e-04
9.9974501e-01   -1.1882069e-04
1.0000000e+00   3.1980526e-06
