1.0000000e+00   3.4113328e-03
9.9974501e-01   3.6599855e-03
9.9898201e-01   4.3901349e-03
9.9771100e-01   5.4976423e-03
9.9593300e-01   6.8725031e-03
9.9365300e-01   8.6475611e-03
9.9087399e-01   1.0939582e-02
9.8759800e-01   1.3644633e-02
9.8382998e-01   1.6723262e-02
9.7957498e-01   2.0209722e-02
9.7483599e-01   2.4100788e-02
9.6961600e-01   2.8371029e-02
9.6392000e-01   3.3031244e-02
9.5775098e-01   3.8097300e-02
9.5111603e-01   4.3571085e-02
9.4401902e-01   4.9438030e-02
9.3646699e-01   5.5683833e-02
9.2846799e-01   6.2302362e-02
9.2003101e-01   6.9304779e-02
9.1116500e-01   7.6698542e-02
9.0187901e-01   8.4487692e-02
8.9218301e-01   9.2650309e-02
8.8208699e-01   1.0117117e-01
8.7160099e-01   1.1004720e-01
8.6073500e-01   1.1924666e-01
8.4950101e-01   1.2874179e-01
8.3791000e-01   1.3858034e-01
8.2597399e-01   1.4876547e-01
8.1370401e-01   1.5923794e-01
8.0111301e-01   1.6998678e-01
7.8821403e-01   1.8095955e-01
7.7501899e-01   1.9207130e-01
7.6154101e-01   2.0324232e-01
7.4779499e-01   2.1442887e-01
7.3379201e-01   2.2559834e-01
7.1954799e-01   2.3667011e-01
7.0507699e-01   2.4758361e-01
6.9039202e-01   2.5832042e-01
6.7550898e-01   2.6882711e-01
6.6044199e-01   2.7903110e-01
6.4520597e-01   2.8889573e-01
6.2981701e-01   2.9836997e-01
6.1429000e-01   3.0738214e-01
5.9864002e-01   3.1591764e-01
5.8288401e-01   3.2393712e-01
5.6703597e-01   3.3139589e-01
5.5111301e-01   3.3824486e-01
5.3513098e-01   3.4444657e-01
5.1910597e-01   3.4997097e-01
5.0305402e-01   3.5477188e-01
4.8699099e-01   3.5883790e-01
4.7093400e-01   3.6217943e-01
4.5489800e-01   3.6481556e-01
4.3889999e-01   3.6674342e-01
4.2295599e-01   3.6795488e-01
4.0708300e-01   3.6843926e-01
3.9129499e-01   3.6821052e-01
3.7560999e-01   3.6727396e-01
3.6004400e-01   3.6564365e-01
3.4461200e-01   3.6333168e-01
3.2933000e-01   3.6034879e-01
3.1421301e-01   3.5671031e-01
2.9927900e-01   3.5247713e-01
2.8454101e-01   3.4771150e-01
2.7001500e-01   3.4239084e-01
2.5571701e-01   3.3647481e-01
2.4166100e-01   3.3000141e-01
2.2786200e-01   3.2301092e-01
2.1433599e-01   3.1545001e-01
2.0109500e-01   3.0734068e-01
1.8815500e-01   2.9874465e-01
1.7553000e-01   2.8968957e-01
1.6323400e-01   2.8015268e-01
1.5128000e-01   2.7011919e-01
1.3968100e-01   2.5968099e-01
1.2845200e-01   2.4892773e-01
1.1760600e-01   2.3782291e-01
1.0715500e-01   2.2636734e-01
9.7112998e-02   2.1466549e-01
8.7493002e-02   2.0273145e-01
7.8305997e-02   1.9049846e-01
6.9565997e-02   1.7797081e-01
6.1285000e-02   1.6518204e-01
5.3474002e-02   1.5214507e-01
4.6149999e-02   1.3892974e-01
3.9326001e-02   1.2570515e-01
3.3013999e-02   1.1268852e-01
2.7230000e-02   1.0014396e-01
2.1980001e-02   8.8177182e-02
1.7277000e-02   7.6337352e-02
1.3141000e-02   6.4549558e-02
9.5729996e-03   5.3074978e-02
6.5830001e-03   4.2161372e-02
4.1880002e-03   3.1987682e-02
2.3540000e-03   2.2759795e-02
1.0810000e-03   1.4731932e-02
3.7100000e-04   8.2036769e-03
7.6999997e-05   3.4086721e-03
4.9999999e-06   4.8623348e-04
0.0000000e+00   -4.9483945e-04
4.9999999e-06   -1.4471120e-03
7.6999997e-05   -4.2572049e-03
3.7100000e-04   -8.7378062e-03
1.0810000e-03   -1.4516395e-02
2.3530000e-03   -2.1033622e-02
4.1880002e-03   -2.7741160e-02
6.5850001e-03   -3.4358766e-02
9.5760003e-03   -4.1189283e-02
1.3145000e-02   -4.8492651e-02
1.7281000e-02   -5.5284344e-02
2.1983000e-02   -6.1320849e-02
2.7232001e-02   -6.6706769e-02
3.3016000e-02   -7.1581751e-02
3.9328001e-02   -7.6147929e-02
4.6151999e-02   -8.0514319e-02
5.3475998e-02   -8.4746018e-02
6.1287001e-02   -8.8860810e-02
6.9568001e-02   -9.2847176e-02
7.8308001e-02   -9.6710682e-02
8.7494999e-02   -1.0040303e-01
9.7115003e-02   -1.0385365e-01
1.0715700e-01   -1.0706756e-01
1.1760800e-01   -1.1006586e-01
1.2845400e-01   -1.1281530e-01
1.3968299e-01   -1.1531710e-01
1.5128200e-01   -1.1762566e-01
1.6323499e-01   -1.1976008e-01
1.7553200e-01   -1.2167908e-01
1.8815701e-01   -1.2337880e-01
2.0109700e-01   -1.2492018e-01
2.1433701e-01   -1.2629892e-01
2.2786400e-01   -1.2741362e-01
2.4166299e-01   -1.2825336e-01
2.5571901e-01   -1.2887412e-01
2.7001700e-01   -1.2926830e-01
2.8454199e-01   -1.2940897e-01
2.9927999e-01   -1.2931290e-01
3.1421500e-01   -1.2902527e-01
3.2933101e-01   -1.2853411e-01
3.4461299e-01   -1.2779306e-01
3.6004499e-01   -1.2678283e-01
3.7561101e-01   -1.2552197e-01
3.9129600e-01   -1.2400372e-01
4.0708300e-01   -1.2218529e-01
4.2295700e-01   -1.2005936e-01
4.3890101e-01   -1.1767352e-01
4.5489901e-01   -1.1505211e-01
4.7093499e-01   -1.1217108e-01
4.8699200e-01   -1.0902075e-01
5.0305498e-01   -1.0563362e-01
5.1910698e-01   -1.0202307e-01
5.3513199e-01   -9.8187849e-02
5.5111402e-01   -9.4132513e-02
5.6703597e-01   -8.9882985e-02
5.8288401e-01   -8.5448168e-02
5.9864002e-01   -8.0830626e-02
6.1429000e-01   -7.6054007e-02
6.2981701e-01   -7.1168564e-02
6.4520597e-01   -6.6193208e-02
6.6044199e-01   -6.1147809e-02
6.7550898e-01   -5.6055173e-02
6.9039297e-01   -5.0970074e-02
7.0507699e-01   -4.5932993e-02
7.1954900e-01   -4.0953927e-02
7.3379302e-01   -3.6027893e-02
7.4779499e-01   -3.1198695e-02
7.6154202e-01   -2.6514513e-02
7.7501899e-01   -2.2031326e-02
7.8821403e-01   -1.7760171e-02
8.0111301e-01   -1.3719657e-02
8.1370401e-01   -9.9503696e-03
8.2597297e-01   -6.4850599e-03
8.3791000e-01   -3.3379563e-03
8.4950101e-01   -5.1723182e-04
8.6073500e-01   1.9569776e-03
8.7160099e-01   4.0833703e-03
8.8208801e-01   5.8722412e-03
8.9218402e-01   7.3235380e-03
9.0188003e-01   8.4558669e-03
9.1116500e-01   9.2837801e-03
9.2003101e-01   9.8252883e-03
9.2846799e-01   1.0104982e-02
9.3646699e-01   1.0146016e-02
9.4401902e-01   9.9638635e-03
9.5111603e-01   9.5756212e-03
9.5775098e-01   9.0222480e-03
9.6392000e-01   8.3700372e-03
9.6961600e-01   7.7012130e-03
9.7483599e-01   7.0611276e-03
9.7957498e-01   6.4154877e-03
9.8383099e-01   5.7390067e-03
9.8759800e-01   5.0997087e-03
9.9087399e-01   4.5274841e-03
9.9365300e-01   3.9783320e-03
9.9593401e-01   3.4046052e-03
9.9771100e-01   2.9167468e-03
9.9898201e-01   2.6229038e-03
9.9974501e-01   2.4783988e-03
1.0000000e+00   2.4311177e-03
