1.0000000e+00   5.1427493e-03
9.9974501e-01   5.5185212e-03
9.9898201e-01   5.8505232e-03
9.9771100e-01   7.1858428e-03
9.9593300e-01   8.0562057e-03
9.9365300e-01   9.4564157e-03
9.9087399e-01   1.1576206e-02
9.8759800e-01   1.3624762e-02
9.8382998e-01   1.6275074e-02
9.7957498e-01   1.9053040e-02
9.7483599e-01   2.2409070e-02
9.6961600e-01   2.5945805e-02
9.6392000e-01   2.9655918e-02
9.5775098e-01   3.3596035e-02
9.5111603e-01   3.8275894e-02
9.4401902e-01   4.2880800e-02
9.3646699e-01   4.7704279e-02
9.2846799e-01   5.2202992e-02
9.2003101e-01   5.7307754e-02
9.1116500e-01   6.2721252e-02
9.0187901e-01   6.8362996e-02
8.9218301e-01   7.3659405e-02
8.8208699e-01   7.9741850e-02
8.7160099e-01   8.5985579e-02
8.6073500e-01   9.1919690e-02
8.4950101e-01   9.8538525e-02
8.3791000e-01   1.0553945e-01
8.2597399e-01   1.1291853e-01
8.1370401e-01   1.1993625e-01
8.0111301e-01   1.2730232e-01
7.8821403e-01   1.3524859e-01
7.7501899e-01   1.4315064e-01
7.6154101e-01   1.5093274e-01
7.4779499e-01   1.5880927e-01
7.3379201e-01   1.6656430e-01
7.1954799e-01   1.7422654e-01
7.0507699e-01   1.8172075e-01
6.9039202e-01   1.8921432e-01
6.7550898e-01   1.9695477e-01
6.6044199e-01   2.0353824e-01
6.4520597e-01   2.1097882e-01
6.2981701e-01   2.1747383e-01
6.1429000e-01   2.2358365e-01
5.9864002e-01   2.2988333e-01
5.8288401e-01   2.3593059e-01
5.6703597e-01   2.4157718e-01
5.5111301e-01   2.4747720e-01
5.3513098e-01   2.5187486e-01
5.1910597e-01   2.5727406e-01
5.0305402e-01   2.6120338e-01
4.8699099e-01   2.6500994e-01
4.7093400e-01   2.6911321e-01
4.5489800e-01   2.7242476e-01
4.3889999e-01   2.7472627e-01
4.2295599e-01   2.7679649e-01
4.0708300e-01   2.7945811e-01
3.9129499e-01   2.8084308e-01
3.7560999e-01   2.8186187e-01
3.6004400e-01   2.8254753e-01
3.4461200e-01   2.8290617e-01
3.2933000e-01   2.8233111e-01
3.1421301e-01   2.8191015e-01
2.9927900e-01   2.8003639e-01
2.8454101e-01   2.7848241e-01
2.7001500e-01   2.7577469e-01
2.5571701e-01   2.7219558e-01
2.4166100e-01   2.6864403e-01
2.2786200e-01   2.6402229e-01
2.1433599e-01   2.5921446e-01
2.0109500e-01   2.5382358e-01
1.8815500e-01   2.4791969e-01
1.7553000e-01   2.4133837e-01
1.6323400e-01   2.3402342e-01
1.5128000e-01   2.2627585e-01
1.3968100e-01   2.1766567e-01
1.2845200e-01   2.0939654e-01
1.1760600e-01   1.9989066e-01
1.0715500e-01   1.9012490e-01
9.7112998e-02   1.8038343e-01
8.7493002e-02   1.7002133e-01
7.8305997e-02   1.5932883e-01
6.9565997e-02   1.4876463e-01
6.1285000e-02   1.3786730e-01
5.3474002e-02   1.2680213e-01
4.6149999e-02   1.1542813e-01
3.9326001e-02   1.0456815e-01
3.3013999e-02   9.3524374e-02
2.7230000e-02   8.2999781e-02
2.1980001e-02   7.2297461e-02
1.7277000e-02   6.2158108e-02
1.3141000e-02   5.2074999e-02
9.5729996e-03   4.2529657e-02
6.5830001e-03   3.3626620e-02
4.1880002e-03   2.5646724e-02
2.3540000e-03   1.8398117e-02
1.0810000e-03   1.2191659e-02
3.7100000e-04   7.2734053e-03
7.6999997e-05   3.5964029e-03
4.9999999e-06   1.3581907e-03
0.0000000e+00   4.9534597e-04
4.9999999e-06   -1.6808789e-04
7.6999997e-05   -2.3584673e-03
3.7100000e-04   -5.8503593e-03
1.0810000e-03   -1.0497349e-02
2.3530000e-03   -1.5387516e-02
4.1880002e-03   -2.0611657e-02
6.5850001e-03   -2.5794050e-02
9.5760003e-03   -3.0339122e-02
1.3145000e-02   -3.4094952e-02
1.7281000e-02   -3.7063379e-02
2.1983000e-02   -3.8981184e-02
2.7232001e-02   -4.1003041e-02
3.3016000e-02   -4.2258158e-02
3.9328001e-02   -4.3919589e-02
4.6151999e-02   -4.5461882e-02
5.3475998e-02   -4.6090610e-02
6.1287001e-02   -4.6929080e-02
6.9568001e-02   -4.7480091e-02
7.8308001e-02   -4.8015643e-02
8.7494999e-02   -4.8471678e-02
9.7115003e-02   -4.8336085e-02
1.0715700e-01   -4.8285883e-02
1.1760800e-01   -4.8083767e-02
1.2845400e-01   -4.8004739e-02
1.3968299e-01   -4.7688074e-02
1.5128200e-01   -4.7011737e-02
1.6323499e-01   -4.6807919e-02
1.7553200e-01   -4.5415089e-02
1.8815701e-01   -4.4820789e-02
2.0109700e-01   -4.4431716e-02
2.1433701e-01   -4.2940043e-02
2.2786400e-01   -4.2242385e-02
2.4166299e-01   -4.1423023e-02
2.5571901e-01   -4.0709183e-02
2.7001700e-01   -4.0241648e-02
2.8454199e-01   -3.8948853e-02
2.9927999e-01   -3.8321879e-02
3.1421500e-01   -3.7807778e-02
3.2933101e-01   -3.6932476e-02
3.4461299e-01   -3.5890825e-02
3.6004499e-01   -3.5250030e-02
3.7561101e-01   -3.4854896e-02
3.9129600e-01   -3.4242574e-02
4.0708300e-01   -3.3927467e-02
4.2295700e-01   -3.3670738e-02
4.3890101e-01   -3.3621918e-02
4.5489901e-01   -3.3688545e-02
4.7093499e-01   -3.3400927e-02
4.8699200e-01   -3.2985512e-02
5.0305498e-01   -3.2763328e-02
5.1910698e-01   -3.2457605e-02
5.3513199e-01   -3.2428447e-02
5.5111402e-01   -3.2560740e-02
5.6703597e-01   -3.2678150e-02
5.8288401e-01   -3.2972991e-02
5.9864002e-01   -3.2230496e-02
6.1429000e-01   -3.2469109e-02
6.2981701e-01   -3.2561999e-02
6.4520597e-01   -3.2448940e-02
6.6044199e-01   -3.1802144e-02
6.7550898e-01   -3.1808373e-02
6.9039297e-01   -3.1036934e-02
7.0507699e-01   -3.1157421e-02
7.1954900e-01   -3.0726211e-02
7.3379302e-01   -3.0216429e-02
7.4779499e-01   -2.9276371e-02
7.6154202e-01   -2.8296730e-02
7.7501899e-01   -2.7489061e-02
7.8821403e-01   -2.6742570e-02
8.0111301e-01   -2.5287924e-02
8.1370401e-01   -2.4184754e-02
8.2597297e-01   -2.3043413e-02
8.3791000e-01   -2.1733511e-02
8.4950101e-01   -2.0656655e-02
8.6073500e-01   -1.9256137e-02
8.7160099e-01   -1.7727433e-02
8.8208801e-01   -1.6678274e-02
8.9218402e-01   -1.5235679e-02
9.0188003e-01   -1.4362508e-02
9.1116500e-01   -1.2644297e-02
9.2003101e-01   -1.1576197e-02
9.2846799e-01   -1.0757525e-02
9.3646699e-01   -9.8046539e-03
9.4401902e-01   -8.7622618e-03
9.5111603e-01   -7.5911721e-03
9.5775098e-01   -6.2643271e-03
9.6392000e-01   -5.3125490e-03
9.6961600e-01   -4.6332441e-03
9.7483599e-01   -3.9398223e-03
9.7957498e-01   -2.9827189e-03
9.8383099e-01   -2.3848608e-03
9.8759800e-01   -1.7810974e-03
9.9087399e-01   -1.3674984e-03
9.9365300e-01   -8.3108695e-04
9.9593401e-01   -5.6061771e-04
9.9771100e-01   -5.8601686e-04
9.9898201e-01   -1.4272635e-04
9.9974501e-01   -8.4227184e-05
1.0000000e+00   6.9525326e-05
