1.0000000e+00   4.8511229e-02
9.9974501e-01   4.8770033e-02
9.9898201e-01   4.9535699e-02
9.9771100e-01   5.0759692e-02
9.9593300e-01   5.2390262e-02
9.9365300e-01   5.4477859e-02
9.9087399e-01   5.7077687e-02
9.8759800e-01   6.0124673e-02
9.8382998e-01   6.3597612e-02
9.7957498e-01   6.7500107e-02
9.7483599e-01   7.1798980e-02
9.6961600e-01   7.6473877e-02
9.6392000e-01   8.1555650e-02
9.5775098e-01   8.7067559e-02
9.5111603e-01   9.2981748e-02
9.4401902e-01   9.9229120e-02
9.3646699e-01   1.0576336e-01
9.2846799e-01   1.1257423e-01
9.2003101e-01   1.1964601e-01
9.1116500e-01   1.2695310e-01
9.0187901e-01   1.3452353e-01
8.9218301e-01   1.4236768e-01
8.8208699e-01   1.5045431e-01
8.7160099e-01   1.5872549e-01
8.6073500e-01   1.6719532e-01
8.4950101e-01   1.7588109e-01
8.3791000e-01   1.8481281e-01
8.2597399e-01   1.9395511e-01
8.1370401e-01   2.0325273e-01
8.0111301e-01   2.1273658e-01
7.8821403e-01   2.2240236e-01
7.7501899e-01   2.3221429e-01
7.6154101e-01   2.4211706e-01
7.4779499e-01   2.5203618e-01
7.3379201e-01   2.6194006e-01
7.1954799e-01   2.7179474e-01
7.0507699e-01   2.8156459e-01
6.9039202e-01   2.9123822e-01
6.7550898e-01   3.0079207e-01
6.6044199e-01   3.1017962e-01
6.4520597e-01   3.1934246e-01
6.2981701e-01   3.2828093e-01
6.1429000e-01   3.3702403e-01
5.9864002e-01   3.4563729e-01
5.8288401e-01   3.5410753e-01
5.6703597e-01   3.6234987e-01
5.5111301e-01   3.7029329e-01
5.3513098e-01   3.7788111e-01
5.1910597e-01   3.8503149e-01
5.0305402e-01   3.9165607e-01
4.8699099e-01   3.9774430e-01
4.7093400e-01   4.0331650e-01
4.5489800e-01   4.0837359e-01
4.3889999e-01   4.1284505e-01
4.2295599e-01   4.1675156e-01
4.0708300e-01   4.2010176e-01
3.9129499e-01   4.2291951e-01
3.7560999e-01   4.2521465e-01
3.6004400e-01   4.2701635e-01
3.4461200e-01   4.2832139e-01
3.2933000e-01   4.2914921e-01
3.1421301e-01   4.2955470e-01
2.9927900e-01   4.2958403e-01
2.8454101e-01   4.2920464e-01
2.7001500e-01   4.2829502e-01
2.5571701e-01   4.2673475e-01
2.4166100e-01   4.2448375e-01
2.2786200e-01   4.2150679e-01
2.1433599e-01   4.1770986e-01
2.0109500e-01   4.1312736e-01
1.8815500e-01   4.0777570e-01
1.7553000e-01   4.0165898e-01
1.6323400e-01   3.9482781e-01
1.5128000e-01   3.8734621e-01
1.3968100e-01   3.7926808e-01
1.2845200e-01   3.7058932e-01
1.1760600e-01   3.6131677e-01
1.0715500e-01   3.5146499e-01
9.7112998e-02   3.4091604e-01
8.7493002e-02   3.2951108e-01
7.8305997e-02   3.1734493e-01
6.9565997e-02   3.0469868e-01
6.1285000e-02   2.9177657e-01
5.3474002e-02   2.7868485e-01
4.6149999e-02   2.6545539e-01
3.9326001e-02   2.5204274e-01
3.3013999e-02   2.3847362e-01
2.7230000e-02   2.2501694e-01
2.1980001e-02   2.1197145e-01
1.7277000e-02   1.9900550e-01
1.3141000e-02   1.8625924e-01
9.5729996e-03   1.7423594e-01
6.5830001e-03   1.6327621e-01
4.1880002e-03   1.5338291e-01
2.3540000e-03   1.4458811e-01
1.0810000e-03   1.3696989e-01
3.7100000e-04   1.3071658e-01
7.6999997e-05   1.2604234e-01
4.9999999e-06   1.2314834e-01
0.0000000e+00   1.2217002e-01
4.9999999e-06   1.2122095e-01
7.6999997e-05   1.1841851e-01
3.7100000e-04   1.1391471e-01
1.0810000e-03   1.0804231e-01
2.3530000e-03   1.0123239e-01
4.1880002e-03   9.3937434e-02
6.5850001e-03   8.6363092e-02
9.5760003e-03   7.8090481e-02
1.3145000e-02   6.8958841e-02
1.7281000e-02   6.0719308e-02
2.1983000e-02   5.3853329e-02
2.7232001e-02   4.7998201e-02
3.3016000e-02   4.2817663e-02
3.9328001e-02   3.8156223e-02
4.6151999e-02   3.3978846e-02
5.3475998e-02   3.0269332e-02
6.1287001e-02   2.7035277e-02
6.9568001e-02   2.4159973e-02
7.8308001e-02   2.1307986e-02
8.7494999e-02   1.8386954e-02
9.7115003e-02   1.5690530e-02
1.0715700e-01   1.3492440e-02
1.1760800e-01   1.1815211e-02
1.2845400e-01   1.0575675e-02
1.3968299e-01   9.7118951e-03
1.5128200e-01   9.1206208e-03
1.6323499e-01   8.6629121e-03
1.7553200e-01   8.2878359e-03
1.8815701e-01   8.0530504e-03
2.0109700e-01   7.9848412e-03
2.1433701e-01   8.0799898e-03
2.2786400e-01   8.3541004e-03
2.4166299e-01   8.8129854e-03
2.5571901e-01   9.4202394e-03
2.7001700e-01   1.0158763e-02
2.8454199e-01   1.0978518e-02
2.9927999e-01   1.1846718e-02
3.1421500e-01   1.2716420e-02
3.2933101e-01   1.3564627e-02
3.4461299e-01   1.4392049e-02
3.6004499e-01   1.5194129e-02
3.7561101e-01   1.5960366e-02
3.9129600e-01   1.6659401e-02
4.0708300e-01   1.7282866e-02
4.2295700e-01   1.7817173e-02
4.3890101e-01   1.8263813e-02
4.5489901e-01   1.8639201e-02
4.7093499e-01   1.8971343e-02
4.8699200e-01   1.9275039e-02
5.0305498e-01   1.9542128e-02
5.1910698e-01   1.9787220e-02
5.3513199e-01   2.0008337e-02
5.5111402e-01   2.0218143e-02
5.6703597e-01   2.0405790e-02
5.8288401e-01   2.0507056e-02
5.9864002e-01   2.0464305e-02
6.1429000e-01   2.0272678e-02
6.2981701e-01   1.9959610e-02
6.4520597e-01   1.9560568e-02
6.6044199e-01   1.9107334e-02
6.7550898e-01   1.8651567e-02
6.9039297e-01   1.8224005e-02
7.0507699e-01   1.7861824e-02
7.1954900e-01   1.7608076e-02
7.3379302e-01   1.7470840e-02
7.4779499e-01   1.7454393e-02
7.6154202e-01   1.7568303e-02
7.7501899e-01   1.7803296e-02
7.8821403e-01   1.8165397e-02
8.0111301e-01   1.8644948e-02
8.1370401e-01   1.9240743e-02
8.2597297e-01   1.9954229e-02
8.3791000e-01   2.0741584e-02
8.4950101e-01   2.1569701e-02
8.6073500e-01   2.2385644e-02
8.7160099e-01   2.3141082e-02
8.8208801e-01   2.3789410e-02
8.9218402e-01   2.4306966e-02
9.0188003e-01   2.4674980e-02
9.1116500e-01   2.4917960e-02
9.2003101e-01   2.5147546e-02
9.2846799e-01   2.5461281e-02
9.3646699e-01   2.5900086e-02
9.4401902e-01   2.6477529e-02
9.5111603e-01   2.7195537e-02
9.5775098e-01   2.8046679e-02
9.6392000e-01   2.9026927e-02
9.6961600e-01   3.0140948e-02
9.7483599e-01   3.1340726e-02
9.7957498e-01   3.2493092e-02
9.8383099e-01   3.3528008e-02
9.8759800e-01   3.4518544e-02
9.9087399e-01   3.5468824e-02
9.9365300e-01   3.6284819e-02
9.9593401e-01   3.6899570e-02
9.9771100e-01   3.7340682e-02
9.9898201e-01   3.7655342e-02
9.9974501e-01   3.7849218e-02
1.0000000e+00   3.7913214e-02
