1.0000000e+00   2.2946249e-03
9.9974501e-01   2.4058935e-03
9.9898201e-01   3.7056596e-03
9.9771100e-01   5.0706510e-03
9.9593300e-01   6.8738651e-03
9.9365300e-01   9.0451287e-03
9.9087399e-01   1.1601435e-02
9.8759800e-01   1.4830486e-02
9.8382998e-01   1.8753719e-02
9.7957498e-01   2.2995364e-02
9.7483599e-01   2.7299698e-02
9.6961600e-01   3.2680843e-02
9.6392000e-01   3.8660366e-02
9.5775098e-01   4.4229034e-02
9.5111603e-01   5.0389104e-02
9.4401902e-01   5.7354923e-02
9.3646699e-01   6.4213142e-02
9.2846799e-01   7.1750224e-02
9.2003101e-01   7.9242878e-02
9.1116500e-01   8.6984903e-02
9.0187901e-01   9.5108584e-02
8.9218301e-01   1.0360490e-01
8.8208699e-01   1.1259770e-01
8.7160099e-01   1.2133147e-01
8.6073500e-01   1.3016969e-01
8.4950101e-01   1.3937025e-01
8.3791000e-01   1.4876385e-01
8.2597399e-01   1.5852706e-01
8.1370401e-01   1.6794352e-01
8.0111301e-01   1.7781395e-01
7.8821403e-01   1.8776299e-01
7.7501899e-01   1.9740401e-01
7.6154101e-01   2.0767760e-01
7.4779499e-01   2.1777241e-01
7.3379201e-01   2.2767383e-01
7.1954799e-01   2.3745443e-01
7.0507699e-01   2.4685338e-01
6.9039202e-01   2.5638106e-01
6.7550898e-01   2.6522967e-01
6.6044199e-01   2.7424005e-01
6.4520597e-01   2.8296807e-01
6.2981701e-01   2.9111487e-01
6.1429000e-01   2.9902208e-01
5.9864002e-01   3.0661812e-01
5.8288401e-01   3.1342620e-01
5.6703597e-01   3.1951147e-01
5.5111301e-01   3.2583895e-01
5.3513098e-01   3.3114225e-01
5.1910597e-01   3.3594087e-01
5.0305402e-01   3.4059164e-01
4.8699099e-01   3.4387177e-01
4.7093400e-01   3.4723368e-01
4.5489800e-01   3.4923342e-01
4.3889999e-01   3.5121208e-01
4.2295599e-01   3.5210958e-01
4.0708300e-01   3.5240191e-01
3.9129499e-01   3.5245469e-01
3.7560999e-01   3.5106155e-01
3.6004400e-01   3.4951907e-01
3.4461200e-01   3.4747863e-01
3.2933000e-01   3.4521753e-01
3.1421301e-01   3.4153122e-01
2.9927900e-01   3.3750036e-01
2.8454101e-01   3.3331099e-01
2.7001500e-01   3.2802489e-01
2.5571701e-01   3.2223585e-01
2.4166100e-01   3.1679010e-01
2.2786200e-01   3.1014502e-01
2.1433599e-01   3.0312198e-01
2.0109500e-01   2.9570672e-01
1.8815500e-01   2.8812733e-01
1.7553000e-01   2.8018856e-01
1.6323400e-01   2.7095035e-01
1.5128000e-01   2.6189223e-01
1.3968100e-01   2.5225291e-01
1.2845200e-01   2.4237257e-01
1.1760600e-01   2.3243837e-01
1.0715500e-01   2.2178143e-01
9.7112998e-02   2.1086931e-01
8.7493002e-02   1.9993021e-01
7.8305997e-02   1.8855402e-01
6.9565997e-02   1.7733617e-01
6.1285000e-02   1.6552746e-01
5.3474002e-02   1.5330222e-01
4.6149999e-02   1.4162251e-01
3.9326001e-02   1.2892723e-01
3.3013999e-02   1.1655134e-01
2.7230000e-02   1.0420814e-01
2.1980001e-02   9.1873057e-02
1.7277000e-02   7.9629689e-02
1.3141000e-02   6.7489631e-02
9.5729996e-03   5.5758364e-02
6.5830001e-03   4.4414788e-02
4.1880002e-03   3.3975929e-02
2.3540000e-03   2.4466276e-02
1.0810000e-03   1.6189316e-02
3.7100000e-04   9.6869450e-03
7.6999997e-05   4.9771238e-03
4.9999999e-06   2.2029637e-03
0.0000000e+00   1.2063688e-03
4.9999999e-06   9.2807226e-05
7.6999997e-05   -2.4834985e-03
3.7100000e-04   -6.8706833e-03
1.0810000e-03   -1.2709439e-02
2.3530000e-03   -2.0161534e-02
4.1880002e-03   -2.7471229e-02
6.5850001e-03   -3.4854043e-02
9.5760003e-03   -4.2175293e-02
1.3145000e-02   -4.9184702e-02
1.7281000e-02   -5.5701852e-02
2.1983000e-02   -6.1981380e-02
2.7232001e-02   -6.8042345e-02
3.3016000e-02   -7.4012071e-02
3.9328001e-02   -7.9790413e-02
4.6151999e-02   -8.5476041e-02
5.3475998e-02   -9.0618558e-02
6.1287001e-02   -9.5686734e-02
6.9568001e-02   -1.0082681e-01
7.8308001e-02   -1.0560527e-01
8.7494999e-02   -1.1018104e-01
9.7115003e-02   -1.1442161e-01
1.0715700e-01   -1.1874457e-01
1.1760800e-01   -1.2265185e-01
1.2845400e-01   -1.2664624e-01
1.3968299e-01   -1.2998259e-01
1.5128200e-01   -1.3427012e-01
1.6323499e-01   -1.3735546e-01
1.7553200e-01   -1.4028135e-01
1.8815701e-01   -1.4352064e-01
2.0109700e-01   -1.4603902e-01
2.1433701e-01   -1.4882515e-01
2.2786400e-01   -1.5119253e-01
2.4166299e-01   -1.5305591e-01
2.5571901e-01   -1.5492451e-01
2.7001700e-01   -1.5636332e-01
2.8454199e-01   -1.5757456e-01
2.9927999e-01   -1.5865965e-01
3.1421500e-01   -1.5938918e-01
3.2933101e-01   -1.5934646e-01
3.4461299e-01   -1.5932855e-01
3.6004499e-01   -1.5939386e-01
3.7561101e-01   -1.5820606e-01
3.9129600e-01   -1.5697125e-01
4.0708300e-01   -1.5535487e-01
4.2295700e-01   -1.5316956e-01
4.3890101e-01   -1.5075229e-01
4.5489901e-01   -1.4781129e-01
4.7093499e-01   -1.4460610e-01
4.8699200e-01   -1.4065997e-01
5.0305498e-01   -1.3647920e-01
5.1910698e-01   -1.3164566e-01
5.3513199e-01   -1.2664688e-01
5.5111402e-01   -1.2082124e-01
5.6703597e-01   -1.1525515e-01
5.8288401e-01   -1.0925775e-01
5.9864002e-01   -1.0305455e-01
6.1429000e-01   -9.6133269e-02
6.2981701e-01   -8.9524999e-02
6.4520597e-01   -8.2358427e-02
6.6044199e-01   -7.5276323e-02
6.7550898e-01   -6.8382576e-02
6.9039297e-01   -6.0927156e-02
7.0507699e-01   -5.4131567e-02
7.1954900e-01   -4.7484942e-02
7.3379302e-01   -4.1194569e-02
7.4779499e-01   -3.4731384e-02
7.6154202e-01   -2.8773442e-02
7.7501899e-01   -2.3363542e-02
7.8821403e-01   -1.8063432e-02
8.0111301e-01   -1.3568210e-02
8.1370401e-01   -9.3595041e-03
8.2597297e-01   -5.5379318e-03
8.3791000e-01   -1.6930338e-03
8.4950101e-01   8.7475567e-04
8.6073500e-01   3.8205944e-03
8.7160099e-01   6.0105096e-03
8.8208801e-01   8.0451677e-03
8.9218402e-01   9.8298062e-03
9.0188003e-01   1.0973981e-02
9.1116500e-01   1.2144807e-02
9.2003101e-01   1.2498165e-02
9.2846799e-01   1.3076909e-02
9.3646699e-01   1.3085645e-02
9.4401902e-01   1.2716332e-02
9.5111603e-01   1.2260155e-02
9.5775098e-01   1.1900482e-02
9.6392000e-01   1.0584471e-02
9.6961600e-01   9.4894907e-03
9.7483599e-01   8.3401660e-03
9.7957498e-01   7.3335571e-03
9.8383099e-01   5.4718922e-03
9.8759800e-01   4.5014112e-03
9.9087399e-01   2.9455007e-03
9.9365300e-01   1.7816867e-03
9.9593401e-01   8.9994702e-04
9.9771100e-01   -5.8120204e-04
9.9898201e-01   -8.3396892e-04
9.9974501e-01   -1.2283883e-03
1.0000000e+00   -1.0306478e-03
