1.0000000e+00   1.5074143e-03
9.9974501e-01   1.6718006e-03
9.9898201e-01   2.4124142e-03
9.9771100e-01   3.5497288e-03
9.9593300e-01   4.9435608e-03
9.9365300e-01   6.7691850e-03
9.9087399e-01   9.0560783e-03
9.8759800e-01   1.1654631e-02
9.8382998e-01   1.4698657e-02
9.7957498e-01   1.8232359e-02
9.7483599e-01   2.1953005e-02
9.6961600e-01   2.6075952e-02
9.6392000e-01   3.0642238e-02
9.5775098e-01   3.5351701e-02
9.5111603e-01   4.0405381e-02
9.4401902e-01   4.5787789e-02
9.3646699e-01   5.1416948e-02
9.2846799e-01   5.7383616e-02
9.2003101e-01   6.3625321e-02
9.1116500e-01   7.0089415e-02
9.0187901e-01   7.6918088e-02
8.9218301e-01   8.4022649e-02
8.8208699e-01   9.1373891e-02
8.7160099e-01   9.8947354e-02
8.6073500e-01   1.0674589e-01
8.4950101e-01   1.1476295e-01
8.3791000e-01   1.2320377e-01
8.2597399e-01   1.3187380e-01
8.1370401e-01   1.4072312e-01
8.0111301e-01   1.4973821e-01
7.8821403e-01   1.5931545e-01
7.7501899e-01   1.6870767e-01
7.6154101e-01   1.7864108e-01
7.4779499e-01   1.8850845e-01
7.3379201e-01   1.9821262e-01
7.1954799e-01   2.0843652e-01
7.0507699e-01   2.1850097e-01
6.9039202e-01   2.2851473e-01
6.7550898e-01   2.3852111e-01
6.6044199e-01   2.4799666e-01
6.4520597e-01   2.5780469e-01
6.2981701e-01   2.6716983e-01
6.1429000e-01   2.7606919e-01
5.9864002e-01   2.8469384e-01
5.8288401e-01   2.9304457e-01
5.6703597e-01   3.0096751e-01
5.5111301e-01   3.0836460e-01
5.3513098e-01   3.1493694e-01
5.1910597e-01   3.2125112e-01
5.0305402e-01   3.2667327e-01
4.8699099e-01   3.3145124e-01
4.7093400e-01   3.3575925e-01
4.5489800e-01   3.3943906e-01
4.3889999e-01   3.4221488e-01
4.2295599e-01   3.4411785e-01
4.0708300e-01   3.4598780e-01
3.9129499e-01   3.4640458e-01
3.7560999e-01   3.4661916e-01
3.6004400e-01   3.4591416e-01
3.4461200e-01   3.4461388e-01
3.2933000e-01   3.4241524e-01
3.1421301e-01   3.3991322e-01
2.9927900e-01   3.3665368e-01
2.8454101e-01   3.3285129e-01
2.7001500e-01   3.2838655e-01
2.5571701e-01   3.2327768e-01
2.4166100e-01   3.1727380e-01
2.2786200e-01   3.1096777e-01
2.1433599e-01   3.0382171e-01
2.0109500e-01   2.9574454e-01
1.8815500e-01   2.8731731e-01
1.7553000e-01   2.7847102e-01
1.6323400e-01   2.6879641e-01
1.5128000e-01   2.5874263e-01
1.3968100e-01   2.4811810e-01
1.2845200e-01   2.3746632e-01
1.1760600e-01   2.2618054e-01
1.0715500e-01   2.1475698e-01
9.7112998e-02   2.0278965e-01
8.7493002e-02   1.9070800e-01
7.8305997e-02   1.7847510e-01
6.9565997e-02   1.6612300e-01
6.1285000e-02   1.5373676e-01
5.3474002e-02   1.4124019e-01
4.6149999e-02   1.2874947e-01
3.9326001e-02   1.1625879e-01
3.3013999e-02   1.0389639e-01
2.7230000e-02   9.1779582e-02
2.1980001e-02   7.9872020e-02
1.7277000e-02   6.8369843e-02
1.3141000e-02   5.7203438e-02
9.5729996e-03   4.6621598e-02
6.5830001e-03   3.6765892e-02
4.1880002e-03   2.7852088e-02
2.3540000e-03   1.9976648e-02
1.0810000e-03   1.3369509e-02
3.7100000e-04   8.2171820e-03
7.6999997e-05   4.4146981e-03
4.9999999e-06   2.1085159e-03
0.0000000e+00   1.3360268e-03
4.9999999e-06   5.4848235e-04
7.6999997e-05   -1.6412711e-03
3.7100000e-04   -5.3180470e-03
1.0810000e-03   -1.0278160e-02
2.3530000e-03   -1.6233828e-02
4.1880002e-03   -2.3119591e-02
6.5850001e-03   -3.0346900e-02
9.5760003e-03   -3.7722442e-02
1.3145000e-02   -4.4810295e-02
1.7281000e-02   -5.1621445e-02
2.1983000e-02   -5.8218118e-02
2.7232001e-02   -6.4395957e-02
3.3016000e-02   -7.0257351e-02
3.9328001e-02   -7.5776219e-02
4.6151999e-02   -8.1155822e-02
5.3475998e-02   -8.6026184e-02
6.1287001e-02   -9.0832114e-02
6.9568001e-02   -9.5228136e-02
7.8308001e-02   -9.9295318e-02
8.7494999e-02   -1.0311290e-01
9.7115003e-02   -1.0693491e-01
1.0715700e-01   -1.1031344e-01
1.1760800e-01   -1.1330079e-01
1.2845400e-01   -1.1616487e-01
1.3968299e-01   -1.1893503e-01
1.5128200e-01   -1.2126678e-01
1.6323499e-01   -1.2341419e-01
1.7553200e-01   -1.2529241e-01
1.8815701e-01   -1.2692387e-01
2.0109700e-01   -1.2846129e-01
2.1433701e-01   -1.2984930e-01
2.2786400e-01   -1.3095140e-01
2.4166299e-01   -1.3186999e-01
2.5571901e-01   -1.3233037e-01
2.7001700e-01   -1.3303995e-01
2.8454199e-01   -1.3308324e-01
2.9927999e-01   -1.3347264e-01
3.1421500e-01   -1.3352908e-01
3.2933101e-01   -1.3317008e-01
3.4461299e-01   -1.3287468e-01
3.6004499e-01   -1.3251236e-01
3.7561101e-01   -1.3190626e-01
3.9129600e-01   -1.3128710e-01
4.0708300e-01   -1.3009152e-01
4.2295700e-01   -1.2904835e-01
4.3890101e-01   -1.2759094e-01
4.5489901e-01   -1.2590912e-01
4.7093499e-01   -1.2420218e-01
4.8699200e-01   -1.2230019e-01
5.0305498e-01   -1.2037618e-01
5.1910698e-01   -1.1793314e-01
5.3513199e-01   -1.1593986e-01
5.5111402e-01   -1.1335342e-01
5.6703597e-01   -1.1035924e-01
5.8288401e-01   -1.0748184e-01
5.9864002e-01   -1.0408850e-01
6.1429000e-01   -1.0082942e-01
6.2981701e-01   -9.7300127e-02
6.4520597e-01   -9.3730956e-02
6.6044199e-01   -9.0228163e-02
6.7550898e-01   -8.6334810e-02
6.9039297e-01   -8.2243130e-02
7.0507699e-01   -7.8317240e-02
7.1954900e-01   -7.4013971e-02
7.3379302e-01   -6.9984727e-02
7.4779499e-01   -6.5404184e-02
7.6154202e-01   -6.1132137e-02
7.7501899e-01   -5.6891888e-02
7.8821403e-01   -5.2465621e-02
8.0111301e-01   -4.8071016e-02
8.1370401e-01   -4.3682378e-02
8.2597297e-01   -3.9461836e-02
8.3791000e-01   -3.5749141e-02
8.4950101e-01   -3.1752974e-02
8.6073500e-01   -2.8097842e-02
8.7160099e-01   -2.4863092e-02
8.8208801e-01   -2.1515014e-02
8.9218402e-01   -1.8496674e-02
9.0188003e-01   -1.5927248e-02
9.1116500e-01   -1.3528598e-02
9.2003101e-01   -1.1397754e-02
9.2846799e-01   -9.4865412e-03
9.3646699e-01   -7.7101584e-03
9.4401902e-01   -6.6198059e-03
9.5111603e-01   -5.4182103e-03
9.5775098e-01   -4.6855630e-03
9.6392000e-01   -4.1383370e-03
9.6961600e-01   -3.5844394e-03
9.7483599e-01   -3.4799613e-03
9.7957498e-01   -3.4034899e-03
9.8383099e-01   -3.2214322e-03
9.8759800e-01   -3.0923495e-03
9.9087399e-01   -3.1160924e-03
9.9365300e-01   -3.1385738e-03
9.9593401e-01   -3.1873188e-03
9.9771100e-01   -3.1119580e-03
9.9898201e-01   -3.0474707e-03
9.9974501e-01   -2.9625585e-03
1.0000000e+00   -2.9382587e-03
