1.0000000e+00   1.6478350e-03
9.9974501e-01   1.7264937e-03
9.9898201e-01   2.2627746e-03
9.9771100e-01   3.0840260e-03
9.9593300e-01   3.9306548e-03
9.9365300e-01   5.5788020e-03
9.9087399e-01   7.1959873e-03
9.8759800e-01   9.2070410e-03
9.8382998e-01   1.1505039e-02
9.7957498e-01   1.4048118e-02
9.7483599e-01   1.7045448e-02
9.6961600e-01   1.9801248e-02
9.6392000e-01   2.3104804e-02
9.5775098e-01   2.6807295e-02
9.5111603e-01   3.0569958e-02
9.4401902e-01   3.4338228e-02
9.3646699e-01   3.8773388e-02
9.2846799e-01   4.2825997e-02
9.2003101e-01   4.7633350e-02
9.1116500e-01   5.2379288e-02
9.0187901e-01   5.7594571e-02
8.9218301e-01   6.2885955e-02
8.8208699e-01   6.8308949e-02
8.7160099e-01   7.4232191e-02
8.6073500e-01   7.9926796e-02
8.4950101e-01   8.6386152e-02
8.3791000e-01   9.2103012e-02
8.2597399e-01   9.8416135e-02
8.1370401e-01   1.0498783e-01
8.0111301e-01   1.1185363e-01
7.8821403e-01   1.1901863e-01
7.7501899e-01   1.2582375e-01
7.6154101e-01   1.3348645e-01
7.4779499e-01   1.4124158e-01
7.3379201e-01   1.4837535e-01
7.1954799e-01   1.5586080e-01
7.0507699e-01   1.6367139e-01
6.9039202e-01   1.7182429e-01
6.7550898e-01   1.7949267e-01
6.6044199e-01   1.8755943e-01
6.4520597e-01   1.9579345e-01
6.2981701e-01   2.0336007e-01
6.1429000e-01   2.1143527e-01
5.9864002e-01   2.1933073e-01
5.8288401e-01   2.2717541e-01
5.6703597e-01   2.3435751e-01
5.5111301e-01   2.4168698e-01
5.3513098e-01   2.4881834e-01
5.1910597e-01   2.5606492e-01
5.0305402e-01   2.6216760e-01
4.8699099e-01   2.6822868e-01
4.7093400e-01   2.7405265e-01
4.5489800e-01   2.7946353e-01
4.3889999e-01   2.8417194e-01
4.2295599e-01   2.8782487e-01
4.0708300e-01   2.9204810e-01
3.9129499e-01   2.9497656e-01
3.7560999e-01   2.9769191e-01
3.6004400e-01   2.9959023e-01
3.4461200e-01   3.0048683e-01
3.2933000e-01   3.0072746e-01
3.1421301e-01   3.0091503e-01
2.9927900e-01   3.0062938e-01
2.8454101e-01   2.9908648e-01
2.7001500e-01   2.9692355e-01
2.5571701e-01   2.9389331e-01
2.4166100e-01   2.9045290e-01
2.2786200e-01   2.8653625e-01
2.1433599e-01   2.8210595e-01
2.0109500e-01   2.7635616e-01
1.8815500e-01   2.7013347e-01
1.7553000e-01   2.6308078e-01
1.6323400e-01   2.5567359e-01
1.5128000e-01   2.4749625e-01
1.3968100e-01   2.3840168e-01
1.2845200e-01   2.2949959e-01
1.1760600e-01   2.1935754e-01
1.0715500e-01   2.0939402e-01
9.7112998e-02   1.9882190e-01
8.7493002e-02   1.8778038e-01
7.8305997e-02   1.7660126e-01
6.9565997e-02   1.6483429e-01
6.1285000e-02   1.5327492e-01
5.3474002e-02   1.4115706e-01
4.6149999e-02   1.2878874e-01
3.9326001e-02   1.1645600e-01
3.3013999e-02   1.0465518e-01
2.7230000e-02   9.2305489e-02
2.1980001e-02   8.0318011e-02
1.7277000e-02   6.8746328e-02
1.3141000e-02   5.7607803e-02
9.5729996e-03   4.6967763e-02
6.5830001e-03   3.7017200e-02
4.1880002e-03   2.8211039e-02
2.3540000e-03   2.0217735e-02
1.0810000e-03   1.3713482e-02
3.7100000e-04   8.5512260e-03
7.6999997e-05   4.7649653e-03
4.9999999e-06   2.4412444e-03
0.0000000e+00   1.6369271e-03
4.9999999e-06   1.0676199e-03
7.6999997e-05   -1.2813907e-03
3.7100000e-04   -4.8972974e-03
1.0810000e-03   -1.0067816e-02
2.3530000e-03   -1.6143629e-02
4.1880002e-03   -2.3472788e-02
6.5850001e-03   -3.1704608e-02
9.5760003e-03   -4.0089414e-02
1.3145000e-02   -4.8966475e-02
1.7281000e-02   -5.7872832e-02
2.1983000e-02   -6.6708758e-02
2.7232001e-02   -7.5863183e-02
3.3016000e-02   -8.4625252e-02
3.9328001e-02   -9.3097962e-02
4.6151999e-02   -1.0153849e-01
5.3475998e-02   -1.0963682e-01
6.1287001e-02   -1.1724526e-01
6.9568001e-02   -1.2456185e-01
7.8308001e-02   -1.3195676e-01
8.7494999e-02   -1.3794297e-01
9.7115003e-02   -1.4430360e-01
1.0715700e-01   -1.5028541e-01
1.1760800e-01   -1.5581089e-01
1.2845400e-01   -1.6112244e-01
1.3968299e-01   -1.6565530e-01
1.5128200e-01   -1.6972280e-01
1.6323499e-01   -1.7431676e-01
1.7553200e-01   -1.7790313e-01
1.8815701e-01   -1.8147342e-01
2.0109700e-01   -1.8383528e-01
2.1433701e-01   -1.8671690e-01
2.2786400e-01   -1.8825334e-01
2.4166299e-01   -1.8996496e-01
2.5571901e-01   -1.9154000e-01
2.7001700e-01   -1.9208787e-01
2.8454199e-01   -1.9247028e-01
2.9927999e-01   -1.9245000e-01
3.1421500e-01   -1.9179267e-01
3.2933101e-01   -1.9100809e-01
3.4461299e-01   -1.8953252e-01
3.6004499e-01   -1.8784289e-01
3.7561101e-01   -1.8608108e-01
3.9129600e-01   -1.8354146e-01
4.0708300e-01   -1.8076730e-01
4.2295700e-01   -1.7801797e-01
4.3890101e-01   -1.7469069e-01
4.5489901e-01   -1.7050877e-01
4.7093499e-01   -1.6647936e-01
4.8699200e-01   -1.6243674e-01
5.0305498e-01   -1.5772277e-01
5.1910698e-01   -1.5311453e-01
5.3513199e-01   -1.4751397e-01
5.5111402e-01   -1.4239526e-01
5.6703597e-01   -1.3636351e-01
5.8288401e-01   -1.3024235e-01
5.9864002e-01   -1.2475012e-01
6.1429000e-01   -1.1830606e-01
6.2981701e-01   -1.1244664e-01
6.4520597e-01   -1.0658429e-01
6.6044199e-01   -1.0013278e-01
6.7550898e-01   -9.3922667e-02
6.9039297e-01   -8.8211097e-02
7.0507699e-01   -8.2346253e-02
7.1954900e-01   -7.6022156e-02
7.3379302e-01   -7.0783995e-02
7.4779499e-01   -6.5416530e-02
7.6154202e-01   -5.9990812e-02
7.7501899e-01   -5.4152168e-02
7.8821403e-01   -4.9862165e-02
8.0111301e-01   -4.5624096e-02
8.1370401e-01   -4.1301653e-02
8.2597297e-01   -3.6686596e-02
8.3791000e-01   -3.3151828e-02
8.4950101e-01   -2.9658237e-02
8.6073500e-01   -2.6115892e-02
8.7160099e-01   -2.2624662e-02
8.8208801e-01   -2.0352947e-02
8.9218402e-01   -1.7375587e-02
9.0188003e-01   -1.5066019e-02
9.1116500e-01   -1.2901300e-02
9.2003101e-01   -1.0853841e-02
9.2846799e-01   -9.1886148e-03
9.3646699e-01   -7.8497427e-03
9.4401902e-01   -6.5046595e-03
9.5111603e-01   -5.5504413e-03
9.5775098e-01   -5.1344498e-03
9.6392000e-01   -4.4819219e-03
9.6961600e-01   -4.1729128e-03
9.7483599e-01   -4.0336056e-03
9.7957498e-01   -4.2666676e-03
9.8383099e-01   -4.2363256e-03
9.8759800e-01   -4.2287284e-03
9.9087399e-01   -4.2556874e-03
9.9365300e-01   -4.3717790e-03
9.9593401e-01   -4.5144185e-03
9.9771100e-01   -4.5169974e-03
9.9898201e-01   -4.5391130e-03
9.9974501e-01   -4.6548294e-03
1.0000000e+00   -4.5418893e-03
