1.0000000e+00   3.7583373e-03
9.9974501e-01   3.8186924e-03
9.9898201e-01   4.7995248e-03
9.9771100e-01   5.9069605e-03
9.9593300e-01   7.2538177e-03
9.9365300e-01   9.4966302e-03
9.9087399e-01   1.2234657e-02
9.8759800e-01   1.5285630e-02
9.8382998e-01   1.8762179e-02
9.7957498e-01   2.2691112e-02
9.7483599e-01   2.7167760e-02
9.6961600e-01   3.1882029e-02
9.6392000e-01   3.7171438e-02
9.5775098e-01   4.2402972e-02
9.5111603e-01   4.8393484e-02
9.4401902e-01   5.4592878e-02
9.3646699e-01   6.1301842e-02
9.2846799e-01   6.7929178e-02
9.2003101e-01   7.5310327e-02
9.1116500e-01   8.2501873e-02
9.0187901e-01   8.9902952e-02
8.9218301e-01   9.8249175e-02
8.8208699e-01   1.0641713e-01
8.7160099e-01   1.1513967e-01
8.6073500e-01   1.2413131e-01
8.4950101e-01   1.3279264e-01
8.3791000e-01   1.4225841e-01
8.2597399e-01   1.5190740e-01
8.1370401e-01   1.6151176e-01
8.0111301e-01   1.7153525e-01
7.8821403e-01   1.8189935e-01
7.7501899e-01   1.9268124e-01
7.6154101e-01   2.0318438e-01
7.4779499e-01   2.1327485e-01
7.3379201e-01   2.2420810e-01
7.1954799e-01   2.3515092e-01
7.0507699e-01   2.4508220e-01
6.9039202e-01   2.5602630e-01
6.7550898e-01   2.6627171e-01
6.6044199e-01   2.7633178e-01
6.4520597e-01   2.8654745e-01
6.2981701e-01   2.9626584e-01
6.1429000e-01   3.0512229e-01
5.9864002e-01   3.1453273e-01
5.8288401e-01   3.2353583e-01
5.6703597e-01   3.3158001e-01
5.5111301e-01   3.3944291e-01
5.3513098e-01   3.4632406e-01
5.1910597e-01   3.5316512e-01
5.0305402e-01   3.5910487e-01
4.8699099e-01   3.6453274e-01
4.7093400e-01   3.6959872e-01
4.5489800e-01   3.7334076e-01
4.3889999e-01   3.7711477e-01
4.2295599e-01   3.7914643e-01
4.0708300e-01   3.8121775e-01
3.9129499e-01   3.8202265e-01
3.7560999e-01   3.8256475e-01
3.6004400e-01   3.8202521e-01
3.4461200e-01   3.8102672e-01
3.2933000e-01   3.7874311e-01
3.1421301e-01   3.7569171e-01
2.9927900e-01   3.7201691e-01
2.8454101e-01   3.6762491e-01
2.7001500e-01   3.6282060e-01
2.5571701e-01   3.5661161e-01
2.4166100e-01   3.4985310e-01
2.2786200e-01   3.4329689e-01
2.1433599e-01   3.3493423e-01
2.0109500e-01   3.2618433e-01
1.8815500e-01   3.1697765e-01
1.7553000e-01   3.0669063e-01
1.6323400e-01   2.9597646e-01
1.5128000e-01   2.8433770e-01
1.3968100e-01   2.7307436e-01
1.2845200e-01   2.6079604e-01
1.1760600e-01   2.4787126e-01
1.0715500e-01   2.3476000e-01
9.7112998e-02   2.2102118e-01
8.7493002e-02   2.0719813e-01
7.8305997e-02   1.9286077e-01
6.9565997e-02   1.7866123e-01
6.1285000e-02   1.6431832e-01
5.3474002e-02   1.4967336e-01
4.6149999e-02   1.3552558e-01
3.9326001e-02   1.2116484e-01
3.3013999e-02   1.0743117e-01
2.7230000e-02   9.3681239e-02
2.1980001e-02   8.0802195e-02
1.7277000e-02   6.8147242e-02
1.3141000e-02   5.6531623e-02
9.5729996e-03   4.5419939e-02
6.5830001e-03   3.5236377e-02
4.1880002e-03   2.6269998e-02
2.3540000e-03   1.8271569e-02
1.0810000e-03   1.1596312e-02
3.7100000e-04   6.2940111e-03
7.6999997e-05   2.4569135e-03
4.9999999e-06   2.6486395e-04
0.0000000e+00   -6.2886631e-04
4.9999999e-06   -1.3975580e-03
7.6999997e-05   -3.6460990e-03
3.7100000e-04   -7.2557777e-03
1.0810000e-03   -1.1967538e-02
2.3530000e-03   -1.7771149e-02
4.1880002e-03   -2.4455564e-02
6.5850001e-03   -3.1665441e-02
9.5760003e-03   -3.8875073e-02
1.3145000e-02   -4.6583015e-02
1.7281000e-02   -5.4101378e-02
2.1983000e-02   -6.1663557e-02
2.7232001e-02   -6.8903908e-02
3.3016000e-02   -7.6011389e-02
3.9328001e-02   -8.2919680e-02
4.6151999e-02   -8.9351699e-02
5.3475998e-02   -9.5460825e-02
6.1287001e-02   -1.0162090e-01
6.9568001e-02   -1.0673647e-01
7.8308001e-02   -1.1215793e-01
8.7494999e-02   -1.1694864e-01
9.7115003e-02   -1.2112606e-01
1.0715700e-01   -1.2573539e-01
1.1760800e-01   -1.2943709e-01
1.2845400e-01   -1.3283667e-01
1.3968299e-01   -1.3599451e-01
1.5128200e-01   -1.3897133e-01
1.6323499e-01   -1.4169590e-01
1.7553200e-01   -1.4306490e-01
1.8815701e-01   -1.4530334e-01
2.0109700e-01   -1.4688911e-01
2.1433701e-01   -1.4789881e-01
2.2786400e-01   -1.4928478e-01
2.4166299e-01   -1.4950372e-01
2.5571901e-01   -1.4995088e-01
2.7001700e-01   -1.5007961e-01
2.8454199e-01   -1.5029980e-01
2.9927999e-01   -1.4966515e-01
3.1421500e-01   -1.4887689e-01
3.2933101e-01   -1.4799447e-01
3.4461299e-01   -1.4667371e-01
3.6004499e-01   -1.4512497e-01
3.7561101e-01   -1.4384040e-01
3.9129600e-01   -1.4183299e-01
4.0708300e-01   -1.3943872e-01
4.2295700e-01   -1.3670906e-01
4.3890101e-01   -1.3371891e-01
4.5489901e-01   -1.3119154e-01
4.7093499e-01   -1.2778892e-01
4.8699200e-01   -1.2406264e-01
5.0305498e-01   -1.2049964e-01
5.1910698e-01   -1.1612546e-01
5.3513199e-01   -1.1188052e-01
5.5111402e-01   -1.0771358e-01
5.6703597e-01   -1.0367345e-01
5.8288401e-01   -9.8632656e-02
5.9864002e-01   -9.3923673e-02
6.1429000e-01   -8.9795031e-02
6.2981701e-01   -8.4708728e-02
6.4520597e-01   -8.0271006e-02
6.6044199e-01   -7.5249605e-02
6.7550898e-01   -7.0893854e-02
6.9039297e-01   -6.5831445e-02
7.0507699e-01   -6.1317477e-02
7.1954900e-01   -5.6727875e-02
7.3379302e-01   -5.2252747e-02
7.4779499e-01   -4.7743566e-02
7.6154202e-01   -4.3480456e-02
7.7501899e-01   -3.9743941e-02
7.8821403e-01   -3.5484809e-02
8.0111301e-01   -3.1632364e-02
8.1370401e-01   -2.7901271e-02
8.2597297e-01   -2.4234319e-02
8.3791000e-01   -2.1356339e-02
8.4950101e-01   -1.8618343e-02
8.6073500e-01   -1.5453524e-02
8.7160099e-01   -1.2992382e-02
8.8208801e-01   -1.1421707e-02
8.9218402e-01   -8.9827105e-03
9.0188003e-01   -7.3278183e-03
9.1116500e-01   -5.5457503e-03
9.2003101e-01   -3.8529984e-03
9.2846799e-01   -2.9755342e-03
9.3646699e-01   -2.0318544e-03
9.4401902e-01   -1.2252260e-03
9.5111603e-01   -8.1507192e-04
9.5775098e-01   -3.2800552e-04
9.6392000e-01   -4.4104643e-05
9.6961600e-01   1.8091034e-04
9.7483599e-01   -9.0675894e-06
9.7957498e-01   2.9521342e-04
9.8383099e-01   1.7283612e-04
9.8759800e-01   5.8934325e-05
9.9087399e-01   -1.0315562e-06
9.9365300e-01   -8.2863495e-05
9.9593401e-01   -2.9847655e-04
9.9771100e-01   -3.5526729e-04
9.9898201e-01   -4.7724109e-04
9.9974501e-01   -5.5619393e-04
1.0000000e+00   -4.8781393e-04
