1.0000000e+00   4.2385138e-03
9.9974501e-01   4.3356614e-03
9.9898201e-01   4.6137460e-03
9.9771100e-01   4.9860352e-03
9.9593300e-01   5.3556599e-03
9.9365300e-01   5.8277044e-03
9.9087399e-01   6.5055187e-03
9.8759800e-01   7.3295143e-03
9.8382998e-01   8.2705468e-03
9.7957498e-01   9.3270270e-03
9.7483599e-01   1.0480637e-02
9.6961600e-01   1.1731820e-02
9.6392000e-01   1.3147349e-02
9.5775098e-01   1.4800571e-02
9.5111603e-01   1.6668230e-02
9.4401902e-01   1.8678293e-02
9.3646699e-01   2.0853877e-02
9.2846799e-01   2.3270447e-02
9.2003101e-01   2.5928609e-02
9.1116500e-01   2.8789354e-02
9.0187901e-01   3.1871594e-02
8.9218301e-01   3.5203669e-02
8.8208699e-01   3.8739491e-02
8.7160099e-01   4.2426392e-02
8.6073500e-01   4.6291895e-02
8.4950101e-01   5.0381094e-02
8.3791000e-01   5.4699831e-02
8.2597399e-01   5.9215695e-02
8.1370401e-01   6.3894980e-02
8.0111301e-01   6.8744056e-02
7.8821403e-01   7.3721215e-02
7.7501899e-01   7.8780837e-02
7.6154101e-01   8.3873034e-02
7.4779499e-01   8.8961311e-02
7.3379201e-01   9.4096728e-02
7.1954799e-01   9.9347383e-02
7.0507699e-01   1.0472575e-01
6.9039202e-01   1.1021744e-01
6.7550898e-01   1.1579350e-01
6.6044199e-01   1.2143870e-01
6.4520597e-01   1.2713416e-01
6.2981701e-01   1.3286565e-01
6.1429000e-01   1.3865142e-01
5.9864002e-01   1.4450149e-01
5.8288401e-01   1.5037233e-01
5.6703597e-01   1.5621741e-01
5.5111301e-01   1.6206238e-01
5.3513098e-01   1.6790010e-01
5.1910597e-01   1.7365003e-01
5.0305402e-01   1.7925856e-01
4.8699099e-01   1.8475455e-01
4.7093400e-01   1.9015332e-01
4.5489800e-01   1.9545771e-01
4.3889999e-01   2.0066376e-01
4.2295599e-01   2.0580333e-01
4.0708300e-01   2.1085732e-01
3.9129499e-01   2.1578109e-01
3.7560999e-01   2.2053717e-01
3.6004400e-01   2.2507022e-01
3.4461200e-01   2.2934288e-01
3.2933000e-01   2.3337093e-01
3.1421301e-01   2.3715484e-01
2.9927900e-01   2.4061589e-01
2.8454101e-01   2.4368553e-01
2.7001500e-01   2.4629015e-01
2.5571701e-01   2.4833260e-01
2.4166100e-01   2.4969612e-01
2.2786200e-01   2.5032172e-01
2.1433599e-01   2.5018796e-01
2.0109500e-01   2.4927048e-01
1.8815500e-01   2.4752286e-01
1.7553000e-01   2.4493563e-01
1.6323400e-01   2.4155143e-01
1.5128000e-01   2.3736450e-01
1.3968100e-01   2.3231877e-01
1.2845200e-01   2.2640596e-01
1.1760600e-01   2.1972498e-01
1.0715500e-01   2.1234652e-01
9.7112998e-02   2.0421341e-01
8.7493002e-02   1.9532606e-01
7.8305997e-02   1.8580464e-01
6.9565997e-02   1.7566366e-01
6.1285000e-02   1.6484611e-01
5.3474002e-02   1.5339154e-01
4.6149999e-02   1.4144100e-01
3.9326001e-02   1.2917136e-01
3.3013999e-02   1.1676583e-01
2.7230000e-02   1.0444399e-01
2.1980001e-02   9.2282884e-02
1.7277000e-02   8.0028377e-02
1.3141000e-02   6.7822859e-02
9.5729996e-03   5.5962406e-02
6.5830001e-03   4.4664238e-02
4.1880002e-03   3.4160711e-02
2.3540000e-03   2.4721427e-02
1.0810000e-03   1.6607340e-02
3.7100000e-04   1.0056833e-02
7.6999997e-05   5.2674511e-03
4.9999999e-06   2.3608224e-03
0.0000000e+00   1.3919824e-03
4.9999999e-06   4.1933704e-04
7.6999997e-05   -2.5053211e-03
3.7100000e-04   -7.2765779e-03
1.0810000e-03   -1.3679429e-02
2.3530000e-03   -2.1425722e-02
4.1880002e-03   -3.0257378e-02
6.5850001e-03   -4.0121093e-02
9.5760003e-03   -5.1202551e-02
1.3145000e-02   -6.3578591e-02
1.7281000e-02   -7.6228276e-02
2.1983000e-02   -8.8605620e-02
2.7232001e-02   -1.0055160e-01
3.3016000e-02   -1.1208570e-01
3.9328001e-02   -1.2331379e-01
4.6151999e-02   -1.3426179e-01
5.3475998e-02   -1.4490190e-01
6.1287001e-02   -1.5517709e-01
6.9568001e-02   -1.6502877e-01
7.8308001e-02   -1.7445292e-01
8.7494999e-02   -1.8342339e-01
9.7115003e-02   -1.9182561e-01
1.0715700e-01   -1.9957270e-01
1.1760800e-01   -2.0670271e-01
1.2845400e-01   -2.1324021e-01
1.3968299e-01   -2.1914077e-01
1.5128200e-01   -2.2431494e-01
1.6323499e-01   -2.2875103e-01
1.7553200e-01   -2.3253070e-01
1.8815701e-01   -2.3565078e-01
2.0109700e-01   -2.3804577e-01
2.1433701e-01   -2.3975022e-01
2.2786400e-01   -2.4085960e-01
2.4166299e-01   -2.4137412e-01
2.5571901e-01   -2.4121596e-01
2.7001700e-01   -2.4041921e-01
2.8454199e-01   -2.3909929e-01
2.9927999e-01   -2.3731810e-01
3.1421500e-01   -2.3509224e-01
3.2933101e-01   -2.3244084e-01
3.4461299e-01   -2.2942132e-01
3.6004499e-01   -2.2605373e-01
3.7561101e-01   -2.2232223e-01
3.9129600e-01   -2.1826977e-01
4.0708300e-01   -2.1397883e-01
4.2295700e-01   -2.0951578e-01
4.3890101e-01   -2.0488380e-01
4.5489901e-01   -2.0006891e-01
4.7093499e-01   -1.9510123e-01
4.8699200e-01   -1.9003901e-01
5.0305498e-01   -1.8490289e-01
5.1910698e-01   -1.7970158e-01
5.3513199e-01   -1.7446019e-01
5.5111402e-01   -1.6914758e-01
5.6703597e-01   -1.6374478e-01
5.8288401e-01   -1.5833484e-01
5.9864002e-01   -1.5298989e-01
6.1429000e-01   -1.4765230e-01
6.2981701e-01   -1.4228553e-01
6.4520597e-01   -1.3695487e-01
6.6044199e-01   -1.3169755e-01
6.7550898e-01   -1.2650625e-01
6.9039297e-01   -1.2135513e-01
7.0507699e-01   -1.1617345e-01
7.1954900e-01   -1.1096564e-01
7.3379302e-01   -1.0582222e-01
7.4779499e-01   -1.0075631e-01
7.6154202e-01   -9.5726438e-02
7.7501899e-01   -9.0715170e-02
7.8821403e-01   -8.5769854e-02
8.0111301e-01   -8.0936313e-02
8.1370401e-01   -7.6229781e-02
8.2597297e-01   -7.1635798e-02
8.3791000e-01   -6.7166559e-02
8.4950101e-01   -6.2808737e-02
8.6073500e-01   -5.8566209e-02
8.7160099e-01   -5.4456841e-02
8.8208801e-01   -5.0502785e-02
8.9218402e-01   -4.6709813e-02
9.0188003e-01   -4.3099917e-02
9.1116500e-01   -3.9687403e-02
9.2003101e-01   -3.6434468e-02
9.2846799e-01   -3.3300158e-02
9.3646699e-01   -3.0284092e-02
9.4401902e-01   -2.7395749e-02
9.5111603e-01   -2.4621250e-02
9.5775098e-01   -2.1936636e-02
9.6392000e-01   -1.9343471e-02
9.6961600e-01   -1.6842829e-02
9.7483599e-01   -1.4430668e-02
9.7957498e-01   -1.2156636e-02
9.8383099e-01   -1.0056944e-02
9.8759800e-01   -8.1181480e-03
9.9087399e-01   -6.3658361e-03
9.9365300e-01   -4.9029784e-03
9.9593401e-01   -3.8440356e-03
9.9771100e-01   -3.0892114e-03
9.9898201e-01   -2.5043380e-03
9.9974501e-01   -2.1230751e-03
1.0000000e+00   -1.9955861e-03
