1.0000000e+00   3.9215698e-03
9.9974501e-01   4.3898607e-03
9.9898201e-01   4.4914191e-03
9.9771100e-01   5.6160269e-03
9.9593300e-01   6.2185251e-03
9.9365300e-01   7.6093297e-03
9.9087399e-01   9.0577984e-03
9.8759800e-01   1.0589205e-02
9.8382998e-01   1.3155927e-02
9.7957498e-01   1.5290819e-02
9.7483599e-01   1.7600726e-02
9.6961600e-01   2.0474970e-02
9.6392000e-01   2.3992876e-02
9.5775098e-01   2.7605476e-02
9.5111603e-01   3.1353060e-02
9.4401902e-01   3.4944080e-02
9.3646699e-01   3.8827538e-02
9.2846799e-01   4.3460470e-02
9.2003101e-01   4.8071224e-02
9.1116500e-01   5.1501121e-02
9.0187901e-01   5.6537766e-02
8.9218301e-01   6.1721221e-02
8.8208699e-01   6.6667676e-02
8.7160099e-01   7.1841158e-02
8.6073500e-01   7.7130891e-02
8.4950101e-01   8.2838327e-02
8.3791000e-01   8.8020772e-02
8.2597399e-01   9.4273120e-02
8.1370401e-01   9.9956281e-02
8.0111301e-01   1.0568905e-01
7.8821403e-01   1.1212744e-01
7.7501899e-01   1.1758602e-01
7.6154101e-01   1.2354900e-01
7.4779499e-01   1.2981978e-01
7.3379201e-01   1.3526326e-01
7.1954799e-01   1.4204136e-01
7.0507699e-01   1.4734000e-01
6.9039202e-01   1.5349485e-01
6.7550898e-01   1.5918219e-01
6.6044199e-01   1.6550629e-01
6.4520597e-01   1.7078440e-01
6.2981701e-01   1.7602684e-01
6.1429000e-01   1.8147542e-01
5.9864002e-01   1.8670432e-01
5.8288401e-01   1.9175567e-01
5.6703597e-01   1.9707061e-01
5.5111301e-01   2.0206852e-01
5.3513098e-01   2.0655932e-01
5.1910597e-01   2.1059071e-01
5.0305402e-01   2.1414641e-01
4.8699099e-01   2.1812449e-01
4.7093400e-01   2.2123811e-01
4.5489800e-01   2.2465117e-01
4.3889999e-01   2.2730437e-01
4.2295599e-01   2.2914769e-01
4.0708300e-01   2.3185614e-01
3.9129499e-01   2.3351339e-01
3.7560999e-01   2.3449941e-01
3.6004400e-01   2.3606543e-01
3.4461200e-01   2.3657906e-01
3.2933000e-01   2.3647647e-01
3.1421301e-01   2.3593947e-01
2.9927900e-01   2.3556536e-01
2.8454101e-01   2.3406333e-01
2.7001500e-01   2.3249608e-01
2.5571701e-01   2.3036939e-01
2.4166100e-01   2.2798389e-01
2.2786200e-01   2.2530088e-01
2.1433599e-01   2.2195773e-01
2.0109500e-01   2.1779984e-01
1.8815500e-01   2.1352009e-01
1.7553000e-01   2.0885924e-01
1.6323400e-01   2.0409213e-01
1.5128000e-01   1.9860618e-01
1.3968100e-01   1.9256781e-01
1.2845200e-01   1.8559277e-01
1.1760600e-01   1.7856917e-01
1.0715500e-01   1.7186119e-01
9.7112998e-02   1.6431277e-01
8.7493002e-02   1.5633689e-01
7.8305997e-02   1.4816697e-01
6.9565997e-02   1.3971508e-01
6.1285000e-02   1.3063097e-01
5.3474002e-02   1.2223623e-01
4.6149999e-02   1.1279918e-01
3.9326001e-02   1.0355134e-01
3.3013999e-02   9.4601229e-02
2.7230000e-02   8.4500976e-02
2.1980001e-02   7.5269461e-02
1.7277000e-02   6.5932341e-02
1.3141000e-02   5.6546692e-02
9.5729996e-03   4.7101773e-02
6.5830001e-03   3.8046572e-02
4.1880002e-03   2.9989241e-02
2.3540000e-03   2.1743068e-02
1.0810000e-03   1.4702706e-02
3.7100000e-04   8.8904500e-03
7.6999997e-05   4.6084574e-03
4.9999999e-06   1.5528706e-03
0.0000000e+00   8.9303963e-04
4.9999999e-06   -3.4230761e-06
7.6999997e-05   -3.0312459e-03
3.7100000e-04   -6.7234882e-03
1.0810000e-03   -1.1850047e-02
2.3530000e-03   -1.7115891e-02
4.1880002e-03   -2.2140266e-02
6.5850001e-03   -2.6587857e-02
9.5760003e-03   -3.0440517e-02
1.3145000e-02   -3.3828311e-02
1.7281000e-02   -3.6278591e-02
2.1983000e-02   -3.8516279e-02
2.7232001e-02   -4.0226027e-02
3.3016000e-02   -4.2296272e-02
3.9328001e-02   -4.3602604e-02
4.6151999e-02   -4.4872079e-02
5.3475998e-02   -4.6015549e-02
6.1287001e-02   -4.6536166e-02
6.9568001e-02   -4.6807412e-02
7.8308001e-02   -4.7217567e-02
8.7494999e-02   -4.7258519e-02
9.7115003e-02   -4.7259863e-02
1.0715700e-01   -4.6699543e-02
1.1760800e-01   -4.6819840e-02
1.2845400e-01   -4.6433091e-02
1.3968299e-01   -4.5708403e-02
1.5128200e-01   -4.5543727e-02
1.6323499e-01   -4.4231236e-02
1.7553200e-01   -4.3599404e-02
1.8815701e-01   -4.3025453e-02
2.0109700e-01   -4.1854940e-02
2.1433701e-01   -4.0706877e-02
2.2786400e-01   -4.0176764e-02
2.4166299e-01   -3.8795900e-02
2.5571901e-01   -3.7783507e-02
2.7001700e-01   -3.6932360e-02
2.8454199e-01   -3.5664879e-02
2.9927999e-01   -3.4326959e-02
3.1421500e-01   -3.2746062e-02
3.2933101e-01   -3.2181211e-02
3.4461299e-01   -3.1048745e-02
3.6004499e-01   -2.9769484e-02
3.7561101e-01   -2.8801272e-02
3.9129600e-01   -2.7417587e-02
4.0708300e-01   -2.7541839e-02
4.2295700e-01   -2.6448924e-02
4.3890101e-01   -2.5003843e-02
4.5489901e-01   -2.3652432e-02
4.7093499e-01   -2.3315322e-02
4.8699200e-01   -2.2829236e-02
5.0305498e-01   -2.1354530e-02
5.1910698e-01   -2.0753019e-02
5.3513199e-01   -1.9512892e-02
5.5111402e-01   -1.8850539e-02
5.6703597e-01   -1.8238079e-02
5.8288401e-01   -1.6829612e-02
5.9864002e-01   -1.6001554e-02
6.1429000e-01   -1.5624153e-02
6.2981701e-01   -1.4239945e-02
6.4520597e-01   -1.3283343e-02
6.6044199e-01   -1.2736635e-02
6.7550898e-01   -1.1796793e-02
6.9039297e-01   -1.0840006e-02
7.0507699e-01   -1.0007362e-02
7.1954900e-01   -9.7316243e-03
7.3379302e-01   -8.5663190e-03
7.4779499e-01   -8.3678085e-03
7.6154202e-01   -7.4044638e-03
7.7501899e-01   -6.8682879e-03
7.8821403e-01   -6.5611787e-03
8.0111301e-01   -6.2190797e-03
8.1370401e-01   -5.6491997e-03
8.2597297e-01   -5.3759837e-03
8.3791000e-01   -5.2241525e-03
8.4950101e-01   -5.0715380e-03
8.6073500e-01   -4.5212116e-03
8.7160099e-01   -4.7724973e-03
8.8208801e-01   -4.4005788e-03
8.9218402e-01   -4.0433775e-03
9.0188003e-01   -4.0369644e-03
9.1116500e-01   -4.4848658e-03
9.2003101e-01   -4.1520721e-03
9.2846799e-01   -4.2365915e-03
9.3646699e-01   -3.5862788e-03
9.4401902e-01   -4.1366047e-03
9.5111603e-01   -3.5480261e-03
9.5775098e-01   -3.4359745e-03
9.6392000e-01   -3.3124797e-03
9.6961600e-01   -3.3519845e-03
9.7483599e-01   -2.7595188e-03
9.7957498e-01   -2.7989103e-03
9.8383099e-01   -2.6710315e-03
9.8759800e-01   -2.7096532e-03
9.9087399e-01   -2.5732089e-03
9.9365300e-01   -2.3769273e-03
9.9593401e-01   -2.6144129e-03
9.9771100e-01   -2.6364862e-03
9.9898201e-01   -2.6484074e-03
9.9974501e-01   -2.3951838e-03
1.0000000e+00   -2.4551728e-03
