1.0000000e+00   1.9745426e-03
9.9974501e-01   2.3701037e-03
9.9898201e-01   2.2488395e-03
9.9771100e-01   2.9544411e-03
9.9593300e-01   3.2682482e-03
9.9365300e-01   3.5568012e-03
9.9087399e-01   4.5526009e-03
9.8759800e-01   5.2829590e-03
9.8382998e-01   6.4024879e-03
9.7957498e-01   7.3930011e-03
9.7483599e-01   8.9574205e-03
9.6961600e-01   1.0502280e-02
9.6392000e-01   1.1440218e-02
9.5775098e-01   1.3226293e-02
9.5111603e-01   1.5278297e-02
9.4401902e-01   1.7196033e-02
9.3646699e-01   1.8905101e-02
9.2846799e-01   2.1342266e-02
9.2003101e-01   2.3174843e-02
9.1116500e-01   2.5829803e-02
9.0187901e-01   2.8604329e-02
8.9218301e-01   3.0780485e-02
8.8208699e-01   3.3701178e-02
8.7160099e-01   3.6317281e-02
8.6073500e-01   3.9246947e-02
8.4950101e-01   4.2797595e-02
8.3791000e-01   4.5525704e-02
8.2597399e-01   4.9371257e-02
8.1370401e-01   5.2614033e-02
8.0111301e-01   5.6031220e-02
7.8821403e-01   5.9673220e-02
7.7501899e-01   6.3051097e-02
7.6154101e-01   6.6933572e-02
7.4779499e-01   7.0563160e-02
7.3379201e-01   7.4139260e-02
7.1954799e-01   7.7290915e-02
7.0507699e-01   8.0935560e-02
6.9039202e-01   8.4541969e-02
6.7550898e-01   8.8219397e-02
6.6044199e-01   9.1646910e-02
6.4520597e-01   9.5258698e-02
6.2981701e-01   9.8522320e-02
6.1429000e-01   1.0188356e-01
5.9864002e-01   1.0464644e-01
5.8288401e-01   1.0747729e-01
5.6703597e-01   1.1050609e-01
5.5111301e-01   1.1332610e-01
5.3513098e-01   1.1610261e-01
5.1910597e-01   1.1829408e-01
5.0305402e-01   1.2062642e-01
4.8699099e-01   1.2261588e-01
4.7093400e-01   1.2399618e-01
4.5489800e-01   1.2582234e-01
4.3889999e-01   1.2713727e-01
4.2295599e-01   1.2866193e-01
4.0708300e-01   1.3006866e-01
3.9129499e-01   1.3143428e-01
3.7560999e-01   1.3171248e-01
3.6004400e-01   1.3255917e-01
3.4461200e-01   1.3244280e-01
3.2933000e-01   1.3265924e-01
3.1421301e-01   1.3306700e-01
2.9927900e-01   1.3198729e-01
2.8454101e-01   1.3223857e-01
2.7001500e-01   1.3164349e-01
2.5571701e-01   1.3080098e-01
2.4166100e-01   1.2933637e-01
2.2786200e-01   1.2751688e-01
2.1433599e-01   1.2642363e-01
2.0109500e-01   1.2481540e-01
1.8815500e-01   1.2231095e-01
1.7553000e-01   1.1981376e-01
1.6323400e-01   1.1786694e-01
1.5128000e-01   1.1521317e-01
1.3968100e-01   1.1177088e-01
1.2845200e-01   1.0896951e-01
1.1760600e-01   1.0525850e-01
1.0715500e-01   1.0161898e-01
9.7112998e-02   9.7659737e-02
8.7493002e-02   9.3639299e-02
7.8305997e-02   8.9323372e-02
6.9565997e-02   8.4466591e-02
6.1285000e-02   8.0034509e-02
5.3474002e-02   7.5227365e-02
4.6149999e-02   6.9821991e-02
3.9326001e-02   6.4768061e-02
3.3013999e-02   5.9667472e-02
2.7230000e-02   5.4397803e-02
2.1980001e-02   4.8918989e-02
1.7277000e-02   4.3282848e-02
1.3141000e-02   3.7562072e-02
9.5729996e-03   3.1997044e-02
6.5830001e-03   2.6284987e-02
4.1880002e-03   2.0576211e-02
2.3540000e-03   1.5202926e-02
1.0810000e-03   9.8295491e-03
3.7100000e-04   5.2526565e-03
7.6999997e-05   1.9768060e-03
4.9999999e-06   -2.0617410e-04
0.0000000e+00   -1.1103710e-03
4.9999999e-06   -1.6761335e-03
7.6999997e-05   -3.6987865e-03
3.7100000e-04   -7.1042771e-03
1.0810000e-03   -1.1464051e-02
2.3530000e-03   -1.5762262e-02
4.1880002e-03   -1.9985229e-02
6.5850001e-03   -2.4031593e-02
9.5760003e-03   -2.7956408e-02
1.3145000e-02   -3.1351157e-02
1.7281000e-02   -3.4842689e-02
2.1983000e-02   -3.7937909e-02
2.7232001e-02   -4.1188732e-02
3.3016000e-02   -4.3636866e-02
3.9328001e-02   -4.6473864e-02
4.6151999e-02   -4.9083393e-02
5.3475998e-02   -5.1597681e-02
6.1287001e-02   -5.4015331e-02
6.9568001e-02   -5.6078129e-02
7.8308001e-02   -5.8276672e-02
8.7494999e-02   -6.0342323e-02
9.7115003e-02   -6.2029134e-02
1.0715700e-01   -6.3653827e-02
1.1760800e-01   -6.5983638e-02
1.2845400e-01   -6.7307152e-02
1.3968299e-01   -6.8446003e-02
1.5128200e-01   -7.0118584e-02
1.6323499e-01   -7.0972092e-02
1.7553200e-01   -7.2226353e-02
1.8815701e-01   -7.2837315e-02
2.0109700e-01   -7.3779419e-02
2.1433701e-01   -7.4408405e-02
2.2786400e-01   -7.4955665e-02
2.4166299e-01   -7.5611442e-02
2.5571901e-01   -7.6164126e-02
2.7001700e-01   -7.6873966e-02
2.8454199e-01   -7.7470213e-02
2.9927999e-01   -7.6955758e-02
3.1421500e-01   -7.7692501e-02
3.2933101e-01   -7.7749006e-02
3.4461299e-01   -7.7174149e-02
3.6004499e-01   -7.7381119e-02
3.7561101e-01   -7.7121839e-02
3.9129600e-01   -7.6597713e-02
4.0708300e-01   -7.5664118e-02
4.2295700e-01   -7.5857356e-02
4.3890101e-01   -7.4774429e-02
4.5489901e-01   -7.4229650e-02
4.7093499e-01   -7.2878063e-02
4.8699200e-01   -7.1939632e-02
5.0305498e-01   -7.0649654e-02
5.1910698e-01   -6.9094047e-02
5.3513199e-01   -6.7962699e-02
5.5111402e-01   -6.6483729e-02
5.6703597e-01   -6.4956017e-02
5.8288401e-01   -6.3828006e-02
5.9864002e-01   -6.1686158e-02
6.1429000e-01   -5.9728161e-02
6.2981701e-01   -5.8141682e-02
6.4520597e-01   -5.6240190e-02
6.6044199e-01   -5.4166712e-02
6.7550898e-01   -5.2404352e-02
6.9039297e-01   -5.0583839e-02
7.0507699e-01   -4.8359290e-02
7.1954900e-01   -4.6400312e-02
7.3379302e-01   -4.4197619e-02
7.4779499e-01   -4.2061195e-02
7.6154202e-01   -3.9829165e-02
7.7501899e-01   -3.7344452e-02
7.8821403e-01   -3.5839558e-02
8.0111301e-01   -3.3564236e-02
8.1370401e-01   -3.1495173e-02
8.2597297e-01   -2.9353475e-02
8.3791000e-01   -2.7799308e-02
8.4950101e-01   -2.5322137e-02
8.6073500e-01   -2.3647441e-02
8.7160099e-01   -2.1712737e-02
8.8208801e-01   -1.9910153e-02
8.9218402e-01   -1.8387182e-02
9.0188003e-01   -1.6771281e-02
9.1116500e-01   -1.5642749e-02
9.2003101e-01   -1.3925067e-02
9.2846799e-01   -1.2521897e-02
9.3646699e-01   -1.1444744e-02
9.4401902e-01   -9.8895077e-03
9.5111603e-01   -8.9209024e-03
9.5775098e-01   -7.5252033e-03
9.6392000e-01   -6.3783629e-03
9.6961600e-01   -5.3527141e-03
9.7483599e-01   -4.5633405e-03
9.7957498e-01   -3.5948888e-03
9.8383099e-01   -2.7263255e-03
9.8759800e-01   -2.2136916e-03
9.9087399e-01   -1.8462982e-03
9.9365300e-01   -1.3249103e-03
9.9593401e-01   -8.2079443e-04
9.9771100e-01   -7.9228281e-04
9.9898201e-01   -4.1752352e-04
9.9974501e-01   -2.2762711e-04
1.0000000e+00   1.1055265e-05
