1.0000000e+00   -5.2895075e-06
9.9974501e-01   1.2358488e-04
9.9898201e-01   5.8543612e-04
9.9771100e-01   1.3411922e-03
9.9593300e-01   2.2264612e-03
9.9365300e-01   3.4363887e-03
9.9087399e-01   5.0064996e-03
9.8759800e-01   6.7590652e-03
9.8382998e-01   8.6962534e-03
9.7957498e-01   1.0917850e-02
9.7483599e-01   1.3546006e-02
9.6961600e-01   1.6240610e-02
9.6392000e-01   1.9268496e-02
9.5775098e-01   2.2532202e-02
9.5111603e-01   2.5976913e-02
9.4401902e-01   2.9732842e-02
9.3646699e-01   3.3798821e-02
9.2846799e-01   3.8157448e-02
9.2003101e-01   4.2675678e-02
9.1116500e-01   4.7378588e-02
9.0187901e-01   5.2512810e-02
8.9218301e-01   5.7754219e-02
8.8208699e-01   6.3260704e-02
8.7160099e-01   6.9122113e-02
8.6073500e-01   7.5135469e-02
8.4950101e-01   8.1170976e-02
8.3791000e-01   8.7577656e-02
8.2597399e-01   9.4069920e-02
8.1370401e-01   1.0088288e-01
8.0111301e-01   1.0759270e-01
7.8821403e-01   1.1441494e-01
7.7501899e-01   1.2128831e-01
7.6154101e-01   1.2822172e-01
7.4779499e-01   1.3525559e-01
7.3379201e-01   1.4209187e-01
7.1954799e-01   1.4897929e-01
7.0507699e-01   1.5592933e-01
6.9039202e-01   1.6279674e-01
6.7550898e-01   1.6989668e-01
6.6044199e-01   1.7658210e-01
6.4520597e-01   1.8314956e-01
6.2981701e-01   1.8955290e-01
6.1429000e-01   1.9584966e-01
5.9864002e-01   2.0168211e-01
5.8288401e-01   2.0741773e-01
5.6703597e-01   2.1263991e-01
5.5111301e-01   2.1779253e-01
5.3513098e-01   2.2267596e-01
5.1910597e-01   2.2736096e-01
5.0305402e-01   2.3150548e-01
4.8699099e-01   2.3550212e-01
4.7093400e-01   2.3899132e-01
4.5489800e-01   2.4219170e-01
4.3889999e-01   2.4503177e-01
4.2295599e-01   2.4737421e-01
4.0708300e-01   2.4933419e-01
3.9129499e-01   2.5070181e-01
3.7560999e-01   2.5185889e-01
3.6004400e-01   2.5260711e-01
3.4461200e-01   2.5328392e-01
3.2933000e-01   2.5327265e-01
3.1421301e-01   2.5262868e-01
2.9927900e-01   2.5177190e-01
2.8454101e-01   2.5065866e-01
2.7001500e-01   2.4894330e-01
2.5571701e-01   2.4695776e-01
2.4166100e-01   2.4446228e-01
2.2786200e-01   2.4178685e-01
2.1433599e-01   2.3847425e-01
2.0109500e-01   2.3465151e-01
1.8815500e-01   2.3051527e-01
1.7553000e-01   2.2572698e-01
1.6323400e-01   2.2076038e-01
1.5128000e-01   2.1507920e-01
1.3968100e-01   2.0914969e-01
1.2845200e-01   2.0274237e-01
1.1760600e-01   1.9589163e-01
1.0715500e-01   1.8832710e-01
9.7112998e-02   1.8075144e-01
8.7493002e-02   1.7249003e-01
7.8305997e-02   1.6390684e-01
6.9565997e-02   1.5493475e-01
6.1285000e-02   1.4561196e-01
5.3474002e-02   1.3585246e-01
4.6149999e-02   1.2597694e-01
3.9326001e-02   1.1574519e-01
3.3013999e-02   1.0539912e-01
2.7230000e-02   9.4942950e-02
2.1980001e-02   8.4363461e-02
1.7277000e-02   7.3736764e-02
1.3141000e-02   6.2921986e-02
9.5729996e-03   5.2261770e-02
6.5830001e-03   4.1913494e-02
4.1880002e-03   3.2150902e-02
2.3540000e-03   2.3067188e-02
1.0810000e-03   1.5179535e-02
3.7100000e-04   8.5872468e-03
7.6999997e-05   3.8745913e-03
4.9999999e-06   9.6923165e-04
0.0000000e+00   6.4133119e-06
4.9999999e-06   -9.3426817e-04
7.6999997e-05   -3.8170149e-03
3.7100000e-04   -8.3137210e-03
1.0810000e-03   -1.4225473e-02
2.3530000e-03   -2.0911014e-02
4.1880002e-03   -2.7958231e-02
6.5850001e-03   -3.4648288e-02
9.5760003e-03   -4.1227378e-02
1.3145000e-02   -4.7559444e-02
1.7281000e-02   -5.3785283e-02
2.1983000e-02   -5.9587952e-02
2.7232001e-02   -6.5155834e-02
3.3016000e-02   -7.0454545e-02
3.9328001e-02   -7.5458720e-02
4.6151999e-02   -8.0354981e-02
5.3475998e-02   -8.4935732e-02
6.1287001e-02   -8.9309849e-02
6.9568001e-02   -9.3449570e-02
7.8308001e-02   -9.7351953e-02
8.7494999e-02   -1.0107097e-01
9.7115003e-02   -1.0446677e-01
1.0715700e-01   -1.0787228e-01
1.1760800e-01   -1.1100346e-01
1.2845400e-01   -1.1413378e-01
1.3968299e-01   -1.1698568e-01
1.5128200e-01   -1.1945184e-01
1.6323499e-01   -1.2190302e-01
1.7553200e-01   -1.2426236e-01
1.8815701e-01   -1.2645018e-01
2.0109700e-01   -1.2837408e-01
2.1433701e-01   -1.3001470e-01
2.2786400e-01   -1.3190290e-01
2.4166299e-01   -1.3342662e-01
2.5571901e-01   -1.3459574e-01
2.7001700e-01   -1.3580176e-01
2.8454199e-01   -1.3645093e-01
2.9927999e-01   -1.3716140e-01
3.1421500e-01   -1.3769291e-01
3.2933101e-01   -1.3822731e-01
3.4461299e-01   -1.3841529e-01
3.6004499e-01   -1.3840939e-01
3.7561101e-01   -1.3813420e-01
3.9129600e-01   -1.3763620e-01
4.0708300e-01   -1.3707697e-01
4.2295700e-01   -1.3623279e-01
4.3890101e-01   -1.3543740e-01
4.5489901e-01   -1.3422877e-01
4.7093499e-01   -1.3290308e-01
4.8699200e-01   -1.3119099e-01
5.0305498e-01   -1.2916414e-01
5.1910698e-01   -1.2680230e-01
5.3513199e-01   -1.2456813e-01
5.5111402e-01   -1.2185616e-01
5.6703597e-01   -1.1904277e-01
5.8288401e-01   -1.1565815e-01
5.9864002e-01   -1.1233477e-01
6.1429000e-01   -1.0873136e-01
6.2981701e-01   -1.0515203e-01
6.4520597e-01   -1.0128695e-01
6.6044199e-01   -9.7557560e-02
6.7550898e-01   -9.3708478e-02
6.9039297e-01   -8.9723453e-02
7.0507699e-01   -8.5721850e-02
7.1954900e-01   -8.1770055e-02
7.3379302e-01   -7.7917308e-02
7.4779499e-01   -7.3927671e-02
7.6154202e-01   -7.0098013e-02
7.7501899e-01   -6.6442110e-02
7.8821403e-01   -6.2844962e-02
8.0111301e-01   -5.9154127e-02
8.1370401e-01   -5.5538241e-02
8.2597297e-01   -5.2210584e-02
8.3791000e-01   -4.8706036e-02
8.4950101e-01   -4.5505218e-02
8.6073500e-01   -4.2176433e-02
8.7160099e-01   -3.9059896e-02
8.8208801e-01   -3.5930559e-02
8.9218402e-01   -3.2759082e-02
9.0188003e-01   -2.9921642e-02
9.1116500e-01   -2.7121369e-02
9.2003101e-01   -2.4438886e-02
9.2846799e-01   -2.1899339e-02
9.3646699e-01   -1.9496057e-02
9.4401902e-01   -1.7240252e-02
9.5111603e-01   -1.5189149e-02
9.5775098e-01   -1.3404603e-02
9.6392000e-01   -1.1497119e-02
9.6961600e-01   -9.8170834e-03
9.7483599e-01   -8.1532160e-03
9.7957498e-01   -6.6123563e-03
9.8383099e-01   -5.2906969e-03
9.8759800e-01   -3.9989855e-03
9.9087399e-01   -2.9197705e-03
9.9365300e-01   -1.9897169e-03
9.9593401e-01   -1.2903826e-03
9.9771100e-01   -6.6543551e-04
9.9898201e-01   -2.3712774e-04
9.9974501e-01   -7.7481156e-05
1.0000000e+00   1.2567625e-05
