1.0000000e+00   2.3806675e-03
9.9974501e-01   2.7344031e-03
9.9898201e-01   3.0071945e-03
9.9771100e-01   3.3811396e-03
9.9593300e-01   3.8579481e-03
9.9365300e-01   4.8875478e-03
9.9087399e-01   6.0617765e-03
9.8759800e-01   7.3989327e-03
9.8382998e-01   8.9715561e-03
9.7957498e-01   1.0172636e-02
9.7483599e-01   1.2189195e-02
9.6961600e-01   1.3839849e-02
9.6392000e-01   1.6139066e-02
9.5775098e-01   1.8881494e-02
9.5111603e-01   2.1105127e-02
9.4401902e-01   2.3814812e-02
9.3646699e-01   2.6890747e-02
9.2846799e-01   3.0367494e-02
9.2003101e-01   3.3571672e-02
9.1116500e-01   3.7442423e-02
9.0187901e-01   4.1315190e-02
8.9218301e-01   4.5346394e-02
8.8208699e-01   5.0105695e-02
8.7160099e-01   5.4011326e-02
8.6073500e-01   5.9190206e-02
8.4950101e-01   6.5100178e-02
8.3791000e-01   6.9733597e-02
8.2597399e-01   7.5502932e-02
8.1370401e-01   8.1267908e-02
8.0111301e-01   8.7779865e-02
7.8821403e-01   9.3627118e-02
7.7501899e-01   1.0064902e-01
7.6154101e-01   1.0671090e-01
7.4779499e-01   1.1379159e-01
7.3379201e-01   1.2107468e-01
7.1954799e-01   1.2769291e-01
7.0507699e-01   1.3436411e-01
6.9039202e-01   1.4180416e-01
6.7550898e-01   1.4877060e-01
6.6044199e-01   1.5592800e-01
6.4520597e-01   1.6308782e-01
6.2981701e-01   1.7044096e-01
6.1429000e-01   1.7734866e-01
5.9864002e-01   1.8450710e-01
5.8288401e-01   1.9178353e-01
5.6703597e-01   1.9834200e-01
5.5111301e-01   2.0509568e-01
5.3513098e-01   2.1170057e-01
5.1910597e-01   2.1792378e-01
5.0305402e-01   2.2402127e-01
4.8699099e-01   2.2999643e-01
4.7093400e-01   2.3649833e-01
4.5489800e-01   2.4129978e-01
4.3889999e-01   2.4563335e-01
4.2295599e-01   2.5022218e-01
4.0708300e-01   2.5346249e-01
3.9129499e-01   2.5748745e-01
3.7560999e-01   2.6130521e-01
3.6004400e-01   2.6269493e-01
3.4461200e-01   2.6485130e-01
3.2933000e-01   2.6662496e-01
3.1421301e-01   2.6772532e-01
2.9927900e-01   2.6737258e-01
2.8454101e-01   2.6730087e-01
2.7001500e-01   2.6593691e-01
2.5571701e-01   2.6565191e-01
2.4166100e-01   2.6318726e-01
2.2786200e-01   2.6069275e-01
2.1433599e-01   2.5717989e-01
2.0109500e-01   2.5286305e-01
1.8815500e-01   2.4868019e-01
1.7553000e-01   2.4301563e-01
1.6323400e-01   2.3681945e-01
1.5128000e-01   2.3030573e-01
1.3968100e-01   2.2295198e-01
1.2845200e-01   2.1538691e-01
1.1760600e-01   2.0671274e-01
1.0715500e-01   1.9761157e-01
9.7112998e-02   1.8773817e-01
8.7493002e-02   1.7804496e-01
7.8305997e-02   1.6776164e-01
6.9565997e-02   1.5673907e-01
6.1285000e-02   1.4521657e-01
5.3474002e-02   1.3362193e-01
4.6149999e-02   1.2189814e-01
3.9326001e-02   1.1055826e-01
3.3013999e-02   9.8718151e-02
2.7230000e-02   8.6992301e-02
2.1980001e-02   7.5536400e-02
1.7277000e-02   6.4423144e-02
1.3141000e-02   5.3387228e-02
9.5729996e-03   4.3415930e-02
6.5830001e-03   3.3879410e-02
4.1880002e-03   2.5159976e-02
2.3540000e-03   1.7499551e-02
1.0810000e-03   1.1106936e-02
3.7100000e-04   5.9709507e-03
7.6999997e-05   2.3001789e-03
4.9999999e-06   -3.0267052e-05
0.0000000e+00   -6.7719782e-04
4.9999999e-06   -1.5162844e-03
7.6999997e-05   -3.6237119e-03
3.7100000e-04   -7.1810251e-03
1.0810000e-03   -1.2070169e-02
2.3530000e-03   -1.7896146e-02
4.1880002e-03   -2.4391120e-02
6.5850001e-03   -3.0851621e-02
9.5760003e-03   -3.7574280e-02
1.3145000e-02   -4.4045709e-02
1.7281000e-02   -4.9702503e-02
2.1983000e-02   -5.5396896e-02
2.7232001e-02   -6.0467683e-02
3.3016000e-02   -6.5211058e-02
3.9328001e-02   -6.9675915e-02
4.6151999e-02   -7.3794670e-02
5.3475998e-02   -7.7468656e-02
6.1287001e-02   -8.1078298e-02
6.9568001e-02   -8.4172033e-02
7.8308001e-02   -8.6848438e-02
8.7494999e-02   -8.9387856e-02
9.7115003e-02   -9.1979086e-02
1.0715700e-01   -9.3610570e-02
1.1760800e-01   -9.5373072e-02
1.2845400e-01   -9.6876264e-02
1.3968299e-01   -9.7605534e-02
1.5128200e-01   -9.8868534e-02
1.6323499e-01   -1.0003541e-01
1.7553200e-01   -1.0088604e-01
1.8815701e-01   -1.0085069e-01
2.0109700e-01   -1.0014681e-01
2.1433701e-01   -1.0095213e-01
2.2786400e-01   -1.0045656e-01
2.4166299e-01   -9.9802539e-02
2.5571901e-01   -9.9054024e-02
2.7001700e-01   -9.8332867e-02
2.8454199e-01   -9.7937196e-02
2.9927999e-01   -9.6288681e-02
3.1421500e-01   -9.5102765e-02
3.2933101e-01   -9.4339214e-02
3.4461299e-01   -9.2792928e-02
3.6004499e-01   -9.1545947e-02
3.7561101e-01   -9.0306200e-02
3.9129600e-01   -8.8596977e-02
4.0708300e-01   -8.6297318e-02
4.2295700e-01   -8.4189422e-02
4.3890101e-01   -8.1968926e-02
4.5489901e-01   -7.9423927e-02
4.7093499e-01   -7.7264287e-02
4.8699200e-01   -7.4332073e-02
5.0305498e-01   -7.2181910e-02
5.1910698e-01   -6.9935612e-02
5.3513199e-01   -6.6713519e-02
5.5111402e-01   -6.4702004e-02
5.6703597e-01   -6.1751232e-02
5.8288401e-01   -5.8902074e-02
5.9864002e-01   -5.6640007e-02
6.1429000e-01   -5.3736862e-02
6.2981701e-01   -5.0869003e-02
6.4520597e-01   -4.8566457e-02
6.6044199e-01   -4.6491560e-02
6.7550898e-01   -4.3395326e-02
6.9039297e-01   -4.1572977e-02
7.0507699e-01   -3.8773794e-02
7.1954900e-01   -3.6791161e-02
7.3379302e-01   -3.4361523e-02
7.4779499e-01   -3.2118578e-02
7.6154202e-01   -3.0106530e-02
7.7501899e-01   -2.8045474e-02
7.8821403e-01   -2.6457027e-02
8.0111301e-01   -2.4080055e-02
8.1370401e-01   -2.1797555e-02
8.2597297e-01   -2.0246979e-02
8.3791000e-01   -1.8570624e-02
8.4950101e-01   -1.7042674e-02
8.6073500e-01   -1.5445911e-02
8.7160099e-01   -1.4427268e-02
8.8208801e-01   -1.2999090e-02
8.9218402e-01   -1.1284591e-02
9.0188003e-01   -1.0192960e-02
9.1116500e-01   -9.4031058e-03
9.2003101e-01   -9.0155704e-03
9.2846799e-01   -7.4739330e-03
9.3646699e-01   -7.0096110e-03
9.4401902e-01   -6.1720693e-03
9.5111603e-01   -5.6463447e-03
9.5775098e-01   -5.4732026e-03
9.6392000e-01   -4.4668680e-03
9.6961600e-01   -4.2814938e-03
9.7483599e-01   -3.5851102e-03
9.7957498e-01   -3.0453405e-03
9.8383099e-01   -2.8182906e-03
9.8759800e-01   -2.5154566e-03
9.9087399e-01   -2.2500050e-03
9.9365300e-01   -1.7793844e-03
9.9593401e-01   -1.7365770e-03
9.9771100e-01   -1.6469744e-03
9.9898201e-01   -1.3375337e-03
9.9974501e-01   -1.1976418e-03
1.0000000e+00   -1.1698344e-03
