1.0000000e+00   4.2287770e-04
9.9974501e-01   4.4158226e-04
9.9898201e-01   6.9096615e-04
9.9771100e-01   1.1606179e-03
9.9593300e-01   1.5951792e-03
9.9365300e-01   2.7901493e-03
9.9087399e-01   3.8412034e-03
9.8759800e-01   5.2502160e-03
9.8382998e-01   6.7830398e-03
9.7957498e-01   8.2423724e-03
9.7483599e-01   1.0548148e-02
9.6961600e-01   1.2848577e-02
9.6392000e-01   1.5302060e-02
9.5775098e-01   1.8265074e-02
9.5111603e-01   2.1381138e-02
9.4401902e-01   2.4720602e-02
9.3646699e-01   2.8271066e-02
9.2846799e-01   3.2035094e-02
9.2003101e-01   3.6237661e-02
9.1116500e-01   4.0605158e-02
9.0187901e-01   4.5147251e-02
8.9218301e-01   4.9976341e-02
8.8208699e-01   5.5090096e-02
8.7160099e-01   6.0476683e-02
8.6073500e-01   6.6234723e-02
8.4950101e-01   7.2234079e-02
8.3791000e-01   7.8171283e-02
8.2597399e-01   8.4252261e-02
8.1370401e-01   9.1015860e-02
8.0111301e-01   9.8269634e-02
7.8821403e-01   1.0514764e-01
7.7501899e-01   1.1281622e-01
7.6154101e-01   1.2030540e-01
7.4779499e-01   1.2821579e-01
7.3379201e-01   1.3633637e-01
7.1954799e-01   1.4442436e-01
7.0507699e-01   1.5252888e-01
6.9039202e-01   1.6069400e-01
6.7550898e-01   1.6902438e-01
6.6044199e-01   1.7815632e-01
6.4520597e-01   1.8615016e-01
6.2981701e-01   1.9458355e-01
6.1429000e-01   2.0330516e-01
5.9864002e-01   2.1168901e-01
5.8288401e-01   2.1965717e-01
5.6703597e-01   2.2727959e-01
5.5111301e-01   2.3528115e-01
5.3513098e-01   2.4282534e-01
5.1910597e-01   2.4987119e-01
5.0305402e-01   2.5684351e-01
4.8699099e-01   2.6343703e-01
4.7093400e-01   2.6892418e-01
4.5489800e-01   2.7423415e-01
4.3889999e-01   2.7922535e-01
4.2295599e-01   2.8380141e-01
4.0708300e-01   2.8703895e-01
3.9129499e-01   2.9073200e-01
3.7560999e-01   2.9299891e-01
3.6004400e-01   2.9545709e-01
3.4461200e-01   2.9647058e-01
3.2933000e-01   2.9755959e-01
3.1421301e-01   2.9758742e-01
2.9927900e-01   2.9761744e-01
2.8454101e-01   2.9583770e-01
2.7001500e-01   2.9414022e-01
2.5571701e-01   2.9124060e-01
2.4166100e-01   2.8846616e-01
2.2786200e-01   2.8386602e-01
2.1433599e-01   2.7916890e-01
2.0109500e-01   2.7391917e-01
1.8815500e-01   2.6787692e-01
1.7553000e-01   2.6064900e-01
1.6323400e-01   2.5336784e-01
1.5128000e-01   2.4524681e-01
1.3968100e-01   2.3673415e-01
1.2845200e-01   2.2737235e-01
1.1760600e-01   2.1728924e-01
1.0715500e-01   2.0684929e-01
9.7112998e-02   1.9642060e-01
8.7493002e-02   1.8545318e-01
7.8305997e-02   1.7414555e-01
6.9565997e-02   1.6245110e-01
6.1285000e-02   1.5069163e-01
5.3474002e-02   1.3865273e-01
4.6149999e-02   1.2651823e-01
3.9326001e-02   1.1453649e-01
3.3013999e-02   1.0296047e-01
2.7230000e-02   9.0940610e-02
2.1980001e-02   7.9218738e-02
1.7277000e-02   6.7699015e-02
1.3141000e-02   5.6726787e-02
9.5729996e-03   4.6301890e-02
6.5830001e-03   3.6586527e-02
4.1880002e-03   2.7817272e-02
2.3540000e-03   1.9995242e-02
1.0810000e-03   1.3595370e-02
3.7100000e-04   8.2631307e-03
7.6999997e-05   4.5434604e-03
4.9999999e-06   2.1086417e-03
0.0000000e+00   1.3882674e-03
4.9999999e-06   7.3786813e-04
7.6999997e-05   -1.4945667e-03
3.7100000e-04   -4.9721422e-03
1.0810000e-03   -9.7483490e-03
2.3530000e-03   -1.5206847e-02
4.1880002e-03   -2.0711282e-02
6.5850001e-03   -2.6541485e-02
9.5760003e-03   -3.1723451e-02
1.3145000e-02   -3.6578491e-02
1.7281000e-02   -4.0690619e-02
2.1983000e-02   -4.4140831e-02
2.7232001e-02   -4.7682337e-02
3.3016000e-02   -5.0718337e-02
3.9328001e-02   -5.3177062e-02
4.6151999e-02   -5.5559978e-02
5.3475998e-02   -5.7792976e-02
6.1287001e-02   -5.9429657e-02
6.9568001e-02   -6.1237741e-02
7.8308001e-02   -6.3222632e-02
8.7494999e-02   -6.4413600e-02
9.7115003e-02   -6.5440990e-02
1.0715700e-01   -6.6660263e-02
1.1760800e-01   -6.7833424e-02
1.2845400e-01   -6.8546683e-02
1.3968299e-01   -6.9306970e-02
1.5128200e-01   -7.0053175e-02
1.6323499e-01   -7.1048498e-02
1.7553200e-01   -7.1520418e-02
1.8815701e-01   -7.2397262e-02
2.0109700e-01   -7.2847806e-02
2.1433701e-01   -7.3389947e-02
2.2786400e-01   -7.3978633e-02
2.4166299e-01   -7.4449025e-02
2.5571901e-01   -7.5531378e-02
2.7001700e-01   -7.5500906e-02
2.8454199e-01   -7.6665677e-02
2.9927999e-01   -7.6774083e-02
3.1421500e-01   -7.7270240e-02
3.2933101e-01   -7.7955619e-02
3.4461299e-01   -7.8268200e-02
3.6004499e-01   -7.8968197e-02
3.7561101e-01   -7.9063080e-02
3.9129600e-01   -7.9348087e-02
4.0708300e-01   -8.0006152e-02
4.2295700e-01   -8.0018885e-02
4.3890101e-01   -8.0613360e-02
4.5489901e-01   -8.1144951e-02
4.7093499e-01   -8.1307173e-02
4.8699200e-01   -8.1474982e-02
5.0305498e-01   -8.1193827e-02
5.1910698e-01   -8.1584223e-02
5.3513199e-01   -8.0532074e-02
5.5111402e-01   -8.0408484e-02
5.6703597e-01   -8.0175616e-02
5.8288401e-01   -7.9739936e-02
5.9864002e-01   -7.9403892e-02
6.1429000e-01   -7.8824468e-02
6.2981701e-01   -7.8006223e-02
6.4520597e-01   -7.7105813e-02
6.6044199e-01   -7.5634420e-02
6.7550898e-01   -7.4512333e-02
6.9039297e-01   -7.3621996e-02
7.0507699e-01   -7.2110921e-02
7.1954900e-01   -7.0621379e-02
7.3379302e-01   -6.8708904e-02
7.4779499e-01   -6.7068651e-02
7.6154202e-01   -6.4920440e-02
7.7501899e-01   -6.2300529e-02
7.8821403e-01   -6.0018569e-02
8.0111301e-01   -5.7630382e-02
8.1370401e-01   -5.5196952e-02
8.2597297e-01   -5.2224956e-02
8.3791000e-01   -4.9028199e-02
8.4950101e-01   -4.6214268e-02
8.6073500e-01   -4.3202814e-02
8.7160099e-01   -3.9653845e-02
8.8208801e-01   -3.7072510e-02
8.9218402e-01   -3.4079064e-02
9.0188003e-01   -3.1010561e-02
9.1116500e-01   -2.8316827e-02
9.2003101e-01   -2.5540302e-02
9.2846799e-01   -2.3099361e-02
9.3646699e-01   -2.0978758e-02
9.4401902e-01   -1.8156487e-02
9.5111603e-01   -1.6361676e-02
9.5775098e-01   -1.4570150e-02
9.6392000e-01   -1.2462460e-02
9.6961600e-01   -1.1110841e-02
9.7483599e-01   -9.5540369e-03
9.7957498e-01   -8.3873514e-03
9.8383099e-01   -7.4540079e-03
9.8759800e-01   -6.7056683e-03
9.9087399e-01   -5.8692684e-03
9.9365300e-01   -5.2285329e-03
9.9593401e-01   -4.6479315e-03
9.9771100e-01   -4.3922071e-03
9.9898201e-01   -4.0358556e-03
9.9974501e-01   -3.8751620e-03
1.0000000e+00   -3.7475070e-03
