1.0000000e+00   -5.6224312e-06
9.9974501e-01   2.7523172e-04
9.9898201e-01   1.0944569e-03
9.9771100e-01   2.3960751e-03
9.9593300e-01   3.8239057e-03
9.9365300e-01   5.6981314e-03
9.9087399e-01   7.9687024e-03
9.8759800e-01   1.0519331e-02
9.8382998e-01   1.3403274e-02
9.7957498e-01   1.6670967e-02
9.7483599e-01   2.0467274e-02
9.6961600e-01   2.4306141e-02
9.6392000e-01   2.8528163e-02
9.5775098e-01   3.3002105e-02
9.5111603e-01   3.7780304e-02
9.4401902e-01   4.2859338e-02
9.3646699e-01   4.8197627e-02
9.2846799e-01   5.3820830e-02
9.2003101e-01   5.9619997e-02
9.1116500e-01   6.5658122e-02
9.0187901e-01   7.2027266e-02
8.9218301e-01   7.8409202e-02
8.8208699e-01   8.5048094e-02
8.7160099e-01   9.2022315e-02
8.6073500e-01   9.9218629e-02
8.4950101e-01   1.0645127e-01
8.3791000e-01   1.1403205e-01
8.2597399e-01   1.2169611e-01
8.1370401e-01   1.2954253e-01
8.0111301e-01   1.3738419e-01
7.8821403e-01   1.4522786e-01
7.7501899e-01   1.5315250e-01
7.6154101e-01   1.6094045e-01
7.4779499e-01   1.6884111e-01
7.3379201e-01   1.7653485e-01
7.1954799e-01   1.8447720e-01
7.0507699e-01   1.9218193e-01
6.9039202e-01   1.9982068e-01
6.7550898e-01   2.0760408e-01
6.6044199e-01   2.1523057e-01
6.4520597e-01   2.2271486e-01
6.2981701e-01   2.3003617e-01
6.1429000e-01   2.3714042e-01
5.9864002e-01   2.4395454e-01
5.8288401e-01   2.5067610e-01
5.6703597e-01   2.5674638e-01
5.5111301e-01   2.6261231e-01
5.3513098e-01   2.6815480e-01
5.1910597e-01   2.7357781e-01
5.0305402e-01   2.7838013e-01
4.8699099e-01   2.8300998e-01
4.7093400e-01   2.8700578e-01
4.5489800e-01   2.9056555e-01
4.3889999e-01   2.9381415e-01
4.2295599e-01   2.9635456e-01
4.0708300e-01   2.9854470e-01
3.9129499e-01   3.0007270e-01
3.7560999e-01   3.0116713e-01
3.6004400e-01   3.0171195e-01
3.4461200e-01   3.0205959e-01
3.2933000e-01   3.0172038e-01
3.1421301e-01   3.0062374e-01
2.9927900e-01   2.9908732e-01
2.8454101e-01   2.9713121e-01
2.7001500e-01   2.9460484e-01
2.5571701e-01   2.9156789e-01
2.4166100e-01   2.8786030e-01
2.2786200e-01   2.8385299e-01
2.1433599e-01   2.7910390e-01
2.0109500e-01   2.7364260e-01
1.8815500e-01   2.6759616e-01
1.7553000e-01   2.6092789e-01
1.6323400e-01   2.5392875e-01
1.5128000e-01   2.4626403e-01
1.3968100e-01   2.3819795e-01
1.2845200e-01   2.2970222e-01
1.1760600e-01   2.2056340e-01
1.0715500e-01   2.1080843e-01
9.7112998e-02   2.0107605e-01
8.7493002e-02   1.9078471e-01
7.8305997e-02   1.8005905e-01
6.9565997e-02   1.6906942e-01
6.1285000e-02   1.5782030e-01
5.3474002e-02   1.4617102e-01
4.6149999e-02   1.3448466e-01
3.9326001e-02   1.2258808e-01
3.3013999e-02   1.1063570e-01
2.7230000e-02   9.8761953e-02
2.1980001e-02   8.6977497e-02
1.7277000e-02   7.5428955e-02
1.3141000e-02   6.3875876e-02
9.5729996e-03   5.2660923e-02
6.5830001e-03   4.1901220e-02
4.1880002e-03   3.1957027e-02
2.3540000e-03   2.2834668e-02
1.0810000e-03   1.5057996e-02
3.7100000e-04   8.5765440e-03
7.6999997e-05   3.8938913e-03
4.9999999e-06   9.7090093e-04
0.0000000e+00   7.0926967e-06
4.9999999e-06   -9.0501591e-04
7.6999997e-05   -3.7644003e-03
3.7100000e-04   -8.0116764e-03
1.0810000e-03   -1.3504275e-02
2.3530000e-03   -1.9435966e-02
4.1880002e-03   -2.5452521e-02
6.5850001e-03   -3.0725984e-02
9.5760003e-03   -3.5320096e-02
1.3145000e-02   -3.9197478e-02
1.7281000e-02   -4.2244419e-02
2.1983000e-02   -4.4606291e-02
2.7232001e-02   -4.6811663e-02
3.3016000e-02   -4.8545182e-02
3.9328001e-02   -4.9802754e-02
4.6151999e-02   -5.0825413e-02
5.3475998e-02   -5.1466484e-02
6.1287001e-02   -5.1754937e-02
6.9568001e-02   -5.1702082e-02
7.8308001e-02   -5.1475767e-02
8.7494999e-02   -5.0903223e-02
9.7115003e-02   -5.0056756e-02
1.0715700e-01   -4.9221430e-02
1.1760800e-01   -4.8108857e-02
1.2845400e-01   -4.7066718e-02
1.3968299e-01   -4.5790099e-02
1.5128200e-01   -4.4160575e-02
1.6323499e-01   -4.2425688e-02
1.7553200e-01   -4.0775813e-02
1.8815701e-01   -3.8991414e-02
2.0109700e-01   -3.7178602e-02
2.1433701e-01   -3.5113845e-02
2.2786400e-01   -3.3522025e-02
2.4166299e-01   -3.1769089e-02
2.5571901e-01   -2.9758872e-02
2.7001700e-01   -2.8060496e-02
2.8454199e-01   -2.5963439e-02
2.9927999e-01   -2.3975650e-02
3.1421500e-01   -2.2049205e-02
3.2933101e-01   -2.0182401e-02
3.4461299e-01   -1.8280912e-02
3.6004499e-01   -1.6407432e-02
3.7561101e-01   -1.4560997e-02
3.9129600e-01   -1.2831125e-02
4.0708300e-01   -1.1223784e-02
4.2295700e-01   -9.6587511e-03
4.3890101e-01   -8.4517077e-03
4.5489901e-01   -7.0782686e-03
4.7093499e-01   -5.7498999e-03
4.8699200e-01   -4.5753173e-03
5.0305498e-01   -3.3840185e-03
5.1910698e-01   -2.3194733e-03
5.3513199e-01   -1.6895144e-03
5.5111402e-01   -6.4173329e-04
5.6703597e-01   1.3202429e-04
5.8288401e-01   1.2733557e-03
5.9864002e-01   2.0055966e-03
6.1429000e-01   2.7765783e-03
6.2981701e-01   3.2694372e-03
6.4520597e-01   4.0731579e-03
6.6044199e-01   4.3566027e-03
6.7550898e-01   4.8884470e-03
6.9039297e-01   5.2820439e-03
7.0507699e-01   5.7440177e-03
7.1954900e-01   5.9774141e-03
7.3379302e-01   6.2540625e-03
7.4779499e-01   6.5356754e-03
7.6154202e-01   6.5526846e-03
7.7501899e-01   6.3962997e-03
7.8821403e-01   6.1036483e-03
8.0111301e-01   6.0113836e-03
8.1370401e-01   5.9311814e-03
8.2597297e-01   5.5896617e-03
8.3791000e-01   5.5400515e-03
8.4950101e-01   5.2210717e-03
8.6073500e-01   4.9510696e-03
8.7160099e-01   4.4374713e-03
8.8208801e-01   4.0808185e-03
8.9218402e-01   3.7326231e-03
9.0188003e-01   3.1714370e-03
9.1116500e-01   2.7652443e-03
9.2003101e-01   2.3375456e-03
9.2846799e-01   1.8881724e-03
9.3646699e-01   1.6302229e-03
9.4401902e-01   1.2786577e-03
9.5111603e-01   1.0236014e-03
9.5775098e-01   7.5581286e-04
9.6392000e-01   5.9049478e-04
9.6961600e-01   3.4709461e-04
9.7483599e-01   2.5456771e-04
9.7957498e-01   1.4928426e-04
9.8383099e-01   -1.7382205e-05
9.8759800e-01   -5.5570854e-05
9.9087399e-01   -4.3895212e-05
9.9365300e-01   -4.5140274e-05
9.9593401e-01   -7.3797186e-05
9.9771100e-01   1.1548109e-05
9.9898201e-01   8.4070227e-05
9.9974501e-01   -3.4600260e-05
1.0000000e+00   2.2914784e-05
