1.0000000e+00   3.0418271e-03
9.9974501e-01   3.1554822e-03
9.9898201e-01   3.8544366e-03
9.9771100e-01   5.1952251e-03
9.9593300e-01   6.7806346e-03
9.9365300e-01   8.8336589e-03
9.9087399e-01   1.1505669e-02
9.8759800e-01   1.4443845e-02
9.8382998e-01   1.7669942e-02
9.7957498e-01   2.1449478e-02
9.7483599e-01   2.5526654e-02
9.6961600e-01   2.9955128e-02
9.6392000e-01   3.4791876e-02
9.5775098e-01   3.9574947e-02
9.5111603e-01   4.4889845e-02
9.4401902e-01   5.0095920e-02
9.3646699e-01   5.5820730e-02
9.2846799e-01   6.1533429e-02
9.2003101e-01   6.7767531e-02
9.1116500e-01   7.4210882e-02
9.0187901e-01   8.0778763e-02
8.9218301e-01   8.7492593e-02
8.8208699e-01   9.4550461e-02
8.7160099e-01   1.0176785e-01
8.6073500e-01   1.0909395e-01
8.4950101e-01   1.1629866e-01
8.3791000e-01   1.2425113e-01
8.2597399e-01   1.3168423e-01
8.1370401e-01   1.4009711e-01
8.0111301e-01   1.4796539e-01
7.8821403e-01   1.5608683e-01
7.7501899e-01   1.6421111e-01
7.6154101e-01   1.7239565e-01
7.4779499e-01   1.8082903e-01
7.3379201e-01   1.8893464e-01
7.1954799e-01   1.9718060e-01
7.0507699e-01   2.0562004e-01
6.9039202e-01   2.1348143e-01
6.7550898e-01   2.2162175e-01
6.6044199e-01   2.2941177e-01
6.4520597e-01   2.3694651e-01
6.2981701e-01   2.4457492e-01
6.1429000e-01   2.5187844e-01
5.9864002e-01   2.5892645e-01
5.8288401e-01   2.6594406e-01
5.6703597e-01   2.7225369e-01
5.5111301e-01   2.7869907e-01
5.3513098e-01   2.8480938e-01
5.1910597e-01   2.9047936e-01
5.0305402e-01   2.9547974e-01
4.8699099e-01   3.0064934e-01
4.7093400e-01   3.0464047e-01
4.5489800e-01   3.0888999e-01
4.3889999e-01   3.1254876e-01
4.2295599e-01   3.1579515e-01
4.0708300e-01   3.1808883e-01
3.9129499e-01   3.1983536e-01
3.7560999e-01   3.2110822e-01
3.6004400e-01   3.2204682e-01
3.4461200e-01   3.2228252e-01
3.2933000e-01   3.2187665e-01
3.1421301e-01   3.2040051e-01
2.9927900e-01   3.1874427e-01
2.8454101e-01   3.1597841e-01
2.7001500e-01   3.1304342e-01
2.5571701e-01   3.0916816e-01
2.4166100e-01   3.0479977e-01
2.2786200e-01   2.9968682e-01
2.1433599e-01   2.9367828e-01
2.0109500e-01   2.8726882e-01
1.8815500e-01   2.8009722e-01
1.7553000e-01   2.7249482e-01
1.6323400e-01   2.6398012e-01
1.5128000e-01   2.5494120e-01
1.3968100e-01   2.4564449e-01
1.2845200e-01   2.3541820e-01
1.1760600e-01   2.2495024e-01
1.0715500e-01   2.1374212e-01
9.7112998e-02   2.0241567e-01
8.7493002e-02   1.9036697e-01
7.8305997e-02   1.7831625e-01
6.9565997e-02   1.6609347e-01
6.1285000e-02   1.5325345e-01
5.3474002e-02   1.4065135e-01
4.6149999e-02   1.2794478e-01
3.9326001e-02   1.1524373e-01
3.3013999e-02   1.0252412e-01
2.7230000e-02   9.0247959e-02
2.1980001e-02   7.8117020e-02
1.7277000e-02   6.6330530e-02
1.3141000e-02   5.4835163e-02
9.5729996e-03   4.3999068e-02
6.5830001e-03   3.4205832e-02
4.1880002e-03   2.5265638e-02
2.3540000e-03   1.7450260e-02
1.0810000e-03   1.0926145e-02
3.7100000e-04   5.7618180e-03
7.6999997e-05   1.9397030e-03
4.9999999e-06   -4.6034410e-04
0.0000000e+00   -1.0569635e-03
4.9999999e-06   -1.8540514e-03
7.6999997e-05   -4.0426818e-03
3.7100000e-04   -7.5668246e-03
1.0810000e-03   -1.2325282e-02
2.3530000e-03   -1.7979525e-02
4.1880002e-03   -2.4164371e-02
6.5850001e-03   -3.0559741e-02
9.5760003e-03   -3.6935121e-02
1.3145000e-02   -4.2888574e-02
1.7281000e-02   -4.8299409e-02
2.1983000e-02   -5.2899428e-02
2.7232001e-02   -5.6942984e-02
3.3016000e-02   -6.0829118e-02
3.9328001e-02   -6.4036764e-02
4.6151999e-02   -6.7075424e-02
5.3475998e-02   -6.9628023e-02
6.1287001e-02   -7.1685746e-02
6.9568001e-02   -7.3608086e-02
7.8308001e-02   -7.4572772e-02
8.7494999e-02   -7.5736590e-02
9.7115003e-02   -7.6367706e-02
1.0715700e-01   -7.6690853e-02
1.1760800e-01   -7.6378182e-02
1.2845400e-01   -7.6040439e-02
1.3968299e-01   -7.5538419e-02
1.5128200e-01   -7.4388035e-02
1.6323499e-01   -7.3009454e-02
1.7553200e-01   -7.1177199e-02
1.8815701e-01   -6.9075227e-02
2.0109700e-01   -6.6710956e-02
2.1433701e-01   -6.4323217e-02
2.2786400e-01   -6.1365616e-02
2.4166299e-01   -5.8364391e-02
2.5571901e-01   -5.5265337e-02
2.7001700e-01   -5.1796623e-02
2.8454199e-01   -4.8057515e-02
2.9927999e-01   -4.4586293e-02
3.1421500e-01   -4.0386725e-02
3.2933101e-01   -3.6339667e-02
3.4461299e-01   -3.2162555e-02
3.6004499e-01   -2.7787155e-02
3.7561101e-01   -2.3327149e-02
3.9129600e-01   -1.9254476e-02
4.0708300e-01   -1.4781453e-02
4.2295700e-01   -1.0434830e-02
4.3890101e-01   -6.5468433e-03
4.5489901e-01   -2.1385183e-03
4.7093499e-01   1.8331313e-03
4.8699200e-01   5.8724205e-03
5.0305498e-01   9.5223663e-03
5.1910698e-01   1.3248786e-02
5.3513199e-01   1.6433738e-02
5.5111402e-01   1.9716255e-02
5.6703597e-01   2.3190646e-02
5.8288401e-01   2.5740473e-02
5.9864002e-01   2.8602645e-02
6.1429000e-01   3.1141795e-02
6.2981701e-01   3.3163730e-02
6.4520597e-01   3.5219546e-02
6.6044199e-01   3.6910202e-02
6.7550898e-01   3.8317416e-02
6.9039297e-01   3.9483786e-02
7.0507699e-01   4.0470503e-02
7.1954900e-01   4.1517958e-02
7.3379302e-01   4.1925635e-02
7.4779499e-01   4.1906249e-02
7.6154202e-01   4.2125661e-02
7.7501899e-01   4.1767288e-02
7.8821403e-01   4.1557796e-02
8.0111301e-01   4.1101754e-02
8.1370401e-01   4.0305376e-02
8.2597297e-01   3.9637394e-02
8.3791000e-01   3.8367584e-02
8.4950101e-01   3.7016317e-02
8.6073500e-01   3.5639443e-02
8.7160099e-01   3.3843074e-02
8.8208801e-01   3.2341383e-02
8.9218402e-01   3.0550838e-02
9.0188003e-01   2.8564950e-02
9.1116500e-01   2.6663322e-02
9.2003101e-01   2.4532892e-02
9.2846799e-01   2.2539966e-02
9.3646699e-01   2.0484237e-02
9.4401902e-01   1.8306974e-02
9.5111603e-01   1.6154284e-02
9.5775098e-01   1.4110366e-02
9.6392000e-01   1.2248387e-02
9.6961600e-01   1.0305380e-02
9.7483599e-01   8.5271699e-03
9.7957498e-01   6.8319538e-03
9.8383099e-01   5.2976338e-03
9.8759800e-01   3.8542838e-03
9.9087399e-01   2.5852907e-03
9.9365300e-01   1.5747451e-03
9.9593401e-01   6.4760039e-04
9.9771100e-01   -2.5826390e-05
9.9898201e-01   -5.1868305e-04
9.9974501e-01   -9.4867073e-04
1.0000000e+00   -1.0106027e-03
