1.0000000e+00   1.2652571e-03
9.9974501e-01   1.6592237e-03
9.9898201e-01   2.8408784e-03
9.9771100e-01   4.7925911e-03
9.9593300e-01   7.4632438e-03
9.9365300e-01   1.0822466e-02
9.9087399e-01   1.4886620e-02
9.8759800e-01   1.9668341e-02
9.8382998e-01   2.5142992e-02
9.7957498e-01   3.1256676e-02
9.7483599e-01   3.7941128e-02
9.6961600e-01   4.5112431e-02
9.6392000e-01   5.2678838e-02
9.5775098e-01   6.0599189e-02
9.5111603e-01   6.8864688e-02
9.4401902e-01   7.7456042e-02
9.3646699e-01   8.6360343e-02
9.2846799e-01   9.5559873e-02
9.2003101e-01   1.0502578e-01
9.1116500e-01   1.1468072e-01
9.0187901e-01   1.2452632e-01
8.9218301e-01   1.3456023e-01
8.8208699e-01   1.4470343e-01
8.7160099e-01   1.5491143e-01
8.6073500e-01   1.6513525e-01
8.4950101e-01   1.7533927e-01
8.3791000e-01   1.8551169e-01
8.2597399e-01   1.9563729e-01
8.1370401e-01   2.0562859e-01
8.0111301e-01   2.1549259e-01
7.8821403e-01   2.2526860e-01
7.7501899e-01   2.3496020e-01
7.6154101e-01   2.4451344e-01
7.4779499e-01   2.5389522e-01
7.3379201e-01   2.6302248e-01
7.1954799e-01   2.7181220e-01
7.0507699e-01   2.8022227e-01
6.9039202e-01   2.8828892e-01
6.7550898e-01   2.9595613e-01
6.6044199e-01   3.0318439e-01
6.4520597e-01   3.0998838e-01
6.2981701e-01   3.1631270e-01
6.1429000e-01   3.2213098e-01
5.9864002e-01   3.2749164e-01
5.8288401e-01   3.3241692e-01
5.6703597e-01   3.3685440e-01
5.5111301e-01   3.4078375e-01
5.3513098e-01   3.4420314e-01
5.1910597e-01   3.4710160e-01
5.0305402e-01   3.4945047e-01
4.8699099e-01   3.5121095e-01
4.7093400e-01   3.5245308e-01
4.5489800e-01   3.5315770e-01
4.3889999e-01   3.5332501e-01
4.2295599e-01   3.5295287e-01
4.0708300e-01   3.5203746e-01
3.9129499e-01   3.5059825e-01
3.7560999e-01   3.4864959e-01
3.6004400e-01   3.4614271e-01
3.4461200e-01   3.4316817e-01
3.2933000e-01   3.3969796e-01
3.1421301e-01   3.3572641e-01
2.9927900e-01   3.3124980e-01
2.8454101e-01   3.2625514e-01
2.7001500e-01   3.2080391e-01
2.5571701e-01   3.1487322e-01
2.4166100e-01   3.0852583e-01
2.2786200e-01   3.0179751e-01
2.1433599e-01   2.9450765e-01
2.0109500e-01   2.8676414e-01
1.8815500e-01   2.7866921e-01
1.7553000e-01   2.7023780e-01
1.6323400e-01   2.6144144e-01
1.5128000e-01   2.5234038e-01
1.3968100e-01   2.4301019e-01
1.2845200e-01   2.3348185e-01
1.1760600e-01   2.2368258e-01
1.0715500e-01   2.1364559e-01
9.7112998e-02   2.0348217e-01
8.7493002e-02   1.9317195e-01
7.8305997e-02   1.8260503e-01
6.9565997e-02   1.7178181e-01
6.1285000e-02   1.6071732e-01
5.3474002e-02   1.4940941e-01
4.6149999e-02   1.3790590e-01
3.9326001e-02   1.2638432e-01
3.3013999e-02   1.1498895e-01
2.7230000e-02   1.0331808e-01
2.1980001e-02   9.1332026e-02
1.7277000e-02   7.9508789e-02
1.3141000e-02   6.7870878e-02
9.5729996e-03   5.6282435e-02
6.5830001e-03   4.5108341e-02
4.1880002e-03   3.4686506e-02
2.3540000e-03   2.5220606e-02
1.0810000e-03   1.7085833e-02
3.7100000e-04   1.0541535e-02
7.6999997e-05   5.7460782e-03
4.9999999e-06   2.8183246e-03
0.0000000e+00   1.8363616e-03
4.9999999e-06   8.7365217e-04
7.6999997e-05   -1.9755715e-03
3.7100000e-04   -6.6004056e-03
1.0810000e-03   -1.2737875e-02
2.3530000e-03   -1.9910965e-02
4.1880002e-03   -2.7599037e-02
6.5850001e-03   -3.5392344e-02
9.5760003e-03   -4.3216538e-02
1.3145000e-02   -5.1181041e-02
1.7281000e-02   -5.9104867e-02
2.1983000e-02   -6.7024745e-02
2.7232001e-02   -7.4888691e-02
3.3016000e-02   -8.2592092e-02
3.9328001e-02   -9.0129949e-02
4.6151999e-02   -9.7513244e-02
5.3475998e-02   -1.0467497e-01
6.1287001e-02   -1.1163160e-01
6.9568001e-02   -1.1852854e-01
7.8308001e-02   -1.2538719e-01
8.7494999e-02   -1.3202263e-01
9.7115003e-02   -1.3831772e-01
1.0715700e-01   -1.4435205e-01
1.1760800e-01   -1.5019260e-01
1.2845400e-01   -1.5578446e-01
1.3968299e-01   -1.6105872e-01
1.5128200e-01   -1.6610382e-01
1.6323499e-01   -1.7092045e-01
1.7553200e-01   -1.7546406e-01
1.8815701e-01   -1.7968455e-01
2.0109700e-01   -1.8367876e-01
2.1433701e-01   -1.8738499e-01
2.2786400e-01   -1.9069879e-01
2.4166299e-01   -1.9361959e-01
2.5571901e-01   -1.9620149e-01
2.7001700e-01   -1.9836664e-01
2.8454199e-01   -2.0007353e-01
2.9927999e-01   -2.0130821e-01
3.1421500e-01   -2.0209523e-01
3.2933101e-01   -2.0240077e-01
3.4461299e-01   -2.0217057e-01
3.6004499e-01   -2.0135871e-01
3.7561101e-01   -1.9997506e-01
3.9129600e-01   -1.9802278e-01
4.0708300e-01   -1.9542982e-01
4.2295700e-01   -1.9216214e-01
4.3890101e-01   -1.8824957e-01
4.5489901e-01   -1.8368988e-01
4.7093499e-01   -1.7847778e-01
4.8699200e-01   -1.7259040e-01
5.0305498e-01   -1.6604385e-01
5.1910698e-01   -1.5887950e-01
5.3513199e-01   -1.5112288e-01
5.5111402e-01   -1.4278297e-01
5.6703597e-01   -1.3390929e-01
5.8288401e-01   -1.2460058e-01
5.9864002e-01   -1.1484914e-01
6.1429000e-01   -1.0468227e-01
6.2981701e-01   -9.4169103e-02
6.4520597e-01   -8.3384000e-02
6.6044199e-01   -7.2454713e-02
6.7550898e-01   -6.1509654e-02
6.9039297e-01   -5.0799906e-02
7.0507699e-01   -4.0511359e-02
7.1954900e-01   -3.0673267e-02
7.3379302e-01   -2.1347217e-02
7.4779499e-01   -1.2457021e-02
7.6154202e-01   -4.2091957e-03
7.7501899e-01   3.4175010e-03
7.8821403e-01   1.0354913e-02
8.0111301e-01   1.6619783e-02
8.1370401e-01   2.2228939e-02
8.2597297e-01   2.7199479e-02
8.3791000e-01   3.1542521e-02
8.4950101e-01   3.5251215e-02
8.6073500e-01   3.8250707e-02
8.7160099e-01   4.0559497e-02
8.8208801e-01   4.2225365e-02
8.9218402e-01   4.3243662e-02
9.0188003e-01   4.3586276e-02
9.1116500e-01   4.3293841e-02
9.2003101e-01   4.2361222e-02
9.2846799e-01   4.0835019e-02
9.3646699e-01   3.8736455e-02
9.4401902e-01   3.6099333e-02
9.5111603e-01   3.2959584e-02
9.5775098e-01   2.9351920e-02
9.6392000e-01   2.5393941e-02
9.6961600e-01   2.1264547e-02
9.7483599e-01   1.7143816e-02
9.7957498e-01   1.3179326e-02
9.8383099e-01   9.4324648e-03
9.8759800e-01   5.9268638e-03
9.9087399e-01   2.7145694e-03
9.9365300e-01   -1.2398022e-04
9.9593401e-01   -2.5444513e-03
9.9771100e-01   -4.5083067e-03
9.9898201e-01   -5.9499699e-03
9.9974501e-01   -6.8245889e-03
1.0000000e+00   -7.1166982e-03
