1.0000000e+00   2.5819915e-03
9.9974501e-01   3.0536682e-03
9.9898201e-01   3.8614334e-03
9.9771100e-01   5.6463126e-03
9.9593300e-01   7.3739449e-03
9.9365300e-01   9.9142911e-03
9.9087399e-01   1.2720643e-02
9.8759800e-01   1.5851405e-02
9.8382998e-01   2.0159787e-02
9.7957498e-01   2.4629889e-02
9.7483599e-01   2.9311106e-02
9.6961600e-01   3.4641568e-02
9.6392000e-01   4.0757306e-02
9.5775098e-01   4.6976484e-02
9.5111603e-01   5.4021090e-02
9.4401902e-01   6.1340459e-02
9.3646699e-01   6.9040030e-02
9.2846799e-01   7.6878764e-02
9.2003101e-01   8.5238874e-02
9.1116500e-01   9.3491845e-02
9.0187901e-01   1.0236990e-01
8.9218301e-01   1.1210191e-01
8.8208699e-01   1.2190098e-01
8.7160099e-01   1.3174024e-01
8.6073500e-01   1.4237836e-01
8.4950101e-01   1.5328251e-01
8.3791000e-01   1.6436267e-01
8.2597399e-01   1.7620838e-01
8.1370401e-01   1.8768460e-01
8.0111301e-01   2.0023647e-01
7.8821403e-01   2.1301828e-01
7.7501899e-01   2.2540683e-01
7.6154101e-01   2.3773262e-01
7.4779499e-01   2.5095734e-01
7.3379201e-01   2.6354006e-01
7.1954799e-01   2.7597532e-01
7.0507699e-01   2.8785503e-01
6.9039202e-01   3.0032372e-01
6.7550898e-01   3.1148669e-01
6.6044199e-01   3.2347688e-01
6.4520597e-01   3.3412725e-01
6.2981701e-01   3.4449235e-01
6.1429000e-01   3.5343125e-01
5.9864002e-01   3.6275691e-01
5.8288401e-01   3.7121078e-01
5.6703597e-01   3.7840420e-01
5.5111301e-01   3.8550138e-01
5.3513098e-01   3.9081582e-01
5.1910597e-01   3.9557117e-01
5.0305402e-01   3.9990339e-01
4.8699099e-01   4.0321174e-01
4.7093400e-01   4.0584698e-01
4.5489800e-01   4.0752715e-01
4.3889999e-01   4.0874243e-01
4.2295599e-01   4.0797538e-01
4.0708300e-01   4.0785670e-01
3.9129499e-01   4.0611678e-01
3.7560999e-01   4.0403944e-01
3.6004400e-01   4.0136591e-01
3.4461200e-01   3.9792421e-01
3.2933000e-01   3.9466661e-01
3.1421301e-01   3.8934693e-01
2.9927900e-01   3.8431469e-01
2.8454101e-01   3.7866676e-01
2.7001500e-01   3.7158459e-01
2.5571701e-01   3.6445680e-01
2.4166100e-01   3.5704044e-01
2.2786200e-01   3.4926197e-01
2.1433599e-01   3.4066322e-01
2.0109500e-01   3.3086351e-01
1.8815500e-01   3.2167062e-01
1.7553000e-01   3.1124708e-01
1.6323400e-01   3.0080914e-01
1.5128000e-01   2.8909272e-01
1.3968100e-01   2.7810824e-01
1.2845200e-01   2.6546210e-01
1.1760600e-01   2.5319132e-01
1.0715500e-01   2.4106351e-01
9.7112998e-02   2.2814016e-01
8.7493002e-02   2.1405099e-01
7.8305997e-02   2.0139626e-01
6.9565997e-02   1.8795910e-01
6.1285000e-02   1.7407821e-01
5.3474002e-02   1.6062111e-01
4.6149999e-02   1.4690827e-01
3.9326001e-02   1.3289362e-01
3.3013999e-02   1.1980000e-01
2.7230000e-02   1.0610431e-01
2.1980001e-02   9.2933170e-02
1.7277000e-02   8.0354296e-02
1.3141000e-02   6.7686073e-02
9.5729996e-03   5.5725269e-02
6.5830001e-03   4.4109456e-02
4.1880002e-03   3.3956923e-02
2.3540000e-03   2.3986202e-02
1.0810000e-03   1.5869653e-02
3.7100000e-04   9.3884403e-03
7.6999997e-05   4.7885268e-03
4.9999999e-06   2.1280274e-03
0.0000000e+00   1.0723232e-03
4.9999999e-06   -1.9766949e-04
7.6999997e-05   -2.9178124e-03
3.7100000e-04   -6.9986195e-03
1.0810000e-03   -1.3169869e-02
2.3530000e-03   -2.0190226e-02
4.1880002e-03   -2.6748102e-02
6.5850001e-03   -3.3090457e-02
9.5760003e-03   -3.8867671e-02
1.3145000e-02   -4.5079570e-02
1.7281000e-02   -4.9797833e-02
2.1983000e-02   -5.4965608e-02
2.7232001e-02   -6.0018003e-02
3.3016000e-02   -6.4540014e-02
3.9328001e-02   -6.8674095e-02
4.6151999e-02   -7.3398024e-02
5.3475998e-02   -7.7460378e-02
6.1287001e-02   -8.0642812e-02
6.9568001e-02   -8.4703624e-02
7.8308001e-02   -8.8318259e-02
8.7494999e-02   -9.0952918e-02
9.7115003e-02   -9.4516285e-02
1.0715700e-01   -9.7607777e-02
1.1760800e-01   -1.0028713e-01
1.2845400e-01   -1.0321533e-01
1.3968299e-01   -1.0491301e-01
1.5128200e-01   -1.0799468e-01
1.6323499e-01   -1.0977506e-01
1.7553200e-01   -1.1090826e-01
1.8815701e-01   -1.1335599e-01
2.0109700e-01   -1.1532098e-01
2.1433701e-01   -1.1710798e-01
2.2786400e-01   -1.1905354e-01
2.4166299e-01   -1.1986216e-01
2.5571901e-01   -1.2168027e-01
2.7001700e-01   -1.2294970e-01
2.8454199e-01   -1.2306329e-01
2.9927999e-01   -1.2368771e-01
3.1421500e-01   -1.2393811e-01
3.2933101e-01   -1.2506221e-01
3.4461299e-01   -1.2531677e-01
3.6004499e-01   -1.2556601e-01
3.7561101e-01   -1.2484719e-01
3.9129600e-01   -1.2431414e-01
4.0708300e-01   -1.2438757e-01
4.2295700e-01   -1.2381916e-01
4.3890101e-01   -1.2224200e-01
4.5489901e-01   -1.2096384e-01
4.7093499e-01   -1.1936563e-01
4.8699200e-01   -1.1792364e-01
5.0305498e-01   -1.1596353e-01
5.1910698e-01   -1.1280056e-01
5.3513199e-01   -1.1074311e-01
5.5111402e-01   -1.0749367e-01
5.6703597e-01   -1.0416041e-01
5.8288401e-01   -9.9890880e-02
5.9864002e-01   -9.6136183e-02
6.1429000e-01   -9.1623150e-02
6.2981701e-01   -8.7176368e-02
6.4520597e-01   -8.1969857e-02
6.6044199e-01   -7.7267818e-02
6.7550898e-01   -7.1723327e-02
6.9039297e-01   -6.5355457e-02
7.0507699e-01   -5.9602678e-02
7.1954900e-01   -5.3883720e-02
7.3379302e-01   -4.8407540e-02
7.4779499e-01   -4.2273354e-02
7.6154202e-01   -3.6286429e-02
7.7501899e-01   -3.0349415e-02
7.8821403e-01   -2.4268823e-02
8.0111301e-01   -1.9131931e-02
8.1370401e-01   -1.4247925e-02
8.2597297e-01   -9.2340112e-03
8.3791000e-01   -4.7648442e-03
8.4950101e-01   -9.6347433e-04
8.6073500e-01   2.7962087e-03
8.7160099e-01   5.3770388e-03
8.8208801e-01   8.1932181e-03
8.9218402e-01   1.0435588e-02
9.0188003e-01   1.1830982e-02
9.1116500e-01   1.3011676e-02
9.2003101e-01   1.4095125e-02
9.2846799e-01   1.4459344e-02
9.3646699e-01   1.4637268e-02
9.4401902e-01   1.4175499e-02
9.5111603e-01   1.3676726e-02
9.5775098e-01   1.2894648e-02
9.6392000e-01   1.1603942e-02
9.6961600e-01   1.0122012e-02
9.7483599e-01   8.6899465e-03
9.7957498e-01   7.4333763e-03
9.8383099e-01   5.5737551e-03
9.8759800e-01   3.7383495e-03
9.9087399e-01   2.7254631e-03
9.9365300e-01   1.1884504e-03
9.9593401e-01   -1.5979400e-04
9.9771100e-01   -1.2187496e-03
9.9898201e-01   -1.7564842e-03
9.9974501e-01   -2.0901102e-03
1.0000000e+00   -2.3734041e-03
