1.0000000e+00   3.7237983e-03
9.9974501e-01   3.8070828e-03
9.9898201e-01   4.2629647e-03
9.9771100e-01   5.0186515e-03
9.9593300e-01   5.8235722e-03
9.9365300e-01   7.1148043e-03
9.9087399e-01   8.5919183e-03
9.8759800e-01   1.0362886e-02
9.8382998e-01   1.2290957e-02
9.7957498e-01   1.4367461e-02
9.7483599e-01   1.7006867e-02
9.6961600e-01   1.9696180e-02
9.6392000e-01   2.2849649e-02
9.5775098e-01   2.6211115e-02
9.5111603e-01   2.9981105e-02
9.4401902e-01   3.4165327e-02
9.3646699e-01   3.8298119e-02
9.2846799e-01   4.2831037e-02
9.2003101e-01   4.7857638e-02
9.1116500e-01   5.3085718e-02
9.0187901e-01   5.8548477e-02
8.9218301e-01   6.4242408e-02
8.8208699e-01   7.0179567e-02
8.7160099e-01   7.6455154e-02
8.6073500e-01   8.3021283e-02
8.4950101e-01   8.9506537e-02
8.3791000e-01   9.6527487e-02
8.2597399e-01   1.0396989e-01
8.1370401e-01   1.1144038e-01
8.0111301e-01   1.1944449e-01
7.8821403e-01   1.2768435e-01
7.7501899e-01   1.3574994e-01
7.6154101e-01   1.4424106e-01
7.4779499e-01   1.5243915e-01
7.3379201e-01   1.6077298e-01
7.1954799e-01   1.6857833e-01
7.0507699e-01   1.7669755e-01
6.9039202e-01   1.8418868e-01
6.7550898e-01   1.9143866e-01
6.6044199e-01   1.9858254e-01
6.4520597e-01   2.0549957e-01
6.2981701e-01   2.1164449e-01
6.1429000e-01   2.1762902e-01
5.9864002e-01   2.2319819e-01
5.8288401e-01   2.2824840e-01
5.6703597e-01   2.3272122e-01
5.5111301e-01   2.3695882e-01
5.3513098e-01   2.4068651e-01
5.1910597e-01   2.4379264e-01
5.0305402e-01   2.4653557e-01
4.8699099e-01   2.4895012e-01
4.7093400e-01   2.5044143e-01
4.5489800e-01   2.5190410e-01
4.3889999e-01   2.5280607e-01
4.2295599e-01   2.5323832e-01
4.0708300e-01   2.5334319e-01
3.9129499e-01   2.5271773e-01
3.7560999e-01   2.5193214e-01
3.6004400e-01   2.5076702e-01
3.4461200e-01   2.4894699e-01
3.2933000e-01   2.4676614e-01
3.1421301e-01   2.4458063e-01
2.9927900e-01   2.4136557e-01
2.8454101e-01   2.3827955e-01
2.7001500e-01   2.3452245e-01
2.5571701e-01   2.3075831e-01
2.4166100e-01   2.2637001e-01
2.2786200e-01   2.2186266e-01
2.1433599e-01   2.1721452e-01
2.0109500e-01   2.1201086e-01
1.8815500e-01   2.0632291e-01
1.7553000e-01   2.0048286e-01
1.6323400e-01   1.9426590e-01
1.5128000e-01   1.8836018e-01
1.3968100e-01   1.8134120e-01
1.2845200e-01   1.7465836e-01
1.1760600e-01   1.6765262e-01
1.0715500e-01   1.6015685e-01
9.7112998e-02   1.5259512e-01
8.7493002e-02   1.4492153e-01
7.8305997e-02   1.3725336e-01
6.9565997e-02   1.2924805e-01
6.1285000e-02   1.2104470e-01
5.3474002e-02   1.1254672e-01
4.6149999e-02   1.0391405e-01
3.9326001e-02   9.5256902e-02
3.3013999e-02   8.6640120e-02
2.7230000e-02   7.7791765e-02
2.1980001e-02   6.9054104e-02
1.7277000e-02   6.0225245e-02
1.3141000e-02   5.1483423e-02
9.5729996e-03   4.2865362e-02
6.5830001e-03   3.4469847e-02
4.1880002e-03   2.6479866e-02
2.3540000e-03   1.9215038e-02
1.0810000e-03   1.3094231e-02
3.7100000e-04   7.9443939e-03
7.6999997e-05   4.2785201e-03
4.9999999e-06   1.9366004e-03
0.0000000e+00   1.1727406e-03
4.9999999e-06   4.1908675e-04
7.6999997e-05   -1.7939213e-03
3.7100000e-04   -5.3831339e-03
1.0810000e-03   -1.0336068e-02
2.3530000e-03   -1.6354199e-02
4.1880002e-03   -2.2974584e-02
6.5850001e-03   -3.0100139e-02
9.5760003e-03   -3.7023887e-02
1.3145000e-02   -4.3693289e-02
1.7281000e-02   -4.9962617e-02
2.1983000e-02   -5.5995807e-02
2.7232001e-02   -6.2253401e-02
3.3016000e-02   -6.8126582e-02
3.9328001e-02   -7.3889628e-02
4.6151999e-02   -7.9702355e-02
5.3475998e-02   -8.5182652e-02
6.1287001e-02   -9.0471007e-02
6.9568001e-02   -9.5990859e-02
7.8308001e-02   -1.0113185e-01
8.7494999e-02   -1.0604581e-01
9.7115003e-02   -1.1086182e-01
1.0715700e-01   -1.1542685e-01
1.1760800e-01   -1.2007350e-01
1.2845400e-01   -1.2438843e-01
1.3968299e-01   -1.2866724e-01
1.5128200e-01   -1.3273874e-01
1.6323499e-01   -1.3710846e-01
1.7553200e-01   -1.4075029e-01
1.8815701e-01   -1.4450280e-01
2.0109700e-01   -1.4815055e-01
2.1433701e-01   -1.5160103e-01
2.2786400e-01   -1.5465532e-01
2.4166299e-01   -1.5769315e-01
2.5571901e-01   -1.6046374e-01
2.7001700e-01   -1.6323224e-01
2.8454199e-01   -1.6537347e-01
2.9927999e-01   -1.6771677e-01
3.1421500e-01   -1.6955318e-01
3.2933101e-01   -1.7115018e-01
3.4461299e-01   -1.7265613e-01
3.6004499e-01   -1.7421208e-01
3.7561101e-01   -1.7512950e-01
3.9129600e-01   -1.7611083e-01
4.0708300e-01   -1.7661604e-01
4.2295700e-01   -1.7683148e-01
4.3890101e-01   -1.7688990e-01
4.5489901e-01   -1.7640994e-01
4.7093499e-01   -1.7570081e-01
4.8699200e-01   -1.7514600e-01
5.0305498e-01   -1.7367724e-01
5.1910698e-01   -1.7203781e-01
5.3513199e-01   -1.6972731e-01
5.5111402e-01   -1.6746482e-01
5.6703597e-01   -1.6491701e-01
5.8288401e-01   -1.6155513e-01
5.9864002e-01   -1.5804613e-01
6.1429000e-01   -1.5401131e-01
6.2981701e-01   -1.4947106e-01
6.4520597e-01   -1.4465527e-01
6.6044199e-01   -1.3965946e-01
6.7550898e-01   -1.3446745e-01
6.9039297e-01   -1.2870455e-01
7.0507699e-01   -1.2292093e-01
7.1954900e-01   -1.1661316e-01
7.3379302e-01   -1.1046711e-01
7.4779499e-01   -1.0397611e-01
7.6154202e-01   -9.7729161e-02
7.7501899e-01   -9.0957344e-02
7.8821403e-01   -8.4534593e-02
8.0111301e-01   -7.8345187e-02
8.1370401e-01   -7.2315581e-02
8.2597297e-01   -6.6363879e-02
8.3791000e-01   -6.0444921e-02
8.4950101e-01   -5.5106442e-02
8.6073500e-01   -4.9726009e-02
8.7160099e-01   -4.4858895e-02
8.8208801e-01   -4.0316947e-02
8.9218402e-01   -3.5688475e-02
9.0188003e-01   -3.1431720e-02
9.1116500e-01   -2.7545657e-02
9.2003101e-01   -2.3902209e-02
9.2846799e-01   -2.0773949e-02
9.3646699e-01   -1.7835513e-02
9.4401902e-01   -1.4964010e-02
9.5111603e-01   -1.3047316e-02
9.5775098e-01   -1.1414209e-02
9.6392000e-01   -9.6982680e-03
9.6961600e-01   -8.5080666e-03
9.7483599e-01   -7.5364597e-03
9.7957498e-01   -6.8502678e-03
9.8383099e-01   -6.2568439e-03
9.8759800e-01   -5.8459127e-03
9.9087399e-01   -5.4741418e-03
9.9365300e-01   -5.2397423e-03
9.9593401e-01   -4.9722744e-03
9.9771100e-01   -4.9056667e-03
9.9898201e-01   -4.7815740e-03
9.9974501e-01   -4.6111401e-03
1.0000000e+00   -4.4573122e-03
