1.0000000e+00   1.6053310e-03
9.9974501e-01   1.8981062e-03
9.9898201e-01   2.0550827e-03
9.9771100e-01   3.4071556e-03
9.9593300e-01   4.0742904e-03
9.9365300e-01   5.6464747e-03
9.9087399e-01   7.4016708e-03
9.8759800e-01   9.0545770e-03
9.8382998e-01   1.1600791e-02
9.7957498e-01   1.4090109e-02
9.7483599e-01   1.7506223e-02
9.6961600e-01   2.0677732e-02
9.6392000e-01   2.4065660e-02
9.5775098e-01   2.7814573e-02
9.5111603e-01   3.2335646e-02
9.4401902e-01   3.6694825e-02
9.3646699e-01   4.1641600e-02
9.2846799e-01   4.6656173e-02
9.2003101e-01   5.1526178e-02
9.1116500e-01   5.7201251e-02
9.0187901e-01   6.3504435e-02
8.9218301e-01   6.9573715e-02
8.8208699e-01   7.6148860e-02
8.7160099e-01   8.2488276e-02
8.6073500e-01   8.8945791e-02
8.4950101e-01   9.7126372e-02
8.3791000e-01   1.0434588e-01
8.2597399e-01   1.1237379e-01
8.1370401e-01   1.2028950e-01
8.0111301e-01   1.2919965e-01
7.8821403e-01   1.3784756e-01
7.7501899e-01   1.4610812e-01
7.6154101e-01   1.5487587e-01
7.4779499e-01   1.6431138e-01
7.3379201e-01   1.7251538e-01
7.1954799e-01   1.8031259e-01
7.0507699e-01   1.8964186e-01
6.9039202e-01   1.9766669e-01
6.7550898e-01   2.0569201e-01
6.6044199e-01   2.1339089e-01
6.4520597e-01   2.2024168e-01
6.2981701e-01   2.2786167e-01
6.1429000e-01   2.3414838e-01
5.9864002e-01   2.3997162e-01
5.8288401e-01   2.4563166e-01
5.6703597e-01   2.5085658e-01
5.5111301e-01   2.5589073e-01
5.3513098e-01   2.5961038e-01
5.1910597e-01   2.6383889e-01
5.0305402e-01   2.6716709e-01
4.8699099e-01   2.6962855e-01
4.7093400e-01   2.7241451e-01
4.5489800e-01   2.7423558e-01
4.3889999e-01   2.7467614e-01
4.2295599e-01   2.7610046e-01
4.0708300e-01   2.7665630e-01
3.9129499e-01   2.7653313e-01
3.7560999e-01   2.7580521e-01
3.6004400e-01   2.7449945e-01
3.4461200e-01   2.7212036e-01
3.2933000e-01   2.7021798e-01
3.1421301e-01   2.6857337e-01
2.9927900e-01   2.6558623e-01
2.8454101e-01   2.6276550e-01
2.7001500e-01   2.5803915e-01
2.5571701e-01   2.5463808e-01
2.4166100e-01   2.5013462e-01
2.2786200e-01   2.4426973e-01
2.1433599e-01   2.3931010e-01
2.0109500e-01   2.3298173e-01
1.8815500e-01   2.2666709e-01
1.7553000e-01   2.2048150e-01
1.6323400e-01   2.1364731e-01
1.5128000e-01   2.0602162e-01
1.3968100e-01   1.9782549e-01
1.2845200e-01   1.9007948e-01
1.1760600e-01   1.8218760e-01
1.0715500e-01   1.7354529e-01
9.7112998e-02   1.6515630e-01
8.7493002e-02   1.5602656e-01
7.8305997e-02   1.4705576e-01
6.9565997e-02   1.3755012e-01
6.1285000e-02   1.2823150e-01
5.3474002e-02   1.1881696e-01
4.6149999e-02   1.0858393e-01
3.9326001e-02   9.9255510e-02
3.3013999e-02   8.9678206e-02
2.7230000e-02   8.0259576e-02
2.1980001e-02   7.0552520e-02
1.7277000e-02   6.1507773e-02
1.3141000e-02   5.2208908e-02
9.5729996e-03   4.3324485e-02
6.5830001e-03   3.4484722e-02
4.1880002e-03   2.6317379e-02
2.3540000e-03   1.8833321e-02
1.0810000e-03   1.2639508e-02
3.7100000e-04   7.5604147e-03
7.6999997e-05   3.6770292e-03
4.9999999e-06   1.5787521e-03
0.0000000e+00   7.4382534e-04
4.9999999e-06   1.8895045e-04
7.6999997e-05   -2.0274951e-03
3.7100000e-04   -5.8732973e-03
1.0810000e-03   -1.1142138e-02
2.3530000e-03   -1.6749823e-02
4.1880002e-03   -2.3386836e-02
6.5850001e-03   -3.0169351e-02
9.5760003e-03   -3.7242629e-02
1.3145000e-02   -4.3900263e-02
1.7281000e-02   -5.0210245e-02
2.1983000e-02   -5.6654423e-02
2.7232001e-02   -6.3054115e-02
3.3016000e-02   -6.8590395e-02
3.9328001e-02   -7.5413689e-02
4.6151999e-02   -8.1266955e-02
5.3475998e-02   -8.7112635e-02
6.1287001e-02   -9.2828579e-02
6.9568001e-02   -9.8618947e-02
7.8308001e-02   -1.0394819e-01
8.7494999e-02   -1.0992625e-01
9.7115003e-02   -1.1510568e-01
1.0715700e-01   -1.1989381e-01
1.1760800e-01   -1.2471335e-01
1.2845400e-01   -1.3023682e-01
1.3968299e-01   -1.3472016e-01
1.5128200e-01   -1.3887297e-01
1.6323499e-01   -1.4364266e-01
1.7553200e-01   -1.4809558e-01
1.8815701e-01   -1.5191621e-01
2.0109700e-01   -1.5596452e-01
2.1433701e-01   -1.5973975e-01
2.2786400e-01   -1.6277704e-01
2.4166299e-01   -1.6694842e-01
2.5571901e-01   -1.6990685e-01
2.7001700e-01   -1.7310879e-01
2.8454199e-01   -1.7543921e-01
2.9927999e-01   -1.7789507e-01
3.1421500e-01   -1.8020888e-01
3.2933101e-01   -1.8229415e-01
3.4461299e-01   -1.8399647e-01
3.6004499e-01   -1.8548982e-01
3.7561101e-01   -1.8665290e-01
3.9129600e-01   -1.8746242e-01
4.0708300e-01   -1.8807986e-01
4.2295700e-01   -1.8868323e-01
4.3890101e-01   -1.8925181e-01
4.5489901e-01   -1.8864986e-01
4.7093499e-01   -1.8836850e-01
4.8699200e-01   -1.8680091e-01
5.0305498e-01   -1.8528126e-01
5.1910698e-01   -1.8397795e-01
5.3513199e-01   -1.8207431e-01
5.5111402e-01   -1.7983857e-01
5.6703597e-01   -1.7689386e-01
5.8288401e-01   -1.7422600e-01
5.9864002e-01   -1.7105338e-01
6.1429000e-01   -1.6647293e-01
6.2981701e-01   -1.6237286e-01
6.4520597e-01   -1.5761763e-01
6.6044199e-01   -1.5249351e-01
6.7550898e-01   -1.4649360e-01
6.9039297e-01   -1.4109045e-01
7.0507699e-01   -1.3537712e-01
7.1954900e-01   -1.2933531e-01
7.3379302e-01   -1.2307282e-01
7.4779499e-01   -1.1619038e-01
7.6154202e-01   -1.0943221e-01
7.7501899e-01   -1.0220824e-01
7.8821403e-01   -9.5869459e-02
8.0111301e-01   -8.9509010e-02
8.1370401e-01   -8.2645208e-02
8.2597297e-01   -7.5838149e-02
8.3791000e-01   -6.9533810e-02
8.4950101e-01   -6.3299492e-02
8.6073500e-01   -5.7902534e-02
8.7160099e-01   -5.2291948e-02
8.8208801e-01   -4.7164712e-02
8.9218402e-01   -4.1770775e-02
9.0188003e-01   -3.7176117e-02
9.1116500e-01   -3.3000499e-02
9.2003101e-01   -2.9177614e-02
9.2846799e-01   -2.5273802e-02
9.3646699e-01   -2.1955196e-02
9.4401902e-01   -1.8941350e-02
9.5111603e-01   -1.6053028e-02
9.5775098e-01   -1.3255562e-02
9.6392000e-01   -1.1370926e-02
9.6961600e-01   -9.6178576e-03
9.7483599e-01   -7.7599231e-03
9.7957498e-01   -6.1137024e-03
9.8383099e-01   -4.8968149e-03
9.8759800e-01   -3.4869043e-03
9.9087399e-01   -3.0123282e-03
9.9365300e-01   -2.1949669e-03
9.9593401e-01   -1.6850079e-03
9.9771100e-01   -1.6663230e-03
9.9898201e-01   -1.1183342e-03
9.9974501e-01   -6.7358057e-04
1.0000000e+00   -5.5793690e-04
