1.0000000e+00   3.7897578e-03
9.9974501e-01   4.0372279e-03
9.9898201e-01   4.7653760e-03
9.9771100e-01   5.8785803e-03
9.9593300e-01   7.2813053e-03
9.9365300e-01   9.0939682e-03
9.9087399e-01   1.1406028e-02
9.8759800e-01   1.4099088e-02
9.8382998e-01   1.7136684e-02
9.7957498e-01   2.0549821e-02
9.7483599e-01   2.4320295e-02
9.6961600e-01   2.8423339e-02
9.6392000e-01   3.2879367e-02
9.5775098e-01   3.7713457e-02
9.5111603e-01   4.2946823e-02
9.4401902e-01   4.8588648e-02
9.3646699e-01   5.4633807e-02
9.2846799e-01   6.1075352e-02
9.2003101e-01   6.7925289e-02
9.1116500e-01   7.5188860e-02
9.0187901e-01   8.2864083e-02
8.9218301e-01   9.0924181e-02
8.8208699e-01   9.9358931e-02
8.7160099e-01   1.0816368e-01
8.6073500e-01   1.1730364e-01
8.4950101e-01   1.2674595e-01
8.3791000e-01   1.3654687e-01
8.2597399e-01   1.4673492e-01
8.1370401e-01   1.5726508e-01
8.0111301e-01   1.6813171e-01
7.8821403e-01   1.7930008e-01
7.7501899e-01   1.9071127e-01
7.6154101e-01   2.0230931e-01
7.4779499e-01   2.1405347e-01
7.3379201e-01   2.2589898e-01
7.1954799e-01   2.3775804e-01
7.0507699e-01   2.4957167e-01
6.9039202e-01   2.6134703e-01
6.7550898e-01   2.7301902e-01
6.6044199e-01   2.8450549e-01
6.4520597e-01   2.9575536e-01
6.2981701e-01   3.0670631e-01
6.1429000e-01   3.1727734e-01
5.9864002e-01   3.2741931e-01
5.8288401e-01   3.3708727e-01
5.6703597e-01   3.4623951e-01
5.5111301e-01   3.5480487e-01
5.3513098e-01   3.6273125e-01
5.1910597e-01   3.6998308e-01
5.0305402e-01   3.7651527e-01
4.8699099e-01   3.8229197e-01
4.7093400e-01   3.8729575e-01
4.5489800e-01   3.9151257e-01
4.3889999e-01   3.9493027e-01
4.2295599e-01   3.9751098e-01
4.0708300e-01   3.9923427e-01
3.9129499e-01   4.0010184e-01
3.7560999e-01   4.0010622e-01
3.6004400e-01   3.9926270e-01
3.4461200e-01   3.9759621e-01
3.2933000e-01   3.9512110e-01
3.1421301e-01   3.9185101e-01
2.9927900e-01   3.8784671e-01
2.8454101e-01   3.8317344e-01
2.7001500e-01   3.7781274e-01
2.5571701e-01   3.7172422e-01
2.4166100e-01   3.6493918e-01
2.2786200e-01   3.5752401e-01
2.1433599e-01   3.4947109e-01
2.0109500e-01   3.4079871e-01
1.8815500e-01   3.3155781e-01
1.7553000e-01   3.2178164e-01
1.6323400e-01   3.1144318e-01
1.5128000e-01   3.0052599e-01
1.3968100e-01   2.8913149e-01
1.2845200e-01   2.7736709e-01
1.1760600e-01   2.6517576e-01
1.0715500e-01   2.5254399e-01
9.7112998e-02   2.3959127e-01
8.7493002e-02   2.2632934e-01
7.8305997e-02   2.1267048e-01
6.9565997e-02   1.9861574e-01
6.1285000e-02   1.8422024e-01
5.3474002e-02   1.6949537e-01
4.6149999e-02   1.5451540e-01
3.9326001e-02   1.3949475e-01
3.3013999e-02   1.2469805e-01
2.7230000e-02   1.1039326e-01
2.1980001e-02   9.6664913e-02
1.7277000e-02   8.3085276e-02
1.3141000e-02   6.9673792e-02
9.5729996e-03   5.6745872e-02
6.5830001e-03   4.4565085e-02
4.1880002e-03   3.3371776e-02
2.3540000e-03   2.3447772e-02
1.0810000e-03   1.4998861e-02
3.7100000e-04   8.2458789e-03
7.6999997e-05   3.3493284e-03
4.9999999e-06   3.9179725e-04
0.0000000e+00   -5.9838983e-04
4.9999999e-06   -1.5658942e-03
7.6999997e-05   -4.4615059e-03
3.7100000e-04   -9.1888998e-03
1.0810000e-03   -1.5474222e-02
2.3530000e-03   -2.2862038e-02
4.1880002e-03   -3.0935412e-02
6.5850001e-03   -3.9478339e-02
9.5760003e-03   -4.8662640e-02
1.3145000e-02   -5.8696486e-02
1.7281000e-02   -6.8521246e-02
2.1983000e-02   -7.7759810e-02
2.7232001e-02   -8.6405411e-02
3.3016000e-02   -9.4585963e-02
3.9328001e-02   -1.0249501e-01
4.6151999e-02   -1.1023634e-01
5.3475998e-02   -1.1786362e-01
6.1287001e-02   -1.2538326e-01
6.9568001e-02   -1.3278237e-01
7.8308001e-02   -1.4006272e-01
8.7494999e-02   -1.4716820e-01
9.7115003e-02   -1.5399931e-01
1.0715700e-01   -1.6055895e-01
1.1760800e-01   -1.6687708e-01
1.2845400e-01   -1.7290875e-01
1.3968299e-01   -1.7862876e-01
1.5128200e-01   -1.8408489e-01
1.6323499e-01   -1.8931668e-01
1.7553200e-01   -1.9428420e-01
1.8815701e-01   -1.9895220e-01
2.0109700e-01   -2.0338331e-01
2.1433701e-01   -2.0757765e-01
2.2786400e-01   -2.1144570e-01
2.4166299e-01   -2.1498390e-01
2.5571901e-01   -2.1825832e-01
2.7001700e-01   -2.2125718e-01
2.8454199e-01   -2.2391085e-01
2.9927999e-01   -2.2619729e-01
3.1421500e-01   -2.2812895e-01
3.2933101e-01   -2.2967638e-01
3.4461299e-01   -2.3078190e-01
3.6004499e-01   -2.3141974e-01
3.7561101e-01   -2.3158984e-01
3.9129600e-01   -2.3127814e-01
4.0708300e-01   -2.3042391e-01
4.2295700e-01   -2.2900359e-01
4.3890101e-01   -2.2707005e-01
4.5489901e-01   -2.2465834e-01
4.7093499e-01   -2.2174872e-01
4.8699200e-01   -2.1832505e-01
5.0305498e-01   -2.1442261e-01
5.1910698e-01   -2.1006638e-01
5.3513199e-01   -2.0525984e-01
5.5111402e-01   -2.0001426e-01
5.6703597e-01   -1.9436114e-01
5.8288401e-01   -1.8830243e-01
5.9864002e-01   -1.8183303e-01
6.1429000e-01   -1.7499131e-01
6.2981701e-01   -1.6784252e-01
6.4520597e-01   -1.6041696e-01
6.6044199e-01   -1.5274057e-01
6.7550898e-01   -1.4485756e-01
6.9039297e-01   -1.3684145e-01
7.0507699e-01   -1.2875305e-01
7.1954900e-01   -1.2064265e-01
7.3379302e-01   -1.1253349e-01
7.4779499e-01   -1.0449924e-01
7.6154202e-01   -9.6591003e-02
7.7501899e-01   -8.8871881e-02
7.8821403e-01   -8.1356905e-02
8.0111301e-01   -7.4055605e-02
8.1370401e-01   -6.7010358e-02
8.2597297e-01   -6.0278524e-02
8.3791000e-01   -5.3899225e-02
8.4950101e-01   -4.7888160e-02
8.6073500e-01   -4.2265270e-02
8.7160099e-01   -3.7043080e-02
8.8208801e-01   -3.2231960e-02
8.9218402e-01   -2.7834622e-02
9.0188003e-01   -2.3837404e-02
9.1116500e-01   -2.0232733e-02
9.2003101e-01   -1.7034521e-02
9.2846799e-01   -1.4242991e-02
9.3646699e-01   -1.1836915e-02
9.4401902e-01   -9.7974595e-03
9.5111603e-01   -8.1030764e-03
9.5775098e-01   -6.7112567e-03
9.6392000e-01   -5.5411956e-03
9.6961600e-01   -4.5081247e-03
9.7483599e-01   -3.5723082e-03
9.7957498e-01   -2.7656141e-03
9.8383099e-01   -2.1065751e-03
9.8759800e-01   -1.5315523e-03
9.9087399e-01   -1.0351433e-03
9.9365300e-01   -6.8565074e-04
9.9593401e-01   -5.3628342e-04
9.9771100e-01   -4.6949644e-04
9.9898201e-01   -3.6379878e-04
9.9974501e-01   -2.6707817e-04
1.0000000e+00   -2.3395941e-04
