1.0000000e+00   2.1550725e-03
9.9974501e-01   2.3575772e-03
9.9898201e-01   2.9470704e-03
9.9771100e-01   3.7744145e-03
9.9593300e-01   4.6600597e-03
9.9365300e-01   5.7794917e-03
9.9087399e-01   7.2943028e-03
9.8759800e-01   9.0746824e-03
9.8382998e-01   1.1094217e-02
9.7957498e-01   1.3395138e-02
9.7483599e-01   1.5986884e-02
9.6961600e-01   1.8870642e-02
9.6392000e-01   2.2099508e-02
9.5775098e-01   2.5730109e-02
9.5111603e-01   2.9786801e-02
9.4401902e-01   3.4294058e-02
9.3646699e-01   3.9281823e-02
9.2846799e-01   4.4784717e-02
9.2003101e-01   5.0831035e-02
9.1116500e-01   5.7425201e-02
9.0187901e-01   6.4567000e-02
8.9218301e-01   7.2230570e-02
8.8208699e-01   8.0401033e-02
8.7160099e-01   8.9083128e-02
8.6073500e-01   9.8270863e-02
8.4950101e-01   1.0801243e-01
8.3791000e-01   1.1847550e-01
8.2597399e-01   1.2966591e-01
8.1370401e-01   1.4146428e-01
8.0111301e-01   1.5392652e-01
7.8821403e-01   1.6695541e-01
7.7501899e-01   1.8031783e-01
7.6154101e-01   1.9386117e-01
7.4779499e-01   2.0754541e-01
7.3379201e-01   2.2132584e-01
7.1954799e-01   2.3507063e-01
7.0507699e-01   2.4866411e-01
6.9039202e-01   2.6210776e-01
6.7550898e-01   2.7531150e-01
6.6044199e-01   2.8815934e-01
6.4520597e-01   3.0058092e-01
6.2981701e-01   3.1253293e-01
6.1429000e-01   3.2391909e-01
5.9864002e-01   3.3467090e-01
5.8288401e-01   3.4470734e-01
5.6703597e-01   3.5398844e-01
5.5111301e-01   3.6246589e-01
5.3513098e-01   3.7010142e-01
5.1910597e-01   3.7684274e-01
5.0305402e-01   3.8264412e-01
4.8699099e-01   3.8748470e-01
4.7093400e-01   3.9135328e-01
4.5489800e-01   3.9426094e-01
4.3889999e-01   3.9622882e-01
4.2295599e-01   3.9727372e-01
4.0708300e-01   3.9739251e-01
3.9129499e-01   3.9660332e-01
3.7560999e-01   3.9494887e-01
3.6004400e-01   3.9249283e-01
3.4461200e-01   3.8926807e-01
3.2933000e-01   3.8530585e-01
3.1421301e-01   3.8064975e-01
2.9927900e-01   3.7534592e-01
2.8454101e-01   3.6943072e-01
2.7001500e-01   3.6288863e-01
2.5571701e-01   3.5572430e-01
2.4166100e-01   3.4800276e-01
2.2786200e-01   3.3977148e-01
2.1433599e-01   3.3103848e-01
2.0109500e-01   3.2185388e-01
1.8815500e-01   3.1221542e-01
1.7553000e-01   3.0209419e-01
1.6323400e-01   2.9150403e-01
1.5128000e-01   2.8048620e-01
1.3968100e-01   2.6911443e-01
1.2845200e-01   2.5748250e-01
1.1760600e-01   2.4562083e-01
1.0715500e-01   2.3352894e-01
9.7112998e-02   2.2120000e-01
8.7493002e-02   2.0863172e-01
7.8305997e-02   1.9584660e-01
6.9565997e-02   1.8284522e-01
6.1285000e-02   1.6959240e-01
5.3474002e-02   1.5605885e-01
4.6149999e-02   1.4234993e-01
3.9326001e-02   1.2866868e-01
3.3013999e-02   1.1524041e-01
2.7230000e-02   1.0233903e-01
2.1980001e-02   9.0058312e-02
1.7277000e-02   7.7911273e-02
1.3141000e-02   6.5840997e-02
9.5729996e-03   5.4098457e-02
6.5830001e-03   4.2924557e-02
4.1880002e-03   3.2500073e-02
2.3540000e-03   2.3102302e-02
1.0810000e-03   1.4949020e-02
3.7100000e-04   8.3249947e-03
7.6999997e-05   3.4759496e-03
4.9999999e-06   5.3334847e-04
0.0000000e+00   -4.5610833e-04
4.9999999e-06   -1.4223866e-03
7.6999997e-05   -4.3064873e-03
3.7100000e-04   -8.9751529e-03
1.0810000e-03   -1.5065908e-02
2.3530000e-03   -2.2022847e-02
4.1880002e-03   -2.9376648e-02
6.5850001e-03   -3.6920797e-02
9.5760003e-03   -4.4971101e-02
1.3145000e-02   -5.3738758e-02
1.7281000e-02   -6.2136352e-02
2.1983000e-02   -6.9876842e-02
2.7232001e-02   -7.7056549e-02
3.3016000e-02   -8.3838083e-02
3.9328001e-02   -9.0388604e-02
4.6151999e-02   -9.6804671e-02
5.3475998e-02   -1.0315955e-01
6.1287001e-02   -1.0946307e-01
6.9568001e-02   -1.1570611e-01
7.8308001e-02   -1.2192059e-01
8.7494999e-02   -1.2808515e-01
9.7115003e-02   -1.3409263e-01
1.0715700e-01   -1.3987251e-01
1.1760800e-01   -1.4543782e-01
1.2845400e-01   -1.5078767e-01
1.3968299e-01   -1.5591441e-01
1.5128200e-01   -1.6083074e-01
1.6323499e-01   -1.6557488e-01
1.7553200e-01   -1.7012899e-01
1.8815701e-01   -1.7445199e-01
2.0109700e-01   -1.7855614e-01
2.1433701e-01   -1.8244791e-01
2.2786400e-01   -1.8608510e-01
2.4166299e-01   -1.8946360e-01
2.5571901e-01   -1.9262734e-01
2.7001700e-01   -1.9557683e-01
2.8454199e-01   -1.9830054e-01
2.9927999e-01   -2.0080329e-01
3.1421500e-01   -2.0308340e-01
3.2933101e-01   -2.0512559e-01
3.4461299e-01   -2.0690511e-01
3.6004499e-01   -2.0840314e-01
3.7561101e-01   -2.0961833e-01
3.9129600e-01   -2.1054183e-01
4.0708300e-01   -2.1114931e-01
4.2295700e-01   -2.1141796e-01
4.3890101e-01   -2.1136607e-01
4.5489901e-01   -2.1100868e-01
4.7093499e-01   -2.1031316e-01
4.8699200e-01   -2.0925294e-01
5.0305498e-01   -2.0783076e-01
5.1910698e-01   -2.0603944e-01
5.3513199e-01   -2.0386605e-01
5.5111402e-01   -2.0129314e-01
5.6703597e-01   -1.9831142e-01
5.8288401e-01   -1.9488880e-01
5.9864002e-01   -1.9099991e-01
6.1429000e-01   -1.8663497e-01
6.2981701e-01   -1.8182719e-01
6.4520597e-01   -1.7660314e-01
6.6044199e-01   -1.7098236e-01
6.7550898e-01   -1.6497633e-01
6.9039297e-01   -1.5861671e-01
7.0507699e-01   -1.5190545e-01
7.1954900e-01   -1.4483936e-01
7.3379302e-01   -1.3743167e-01
7.4779499e-01   -1.2977551e-01
7.6154202e-01   -1.2189215e-01
7.7501899e-01   -1.1383644e-01
7.8821403e-01   -1.0564915e-01
8.0111301e-01   -9.7371884e-02
8.1370401e-01   -8.9136511e-02
8.2597297e-01   -8.1118643e-02
8.3791000e-01   -7.3412307e-02
8.4950101e-01   -6.6064484e-02
8.6073500e-01   -5.9115767e-02
8.7160099e-01   -5.2586176e-02
8.8208801e-01   -4.6483953e-02
8.9218402e-01   -4.0826675e-02
9.0188003e-01   -3.5611223e-02
9.1116500e-01   -3.0847616e-02
9.2003101e-01   -2.6538542e-02
9.2846799e-01   -2.2683568e-02
9.3646699e-01   -1.9271025e-02
9.4401902e-01   -1.6279902e-02
9.5111603e-01   -1.3676382e-02
9.5775098e-01   -1.1404645e-02
9.6392000e-01   -9.4087254e-03
9.6961600e-01   -7.6190988e-03
9.7483599e-01   -5.9953583e-03
9.7957498e-01   -4.5774332e-03
9.8383099e-01   -3.3890000e-03
9.8759800e-01   -2.3666222e-03
9.9087399e-01   -1.4799953e-03
9.9365300e-01   -7.7970495e-04
9.9593401e-01   -3.5943554e-04
9.9771100e-01   -5.3348020e-05
9.9898201e-01   2.9638968e-04
9.9974501e-01   5.7487184e-04
1.0000000e+00   6.7143503e-04
