1.0000000e+00   -1.2358067e-05
9.9974501e-01   2.6613858e-04
9.9898201e-01   9.9370151e-04
9.9771100e-01   2.0638092e-03
9.9593300e-01   3.4691640e-03
9.9365300e-01   5.3750942e-03
9.9087399e-01   7.8523783e-03
9.8759800e-01   1.0782280e-02
9.8382998e-01   1.4228630e-02
9.7957498e-01   1.8036805e-02
9.7483599e-01   2.2309881e-02
9.6961600e-01   2.6766455e-02
9.6392000e-01   3.1685926e-02
9.5775098e-01   3.6677614e-02
9.5111603e-01   4.2013813e-02
9.4401902e-01   4.7612090e-02
9.3646699e-01   5.3694323e-02
9.2846799e-01   6.0131308e-02
9.2003101e-01   6.6756539e-02
9.1116500e-01   7.3720656e-02
9.0187901e-01   8.1232488e-02
8.9218301e-01   8.8962257e-02
8.8208699e-01   9.6981771e-02
8.7160099e-01   1.0549081e-01
8.6073500e-01   1.1431417e-01
8.4950101e-01   1.2328643e-01
8.3791000e-01   1.3269636e-01
8.2597399e-01   1.4227164e-01
8.1370401e-01   1.5243705e-01
8.0111301e-01   1.6260231e-01
7.8821403e-01   1.7289639e-01
7.7501899e-01   1.8341635e-01
7.6154101e-01   1.9415784e-01
7.4779499e-01   2.0506090e-01
7.3379201e-01   2.1565196e-01
7.1954799e-01   2.2648364e-01
7.0507699e-01   2.3704082e-01
6.9039202e-01   2.4759570e-01
6.7550898e-01   2.5834090e-01
6.6044199e-01   2.6884207e-01
6.4520597e-01   2.7888459e-01
6.2981701e-01   2.8890187e-01
6.1429000e-01   2.9839250e-01
5.9864002e-01   3.0752832e-01
5.8288401e-01   3.1629467e-01
5.6703597e-01   3.2444689e-01
5.5111301e-01   3.3215505e-01
5.3513098e-01   3.3942041e-01
5.1910597e-01   3.4643871e-01
5.0305402e-01   3.5253721e-01
4.8699099e-01   3.5825238e-01
4.7093400e-01   3.6314392e-01
4.5489800e-01   3.6760008e-01
4.3889999e-01   3.7120944e-01
4.2295599e-01   3.7390950e-01
4.0708300e-01   3.7581307e-01
3.9129499e-01   3.7711394e-01
3.7560999e-01   3.7779662e-01
3.6004400e-01   3.7758112e-01
3.4461200e-01   3.7684891e-01
3.2933000e-01   3.7517878e-01
3.1421301e-01   3.7256208e-01
2.9927900e-01   3.6943060e-01
2.8454101e-01   3.6573175e-01
2.7001500e-01   3.6096966e-01
2.5571701e-01   3.5574809e-01
2.4166100e-01   3.4988457e-01
2.2786200e-01   3.4354213e-01
2.1433599e-01   3.3636814e-01
2.0109500e-01   3.2826221e-01
1.8815500e-01   3.1990883e-01
1.7553000e-01   3.1069744e-01
1.6323400e-01   3.0121639e-01
1.5128000e-01   2.9076925e-01
1.3968100e-01   2.8012824e-01
1.2845200e-01   2.6898655e-01
1.1760600e-01   2.5747377e-01
1.0715500e-01   2.4515642e-01
9.7112998e-02   2.3315068e-01
8.7493002e-02   2.2024687e-01
7.8305997e-02   2.0721591e-01
6.9565997e-02   1.9370072e-01
6.1285000e-02   1.8002667e-01
5.3474002e-02   1.6623111e-01
4.6149999e-02   1.5234937e-01
3.9326001e-02   1.3822110e-01
3.3013999e-02   1.2421889e-01
2.7230000e-02   1.1037837e-01
2.1980001e-02   9.6691146e-02
1.7277000e-02   8.3326444e-02
1.3141000e-02   7.0279509e-02
9.5729996e-03   5.7538629e-02
6.5830001e-03   4.5384239e-02
4.1880002e-03   3.4224730e-02
2.3540000e-03   2.4267539e-02
1.0810000e-03   1.5818322e-02
3.7100000e-04   8.8100024e-03
7.6999997e-05   3.9568772e-03
4.9999999e-06   9.8319096e-04
0.0000000e+00   1.3989389e-05
4.9999999e-06   -9.3163323e-04
7.6999997e-05   -3.8608056e-03
3.7100000e-04   -8.4718242e-03
1.0810000e-03   -1.4704514e-02
2.3530000e-03   -2.2118250e-02
4.1880002e-03   -3.0290984e-02
6.5850001e-03   -3.8397789e-02
9.5760003e-03   -4.6655808e-02
1.3145000e-02   -5.4844249e-02
1.7281000e-02   -6.3005455e-02
2.1983000e-02   -7.0884407e-02
2.7232001e-02   -7.8524075e-02
3.3016000e-02   -8.5728511e-02
3.9328001e-02   -9.2640609e-02
4.6151999e-02   -9.9439844e-02
5.3475998e-02   -1.0593053e-01
6.1287001e-02   -1.1213899e-01
6.9568001e-02   -1.1821722e-01
7.8308001e-02   -1.2400986e-01
8.7494999e-02   -1.2973963e-01
9.7115003e-02   -1.3489236e-01
1.0715700e-01   -1.4007336e-01
1.1760800e-01   -1.4494859e-01
1.2845400e-01   -1.4974001e-01
1.3968299e-01   -1.5398088e-01
1.5128200e-01   -1.5800540e-01
1.6323499e-01   -1.6176286e-01
1.7553200e-01   -1.6543959e-01
1.8815701e-01   -1.6881268e-01
2.0109700e-01   -1.7173707e-01
2.1433701e-01   -1.7419490e-01
2.2786400e-01   -1.7720947e-01
2.4166299e-01   -1.7952771e-01
2.5571901e-01   -1.8116586e-01
2.7001700e-01   -1.8308362e-01
2.8454199e-01   -1.8411236e-01
2.9927999e-01   -1.8504633e-01
3.1421500e-01   -1.8586595e-01
3.2933101e-01   -1.8673074e-01
3.4461299e-01   -1.8699311e-01
3.6004499e-01   -1.8688069e-01
3.7561101e-01   -1.8632880e-01
3.9129600e-01   -1.8548512e-01
4.0708300e-01   -1.8451749e-01
4.2295700e-01   -1.8282628e-01
4.3890101e-01   -1.8112187e-01
4.5489901e-01   -1.7886353e-01
4.7093499e-01   -1.7630529e-01
4.8699200e-01   -1.7341357e-01
5.0305498e-01   -1.7008129e-01
5.1910698e-01   -1.6634569e-01
5.3513199e-01   -1.6244909e-01
5.5111402e-01   -1.5784872e-01
5.6703597e-01   -1.5321501e-01
5.8288401e-01   -1.4795263e-01
5.9864002e-01   -1.4251032e-01
6.1429000e-01   -1.3662919e-01
6.2981701e-01   -1.3058805e-01
6.4520597e-01   -1.2435867e-01
6.6044199e-01   -1.1814090e-01
6.7550898e-01   -1.1198413e-01
6.9039297e-01   -1.0548729e-01
7.0507699e-01   -9.9307530e-02
7.1954900e-01   -9.3031950e-02
7.3379302e-01   -8.6943515e-02
7.4779499e-01   -8.0731250e-02
7.6154202e-01   -7.4724622e-02
7.7501899e-01   -6.9081679e-02
7.8821403e-01   -6.3517436e-02
8.0111301e-01   -5.7866458e-02
8.1370401e-01   -5.2440960e-02
8.2597297e-01   -4.7385309e-02
8.3791000e-01   -4.2132918e-02
8.4950101e-01   -3.7775084e-02
8.6073500e-01   -3.3266503e-02
8.7160099e-01   -2.9270168e-02
8.8208801e-01   -2.5405461e-02
8.9218402e-01   -2.1892954e-02
9.0188003e-01   -1.8890420e-02
9.1116500e-01   -1.5969027e-02
9.2003101e-01   -1.3285506e-02
9.2846799e-01   -1.0913079e-02
9.3646699e-01   -8.8834958e-03
9.4401902e-01   -7.1682534e-03
9.5111603e-01   -5.6714243e-03
9.5775098e-01   -4.6780952e-03
9.6392000e-01   -3.6452811e-03
9.6961600e-01   -2.9850602e-03
9.7483599e-01   -2.2203447e-03
9.7957498e-01   -1.6135804e-03
9.8383099e-01   -1.1371721e-03
9.8759800e-01   -7.2850229e-04
9.9087399e-01   -5.0986820e-04
9.9365300e-01   -3.4162984e-04
9.9593401e-01   -2.8699372e-04
9.9771100e-01   -1.7375249e-04
9.9898201e-01   1.4159887e-06
9.9974501e-01   -9.3103765e-05
1.0000000e+00   -1.0056601e-05
