1.0000000e+00   2.5530776e-03
9.9974501e-01   2.7114821e-03
9.9898201e-01   3.5014066e-03
9.9771100e-01   4.8016035e-03
9.9593300e-01   6.4741829e-03
9.9365300e-01   8.3734058e-03
9.9087399e-01   1.0982611e-02
9.8759800e-01   1.4102390e-02
9.8382998e-01   1.7726457e-02
9.7957498e-01   2.1646859e-02
9.7483599e-01   2.5975674e-02
9.6961600e-01   3.0662585e-02
9.6392000e-01   3.5583366e-02
9.5775098e-01   4.0882010e-02
9.5111603e-01   4.6480700e-02
9.4401902e-01   5.2245688e-02
9.3646699e-01   5.8420341e-02
9.2846799e-01   6.4879663e-02
9.2003101e-01   7.1300060e-02
9.1116500e-01   7.8269474e-02
9.0187901e-01   8.5528158e-02
8.9218301e-01   9.2923500e-02
8.8208699e-01   1.0071050e-01
8.7160099e-01   1.0842692e-01
8.6073500e-01   1.1643077e-01
8.4950101e-01   1.2477454e-01
8.3791000e-01   1.3296914e-01
8.2597399e-01   1.4158574e-01
8.1370401e-01   1.5028302e-01
8.0111301e-01   1.5884894e-01
7.8821403e-01   1.6787314e-01
7.7501899e-01   1.7695856e-01
7.6154101e-01   1.8600690e-01
7.4779499e-01   1.9500346e-01
7.3379201e-01   2.0417278e-01
7.1954799e-01   2.1308857e-01
7.0507699e-01   2.2177964e-01
6.9039202e-01   2.3106968e-01
6.7550898e-01   2.3993045e-01
6.6044199e-01   2.4850452e-01
6.4520597e-01   2.5710544e-01
6.2981701e-01   2.6548770e-01
6.1429000e-01   2.7320540e-01
5.9864002e-01   2.8097942e-01
5.8288401e-01   2.8878671e-01
5.6703597e-01   2.9545823e-01
5.5111301e-01   3.0232182e-01
5.3513098e-01   3.0858475e-01
5.1910597e-01   3.1442806e-01
5.0305402e-01   3.1960142e-01
4.8699099e-01   3.2411045e-01
4.7093400e-01   3.2779238e-01
4.5489800e-01   3.3137223e-01
4.3889999e-01   3.3428872e-01
4.2295599e-01   3.3655772e-01
4.0708300e-01   3.3786389e-01
3.9129499e-01   3.3839867e-01
3.7560999e-01   3.3840680e-01
3.6004400e-01   3.3743364e-01
3.4461200e-01   3.3650017e-01
3.2933000e-01   3.3434957e-01
3.1421301e-01   3.3122268e-01
2.9927900e-01   3.2765511e-01
2.8454101e-01   3.2350776e-01
2.7001500e-01   3.1837645e-01
2.5571701e-01   3.1277496e-01
2.4166100e-01   3.0673584e-01
2.2786200e-01   3.0016384e-01
2.1433599e-01   2.9276675e-01
2.0109500e-01   2.8481379e-01
1.8815500e-01   2.7651399e-01
1.7553000e-01   2.6763394e-01
1.6323400e-01   2.5864115e-01
1.5128000e-01   2.4898526e-01
1.3968100e-01   2.3900674e-01
1.2845200e-01   2.2850172e-01
1.1760600e-01   2.1813940e-01
1.0715500e-01   2.0683821e-01
9.7112998e-02   1.9537814e-01
8.7493002e-02   1.8418704e-01
7.8305997e-02   1.7262365e-01
6.9565997e-02   1.6066884e-01
6.1285000e-02   1.4890216e-01
5.3474002e-02   1.3702580e-01
4.6149999e-02   1.2473112e-01
3.9326001e-02   1.1286099e-01
3.3013999e-02   1.0100960e-01
2.7230000e-02   8.9152843e-02
2.1980001e-02   7.7571072e-02
1.7277000e-02   6.6279404e-02
1.3141000e-02   5.5262007e-02
9.5729996e-03   4.4707872e-02
6.5830001e-03   3.5055351e-02
4.1880002e-03   2.6193371e-02
2.3540000e-03   1.8220838e-02
1.0810000e-03   1.1517003e-02
3.7100000e-04   6.3961358e-03
7.6999997e-05   2.5468476e-03
4.9999999e-06   2.9352028e-04
0.0000000e+00   -5.4628606e-04
4.9999999e-06   -1.3746790e-03
7.6999997e-05   -3.4947793e-03
3.7100000e-04   -7.1352338e-03
1.0810000e-03   -1.1978845e-02
2.3530000e-03   -1.7991200e-02
4.1880002e-03   -2.4943454e-02
6.5850001e-03   -3.2386642e-02
9.5760003e-03   -3.9819911e-02
1.3145000e-02   -4.7312107e-02
1.7281000e-02   -5.4433439e-02
2.1983000e-02   -6.1380677e-02
2.7232001e-02   -6.8227820e-02
3.3016000e-02   -7.5034738e-02
3.9328001e-02   -8.1416704e-02
4.6151999e-02   -8.7936886e-02
5.3475998e-02   -9.4144814e-02
6.1287001e-02   -1.0013645e-01
6.9568001e-02   -1.0629814e-01
7.8308001e-02   -1.1189023e-01
8.7494999e-02   -1.1755541e-01
9.7115003e-02   -1.2290143e-01
1.0715700e-01   -1.2793167e-01
1.1760800e-01   -1.3315949e-01
1.2845400e-01   -1.3757569e-01
1.3968299e-01   -1.4237979e-01
1.5128200e-01   -1.4620282e-01
1.6323499e-01   -1.5047397e-01
1.7553200e-01   -1.5399258e-01
1.8815701e-01   -1.5748678e-01
2.0109700e-01   -1.6071729e-01
2.1433701e-01   -1.6350901e-01
2.2786400e-01   -1.6589941e-01
2.4166299e-01   -1.6785870e-01
2.5571901e-01   -1.6982444e-01
2.7001700e-01   -1.7113739e-01
2.8454199e-01   -1.7189515e-01
2.9927999e-01   -1.7262189e-01
3.1421500e-01   -1.7249078e-01
3.2933101e-01   -1.7205673e-01
3.4461299e-01   -1.7117047e-01
3.6004499e-01   -1.6953813e-01
3.7561101e-01   -1.6776730e-01
3.9129600e-01   -1.6540743e-01
4.0708300e-01   -1.6202606e-01
4.2295700e-01   -1.5874964e-01
4.3890101e-01   -1.5482154e-01
4.5489901e-01   -1.5032631e-01
4.7093499e-01   -1.4529681e-01
4.8699200e-01   -1.4021824e-01
5.0305498e-01   -1.3468033e-01
5.1910698e-01   -1.2882781e-01
5.3513199e-01   -1.2222274e-01
5.5111402e-01   -1.1568739e-01
5.6703597e-01   -1.0901131e-01
5.8288401e-01   -1.0181034e-01
5.9864002e-01   -9.4906278e-02
6.1429000e-01   -8.7472722e-02
6.2981701e-01   -7.9998575e-02
6.4520597e-01   -7.2554022e-02
6.6044199e-01   -6.5473326e-02
6.7550898e-01   -5.7946425e-02
6.9039297e-01   -5.0575878e-02
7.0507699e-01   -4.3893147e-02
7.1954900e-01   -3.7299998e-02
7.3379302e-01   -3.1045444e-02
7.4779499e-01   -2.5306558e-02
7.6154202e-01   -1.9902268e-02
7.7501899e-01   -1.4553460e-02
7.8821403e-01   -9.8320320e-03
8.0111301e-01   -5.7697273e-03
8.1370401e-01   -1.6507324e-03
8.2597297e-01   1.7839428e-03
8.3791000e-01   5.0311466e-03
8.4950101e-01   7.5990362e-03
8.6073500e-01   9.9915443e-03
8.7160099e-01   1.2060055e-02
8.8208801e-01   1.3595591e-02
8.9218402e-01   1.4617314e-02
9.0188003e-01   1.5813358e-02
9.1116500e-01   1.6502779e-02
9.2003101e-01   1.6732836e-02
9.2846799e-01   1.6776601e-02
9.3646699e-01   1.6336307e-02
9.4401902e-01   1.5618704e-02
9.5111603e-01   1.4698808e-02
9.5775098e-01   1.3433013e-02
9.6392000e-01   1.1967075e-02
9.6961600e-01   1.0283711e-02
9.7483599e-01   8.6525595e-03
9.7957498e-01   6.8537877e-03
9.8383099e-01   5.4656481e-03
9.8759800e-01   3.8371631e-03
9.9087399e-01   2.4402135e-03
9.9365300e-01   1.1886815e-03
9.9593401e-01   1.0293670e-04
9.9771100e-01   -7.0282875e-04
9.9898201e-01   -1.2558422e-03
9.9974501e-01   -1.6231758e-03
1.0000000e+00   -1.7269627e-03
