1.0000000e+00   1.9705782e-03
9.9974501e-01   2.3043072e-03
9.9898201e-01   3.2297280e-03
9.9771100e-01   5.1144413e-03
9.9593300e-01   7.2872741e-03
9.9365300e-01   9.8539889e-03
9.9087399e-01   1.2809034e-02
9.8759800e-01   1.6534749e-02
9.8382998e-01   2.1229232e-02
9.7957498e-01   2.6018923e-02
9.7483599e-01   3.1477958e-02
9.6961600e-01   3.7441034e-02
9.6392000e-01   4.4042997e-02
9.5775098e-01   5.1223081e-02
9.5111603e-01   5.8671191e-02
9.4401902e-01   6.6652529e-02
9.3646699e-01   7.4403659e-02
9.2846799e-01   8.3048835e-02
9.2003101e-01   9.1786273e-02
9.1116500e-01   1.0091140e-01
9.0187901e-01   1.1009339e-01
8.9218301e-01   1.1987969e-01
8.8208699e-01   1.3008168e-01
8.7160099e-01   1.4115725e-01
8.6073500e-01   1.5244669e-01
8.4950101e-01   1.6290011e-01
8.3791000e-01   1.7479853e-01
8.2597399e-01   1.8673831e-01
8.1370401e-01   1.9865635e-01
8.0111301e-01   2.1127683e-01
7.8821403e-01   2.2427541e-01
7.7501899e-01   2.3652390e-01
7.6154101e-01   2.4936010e-01
7.4779499e-01   2.6272997e-01
7.3379201e-01   2.7532819e-01
7.1954799e-01   2.8871939e-01
7.0507699e-01   3.0082482e-01
6.9039202e-01   3.1377226e-01
6.7550898e-01   3.2604793e-01
6.6044199e-01   3.3793533e-01
6.4520597e-01   3.4946725e-01
6.2981701e-01   3.6070466e-01
6.1429000e-01   3.7127021e-01
5.9864002e-01   3.8150865e-01
5.8288401e-01   3.9084959e-01
5.6703597e-01   3.9981890e-01
5.5111301e-01   4.0838277e-01
5.3513098e-01   4.1574344e-01
5.1910597e-01   4.2268303e-01
5.0305402e-01   4.2788857e-01
4.8699099e-01   4.3354952e-01
4.7093400e-01   4.3844175e-01
4.5489800e-01   4.4163212e-01
4.3889999e-01   4.4442701e-01
4.2295599e-01   4.4600680e-01
4.0708300e-01   4.4749758e-01
3.9129499e-01   4.4691148e-01
3.7560999e-01   4.4589323e-01
3.6004400e-01   4.4426394e-01
3.4461200e-01   4.4137707e-01
3.2933000e-01   4.3754476e-01
3.1421301e-01   4.3365979e-01
2.9927900e-01   4.2773426e-01
2.8454101e-01   4.2161494e-01
2.7001500e-01   4.1507486e-01
2.5571701e-01   4.0700147e-01
2.4166100e-01   3.9879921e-01
2.2786200e-01   3.8955855e-01
2.1433599e-01   3.7984672e-01
2.0109500e-01   3.6898348e-01
1.8815500e-01   3.5832867e-01
1.7553000e-01   3.4642249e-01
1.6323400e-01   3.3461308e-01
1.5128000e-01   3.2130635e-01
1.3968100e-01   3.0819792e-01
1.2845200e-01   2.9413077e-01
1.1760600e-01   2.8020832e-01
1.0715500e-01   2.6597595e-01
9.7112998e-02   2.5103891e-01
8.7493002e-02   2.3571423e-01
7.8305997e-02   2.2086523e-01
6.9565997e-02   2.0541111e-01
6.1285000e-02   1.9012447e-01
5.3474002e-02   1.7449839e-01
4.6149999e-02   1.5939626e-01
3.9326001e-02   1.4388613e-01
3.3013999e-02   1.2858970e-01
2.7230000e-02   1.1370558e-01
2.1980001e-02   9.8891340e-02
1.7277000e-02   8.4628366e-02
1.3141000e-02   7.0643857e-02
9.5729996e-03   5.7508346e-02
6.5830001e-03   4.5255844e-02
4.1880002e-03   3.4197886e-02
2.3540000e-03   2.4457753e-02
1.0810000e-03   1.6177459e-02
3.7100000e-04   9.6188914e-03
7.6999997e-05   4.7961692e-03
4.9999999e-06   1.7889175e-03
0.0000000e+00   8.5051544e-04
4.9999999e-06   -1.0812469e-04
7.6999997e-05   -2.8739499e-03
3.7100000e-04   -7.4962317e-03
1.0810000e-03   -1.3869049e-02
2.3530000e-03   -2.0806126e-02
4.1880002e-03   -2.7977532e-02
6.5850001e-03   -3.5494581e-02
9.5760003e-03   -4.2272262e-02
1.3145000e-02   -4.8899390e-02
1.7281000e-02   -5.5552151e-02
2.1983000e-02   -6.2227670e-02
2.7232001e-02   -6.8148531e-02
3.3016000e-02   -7.4295104e-02
3.9328001e-02   -7.9987854e-02
4.6151999e-02   -8.5211530e-02
5.3475998e-02   -9.0207137e-02
6.1287001e-02   -9.5162451e-02
6.9568001e-02   -9.9707484e-02
7.8308001e-02   -1.0362708e-01
8.7494999e-02   -1.0707319e-01
9.7115003e-02   -1.1106827e-01
1.0715700e-01   -1.1504529e-01
1.1760800e-01   -1.1811557e-01
1.2845400e-01   -1.2115305e-01
1.3968299e-01   -1.2335302e-01
1.5128200e-01   -1.2610078e-01
1.6323499e-01   -1.2836519e-01
1.7553200e-01   -1.3006383e-01
1.8815701e-01   -1.3228568e-01
2.0109700e-01   -1.3427226e-01
2.1433701e-01   -1.3566908e-01
2.2786400e-01   -1.3749553e-01
2.4166299e-01   -1.3807964e-01
2.5571901e-01   -1.3883194e-01
2.7001700e-01   -1.3928644e-01
2.8454199e-01   -1.3902076e-01
2.9927999e-01   -1.3917865e-01
3.1421500e-01   -1.3862553e-01
3.2933101e-01   -1.3868779e-01
3.4461299e-01   -1.3710138e-01
3.6004499e-01   -1.3640843e-01
3.7561101e-01   -1.3433154e-01
3.9129600e-01   -1.3282004e-01
4.0708300e-01   -1.3075882e-01
4.2295700e-01   -1.2789072e-01
4.3890101e-01   -1.2519079e-01
4.5489901e-01   -1.2182627e-01
4.7093499e-01   -1.1858336e-01
4.8699200e-01   -1.1451557e-01
5.0305498e-01   -1.1040977e-01
5.1910698e-01   -1.0600262e-01
5.3513199e-01   -1.0131392e-01
5.5111402e-01   -9.6342698e-02
5.6703597e-01   -9.1563433e-02
5.8288401e-01   -8.6223945e-02
5.9864002e-01   -8.0310188e-02
6.1429000e-01   -7.4556753e-02
6.2981701e-01   -6.8518147e-02
6.4520597e-01   -6.2755756e-02
6.6044199e-01   -5.6708895e-02
6.7550898e-01   -5.0485738e-02
6.9039297e-01   -4.3733794e-02
7.0507699e-01   -3.8018260e-02
7.1954900e-01   -3.1841021e-02
7.3379302e-01   -2.6361806e-02
7.4779499e-01   -2.1199428e-02
7.6154202e-01   -1.5534448e-02
7.7501899e-01   -1.0585490e-02
7.8821403e-01   -5.1837750e-03
8.0111301e-01   -8.0858154e-04
8.1370401e-01   3.3183815e-03
8.2597297e-01   6.8939799e-03
8.3791000e-01   9.8680733e-03
8.4950101e-01   1.3303458e-02
8.6073500e-01   1.5187068e-02
8.7160099e-01   1.7637484e-02
8.8208801e-01   1.9417610e-02
8.9218402e-01   2.0623537e-02
9.0188003e-01   2.1597775e-02
9.1116500e-01   2.1796985e-02
9.2003101e-01   2.2073964e-02
9.2846799e-01   2.1852260e-02
9.3646699e-01   2.1023111e-02
9.4401902e-01   2.0315912e-02
9.5111603e-01   1.9238265e-02
9.5775098e-01   1.7691333e-02
9.6392000e-01   1.6260361e-02
9.6961600e-01   1.4430885e-02
9.7483599e-01   1.2373337e-02
9.7957498e-01   1.0301850e-02
9.8383099e-01   8.2870461e-03
9.8759800e-01   6.5444601e-03
9.9087399e-01   4.7260225e-03
9.9365300e-01   3.0149645e-03
9.9593401e-01   1.6774277e-03
9.9771100e-01   4.4636705e-04
9.9898201e-01   -2.8240029e-05
9.9974501e-01   -8.3029486e-04
1.0000000e+00   -7.5512927e-04
