1.0000000e+00   3.8659556e-03
9.9974501e-01   3.5729958e-03
9.9898201e-01   4.2834561e-03
9.9771100e-01   4.2388327e-03
9.9593300e-01   5.4648505e-03
9.9365300e-01   6.7293593e-03
9.9087399e-01   7.2355764e-03
9.8759800e-01   8.5013416e-03
9.8382998e-01   9.8206429e-03
9.7957498e-01   1.2014504e-02
9.7483599e-01   1.3703139e-02
9.6961600e-01   1.5813714e-02
9.6392000e-01   1.8561224e-02
9.5775098e-01   2.1195067e-02
9.5111603e-01   2.3434164e-02
9.4401902e-01   2.6443437e-02
9.3646699e-01   2.9629745e-02
9.2846799e-01   3.3582497e-02
9.2003101e-01   3.7198123e-02
9.1116500e-01   4.0647272e-02
9.0187901e-01   4.4894367e-02
8.9218301e-01   5.0002832e-02
8.8208699e-01   5.4309286e-02
8.7160099e-01   5.9469160e-02
8.6073500e-01   6.5052547e-02
8.4950101e-01   7.0555322e-02
8.3791000e-01   7.6711774e-02
8.2597399e-01   8.2125589e-02
8.1370401e-01   8.9217186e-02
8.0111301e-01   9.6611030e-02
7.8821403e-01   1.0308982e-01
7.7501899e-01   1.0991521e-01
7.6154101e-01   1.1746521e-01
7.4779499e-01   1.2570706e-01
7.3379201e-01   1.3333252e-01
7.1954799e-01   1.4129788e-01
7.0507699e-01   1.5052913e-01
6.9039202e-01   1.5838096e-01
6.7550898e-01   1.6631660e-01
6.6044199e-01   1.7571567e-01
6.4520597e-01   1.8261312e-01
6.2981701e-01   1.9204821e-01
6.1429000e-01   2.0104110e-01
5.9864002e-01   2.0948581e-01
5.8288401e-01   2.1786684e-01
5.6703597e-01   2.2624213e-01
5.5111301e-01   2.3377837e-01
5.3513098e-01   2.4215801e-01
5.1910597e-01   2.4917324e-01
5.0305402e-01   2.5687447e-01
4.8699099e-01   2.6389670e-01
4.7093400e-01   2.6981053e-01
4.5489800e-01   2.7529562e-01
4.3889999e-01   2.8186584e-01
4.2295599e-01   2.8699690e-01
4.0708300e-01   2.9074430e-01
3.9129499e-01   2.9372230e-01
3.7560999e-01   2.9646331e-01
3.6004400e-01   2.9918617e-01
3.4461200e-01   2.9980743e-01
3.2933000e-01   3.0111015e-01
3.1421301e-01   3.0013794e-01
2.9927900e-01   3.0103055e-01
2.8454101e-01   2.9864925e-01
2.7001500e-01   2.9612720e-01
2.5571701e-01   2.9307577e-01
2.4166100e-01   2.8947160e-01
2.2786200e-01   2.8484616e-01
2.1433599e-01   2.7980116e-01
2.0109500e-01   2.7312878e-01
1.8815500e-01   2.6572308e-01
1.7553000e-01   2.5916967e-01
1.6323400e-01   2.5107810e-01
1.5128000e-01   2.4214806e-01
1.3968100e-01   2.3355268e-01
1.2845200e-01   2.2278720e-01
1.1760600e-01   2.1349533e-01
1.0715500e-01   2.0277448e-01
9.7112998e-02   1.9138645e-01
8.7493002e-02   1.7983925e-01
7.8305997e-02   1.6842578e-01
6.9565997e-02   1.5658307e-01
6.1285000e-02   1.4428015e-01
5.3474002e-02   1.3253866e-01
4.6149999e-02   1.2081774e-01
3.9326001e-02   1.0864463e-01
3.3013999e-02   9.6997000e-02
2.7230000e-02   8.5087858e-02
2.1980001e-02   7.3780924e-02
1.7277000e-02   6.3034795e-02
1.3141000e-02   5.2672688e-02
9.5729996e-03   4.2769358e-02
6.5830001e-03   3.3572987e-02
4.1880002e-03   2.4902400e-02
2.3540000e-03   1.7219765e-02
1.0810000e-03   1.1269582e-02
3.7100000e-04   6.0050352e-03
7.6999997e-05   1.9230649e-03
4.9999999e-06   -2.4207286e-04
0.0000000e+00   -6.9263671e-04
4.9999999e-06   -1.4941122e-03
7.6999997e-05   -3.6329622e-03
3.7100000e-04   -7.2703674e-03
1.0810000e-03   -1.1713923e-02
2.3530000e-03   -1.7207785e-02
4.1880002e-03   -2.2655312e-02
6.5850001e-03   -2.7330952e-02
9.5760003e-03   -3.1740803e-02
1.3145000e-02   -3.5029773e-02
1.7281000e-02   -3.6788579e-02
2.1983000e-02   -3.8326271e-02
2.7232001e-02   -3.8585950e-02
3.3016000e-02   -3.9392214e-02
3.9328001e-02   -3.9770946e-02
4.6151999e-02   -3.8831968e-02
5.3475998e-02   -3.9646551e-02
6.1287001e-02   -3.8965717e-02
6.9568001e-02   -3.8746063e-02
7.8308001e-02   -3.7968919e-02
8.7494999e-02   -3.7535727e-02
9.7115003e-02   -3.7139155e-02
1.0715700e-01   -3.6047429e-02
1.1760800e-01   -3.4943484e-02
1.2845400e-01   -3.4211319e-02
1.3968299e-01   -3.3294834e-02
1.5128200e-01   -3.2280579e-02
1.6323499e-01   -3.0630276e-02
1.7553200e-01   -3.1091465e-02
1.8815701e-01   -3.0142214e-02
2.0109700e-01   -2.8943418e-02
2.1433701e-01   -2.9199416e-02
2.2786400e-01   -2.7900439e-02
2.4166299e-01   -2.8003398e-02
2.5571901e-01   -2.7008450e-02
2.7001700e-01   -2.6299873e-02
2.8454199e-01   -2.5885241e-02
2.9927999e-01   -2.6594851e-02
3.1421500e-01   -2.5979413e-02
3.2933101e-01   -2.6292089e-02
3.4461299e-01   -2.7397312e-02
3.6004499e-01   -2.7753953e-02
3.7561101e-01   -2.7659880e-02
3.9129600e-01   -2.8439205e-02
4.0708300e-01   -2.9183205e-02
4.2295700e-01   -2.9539408e-02
4.3890101e-01   -3.0351508e-02
4.5489901e-01   -2.9940374e-02
4.7093499e-01   -3.1469785e-02
4.8699200e-01   -3.2931313e-02
5.0305498e-01   -3.3344209e-02
5.1910698e-01   -3.4654636e-02
5.3513199e-01   -3.5791330e-02
5.5111402e-01   -3.6230575e-02
5.6703597e-01   -3.6267206e-02
5.8288401e-01   -3.6704525e-02
5.9864002e-01   -3.8661528e-02
6.1429000e-01   -3.8989313e-02
6.2981701e-01   -3.8922574e-02
6.4520597e-01   -3.9553098e-02
6.6044199e-01   -4.0667195e-02
6.7550898e-01   -4.0343940e-02
6.9039297e-01   -4.1144770e-02
7.0507699e-01   -4.0567227e-02
7.1954900e-01   -4.0913854e-02
7.3379302e-01   -4.0909726e-02
7.4779499e-01   -4.1079666e-02
7.6154202e-01   -4.1178945e-02
7.7501899e-01   -4.0268663e-02
7.8821403e-01   -3.9091833e-02
8.0111301e-01   -3.9184704e-02
8.1370401e-01   -3.7830807e-02
8.2597297e-01   -3.6871411e-02
8.3791000e-01   -3.4872144e-02
8.4950101e-01   -3.3574816e-02
8.6073500e-01   -3.2555949e-02
8.7160099e-01   -3.0840456e-02
8.8208801e-01   -2.8719494e-02
8.9218402e-01   -2.7505869e-02
9.0188003e-01   -2.5147682e-02
9.1116500e-01   -2.4073338e-02
9.2003101e-01   -2.2539634e-02
9.2846799e-01   -2.0606173e-02
9.3646699e-01   -1.8568281e-02
9.4401902e-01   -1.6981175e-02
9.5111603e-01   -1.5104905e-02
9.5775098e-01   -1.3896637e-02
9.6392000e-01   -1.2815032e-02
9.6961600e-01   -1.1209110e-02
9.7483599e-01   -9.1247270e-03
9.7957498e-01   -8.3395839e-03
9.8383099e-01   -7.0931329e-03
9.8759800e-01   -5.7572159e-03
9.9087399e-01   -4.7259857e-03
9.9365300e-01   -4.1162902e-03
9.9593401e-01   -3.4963628e-03
9.9771100e-01   -2.7303987e-03
9.9898201e-01   -2.4481514e-03
9.9974501e-01   -1.8132093e-03
1.0000000e+00   -2.0692158e-03
