1.0000000e+00   -1.3365702e-06
9.9974501e-01   3.5819988e-04
9.9898201e-01   1.3208013e-03
9.9771100e-01   2.8589384e-03
9.9593300e-01   4.6873246e-03
9.9365300e-01   7.0757666e-03
9.9087399e-01   9.9535184e-03
9.8759800e-01   1.3263729e-02
9.8382998e-01   1.6965147e-02
9.7957498e-01   2.1081489e-02
9.7483599e-01   2.5714677e-02
9.6961600e-01   3.0503184e-02
9.6392000e-01   3.5646897e-02
9.5775098e-01   4.1056249e-02
9.5111603e-01   4.6930585e-02
9.4401902e-01   5.3068377e-02
9.3646699e-01   5.9626862e-02
9.2846799e-01   6.6572353e-02
9.2003101e-01   7.3631927e-02
9.1116500e-01   8.1028938e-02
9.0187901e-01   8.8762946e-02
8.9218301e-01   9.6527137e-02
8.8208699e-01   1.0459717e-01
8.7160099e-01   1.1308838e-01
8.6073500e-01   1.2183160e-01
8.4950101e-01   1.3071708e-01
8.3791000e-01   1.3998134e-01
8.2597399e-01   1.4932233e-01
8.1370401e-01   1.5891893e-01
8.0111301e-01   1.6852725e-01
7.8821403e-01   1.7820005e-01
7.7501899e-01   1.8801007e-01
7.6154101e-01   1.9772428e-01
7.4779499e-01   2.0752765e-01
7.3379201e-01   2.1708496e-01
7.1954799e-01   2.2697648e-01
7.0507699e-01   2.3650378e-01
6.9039202e-01   2.4598582e-01
6.7550898e-01   2.5548631e-01
6.6044199e-01   2.6485413e-01
6.4520597e-01   2.7408969e-01
6.2981701e-01   2.8319365e-01
6.1429000e-01   2.9196468e-01
5.9864002e-01   3.0049545e-01
5.8288401e-01   3.0892056e-01
5.6703597e-01   3.1659439e-01
5.5111301e-01   3.2400313e-01
5.3513098e-01   3.3106285e-01
5.1910597e-01   3.3783683e-01
5.0305402e-01   3.4401658e-01
4.8699099e-01   3.4979832e-01
4.7093400e-01   3.5488480e-01
4.5489800e-01   3.5939476e-01
4.3889999e-01   3.6337948e-01
4.2295599e-01   3.6661664e-01
4.0708300e-01   3.6919874e-01
3.9129499e-01   3.7107229e-01
3.7560999e-01   3.7242034e-01
3.6004400e-01   3.7296772e-01
3.4461200e-01   3.7319329e-01
3.2933000e-01   3.7259349e-01
3.1421301e-01   3.7101200e-01
2.9927900e-01   3.6884424e-01
2.8454101e-01   3.6615959e-01
2.7001500e-01   3.6266571e-01
2.5571701e-01   3.5852087e-01
2.4166100e-01   3.5360774e-01
2.2786200e-01   3.4831336e-01
2.1433599e-01   3.4198931e-01
2.0109500e-01   3.3467591e-01
1.8815500e-01   3.2672742e-01
1.7553000e-01   3.1802022e-01
1.6323400e-01   3.0877349e-01
1.5128000e-01   2.9875582e-01
1.3968100e-01   2.8816962e-01
1.2845200e-01   2.7708369e-01
1.1760600e-01   2.6533148e-01
1.0715500e-01   2.5288403e-01
9.7112998e-02   2.4048418e-01
8.7493002e-02   2.2742563e-01
7.8305997e-02   2.1384679e-01
6.9565997e-02   1.9991101e-01
6.1285000e-02   1.8578924e-01
5.3474002e-02   1.7132273e-01
4.6149999e-02   1.5687458e-01
3.9326001e-02   1.4226276e-01
3.3013999e-02   1.2774885e-01
2.7230000e-02   1.1334206e-01
2.1980001e-02   9.9063031e-02
1.7277000e-02   8.5169882e-02
1.3141000e-02   7.1397983e-02
9.5729996e-03   5.8115177e-02
6.5830001e-03   4.5581061e-02
4.1880002e-03   3.4227975e-02
2.3540000e-03   2.4072861e-02
1.0810000e-03   1.5671413e-02
3.7100000e-04   8.8086547e-03
7.6999997e-05   3.9579179e-03
4.9999999e-06   9.7624509e-04
0.0000000e+00   1.3148207e-06
4.9999999e-06   -9.0964953e-04
7.6999997e-05   -3.8269584e-03
3.7100000e-04   -8.2607474e-03
1.0810000e-03   -1.4357509e-02
2.3530000e-03   -2.1475568e-02
4.1880002e-03   -2.9367644e-02
6.5850001e-03   -3.6734134e-02
9.5760003e-03   -4.3446213e-02
1.3145000e-02   -4.9267825e-02
1.7281000e-02   -5.4010656e-02
2.1983000e-02   -5.7818230e-02
2.7232001e-02   -6.1393231e-02
3.3016000e-02   -6.4355157e-02
3.9328001e-02   -6.6743493e-02
4.6151999e-02   -6.9112614e-02
5.3475998e-02   -7.0833981e-02
6.1287001e-02   -7.2121695e-02
6.9568001e-02   -7.3065676e-02
7.8308001e-02   -7.3753305e-02
8.7494999e-02   -7.4170560e-02
9.7115003e-02   -7.4124180e-02
1.0715700e-01   -7.4121438e-02
1.1760800e-01   -7.3724613e-02
1.2845400e-01   -7.3297448e-02
1.3968299e-01   -7.2496638e-02
1.5128200e-01   -7.1413703e-02
1.6323499e-01   -7.0193671e-02
1.7553200e-01   -6.8926930e-02
1.8815701e-01   -6.7482308e-02
2.0109700e-01   -6.5838791e-02
2.1433701e-01   -6.3982151e-02
2.2786400e-01   -6.2597930e-02
2.4166299e-01   -6.0935345e-02
2.5571901e-01   -5.8854450e-02
2.7001700e-01   -5.7159171e-02
2.8454199e-01   -5.4951124e-02
2.9927999e-01   -5.2747972e-02
3.1421500e-01   -5.0609693e-02
3.2933101e-01   -4.8519071e-02
3.4461299e-01   -4.6227019e-02
3.6004499e-01   -4.3848712e-02
3.7561101e-01   -4.1582335e-02
3.9129600e-01   -3.9350249e-02
4.0708300e-01   -3.7136603e-02
4.2295700e-01   -3.5014272e-02
4.3890101e-01   -3.3265010e-02
4.5489901e-01   -3.1284146e-02
4.7093499e-01   -2.9271511e-02
4.8699200e-01   -2.7519954e-02
5.0305498e-01   -2.5797661e-02
5.1910698e-01   -2.4190646e-02
5.3513199e-01   -2.2922996e-02
5.5111402e-01   -2.1326251e-02
5.6703597e-01   -2.0017561e-02
5.8288401e-01   -1.8283941e-02
5.9864002e-01   -1.6862240e-02
6.1429000e-01   -1.5436831e-02
6.2981701e-01   -1.4234141e-02
6.4520597e-01   -1.2811004e-02
6.6044199e-01   -1.1799354e-02
6.7550898e-01   -1.0568155e-02
6.9039297e-01   -9.4826249e-03
7.0507699e-01   -8.3054220e-03
7.1954900e-01   -7.4691130e-03
7.3379302e-01   -6.5943724e-03
7.4779499e-01   -5.8195530e-03
7.6154202e-01   -5.1244535e-03
7.7501899e-01   -4.6986779e-03
7.8821403e-01   -4.3543489e-03
8.0111301e-01   -3.8378572e-03
8.1370401e-01   -3.2493321e-03
8.2597297e-01   -2.9386198e-03
8.3791000e-01   -2.2529047e-03
8.4950101e-01   -1.9076760e-03
8.6073500e-01   -1.6102553e-03
8.7160099e-01   -1.5536180e-03
8.8208801e-01   -1.3194672e-03
8.9218402e-01   -1.2352312e-03
9.0188003e-01   -1.2629789e-03
9.1116500e-01   -1.1308226e-03
9.2003101e-01   -1.1497256e-03
9.2846799e-01   -1.2467999e-03
9.3646699e-01   -1.1235573e-03
9.4401902e-01   -1.1395407e-03
9.5111603e-01   -1.0722927e-03
9.5775098e-01   -1.1495887e-03
9.6392000e-01   -1.1280002e-03
9.6961600e-01   -1.1354107e-03
9.7483599e-01   -1.0166472e-03
9.7957498e-01   -9.1118598e-04
9.8383099e-01   -8.5469126e-04
9.8759800e-01   -7.1262626e-04
9.9087399e-01   -4.6054492e-04
9.9365300e-01   -3.4417276e-04
9.9593401e-01   -2.5041250e-04
9.9771100e-01   -8.7078981e-05
9.9898201e-01   3.5074161e-05
9.9974501e-01   -7.1172137e-05
1.0000000e+00   1.8678626e-05
