1.0000000e+00   3.0806116e-03
9.9974501e-01   3.1934055e-03
9.9898201e-01   3.7350766e-03
9.9771100e-01   4.8534935e-03
9.9593300e-01   6.0060001e-03
9.9365300e-01   7.3477901e-03
9.9087399e-01   9.3303313e-03
9.8759800e-01   1.1474962e-02
9.8382998e-01   1.3763241e-02
9.7957498e-01   1.7054155e-02
9.7483599e-01   2.0144833e-02
9.6961600e-01   2.3875570e-02
9.6392000e-01   2.7536660e-02
9.5775098e-01   3.1472843e-02
9.5111603e-01   3.6038943e-02
9.4401902e-01   4.0540706e-02
9.3646699e-01   4.5142911e-02
9.2846799e-01   5.0102040e-02
9.2003101e-01   5.5540022e-02
9.1116500e-01   6.0804561e-02
9.0187901e-01   6.6597998e-02
8.9218301e-01   7.2477743e-02
8.8208699e-01   7.8359351e-02
8.7160099e-01   8.5131824e-02
8.6073500e-01   9.1561280e-02
8.4950101e-01   9.7858533e-02
8.3791000e-01   1.0499340e-01
8.2597399e-01   1.1237355e-01
8.1370401e-01   1.1952069e-01
8.0111301e-01   1.2649456e-01
7.8821403e-01   1.3438979e-01
7.7501899e-01   1.4167151e-01
7.6154101e-01   1.5006801e-01
7.4779499e-01   1.5732698e-01
7.3379201e-01   1.6500597e-01
7.1954799e-01   1.7324503e-01
7.0507699e-01   1.8100028e-01
6.9039202e-01   1.8894701e-01
6.7550898e-01   1.9649318e-01
6.6044199e-01   2.0427415e-01
6.4520597e-01   2.1189426e-01
6.2981701e-01   2.1916454e-01
6.1429000e-01   2.2645323e-01
5.9864002e-01   2.3335277e-01
5.8288401e-01   2.3999378e-01
5.6703597e-01   2.4639723e-01
5.5111301e-01   2.5255957e-01
5.3513098e-01   2.5829726e-01
5.1910597e-01   2.6358998e-01
5.0305402e-01   2.6804167e-01
4.8699099e-01   2.7278215e-01
4.7093400e-01   2.7645525e-01
4.5489800e-01   2.8001627e-01
4.3889999e-01   2.8360423e-01
4.2295599e-01   2.8572202e-01
4.0708300e-01   2.8810930e-01
3.9129499e-01   2.8897113e-01
3.7560999e-01   2.8956938e-01
3.6004400e-01   2.9027557e-01
3.4461200e-01   2.8995162e-01
3.2933000e-01   2.8904521e-01
3.1421301e-01   2.8715008e-01
2.9927900e-01   2.8552994e-01
2.8454101e-01   2.8224376e-01
2.7001500e-01   2.7933156e-01
2.5571701e-01   2.7510285e-01
2.4166100e-01   2.7117974e-01
2.2786200e-01   2.6621264e-01
2.1433599e-01   2.6088986e-01
2.0109500e-01   2.5519714e-01
1.8815500e-01   2.4862400e-01
1.7553000e-01   2.4174260e-01
1.6323400e-01   2.3452964e-01
1.5128000e-01   2.2669682e-01
1.3968100e-01   2.1828865e-01
1.2845200e-01   2.0933890e-01
1.1760600e-01   2.0028716e-01
1.0715500e-01   1.9082500e-01
9.7112998e-02   1.8120295e-01
8.7493002e-02   1.7066576e-01
7.8305997e-02   1.6034222e-01
6.9565997e-02   1.4954859e-01
6.1285000e-02   1.3896330e-01
5.3474002e-02   1.2791659e-01
4.6149999e-02   1.1706394e-01
3.9326001e-02   1.0554405e-01
3.3013999e-02   9.4738349e-02
2.7230000e-02   8.3864316e-02
2.1980001e-02   7.3306970e-02
1.7277000e-02   6.2725581e-02
1.3141000e-02   5.2834362e-02
9.5729996e-03   4.2864747e-02
6.5830001e-03   3.3861592e-02
4.1880002e-03   2.5631322e-02
2.3540000e-03   1.8192677e-02
1.0810000e-03   1.1763538e-02
3.7100000e-04   6.6247350e-03
7.6999997e-05   2.8922898e-03
4.9999999e-06   6.5273407e-04
0.0000000e+00   -1.9649431e-04
4.9999999e-06   -8.5511501e-04
7.6999997e-05   -3.1002376e-03
3.7100000e-04   -6.7397938e-03
1.0810000e-03   -1.1395602e-02
2.3530000e-03   -1.7020047e-02
4.1880002e-03   -2.2955133e-02
6.5850001e-03   -2.9386684e-02
9.5760003e-03   -3.5442594e-02
1.3145000e-02   -4.1224774e-02
1.7281000e-02   -4.7038596e-02
2.1983000e-02   -5.2063443e-02
2.7232001e-02   -5.6820422e-02
3.3016000e-02   -6.1359048e-02
3.9328001e-02   -6.5760911e-02
4.6151999e-02   -6.9739915e-02
5.3475998e-02   -7.3708929e-02
6.1287001e-02   -7.7418797e-02
6.9568001e-02   -8.0794349e-02
7.8308001e-02   -8.4066331e-02
8.7494999e-02   -8.6956568e-02
9.7115003e-02   -8.9783058e-02
1.0715700e-01   -9.2397295e-02
1.1760800e-01   -9.4850875e-02
1.2845400e-01   -9.6944921e-02
1.3968299e-01   -9.9106483e-02
1.5128200e-01   -1.0102234e-01
1.6323499e-01   -1.0229430e-01
1.7553200e-01   -1.0325295e-01
1.8815701e-01   -1.0476445e-01
2.0109700e-01   -1.0618645e-01
2.1433701e-01   -1.0665935e-01
2.2786400e-01   -1.0743477e-01
2.4166299e-01   -1.0773224e-01
2.5571901e-01   -1.0833751e-01
2.7001700e-01   -1.0840024e-01
2.8454199e-01   -1.0837473e-01
2.9927999e-01   -1.0837571e-01
3.1421500e-01   -1.0821737e-01
3.2933101e-01   -1.0722897e-01
3.4461299e-01   -1.0658175e-01
3.6004499e-01   -1.0568532e-01
3.7561101e-01   -1.0441523e-01
3.9129600e-01   -1.0335711e-01
4.0708300e-01   -1.0187020e-01
4.2295700e-01   -1.0028191e-01
4.3890101e-01   -9.8509945e-02
4.5489901e-01   -9.6812934e-02
4.7093499e-01   -9.4629362e-02
4.8699200e-01   -9.2252217e-02
5.0305498e-01   -8.9784838e-02
5.1910698e-01   -8.6999118e-02
5.3513199e-01   -8.4600270e-02
5.5111402e-01   -8.1454396e-02
5.6703597e-01   -7.8868531e-02
5.8288401e-01   -7.5736962e-02
5.9864002e-01   -7.2242253e-02
6.1429000e-01   -6.9429867e-02
6.2981701e-01   -6.6603012e-02
6.4520597e-01   -6.3366808e-02
6.6044199e-01   -5.9821155e-02
6.7550898e-01   -5.7271138e-02
6.9039297e-01   -5.3483054e-02
7.0507699e-01   -5.0737396e-02
7.1954900e-01   -4.7389362e-02
7.3379302e-01   -4.4613410e-02
7.4779499e-01   -4.1265607e-02
7.6154202e-01   -3.8239378e-02
7.7501899e-01   -3.5350651e-02
7.8821403e-01   -3.2155305e-02
8.0111301e-01   -2.9577948e-02
8.1370401e-01   -2.7160075e-02
8.2597297e-01   -2.4484914e-02
8.3791000e-01   -2.2053480e-02
8.4950101e-01   -1.9784080e-02
8.6073500e-01   -1.7604332e-02
8.7160099e-01   -1.5442127e-02
8.8208801e-01   -1.3830543e-02
8.9218402e-01   -1.2403828e-02
9.0188003e-01   -1.0963187e-02
9.1116500e-01   -9.3156705e-03
9.2003101e-01   -7.6017911e-03
9.2846799e-01   -6.8996940e-03
9.3646699e-01   -5.9364536e-03
9.4401902e-01   -5.1464736e-03
9.5111603e-01   -4.4597937e-03
9.5775098e-01   -3.3323183e-03
9.6392000e-01   -3.0579611e-03
9.6961600e-01   -2.3650953e-03
9.7483599e-01   -2.0698919e-03
9.7957498e-01   -1.7262526e-03
9.8383099e-01   -1.1471777e-03
9.8759800e-01   -1.0514789e-03
9.9087399e-01   -7.8227505e-04
9.9365300e-01   -7.4898999e-04
9.9593401e-01   -4.9908779e-04
9.9771100e-01   -4.7254501e-04
9.9898201e-01   -3.7999984e-04
9.9974501e-01   -4.5535198e-04
1.0000000e+00   -3.4242263e-04
