1.0000000e+00   6.3614352e-03
9.9974501e-01   6.5735807e-03
9.9898201e-01   7.2055422e-03
9.9771100e-01   8.2497513e-03
9.9593300e-01   9.7009679e-03
9.9365300e-01   1.1563902e-02
9.9087399e-01   1.3846248e-02
9.8759800e-01   1.6509723e-02
9.8382998e-01   1.9529974e-02
9.7957498e-01   2.2886975e-02
9.7483599e-01   2.6548862e-02
9.6961600e-01   3.0502973e-02
9.6392000e-01   3.4771107e-02
9.5775098e-01   3.9359726e-02
9.5111603e-01   4.4242434e-02
9.4401902e-01   4.9371492e-02
9.3646699e-01   5.4725580e-02
9.2846799e-01   6.0295820e-02
9.2003101e-01   6.6051722e-02
9.1116500e-01   7.1949728e-02
9.0187901e-01   7.8009747e-02
8.9218301e-01   8.4232919e-02
8.8208699e-01   9.0557270e-02
8.7160099e-01   9.6939899e-02
8.6073500e-01   1.0336503e-01
8.4950101e-01   1.0982501e-01
8.3791000e-01   1.1632111e-01
8.2597399e-01   1.2283042e-01
8.1370401e-01   1.2932862e-01
8.0111301e-01   1.3581005e-01
7.8821403e-01   1.4225464e-01
7.7501899e-01   1.4865234e-01
7.6154101e-01   1.5498382e-01
7.4779499e-01   1.6119914e-01
7.3379201e-01   1.6726628e-01
7.1954799e-01   1.7317149e-01
7.0507699e-01   1.7890342e-01
6.9039202e-01   1.8455429e-01
6.7550898e-01   1.9007874e-01
6.6044199e-01   1.9545397e-01
6.4520597e-01   2.0064247e-01
6.2981701e-01   2.0559958e-01
6.1429000e-01   2.1030946e-01
5.9864002e-01   2.1474726e-01
5.8288401e-01   2.1890274e-01
5.6703597e-01   2.2274314e-01
5.5111301e-01   2.2626615e-01
5.3513098e-01   2.2950301e-01
5.1910597e-01   2.3246385e-01
5.0305402e-01   2.3513845e-01
4.8699099e-01   2.3753124e-01
4.7093400e-01   2.3964356e-01
4.5489800e-01   2.4143828e-01
4.3889999e-01   2.4285771e-01
4.2295599e-01   2.4389055e-01
4.0708300e-01   2.4454772e-01
3.9129499e-01   2.4482997e-01
3.7560999e-01   2.4470930e-01
3.6004400e-01   2.4420786e-01
3.4461200e-01   2.4332623e-01
3.2933000e-01   2.4207342e-01
3.1421301e-01   2.4047267e-01
2.9927900e-01   2.3856929e-01
2.8454101e-01   2.3642990e-01
2.7001500e-01   2.3400688e-01
2.5571701e-01   2.3122944e-01
2.4166100e-01   2.2813453e-01
2.2786200e-01   2.2472274e-01
2.1433599e-01   2.2091539e-01
2.0109500e-01   2.1677840e-01
1.8815500e-01   2.1231215e-01
1.7553000e-01   2.0746683e-01
1.6323400e-01   2.0228107e-01
1.5128000e-01   1.9675334e-01
1.3968100e-01   1.9087079e-01
1.2845200e-01   1.8464254e-01
1.1760600e-01   1.7806715e-01
1.0715500e-01   1.7118058e-01
9.7112998e-02   1.6397463e-01
8.7493002e-02   1.5640397e-01
7.8305997e-02   1.4847325e-01
6.9565997e-02   1.4017718e-01
6.1285000e-02   1.3144667e-01
5.3474002e-02   1.2229605e-01
4.6149999e-02   1.1288083e-01
3.9326001e-02   1.0332582e-01
3.3013999e-02   9.3752399e-02
2.7230000e-02   8.4410109e-02
2.1980001e-02   7.5400621e-02
1.7277000e-02   6.6269457e-02
1.3141000e-02   5.6923144e-02
9.5729996e-03   4.7625750e-02
6.5830001e-03   3.8619027e-02
4.1880002e-03   3.0028183e-02
2.3540000e-03   2.2043308e-02
1.0810000e-03   1.4857911e-02
3.7100000e-04   8.8024810e-03
7.6999997e-05   4.2168093e-03
4.9999999e-06   1.3668458e-03
0.0000000e+00   4.0212550e-04
4.9999999e-06   -5.4374820e-04
7.6999997e-05   -3.2837919e-03
3.7100000e-04   -7.4674017e-03
1.0810000e-03   -1.2442760e-02
2.3530000e-03   -1.7422028e-02
4.1880002e-03   -2.1753302e-02
6.5850001e-03   -2.5127124e-02
9.5760003e-03   -2.7943173e-02
1.3145000e-02   -3.0591290e-02
1.7281000e-02   -3.2406058e-02
2.1983000e-02   -3.3430245e-02
2.7232001e-02   -3.3776917e-02
3.3016000e-02   -3.3446424e-02
3.9328001e-02   -3.2524422e-02
4.6151999e-02   -3.1052871e-02
5.3475998e-02   -2.9030629e-02
6.1287001e-02   -2.6436018e-02
6.9568001e-02   -2.3292478e-02
7.8308001e-02   -1.9682257e-02
8.7494999e-02   -1.5647527e-02
9.7115003e-02   -1.1173417e-02
1.0715700e-01   -6.3085388e-03
1.1760800e-01   -1.0795626e-03
1.2845400e-01   4.4956501e-03
1.3968299e-01   1.0411836e-02
1.5128200e-01   1.6693523e-02
1.6323499e-01   2.3286354e-02
1.7553200e-01   3.0113457e-02
1.8815701e-01   3.7135560e-02
2.0109700e-01   4.4299200e-02
2.1433701e-01   5.1504791e-02
2.2786400e-01   5.8694966e-02
2.4166299e-01   6.5783747e-02
2.5571901e-01   7.2702356e-02
2.7001700e-01   7.9404600e-02
2.8454199e-01   8.5866548e-02
2.9927999e-01   9.2064694e-02
3.1421500e-01   9.7966902e-02
3.2933101e-01   1.0354076e-01
3.4461299e-01   1.0876492e-01
3.6004499e-01   1.1362240e-01
3.7561101e-01   1.1810133e-01
3.9129600e-01   1.2217254e-01
4.0708300e-01   1.2580676e-01
4.2295700e-01   1.2901841e-01
4.3890101e-01   1.3182412e-01
4.5489901e-01   1.3422987e-01
4.7093499e-01   1.3624948e-01
4.8699200e-01   1.3790435e-01
5.0305498e-01   1.3919921e-01
5.1910698e-01   1.4014542e-01
5.3513199e-01   1.4072247e-01
5.5111402e-01   1.4094423e-01
5.6703597e-01   1.4081471e-01
5.8288401e-01   1.4030582e-01
5.9864002e-01   1.3940006e-01
6.1429000e-01   1.3812515e-01
6.2981701e-01   1.3651341e-01
6.4520597e-01   1.3455857e-01
6.6044199e-01   1.3228796e-01
6.7550898e-01   1.2973168e-01
6.9039297e-01   1.2690470e-01
7.0507699e-01   1.2384140e-01
7.1954900e-01   1.2056335e-01
7.3379302e-01   1.1705940e-01
7.4779499e-01   1.1331177e-01
7.6154202e-01   1.0935465e-01
7.7501899e-01   1.0519700e-01
7.8821403e-01   1.0086548e-01
8.0111301e-01   9.6370518e-02
8.1370401e-01   9.1744855e-02
8.2597297e-01   8.7028638e-02
8.3791000e-01   8.2243390e-02
8.4950101e-01   7.7415407e-02
8.6073500e-01   7.2575040e-02
8.7160099e-01   6.7745142e-02
8.8208801e-01   6.2940262e-02
8.9218402e-01   5.8178507e-02
9.0188003e-01   5.3473536e-02
9.1116500e-01   4.8833303e-02
9.2003101e-01   4.4301536e-02
9.2846799e-01   3.9915461e-02
9.3646699e-01   3.5682172e-02
9.4401902e-01   3.1598400e-02
9.5111603e-01   2.7671754e-02
9.5775098e-01   2.3937007e-02
9.6392000e-01   2.0456266e-02
9.6961600e-01   1.7289143e-02
9.7483599e-01   1.4453921e-02
9.7957498e-01   1.1906687e-02
9.8383099e-01   9.6117100e-03
9.8759800e-01   7.6014074e-03
9.9087399e-01   5.8813402e-03
9.9365300e-01   4.4223582e-03
9.9593401e-01   3.2093425e-03
9.9771100e-01   2.2366066e-03
9.9898201e-01   1.5075419e-03
9.9974501e-01   1.0568403e-03
1.0000000e+00   9.0422085e-04
