1.0000000e+00   -1.5068086e-05
9.9974501e-01   4.7718748e-04
9.9898201e-01   1.6530635e-03
9.9771100e-01   3.4194202e-03
9.9593300e-01   5.9867515e-03
9.9365300e-01   9.1820294e-03
9.9087399e-01   1.2867324e-02
9.8759800e-01   1.7251717e-02
9.8382998e-01   2.2277122e-02
9.7957498e-01   2.7833037e-02
9.7483599e-01   3.3924550e-02
9.6961600e-01   4.0470157e-02
9.6392000e-01   4.7594447e-02
9.5775098e-01   5.5026934e-02
9.5111603e-01   6.3091293e-02
9.4401902e-01   7.1490906e-02
9.3646699e-01   8.0478117e-02
9.2846799e-01   9.0186991e-02
9.2003101e-01   1.0009646e-01
9.1116500e-01   1.1043590e-01
9.0187901e-01   1.2140334e-01
8.9218301e-01   1.3236292e-01
8.8208699e-01   1.4373092e-01
8.7160099e-01   1.5562324e-01
8.6073500e-01   1.6787140e-01
8.4950101e-01   1.8033989e-01
8.3791000e-01   1.9317341e-01
8.2597399e-01   2.0613688e-01
8.1370401e-01   2.1953923e-01
8.0111301e-01   2.3300031e-01
7.8821403e-01   2.4655423e-01
7.7501899e-01   2.6041248e-01
7.6154101e-01   2.7434909e-01
7.4779499e-01   2.8829870e-01
7.3379201e-01   3.0210108e-01
7.1954799e-01   3.1625581e-01
7.0507699e-01   3.3012438e-01
6.9039202e-01   3.4401420e-01
6.7550898e-01   3.5800192e-01
6.6044199e-01   3.7174839e-01
6.4520597e-01   3.8497135e-01
6.2981701e-01   3.9790806e-01
6.1429000e-01   4.1037536e-01
5.9864002e-01   4.2266011e-01
5.8288401e-01   4.3449354e-01
5.6703597e-01   4.4543412e-01
5.5111301e-01   4.5593065e-01
5.3513098e-01   4.6586049e-01
5.1910597e-01   4.7529301e-01
5.0305402e-01   4.8389944e-01
4.8699099e-01   4.9178046e-01
4.7093400e-01   4.9882591e-01
4.5489800e-01   5.0482202e-01
4.3889999e-01   5.0975120e-01
4.2295599e-01   5.1388860e-01
4.0708300e-01   5.1692969e-01
3.9129499e-01   5.1894581e-01
3.7560999e-01   5.2037340e-01
3.6004400e-01   5.2030295e-01
3.4461200e-01   5.1962870e-01
3.2933000e-01   5.1792908e-01
3.1421301e-01   5.1491445e-01
2.9927900e-01   5.1087803e-01
2.8454101e-01   5.0602788e-01
2.7001500e-01   4.9959666e-01
2.5571701e-01   4.9240088e-01
2.4166100e-01   4.8425296e-01
2.2786200e-01   4.7536588e-01
2.1433599e-01   4.6519408e-01
2.0109500e-01   4.5354304e-01
1.8815500e-01   4.4124481e-01
1.7553000e-01   4.2766225e-01
1.6323400e-01   4.1309804e-01
1.5128000e-01   3.9745331e-01
1.3968100e-01   3.8101396e-01
1.2845200e-01   3.6389929e-01
1.1760600e-01   3.4613717e-01
1.0715500e-01   3.2751039e-01
9.7112998e-02   3.0908075e-01
8.7493002e-02   2.8969136e-01
7.8305997e-02   2.7001059e-01
6.9565997e-02   2.4985859e-01
6.1285000e-02   2.2985442e-01
5.3474002e-02   2.0981023e-01
4.6149999e-02   1.8993464e-01
3.9326001e-02   1.7025582e-01
3.3013999e-02   1.5098098e-01
2.7230000e-02   1.3218924e-01
2.1980001e-02   1.1376103e-01
1.7277000e-02   9.6296661e-02
1.3141000e-02   7.9477869e-02
9.5729996e-03   6.3614495e-02
6.5830001e-03   4.9125563e-02
4.1880002e-03   3.6370717e-02
2.3540000e-03   2.5368830e-02
1.0810000e-03   1.6351650e-02
3.7100000e-04   9.1104563e-03
7.6999997e-05   4.0833303e-03
4.9999999e-06   1.0010311e-03
0.0000000e+00   7.3889169e-06
4.9999999e-06   -9.1694505e-04
7.6999997e-05   -3.9461870e-03
3.7100000e-04   -8.5568344e-03
1.0810000e-03   -1.5211771e-02
2.3530000e-03   -2.3462385e-02
4.1880002e-03   -3.3392712e-02
6.5850001e-03   -4.3886993e-02
9.5760003e-03   -5.4991383e-02
1.3145000e-02   -6.6282496e-02
1.7281000e-02   -7.7190012e-02
2.1983000e-02   -8.7250739e-02
2.7232001e-02   -9.6883461e-02
3.3016000e-02   -1.0572254e-01
3.9328001e-02   -1.1397508e-01
4.6151999e-02   -1.2232661e-01
5.3475998e-02   -1.2982801e-01
6.1287001e-02   -1.3653059e-01
6.9568001e-02   -1.4300130e-01
7.8308001e-02   -1.4868644e-01
8.7494999e-02   -1.5405259e-01
9.7115003e-02   -1.5865010e-01
1.0715700e-01   -1.6318785e-01
1.1760800e-01   -1.6701616e-01
1.2845400e-01   -1.7056186e-01
1.3968299e-01   -1.7328835e-01
1.5128200e-01   -1.7550468e-01
1.6323499e-01   -1.7740412e-01
1.7553200e-01   -1.7880960e-01
1.8815701e-01   -1.7989403e-01
2.0109700e-01   -1.8030024e-01
2.1433701e-01   -1.8036318e-01
2.2786400e-01   -1.8085273e-01
2.4166299e-01   -1.8079504e-01
2.5571901e-01   -1.7998020e-01
2.7001700e-01   -1.7954889e-01
2.8454199e-01   -1.7809738e-01
2.9927999e-01   -1.7678812e-01
3.1421500e-01   -1.7525040e-01
3.2933101e-01   -1.7394537e-01
3.4461299e-01   -1.7188126e-01
3.6004499e-01   -1.6923989e-01
3.7561101e-01   -1.6655323e-01
3.9129600e-01   -1.6354555e-01
4.0708300e-01   -1.6034889e-01
4.2295700e-01   -1.5687031e-01
4.3890101e-01   -1.5351382e-01
4.5489901e-01   -1.4968589e-01
4.7093499e-01   -1.4582813e-01
4.8699200e-01   -1.4174826e-01
5.0305498e-01   -1.3763919e-01
5.1910698e-01   -1.3330984e-01
5.3513199e-01   -1.2927151e-01
5.5111402e-01   -1.2443772e-01
5.6703597e-01   -1.2002243e-01
5.8288401e-01   -1.1475858e-01
5.9864002e-01   -1.0963783e-01
6.1429000e-01   -1.0443063e-01
6.2981701e-01   -9.9309832e-02
6.4520597e-01   -9.4295837e-02
6.6044199e-01   -8.9498520e-02
6.7550898e-01   -8.4734686e-02
6.9039297e-01   -8.0048896e-02
7.0507699e-01   -7.5096570e-02
7.1954900e-01   -7.0854671e-02
7.3379302e-01   -6.6355981e-02
7.4779499e-01   -6.2135514e-02
7.6154202e-01   -5.7807975e-02
7.7501899e-01   -5.3924479e-02
7.8821403e-01   -5.0233394e-02
8.0111301e-01   -4.6288799e-02
8.1370401e-01   -4.2713389e-02
8.2597297e-01   -3.9365288e-02
8.3791000e-01   -3.5258994e-02
8.4950101e-01   -3.1849895e-02
8.6073500e-01   -2.8583683e-02
8.7160099e-01   -2.5870012e-02
8.8208801e-01   -2.3141203e-02
8.9218402e-01   -2.0698966e-02
9.0188003e-01   -1.8447973e-02
9.1116500e-01   -1.6196929e-02
9.2003101e-01   -1.4218614e-02
9.2846799e-01   -1.2364500e-02
9.3646699e-01   -1.0637081e-02
9.4401902e-01   -9.1130342e-03
9.5111603e-01   -7.6953210e-03
9.5775098e-01   -6.7159678e-03
9.6392000e-01   -5.6719957e-03
9.6961600e-01   -4.9419878e-03
9.7483599e-01   -4.0362966e-03
9.7957498e-01   -3.2607913e-03
9.8383099e-01   -2.6079782e-03
9.8759800e-01   -2.0822911e-03
9.9087399e-01   -1.6600782e-03
9.9365300e-01   -1.3635446e-03
9.9593401e-01   -9.0463297e-04
9.9771100e-01   -4.4646618e-04
9.9898201e-01   -8.5033993e-05
9.9974501e-01   -1.2046750e-04
1.0000000e+00   3.6394958e-05
