1.0000000e+00   -2.9286761e-03
9.9974501e-01   -2.6121410e-03
9.9898201e-01   -1.6723111e-03
9.9771100e-01   -1.7097034e-04
9.9593300e-01   1.8202214e-03
9.9365300e-01   4.3470007e-03
9.9087399e-01   7.4689565e-03
9.8759800e-01   1.1129855e-02
9.8382998e-01   1.5288179e-02
9.7957498e-01   1.9908831e-02
9.7483599e-01   2.4921246e-02
9.6961600e-01   3.0253002e-02
9.6392000e-01   3.5884742e-02
9.5775098e-01   4.1818932e-02
9.5111603e-01   4.8035283e-02
9.4401902e-01   5.4462086e-02
9.3646699e-01   6.1057180e-02
9.2846799e-01   6.7818537e-02
9.2003101e-01   7.4737407e-02
9.1116500e-01   8.1767805e-02
9.0187901e-01   8.8933229e-02
8.9218301e-01   9.6257158e-02
8.8208699e-01   1.0368358e-01
8.7160099e-01   1.1117634e-01
8.6073500e-01   1.1870664e-01
8.4950101e-01   1.2623842e-01
8.3791000e-01   1.3374117e-01
8.2597399e-01   1.4123468e-01
8.1370401e-01   1.4864591e-01
8.0111301e-01   1.5596004e-01
7.8821403e-01   1.6315573e-01
7.7501899e-01   1.7021948e-01
7.6154101e-01   1.7712358e-01
7.4779499e-01   1.8379827e-01
7.3379201e-01   1.9021319e-01
7.1954799e-01   1.9637366e-01
7.0507699e-01   2.0227475e-01
6.9039202e-01   2.0786069e-01
6.7550898e-01   2.1313675e-01
6.6044199e-01   2.1807778e-01
6.4520597e-01   2.2267359e-01
6.2981701e-01   2.2687501e-01
6.1429000e-01   2.3071927e-01
5.9864002e-01   2.3423065e-01
5.8288401e-01   2.3738545e-01
5.6703597e-01   2.4014056e-01
5.5111301e-01   2.4251415e-01
5.3513098e-01   2.4450065e-01
5.1910597e-01   2.4608062e-01
5.0305402e-01   2.4725960e-01
4.8699099e-01   2.4802552e-01
4.7093400e-01   2.4848790e-01
4.5489800e-01   2.4862923e-01
4.3889999e-01   2.4846034e-01
4.2295599e-01   2.4796678e-01
4.0708300e-01   2.4715839e-01
3.9129499e-01   2.4605548e-01
3.7560999e-01   2.4469753e-01
3.6004400e-01   2.4304710e-01
3.4461200e-01   2.4120960e-01
3.2933000e-01   2.3914906e-01
3.1421301e-01   2.3686558e-01
2.9927900e-01   2.3435977e-01
2.8454101e-01   2.3165105e-01
2.7001500e-01   2.2875530e-01
2.5571701e-01   2.2562824e-01
2.4166100e-01   2.2226353e-01
2.2786200e-01   2.1870051e-01
2.1433599e-01   2.1486957e-01
2.0109500e-01   2.1083613e-01
1.8815500e-01   2.0662066e-01
1.7553000e-01   2.0222475e-01
1.6323400e-01   1.9760443e-01
1.5128000e-01   1.9275869e-01
1.3968100e-01   1.8767346e-01
1.2845200e-01   1.8232869e-01
1.1760600e-01   1.7663920e-01
1.0715500e-01   1.7061149e-01
9.7112998e-02   1.6433702e-01
8.7493002e-02   1.5781456e-01
7.8305997e-02   1.5095815e-01
6.9565997e-02   1.4370191e-01
6.1285000e-02   1.3596833e-01
5.3474002e-02   1.2775767e-01
4.6149999e-02   1.1908408e-01
3.9326001e-02   1.0999705e-01
3.3013999e-02   1.0065074e-01
2.7230000e-02   9.1258675e-02
2.1980001e-02   8.1866041e-02
1.7277000e-02   7.2057612e-02
1.3141000e-02   6.1837591e-02
9.5729996e-03   5.1504284e-02
6.5830001e-03   4.1399866e-02
4.1880002e-03   3.1801354e-02
2.3540000e-03   2.3036150e-02
1.0810000e-03   1.5378181e-02
3.7100000e-04   9.1007706e-03
7.6999997e-05   4.4386080e-03
4.9999999e-06   1.5670047e-03
0.0000000e+00   6.0050975e-04
4.9999999e-06   -3.5228205e-04
7.6999997e-05   -3.1619945e-03
3.7100000e-04   -7.6379883e-03
1.0810000e-03   -1.3431134e-02
2.3530000e-03   -2.0063490e-02
4.1880002e-03   -2.7133264e-02
6.5850001e-03   -3.4528174e-02
9.5760003e-03   -4.2490322e-02
1.3145000e-02   -5.1161423e-02
1.7281000e-02   -5.9671979e-02
2.1983000e-02   -6.7842074e-02
2.7232001e-02   -7.5613029e-02
3.3016000e-02   -8.2936317e-02
3.9328001e-02   -8.9934275e-02
4.6151999e-02   -9.6666820e-02
5.3475998e-02   -1.0312010e-01
6.1287001e-02   -1.0935540e-01
6.9568001e-02   -1.1552106e-01
7.8308001e-02   -1.2167027e-01
8.7494999e-02   -1.2764746e-01
9.7115003e-02   -1.3326988e-01
1.0715700e-01   -1.3853137e-01
1.1760800e-01   -1.4349203e-01
1.2845400e-01   -1.4813739e-01
1.3968299e-01   -1.5239836e-01
1.5128200e-01   -1.5634927e-01
1.6323499e-01   -1.5998036e-01
1.7553200e-01   -1.6326860e-01
1.8815701e-01   -1.6614662e-01
2.0109700e-01   -1.6868250e-01
2.1433701e-01   -1.7080854e-01
2.2786400e-01   -1.7251134e-01
2.4166299e-01   -1.7380866e-01
2.5571901e-01   -1.7474431e-01
2.7001700e-01   -1.7527074e-01
2.8454199e-01   -1.7537498e-01
2.9927999e-01   -1.7505838e-01
3.1421500e-01   -1.7433685e-01
3.2933101e-01   -1.7319052e-01
3.4461299e-01   -1.7160423e-01
3.6004499e-01   -1.6956916e-01
3.7561101e-01   -1.6707402e-01
3.9129600e-01   -1.6414988e-01
4.0708300e-01   -1.6078015e-01
4.2295700e-01   -1.5696287e-01
4.3890101e-01   -1.5271294e-01
4.5489901e-01   -1.4798883e-01
4.7093499e-01   -1.4282869e-01
4.8699200e-01   -1.3720316e-01
5.0305498e-01   -1.3114172e-01
5.1910698e-01   -1.2466409e-01
5.3513199e-01   -1.1779014e-01
5.5111402e-01   -1.1050951e-01
5.6703597e-01   -1.0281373e-01
5.8288401e-01   -9.4815567e-02
5.9864002e-01   -8.6526714e-02
6.1429000e-01   -7.7982351e-02
6.2981701e-01   -6.9233418e-02
6.4520597e-01   -6.0391717e-02
6.6044199e-01   -5.1520661e-02
6.7550898e-01   -4.2712577e-02
6.9039297e-01   -3.4116179e-02
7.0507699e-01   -2.5848329e-02
7.1954900e-01   -1.7987212e-02
7.3379302e-01   -1.0617536e-02
7.4779499e-01   -3.6533340e-03
7.6154202e-01   2.7302641e-03
7.7501899e-01   8.5609164e-03
7.8821403e-01   1.3807607e-02
8.0111301e-01   1.8475393e-02
8.1370401e-01   2.2561014e-02
8.2597297e-01   2.6066642e-02
8.3791000e-01   2.9000778e-02
8.4950101e-01   3.1362057e-02
8.6073500e-01   3.3083722e-02
8.7160099e-01   3.4190014e-02
8.8208801e-01   3.4708541e-02
8.9218402e-01   3.4655146e-02
9.0188003e-01   3.4016699e-02
9.1116500e-01   3.2858755e-02
9.2003101e-01   3.1188445e-02
9.2846799e-01   2.9087223e-02
9.3646699e-01   2.6616497e-02
9.4401902e-01   2.3830051e-02
9.5111603e-01   2.0792449e-02
9.5775098e-01   1.7564975e-02
9.6392000e-01   1.4245305e-02
9.6961600e-01   1.0928751e-02
9.7483599e-01   7.6814238e-03
9.7957498e-01   4.5277411e-03
9.8383099e-01   1.4872801e-03
9.8759800e-01   -1.3566754e-03
9.9087399e-01   -3.9494075e-03
9.9365300e-01   -6.2756171e-03
9.9593401e-01   -8.3126267e-03
9.9771100e-01   -9.9961376e-03
9.9898201e-01   -1.1245846e-02
9.9974501e-01   -1.2008220e-02
1.0000000e+00   -1.2264829e-02
