1.0000000e+00   -2.3701476e-05
9.9974501e-01   8.6787659e-05
9.9898201e-01   4.7098772e-04
9.9771100e-01   9.1798767e-04
9.9593300e-01   1.7599945e-03
9.9365300e-01   3.0339621e-03
9.9087399e-01   4.9272841e-03
9.8759800e-01   7.3682647e-03
9.8382998e-01   1.0235336e-02
9.7957498e-01   1.3119575e-02
9.7483599e-01   1.6534774e-02
9.6961600e-01   2.0058179e-02
9.6392000e-01   2.3860879e-02
9.5775098e-01   2.7784113e-02
9.5111603e-01   3.2029323e-02
9.4401902e-01   3.6473382e-02
9.3646699e-01   4.1623469e-02
9.2846799e-01   4.7264401e-02
9.2003101e-01   5.3149290e-02
9.1116500e-01   5.9089165e-02
9.0187901e-01   6.5799579e-02
8.9218301e-01   7.2653085e-02
8.8208699e-01   7.9868160e-02
8.7160099e-01   8.7655462e-02
8.6073500e-01   9.5601976e-02
8.4950101e-01   1.0380565e-01
8.3791000e-01   1.1248717e-01
8.2597399e-01   1.2106049e-01
8.1370401e-01   1.3036148e-01
8.0111301e-01   1.3931607e-01
7.8821403e-01   1.4862025e-01
7.7501899e-01   1.5795954e-01
7.6154101e-01   1.6761675e-01
7.4779499e-01   1.7748478e-01
7.3379201e-01   1.8726549e-01
7.1954799e-01   1.9701630e-01
7.0507699e-01   2.0698342e-01
6.9039202e-01   2.1685122e-01
6.7550898e-01   2.2714292e-01
6.6044199e-01   2.3686454e-01
6.4520597e-01   2.4654830e-01
6.2981701e-01   2.5603437e-01
6.1429000e-01   2.6509419e-01
5.9864002e-01   2.7346355e-01
5.8288401e-01   2.8146029e-01
5.6703597e-01   2.8874376e-01
5.5111301e-01   2.9588968e-01
5.3513098e-01   3.0240875e-01
5.1910597e-01   3.0863929e-01
5.0305402e-01   3.1381845e-01
4.8699099e-01   3.1886747e-01
4.7093400e-01   3.2311869e-01
4.5489800e-01   3.2706657e-01
4.3889999e-01   3.3012053e-01
4.2295599e-01   3.3239520e-01
4.0708300e-01   3.3380148e-01
3.9129499e-01   3.3451748e-01
3.7560999e-01   3.3509606e-01
3.6004400e-01   3.3493146e-01
3.4461200e-01   3.3414054e-01
3.2933000e-01   3.3254787e-01
3.1421301e-01   3.3015537e-01
2.9927900e-01   3.2748020e-01
2.8454101e-01   3.2444894e-01
2.7001500e-01   3.2030991e-01
2.5571701e-01   3.1592265e-01
2.4166100e-01   3.1109709e-01
2.2786200e-01   3.0599439e-01
2.1433599e-01   3.0021867e-01
2.0109500e-01   2.9365081e-01
1.8815500e-01   2.8693810e-01
1.7553000e-01   2.7931291e-01
1.6323400e-01   2.7139226e-01
1.5128000e-01   2.6263204e-01
1.3968100e-01   2.5397989e-01
1.2845200e-01   2.4490075e-01
1.1760600e-01   2.3569410e-01
1.0715500e-01   2.2558013e-01
9.7112998e-02   2.1584831e-01
8.7493002e-02   2.0501256e-01
7.8305997e-02   1.9412158e-01
6.9565997e-02   1.8264771e-01
6.1285000e-02   1.7112468e-01
5.3474002e-02   1.5933895e-01
4.6149999e-02   1.4725170e-01
3.9326001e-02   1.3482808e-01
3.3013999e-02   1.2232468e-01
2.7230000e-02   1.0970780e-01
2.1980001e-02   9.6909076e-02
1.7277000e-02   8.4033124e-02
1.3141000e-02   7.1165830e-02
9.5729996e-03   5.8377609e-02
6.5830001e-03   4.6100225e-02
4.1880002e-03   3.4710061e-02
2.3540000e-03   2.4549836e-02
1.0810000e-03   1.5868520e-02
3.7100000e-04   8.7853447e-03
7.6999997e-05   3.9378884e-03
4.9999999e-06   9.7219797e-04
0.0000000e+00   2.0666848e-05
4.9999999e-06   -9.7941887e-04
7.6999997e-05   -4.0002633e-03
3.7100000e-04   -8.8436445e-03
1.0810000e-03   -1.5709700e-02
2.3530000e-03   -2.4451829e-02
4.1880002e-03   -3.5052367e-02
6.5850001e-03   -4.6748169e-02
9.5760003e-03   -5.9574857e-02
1.3145000e-02   -7.2805583e-02
1.7281000e-02   -8.6652972e-02
2.1983000e-02   -1.0055052e-01
2.7232001e-02   -1.1405763e-01
3.3016000e-02   -1.2723513e-01
3.9328001e-02   -1.4050061e-01
4.6151999e-02   -1.5377040e-01
5.3475998e-02   -1.6641000e-01
6.1287001e-02   -1.7857891e-01
6.9568001e-02   -1.9090354e-01
7.8308001e-02   -2.0249864e-01
8.7494999e-02   -2.1394946e-01
9.7115003e-02   -2.2458526e-01
1.0715700e-01   -2.3507646e-01
1.1760800e-01   -2.4503107e-01
1.2845400e-01   -2.5475201e-01
1.3968299e-01   -2.6356894e-01
1.5128200e-01   -2.7184126e-01
1.6323499e-01   -2.7995050e-01
1.7553200e-01   -2.8725165e-01
1.8815701e-01   -2.9431480e-01
2.0109700e-01   -3.0054879e-01
2.1433701e-01   -3.0615452e-01
2.2786400e-01   -3.1188697e-01
2.4166299e-01   -3.1682205e-01
2.5571901e-01   -3.2086217e-01
2.7001700e-01   -3.2470214e-01
2.8454199e-01   -3.2745329e-01
2.9927999e-01   -3.3020681e-01
3.1421500e-01   -3.3223823e-01
3.2933101e-01   -3.3432773e-01
3.4461299e-01   -3.3538353e-01
3.6004499e-01   -3.3570555e-01
3.7561101e-01   -3.3525485e-01
3.9129600e-01   -3.3420739e-01
4.0708300e-01   -3.3296990e-01
4.2295700e-01   -3.3062533e-01
4.3890101e-01   -3.2790509e-01
4.5489901e-01   -3.2436901e-01
4.7093499e-01   -3.2049260e-01
4.8699200e-01   -3.1584933e-01
5.0305498e-01   -3.1044585e-01
5.1910698e-01   -3.0415186e-01
5.3513199e-01   -2.9768601e-01
5.5111402e-01   -2.9021508e-01
5.6703597e-01   -2.8255075e-01
5.8288401e-01   -2.7401757e-01
5.9864002e-01   -2.6492015e-01
6.1429000e-01   -2.5527492e-01
6.2981701e-01   -2.4535711e-01
6.4520597e-01   -2.3540436e-01
6.6044199e-01   -2.2511104e-01
6.7550898e-01   -2.1525237e-01
6.9039297e-01   -2.0485441e-01
7.0507699e-01   -1.9463554e-01
7.1954900e-01   -1.8441218e-01
7.3379302e-01   -1.7446129e-01
7.4779499e-01   -1.6447572e-01
7.6154202e-01   -1.5448581e-01
7.7501899e-01   -1.4489250e-01
7.8821403e-01   -1.3531220e-01
8.0111301e-01   -1.2555276e-01
8.1370401e-01   -1.1632543e-01
8.2597297e-01   -1.0723744e-01
8.3791000e-01   -9.7827911e-02
8.4950101e-01   -8.9341804e-02
8.6073500e-01   -8.0937602e-02
8.7160099e-01   -7.3189288e-02
8.8208801e-01   -6.5935373e-02
8.9218402e-01   -5.8966137e-02
9.0188003e-01   -5.2709881e-02
9.1116500e-01   -4.6700735e-02
9.2003101e-01   -4.1025154e-02
9.2846799e-01   -3.5635866e-02
9.3646699e-01   -3.0847333e-02
9.4401902e-01   -2.6391936e-02
9.5111603e-01   -2.2709498e-02
9.5775098e-01   -1.9771487e-02
9.6392000e-01   -1.6680421e-02
9.6961600e-01   -1.3999956e-02
9.7483599e-01   -1.1350439e-02
9.7957498e-01   -9.0476926e-03
9.8383099e-01   -7.0345155e-03
9.8759800e-01   -5.2669034e-03
9.9087399e-01   -3.8958627e-03
9.9365300e-01   -2.6416774e-03
9.9593401e-01   -1.7114191e-03
9.9771100e-01   -8.8562974e-04
9.9898201e-01   -3.1541934e-04
9.9974501e-01   -1.2437151e-04
1.0000000e+00   -4.7157009e-06
