1.0000000e+00   4.7653841e-04
9.9974501e-01   6.0222490e-04
9.9898201e-01   1.0629558e-03
9.9771100e-01   1.7304266e-03
9.9593300e-01   2.6520868e-03
9.9365300e-01   3.9517451e-03
9.9087399e-01   5.5404827e-03
9.8759800e-01   7.3084240e-03
9.8382998e-01   9.5665576e-03
9.7957498e-01   1.1911881e-02
9.7483599e-01   1.4737675e-02
9.6961600e-01   1.7744292e-02
9.6392000e-01   2.1060329e-02
9.5775098e-01   2.4550697e-02
9.5111603e-01   2.8345535e-02
9.4401902e-01   3.2334048e-02
9.3646699e-01   3.6496218e-02
9.2846799e-01   4.0947672e-02
9.2003101e-01   4.5477998e-02
9.1116500e-01   5.0232030e-02
9.0187901e-01   5.5070810e-02
8.9218301e-01   6.0277864e-02
8.8208699e-01   6.5586247e-02
8.7160099e-01   7.1109049e-02
8.6073500e-01   7.6782770e-02
8.4950101e-01   8.2437105e-02
8.3791000e-01   8.8519081e-02
8.2597399e-01   9.4406456e-02
8.1370401e-01   1.0056049e-01
8.0111301e-01   1.0695879e-01
7.8821403e-01   1.1315735e-01
7.7501899e-01   1.1937354e-01
7.6154101e-01   1.2585178e-01
7.4779499e-01   1.3214509e-01
7.3379201e-01   1.3814712e-01
7.1954799e-01   1.4438896e-01
7.0507699e-01   1.5048957e-01
6.9039202e-01   1.5632957e-01
6.7550898e-01   1.6220483e-01
6.6044199e-01   1.6777948e-01
6.4520597e-01   1.7333828e-01
6.2981701e-01   1.7869227e-01
6.1429000e-01   1.8369703e-01
5.9864002e-01   1.8855432e-01
5.8288401e-01   1.9308870e-01
5.6703597e-01   1.9737776e-01
5.5111301e-01   2.0137393e-01
5.3513098e-01   2.0500419e-01
5.1910597e-01   2.0844351e-01
5.0305402e-01   2.1134585e-01
4.8699099e-01   2.1412198e-01
4.7093400e-01   2.1652691e-01
4.5489800e-01   2.1836220e-01
4.3889999e-01   2.2007820e-01
4.2295599e-01   2.2116683e-01
4.0708300e-01   2.2234000e-01
3.9129499e-01   2.2270291e-01
3.7560999e-01   2.2303563e-01
3.6004400e-01   2.2301003e-01
3.4461200e-01   2.2238132e-01
3.2933000e-01   2.2141805e-01
3.1421301e-01   2.2034900e-01
2.9927900e-01   2.1833539e-01
2.8454101e-01   2.1634309e-01
2.7001500e-01   2.1397495e-01
2.5571701e-01   2.1134892e-01
2.4166100e-01   2.0812294e-01
2.2786200e-01   2.0468672e-01
2.1433599e-01   2.0096977e-01
2.0109500e-01   1.9647855e-01
1.8815500e-01   1.9198737e-01
1.7553000e-01   1.8725291e-01
1.6323400e-01   1.8190894e-01
1.5128000e-01   1.7639261e-01
1.3968100e-01   1.7041640e-01
1.2845200e-01   1.6438702e-01
1.1760600e-01   1.5788695e-01
1.0715500e-01   1.5108293e-01
9.7112998e-02   1.4402974e-01
8.7493002e-02   1.3690065e-01
7.8305997e-02   1.2950288e-01
6.9565997e-02   1.2190045e-01
6.1285000e-02   1.1402662e-01
5.3474002e-02   1.0604519e-01
4.6149999e-02   9.7926833e-02
3.9326001e-02   8.9682348e-02
3.3013999e-02   8.1328914e-02
2.7230000e-02   7.2920583e-02
2.1980001e-02   6.4515077e-02
1.7277000e-02   5.6121256e-02
1.3141000e-02   4.7835529e-02
9.5729996e-03   3.9754890e-02
6.5830001e-03   3.1896897e-02
4.1880002e-03   2.4433373e-02
2.3540000e-03   1.7621439e-02
1.0810000e-03   1.1668446e-02
3.7100000e-04   6.7103188e-03
7.6999997e-05   3.1207954e-03
4.9999999e-06   8.5745659e-04
0.0000000e+00   9.4857533e-05
4.9999999e-06   -6.5410032e-04
7.6999997e-05   -2.7797574e-03
3.7100000e-04   -6.1465958e-03
1.0810000e-03   -1.0484648e-02
2.3530000e-03   -1.5415712e-02
4.1880002e-03   -2.0513864e-02
6.5850001e-03   -2.5712064e-02
9.5760003e-03   -3.0688284e-02
1.3145000e-02   -3.5384879e-02
1.7281000e-02   -3.9628677e-02
2.1983000e-02   -4.3598182e-02
2.7232001e-02   -4.7391914e-02
3.3016000e-02   -5.0829764e-02
3.9328001e-02   -5.3877685e-02
4.6151999e-02   -5.6810439e-02
5.3475998e-02   -5.9308410e-02
6.1287001e-02   -6.1702069e-02
6.9568001e-02   -6.3775875e-02
7.8308001e-02   -6.5587536e-02
8.7494999e-02   -6.7001902e-02
9.7115003e-02   -6.8602555e-02
1.0715700e-01   -6.9637269e-02
1.1760800e-01   -7.0551686e-02
1.2845400e-01   -7.1364209e-02
1.3968299e-01   -7.2082214e-02
1.5128200e-01   -7.2606750e-02
1.6323499e-01   -7.2845206e-02
1.7553200e-01   -7.2927497e-02
1.8815701e-01   -7.2791077e-02
2.0109700e-01   -7.2564863e-02
2.1433701e-01   -7.2140060e-02
2.2786400e-01   -7.1717903e-02
2.4166299e-01   -7.1094528e-02
2.5571901e-01   -7.0188582e-02
2.7001700e-01   -6.9417119e-02
2.8454199e-01   -6.8369493e-02
2.9927999e-01   -6.7327559e-02
3.1421500e-01   -6.6212691e-02
3.2933101e-01   -6.4624153e-02
3.4461299e-01   -6.3294083e-02
3.6004499e-01   -6.2148187e-02
3.7561101e-01   -6.0454849e-02
3.9129600e-01   -5.9018098e-02
4.0708300e-01   -5.7213370e-02
4.2295700e-01   -5.5388492e-02
4.3890101e-01   -5.3647865e-02
4.5489901e-01   -5.1442381e-02
4.7093499e-01   -4.9447164e-02
4.8699200e-01   -4.7700513e-02
5.0305498e-01   -4.5691259e-02
5.1910698e-01   -4.3479178e-02
5.3513199e-01   -4.1332163e-02
5.5111402e-01   -3.9188296e-02
5.6703597e-01   -3.6902189e-02
5.8288401e-01   -3.4894675e-02
5.9864002e-01   -3.2535374e-02
6.1429000e-01   -3.0430974e-02
6.2981701e-01   -2.8250916e-02
6.4520597e-01   -2.6127400e-02
6.6044199e-01   -2.4249073e-02
6.7550898e-01   -2.2238711e-02
6.9039297e-01   -2.0297067e-02
7.0507699e-01   -1.8526981e-02
7.1954900e-01   -1.6550636e-02
7.3379302e-01   -1.4864631e-02
7.4779499e-01   -1.3006346e-02
7.6154202e-01   -1.1547958e-02
7.7501899e-01   -9.9450685e-03
7.8821403e-01   -8.3283642e-03
8.0111301e-01   -7.0561864e-03
8.1370401e-01   -5.9086606e-03
8.2597297e-01   -4.7744615e-03
8.3791000e-01   -3.7887846e-03
8.4950101e-01   -2.8516368e-03
8.6073500e-01   -2.0499127e-03
8.7160099e-01   -1.3886113e-03
8.8208801e-01   -8.1040041e-04
8.9218402e-01   -2.4677347e-04
9.0188003e-01   8.2326122e-05
9.1116500e-01   3.8844623e-04
9.2003101e-01   6.6783454e-04
9.2846799e-01   7.8677229e-04
9.3646699e-01   9.5647870e-04
9.4401902e-01   1.0085973e-03
9.5111603e-01   9.7724015e-04
9.5775098e-01   8.5096038e-04
9.6392000e-01   7.8406284e-04
9.6961600e-01   5.2542757e-04
9.7483599e-01   2.8144300e-04
9.7957498e-01   7.9586520e-05
9.8383099e-01   -1.6845907e-04
9.8759800e-01   -4.2115335e-04
9.9087399e-01   -6.2031153e-04
9.9365300e-01   -8.0538163e-04
9.9593401e-01   -9.7318989e-04
9.9771100e-01   -1.1068671e-03
9.9898201e-01   -1.2082563e-03
9.9974501e-01   -1.2339914e-03
1.0000000e+00   -1.2600874e-03
