1.0000000e+00   1.4760288e-03
9.9974501e-01   1.4292919e-03
9.9898201e-01   2.6816428e-03
9.9771100e-01   3.5030963e-03
9.9593300e-01   5.4269074e-03
9.9365300e-01   7.5292615e-03
9.9087399e-01   1.0014983e-02
9.8759800e-01   1.3178013e-02
9.8382998e-01   1.6431363e-02
9.7957498e-01   2.0410627e-02
9.7483599e-01   2.4796624e-02
9.6961600e-01   2.9635774e-02
9.6392000e-01   3.4930352e-02
9.5775098e-01   4.0235788e-02
9.5111603e-01   4.6329867e-02
9.4401902e-01   5.2517615e-02
9.3646699e-01   5.9198640e-02
9.2846799e-01   6.5716825e-02
9.2003101e-01   7.2856672e-02
9.1116500e-01   7.9801790e-02
9.0187901e-01   8.7590352e-02
8.9218301e-01   9.5063008e-02
8.8208699e-01   1.0280664e-01
8.7160099e-01   1.1087864e-01
8.6073500e-01   1.1896724e-01
8.4950101e-01   1.2751259e-01
8.3791000e-01   1.3578548e-01
8.2597399e-01   1.4467828e-01
8.1370401e-01   1.5354054e-01
8.0111301e-01   1.6220292e-01
7.8821403e-01   1.7111439e-01
7.7501899e-01   1.8037325e-01
7.6154101e-01   1.8889730e-01
7.4779499e-01   1.9788446e-01
7.3379201e-01   2.0717762e-01
7.1954799e-01   2.1616848e-01
7.0507699e-01   2.2442010e-01
6.9039202e-01   2.3345831e-01
6.7550898e-01   2.4188431e-01
6.6044199e-01   2.5066864e-01
6.4520597e-01   2.5884455e-01
6.2981701e-01   2.6687491e-01
6.1429000e-01   2.7424929e-01
5.9864002e-01   2.8248745e-01
5.8288401e-01   2.8945899e-01
5.6703597e-01   2.9598698e-01
5.5111301e-01   3.0226991e-01
5.3513098e-01   3.0803800e-01
5.1910597e-01   3.1303585e-01
5.0305402e-01   3.1845897e-01
4.8699099e-01   3.2279807e-01
4.7093400e-01   3.2626358e-01
4.5489800e-01   3.2937515e-01
4.3889999e-01   3.3234003e-01
4.2295599e-01   3.3383888e-01
4.0708300e-01   3.3504617e-01
3.9129499e-01   3.3540046e-01
3.7560999e-01   3.3538151e-01
3.6004400e-01   3.3469754e-01
3.4461200e-01   3.3339527e-01
3.2933000e-01   3.3198643e-01
3.1421301e-01   3.2844263e-01
2.9927900e-01   3.2586989e-01
2.8454101e-01   3.2241282e-01
2.7001500e-01   3.1824943e-01
2.5571701e-01   3.1289089e-01
2.4166100e-01   3.0780244e-01
2.2786200e-01   3.0197248e-01
2.1433599e-01   2.9557291e-01
2.0109500e-01   2.8876847e-01
1.8815500e-01   2.8133368e-01
1.7553000e-01   2.7339685e-01
1.6323400e-01   2.6544935e-01
1.5128000e-01   2.5607067e-01
1.3968100e-01   2.4703752e-01
1.2845200e-01   2.3754506e-01
1.1760600e-01   2.2758009e-01
1.0715500e-01   2.1698774e-01
9.7112998e-02   2.0654118e-01
8.7493002e-02   1.9527999e-01
7.8305997e-02   1.8455474e-01
6.9565997e-02   1.7315921e-01
6.1285000e-02   1.6137870e-01
5.3474002e-02   1.4953883e-01
4.6149999e-02   1.3770582e-01
3.9326001e-02   1.2546113e-01
3.3013999e-02   1.1323608e-01
2.7230000e-02   1.0103571e-01
2.1980001e-02   8.8920586e-02
1.7277000e-02   7.7027239e-02
1.3141000e-02   6.4921670e-02
9.5729996e-03   5.3340297e-02
6.5830001e-03   4.2352725e-02
4.1880002e-03   3.2170307e-02
2.3540000e-03   2.2843368e-02
1.0810000e-03   1.4971181e-02
3.7100000e-04   8.5437614e-03
7.6999997e-05   3.8518147e-03
4.9999999e-06   1.2043490e-03
0.0000000e+00   4.1949330e-05
4.9999999e-06   -9.8569843e-04
7.6999997e-05   -3.4843886e-03
3.7100000e-04   -7.9793530e-03
1.0810000e-03   -1.3591661e-02
2.3530000e-03   -2.0822579e-02
4.1880002e-03   -2.7952094e-02
6.5850001e-03   -3.5188496e-02
9.5760003e-03   -4.2217307e-02
1.3145000e-02   -4.9003147e-02
1.7281000e-02   -5.5300277e-02
2.1983000e-02   -6.1354604e-02
2.7232001e-02   -6.7184061e-02
3.3016000e-02   -7.2481297e-02
3.9328001e-02   -7.7431664e-02
4.6151999e-02   -8.2322128e-02
5.3475998e-02   -8.7210990e-02
6.1287001e-02   -9.1223247e-02
6.9568001e-02   -9.5533617e-02
7.8308001e-02   -9.9236034e-02
8.7494999e-02   -1.0205974e-01
9.7115003e-02   -1.0560757e-01
1.0715700e-01   -1.0844588e-01
1.1760800e-01   -1.1082296e-01
1.2845400e-01   -1.1354832e-01
1.3968299e-01   -1.1520573e-01
1.5128200e-01   -1.1729151e-01
1.6323499e-01   -1.1908516e-01
1.7553200e-01   -1.2029119e-01
1.8815701e-01   -1.2150913e-01
2.0109700e-01   -1.2250934e-01
2.1433701e-01   -1.2319819e-01
2.2786400e-01   -1.2379534e-01
2.4166299e-01   -1.2372420e-01
2.5571901e-01   -1.2405858e-01
2.7001700e-01   -1.2332736e-01
2.8454199e-01   -1.2273666e-01
2.9927999e-01   -1.2152001e-01
3.1421500e-01   -1.2073804e-01
3.2933101e-01   -1.1950551e-01
3.4461299e-01   -1.1802900e-01
3.6004499e-01   -1.1666785e-01
3.7561101e-01   -1.1431610e-01
3.9129600e-01   -1.1187746e-01
4.0708300e-01   -1.0963628e-01
4.2295700e-01   -1.0671907e-01
4.3890101e-01   -1.0362720e-01
4.5489901e-01   -1.0000896e-01
4.7093499e-01   -9.6534289e-02
4.8699200e-01   -9.2900679e-02
5.0305498e-01   -8.9473493e-02
5.1910698e-01   -8.4840454e-02
5.3513199e-01   -8.0950856e-02
5.5111402e-01   -7.6237746e-02
5.6703597e-01   -7.2110541e-02
5.8288401e-01   -6.7372508e-02
5.9864002e-01   -6.2835388e-02
6.1429000e-01   -5.8214325e-02
6.2981701e-01   -5.3305969e-02
6.4520597e-01   -4.8370458e-02
6.6044199e-01   -4.3954313e-02
6.7550898e-01   -3.9576750e-02
6.9039297e-01   -3.5044875e-02
7.0507699e-01   -3.0572869e-02
7.1954900e-01   -2.6264325e-02
7.3379302e-01   -2.2485169e-02
7.4779499e-01   -1.8548369e-02
7.6154202e-01   -1.5076531e-02
7.7501899e-01   -1.1837570e-02
7.8821403e-01   -8.2515078e-03
8.0111301e-01   -5.8451802e-03
8.1370401e-01   -3.3941688e-03
8.2597297e-01   -1.3836147e-03
8.3791000e-01   1.1001700e-03
8.4950101e-01   2.3870331e-03
8.6073500e-01   4.3276614e-03
8.7160099e-01   5.2562887e-03
8.8208801e-01   6.7044366e-03
8.9218402e-01   7.3041050e-03
9.0188003e-01   7.7505293e-03
9.1116500e-01   8.4232651e-03
9.2003101e-01   8.2389535e-03
9.2846799e-01   8.2558850e-03
9.3646699e-01   8.3063478e-03
9.4401902e-01   7.6847961e-03
9.5111603e-01   7.5781536e-03
9.5775098e-01   6.9461651e-03
9.6392000e-01   5.9563466e-03
9.6961600e-01   5.1423805e-03
9.7483599e-01   4.1907723e-03
9.7957498e-01   3.4200633e-03
9.8383099e-01   2.2833233e-03
9.8759800e-01   1.6850827e-03
9.9087399e-01   6.0508732e-04
9.9365300e-01   -1.6354863e-04
9.9593401e-01   -1.0174179e-03
9.9771100e-01   -1.5552320e-03
9.9898201e-01   -1.7727432e-03
9.9974501e-01   -2.2182316e-03
1.0000000e+00   -2.1504830e-03
