1.0000000e+00   2.9811221e-03
9.9974501e-01   3.1775311e-03
9.9898201e-01   4.4599148e-03
9.9771100e-01   5.9068860e-03
9.9593300e-01   8.1034396e-03
9.9365300e-01   1.0675347e-02
9.9087399e-01   1.3990405e-02
9.8759800e-01   1.8022303e-02
9.8382998e-01   2.2631142e-02
9.7957498e-01   2.7734304e-02
9.7483599e-01   3.3257362e-02
9.6961600e-01   3.9680999e-02
9.6392000e-01   4.6535484e-02
9.5775098e-01   5.3566489e-02
9.5111603e-01   6.1023816e-02
9.4401902e-01   6.8977840e-02
9.3646699e-01   7.7022590e-02
9.2846799e-01   8.5668512e-02
9.2003101e-01   9.4297051e-02
9.1116500e-01   1.0319374e-01
9.0187901e-01   1.1268018e-01
8.9218301e-01   1.2213386e-01
8.8208699e-01   1.3206311e-01
8.7160099e-01   1.4241853e-01
8.6073500e-01   1.5304084e-01
8.4950101e-01   1.6353844e-01
8.3791000e-01   1.7433321e-01
8.2597399e-01   1.8584087e-01
8.1370401e-01   1.9717212e-01
8.0111301e-01   2.0894973e-01
7.8821403e-01   2.2084892e-01
7.7501899e-01   2.3245944e-01
7.6154101e-01   2.4455166e-01
7.4779499e-01   2.5655299e-01
7.3379201e-01   2.6901853e-01
7.1954799e-01   2.8150609e-01
7.0507699e-01   2.9339814e-01
6.9039202e-01   3.0578488e-01
6.7550898e-01   3.1816077e-01
6.6044199e-01   3.3012831e-01
6.4520597e-01   3.4191865e-01
6.2981701e-01   3.5386813e-01
6.1429000e-01   3.6536357e-01
5.9864002e-01   3.7670597e-01
5.8288401e-01   3.8761309e-01
5.6703597e-01   3.9818543e-01
5.5111301e-01   4.0840778e-01
5.3513098e-01   4.1778901e-01
5.1910597e-01   4.2687765e-01
5.0305402e-01   4.3532440e-01
4.8699099e-01   4.4309822e-01
4.7093400e-01   4.5019728e-01
4.5489800e-01   4.5591104e-01
4.3889999e-01   4.6155718e-01
4.2295599e-01   4.6563196e-01
4.0708300e-01   4.6902564e-01
3.9129499e-01   4.7122136e-01
3.7560999e-01   4.7240576e-01
3.6004400e-01   4.7263432e-01
3.4461200e-01   4.7134283e-01
3.2933000e-01   4.6936938e-01
3.1421301e-01   4.6602675e-01
2.9927900e-01   4.6180385e-01
2.8454101e-01   4.5680973e-01
2.7001500e-01   4.5051757e-01
2.5571701e-01   4.4312069e-01
2.4166100e-01   4.3512419e-01
2.2786200e-01   4.2568585e-01
2.1433599e-01   4.1578403e-01
2.0109500e-01   4.0487036e-01
1.8815500e-01   3.9307359e-01
1.7553000e-01   3.8042974e-01
1.6323400e-01   3.6734667e-01
1.5128000e-01   3.5290641e-01
1.3968100e-01   3.3803022e-01
1.2845200e-01   3.2286865e-01
1.1760600e-01   3.0700111e-01
1.0715500e-01   2.9088286e-01
9.7112998e-02   2.7416989e-01
8.7493002e-02   2.5734580e-01
7.8305997e-02   2.4042740e-01
6.9565997e-02   2.2329393e-01
6.1285000e-02   2.0599547e-01
5.3474002e-02   1.8858692e-01
4.6149999e-02   1.7162846e-01
3.9326001e-02   1.5426457e-01
3.3013999e-02   1.3720885e-01
2.7230000e-02   1.2067752e-01
2.1980001e-02   1.0415032e-01
1.7277000e-02   8.8361189e-02
1.3141000e-02   7.2912164e-02
9.5729996e-03   5.8534462e-02
6.5830001e-03   4.5371953e-02
4.1880002e-03   3.3592936e-02
2.3540000e-03   2.3369459e-02
1.0810000e-03   1.4898126e-02
3.7100000e-04   8.2124481e-03
7.6999997e-05   3.3665204e-03
4.9999999e-06   5.0511339e-04
0.0000000e+00   -5.9266080e-04
4.9999999e-06   -1.5447537e-03
7.6999997e-05   -4.2407629e-03
3.7100000e-04   -8.8141868e-03
1.0810000e-03   -1.4819621e-02
2.3530000e-03   -2.2624185e-02
4.1880002e-03   -3.0971302e-02
6.5850001e-03   -4.0063377e-02
9.5760003e-03   -4.9559347e-02
1.3145000e-02   -5.9136622e-02
1.7281000e-02   -6.8661861e-02
2.1983000e-02   -7.8053877e-02
2.7232001e-02   -8.6781874e-02
3.3016000e-02   -9.5210336e-02
3.9328001e-02   -1.0353343e-01
4.6151999e-02   -1.1122996e-01
5.3475998e-02   -1.1876013e-01
6.1287001e-02   -1.2601382e-01
6.9568001e-02   -1.3290396e-01
7.8308001e-02   -1.3932787e-01
8.7494999e-02   -1.4493492e-01
9.7115003e-02   -1.5068425e-01
1.0715700e-01   -1.5617901e-01
1.1760800e-01   -1.6068417e-01
1.2845400e-01   -1.6517551e-01
1.3968299e-01   -1.6843149e-01
1.5128200e-01   -1.7214420e-01
1.6323499e-01   -1.7507833e-01
1.7553200e-01   -1.7734575e-01
1.8815701e-01   -1.7952287e-01
2.0109700e-01   -1.8111955e-01
2.1433701e-01   -1.8233809e-01
2.2786400e-01   -1.8308714e-01
2.4166299e-01   -1.8306556e-01
2.5571901e-01   -1.8280007e-01
2.7001700e-01   -1.8172349e-01
2.8454199e-01   -1.8009445e-01
2.9927999e-01   -1.7810124e-01
3.1421500e-01   -1.7567383e-01
3.2933101e-01   -1.7293577e-01
3.4461299e-01   -1.6946854e-01
3.6004499e-01   -1.6579565e-01
3.7561101e-01   -1.6114381e-01
3.9129600e-01   -1.5621889e-01
4.0708300e-01   -1.5128346e-01
4.2295700e-01   -1.4532802e-01
4.3890101e-01   -1.3953574e-01
4.5489901e-01   -1.3308094e-01
4.7093499e-01   -1.2671287e-01
4.8699200e-01   -1.1995070e-01
5.0305498e-01   -1.1349555e-01
5.1910698e-01   -1.0622069e-01
5.3513199e-01   -9.9362388e-02
5.5111402e-01   -9.2101090e-02
5.6703597e-01   -8.5455358e-02
5.8288401e-01   -7.8624159e-02
5.9864002e-01   -7.1323827e-02
6.1429000e-01   -6.4576149e-02
6.2981701e-01   -5.7737034e-02
6.4520597e-01   -5.1156335e-02
6.6044199e-01   -4.5094062e-02
6.7550898e-01   -3.8923319e-02
6.9039297e-01   -3.2776646e-02
7.0507699e-01   -2.7496994e-02
7.1954900e-01   -2.2086414e-02
7.3379302e-01   -1.7194655e-02
7.4779499e-01   -1.2825727e-02
7.6154202e-01   -8.6074369e-03
7.7501899e-01   -4.8923716e-03
7.8821403e-01   -1.0107137e-03
8.0111301e-01   2.0604904e-03
8.1370401e-01   4.8313919e-03
8.2597297e-01   7.1689971e-03
8.3791000e-01   9.4127348e-03
8.4950101e-01   1.0929896e-02
8.6073500e-01   1.2456395e-02
8.7160099e-01   1.3469656e-02
8.8208801e-01   1.4419444e-02
8.9218402e-01   1.4905997e-02
9.0188003e-01   1.5101556e-02
9.1116500e-01   1.5126363e-02
9.2003101e-01   1.4599427e-02
9.2846799e-01   1.4247064e-02
9.3646699e-01   1.3564059e-02
9.4401902e-01   1.2551660e-02
9.5111603e-01   1.1752901e-02
9.5775098e-01   1.0701329e-02
9.6392000e-01   9.2207491e-03
9.6961600e-01   7.8616589e-03
9.7483599e-01   6.4649000e-03
9.7957498e-01   5.2069225e-03
9.8383099e-01   3.5240941e-03
9.8759800e-01   2.6566435e-03
9.9087399e-01   9.9830958e-04
9.9365300e-01   -1.5685242e-04
9.9593401e-01   -1.0283195e-03
9.9771100e-01   -2.1041853e-03
9.9898201e-01   -2.4248133e-03
9.9974501e-01   -2.7700397e-03
1.0000000e+00   -2.7426784e-03
