1.0000000e+00   2.8312547e-02
9.9974501e-01   2.8303275e-02
9.9898201e-01   2.9371116e-02
9.9771100e-01   3.1187149e-02
9.9593300e-01   3.2974701e-02
9.9365300e-01   3.5872985e-02
9.9087399e-01   3.9020963e-02
9.8759800e-01   4.2848069e-02
9.8382998e-01   4.6934515e-02
9.7957498e-01   5.0285880e-02
9.7483599e-01   5.5114098e-02
9.6961600e-01   6.0360126e-02
9.6392000e-01   6.5820292e-02
9.5775098e-01   7.2067924e-02
9.5111603e-01   7.8520507e-02
9.4401902e-01   8.6181618e-02
9.3646699e-01   9.2656344e-02
9.2846799e-01   1.0045752e-01
9.2003101e-01   1.0892488e-01
9.1116500e-01   1.1757442e-01
9.0187901e-01   1.2678537e-01
8.9218301e-01   1.3577570e-01
8.8208699e-01   1.4563181e-01
8.7160099e-01   1.5536588e-01
8.6073500e-01   1.6624537e-01
8.4950101e-01   1.7631668e-01
8.3791000e-01   1.8724720e-01
8.2597399e-01   1.9833440e-01
8.1370401e-01   2.0973994e-01
8.0111301e-01   2.2218497e-01
7.8821403e-01   2.3382315e-01
7.7501899e-01   2.4656865e-01
7.6154101e-01   2.5917131e-01
7.4779499e-01   2.7148923e-01
7.3379201e-01   2.8518915e-01
7.1954799e-01   2.9773533e-01
7.0507699e-01   3.1102565e-01
6.9039202e-01   3.2406086e-01
6.7550898e-01   3.3722752e-01
6.6044199e-01   3.5177231e-01
6.4520597e-01   3.6477751e-01
6.2981701e-01   3.7804285e-01
6.1429000e-01   3.9199877e-01
5.9864002e-01   4.0524918e-01
5.8288401e-01   4.1848850e-01
5.6703597e-01   4.3067458e-01
5.5111301e-01   4.4405630e-01
5.3513098e-01   4.5626009e-01
5.1910597e-01   4.6775207e-01
5.0305402e-01   4.8012376e-01
4.8699099e-01   4.9148718e-01
4.7093400e-01   5.0071228e-01
4.5489800e-01   5.1048070e-01
4.3889999e-01   5.1950437e-01
4.2295599e-01   5.2811033e-01
4.0708300e-01   5.3395128e-01
3.9129499e-01   5.4032373e-01
3.7560999e-01   5.4412597e-01
3.6004400e-01   5.4721057e-01
3.4461200e-01   5.4830366e-01
3.2933000e-01   5.4869854e-01
3.1421301e-01   5.4684484e-01
2.9927900e-01   5.4365671e-01
2.8454101e-01   5.3812158e-01
2.7001500e-01   5.3179884e-01
2.5571701e-01   5.2397954e-01
2.4166100e-01   5.1508850e-01
2.2786200e-01   5.0376308e-01
2.1433599e-01   4.9179488e-01
2.0109500e-01   4.7861147e-01
1.8815500e-01   4.6361837e-01
1.7553000e-01   4.4701141e-01
1.6323400e-01   4.3007892e-01
1.5128000e-01   4.1220164e-01
1.3968100e-01   3.9210683e-01
1.2845200e-01   3.7170699e-01
1.1760600e-01   3.5039011e-01
1.0715500e-01   3.2829389e-01
9.7112998e-02   3.0608383e-01
8.7493002e-02   2.8375793e-01
7.8305997e-02   2.6161510e-01
6.9565997e-02   2.3873350e-01
6.1285000e-02   2.1641643e-01
5.3474002e-02   1.9383094e-01
4.6149999e-02   1.7172748e-01
3.9326001e-02   1.5099952e-01
3.3013999e-02   1.3143192e-01
2.7230000e-02   1.1200292e-01
2.1980001e-02   9.4170749e-02
1.7277000e-02   7.7534668e-02
1.3141000e-02   6.2405087e-02
9.5729996e-03   4.8845209e-02
6.5830001e-03   3.7327409e-02
4.1880002e-03   2.7074741e-02
2.3540000e-03   1.8245241e-02
1.0810000e-03   1.1581923e-02
3.7100000e-04   5.8815447e-03
7.6999997e-05   1.8740592e-03
4.9999999e-06   -1.0932432e-03
0.0000000e+00   -1.8498884e-03
4.9999999e-06   -2.8677653e-03
7.6999997e-05   -5.1531685e-03
3.7100000e-04   -9.1125136e-03
1.0810000e-03   -1.4822206e-02
2.3530000e-03   -2.2412261e-02
4.1880002e-03   -3.1096671e-02
6.5850001e-03   -4.2149629e-02
9.5760003e-03   -5.4473210e-02
1.3145000e-02   -6.8487197e-02
1.7281000e-02   -8.3819397e-02
2.1983000e-02   -1.0064387e-01
2.7232001e-02   -1.2039781e-01
3.3016000e-02   -1.4050274e-01
3.9328001e-02   -1.6112308e-01
4.6151999e-02   -1.8337744e-01
5.3475998e-02   -2.0588110e-01
6.1287001e-02   -2.2805339e-01
6.9568001e-02   -2.5251976e-01
7.8308001e-02   -2.7635086e-01
8.7494999e-02   -2.9991367e-01
9.7115003e-02   -3.2258993e-01
1.0715700e-01   -3.4534052e-01
1.1760800e-01   -3.6828318e-01
1.2845400e-01   -3.8919550e-01
1.3968299e-01   -4.1055116e-01
1.5128200e-01   -4.2994857e-01
1.6323499e-01   -4.4985503e-01
1.7553200e-01   -4.6651793e-01
1.8815701e-01   -4.8263478e-01
2.0109700e-01   -4.9813694e-01
2.1433701e-01   -5.1130325e-01
2.2786400e-01   -5.2362245e-01
2.4166299e-01   -5.3385317e-01
2.5571901e-01   -5.4346544e-01
2.7001700e-01   -5.5052793e-01
2.8454199e-01   -5.5649406e-01
2.9927999e-01   -5.6073236e-01
3.1421500e-01   -5.6298172e-01
3.2933101e-01   -5.6436741e-01
3.4461299e-01   -5.6384277e-01
3.6004499e-01   -5.6238627e-01
3.7561101e-01   -5.5785203e-01
3.9129600e-01   -5.5285984e-01
4.0708300e-01   -5.4687554e-01
4.2295700e-01   -5.3853786e-01
4.3890101e-01   -5.2986461e-01
4.5489901e-01   -5.2066922e-01
4.7093499e-01   -5.0995201e-01
4.8699200e-01   -4.9905530e-01
5.0305498e-01   -4.8657998e-01
5.1910698e-01   -4.7489044e-01
5.3513199e-01   -4.6088505e-01
5.5111402e-01   -4.4806615e-01
5.6703597e-01   -4.3520802e-01
5.8288401e-01   -4.2123070e-01
5.9864002e-01   -4.0759444e-01
6.1429000e-01   -3.9378014e-01
6.2981701e-01   -3.7895784e-01
6.4520597e-01   -3.6491621e-01
6.6044199e-01   -3.5079071e-01
6.7550898e-01   -3.3752349e-01
6.9039297e-01   -3.2370555e-01
7.0507699e-01   -3.1024396e-01
7.1954900e-01   -2.9678935e-01
7.3379302e-01   -2.8285918e-01
7.4779499e-01   -2.6960072e-01
7.6154202e-01   -2.5681600e-01
7.7501899e-01   -2.4316373e-01
7.8821403e-01   -2.3016751e-01
8.0111301e-01   -2.1807578e-01
8.1370401e-01   -2.0587970e-01
8.2597297e-01   -1.9456258e-01
8.3791000e-01   -1.8199731e-01
8.4950101e-01   -1.7114969e-01
8.6073500e-01   -1.6027637e-01
8.7160099e-01   -1.4929253e-01
8.8208801e-01   -1.4002176e-01
8.9218402e-01   -1.3041243e-01
9.0188003e-01   -1.2083988e-01
9.1116500e-01   -1.1235975e-01
9.2003101e-01   -1.0411367e-01
9.2846799e-01   -9.6705258e-02
9.3646699e-01   -8.9785621e-02
9.4401902e-01   -8.1150904e-02
9.5111603e-01   -7.5926982e-02
9.5775098e-01   -7.0771873e-02
9.6392000e-01   -6.4633064e-02
9.6961600e-01   -6.0365856e-02
9.7483599e-01   -5.6010563e-02
9.7957498e-01   -5.2661195e-02
9.8383099e-01   -4.9245067e-02
9.8759800e-01   -4.6641074e-02
9.9087399e-01   -4.3956891e-02
9.9365300e-01   -4.1796602e-02
9.9593401e-01   -3.9286479e-02
9.9771100e-01   -3.8003508e-02
9.9898201e-01   -3.6650009e-02
9.9974501e-01   -3.5979290e-02
1.0000000e+00   -3.5482492e-02
