1.0000000e+00   2.9598752e-03
9.9974501e-01   3.1457555e-03
9.9898201e-01   3.7087665e-03
9.9771100e-01   4.6371147e-03
9.9593300e-01   4.6581049e-03
9.9365300e-01   6.5025017e-03
9.9087399e-01   8.5760690e-03
9.8759800e-01   9.3779992e-03
9.8382998e-01   1.1763630e-02
9.7957498e-01   1.4305070e-02
9.7483599e-01   1.7351363e-02
9.6961600e-01   1.9818326e-02
9.6392000e-01   2.3110505e-02
9.5775098e-01   2.6651040e-02
9.5111603e-01   3.0005267e-02
9.4401902e-01   3.4081019e-02
9.3646699e-01   3.8845360e-02
9.2846799e-01   4.2759243e-02
9.2003101e-01   4.7826674e-02
9.1116500e-01   5.2978430e-02
9.0187901e-01   5.7899252e-02
8.9218301e-01   6.3268870e-02
8.8208699e-01   6.9129430e-02
8.7160099e-01   7.3632389e-02
8.6073500e-01   7.9527736e-02
8.4950101e-01   8.5751906e-02
8.3791000e-01   9.1519006e-02
8.2597399e-01   9.7173303e-02
8.1370401e-01   1.0255785e-01
8.0111301e-01   1.0893498e-01
7.8821403e-01   1.1449279e-01
7.7501899e-01   1.2074582e-01
7.6154101e-01   1.2678578e-01
7.4779499e-01   1.3126591e-01
7.3379201e-01   1.3784790e-01
7.1954799e-01   1.4130215e-01
7.0507699e-01   1.4795801e-01
6.9039202e-01   1.5179051e-01
6.7550898e-01   1.5693128e-01
6.6044199e-01   1.6186781e-01
6.4520597e-01   1.6564134e-01
6.2981701e-01   1.7030863e-01
6.1429000e-01   1.7349465e-01
5.9864002e-01   1.7602198e-01
5.8288401e-01   1.7997625e-01
5.6703597e-01   1.8229343e-01
5.5111301e-01   1.8472841e-01
5.3513098e-01   1.8663460e-01
5.1910597e-01   1.8917668e-01
5.0305402e-01   1.9166745e-01
4.8699099e-01   1.9062518e-01
4.7093400e-01   1.9283572e-01
4.5489800e-01   1.9379807e-01
4.3889999e-01   1.9392589e-01
4.2295599e-01   1.9480908e-01
4.0708300e-01   1.9364969e-01
3.9129499e-01   1.9399425e-01
3.7560999e-01   1.9371504e-01
3.6004400e-01   1.9204466e-01
3.4461200e-01   1.9039024e-01
3.2933000e-01   1.8793489e-01
3.1421301e-01   1.8636690e-01
2.9927900e-01   1.8436100e-01
2.8454101e-01   1.8213616e-01
2.7001500e-01   1.7893337e-01
2.5571701e-01   1.7693090e-01
2.4166100e-01   1.7351760e-01
2.2786200e-01   1.7042415e-01
2.1433599e-01   1.6678973e-01
2.0109500e-01   1.6371152e-01
1.8815500e-01   1.5962587e-01
1.7553000e-01   1.5504844e-01
1.6323400e-01   1.4949265e-01
1.5128000e-01   1.4590351e-01
1.3968100e-01   1.4071178e-01
1.2845200e-01   1.3597210e-01
1.1760600e-01   1.3062344e-01
1.0715500e-01   1.2537414e-01
9.7112998e-02   1.1969467e-01
8.7493002e-02   1.1501425e-01
7.8305997e-02   1.0838943e-01
6.9565997e-02   1.0292454e-01
6.1285000e-02   9.7512074e-02
5.3474002e-02   9.1809191e-02
4.6149999e-02   8.5180186e-02
3.9326001e-02   7.9493903e-02
3.3013999e-02   7.3606804e-02
2.7230000e-02   6.7283891e-02
2.1980001e-02   6.1068978e-02
1.7277000e-02   5.4112956e-02
1.3141000e-02   4.7367044e-02
9.5729996e-03   4.1162636e-02
6.5830001e-03   3.4489721e-02
4.1880002e-03   2.7191473e-02
2.3540000e-03   2.0425791e-02
1.0810000e-03   1.4038897e-02
3.7100000e-04   8.7936958e-03
7.6999997e-05   4.3076784e-03
4.9999999e-06   1.7608306e-03
0.0000000e+00   8.7872380e-04
4.9999999e-06   -3.9563325e-04
7.6999997e-05   -2.9718552e-03
3.7100000e-04   -7.2623733e-03
1.0810000e-03   -1.2122981e-02
2.3530000e-03   -1.7921820e-02
4.1880002e-03   -2.3610368e-02
6.5850001e-03   -2.8128939e-02
9.5760003e-03   -3.3648580e-02
1.3145000e-02   -3.8324080e-02
1.7281000e-02   -4.1834265e-02
2.1983000e-02   -4.5289103e-02
2.7232001e-02   -4.8732139e-02
3.3016000e-02   -5.2315287e-02
3.9328001e-02   -5.6669988e-02
4.6151999e-02   -5.9778836e-02
5.3475998e-02   -6.3769966e-02
6.1287001e-02   -6.7240059e-02
6.9568001e-02   -6.9998726e-02
7.8308001e-02   -7.3245153e-02
8.7494999e-02   -7.6975346e-02
9.7115003e-02   -7.9651766e-02
1.0715700e-01   -8.2478397e-02
1.1760800e-01   -8.5818842e-02
1.2845400e-01   -8.7739170e-02
1.3968299e-01   -9.1463752e-02
1.5128200e-01   -9.4425358e-02
1.6323499e-01   -9.6500754e-02
1.7553200e-01   -9.9647783e-02
1.8815701e-01   -1.0154948e-01
2.0109700e-01   -1.0331061e-01
2.1433701e-01   -1.0594115e-01
2.2786400e-01   -1.0678703e-01
2.4166299e-01   -1.0909644e-01
2.5571901e-01   -1.1075492e-01
2.7001700e-01   -1.1200330e-01
2.8454199e-01   -1.1344183e-01
2.9927999e-01   -1.1515885e-01
3.1421500e-01   -1.1669771e-01
3.2933101e-01   -1.1667829e-01
3.4461299e-01   -1.1879049e-01
3.6004499e-01   -1.1854262e-01
3.7561101e-01   -1.1958766e-01
3.9129600e-01   -1.1973143e-01
4.0708300e-01   -1.2019484e-01
4.2295700e-01   -1.2088881e-01
4.3890101e-01   -1.2021382e-01
4.5489901e-01   -1.2047981e-01
4.7093499e-01   -1.2077510e-01
4.8699200e-01   -1.1928606e-01
5.0305498e-01   -1.1854594e-01
5.1910698e-01   -1.1825496e-01
5.3513199e-01   -1.1774143e-01
5.5111402e-01   -1.1580645e-01
5.6703597e-01   -1.1381072e-01
5.8288401e-01   -1.1245672e-01
5.9864002e-01   -1.1144061e-01
6.1429000e-01   -1.0832884e-01
6.2981701e-01   -1.0758451e-01
6.4520597e-01   -1.0451730e-01
6.6044199e-01   -1.0164922e-01
6.7550898e-01   -9.8379053e-02
6.9039297e-01   -9.5983818e-02
7.0507699e-01   -9.3714148e-02
7.1954900e-01   -8.9524992e-02
7.3379302e-01   -8.6135291e-02
7.4779499e-01   -8.1708968e-02
7.6154202e-01   -7.8851134e-02
7.7501899e-01   -7.4850135e-02
7.8821403e-01   -7.1883231e-02
8.0111301e-01   -6.7512564e-02
8.1370401e-01   -6.3943096e-02
8.2597297e-01   -6.0207810e-02
8.3791000e-01   -5.5798896e-02
8.4950101e-01   -5.2586216e-02
8.6073500e-01   -4.8168704e-02
8.7160099e-01   -4.4238962e-02
8.8208801e-01   -4.1179318e-02
8.9218402e-01   -3.7200924e-02
9.0188003e-01   -3.4012306e-02
9.1116500e-01   -3.0327890e-02
9.2003101e-01   -2.6961336e-02
9.2846799e-01   -2.3817578e-02
9.3646699e-01   -2.0686267e-02
9.4401902e-01   -1.7926404e-02
9.5111603e-01   -1.5593995e-02
9.5775098e-01   -1.3467083e-02
9.6392000e-01   -1.0876821e-02
9.6961600e-01   -8.6805327e-03
9.7483599e-01   -7.0848777e-03
9.7957498e-01   -5.4209260e-03
9.8383099e-01   -3.8614129e-03
9.8759800e-01   -3.1173623e-03
9.9087399e-01   -1.8637613e-03
9.9365300e-01   -1.5420204e-03
9.9593401e-01   -1.0177434e-03
9.9771100e-01   2.5657471e-05
9.9898201e-01   -3.5878966e-04
9.9974501e-01   1.3419660e-04
1.0000000e+00   -4.9626449e-04
