1.0000000e+00   2.5953881e-03
9.9974501e-01   2.7095750e-03
9.9898201e-01   3.0422434e-03
9.9771100e-01   3.5444209e-03
9.9593300e-01   4.1682683e-03
9.9365300e-01   4.9785636e-03
9.9087399e-01   6.0473830e-03
9.8759800e-01   7.3356112e-03
9.8382998e-01   8.8408655e-03
9.7957498e-01   1.0569441e-02
9.7483599e-01   1.2496827e-02
9.6961600e-01   1.4629217e-02
9.6392000e-01   1.7005080e-02
9.5775098e-01   1.9631876e-02
9.5111603e-01   2.2502020e-02
9.4401902e-01   2.5597289e-02
9.3646699e-01   2.8907500e-02
9.2846799e-01   3.2433055e-02
9.2003101e-01   3.6181930e-02
9.1116500e-01   4.0160444e-02
9.0187901e-01   4.4395220e-02
8.9218301e-01   4.8904557e-02
8.8208699e-01   5.3679392e-02
8.7160099e-01   5.8697239e-02
8.6073500e-01   6.3932948e-02
8.4950101e-01   6.9382429e-02
8.3791000e-01   7.5074799e-02
8.2597399e-01   8.0991879e-02
8.1370401e-01   8.7080717e-02
8.0111301e-01   9.3352124e-02
7.8821403e-01   9.9793844e-02
7.7501899e-01   1.0640692e-01
7.6154101e-01   1.1317328e-01
7.4779499e-01   1.2004470e-01
7.3379201e-01   1.2700355e-01
7.1954799e-01   1.3403141e-01
7.0507699e-01   1.4110707e-01
6.9039202e-01   1.4824921e-01
6.7550898e-01   1.5541965e-01
6.6044199e-01   1.6256686e-01
6.4520597e-01   1.6965279e-01
6.2981701e-01   1.7664596e-01
6.1429000e-01   1.8351503e-01
5.9864002e-01   1.9026513e-01
5.8288401e-01   1.9687176e-01
5.6703597e-01   2.0328453e-01
5.5111301e-01   2.0948236e-01
5.3513098e-01   2.1542764e-01
5.1910597e-01   2.2107214e-01
5.0305402e-01   2.2638455e-01
4.8699099e-01   2.3136014e-01
4.7093400e-01   2.3598689e-01
4.5489800e-01   2.4026416e-01
4.3889999e-01   2.4417898e-01
4.2295599e-01   2.4772294e-01
4.0708300e-01   2.5087810e-01
3.9129499e-01   2.5360611e-01
3.7560999e-01   2.5588468e-01
3.6004400e-01   2.5770584e-01
3.4461200e-01   2.5907090e-01
3.2933000e-01   2.5996345e-01
3.1421301e-01   2.6035002e-01
2.9927900e-01   2.6023853e-01
2.8454101e-01   2.5965187e-01
2.7001500e-01   2.5855637e-01
2.5571701e-01   2.5691307e-01
2.4166100e-01   2.5472423e-01
2.2786200e-01   2.5200588e-01
2.1433599e-01   2.4872462e-01
2.0109500e-01   2.4489120e-01
1.8815500e-01   2.4052349e-01
1.7553000e-01   2.3560801e-01
1.6323400e-01   2.3010845e-01
1.5128000e-01   2.2401364e-01
1.3968100e-01   2.1738558e-01
1.2845200e-01   2.1026081e-01
1.1760600e-01   2.0261468e-01
1.0715500e-01   1.9445521e-01
9.7112998e-02   1.8583603e-01
8.7493002e-02   1.7675273e-01
7.8305997e-02   1.6718961e-01
6.9565997e-02   1.5717050e-01
6.1285000e-02   1.4671315e-01
5.3474002e-02   1.3587432e-01
4.6149999e-02   1.2475318e-01
3.9326001e-02   1.1352396e-01
3.3013999e-02   1.0236348e-01
2.7230000e-02   9.1477513e-02
2.1980001e-02   8.0915943e-02
1.7277000e-02   7.0337899e-02
1.3141000e-02   5.9767075e-02
9.5729996e-03   4.9446035e-02
6.5830001e-03   3.9574794e-02
4.1880002e-03   3.0337809e-02
2.3540000e-03   2.1838523e-02
1.0810000e-03   1.4326246e-02
3.7100000e-04   8.0961119e-03
7.6999997e-05   3.4402432e-03
4.9999999e-06   5.7080056e-04
0.0000000e+00   -3.9578948e-04
4.9999999e-06   -1.3419117e-03
7.6999997e-05   -4.1097561e-03
3.7100000e-04   -8.4070470e-03
1.0810000e-03   -1.3705440e-02
2.3530000e-03   -1.9348018e-02
4.1880002e-03   -2.4801180e-02
6.5850001e-03   -2.9915793e-02
9.5760003e-03   -3.5045128e-02
1.3145000e-02   -4.0342495e-02
1.7281000e-02   -4.4941619e-02
2.1983000e-02   -4.8748843e-02
2.7232001e-02   -5.1948309e-02
3.3016000e-02   -5.4659680e-02
3.9328001e-02   -5.7045132e-02
4.6151999e-02   -5.9223454e-02
5.3475998e-02   -6.1258100e-02
6.1287001e-02   -6.3194424e-02
6.9568001e-02   -6.5037124e-02
7.8308001e-02   -6.6791788e-02
8.7494999e-02   -6.8434663e-02
9.7115003e-02   -6.9910891e-02
1.0715700e-01   -7.1224064e-02
1.1760800e-01   -7.2398886e-02
1.2845400e-01   -7.3426485e-02
1.3968299e-01   -7.4323796e-02
1.5128200e-01   -7.5131238e-02
1.6323499e-01   -7.5881384e-02
1.7553200e-01   -7.6564446e-02
1.8815701e-01   -7.7149987e-02
2.0109700e-01   -7.7641845e-02
2.1433701e-01   -7.8055017e-02
2.2786400e-01   -7.8365162e-02
2.4166299e-01   -7.8588575e-02
2.5571901e-01   -7.8771539e-02
2.7001700e-01   -7.8937665e-02
2.8454199e-01   -7.9071097e-02
2.9927999e-01   -7.9161614e-02
3.1421500e-01   -7.9209246e-02
3.2933101e-01   -7.9209127e-02
3.4461299e-01   -7.9152159e-02
3.6004499e-01   -7.9023018e-02
3.7561101e-01   -7.8822434e-02
3.9129600e-01   -7.8553721e-02
4.0708300e-01   -7.8215979e-02
4.2295700e-01   -7.7802561e-02
4.3890101e-01   -7.7335306e-02
4.5489901e-01   -7.6812536e-02
4.7093499e-01   -7.6225348e-02
4.8699200e-01   -7.5573333e-02
5.0305498e-01   -7.4882269e-02
5.1910698e-01   -7.4144840e-02
5.3513199e-01   -7.3363952e-02
5.5111402e-01   -7.2521307e-02
5.6703597e-01   -7.1597122e-02
5.8288401e-01   -7.0604905e-02
5.9864002e-01   -6.9565199e-02
6.1429000e-01   -6.8483844e-02
6.2981701e-01   -6.7352265e-02
6.4520597e-01   -6.6172689e-02
6.6044199e-01   -6.4929992e-02
6.7550898e-01   -6.3608430e-02
6.9039297e-01   -6.2214941e-02
7.0507699e-01   -6.0733471e-02
7.1954900e-01   -5.9181944e-02
7.3379302e-01   -5.7570845e-02
7.4779499e-01   -5.5948868e-02
7.6154202e-01   -5.4285176e-02
7.7501899e-01   -5.2588027e-02
7.8821403e-01   -5.0836064e-02
8.0111301e-01   -4.9018033e-02
8.1370401e-01   -4.7131795e-02
8.2597297e-01   -4.5163177e-02
8.3791000e-01   -4.3138370e-02
8.4950101e-01   -4.1084148e-02
8.6073500e-01   -3.9019458e-02
8.7160099e-01   -3.6956448e-02
8.8208801e-01   -3.4905460e-02
8.9218402e-01   -3.2882046e-02
9.0188003e-01   -3.0897535e-02
9.1116500e-01   -2.8960267e-02
9.2003101e-01   -2.7059900e-02
9.2846799e-01   -2.5176017e-02
9.3646699e-01   -2.3295308e-02
9.4401902e-01   -2.1433134e-02
9.5111603e-01   -1.9600194e-02
9.5775098e-01   -1.7785767e-02
9.6392000e-01   -1.5982289e-02
9.6961600e-01   -1.4185836e-02
9.7483599e-01   -1.2410645e-02
9.7957498e-01   -1.0731087e-02
9.8383099e-01   -9.2128813e-03
9.8759800e-01   -7.8407684e-03
9.9087399e-01   -6.6264714e-03
9.9365300e-01   -5.6186398e-03
9.9593401e-01   -4.8525166e-03
9.9771100e-01   -4.2763967e-03
9.9898201e-01   -3.8484349e-03
9.9974501e-01   -3.5826336e-03
1.0000000e+00   -3.4946033e-03
