1.0000000e+00   6.5849995e-06
9.9974501e-01   6.0410745e-04
9.9898201e-01   2.1032246e-03
9.9771100e-01   4.3744547e-03
9.9593300e-01   7.2068432e-03
9.9365300e-01   1.0701702e-02
9.9087399e-01   1.4594758e-02
9.8759800e-01   1.9102581e-02
9.8382998e-01   2.4351627e-02
9.7957498e-01   3.0159224e-02
9.7483599e-01   3.6714539e-02
9.6961600e-01   4.3469101e-02
9.6392000e-01   5.0687909e-02
9.5775098e-01   5.8232885e-02
9.5111603e-01   6.6408090e-02
9.4401902e-01   7.4974582e-02
9.3646699e-01   8.3857954e-02
9.2846799e-01   9.3382999e-02
9.2003101e-01   1.0305807e-01
9.1116500e-01   1.1322706e-01
9.0187901e-01   1.2394449e-01
8.9218301e-01   1.3449937e-01
8.8208699e-01   1.4535266e-01
8.7160099e-01   1.5663281e-01
8.6073500e-01   1.6831692e-01
8.4950101e-01   1.8007921e-01
8.3791000e-01   1.9226937e-01
8.2597399e-01   2.0466244e-01
8.1370401e-01   2.1713708e-01
8.0111301e-01   2.2976369e-01
7.8821403e-01   2.4230886e-01
7.7501899e-01   2.5514382e-01
7.6154101e-01   2.6765510e-01
7.4779499e-01   2.8038844e-01
7.3379201e-01   2.9292017e-01
7.1954799e-01   3.0573583e-01
7.0507699e-01   3.1815749e-01
6.9039202e-01   3.3040163e-01
6.7550898e-01   3.4270659e-01
6.6044199e-01   3.5506901e-01
6.4520597e-01   3.6698177e-01
6.2981701e-01   3.7845835e-01
6.1429000e-01   3.8962862e-01
5.9864002e-01   4.0060517e-01
5.8288401e-01   4.1135004e-01
5.6703597e-01   4.2128599e-01
5.5111301e-01   4.3079346e-01
5.3513098e-01   4.3984124e-01
5.1910597e-01   4.4866160e-01
5.0305402e-01   4.5662701e-01
4.8699099e-01   4.6394849e-01
4.7093400e-01   4.7049040e-01
4.5489800e-01   4.7600445e-01
4.3889999e-01   4.8078370e-01
4.2295599e-01   4.8438618e-01
4.0708300e-01   4.8747218e-01
3.9129499e-01   4.8931366e-01
3.7560999e-01   4.9050322e-01
3.6004400e-01   4.9032605e-01
3.4461200e-01   4.8947582e-01
3.2933000e-01   4.8758563e-01
3.1421301e-01   4.8451072e-01
2.9927900e-01   4.8017678e-01
2.8454101e-01   4.7500637e-01
2.7001500e-01   4.6875420e-01
2.5571701e-01   4.6171370e-01
2.4166100e-01   4.5355839e-01
2.2786200e-01   4.4470555e-01
2.1433599e-01   4.3479127e-01
2.0109500e-01   4.2345142e-01
1.8815500e-01   4.1138333e-01
1.7553000e-01   3.9841071e-01
1.6323400e-01   3.8454428e-01
1.5128000e-01   3.6977285e-01
1.3968100e-01   3.5435590e-01
1.2845200e-01   3.3834109e-01
1.1760600e-01   3.2158282e-01
1.0715500e-01   3.0415872e-01
9.7112998e-02   2.8698191e-01
8.7493002e-02   2.6916975e-01
7.8305997e-02   2.5090760e-01
6.9565997e-02   2.3243085e-01
6.1285000e-02   2.1408254e-01
5.3474002e-02   1.9552688e-01
4.6149999e-02   1.7715482e-01
3.9326001e-02   1.5899497e-01
3.3013999e-02   1.4109941e-01
2.7230000e-02   1.2374819e-01
2.1980001e-02   1.0682005e-01
1.7277000e-02   9.0861693e-02
1.3141000e-02   7.5256139e-02
9.5729996e-03   6.0540970e-02
6.5830001e-03   4.7010090e-02
4.1880002e-03   3.4993459e-02
2.3540000e-03   2.4519287e-02
1.0810000e-03   1.5953649e-02
3.7100000e-04   9.0178084e-03
7.6999997e-05   4.0777400e-03
4.9999999e-06   1.0041974e-03
0.0000000e+00   1.2597971e-05
4.9999999e-06   -8.6552399e-04
7.6999997e-05   -3.8545062e-03
3.7100000e-04   -8.0829728e-03
1.0810000e-03   -1.4000444e-02
2.3530000e-03   -2.0739377e-02
4.1880002e-03   -2.8050970e-02
6.5850001e-03   -3.4767114e-02
9.5760003e-03   -4.0465921e-02
1.3145000e-02   -4.5059796e-02
1.7281000e-02   -4.7892917e-02
2.1983000e-02   -4.9550913e-02
2.7232001e-02   -5.0613210e-02
3.3016000e-02   -5.0804745e-02
3.9328001e-02   -5.0478235e-02
4.6151999e-02   -4.9659580e-02
5.3475998e-02   -4.8305202e-02
6.1287001e-02   -4.6307996e-02
6.9568001e-02   -4.4090226e-02
7.8308001e-02   -4.1514106e-02
8.7494999e-02   -3.8481161e-02
9.7115003e-02   -3.4954663e-02
1.0715700e-01   -3.1459317e-02
1.1760800e-01   -2.7468828e-02
1.2845400e-01   -2.3354840e-02
1.3968299e-01   -1.8981747e-02
1.5128200e-01   -1.4121108e-02
1.6323499e-01   -9.0202102e-03
1.7553200e-01   -3.9352123e-03
1.8815701e-01   1.1804322e-03
2.0109700e-01   6.0425336e-03
2.1433701e-01   1.1268765e-02
2.2786400e-01   1.5647683e-02
2.4166299e-01   2.0294465e-02
2.5571901e-01   2.5080375e-02
2.7001700e-01   2.9344149e-02
2.8454199e-01   3.4169845e-02
2.9927999e-01   3.8738474e-02
3.1421500e-01   4.2961154e-02
3.2933101e-01   4.7080018e-02
3.4461299e-01   5.1077001e-02
3.6004499e-01   5.5316802e-02
3.7561101e-01   5.9316836e-02
3.9129600e-01   6.3060455e-02
4.0708300e-01   6.6609628e-02
4.2295700e-01   6.9821082e-02
4.3890101e-01   7.2503261e-02
4.5489901e-01   7.5225435e-02
4.7093499e-01   7.7902339e-02
4.8699200e-01   8.0029681e-02
5.0305498e-01   8.1787914e-02
5.1910698e-01   8.3182946e-02
5.3513199e-01   8.4149465e-02
5.5111402e-01   8.5839823e-02
5.6703597e-01   8.6463645e-02
5.8288401e-01   8.7725341e-02
5.9864002e-01   8.7941423e-02
6.1429000e-01   8.8009097e-02
6.2981701e-01   8.7627061e-02
6.4520597e-01   8.7151535e-02
6.6044199e-01   8.6024627e-02
6.7550898e-01   8.5173704e-02
6.9039297e-01   8.3441392e-02
7.0507699e-01   8.2286604e-02
7.1954900e-01   8.0277808e-02
7.3379302e-01   7.8787327e-02
7.4779499e-01   7.6821350e-02
7.6154202e-01   7.4695110e-02
7.7501899e-01   7.2118849e-02
7.8821403e-01   6.9210067e-02
8.0111301e-01   6.6575475e-02
8.1370401e-01   6.3782424e-02
8.2597297e-01   6.0480431e-02
8.3791000e-01   5.7853092e-02
8.4950101e-01   5.4819148e-02
8.6073500e-01   5.1605422e-02
8.7160099e-01   4.8011780e-02
8.8208801e-01   4.4699419e-02
8.9218402e-01   4.1418366e-02
9.0188003e-01   3.7753385e-02
9.1116500e-01   3.4418020e-02
9.2003101e-01   3.1083165e-02
9.2846799e-01   2.7813200e-02
9.3646699e-01   2.4992803e-02
9.4401902e-01   2.1966739e-02
9.5111603e-01   1.9214749e-02
9.5775098e-01   1.6646296e-02
9.6392000e-01   1.4166922e-02
9.6961600e-01   1.1681479e-02
9.7483599e-01   9.5390817e-03
9.7957498e-01   7.5379903e-03
9.8383099e-01   5.7986239e-03
9.8759800e-01   4.3642437e-03
9.9087399e-01   3.1021631e-03
9.9365300e-01   1.9653786e-03
9.9593401e-01   1.2050498e-03
9.9771100e-01   6.8735954e-04
9.9898201e-01   3.7409912e-04
9.9974501e-01   -1.3775745e-05
1.0000000e+00   3.3540720e-05
