1.0000000e+00   -2.8046892e-05
9.9974501e-01   3.1125633e-04
9.9898201e-01   1.1365684e-03
9.9771100e-01   2.2701756e-03
9.9593300e-01   3.9936341e-03
9.9365300e-01   6.3612480e-03
9.9087399e-01   9.3530519e-03
9.8759800e-01   1.3164906e-02
9.8382998e-01   1.7637230e-02
9.7957498e-01   2.2514192e-02
9.7483599e-01   2.7954645e-02
9.6961600e-01   3.3585131e-02
9.6392000e-01   3.9641909e-02
9.5775098e-01   4.5740757e-02
9.5111603e-01   5.2320443e-02
9.4401902e-01   5.9044544e-02
9.3646699e-01   6.6472888e-02
9.2846799e-01   7.4308492e-02
9.2003101e-01   8.2391702e-02
9.1116500e-01   9.0849251e-02
9.0187901e-01   1.0002805e-01
8.9218301e-01   1.0939795e-01
8.8208699e-01   1.1911222e-01
8.7160099e-01   1.2941098e-01
8.6073500e-01   1.4013144e-01
8.4950101e-01   1.5111648e-01
8.3791000e-01   1.6251488e-01
8.2597399e-01   1.7401093e-01
8.1370401e-01   1.8623799e-01
8.0111301e-01   1.9838193e-01
7.8821403e-01   2.1066843e-01
7.7501899e-01   2.2324808e-01
7.6154101e-01   2.3598836e-01
7.4779499e-01   2.4900743e-01
7.3379201e-01   2.6188487e-01
7.1954799e-01   2.7512133e-01
7.0507699e-01   2.8798494e-01
6.9039202e-01   3.0092368e-01
6.7550898e-01   3.1399733e-01
6.6044199e-01   3.2691032e-01
6.4520597e-01   3.3921018e-01
6.2981701e-01   3.5128421e-01
6.1429000e-01   3.6262140e-01
5.9864002e-01   3.7354210e-01
5.8288401e-01   3.8387907e-01
5.6703597e-01   3.9339432e-01
5.5111301e-01   4.0223551e-01
5.3513098e-01   4.1053149e-01
5.1910597e-01   4.1835406e-01
5.0305402e-01   4.2507112e-01
4.8699099e-01   4.3129396e-01
4.7093400e-01   4.3649122e-01
4.5489800e-01   4.4094661e-01
4.3889999e-01   4.4437119e-01
4.2295599e-01   4.4683114e-01
4.0708300e-01   4.4828060e-01
3.9129499e-01   4.4885579e-01
3.7560999e-01   4.4883513e-01
3.6004400e-01   4.4755027e-01
3.4461200e-01   4.4554907e-01
3.2933000e-01   4.4269395e-01
3.1421301e-01   4.3872914e-01
2.9927900e-01   4.3405223e-01
2.8454101e-01   4.2867965e-01
2.7001500e-01   4.2205521e-01
2.5571701e-01   4.1484573e-01
2.4166100e-01   4.0697441e-01
2.2786200e-01   3.9857823e-01
2.1433599e-01   3.8918152e-01
2.0109500e-01   3.7866616e-01
1.8815500e-01   3.6795005e-01
1.7553000e-01   3.5620654e-01
1.6323400e-01   3.4409356e-01
1.5128000e-01   3.3106890e-01
1.3968100e-01   3.1781432e-01
1.2845200e-01   3.0421111e-01
1.1760600e-01   2.9025409e-01
1.0715500e-01   2.7551749e-01
9.7112998e-02   2.6124355e-01
8.7493002e-02   2.4588685e-01
7.8305997e-02   2.3047371e-01
6.9565997e-02   2.1447556e-01
6.1285000e-02   1.9844668e-01
5.3474002e-02   1.8247631e-01
4.6149999e-02   1.6623992e-01
3.9326001e-02   1.4990997e-01
3.3013999e-02   1.3383391e-01
2.7230000e-02   1.1805665e-01
2.1980001e-02   1.0262324e-01
1.7277000e-02   8.7818377e-02
1.3141000e-02   7.3609568e-02
9.5729996e-03   5.9852779e-02
6.5830001e-03   4.6892632e-02
4.1880002e-03   3.5105318e-02
2.3540000e-03   2.4763798e-02
1.0810000e-03   1.6067062e-02
3.7100000e-04   8.9060087e-03
7.6999997e-05   3.9970893e-03
4.9999999e-06   9.8471693e-04
0.0000000e+00   1.4460134e-05
4.9999999e-06   -9.3554682e-04
7.6999997e-05   -3.8984427e-03
3.7100000e-04   -8.5012866e-03
1.0810000e-03   -1.4826387e-02
2.3530000e-03   -2.2455987e-02
4.1880002e-03   -3.1290483e-02
6.5850001e-03   -4.0520217e-02
9.5760003e-03   -5.0133958e-02
1.3145000e-02   -5.9769109e-02
1.7281000e-02   -6.9514036e-02
2.1983000e-02   -7.9217687e-02
2.7232001e-02   -8.8773444e-02
3.3016000e-02   -9.7683877e-02
3.9328001e-02   -1.0650550e-01
4.6151999e-02   -1.1536428e-01
5.3475998e-02   -1.2397262e-01
6.1287001e-02   -1.3210489e-01
6.9568001e-02   -1.4040248e-01
7.8308001e-02   -1.4835809e-01
8.7494999e-02   -1.5624923e-01
9.7115003e-02   -1.6351753e-01
1.0715700e-01   -1.7081857e-01
1.1760800e-01   -1.7775255e-01
1.2845400e-01   -1.8459824e-01
1.3968299e-01   -1.9056997e-01
1.5128200e-01   -1.9635232e-01
1.6323499e-01   -2.0192459e-01
1.7553200e-01   -2.0699689e-01
1.8815701e-01   -2.1169235e-01
2.0109700e-01   -2.1573865e-01
2.1433701e-01   -2.1928135e-01
2.2786400e-01   -2.2338626e-01
2.4166299e-01   -2.2658004e-01
2.5571901e-01   -2.2903576e-01
2.7001700e-01   -2.3163171e-01
2.8454199e-01   -2.3312727e-01
2.9927999e-01   -2.3451065e-01
3.1421500e-01   -2.3556472e-01
3.2933101e-01   -2.3663919e-01
3.4461299e-01   -2.3688205e-01
3.6004499e-01   -2.3653869e-01
3.7561101e-01   -2.3561765e-01
3.9129600e-01   -2.3423454e-01
4.0708300e-01   -2.3267737e-01
4.2295700e-01   -2.3005451e-01
4.3890101e-01   -2.2722711e-01
4.5489901e-01   -2.2359689e-01
4.7093499e-01   -2.1955054e-01
4.8699200e-01   -2.1515295e-01
5.0305498e-01   -2.1008432e-01
5.1910698e-01   -2.0447469e-01
5.3513199e-01   -1.9866209e-01
5.5111402e-01   -1.9175549e-01
5.6703597e-01   -1.8483256e-01
5.8288401e-01   -1.7714992e-01
5.9864002e-01   -1.6905637e-01
6.1429000e-01   -1.6054735e-01
6.2981701e-01   -1.5180391e-01
6.4520597e-01   -1.4302804e-01
6.6044199e-01   -1.3406716e-01
6.7550898e-01   -1.2536949e-01
6.9039297e-01   -1.1623640e-01
7.0507699e-01   -1.0733884e-01
7.1954900e-01   -9.8628864e-02
7.3379302e-01   -8.9999489e-02
7.4779499e-01   -8.1476137e-02
7.6154202e-01   -7.3308505e-02
7.7501899e-01   -6.5556690e-02
7.8821403e-01   -5.8001976e-02
8.0111301e-01   -5.0364316e-02
8.1370401e-01   -4.3325737e-02
8.2597297e-01   -3.6615878e-02
8.3791000e-01   -2.9672457e-02
8.4950101e-01   -2.4137894e-02
8.6073500e-01   -1.8679883e-02
8.7160099e-01   -1.3991899e-02
8.8208801e-01   -9.6888412e-03
8.9218402e-01   -6.0626259e-03
9.0188003e-01   -3.0385591e-03
9.1116500e-01   -2.7582981e-04
9.2003101e-01   1.9979517e-03
9.2846799e-01   3.8765392e-03
9.3646699e-01   5.2552475e-03
9.4401902e-01   6.1664330e-03
9.5111603e-01   6.6739577e-03
9.5775098e-01   6.6710948e-03
9.6392000e-01   6.6264169e-03
9.6961600e-01   6.0293181e-03
9.7483599e-01   5.6500062e-03
9.7957498e-01   5.1211528e-03
9.8383099e-01   4.3727378e-03
9.8759800e-01   3.5383198e-03
9.9087399e-01   2.5968307e-03
9.9365300e-01   1.9004579e-03
9.9593401e-01   1.2224907e-03
9.9771100e-01   7.6345529e-04
9.9898201e-01   4.5903775e-04
9.9974501e-01   -2.2281798e-05
1.0000000e+00   2.0470125e-06
