1.0000000e+00   -1.7500484e-03
9.9974501e-01   -1.4058138e-03
9.9898201e-01   -1.2827211e-04
9.9771100e-01   1.0790504e-03
9.9593300e-01   2.8239817e-03
9.9365300e-01   5.3895311e-03
9.9087399e-01   7.8896564e-03
9.8759800e-01   1.1318045e-02
9.8382998e-01   1.5651956e-02
9.7957498e-01   2.0351192e-02
9.7483599e-01   2.5645699e-02
9.6961600e-01   3.0899018e-02
9.6392000e-01   3.6876570e-02
9.5775098e-01   4.3089092e-02
9.5111603e-01   5.0258480e-02
9.4401902e-01   5.7382014e-02
9.3646699e-01   6.5337606e-02
9.2846799e-01   7.4145228e-02
9.2003101e-01   8.2390912e-02
9.1116500e-01   9.1281094e-02
9.0187901e-01   1.0096520e-01
8.9218301e-01   1.1110486e-01
8.8208699e-01   1.2134158e-01
8.7160099e-01   1.3227950e-01
8.6073500e-01   1.4271712e-01
8.4950101e-01   1.5428880e-01
8.3791000e-01   1.6531560e-01
8.2597399e-01   1.7700928e-01
8.1370401e-01   1.8985078e-01
8.0111301e-01   2.0184886e-01
7.8821403e-01   2.1528332e-01
7.7501899e-01   2.2734721e-01
7.6154101e-01   2.3993829e-01
7.4779499e-01   2.5273466e-01
7.3379201e-01   2.6326886e-01
7.1954799e-01   2.7486318e-01
7.0507699e-01   2.8480771e-01
6.9039202e-01   2.9536352e-01
6.7550898e-01   3.0475870e-01
6.6044199e-01   3.1244424e-01
6.4520597e-01   3.2112062e-01
6.2981701e-01   3.2789385e-01
6.1429000e-01   3.3397233e-01
5.9864002e-01   3.3984342e-01
5.8288401e-01   3.4538898e-01
5.6703597e-01   3.5030895e-01
5.5111301e-01   3.5408896e-01
5.3513098e-01   3.5673907e-01
5.1910597e-01   3.6023191e-01
5.0305402e-01   3.6107355e-01
4.8699099e-01   3.6221623e-01
4.7093400e-01   3.6252034e-01
4.5489800e-01   3.6287272e-01
4.3889999e-01   3.6188158e-01
4.2295599e-01   3.5954562e-01
4.0708300e-01   3.5871026e-01
3.9129499e-01   3.5509315e-01
3.7560999e-01   3.5244694e-01
3.6004400e-01   3.4906766e-01
3.4461200e-01   3.4495068e-01
3.2933000e-01   3.4010538e-01
3.1421301e-01   3.3516225e-01
2.9927900e-01   3.2972476e-01
2.8454101e-01   3.2397601e-01
2.7001500e-01   3.1724757e-01
2.5571701e-01   3.1046778e-01
2.4166100e-01   3.0302787e-01
2.2786200e-01   2.9572552e-01
2.1433599e-01   2.8774515e-01
2.0109500e-01   2.7835780e-01
1.8815500e-01   2.6965788e-01
1.7553000e-01   2.6088023e-01
1.6323400e-01   2.5169668e-01
1.5128000e-01   2.4186099e-01
1.3968100e-01   2.3183762e-01
1.2845200e-01   2.2215861e-01
1.1760600e-01   2.1164224e-01
1.0715500e-01   2.0176013e-01
9.7112998e-02   1.9058430e-01
8.7493002e-02   1.7991570e-01
7.8305997e-02   1.6914174e-01
6.9565997e-02   1.5818280e-01
6.1285000e-02   1.4752626e-01
5.3474002e-02   1.3669498e-01
4.6149999e-02   1.2480649e-01
3.9326001e-02   1.1362843e-01
3.3013999e-02   1.0274199e-01
2.7230000e-02   9.1264948e-02
2.1980001e-02   7.9952307e-02
1.7277000e-02   6.9168262e-02
1.3141000e-02   5.8428861e-02
9.5729996e-03   4.8110984e-02
6.5830001e-03   3.8629301e-02
4.1880002e-03   3.0079147e-02
2.3540000e-03   2.1978199e-02
1.0810000e-03   1.5436647e-02
3.7100000e-04   1.0663327e-02
7.6999997e-05   6.8225884e-03
4.9999999e-06   4.4555734e-03
0.0000000e+00   3.4797222e-03
4.9999999e-06   2.7171557e-03
7.6999997e-05   5.9816934e-04
3.7100000e-04   -3.0847923e-03
1.0810000e-03   -8.1638927e-03
2.3530000e-03   -1.4153986e-02
4.1880002e-03   -2.1479305e-02
6.5850001e-03   -2.9397506e-02
9.5760003e-03   -3.6730360e-02
1.3145000e-02   -4.4442326e-02
1.7281000e-02   -5.1572841e-02
2.1983000e-02   -5.8734242e-02
2.7232001e-02   -6.5959789e-02
3.3016000e-02   -7.3198386e-02
3.9328001e-02   -7.9492167e-02
4.6151999e-02   -8.6742267e-02
5.3475998e-02   -9.3116090e-02
6.1287001e-02   -9.9732198e-02
6.9568001e-02   -1.0628325e-01
7.8308001e-02   -1.1294961e-01
8.7494999e-02   -1.1878771e-01
9.7115003e-02   -1.2650882e-01
1.0715700e-01   -1.3246827e-01
1.1760800e-01   -1.3872473e-01
1.2845400e-01   -1.4429520e-01
1.3968299e-01   -1.5069047e-01
1.5128200e-01   -1.5560317e-01
1.6323499e-01   -1.6124177e-01
1.7553200e-01   -1.6642155e-01
1.8815701e-01   -1.7184025e-01
2.0109700e-01   -1.7621954e-01
2.1433701e-01   -1.8108739e-01
2.2786400e-01   -1.8509303e-01
2.4166299e-01   -1.8925469e-01
2.5571901e-01   -1.9321135e-01
2.7001700e-01   -1.9701512e-01
2.8454199e-01   -2.0030591e-01
2.9927999e-01   -2.0351525e-01
3.1421500e-01   -2.0578459e-01
3.2933101e-01   -2.0751776e-01
3.4461299e-01   -2.0941636e-01
3.6004499e-01   -2.1046917e-01
3.7561101e-01   -2.1186413e-01
3.9129600e-01   -2.1225181e-01
4.0708300e-01   -2.1082944e-01
4.2295700e-01   -2.1096183e-01
4.3890101e-01   -2.0966625e-01
4.5489901e-01   -2.0636868e-01
4.7093499e-01   -2.0409693e-01
4.8699200e-01   -2.0136045e-01
5.0305498e-01   -1.9790858e-01
5.1910698e-01   -1.9333512e-01
5.3513199e-01   -1.8810605e-01
5.5111402e-01   -1.8228467e-01
5.6703597e-01   -1.7520072e-01
5.8288401e-01   -1.6819996e-01
5.9864002e-01   -1.6065365e-01
6.1429000e-01   -1.5221228e-01
6.2981701e-01   -1.4302702e-01
6.4520597e-01   -1.3348614e-01
6.6044199e-01   -1.2400986e-01
6.7550898e-01   -1.1276679e-01
6.9039297e-01   -1.0248540e-01
7.0507699e-01   -9.2869751e-02
7.1954900e-01   -8.2610793e-02
7.3379302e-01   -7.3277354e-02
7.4779499e-01   -6.3584521e-02
7.6154202e-01   -5.4323737e-02
7.7501899e-01   -4.4708192e-02
7.8821403e-01   -3.6593650e-02
8.0111301e-01   -2.8413391e-02
8.1370401e-01   -2.0779135e-02
8.2597297e-01   -1.2927010e-02
8.3791000e-01   -7.1393959e-03
8.4950101e-01   -1.3952544e-03
8.6073500e-01   3.5066032e-03
8.7160099e-01   8.4061716e-03
8.8208801e-01   1.1936858e-02
8.9218402e-01   1.4856928e-02
9.0188003e-01   1.7228002e-02
9.1116500e-01   1.9052044e-02
9.2003101e-01   2.0866387e-02
9.2846799e-01   2.1879207e-02
9.3646699e-01   2.1916432e-02
9.4401902e-01   2.0945687e-02
9.5111603e-01   2.0744257e-02
9.5775098e-01   1.9224605e-02
9.6392000e-01   1.7630167e-02
9.6961600e-01   1.5584454e-02
9.7483599e-01   1.3600565e-02
9.7957498e-01   1.1283102e-02
9.8383099e-01   9.4894040e-03
9.8759800e-01   7.2381897e-03
9.9087399e-01   5.4536480e-03
9.9365300e-01   3.4718234e-03
9.9593401e-01   1.5599005e-03
9.9771100e-01   3.9985517e-04
9.9898201e-01   -3.5517637e-04
9.9974501e-01   -9.9204306e-04
1.0000000e+00   -1.2131076e-03
