1.0000000e+00   -1.2354672e-05
9.9974501e-01   2.6818115e-04
9.9898201e-01   1.0410157e-03
9.9771100e-01   2.2996238e-03
9.9593300e-01   3.7525496e-03
9.9365300e-01   5.7258108e-03
9.9087399e-01   8.2198121e-03
9.8759800e-01   1.1089185e-02
9.8382998e-01   1.4329313e-02
9.7957498e-01   1.7949846e-02
9.7483599e-01   2.2068435e-02
9.6961600e-01   2.6310025e-02
9.6392000e-01   3.0969322e-02
9.5775098e-01   3.5827566e-02
9.5111603e-01   4.1075207e-02
9.4401902e-01   4.6627514e-02
9.3646699e-01   5.2563932e-02
9.2846799e-01   5.8822174e-02
9.2003101e-01   6.5185346e-02
9.1116500e-01   7.1856394e-02
9.0187901e-01   7.8806050e-02
8.9218301e-01   8.5871071e-02
8.8208699e-01   9.3194455e-02
8.7160099e-01   1.0091555e-01
8.6073500e-01   1.0886730e-01
8.4950101e-01   1.1692348e-01
8.3791000e-01   1.2533674e-01
8.2597399e-01   1.3387764e-01
8.1370401e-01   1.4270367e-01
8.0111301e-01   1.5157188e-01
7.8821403e-01   1.6049327e-01
7.7501899e-01   1.6953553e-01
7.6154101e-01   1.7856330e-01
7.4779499e-01   1.8765521e-01
7.3379201e-01   1.9639805e-01
7.1954799e-01   2.0547242e-01
7.0507699e-01   2.1414967e-01
6.9039202e-01   2.2277080e-01
6.7550898e-01   2.3145729e-01
6.6044199e-01   2.3998064e-01
6.4520597e-01   2.4834898e-01
6.2981701e-01   2.5672966e-01
6.1429000e-01   2.6474321e-01
5.9864002e-01   2.7251801e-01
5.8288401e-01   2.8016913e-01
5.6703597e-01   2.8720075e-01
5.5111301e-01   2.9395267e-01
5.3513098e-01   3.0037063e-01
5.1910597e-01   3.0661610e-01
5.0305402e-01   3.1221747e-01
4.8699099e-01   3.1746081e-01
4.7093400e-01   3.2202771e-01
4.5489800e-01   3.2621220e-01
4.3889999e-01   3.2988036e-01
4.2295599e-01   3.3277410e-01
4.0708300e-01   3.3503833e-01
3.9129499e-01   3.3682930e-01
3.7560999e-01   3.3798242e-01
3.6004400e-01   3.3847547e-01
3.4461200e-01   3.3868092e-01
3.2933000e-01   3.3802170e-01
3.1421301e-01   3.3648798e-01
2.9927900e-01   3.3450058e-01
2.8454101e-01   3.3202383e-01
2.7001500e-01   3.2880217e-01
2.5571701e-01   3.2502240e-01
2.4166100e-01   3.2055318e-01
2.2786200e-01   3.1571120e-01
2.1433599e-01   3.1000423e-01
2.0109500e-01   3.0346233e-01
1.8815500e-01   2.9642868e-01
1.7553000e-01   2.8868207e-01
1.6323400e-01   2.8059569e-01
1.5128000e-01   2.7170339e-01
1.3968100e-01   2.6239166e-01
1.2845200e-01   2.5258291e-01
1.1760600e-01   2.4218002e-01
1.0715500e-01   2.3110452e-01
9.7112998e-02   2.2014251e-01
8.7493002e-02   2.0858301e-01
7.8305997e-02   1.9662595e-01
6.9565997e-02   1.8432710e-01
6.1285000e-02   1.7175809e-01
5.3474002e-02   1.5888162e-01
4.6149999e-02   1.4598316e-01
3.9326001e-02   1.3280679e-01
3.3013999e-02   1.1966507e-01
2.7230000e-02   1.0658320e-01
2.1980001e-02   9.3579672e-02
1.7277000e-02   8.0824152e-02
1.3141000e-02   6.8179615e-02
9.5729996e-03   5.5864446e-02
6.5830001e-03   4.4098705e-02
4.1880002e-03   3.3331517e-02
2.3540000e-03   2.3623096e-02
1.0810000e-03   1.5464641e-02
3.7100000e-04   8.7064896e-03
7.6999997e-05   3.9208829e-03
4.9999999e-06   9.7381347e-04
0.0000000e+00   2.1493192e-06
4.9999999e-06   -9.1363327e-04
7.6999997e-05   -3.8089696e-03
3.7100000e-04   -8.2538221e-03
1.0810000e-03   -1.4216896e-02
2.3530000e-03   -2.1075903e-02
4.1880002e-03   -2.8459605e-02
6.5850001e-03   -3.5286892e-02
9.5760003e-03   -4.1668188e-02
1.3145000e-02   -4.7486432e-02
1.7281000e-02   -5.2550599e-02
2.1983000e-02   -5.6893401e-02
2.7232001e-02   -6.1056163e-02
3.3016000e-02   -6.4743571e-02
3.9328001e-02   -6.7858063e-02
4.6151999e-02   -7.0842333e-02
5.3475998e-02   -7.3261462e-02
6.1287001e-02   -7.5351380e-02
6.9568001e-02   -7.7025086e-02
7.8308001e-02   -7.8475989e-02
8.7494999e-02   -7.9671353e-02
9.7115003e-02   -8.0337830e-02
1.0715700e-01   -8.0979526e-02
1.1760800e-01   -8.1247576e-02
1.2845400e-01   -8.1480987e-02
1.3968299e-01   -8.1329606e-02
1.5128200e-01   -8.0914408e-02
1.6323499e-01   -8.0212817e-02
1.7553200e-01   -7.9631411e-02
1.8815701e-01   -7.8787021e-02
2.0109700e-01   -7.7708311e-02
2.1433701e-01   -7.6322921e-02
2.2786400e-01   -7.5461537e-02
2.4166299e-01   -7.4228555e-02
2.5571901e-01   -7.2461121e-02
2.7001700e-01   -7.1086183e-02
2.8454199e-01   -6.9198854e-02
2.9927999e-01   -6.7238428e-02
3.1421500e-01   -6.5330155e-02
3.2933101e-01   -6.3425422e-02
3.4461299e-01   -6.1322708e-02
3.6004499e-01   -5.9157178e-02
3.7561101e-01   -5.6994144e-02
3.9129600e-01   -5.4841790e-02
4.0708300e-01   -5.2699406e-02
4.2295700e-01   -5.0512794e-02
4.3890101e-01   -4.8636496e-02
4.5489901e-01   -4.6557788e-02
4.7093499e-01   -4.4391453e-02
4.8699200e-01   -4.2416774e-02
5.0305498e-01   -4.0430356e-02
5.1910698e-01   -3.8538888e-02
5.3513199e-01   -3.6899541e-02
5.5111402e-01   -3.4980536e-02
5.6703597e-01   -3.3279136e-02
5.8288401e-01   -3.1257883e-02
5.9864002e-01   -2.9474316e-02
6.1429000e-01   -2.7644079e-02
6.2981701e-01   -2.5993578e-02
6.4520597e-01   -2.4078200e-02
6.6044199e-01   -2.2565624e-02
6.7550898e-01   -2.0915132e-02
6.9039297e-01   -1.9271201e-02
7.0507699e-01   -1.7777316e-02
7.1954900e-01   -1.6347725e-02
7.3379302e-01   -1.5024753e-02
7.4779499e-01   -1.3651439e-02
7.6154202e-01   -1.2437317e-02
7.7501899e-01   -1.1509582e-02
7.8821403e-01   -1.0646209e-02
8.0111301e-01   -9.6776523e-03
8.1370401e-01   -8.5796360e-03
8.2597297e-01   -7.7798399e-03
8.3791000e-01   -6.7097284e-03
8.4950101e-01   -6.0423976e-03
8.6073500e-01   -5.2877860e-03
8.7160099e-01   -4.8083328e-03
8.8208801e-01   -4.2432942e-03
8.9218402e-01   -3.8338078e-03
9.0188003e-01   -3.6064780e-03
9.1116500e-01   -3.2062626e-03
9.2003101e-01   -2.9132443e-03
9.2846799e-01   -2.7567386e-03
9.3646699e-01   -2.4649070e-03
9.4401902e-01   -2.2839948e-03
9.5111603e-01   -1.9899493e-03
9.5775098e-01   -1.9304383e-03
9.6392000e-01   -1.7832052e-03
9.6961600e-01   -1.6417362e-03
9.7483599e-01   -1.3758332e-03
9.7957498e-01   -1.1500344e-03
9.8383099e-01   -9.8661112e-04
9.8759800e-01   -7.6057768e-04
9.9087399e-01   -4.9586088e-04
9.9365300e-01   -3.7483763e-04
9.9593401e-01   -2.9922271e-04
9.9771100e-01   -1.5789806e-04
9.9898201e-01   3.8340368e-06
9.9974501e-01   -7.6125682e-05
1.0000000e+00   5.4678658e-06
