1.0000000e+00   -1.1740696e-05
9.9974501e-01   1.6585867e-04
9.9898201e-01   7.1079767e-04
9.9771100e-01   1.6027358e-03
9.9593300e-01   2.6171417e-03
9.9365300e-01   4.0311613e-03
9.9087399e-01   5.8990512e-03
9.8759800e-01   8.0100857e-03
9.8382998e-01   1.0408352e-02
9.7957498e-01   1.3140354e-02
9.7483599e-01   1.6300755e-02
9.6961600e-01   1.9550804e-02
9.6392000e-01   2.3217399e-02
9.5775098e-01   2.7048299e-02
9.5111603e-01   3.1117061e-02
9.4401902e-01   3.5509773e-02
9.3646699e-01   4.0223725e-02
9.2846799e-01   4.5205969e-02
9.2003101e-01   5.0323494e-02
9.1116500e-01   5.5694606e-02
9.0187901e-01   6.1419103e-02
8.9218301e-01   6.7312300e-02
8.8208699e-01   7.3444419e-02
8.7160099e-01   7.9947419e-02
8.6073500e-01   8.6651668e-02
8.4950101e-01   9.3398213e-02
8.3791000e-01   1.0051049e-01
8.2597399e-01   1.0777725e-01
8.1370401e-01   1.1539329e-01
8.0111301e-01   1.2300844e-01
7.8821403e-01   1.3069946e-01
7.7501899e-01   1.3849482e-01
7.6154101e-01   1.4638020e-01
7.4779499e-01   1.5434973e-01
7.3379201e-01   1.6198972e-01
7.1954799e-01   1.6981520e-01
7.0507699e-01   1.7745137e-01
6.9039202e-01   1.8502645e-01
6.7550898e-01   1.9277798e-01
6.6044199e-01   2.0023394e-01
6.4520597e-01   2.0747302e-01
6.2981701e-01   2.1471003e-01
6.1429000e-01   2.2167288e-01
5.9864002e-01   2.2828671e-01
5.8288401e-01   2.3475449e-01
5.6703597e-01   2.4072853e-01
5.5111301e-01   2.4648584e-01
5.3513098e-01   2.5194803e-01
5.1910597e-01   2.5727713e-01
5.0305402e-01   2.6196373e-01
4.8699099e-01   2.6640451e-01
4.7093400e-01   2.7024439e-01
4.5489800e-01   2.7383456e-01
4.3889999e-01   2.7695560e-01
4.2295599e-01   2.7940044e-01
4.0708300e-01   2.8134295e-01
3.9129499e-01   2.8285521e-01
3.7560999e-01   2.8386658e-01
3.6004400e-01   2.8438026e-01
3.4461200e-01   2.8471211e-01
3.2933000e-01   2.8423139e-01
3.1421301e-01   2.8303581e-01
2.9927900e-01   2.8155622e-01
2.8454101e-01   2.7970055e-01
2.7001500e-01   2.7717087e-01
2.5571701e-01   2.7427915e-01
2.4166100e-01   2.7082282e-01
2.2786200e-01   2.6707241e-01
2.1433599e-01   2.6265222e-01
2.0109500e-01   2.5761881e-01
1.8815500e-01   2.5228161e-01
1.7553000e-01   2.4627672e-01
1.6323400e-01   2.4012747e-01
1.5128000e-01   2.3317127e-01
1.3968100e-01   2.2596921e-01
1.2845200e-01   2.1827498e-01
1.1760600e-01   2.1011451e-01
1.0715500e-01   2.0125662e-01
9.7112998e-02   1.9249547e-01
8.7493002e-02   1.8309179e-01
7.8305997e-02   1.7341250e-01
6.9565997e-02   1.6336085e-01
6.1285000e-02   1.5296412e-01
5.3474002e-02   1.4223708e-01
4.6149999e-02   1.3142927e-01
3.9326001e-02   1.2025696e-01
3.3013999e-02   1.0903795e-01
2.7230000e-02   9.7798295e-02
2.1980001e-02   8.6537331e-02
1.7277000e-02   7.5337246e-02
1.3141000e-02   6.4127490e-02
9.5729996e-03   5.3090196e-02
6.5830001e-03   4.2391237e-02
4.1880002e-03   3.2390386e-02
2.3540000e-03   2.3195334e-02
1.0810000e-03   1.5267003e-02
3.7100000e-04   8.6133555e-03
7.6999997e-05   3.8855472e-03
4.9999999e-06   9.7226794e-04
0.0000000e+00   6.0062048e-06
4.9999999e-06   -9.2557212e-04
7.6999997e-05   -3.8016061e-03
3.7100000e-04   -8.2863886e-03
1.0810000e-03   -1.4156532e-02
2.3530000e-03   -2.0793891e-02
4.1880002e-03   -2.7703067e-02
6.5850001e-03   -3.4111403e-02
9.5760003e-03   -4.0331837e-02
1.3145000e-02   -4.6312694e-02
1.7281000e-02   -5.2065551e-02
2.1983000e-02   -5.7380870e-02
2.7232001e-02   -6.2509365e-02
3.3016000e-02   -6.7332968e-02
3.9328001e-02   -7.1741782e-02
4.6151999e-02   -7.5971745e-02
5.3475998e-02   -7.9866417e-02
6.1287001e-02   -8.3571248e-02
6.9568001e-02   -8.6939849e-02
7.8308001e-02   -9.0123795e-02
8.7494999e-02   -9.3134671e-02
9.7115003e-02   -9.5711485e-02
1.0715700e-01   -9.8273866e-02
1.1760800e-01   -1.0055760e-01
1.2845400e-01   -1.0282776e-01
1.3968299e-01   -1.0477775e-01
1.5128200e-01   -1.0644440e-01
1.6323499e-01   -1.0789883e-01
1.7553200e-01   -1.0947230e-01
1.8815701e-01   -1.1078941e-01
2.0109700e-01   -1.1184880e-01
2.1433701e-01   -1.1256486e-01
2.2786400e-01   -1.1372147e-01
2.4166299e-01   -1.1443425e-01
2.5571901e-01   -1.1466056e-01
2.7001700e-01   -1.1512053e-01
2.8454199e-01   -1.1501352e-01
2.9927999e-01   -1.1485781e-01
3.1421500e-01   -1.1466122e-01
3.2933101e-01   -1.1445197e-01
3.4461299e-01   -1.1395355e-01
3.6004499e-01   -1.1332408e-01
3.7561101e-01   -1.1247092e-01
3.9129600e-01   -1.1148237e-01
4.0708300e-01   -1.1045252e-01
4.2295700e-01   -1.0913158e-01
4.3890101e-01   -1.0794274e-01
4.5489901e-01   -1.0642729e-01
4.7093499e-01   -1.0475826e-01
4.8699200e-01   -1.0290483e-01
5.0305498e-01   -1.0082722e-01
5.1910698e-01   -9.8573916e-02
5.3513199e-01   -9.6403375e-02
5.5111402e-01   -9.3844309e-02
5.6703597e-01   -9.1270640e-02
5.8288401e-01   -8.8266894e-02
5.9864002e-01   -8.5345328e-02
6.1429000e-01   -8.2179695e-02
6.2981701e-01   -7.9049274e-02
6.4520597e-01   -7.5613253e-02
6.6044199e-01   -7.2406948e-02
6.7550898e-01   -6.9095284e-02
6.9039297e-01   -6.5620117e-02
7.0507699e-01   -6.2349778e-02
7.1954900e-01   -5.8972005e-02
7.3379302e-01   -5.5768430e-02
7.4779499e-01   -5.2378487e-02
7.6154202e-01   -4.9201757e-02
7.7501899e-01   -4.6264261e-02
7.8821403e-01   -4.3382756e-02
8.0111301e-01   -4.0439386e-02
8.1370401e-01   -3.7467781e-02
8.2597297e-01   -3.4826517e-02
8.3791000e-01   -3.2038048e-02
8.4950101e-01   -2.9686391e-02
8.6073500e-01   -2.7135620e-02
8.7160099e-01   -2.4857111e-02
8.8208801e-01   -2.2570048e-02
8.9218402e-01   -2.0364178e-02
9.0188003e-01   -1.8486505e-02
9.1116500e-01   -1.6561667e-02
9.2003101e-01   -1.4738482e-02
9.2846799e-01   -1.3106987e-02
9.3646699e-01   -1.1567030e-02
9.4401902e-01   -1.0173068e-02
9.5111603e-01   -8.8278856e-03
9.5775098e-01   -7.7912030e-03
9.6392000e-01   -6.6688522e-03
9.6961600e-01   -5.7064085e-03
9.7483599e-01   -4.6914560e-03
9.7957498e-01   -3.7741808e-03
9.8383099e-01   -3.0024189e-03
9.8759800e-01   -2.2296146e-03
9.9087399e-01   -1.5987750e-03
9.9365300e-01   -1.1049903e-03
9.9593401e-01   -7.6617999e-04
9.9771100e-01   -4.2786627e-04
9.9898201e-01   -1.2701815e-04
9.9974501e-01   -8.2520215e-05
1.0000000e+00   -3.2975368e-07
