1.0000000e+00   2.2427337e-03
9.9974501e-01   2.5375464e-03
9.9898201e-01   3.9508878e-03
9.9771100e-01   5.0874413e-03
9.9593300e-01   8.2268110e-03
9.9365300e-01   1.0692922e-02
9.9087399e-01   1.3965791e-02
9.8759800e-01   1.8960617e-02
9.8382998e-01   2.2985049e-02
9.7957498e-01   2.8433315e-02
9.7483599e-01   3.4427777e-02
9.6961600e-01   4.0989310e-02
9.6392000e-01   4.7577038e-02
9.5775098e-01   5.4502226e-02
9.5111603e-01   6.2254533e-02
9.4401902e-01   7.0030808e-02
9.3646699e-01   7.7834234e-02
9.2846799e-01   8.6296774e-02
9.2003101e-01   9.4199084e-02
9.1116500e-01   1.0280586e-01
9.0187901e-01   1.1193221e-01
8.9218301e-01   1.2051770e-01
8.8208699e-01   1.2931366e-01
8.7160099e-01   1.3869293e-01
8.6073500e-01   1.4803295e-01
8.4950101e-01   1.5746447e-01
8.3791000e-01   1.6740502e-01
8.2597399e-01   1.7742601e-01
8.1370401e-01   1.8740952e-01
8.0111301e-01   1.9706059e-01
7.8821403e-01   2.0712227e-01
7.7501899e-01   2.1714185e-01
7.6154101e-01   2.2681189e-01
7.4779499e-01   2.3737012e-01
7.3379201e-01   2.4704622e-01
7.1954799e-01   2.5741071e-01
7.0507699e-01   2.6630992e-01
6.9039202e-01   2.7686799e-01
6.7550898e-01   2.8578937e-01
6.6044199e-01   2.9524136e-01
6.4520597e-01   3.0466026e-01
6.2981701e-01   3.1291050e-01
6.1429000e-01   3.2175839e-01
5.9864002e-01   3.3060235e-01
5.8288401e-01   3.3850163e-01
5.6703597e-01   3.4595883e-01
5.5111301e-01   3.5363910e-01
5.3513098e-01   3.6027867e-01
5.1910597e-01   3.6566705e-01
5.0305402e-01   3.7207216e-01
4.8699099e-01   3.7818587e-01
4.7093400e-01   3.8214061e-01
4.5489800e-01   3.8619831e-01
4.3889999e-01   3.9007750e-01
4.2295599e-01   3.9218327e-01
4.0708300e-01   3.9442390e-01
3.9129499e-01   3.9490855e-01
3.7560999e-01   3.9523348e-01
3.6004400e-01   3.9474306e-01
3.4461200e-01   3.9374062e-01
3.2933000e-01   3.9283425e-01
3.1421301e-01   3.8879436e-01
2.9927900e-01   3.8540494e-01
2.8454101e-01   3.8112962e-01
2.7001500e-01   3.7627137e-01
2.5571701e-01   3.6947381e-01
2.4166100e-01   3.6340576e-01
2.2786200e-01   3.5564828e-01
2.1433599e-01   3.4783465e-01
2.0109500e-01   3.3915183e-01
1.8815500e-01   3.2930318e-01
1.7553000e-01   3.2017162e-01
1.6323400e-01   3.1004563e-01
1.5128000e-01   2.9849058e-01
1.3968100e-01   2.8760689e-01
1.2845200e-01   2.7523220e-01
1.1760600e-01   2.6319602e-01
1.0715500e-01   2.5002766e-01
9.7112998e-02   2.3763803e-01
8.7493002e-02   2.2377719e-01
7.8305997e-02   2.1056780e-01
6.9565997e-02   1.9670312e-01
6.1285000e-02   1.8263307e-01
5.3474002e-02   1.6825421e-01
4.6149999e-02   1.5445514e-01
3.9326001e-02   1.3981569e-01
3.3013999e-02   1.2520549e-01
2.7230000e-02   1.1119928e-01
2.1980001e-02   9.6825130e-02
1.7277000e-02   8.3243176e-02
1.3141000e-02   6.9636278e-02
9.5729996e-03   5.6295820e-02
6.5830001e-03   4.4322461e-02
4.1880002e-03   3.3227898e-02
2.3540000e-03   2.3424799e-02
1.0810000e-03   1.5285477e-02
3.7100000e-04   8.1916312e-03
7.6999997e-05   3.4956776e-03
4.9999999e-06   7.8513473e-04
0.0000000e+00   -5.5876811e-04
4.9999999e-06   -1.4920661e-03
7.6999997e-05   -3.8111620e-03
3.7100000e-04   -8.2523609e-03
1.0810000e-03   -1.4448551e-02
2.3530000e-03   -2.1737466e-02
4.1880002e-03   -2.9153109e-02
6.5850001e-03   -3.6927037e-02
9.5760003e-03   -4.3947022e-02
1.3145000e-02   -5.0938968e-02
1.7281000e-02   -5.8442865e-02
2.1983000e-02   -6.5655313e-02
2.7232001e-02   -7.3329121e-02
3.3016000e-02   -8.0087841e-02
3.9328001e-02   -8.6476944e-02
4.6151999e-02   -9.4047129e-02
5.3475998e-02   -1.0029728e-01
6.1287001e-02   -1.0649752e-01
6.9568001e-02   -1.1351460e-01
7.8308001e-02   -1.1972305e-01
8.7494999e-02   -1.2534440e-01
9.7115003e-02   -1.3180378e-01
1.0715700e-01   -1.3766995e-01
1.1760800e-01   -1.4299861e-01
1.2845400e-01   -1.4869688e-01
1.3968299e-01   -1.5315744e-01
1.5128200e-01   -1.5812296e-01
1.6323499e-01   -1.6285367e-01
1.7553200e-01   -1.6648985e-01
1.8815701e-01   -1.7119507e-01
2.0109700e-01   -1.7495324e-01
2.1433701e-01   -1.7831822e-01
2.2786400e-01   -1.8149652e-01
2.4166299e-01   -1.8356793e-01
2.5571901e-01   -1.8620369e-01
2.7001700e-01   -1.8813910e-01
2.8454199e-01   -1.8948574e-01
2.9927999e-01   -1.8943681e-01
3.1421500e-01   -1.8967199e-01
3.2933101e-01   -1.8976606e-01
3.4461299e-01   -1.8823567e-01
3.6004499e-01   -1.8744141e-01
3.7561101e-01   -1.8433265e-01
3.9129600e-01   -1.8175244e-01
4.0708300e-01   -1.7778073e-01
4.2295700e-01   -1.7310126e-01
4.3890101e-01   -1.6815460e-01
4.5489901e-01   -1.6255820e-01
4.7093499e-01   -1.5598194e-01
4.8699200e-01   -1.4927045e-01
5.0305498e-01   -1.4245678e-01
5.1910698e-01   -1.3414787e-01
5.3513199e-01   -1.2627126e-01
5.5111402e-01   -1.1838938e-01
5.6703597e-01   -1.1004537e-01
5.8288401e-01   -1.0092998e-01
5.9864002e-01   -9.2034966e-02
6.1429000e-01   -8.3125696e-02
6.2981701e-01   -7.3053166e-02
6.4520597e-01   -6.4343967e-02
6.6044199e-01   -5.5386964e-02
6.7550898e-01   -4.7120515e-02
6.9039297e-01   -3.8007502e-02
7.0507699e-01   -2.8999323e-02
7.1954900e-01   -2.1679038e-02
7.3379302e-01   -1.4364082e-02
7.4779499e-01   -7.2982172e-03
7.6154202e-01   -1.0400206e-03
7.7501899e-01   4.8760367e-03
7.8821403e-01   1.0913470e-02
8.0111301e-01   1.5151645e-02
8.1370401e-01   1.9307021e-02
8.2597297e-01   2.3077540e-02
8.3791000e-01   2.6569530e-02
8.4950101e-01   2.9336335e-02
8.6073500e-01   3.0957151e-02
8.7160099e-01   3.2315593e-02
8.8208801e-01   3.3644870e-02
8.9218402e-01   3.4091588e-02
9.0188003e-01   3.3946499e-02
9.1116500e-01   3.3880740e-02
9.2003101e-01   3.2884471e-02
9.2846799e-01   3.1538527e-02
9.3646699e-01   3.0041520e-02
9.4401902e-01   2.8183835e-02
9.5111603e-01   2.6211670e-02
9.5775098e-01   2.4032727e-02
9.6392000e-01   2.0767210e-02
9.6961600e-01   1.8295074e-02
9.7483599e-01   1.5381567e-02
9.7957498e-01   1.2514700e-02
9.8383099e-01   9.5162289e-03
9.8759800e-01   7.1677463e-03
9.9087399e-01   4.4853501e-03
9.9365300e-01   2.6862416e-03
9.9593401e-01   6.3810399e-04
9.9771100e-01   -1.0280727e-03
9.9898201e-01   -1.4048065e-03
9.9974501e-01   -2.4467537e-03
1.0000000e+00   -2.2653413e-03
