1.0000000e+00   -1.9437202e-05
9.9974501e-01   2.8867216e-04
9.9898201e-01   1.0604380e-03
9.9771100e-01   2.1897159e-03
9.9593300e-01   3.7003227e-03
9.9365300e-01   5.7669072e-03
9.9087399e-01   8.4450385e-03
9.8759800e-01   1.1668424e-02
9.8382998e-01   1.5473315e-02
9.7957498e-01   1.9677155e-02
9.7483599e-01   2.4367437e-02
9.6961600e-01   2.9255772e-02
9.6392000e-01   3.4646995e-02
9.5775098e-01   4.0072639e-02
9.5111603e-01   4.5887608e-02
9.4401902e-01   5.1955517e-02
9.3646699e-01   5.8543455e-02
9.2846799e-01   6.5486476e-02
9.2003101e-01   7.2617918e-02
9.1116500e-01   8.0124974e-02
9.0187901e-01   8.8178620e-02
8.9218301e-01   9.6470818e-02
8.8208699e-01   1.0504964e-01
8.7160099e-01   1.1413758e-01
8.6073500e-01   1.2358295e-01
8.4950101e-01   1.3320237e-01
8.3791000e-01   1.4324221e-01
8.2597399e-01   1.5347557e-01
8.1370401e-01   1.6433154e-01
8.0111301e-01   1.7522344e-01
7.8821403e-01   1.8622519e-01
7.7501899e-01   1.9749166e-01
7.6154101e-01   2.0898193e-01
7.4779499e-01   2.2064316e-01
7.3379201e-01   2.3197198e-01
7.1954799e-01   2.4362130e-01
7.0507699e-01   2.5487131e-01
6.9039202e-01   2.6614887e-01
6.7550898e-01   2.7758753e-01
6.6044199e-01   2.8884557e-01
6.4520597e-01   2.9955843e-01
6.2981701e-01   3.1027210e-01
6.1429000e-01   3.2035825e-01
5.9864002e-01   3.3013085e-01
5.8288401e-01   3.3946845e-01
5.6703597e-01   3.4816349e-01
5.5111301e-01   3.5631233e-01
5.3513098e-01   3.6398897e-01
5.1910597e-01   3.7140259e-01
5.0305402e-01   3.7782440e-01
4.8699099e-01   3.8379461e-01
4.7093400e-01   3.8887239e-01
4.5489800e-01   3.9345792e-01
4.3889999e-01   3.9712203e-01
4.2295599e-01   3.9981115e-01
4.0708300e-01   4.0161371e-01
3.9129499e-01   4.0282515e-01
3.7560999e-01   4.0330699e-01
3.6004400e-01   4.0277457e-01
3.4461200e-01   4.0165922e-01
3.2933000e-01   3.9957511e-01
3.1421301e-01   3.9648193e-01
2.9927900e-01   3.9280319e-01
2.8454101e-01   3.8848266e-01
2.7001500e-01   3.8302606e-01
2.5571701e-01   3.7705117e-01
2.4166100e-01   3.7040764e-01
2.2786200e-01   3.6322564e-01
2.1433599e-01   3.5517278e-01
2.0109500e-01   3.4611562e-01
1.8815500e-01   3.3683187e-01
1.7553000e-01   3.2664096e-01
1.6323400e-01   3.1618127e-01
1.5128000e-01   3.0472559e-01
1.3968100e-01   2.9306173e-01
1.2845200e-01   2.8092244e-01
1.1760600e-01   2.6840529e-01
1.0715500e-01   2.5510249e-01
9.7112998e-02   2.4218218e-01
8.7493002e-02   2.2835825e-01
7.8305997e-02   2.1444918e-01
6.9565997e-02   2.0005012e-01
6.1285000e-02   1.8551935e-01
5.3474002e-02   1.7095362e-01
4.6149999e-02   1.5628770e-01
3.9326001e-02   1.4140940e-01
3.3013999e-02   1.2671764e-01
2.7230000e-02   1.1226385e-01
2.1980001e-02   9.8046668e-02
1.7277000e-02   8.4269516e-02
1.3141000e-02   7.0947595e-02
9.5729996e-03   5.7972990e-02
6.5830001e-03   4.5633163e-02
4.1880002e-03   3.4351077e-02
2.3540000e-03   2.4346773e-02
1.0810000e-03   1.5874946e-02
3.7100000e-04   8.8312300e-03
7.6999997e-05   3.9672907e-03
4.9999999e-06   9.8507572e-04
0.0000000e+00   1.3426411e-05
4.9999999e-06   -9.2852477e-04
7.6999997e-05   -3.8588343e-03
3.7100000e-04   -8.4571466e-03
1.0810000e-03   -1.4663420e-02
2.3530000e-03   -2.2041231e-02
4.1880002e-03   -3.0191941e-02
6.5850001e-03   -3.8297918e-02
9.5760003e-03   -4.6594262e-02
1.3145000e-02   -5.4892961e-02
1.7281000e-02   -6.3175149e-02
2.1983000e-02   -7.1230553e-02
2.7232001e-02   -7.9088852e-02
3.3016000e-02   -8.6463653e-02
3.9328001e-02   -9.3528919e-02
4.6151999e-02   -1.0047293e-01
5.3475998e-02   -1.0712492e-01
6.1287001e-02   -1.1346859e-01
6.9568001e-02   -1.1968819e-01
7.8308001e-02   -1.2563425e-01
8.7494999e-02   -1.3152172e-01
9.7115003e-02   -1.3678043e-01
1.0715700e-01   -1.4205132e-01
1.1760800e-01   -1.4700252e-01
1.2845400e-01   -1.5186249e-01
1.3968299e-01   -1.5608951e-01
1.5128200e-01   -1.6014741e-01
1.6323499e-01   -1.6385406e-01
1.7553200e-01   -1.6749917e-01
1.8815701e-01   -1.7078327e-01
2.0109700e-01   -1.7357534e-01
2.1433701e-01   -1.7586969e-01
2.2786400e-01   -1.7880818e-01
2.4166299e-01   -1.8096443e-01
2.5571901e-01   -1.8237451e-01
2.7001700e-01   -1.8412338e-01
2.8454199e-01   -1.8493347e-01
2.9927999e-01   -1.8560086e-01
3.1421500e-01   -1.8617041e-01
3.2933101e-01   -1.8677142e-01
3.4461299e-01   -1.8674989e-01
3.6004499e-01   -1.8633412e-01
3.7561101e-01   -1.8547031e-01
3.9129600e-01   -1.8431024e-01
4.0708300e-01   -1.8302186e-01
4.2295700e-01   -1.8093769e-01
4.3890101e-01   -1.7883104e-01
4.5489901e-01   -1.7616031e-01
4.7093499e-01   -1.7315672e-01
4.8699200e-01   -1.6988261e-01
5.0305498e-01   -1.6616893e-01
5.1910698e-01   -1.6208850e-01
5.3513199e-01   -1.5782090e-01
5.5111402e-01   -1.5281458e-01
5.6703597e-01   -1.4780895e-01
5.8288401e-01   -1.4221136e-01
5.9864002e-01   -1.3640295e-01
6.1429000e-01   -1.3018058e-01
6.2981701e-01   -1.2379035e-01
6.4520597e-01   -1.1723472e-01
6.6044199e-01   -1.1070013e-01
6.7550898e-01   -1.0426524e-01
6.9039297e-01   -9.7462796e-02
7.0507699e-01   -9.1057874e-02
7.1954900e-01   -8.4542394e-02
7.3379302e-01   -7.8218885e-02
7.4779499e-01   -7.1789578e-02
7.6154202e-01   -6.5626763e-02
7.7501899e-01   -5.9862420e-02
7.8821403e-01   -5.4206822e-02
8.0111301e-01   -4.8484236e-02
8.1370401e-01   -4.3019943e-02
8.2597297e-01   -3.7935436e-02
8.3791000e-01   -3.2665778e-02
8.4950101e-01   -2.8448224e-02
8.6073500e-01   -2.4083724e-02
8.7160099e-01   -2.0306056e-02
8.8208801e-01   -1.6715359e-02
8.9218402e-01   -1.3585641e-02
9.0188003e-01   -1.0981668e-02
9.1116500e-01   -8.4587485e-03
9.2003101e-01   -6.2147668e-03
9.2846799e-01   -4.3202918e-03
9.3646699e-01   -2.7870063e-03
9.4401902e-01   -1.5916754e-03
9.5111603e-01   -5.7872100e-04
9.5775098e-01   -8.3577354e-05
9.6392000e-01   4.1064664e-04
9.6961600e-01   5.2086537e-04
9.7483599e-01   7.8780513e-04
9.7957498e-01   9.1207260e-04
9.8383099e-01   9.1316900e-04
9.8759800e-01   8.5424026e-04
9.9087399e-01   6.4479071e-04
9.9365300e-01   4.5307828e-04
9.9593401e-01   2.1293608e-04
9.9771100e-01   9.4171904e-05
9.9898201e-01   1.2789185e-04
9.9974501e-01   -8.4252264e-05
1.0000000e+00   -1.3226943e-05
