1.0000000e+00   7.3329899e-03
9.9974501e-01   7.7569941e-03
9.9898201e-01   9.0121347e-03
9.9771100e-01   1.1001314e-02
9.9593300e-01   1.3621158e-02
9.9365300e-01   1.6973535e-02
9.9087399e-01   2.1143939e-02
9.8759800e-01   2.6030075e-02
9.8382998e-01   3.1570181e-02
9.7957498e-01   3.7738897e-02
9.7483599e-01   4.4461019e-02
9.6961600e-01   5.1665761e-02
9.6392000e-01   5.9343193e-02
9.5775098e-01   6.7489885e-02
9.5111603e-01   7.6073214e-02
9.4401902e-01   8.5026264e-02
9.3646699e-01   9.4302602e-02
9.2846799e-01   1.0387663e-01
9.2003101e-01   1.1372302e-01
9.1116500e-01   1.2382419e-01
9.0187901e-01   1.3417946e-01
8.9218301e-01   1.4478621e-01
8.8208699e-01   1.5562819e-01
8.7160099e-01   1.6665167e-01
8.6073500e-01   1.7781195e-01
8.4950101e-01   1.8907961e-01
8.3791000e-01   2.0049372e-01
8.2597399e-01   2.1202314e-01
8.1370401e-01   2.2359364e-01
8.0111301e-01   2.3519756e-01
7.8821403e-01   2.4684185e-01
7.7501899e-01   2.5854203e-01
7.6154101e-01   2.7025753e-01
7.4779499e-01   2.8190053e-01
7.3379201e-01   2.9341689e-01
7.1954799e-01   3.0474782e-01
7.0507699e-01   3.1585225e-01
6.9039202e-01   3.2674277e-01
6.7550898e-01   3.3739981e-01
6.6044199e-01   3.4778303e-01
6.4520597e-01   3.5785747e-01
6.2981701e-01   3.6755258e-01
6.1429000e-01   3.7680444e-01
5.9864002e-01   3.8562766e-01
5.8288401e-01   3.9401084e-01
5.6703597e-01   4.0189293e-01
5.5111301e-01   4.0924174e-01
5.3513098e-01   4.1606134e-01
5.1910597e-01   4.2234156e-01
5.0305402e-01   4.2803681e-01
4.8699099e-01   4.3312913e-01
4.7093400e-01   4.3760315e-01
4.5489800e-01   4.4142127e-01
4.3889999e-01   4.4451246e-01
4.2295599e-01   4.4685340e-01
4.0708300e-01   4.4844976e-01
3.9129499e-01   4.4928801e-01
3.7560999e-01   4.4929934e-01
3.6004400e-01   4.4845662e-01
3.4461200e-01   4.4674590e-01
3.2933000e-01   4.4416139e-01
3.1421301e-01   4.4065642e-01
2.9927900e-01   4.3623543e-01
2.8454101e-01   4.3098196e-01
2.7001500e-01   4.2489433e-01
2.5571701e-01   4.1790056e-01
2.4166100e-01   4.1001099e-01
2.2786200e-01   4.0130764e-01
2.1433599e-01   3.9180753e-01
2.0109500e-01   3.8145715e-01
1.8815500e-01   3.7035626e-01
1.7553000e-01   3.5861632e-01
1.6323400e-01   3.4621376e-01
1.5128000e-01   3.3311430e-01
1.3968100e-01   3.1944802e-01
1.2845200e-01   3.0531329e-01
1.1760600e-01   2.9066399e-01
1.0715500e-01   2.7555680e-01
9.7112998e-02   2.6017553e-01
8.7493002e-02   2.4453704e-01
7.8305997e-02   2.2855903e-01
6.9565997e-02   2.1227202e-01
6.1285000e-02   1.9575860e-01
5.3474002e-02   1.7907974e-01
4.6149999e-02   1.6233338e-01
3.9326001e-02   1.4571774e-01
3.3013999e-02   1.2947567e-01
2.7230000e-02   1.1394224e-01
2.1980001e-02   9.9313624e-02
1.7277000e-02   8.5032046e-02
1.3141000e-02   7.0982106e-02
9.5729996e-03   5.7582468e-02
6.5830001e-03   4.5224328e-02
4.1880002e-03   3.4104571e-02
2.3540000e-03   2.4330130e-02
1.0810000e-03   1.6010722e-02
3.7100000e-04   9.3339635e-03
7.6999997e-05   4.4573750e-03
4.9999999e-06   1.4903711e-03
0.0000000e+00   4.9494434e-04
4.9999999e-06   -4.5891546e-04
7.6999997e-05   -3.2746801e-03
3.7100000e-04   -7.7906116e-03
1.0810000e-03   -1.3647816e-02
2.3530000e-03   -2.0237759e-02
4.1880002e-03   -2.6967570e-02
6.5850001e-03   -3.3521254e-02
9.5760003e-03   -4.0264230e-02
1.3145000e-02   -4.7632571e-02
1.7281000e-02   -5.4440353e-02
2.1983000e-02   -6.0361914e-02
2.7232001e-02   -6.5420769e-02
3.3016000e-02   -6.9689006e-02
3.9328001e-02   -7.3343694e-02
4.6151999e-02   -7.6483548e-02
5.3475998e-02   -7.9168238e-02
6.1287001e-02   -8.1445120e-02
6.9568001e-02   -8.3364055e-02
7.8308001e-02   -8.4969215e-02
8.7494999e-02   -8.6190760e-02
9.7115003e-02   -8.6909965e-02
1.0715700e-01   -8.7158859e-02
1.1760800e-01   -8.6961366e-02
1.2845400e-01   -8.6221024e-02
1.3968299e-01   -8.4927559e-02
1.5128200e-01   -8.3158500e-02
1.6323499e-01   -8.0955632e-02
1.7553200e-01   -7.8257136e-02
1.8815701e-01   -7.5046234e-02
2.0109700e-01   -7.1389996e-02
2.1433701e-01   -6.7324407e-02
2.2786400e-01   -6.2788375e-02
2.4166299e-01   -5.7798550e-02
2.5571901e-01   -5.2452039e-02
2.7001700e-01   -4.6799652e-02
2.8454199e-01   -4.0818643e-02
2.9927999e-01   -3.4550052e-02
3.1421500e-01   -2.8099142e-02
3.2933101e-01   -2.1498190e-02
3.4461299e-01   -1.4726085e-02
3.6004499e-01   -7.7965357e-03
3.7561101e-01   -7.7919645e-04
3.9129600e-01   6.2709819e-03
4.0708300e-01   1.3362231e-02
4.2295700e-01   2.0464316e-02
4.3890101e-01   2.7496878e-02
4.5489901e-01   3.4402885e-02
4.7093499e-01   4.1186593e-02
4.8699200e-01   4.7813158e-02
5.0305498e-01   5.4198034e-02
5.1910698e-01   6.0302917e-02
5.3513199e-01   6.6109002e-02
5.5111402e-01   7.1624294e-02
5.6703597e-01   7.6812990e-02
5.8288401e-01   8.1633493e-02
5.9864002e-01   8.6060584e-02
6.1429000e-01   9.0097927e-02
6.2981701e-01   9.3722589e-02
6.4520597e-01   9.6920379e-02
6.6044199e-01   9.9700883e-02
6.7550898e-01   1.0207365e-01
6.9039297e-01   1.0399467e-01
7.0507699e-01   1.0543882e-01
7.1954900e-01   1.0641912e-01
7.3379302e-01   1.0696115e-01
7.4779499e-01   1.0702930e-01
7.6154202e-01   1.0663309e-01
7.7501899e-01   1.0574942e-01
7.8821403e-01   1.0440353e-01
8.0111301e-01   1.0261180e-01
8.1370401e-01   1.0043021e-01
8.2597297e-01   9.7943217e-02
8.3791000e-01   9.5186256e-02
8.4950101e-01   9.2181236e-02
8.6073500e-01   8.8921115e-02
8.7160099e-01   8.5400075e-02
8.8208801e-01   8.1626207e-02
8.9218402e-01   7.7608809e-02
9.0188003e-01   7.3349528e-02
9.1116500e-01   6.8862833e-02
9.2003101e-01   6.4225614e-02
9.2846799e-01   5.9504785e-02
9.3646699e-01   5.4737922e-02
9.4401902e-01   4.9940009e-02
9.5111603e-01   4.5136768e-02
9.5775098e-01   4.0365197e-02
9.6392000e-01   3.5703756e-02
9.6961600e-01   3.1266395e-02
9.7483599e-01   2.7128229e-02
9.7957498e-01   2.3263549e-02
9.8383099e-01   1.9644963e-02
9.8759800e-01   1.6372317e-02
9.9087399e-01   1.3498301e-02
9.9365300e-01   1.0977446e-02
9.9593401e-01   8.7958062e-03
9.9771100e-01   7.0318258e-03
9.9898201e-01   5.7815192e-03
9.9974501e-01   5.0430354e-03
1.0000000e+00   4.7960510e-03
