1.0000000e+00   1.2546352e-03
9.9974501e-01   2.2067109e-03
9.9898201e-01   4.0871124e-03
9.9771100e-01   7.1253665e-03
9.9593300e-01   1.0327780e-02
9.9365300e-01   1.4433827e-02
9.9087399e-01   1.9306803e-02
9.8759800e-01   2.4083594e-02
9.8382998e-01   3.0718584e-02
9.7957498e-01   3.7026525e-02
9.7483599e-01   4.3699596e-02
9.6961600e-01   5.1062893e-02
9.6392000e-01   5.9594449e-02
9.5775098e-01   6.8688385e-02
9.5111603e-01   7.8114003e-02
9.4401902e-01   8.8433988e-02
9.3646699e-01   9.8906271e-02
9.2846799e-01   1.1057295e-01
9.2003101e-01   1.2193222e-01
9.1116500e-01   1.3316980e-01
9.0187901e-01   1.4640097e-01
8.9218301e-01   1.5868959e-01
8.8208699e-01   1.7178324e-01
8.7160099e-01   1.8441010e-01
8.6073500e-01   1.9891356e-01
8.4950101e-01   2.1241713e-01
8.3791000e-01   2.2665700e-01
8.2597399e-01   2.4212976e-01
8.1370401e-01   2.5618041e-01
8.0111301e-01   2.7260926e-01
7.8821403e-01   2.8871444e-01
7.7501899e-01   3.0393547e-01
7.6154101e-01   3.1958464e-01
7.4779499e-01   3.3591834e-01
7.3379201e-01   3.5283777e-01
7.1954799e-01   3.6926135e-01
7.0507699e-01   3.8505158e-01
6.9039202e-01   4.0212685e-01
6.7550898e-01   4.1839194e-01
6.6044199e-01   4.3601689e-01
6.4520597e-01   4.5272765e-01
6.2981701e-01   4.6862486e-01
6.1429000e-01   4.8495576e-01
5.9864002e-01   5.0225323e-01
5.8288401e-01   5.1870650e-01
5.6703597e-01   5.3409290e-01
5.5111301e-01   5.5113816e-01
5.3513098e-01   5.6559408e-01
5.1910597e-01   5.8003831e-01
5.0305402e-01   5.9510660e-01
4.8699099e-01   6.0883570e-01
4.7093400e-01   6.2237012e-01
4.5489800e-01   6.3474202e-01
4.3889999e-01   6.4715743e-01
4.2295599e-01   6.5585303e-01
4.0708300e-01   6.6442049e-01
3.9129499e-01   6.6950339e-01
3.7560999e-01   6.7250919e-01
3.6004400e-01   6.7388988e-01
3.4461200e-01   6.7343569e-01
3.2933000e-01   6.7134047e-01
3.1421301e-01   6.6571748e-01
2.9927900e-01   6.6018957e-01
2.8454101e-01   6.5252256e-01
2.7001500e-01   6.4368123e-01
2.5571701e-01   6.3226801e-01
2.4166100e-01   6.2151384e-01
2.2786200e-01   6.0705268e-01
2.1433599e-01   5.9228683e-01
2.0109500e-01   5.7652891e-01
1.8815500e-01   5.5920255e-01
1.7553000e-01   5.4043972e-01
1.6323400e-01   5.2086115e-01
1.5128000e-01   4.9920765e-01
1.3968100e-01   4.7761485e-01
1.2845200e-01   4.5225534e-01
1.1760600e-01   4.2742351e-01
1.0715500e-01   4.0295985e-01
9.7112998e-02   3.7768945e-01
8.7493002e-02   3.5158944e-01
7.8305997e-02   3.2639658e-01
6.9565997e-02   3.0123243e-01
6.1285000e-02   2.7523550e-01
5.3474002e-02   2.5005156e-01
4.6149999e-02   2.2474489e-01
3.9326001e-02   1.9970824e-01
3.3013999e-02   1.7637675e-01
2.7230000e-02   1.5341313e-01
2.1980001e-02   1.3114408e-01
1.7277000e-02   1.1155856e-01
1.3141000e-02   9.2234902e-02
9.5729996e-03   7.4936137e-02
6.5830001e-03   5.9360489e-02
4.1880002e-03   4.6433866e-02
2.3540000e-03   3.4013309e-02
1.0810000e-03   2.5112761e-02
3.7100000e-04   1.7889267e-02
7.6999997e-05   1.3034846e-02
4.9999999e-06   1.0309118e-02
0.0000000e+00   8.8551659e-03
4.9999999e-06   7.5490456e-03
7.6999997e-05   4.5682462e-03
3.7100000e-04   2.9733684e-04
1.0810000e-03   -7.0576221e-03
2.3530000e-03   -1.7780513e-02
4.1880002e-03   -2.9331056e-02
6.5850001e-03   -4.2594273e-02
9.5760003e-03   -5.7924945e-02
1.3145000e-02   -7.5064816e-02
1.7281000e-02   -9.1556817e-02
2.1983000e-02   -1.1040878e-01
2.7232001e-02   -1.3127014e-01
3.3016000e-02   -1.5172666e-01
3.9328001e-02   -1.7268619e-01
4.6151999e-02   -1.9340762e-01
5.3475998e-02   -2.1170601e-01
6.1287001e-02   -2.2784705e-01
6.9568001e-02   -2.4269520e-01
7.8308001e-02   -2.5620955e-01
8.7494999e-02   -2.6775795e-01
9.7115003e-02   -2.8030407e-01
1.0715700e-01   -2.9132959e-01
1.1760800e-01   -3.0065203e-01
1.2845400e-01   -3.0985445e-01
1.3968299e-01   -3.1597880e-01
1.5128200e-01   -3.2357731e-01
1.6323499e-01   -3.2748750e-01
1.7553200e-01   -3.2996854e-01
1.8815701e-01   -3.3376777e-01
2.0109700e-01   -3.3471569e-01
2.1433701e-01   -3.3549815e-01
2.2786400e-01   -3.3470744e-01
2.4166299e-01   -3.3191213e-01
2.5571901e-01   -3.3096519e-01
2.7001700e-01   -3.2720417e-01
2.8454199e-01   -3.2189438e-01
2.9927999e-01   -3.1558263e-01
3.1421500e-01   -3.0928108e-01
3.2933101e-01   -3.0356863e-01
3.4461299e-01   -2.9646242e-01
3.6004499e-01   -2.8826308e-01
3.7561101e-01   -2.7840427e-01
3.9129600e-01   -2.6796511e-01
4.0708300e-01   -2.5935858e-01
4.2295700e-01   -2.4910146e-01
4.3890101e-01   -2.3775133e-01
4.5489901e-01   -2.2625120e-01
4.7093499e-01   -2.1526366e-01
4.8699200e-01   -2.0414904e-01
5.0305498e-01   -1.9336936e-01
5.1910698e-01   -1.8074454e-01
5.3513199e-01   -1.7000812e-01
5.5111402e-01   -1.5810001e-01
5.6703597e-01   -1.4712849e-01
5.8288401e-01   -1.3445382e-01
5.9864002e-01   -1.2342712e-01
6.1429000e-01   -1.1254013e-01
6.2981701e-01   -1.0121507e-01
6.4520597e-01   -9.0327710e-02
6.6044199e-01   -8.0349520e-02
6.7550898e-01   -6.9526374e-02
6.9039297e-01   -5.8861263e-02
7.0507699e-01   -4.9699321e-02
7.1954900e-01   -4.0074401e-02
7.3379302e-01   -3.1457502e-02
7.4779499e-01   -2.2544786e-02
7.6154202e-01   -1.5812539e-02
7.7501899e-01   -7.8802761e-03
7.8821403e-01   -4.8112494e-04
8.0111301e-01   5.1990203e-03
8.1370401e-01   1.0777906e-02
8.2597297e-01   1.5221801e-02
8.3791000e-01   2.0503411e-02
8.4950101e-01   2.3948871e-02
8.6073500e-01   2.7949305e-02
8.7160099e-01   2.9189326e-02
8.8208801e-01   3.1509634e-02
8.9218402e-01   3.3690207e-02
9.0188003e-01   3.3786539e-02
9.1116500e-01   3.4292478e-02
9.2003101e-01   3.3575565e-02
9.2846799e-01   3.3533450e-02
9.3646699e-01   3.2680817e-02
9.4401902e-01   3.0718507e-02
9.5111603e-01   2.9439216e-02
9.5775098e-01   2.7240859e-02
9.6392000e-01   2.3941198e-02
9.6961600e-01   2.1457493e-02
9.7483599e-01   1.8346108e-02
9.7957498e-01   1.5620708e-02
9.8383099e-01   1.1872181e-02
9.8759800e-01   8.8796979e-03
9.9087399e-01   5.8086077e-03
9.9365300e-01   2.5429148e-03
9.9593401e-01   6.5899454e-05
9.9771100e-01   -2.5590500e-03
9.9898201e-01   -3.7280452e-03
9.9974501e-01   -5.3899027e-03
1.0000000e+00   -6.2694252e-03
