1.0000000e+00   2.6953858e-03
9.9974501e-01   2.2299488e-03
9.9898201e-01   2.1867813e-03
9.9771100e-01   3.4917253e-03
9.9593300e-01   4.0294817e-03
9.9365300e-01   4.5744348e-03
9.9087399e-01   5.5967774e-03
9.8759800e-01   6.6451929e-03
9.8382998e-01   7.4030659e-03
9.7957498e-01   9.3731927e-03
9.7483599e-01   1.0645695e-02
9.6961600e-01   1.2474396e-02
9.6392000e-01   1.4272744e-02
9.5775098e-01   1.5967024e-02
9.5111603e-01   1.8946128e-02
9.4401902e-01   2.0934241e-02
9.3646699e-01   2.3174675e-02
9.2846799e-01   2.5410417e-02
9.2003101e-01   2.8798703e-02
9.1116500e-01   3.1669330e-02
9.0187901e-01   3.5441253e-02
8.9218301e-01   3.8450003e-02
8.8208699e-01   4.2136673e-02
8.7160099e-01   4.6723906e-02
8.6073500e-01   5.0407130e-02
8.4950101e-01   5.3998411e-02
8.3791000e-01   5.9240952e-02
8.2597399e-01   6.3442960e-02
8.1370401e-01   6.8864651e-02
8.0111301e-01   7.3820323e-02
7.8821403e-01   7.8787610e-02
7.7501899e-01   8.3561137e-02
7.6154101e-01   8.9364864e-02
7.4779499e-01   9.5292009e-02
7.3379201e-01   9.9859379e-02
7.1954799e-01   1.0618532e-01
7.0507699e-01   1.1286306e-01
6.9039202e-01   1.1827513e-01
6.7550898e-01   1.2393074e-01
6.6044199e-01   1.2911104e-01
6.4520597e-01   1.3459772e-01
6.2981701e-01   1.4025936e-01
6.1429000e-01   1.4555514e-01
5.9864002e-01   1.5076937e-01
5.8288401e-01   1.5559623e-01
5.6703597e-01   1.5979783e-01
5.5111301e-01   1.6517372e-01
5.3513098e-01   1.6865575e-01
5.1910597e-01   1.7456236e-01
5.0305402e-01   1.7703094e-01
4.8699099e-01   1.8106630e-01
4.7093400e-01   1.8451142e-01
4.5489800e-01   1.8970905e-01
4.3889999e-01   1.9116597e-01
4.2295599e-01   1.9378617e-01
4.0708300e-01   1.9625179e-01
3.9129499e-01   1.9789100e-01
3.7560999e-01   1.9952384e-01
3.6004400e-01   2.0026267e-01
3.4461200e-01   2.0088041e-01
3.2933000e-01   2.0151088e-01
3.1421301e-01   2.0121187e-01
2.9927900e-01   2.0256154e-01
2.8454101e-01   2.0023611e-01
2.7001500e-01   1.9946739e-01
2.5571701e-01   1.9887359e-01
2.4166100e-01   1.9770841e-01
2.2786200e-01   1.9584730e-01
2.1433599e-01   1.9274236e-01
2.0109500e-01   1.9029778e-01
1.8815500e-01   1.8763956e-01
1.7553000e-01   1.8453969e-01
1.6323400e-01   1.8039395e-01
1.5128000e-01   1.7551045e-01
1.3968100e-01   1.7079157e-01
1.2845200e-01   1.6529715e-01
1.1760600e-01   1.5981571e-01
1.0715500e-01   1.5337160e-01
9.7112998e-02   1.4821959e-01
8.7493002e-02   1.4053911e-01
7.8305997e-02   1.3393670e-01
6.9565997e-02   1.2663157e-01
6.1285000e-02   1.1937135e-01
5.3474002e-02   1.1127400e-01
4.6149999e-02   1.0301318e-01
3.9326001e-02   9.4224893e-02
3.3013999e-02   8.5546955e-02
2.7230000e-02   7.7208281e-02
2.1980001e-02   6.8184853e-02
1.7277000e-02   5.9320860e-02
1.3141000e-02   5.0423648e-02
9.5729996e-03   4.1008163e-02
6.5830001e-03   3.2504048e-02
4.1880002e-03   2.4405852e-02
2.3540000e-03   1.6753102e-02
1.0810000e-03   1.0530235e-02
3.7100000e-04   5.6109205e-03
7.6999997e-05   1.5834558e-03
4.9999999e-06   -7.9419540e-04
0.0000000e+00   -1.3506507e-03
4.9999999e-06   -2.0323070e-03
7.6999997e-05   -4.3572555e-03
3.7100000e-04   -8.3126929e-03
1.0810000e-03   -1.3591130e-02
2.3530000e-03   -2.0142203e-02
4.1880002e-03   -2.7621485e-02
6.5850001e-03   -3.6074292e-02
9.5760003e-03   -4.4981588e-02
1.3145000e-02   -5.3903874e-02
1.7281000e-02   -6.3228384e-02
2.1983000e-02   -7.2133951e-02
2.7232001e-02   -8.1083558e-02
3.3016000e-02   -9.0348341e-02
3.9328001e-02   -9.9463098e-02
4.6151999e-02   -1.0860188e-01
5.3475998e-02   -1.1646711e-01
6.1287001e-02   -1.2496894e-01
6.9568001e-02   -1.3333662e-01
7.8308001e-02   -1.4048550e-01
8.7494999e-02   -1.4791690e-01
9.7115003e-02   -1.5578645e-01
1.0715700e-01   -1.6224478e-01
1.1760800e-01   -1.6812319e-01
1.2845400e-01   -1.7499235e-01
1.3968299e-01   -1.8068647e-01
1.5128200e-01   -1.8512480e-01
1.6323499e-01   -1.9085780e-01
1.7553200e-01   -1.9422653e-01
1.8815701e-01   -1.9827913e-01
2.0109700e-01   -2.0228639e-01
2.1433701e-01   -2.0492765e-01
2.2786400e-01   -2.0763354e-01
2.4166299e-01   -2.1028855e-01
2.5571901e-01   -2.1240222e-01
2.7001700e-01   -2.1412706e-01
2.8454199e-01   -2.1423838e-01
2.9927999e-01   -2.1626396e-01
3.1421500e-01   -2.1632326e-01
3.2933101e-01   -2.1585099e-01
3.4461299e-01   -2.1567455e-01
3.6004499e-01   -2.1354260e-01
3.7561101e-01   -2.1242319e-01
3.9129600e-01   -2.1099609e-01
4.0708300e-01   -2.0981601e-01
4.2295700e-01   -2.0661333e-01
4.3890101e-01   -2.0481907e-01
4.5489901e-01   -2.0190632e-01
4.7093499e-01   -1.9870780e-01
4.8699200e-01   -1.9400027e-01
5.0305498e-01   -1.8961072e-01
5.1910698e-01   -1.8587214e-01
5.3513199e-01   -1.8099467e-01
5.5111402e-01   -1.7591406e-01
5.6703597e-01   -1.7131168e-01
5.8288401e-01   -1.6573064e-01
5.9864002e-01   -1.6022931e-01
6.1429000e-01   -1.5486772e-01
6.2981701e-01   -1.5018681e-01
6.4520597e-01   -1.4330621e-01
6.6044199e-01   -1.3764328e-01
6.7550898e-01   -1.3212460e-01
6.9039297e-01   -1.2531933e-01
7.0507699e-01   -1.2079092e-01
7.1954900e-01   -1.1381646e-01
7.3379302e-01   -1.0884492e-01
7.4779499e-01   -1.0297000e-01
7.6154202e-01   -9.7132437e-02
7.7501899e-01   -9.1094345e-02
7.8821403e-01   -8.6227588e-02
8.0111301e-01   -8.0068901e-02
8.1370401e-01   -7.5388111e-02
8.2597297e-01   -7.0297211e-02
8.3791000e-01   -6.5640710e-02
8.4950101e-01   -6.0461365e-02
8.6073500e-01   -5.6399543e-02
8.7160099e-01   -5.2334700e-02
8.8208801e-01   -4.8102096e-02
8.9218402e-01   -4.3917146e-02
9.0188003e-01   -4.0252943e-02
9.1116500e-01   -3.6460824e-02
9.2003101e-01   -3.2720268e-02
9.2846799e-01   -3.0497359e-02
9.3646699e-01   -2.7341407e-02
9.4401902e-01   -2.4709886e-02
9.5111603e-01   -2.2169795e-02
9.5775098e-01   -1.9377004e-02
9.6392000e-01   -1.7418906e-02
9.6961600e-01   -1.5292697e-02
9.7483599e-01   -1.2876829e-02
9.7957498e-01   -1.1095560e-02
9.8383099e-01   -9.4648991e-03
9.8759800e-01   -7.8236843e-03
9.9087399e-01   -6.5396549e-03
9.9365300e-01   -5.3879591e-03
9.9593401e-01   -4.3418328e-03
9.9771100e-01   -3.7462714e-03
9.9898201e-01   -2.8649818e-03
9.9974501e-01   -2.9643956e-03
1.0000000e+00   -2.8807127e-03
