1.0000000e+00   -5.8062788e-04
9.9974501e-01   -4.4486413e-04
9.9898201e-01   -7.0268998e-04
9.9771100e-01   6.2075403e-04
9.9593300e-01   1.5268080e-03
9.9365300e-01   1.7528032e-03
9.9087399e-01   3.0024096e-03
9.8759800e-01   4.2413678e-03
9.8382998e-01   5.2881474e-03
9.7957498e-01   7.1491855e-03
9.7483599e-01   8.5631451e-03
9.6961600e-01   1.0626955e-02
9.6392000e-01   1.2366448e-02
9.5775098e-01   1.4638265e-02
9.5111603e-01   1.7597323e-02
9.4401902e-01   2.0077372e-02
9.3646699e-01   2.2230310e-02
9.2846799e-01   2.5128610e-02
9.2003101e-01   2.8475728e-02
9.1116500e-01   3.2216646e-02
9.0187901e-01   3.6452413e-02
8.9218301e-01   3.9516285e-02
8.8208699e-01   4.3692917e-02
8.7160099e-01   4.8546363e-02
8.6073500e-01   5.2610457e-02
8.4950101e-01   5.6884624e-02
8.3791000e-01   6.2504441e-02
8.2597399e-01   6.7116529e-02
8.1370401e-01   7.3243812e-02
8.0111301e-01   7.8225441e-02
7.8821403e-01   8.3895832e-02
7.7501899e-01   8.9121751e-02
7.6154101e-01   9.5384531e-02
7.4779499e-01   1.0166500e-01
7.3379201e-01   1.0707489e-01
7.1954799e-01   1.1353699e-01
7.0507699e-01   1.2058025e-01
6.9039202e-01   1.2598610e-01
6.7550898e-01   1.3286969e-01
6.6044199e-01   1.3853101e-01
6.4520597e-01   1.4477399e-01
6.2981701e-01   1.5035480e-01
6.1429000e-01   1.5695287e-01
5.9864002e-01   1.6191667e-01
5.8288401e-01   1.6682823e-01
5.6703597e-01   1.7229624e-01
5.5111301e-01   1.7773238e-01
5.3513098e-01   1.8229786e-01
5.1910597e-01   1.8741842e-01
5.0305402e-01   1.9130510e-01
4.8699099e-01   1.9529866e-01
4.7093400e-01   1.9827023e-01
4.5489800e-01   2.0316555e-01
4.3889999e-01   2.0551446e-01
4.2295599e-01   2.0819651e-01
4.0708300e-01   2.1112451e-01
3.9129499e-01   2.1328185e-01
3.7560999e-01   2.1368995e-01
3.6004400e-01   2.1520965e-01
3.4461200e-01   2.1585058e-01
3.2933000e-01   2.1637283e-01
3.1421301e-01   2.1621908e-01
2.9927900e-01   2.1627331e-01
2.8454101e-01   2.1553813e-01
2.7001500e-01   2.1439956e-01
2.5571701e-01   2.1320291e-01
2.4166100e-01   2.1199684e-01
2.2786200e-01   2.0892593e-01
2.1433599e-01   2.0629935e-01
2.0109500e-01   2.0355450e-01
1.8815500e-01   1.9961692e-01
1.7553000e-01   1.9622828e-01
1.6323400e-01   1.9186457e-01
1.5128000e-01   1.8739538e-01
1.3968100e-01   1.8159103e-01
1.2845200e-01   1.7629549e-01
1.1760600e-01   1.7009038e-01
1.0715500e-01   1.6322097e-01
9.7112998e-02   1.5725401e-01
8.7493002e-02   1.4955221e-01
7.8305997e-02   1.4212978e-01
6.9565997e-02   1.3424696e-01
6.1285000e-02   1.2611270e-01
5.3474002e-02   1.1789238e-01
4.6149999e-02   1.0874415e-01
3.9326001e-02   9.9522509e-02
3.3013999e-02   8.9917928e-02
2.7230000e-02   8.0990374e-02
2.1980001e-02   7.1155280e-02
1.7277000e-02   6.1582886e-02
1.3141000e-02   5.1779829e-02
9.5729996e-03   4.2049475e-02
6.5830001e-03   3.3263244e-02
4.1880002e-03   2.4731345e-02
2.3540000e-03   1.7239967e-02
1.0810000e-03   1.0639087e-02
3.7100000e-04   5.6322068e-03
7.6999997e-05   2.0253120e-03
4.9999999e-06   -5.4647465e-04
0.0000000e+00   -1.2248623e-03
4.9999999e-06   -1.8857733e-03
7.6999997e-05   -4.0906756e-03
3.7100000e-04   -7.9147583e-03
1.0810000e-03   -1.3223499e-02
2.3530000e-03   -1.9700486e-02
4.1880002e-03   -2.6870614e-02
6.5850001e-03   -3.5311319e-02
9.5760003e-03   -4.4293102e-02
1.3145000e-02   -5.2935492e-02
1.7281000e-02   -6.2698804e-02
2.1983000e-02   -7.1306951e-02
2.7232001e-02   -8.0487810e-02
3.3016000e-02   -8.9359939e-02
3.9328001e-02   -9.7928666e-02
4.6151999e-02   -1.0719252e-01
5.3475998e-02   -1.1529994e-01
6.1287001e-02   -1.2307242e-01
6.9568001e-02   -1.3124736e-01
7.8308001e-02   -1.3856433e-01
8.7494999e-02   -1.4580351e-01
9.7115003e-02   -1.5320233e-01
1.0715700e-01   -1.5952751e-01
1.1760800e-01   -1.6616592e-01
1.2845400e-01   -1.7226425e-01
1.3968299e-01   -1.7787544e-01
1.5128200e-01   -1.8267393e-01
1.6323499e-01   -1.8747796e-01
1.7553200e-01   -1.9175757e-01
1.8815701e-01   -1.9580939e-01
2.0109700e-01   -2.0002496e-01
2.1433701e-01   -2.0242244e-01
2.2786400e-01   -2.0527352e-01
2.4166299e-01   -2.0837569e-01
2.5571901e-01   -2.1077983e-01
2.7001700e-01   -2.1279989e-01
2.8454199e-01   -2.1261182e-01
2.9927999e-01   -2.1462563e-01
3.1421500e-01   -2.1551374e-01
3.2933101e-01   -2.1494889e-01
3.4461299e-01   -2.1463808e-01
3.6004499e-01   -2.1350172e-01
3.7561101e-01   -2.1222654e-01
3.9129600e-01   -2.1045949e-01
4.0708300e-01   -2.0949890e-01
4.2295700e-01   -2.0714006e-01
4.3890101e-01   -2.0455864e-01
4.5489901e-01   -2.0176357e-01
4.7093499e-01   -1.9783516e-01
4.8699200e-01   -1.9387776e-01
5.0305498e-01   -1.8900739e-01
5.1910698e-01   -1.8486130e-01
5.3513199e-01   -1.7984180e-01
5.5111402e-01   -1.7386188e-01
5.6703597e-01   -1.6853443e-01
5.8288401e-01   -1.6332370e-01
5.9864002e-01   -1.5648741e-01
6.1429000e-01   -1.5011045e-01
6.2981701e-01   -1.4461805e-01
6.4520597e-01   -1.3712032e-01
6.6044199e-01   -1.3037084e-01
6.7550898e-01   -1.2406778e-01
6.9039297e-01   -1.1701159e-01
7.0507699e-01   -1.1126208e-01
7.1954900e-01   -1.0407220e-01
7.3379302e-01   -9.7930439e-02
7.4779499e-01   -9.2129521e-02
7.6154202e-01   -8.5583076e-02
7.7501899e-01   -7.9050601e-02
7.8821403e-01   -7.4064173e-02
8.0111301e-01   -6.7501269e-02
8.1370401e-01   -6.3003339e-02
8.2597297e-01   -5.8333308e-02
8.3791000e-01   -5.3286985e-02
8.4950101e-01   -4.8304591e-02
8.6073500e-01   -4.4396918e-02
8.7160099e-01   -4.0621150e-02
8.8208801e-01   -3.6126416e-02
8.9218402e-01   -3.3143390e-02
9.0188003e-01   -2.9999077e-02
9.1116500e-01   -2.6898477e-02
9.2003101e-01   -2.4210677e-02
9.2846799e-01   -2.2535348e-02
9.3646699e-01   -2.0173788e-02
9.4401902e-01   -1.8358890e-02
9.5111603e-01   -1.6718490e-02
9.5775098e-01   -1.4959823e-02
9.6392000e-01   -1.3592491e-02
9.6961600e-01   -1.2320054e-02
9.7483599e-01   -1.0885925e-02
9.7957498e-01   -1.0073241e-02
9.8383099e-01   -9.0430435e-03
9.8759800e-01   -8.4033199e-03
9.9087399e-01   -7.6194452e-03
9.9365300e-01   -7.0556458e-03
9.9593401e-01   -6.3797310e-03
9.9771100e-01   -6.1397660e-03
9.9898201e-01   -5.5515813e-03
9.9974501e-01   -5.7239588e-03
1.0000000e+00   -5.6421473e-03
