1.0000000e+00   -2.0184301e-05
9.9974501e-01   6.5997898e-05
9.9898201e-01   4.0939651e-04
9.9771100e-01   1.0346553e-03
9.9593300e-01   1.5642249e-03
9.9365300e-01   2.4554331e-03
9.9087399e-01   3.7119181e-03
9.8759800e-01   5.1727626e-03
9.8382998e-01   6.6483738e-03
9.7957498e-01   8.2071293e-03
9.7483599e-01   1.0100103e-02
9.6961600e-01   1.1941431e-02
9.6392000e-01   1.4017640e-02
9.5775098e-01   1.6200034e-02
9.5111603e-01   1.8574288e-02
9.4401902e-01   2.1243144e-02
9.3646699e-01   2.4156578e-02
9.2846799e-01   2.7394028e-02
9.2003101e-01   3.0700339e-02
9.1116500e-01   3.3986524e-02
9.0187901e-01   3.7733573e-02
8.9218301e-01   4.1440062e-02
8.8208699e-01   4.5413382e-02
8.7160099e-01   4.9755186e-02
8.6073500e-01   5.4179974e-02
8.4950101e-01   5.8756053e-02
8.3791000e-01   6.3574120e-02
8.2597399e-01   6.8482190e-02
8.1370401e-01   7.3614337e-02
8.0111301e-01   7.8591667e-02
7.8821403e-01   8.3792157e-02
7.7501899e-01   8.8934764e-02
7.6154101e-01   9.4150349e-02
7.4779499e-01   9.9476278e-02
7.3379201e-01   1.0474664e-01
7.1954799e-01   1.0998742e-01
7.0507699e-01   1.1521442e-01
6.9039202e-01   1.2040548e-01
6.7550898e-01   1.2598373e-01
6.6044199e-01   1.3112724e-01
6.4520597e-01   1.3638704e-01
6.2981701e-01   1.4150670e-01
6.1429000e-01   1.4661837e-01
5.9864002e-01   1.5122414e-01
5.8288401e-01   1.5591529e-01
5.6703597e-01   1.5987267e-01
5.5111301e-01   1.6416971e-01
5.3513098e-01   1.6793987e-01
5.1910597e-01   1.7179768e-01
5.0305402e-01   1.7504710e-01
4.8699099e-01   1.7829040e-01
4.7093400e-01   1.8111008e-01
4.5489800e-01   1.8368366e-01
4.3889999e-01   1.8614297e-01
4.2295599e-01   1.8821819e-01
4.0708300e-01   1.8975073e-01
3.9129499e-01   1.9088870e-01
3.7560999e-01   1.9193633e-01
3.6004400e-01   1.9264670e-01
3.4461200e-01   1.9342975e-01
3.2933000e-01   1.9361931e-01
3.1421301e-01   1.9324991e-01
2.9927900e-01   1.9282044e-01
2.8454101e-01   1.9230784e-01
2.7001500e-01   1.9125015e-01
2.5571701e-01   1.8992424e-01
2.4166100e-01   1.8816820e-01
2.2786200e-01   1.8636516e-01
2.1433599e-01   1.8415512e-01
2.0109500e-01   1.8150273e-01
1.8815500e-01   1.7859980e-01
1.7553000e-01   1.7507327e-01
1.6323400e-01   1.7156030e-01
1.5128000e-01   1.6745894e-01
1.3968100e-01   1.6322704e-01
1.2845200e-01   1.5877225e-01
1.1760600e-01   1.5402591e-01
1.0715500e-01   1.4869320e-01
9.7112998e-02   1.4335607e-01
8.7493002e-02   1.3757575e-01
7.8305997e-02   1.3137057e-01
6.9565997e-02   1.2492874e-01
6.1285000e-02   1.1832239e-01
5.3474002e-02   1.1112797e-01
4.6149999e-02   1.0383531e-01
3.9326001e-02   9.6244238e-02
3.3013999e-02   8.8590078e-02
2.7230000e-02   8.0844551e-02
2.1980001e-02   7.2724409e-02
1.7277000e-02   6.4458914e-02
1.3141000e-02   5.5807363e-02
9.5729996e-03   4.7164936e-02
6.5830001e-03   3.8675219e-02
4.1880002e-03   3.0329568e-02
2.3540000e-03   2.2184465e-02
1.0810000e-03   1.4833907e-02
3.7100000e-04   8.4591536e-03
7.6999997e-05   3.8264166e-03
4.9999999e-06   9.5796183e-04
0.0000000e+00   -2.9953480e-06
4.9999999e-06   -9.6811139e-04
7.6999997e-05   -3.8680169e-03
3.7100000e-04   -8.4040985e-03
1.0810000e-03   -1.4468458e-02
2.3530000e-03   -2.1524383e-02
4.1880002e-03   -2.9314803e-02
6.5850001e-03   -3.6854446e-02
9.5760003e-03   -4.4435427e-02
1.3145000e-02   -5.1905014e-02
1.7281000e-02   -5.9299834e-02
2.1983000e-02   -6.6477031e-02
2.7232001e-02   -7.3389575e-02
3.3016000e-02   -8.0142163e-02
3.9328001e-02   -8.6752743e-02
4.6151999e-02   -9.3197718e-02
5.3475998e-02   -9.9203527e-02
6.1287001e-02   -1.0509355e-01
6.9568001e-02   -1.1084411e-01
7.8308001e-02   -1.1633000e-01
8.7494999e-02   -1.2175725e-01
9.7115003e-02   -1.2679015e-01
1.0715700e-01   -1.3166614e-01
1.1760800e-01   -1.3625722e-01
1.2845400e-01   -1.4078841e-01
1.3968299e-01   -1.4483882e-01
1.5128200e-01   -1.4853792e-01
1.6323499e-01   -1.5202294e-01
1.7553200e-01   -1.5530668e-01
1.8815701e-01   -1.5855365e-01
2.0109700e-01   -1.6130766e-01
2.1433701e-01   -1.6372883e-01
2.2786400e-01   -1.6645376e-01
2.4166299e-01   -1.6849299e-01
2.5571901e-01   -1.7007278e-01
2.7001700e-01   -1.7172357e-01
2.8454199e-01   -1.7267755e-01
2.9927999e-01   -1.7362934e-01
3.1421500e-01   -1.7425795e-01
3.2933101e-01   -1.7476249e-01
3.4461299e-01   -1.7484108e-01
3.6004499e-01   -1.7450421e-01
3.7561101e-01   -1.7380144e-01
3.9129600e-01   -1.7278303e-01
4.0708300e-01   -1.7179301e-01
4.2295700e-01   -1.7037036e-01
4.3890101e-01   -1.6885088e-01
4.5489901e-01   -1.6689518e-01
4.7093499e-01   -1.6493407e-01
4.8699200e-01   -1.6239904e-01
5.0305498e-01   -1.5966357e-01
5.1910698e-01   -1.5634103e-01
5.3513199e-01   -1.5308547e-01
5.5111402e-01   -1.4960647e-01
5.6703597e-01   -1.4575450e-01
5.8288401e-01   -1.4145996e-01
5.9864002e-01   -1.3710746e-01
6.1429000e-01   -1.3254507e-01
6.2981701e-01   -1.2804243e-01
6.4520597e-01   -1.2322352e-01
6.6044199e-01   -1.1866846e-01
6.7550898e-01   -1.1382147e-01
6.9039297e-01   -1.0895816e-01
7.0507699e-01   -1.0418066e-01
7.1954900e-01   -9.9295586e-02
7.3379302e-01   -9.4530806e-02
7.4779499e-01   -8.9641318e-02
7.6154202e-01   -8.4885590e-02
7.7501899e-01   -8.0272414e-02
7.8821403e-01   -7.5760327e-02
8.0111301e-01   -7.1122989e-02
8.1370401e-01   -6.6608928e-02
8.2597297e-01   -6.2191214e-02
8.3791000e-01   -5.7857022e-02
8.4950101e-01   -5.3845551e-02
8.6073500e-01   -4.9799692e-02
8.7160099e-01   -4.5928448e-02
8.8208801e-01   -4.2301290e-02
8.9218402e-01   -3.8553126e-02
9.0188003e-01   -3.5334758e-02
9.1116500e-01   -3.2073312e-02
9.2003101e-01   -2.9021416e-02
9.2846799e-01   -2.6090655e-02
9.3646699e-01   -2.3287395e-02
9.4401902e-01   -2.0595435e-02
9.5111603e-01   -1.8353323e-02
9.5775098e-01   -1.6234975e-02
9.6392000e-01   -1.4177738e-02
9.6961600e-01   -1.2243764e-02
9.7483599e-01   -1.0404966e-02
9.7957498e-01   -8.6493092e-03
9.8383099e-01   -7.1730674e-03
9.8759800e-01   -5.6989500e-03
9.9087399e-01   -4.3777940e-03
9.9365300e-01   -3.1649552e-03
9.9593401e-01   -2.2809950e-03
9.9771100e-01   -1.4425969e-03
9.9898201e-01   -7.5682596e-04
9.9974501e-01   -2.5933498e-04
1.0000000e+00   -2.3396389e-05
