1.0000000e+00   -6.1773177e-04
9.9974501e-01   -6.0651853e-04
9.9898201e-01   -8.9988927e-05
9.9771100e-01   1.2104915e-03
9.9593300e-01   2.2912116e-03
9.9365300e-01   3.9314511e-03
9.9087399e-01   6.2481374e-03
9.8759800e-01   8.6538214e-03
9.8382998e-01   1.1634491e-02
9.7957498e-01   1.4396492e-02
9.7483599e-01   1.8391283e-02
9.6961600e-01   2.2101806e-02
9.6392000e-01   2.6295092e-02
9.5775098e-01   3.0759787e-02
9.5111603e-01   3.5639893e-02
9.4401902e-01   4.0709678e-02
9.3646699e-01   4.5885675e-02
9.2846799e-01   5.1568449e-02
9.2003101e-01   5.7457335e-02
9.1116500e-01   6.3735388e-02
9.0187901e-01   7.0182085e-02
8.9218301e-01   7.7229165e-02
8.8208699e-01   8.4373765e-02
8.7160099e-01   9.1501229e-02
8.6073500e-01   9.9476397e-02
8.4950101e-01   1.0732023e-01
8.3791000e-01   1.1576942e-01
8.2597399e-01   1.2372494e-01
8.1370401e-01   1.3242190e-01
8.0111301e-01   1.4173976e-01
7.8821403e-01   1.5050030e-01
7.7501899e-01   1.5973519e-01
7.6154101e-01   1.7011358e-01
7.4779499e-01   1.7947850e-01
7.3379201e-01   1.8937257e-01
7.1954799e-01   1.9902158e-01
7.0507699e-01   2.0894556e-01
6.9039202e-01   2.1916308e-01
6.7550898e-01   2.2919858e-01
6.6044199e-01   2.3953535e-01
6.4520597e-01   2.4974260e-01
6.2981701e-01   2.6011410e-01
6.1429000e-01   2.6981384e-01
5.9864002e-01   2.8012362e-01
5.8288401e-01   2.9037732e-01
5.6703597e-01   2.9954863e-01
5.5111301e-01   3.0895737e-01
5.3513098e-01   3.1813663e-01
5.1910597e-01   3.2717139e-01
5.0305402e-01   3.3585826e-01
4.8699099e-01   3.4428197e-01
4.7093400e-01   3.5151443e-01
4.5489800e-01   3.5884193e-01
4.3889999e-01   3.6583492e-01
4.2295599e-01   3.7111315e-01
4.0708300e-01   3.7673667e-01
3.9129499e-01   3.8109717e-01
3.7560999e-01   3.8484138e-01
3.6004400e-01   3.8737690e-01
3.4461200e-01   3.8958636e-01
3.2933000e-01   3.9021680e-01
3.1421301e-01   3.9045820e-01
2.9927900e-01   3.8906223e-01
2.8454101e-01   3.8696343e-01
2.7001500e-01   3.8387409e-01
2.5571701e-01   3.7970519e-01
2.4166100e-01   3.7443686e-01
2.2786200e-01   3.6860615e-01
2.1433599e-01   3.6199117e-01
2.0109500e-01   3.5337165e-01
1.8815500e-01   3.4396592e-01
1.7553000e-01   3.3389276e-01
1.6323400e-01   3.2270151e-01
1.5128000e-01   3.1105867e-01
1.3968100e-01   2.9783943e-01
1.2845200e-01   2.8467867e-01
1.1760600e-01   2.7072304e-01
1.0715500e-01   2.5578266e-01
9.7112998e-02   2.4059287e-01
8.7493002e-02   2.2548850e-01
7.8305997e-02   2.0995951e-01
6.9565997e-02   1.9405361e-01
6.1285000e-02   1.7815484e-01
5.3474002e-02   1.6224149e-01
4.6149999e-02   1.4648245e-01
3.9326001e-02   1.3120589e-01
3.3013999e-02   1.1637077e-01
2.7230000e-02   1.0146188e-01
2.1980001e-02   8.7161928e-02
1.7277000e-02   7.3287547e-02
1.3141000e-02   6.0194291e-02
9.5729996e-03   4.8203256e-02
6.5830001e-03   3.7261657e-02
4.1880002e-03   2.7545284e-02
2.3540000e-03   1.9223092e-02
1.0810000e-03   1.2607203e-02
3.7100000e-04   7.0955353e-03
7.6999997e-05   3.3045702e-03
4.9999999e-06   8.6870627e-04
0.0000000e+00   5.5164564e-06
4.9999999e-06   -7.5966940e-04
7.6999997e-05   -2.9540705e-03
3.7100000e-04   -6.4010685e-03
1.0810000e-03   -1.1461687e-02
2.3530000e-03   -1.7929092e-02
4.1880002e-03   -2.5209602e-02
6.5850001e-03   -3.3526804e-02
9.5760003e-03   -4.1741516e-02
1.3145000e-02   -4.9577616e-02
1.7281000e-02   -5.6484111e-02
2.1983000e-02   -6.2342580e-02
2.7232001e-02   -6.8023212e-02
3.3016000e-02   -7.2777636e-02
3.9328001e-02   -7.6414004e-02
4.6151999e-02   -7.9629160e-02
5.3475998e-02   -8.1808671e-02
6.1287001e-02   -8.3369352e-02
6.9568001e-02   -8.4661119e-02
7.8308001e-02   -8.4973678e-02
8.7494999e-02   -8.4600285e-02
9.7115003e-02   -8.4322423e-02
1.0715700e-01   -8.3403125e-02
1.1760800e-01   -8.2240038e-02
1.2845400e-01   -8.0728203e-02
1.3968299e-01   -7.9262584e-02
1.5128200e-01   -7.6670401e-02
1.6323499e-01   -7.4938700e-02
1.7553200e-01   -7.1848668e-02
1.8815701e-01   -6.8398274e-02
2.0109700e-01   -6.5387741e-02
2.1433701e-01   -6.2078200e-02
2.2786400e-01   -5.8049183e-02
2.4166299e-01   -5.4199364e-02
2.5571901e-01   -5.0537605e-02
2.7001700e-01   -4.6825919e-02
2.8454199e-01   -4.1703016e-02
2.9927999e-01   -3.8417622e-02
3.1421500e-01   -3.4175333e-02
3.2933101e-01   -2.9727474e-02
3.4461299e-01   -2.5460022e-02
3.6004499e-01   -2.2074083e-02
3.7561101e-01   -1.7908294e-02
3.9129600e-01   -1.4691011e-02
4.0708300e-01   -1.1225136e-02
4.2295700e-01   -7.7405889e-03
4.3890101e-01   -5.0297254e-03
4.5489901e-01   -1.6618579e-03
4.7093499e-01   1.7535595e-03
4.8699200e-01   3.1092141e-03
5.0305498e-01   5.8822548e-03
5.1910698e-01   7.7925236e-03
5.3513199e-01   1.0490145e-02
5.5111402e-01   1.2092273e-02
5.6703597e-01   1.3586080e-02
5.8288401e-01   1.5575225e-02
5.9864002e-01   1.6731445e-02
6.1429000e-01   1.8017387e-02
6.2981701e-01   1.9109583e-02
6.4520597e-01   2.0005958e-02
6.6044199e-01   1.9907914e-02
6.7550898e-01   2.0308504e-02
6.9039297e-01   2.0784939e-02
7.0507699e-01   2.0608177e-02
7.1954900e-01   2.1067325e-02
7.3379302e-01   2.0837272e-02
7.4779499e-01   2.0916548e-02
7.6154202e-01   1.9951504e-02
7.7501899e-01   2.0170603e-02
7.8821403e-01   1.9979671e-02
8.0111301e-01   1.8880704e-02
8.1370401e-01   1.8263744e-02
8.2597297e-01   1.7425025e-02
8.3791000e-01   1.7122827e-02
8.4950101e-01   1.5818637e-02
8.6073500e-01   1.5600274e-02
8.7160099e-01   1.4659203e-02
8.8208801e-01   1.3464696e-02
8.9218402e-01   1.2954139e-02
9.0188003e-01   1.2055898e-02
9.1116500e-01   1.1147178e-02
9.2003101e-01   9.9522341e-03
9.2846799e-01   8.8585475e-03
9.3646699e-01   7.9600373e-03
9.4401902e-01   7.2375564e-03
9.5111603e-01   6.2512741e-03
9.5775098e-01   5.0301454e-03
9.6392000e-01   4.4801980e-03
9.6961600e-01   3.4503129e-03
9.7483599e-01   2.4990649e-03
9.7957498e-01   1.5880298e-03
9.8383099e-01   9.1213518e-04
9.8759800e-01   5.8299396e-05
9.9087399e-01   -6.6550763e-04
9.9365300e-01   -1.1588322e-03
9.9593401e-01   -1.4715347e-03
9.9771100e-01   -1.8346105e-03
9.9898201e-01   -2.0436021e-03
9.9974501e-01   -1.9812142e-03
1.0000000e+00   -1.9349150e-03
