1.0000000e+00   1.4903994e-06
9.9974501e-01   6.1216531e-04
9.9898201e-01   2.1389499e-03
9.9771100e-01   4.4295401e-03
9.9593300e-01   7.3574064e-03
9.9365300e-01   1.0986260e-02
9.9087399e-01   1.4998699e-02
9.8759800e-01   1.9737609e-02
9.8382998e-01   2.5316050e-02
9.7957498e-01   3.1445794e-02
9.7483599e-01   3.8444508e-02
9.6961600e-01   4.5595948e-02
9.6392000e-01   5.3208802e-02
9.5775098e-01   6.1155077e-02
9.5111603e-01   6.9780394e-02
9.4401902e-01   7.8858331e-02
9.3646699e-01   8.8254355e-02
9.2846799e-01   9.8372526e-02
9.2003101e-01   1.0861441e-01
9.1116500e-01   1.1939146e-01
9.0187901e-01   1.3077982e-01
8.9218301e-01   1.4197102e-01
8.8208699e-01   1.5342580e-01
8.7160099e-01   1.6531315e-01
8.6073500e-01   1.7763551e-01
8.4950101e-01   1.9000053e-01
8.3791000e-01   2.0280905e-01
8.2597399e-01   2.1587047e-01
8.1370401e-01   2.2894189e-01
8.0111301e-01   2.4218418e-01
7.8821403e-01   2.5530359e-01
7.7501899e-01   2.6873824e-01
7.6154101e-01   2.8174856e-01
7.4779499e-01   2.9506779e-01
7.3379201e-01   3.0816120e-01
7.1954799e-01   3.2148400e-01
7.0507699e-01   3.3442479e-01
6.9039202e-01   3.4708044e-01
6.7550898e-01   3.5980806e-01
6.6044199e-01   3.7263599e-01
6.4520597e-01   3.8497117e-01
6.2981701e-01   3.9676982e-01
6.1429000e-01   4.0828010e-01
5.9864002e-01   4.1953886e-01
5.8288401e-01   4.3054479e-01
5.6703597e-01   4.4079968e-01
5.5111301e-01   4.5057636e-01
5.3513098e-01   4.5989233e-01
5.1910597e-01   4.6901178e-01
5.0305402e-01   4.7717503e-01
4.8699099e-01   4.8459548e-01
4.7093400e-01   4.9123606e-01
4.5489800e-01   4.9677947e-01
4.3889999e-01   5.0154024e-01
4.2295599e-01   5.0494617e-01
4.0708300e-01   5.0793093e-01
3.9129499e-01   5.0954193e-01
3.7560999e-01   5.1045603e-01
3.6004400e-01   5.0987881e-01
3.4461200e-01   5.0850528e-01
3.2933000e-01   5.0599819e-01
3.1421301e-01   5.0230658e-01
2.9927900e-01   4.9716452e-01
2.8454101e-01   4.9110973e-01
2.7001500e-01   4.8398408e-01
2.5571701e-01   4.7608757e-01
2.4166100e-01   4.6699604e-01
2.2786200e-01   4.5715564e-01
2.1433599e-01   4.4632733e-01
2.0109500e-01   4.3402156e-01
1.8815500e-01   4.2109498e-01
1.7553000e-01   4.0727201e-01
1.6323400e-01   3.9254680e-01
1.5128000e-01   3.7690473e-01
1.3968100e-01   3.6071485e-01
1.2845200e-01   3.4392405e-01
1.1760600e-01   3.2643822e-01
1.0715500e-01   3.0833897e-01
9.7112998e-02   2.9063022e-01
8.7493002e-02   2.7234423e-01
7.8305997e-02   2.5368538e-01
6.9565997e-02   2.3486085e-01
6.1285000e-02   2.1621336e-01
5.3474002e-02   1.9740447e-01
4.6149999e-02   1.7873630e-01
3.9326001e-02   1.6031826e-01
3.3013999e-02   1.4215648e-01
2.7230000e-02   1.2459905e-01
2.1980001e-02   1.0748868e-01
1.7277000e-02   9.1424234e-02
1.3141000e-02   7.5685307e-02
9.5729996e-03   6.0844600e-02
6.5830001e-03   4.7224879e-02
4.1880002e-03   3.5113759e-02
2.3540000e-03   2.4619080e-02
1.0810000e-03   1.6027378e-02
3.7100000e-04   9.0694651e-03
7.6999997e-05   4.1056066e-03
4.9999999e-06   1.0119529e-03
0.0000000e+00   1.4765059e-05
4.9999999e-06   -8.5274334e-04
7.6999997e-05   -3.8791033e-03
3.7100000e-04   -8.0799302e-03
1.0810000e-03   -1.4009124e-02
2.3530000e-03   -2.0724898e-02
4.1880002e-03   -2.7952170e-02
6.5850001e-03   -3.4604330e-02
9.5760003e-03   -4.0128253e-02
1.3145000e-02   -4.4508446e-02
1.7281000e-02   -4.6943393e-02
2.1983000e-02   -4.8229404e-02
2.7232001e-02   -4.8755195e-02
3.3016000e-02   -4.8382029e-02
3.9328001e-02   -4.7604602e-02
4.6151999e-02   -4.6090804e-02
5.3475998e-02   -4.4106301e-02
6.1287001e-02   -4.1468874e-02
6.9568001e-02   -3.8694773e-02
7.8308001e-02   -3.5564467e-02
8.7494999e-02   -3.1913627e-02
9.7115003e-02   -2.7675955e-02
1.0715700e-01   -2.3419233e-02
1.1760800e-01   -1.8607805e-02
1.2845400e-01   -1.3616875e-02
1.3968299e-01   -8.3977021e-03
1.5128200e-01   -2.6014016e-03
1.6323499e-01   3.5102372e-03
1.7553200e-01   9.5850425e-03
1.8815701e-01   1.5669426e-02
2.0109700e-01   2.1310791e-02
2.1433701e-01   2.7442135e-02
2.2786400e-01   3.2586262e-02
2.4166299e-01   3.8106941e-02
2.5571901e-01   4.3688007e-02
2.7001700e-01   4.8826620e-02
2.8454199e-01   5.4518122e-02
2.9927999e-01   5.9929155e-02
3.1421500e-01   6.4948618e-02
3.2933101e-01   6.9955088e-02
3.4461299e-01   7.4690223e-02
3.6004499e-01   7.9774767e-02
3.7561101e-01   8.4657334e-02
3.9129600e-01   8.9254893e-02
4.0708300e-01   9.3605317e-02
4.2295700e-01   9.7578265e-02
4.3890101e-01   1.0105517e-01
4.5489901e-01   1.0451216e-01
4.7093499e-01   1.0800607e-01
4.8699200e-01   1.1081459e-01
5.0305498e-01   1.1317599e-01
5.1910698e-01   1.1510859e-01
5.3513199e-01   1.1667363e-01
5.5111402e-01   1.1910985e-01
5.6703597e-01   1.2016726e-01
5.8288401e-01   1.2189759e-01
5.9864002e-01   1.2231164e-01
6.1429000e-01   1.2248383e-01
6.2981701e-01   1.2213009e-01
6.4520597e-01   1.2151136e-01
6.6044199e-01   1.2024364e-01
6.7550898e-01   1.1915348e-01
6.9039297e-01   1.1688956e-01
7.0507699e-01   1.1533902e-01
7.1954900e-01   1.1281718e-01
7.3379302e-01   1.1092400e-01
7.4779499e-01   1.0840562e-01
7.6154202e-01   1.0564504e-01
7.7501899e-01   1.0231787e-01
7.8821403e-01   9.8561384e-02
8.0111301e-01   9.5019899e-02
8.1370401e-01   9.1255724e-02
8.2597297e-01   8.6835779e-02
8.3791000e-01   8.3125934e-02
8.4950101e-01   7.8936480e-02
8.6073500e-01   7.4511915e-02
8.7160099e-01   6.9648154e-02
8.8208801e-01   6.4987689e-02
8.9218402e-01   6.0424626e-02
9.0188003e-01   5.5290692e-02
9.1116500e-01   5.0552215e-02
9.2003101e-01   4.5844320e-02
9.2846799e-01   4.1207265e-02
9.3646699e-01   3.7101291e-02
9.4401902e-01   3.2753307e-02
9.5111603e-01   2.8722765e-02
9.5775098e-01   2.4975184e-02
9.6392000e-01   2.1323673e-02
9.6961600e-01   1.7756555e-02
9.7483599e-01   1.4607690e-02
9.7957498e-01   1.1672281e-02
9.8383099e-01   9.1135828e-03
9.8759800e-01   6.9625508e-03
9.9087399e-01   4.9859211e-03
9.9365300e-01   3.2574546e-03
9.9593401e-01   2.0530445e-03
9.9771100e-01   1.1553080e-03
9.9898201e-01   5.7804375e-04
9.9974501e-01   3.4131030e-05
1.0000000e+00   3.2328990e-05
