1.0000000e+00   5.1283255e-02
9.9974501e-01   5.0896782e-02
9.9898201e-01   5.1990502e-02
9.9771100e-01   5.3515621e-02
9.9593300e-01   5.6074660e-02
9.9365300e-01   5.8415808e-02
9.9087399e-01   6.1865155e-02
9.8759800e-01   6.4147890e-02
9.8382998e-01   6.7360088e-02
9.7957498e-01   7.1392804e-02
9.7483599e-01   7.5156808e-02
9.6961600e-01   7.9612784e-02
9.6392000e-01   8.3940506e-02
9.5775098e-01   8.7779962e-02
9.5111603e-01   9.2780255e-02
9.4401902e-01   9.7182319e-02
9.3646699e-01   1.0282087e-01
9.2846799e-01   1.0870557e-01
9.2003101e-01   1.1476725e-01
9.1116500e-01   1.2181861e-01
9.0187901e-01   1.2801406e-01
8.9218301e-01   1.3675991e-01
8.8208699e-01   1.4478211e-01
8.7160099e-01   1.5416460e-01
8.6073500e-01   1.6307668e-01
8.4950101e-01   1.7234483e-01
8.3791000e-01   1.8363433e-01
8.2597399e-01   1.9408388e-01
8.1370401e-01   2.0678437e-01
8.0111301e-01   2.1874781e-01
7.8821403e-01   2.3153609e-01
7.7501899e-01   2.4522592e-01
7.6154101e-01   2.5896984e-01
7.4779499e-01   2.7134183e-01
7.3379201e-01   2.8567535e-01
7.1954799e-01   3.0048686e-01
7.0507699e-01   3.1447196e-01
6.9039202e-01   3.2884863e-01
6.7550898e-01   3.4312254e-01
6.6044199e-01   3.5753170e-01
6.4520597e-01   3.7136909e-01
6.2981701e-01   3.8611951e-01
6.1429000e-01   4.0020037e-01
5.9864002e-01   4.1360635e-01
5.8288401e-01   4.2714116e-01
5.6703597e-01   4.4114468e-01
5.5111301e-01   4.5499206e-01
5.3513098e-01   4.6893451e-01
5.1910597e-01   4.8254010e-01
5.0305402e-01   4.9704760e-01
4.8699099e-01   5.0979400e-01
4.7093400e-01   5.2172095e-01
4.5489800e-01   5.3474575e-01
4.3889999e-01   5.4667729e-01
4.2295599e-01   5.5759275e-01
4.0708300e-01   5.6587034e-01
3.9129499e-01   5.7317793e-01
3.7560999e-01   5.7812339e-01
3.6004400e-01   5.8059931e-01
3.4461200e-01   5.8200133e-01
3.2933000e-01   5.8072460e-01
3.1421301e-01   5.7785368e-01
2.9927900e-01   5.7271081e-01
2.8454101e-01   5.6605428e-01
2.7001500e-01   5.5835801e-01
2.5571701e-01   5.4788768e-01
2.4166100e-01   5.3612065e-01
2.2786200e-01   5.2462405e-01
2.1433599e-01   5.0883812e-01
2.0109500e-01   4.9274036e-01
1.8815500e-01   4.7565171e-01
1.7553000e-01   4.5735690e-01
1.6323400e-01   4.3836001e-01
1.5128000e-01   4.1806293e-01
1.3968100e-01   3.9821866e-01
1.2845200e-01   3.7632269e-01
1.1760600e-01   3.5467604e-01
1.0715500e-01   3.3249465e-01
9.7112998e-02   3.1068042e-01
8.7493002e-02   2.8804162e-01
7.8305997e-02   2.6542732e-01
6.9565997e-02   2.4307923e-01
6.1285000e-02   2.2170931e-01
5.3474002e-02   1.9986488e-01
4.6149999e-02   1.7925335e-01
3.9326001e-02   1.5885825e-01
3.3013999e-02   1.4012170e-01
2.7230000e-02   1.2170026e-01
2.1980001e-02   1.0515507e-01
1.7277000e-02   8.8633932e-02
1.3141000e-02   7.4591003e-02
9.5729996e-03   6.1467078e-02
6.5830001e-03   4.9996305e-02
4.1880002e-03   3.9945994e-02
2.3540000e-03   3.1667616e-02
1.0810000e-03   2.4300365e-02
3.7100000e-04   1.8698756e-02
7.6999997e-05   1.4575153e-02
4.9999999e-06   1.2273313e-02
0.0000000e+00   1.1735184e-02
4.9999999e-06   1.0874104e-02
7.6999997e-05   8.4359227e-03
3.7100000e-04   4.5856480e-03
1.0810000e-03   -9.1505493e-04
2.3530000e-03   -7.9448372e-03
4.1880002e-03   -1.6099140e-02
6.5850001e-03   -2.5075415e-02
9.5760003e-03   -3.5119087e-02
1.3145000e-02   -4.6788726e-02
1.7281000e-02   -5.9613172e-02
2.1983000e-02   -7.3623769e-02
2.7232001e-02   -8.7583475e-02
3.3016000e-02   -1.0318141e-01
3.9328001e-02   -1.1839755e-01
4.6151999e-02   -1.3374284e-01
5.3475998e-02   -1.4900051e-01
6.1287001e-02   -1.6347417e-01
6.9568001e-02   -1.7854369e-01
7.8308001e-02   -1.9189107e-01
8.7494999e-02   -2.0484091e-01
9.7115003e-02   -2.1776311e-01
1.0715700e-01   -2.3166983e-01
1.1760800e-01   -2.4294657e-01
1.2845400e-01   -2.5424224e-01
1.3968299e-01   -2.6601040e-01
1.5128200e-01   -2.7610633e-01
1.6323499e-01   -2.8587040e-01
1.7553200e-01   -2.9449752e-01
1.8815701e-01   -3.0371624e-01
2.0109700e-01   -3.1075478e-01
2.1433701e-01   -3.1774926e-01
2.2786400e-01   -3.2489544e-01
2.4166299e-01   -3.3064154e-01
2.5571901e-01   -3.3634335e-01
2.7001700e-01   -3.3989385e-01
2.8454199e-01   -3.4520057e-01
2.9927999e-01   -3.4832785e-01
3.1421500e-01   -3.5083136e-01
3.2933101e-01   -3.5331473e-01
3.4461299e-01   -3.5595655e-01
3.6004499e-01   -3.5676739e-01
3.7561101e-01   -3.5773963e-01
3.9129600e-01   -3.5758552e-01
4.0708300e-01   -3.5692635e-01
4.2295700e-01   -3.5551864e-01
4.3890101e-01   -3.5366297e-01
4.5489901e-01   -3.5137451e-01
4.7093499e-01   -3.4887677e-01
4.8699200e-01   -3.4499237e-01
5.0305498e-01   -3.4114894e-01
5.1910698e-01   -3.3571202e-01
5.3513199e-01   -3.3037171e-01
5.5111402e-01   -3.2302654e-01
5.6703597e-01   -3.1485841e-01
5.8288401e-01   -3.0601317e-01
5.9864002e-01   -2.9671317e-01
6.1429000e-01   -2.8559747e-01
6.2981701e-01   -2.7412671e-01
6.4520597e-01   -2.6119924e-01
6.6044199e-01   -2.4904394e-01
6.7550898e-01   -2.3634438e-01
6.9039297e-01   -2.2424792e-01
7.0507699e-01   -2.1199037e-01
7.1954900e-01   -1.9928390e-01
7.3379302e-01   -1.8744674e-01
7.4779499e-01   -1.7631267e-01
7.6154202e-01   -1.6505988e-01
7.7501899e-01   -1.5422425e-01
7.8821403e-01   -1.4287792e-01
8.0111301e-01   -1.3307807e-01
8.1370401e-01   -1.2407643e-01
8.2597297e-01   -1.1358431e-01
8.3791000e-01   -1.0557503e-01
8.4950101e-01   -9.7796388e-02
8.6073500e-01   -8.9470886e-02
8.7160099e-01   -8.4507592e-02
8.8208801e-01   -7.8370340e-02
8.9218402e-01   -7.2621346e-02
9.0188003e-01   -6.8349585e-02
9.1116500e-01   -6.4170130e-02
9.2003101e-01   -6.1055530e-02
9.2846799e-01   -5.7813607e-02
9.3646699e-01   -5.4996859e-02
9.4401902e-01   -5.2864693e-02
9.5111603e-01   -5.1117435e-02
9.5775098e-01   -4.9075063e-02
9.6392000e-01   -4.6963155e-02
9.6961600e-01   -4.5031771e-02
9.7483599e-01   -4.3754622e-02
9.7957498e-01   -4.2749256e-02
9.8383099e-01   -4.1998517e-02
9.8759800e-01   -4.1330118e-02
9.9087399e-01   -4.1596547e-02
9.9365300e-01   -4.1782908e-02
9.9593401e-01   -4.1787039e-02
9.9771100e-01   -4.1684780e-02
9.9898201e-01   -4.2697266e-02
9.9974501e-01   -4.2595014e-02
1.0000000e+00   -4.2790391e-02
