1.0000000e+00   3.9536133e-02
9.9974501e-01   3.9330691e-02
9.9898201e-01   4.0895175e-02
9.9771100e-01   4.1220821e-02
9.9593300e-01   4.3024510e-02
9.9365300e-01   4.5232281e-02
9.9087399e-01   4.7845624e-02
9.8759800e-01   5.1053070e-02
9.8382998e-01   5.4247517e-02
9.7957498e-01   5.8267936e-02
9.7483599e-01   6.2642254e-02
9.6961600e-01   6.7567065e-02
9.6392000e-01   7.2142400e-02
9.5775098e-01   7.7181406e-02
9.5111603e-01   8.1966542e-02
9.4401902e-01   8.7199785e-02
9.3646699e-01   9.2546999e-02
9.2846799e-01   9.8637104e-02
9.2003101e-01   1.0473858e-01
9.1116500e-01   1.1097828e-01
9.0187901e-01   1.1784335e-01
8.9218301e-01   1.2642993e-01
8.8208699e-01   1.3392901e-01
8.7160099e-01   1.4239436e-01
8.6073500e-01   1.5168805e-01
8.4950101e-01   1.6147311e-01
8.3791000e-01   1.7149104e-01
8.2597399e-01   1.8299341e-01
8.1370401e-01   1.9332448e-01
8.0111301e-01   2.0529222e-01
7.8821403e-01   2.1704744e-01
7.7501899e-01   2.2899708e-01
7.6154101e-01   2.4184875e-01
7.4779499e-01   2.5396630e-01
7.3379201e-01   2.6692161e-01
7.1954799e-01   2.8001824e-01
7.0507699e-01   2.9221031e-01
6.9039202e-01   3.0596498e-01
6.7550898e-01   3.1803548e-01
6.6044199e-01   3.3173153e-01
6.4520597e-01   3.4364134e-01
6.2981701e-01   3.5717711e-01
6.1429000e-01   3.6950862e-01
5.9864002e-01   3.8149941e-01
5.8288401e-01   3.9347628e-01
5.6703597e-01   4.0512925e-01
5.5111301e-01   4.1607085e-01
5.3513098e-01   4.2717123e-01
5.1910597e-01   4.3698111e-01
5.0305402e-01   4.4700181e-01
4.8699099e-01   4.5627126e-01
4.7093400e-01   4.6511984e-01
4.5489800e-01   4.7211552e-01
4.3889999e-01   4.8011205e-01
4.2295599e-01   4.8575872e-01
4.0708300e-01   4.9081028e-01
3.9129499e-01   4.9458188e-01
3.7560999e-01   4.9776587e-01
3.6004400e-01   4.9855539e-01
3.4461200e-01   4.9784851e-01
3.2933000e-01   4.9684596e-01
3.1421301e-01   4.9369711e-01
2.9927900e-01   4.8985973e-01
2.8454101e-01   4.8418492e-01
2.7001500e-01   4.7750527e-01
2.5571701e-01   4.6940312e-01
2.4166100e-01   4.5970401e-01
2.2786200e-01   4.4980866e-01
2.1433599e-01   4.3788376e-01
2.0109500e-01   4.2489579e-01
1.8815500e-01   4.1083333e-01
1.7553000e-01   3.9589390e-01
1.6323400e-01   3.8061187e-01
1.5128000e-01   3.6388183e-01
1.3968100e-01   3.4761044e-01
1.2845200e-01   3.2932395e-01
1.1760600e-01   3.1183496e-01
1.0715500e-01   2.9329994e-01
9.7112998e-02   2.7411938e-01
8.7493002e-02   2.5571308e-01
7.8305997e-02   2.3645413e-01
6.9565997e-02   2.1659873e-01
6.1285000e-02   1.9813101e-01
5.3474002e-02   1.7879891e-01
4.6149999e-02   1.6076691e-01
3.9326001e-02   1.4252441e-01
3.3013999e-02   1.2579948e-01
2.7230000e-02   1.0761001e-01
2.1980001e-02   9.1918759e-02
1.7277000e-02   7.5710796e-02
1.3141000e-02   6.1674442e-02
9.5729996e-03   4.8486911e-02
6.5830001e-03   3.6714379e-02
4.1880002e-03   2.6351737e-02
2.3540000e-03   1.7652011e-02
1.0810000e-03   1.0629767e-02
3.7100000e-04   4.7460576e-03
7.6999997e-05   8.2000467e-04
4.9999999e-06   -1.1949182e-03
0.0000000e+00   -2.0414605e-03
4.9999999e-06   -2.9224702e-03
7.6999997e-05   -5.0171735e-03
3.7100000e-04   -8.8681197e-03
1.0810000e-03   -1.3898921e-02
2.3530000e-03   -2.0501694e-02
4.1880002e-03   -2.8425079e-02
6.5850001e-03   -3.6718551e-02
9.5760003e-03   -4.6256904e-02
1.3145000e-02   -5.6617912e-02
1.7281000e-02   -6.6885464e-02
2.1983000e-02   -7.7393800e-02
2.7232001e-02   -8.7397106e-02
3.3016000e-02   -9.6902296e-02
3.9328001e-02   -1.0648426e-01
4.6151999e-02   -1.1460285e-01
5.3475998e-02   -1.2412367e-01
6.1287001e-02   -1.3294594e-01
6.9568001e-02   -1.4105700e-01
7.8308001e-02   -1.4957689e-01
8.7494999e-02   -1.5662622e-01
9.7115003e-02   -1.6439275e-01
1.0715700e-01   -1.7105399e-01
1.1760800e-01   -1.7809081e-01
1.2845400e-01   -1.8357991e-01
1.3968299e-01   -1.8909216e-01
1.5128200e-01   -1.9519229e-01
1.6323499e-01   -1.9926523e-01
1.7553200e-01   -2.0455575e-01
1.8815701e-01   -2.0863162e-01
2.0109700e-01   -2.1187963e-01
2.1433701e-01   -2.1628650e-01
2.2786400e-01   -2.2007680e-01
2.4166299e-01   -2.2229010e-01
2.5571901e-01   -2.2484583e-01
2.7001700e-01   -2.2673532e-01
2.8454199e-01   -2.3017250e-01
2.9927999e-01   -2.3156461e-01
3.1421500e-01   -2.3375234e-01
3.2933101e-01   -2.3524383e-01
3.4461299e-01   -2.3733029e-01
3.6004499e-01   -2.3942681e-01
3.7561101e-01   -2.4040578e-01
3.9129600e-01   -2.4127525e-01
4.0708300e-01   -2.4106400e-01
4.2295700e-01   -2.4109334e-01
4.3890101e-01   -2.4001092e-01
4.5489901e-01   -2.3920441e-01
4.7093499e-01   -2.3890361e-01
4.8699200e-01   -2.3859048e-01
5.0305498e-01   -2.3700374e-01
5.1910698e-01   -2.3468085e-01
5.3513199e-01   -2.3275293e-01
5.5111402e-01   -2.3057151e-01
5.6703597e-01   -2.2716741e-01
5.8288401e-01   -2.2346354e-01
5.9864002e-01   -2.2025861e-01
6.1429000e-01   -2.1588948e-01
6.2981701e-01   -2.1069558e-01
6.4520597e-01   -2.0613272e-01
6.6044199e-01   -2.0140727e-01
6.7550898e-01   -1.9577110e-01
6.9039297e-01   -1.9086841e-01
7.0507699e-01   -1.8467115e-01
7.1954900e-01   -1.8009625e-01
7.3379302e-01   -1.7399223e-01
7.4779499e-01   -1.6800311e-01
7.6154202e-01   -1.6283584e-01
7.7501899e-01   -1.5678878e-01
7.8821403e-01   -1.5046981e-01
8.0111301e-01   -1.4484109e-01
8.1370401e-01   -1.3781469e-01
8.2597297e-01   -1.3128553e-01
8.3791000e-01   -1.2481619e-01
8.4950101e-01   -1.1817623e-01
8.6073500e-01   -1.1294965e-01
8.7160099e-01   -1.0678357e-01
8.8208801e-01   -1.0201663e-01
8.9218402e-01   -9.7032584e-02
9.0188003e-01   -9.2188172e-02
9.1116500e-01   -8.8358693e-02
9.2003101e-01   -8.3707616e-02
9.2846799e-01   -7.9485327e-02
9.3646699e-01   -7.5771712e-02
9.4401902e-01   -7.1135662e-02
9.5111603e-01   -6.6687614e-02
9.5775098e-01   -6.1829515e-02
9.6392000e-01   -5.7227243e-02
9.6961600e-01   -5.2558228e-02
9.7483599e-01   -4.7656164e-02
9.7957498e-01   -4.3790210e-02
9.8383099e-01   -3.9766409e-02
9.8759800e-01   -3.6432609e-02
9.9087399e-01   -3.3633709e-02
9.9365300e-01   -3.1177273e-02
9.9593401e-01   -2.9137151e-02
9.9771100e-01   -2.7473629e-02
9.9898201e-01   -2.6711158e-02
9.9974501e-01   -2.5583941e-02
1.0000000e+00   -2.5436630e-02
