1.0000000e+00   3.2770755e-03
9.9974501e-01   3.7002892e-03
9.9898201e-01   4.1289655e-03
9.9771100e-01   5.6538889e-03
9.9593300e-01   6.1940313e-03
9.9365300e-01   7.8992322e-03
9.9087399e-01   9.8990984e-03
9.8759800e-01   1.1029393e-02
9.8382998e-01   1.4063140e-02
9.7957498e-01   1.6349893e-02
9.7483599e-01   1.9076884e-02
9.6961600e-01   2.2209946e-02
9.6392000e-01   2.6156865e-02
9.5775098e-01   3.0146224e-02
9.5111603e-01   3.4195896e-02
9.4401902e-01   3.8461506e-02
9.3646699e-01   4.3499652e-02
9.2846799e-01   4.8930548e-02
9.2003101e-01   5.5004936e-02
9.1116500e-01   6.0125716e-02
9.0187901e-01   6.6634007e-02
8.9218301e-01   7.3435955e-02
8.8208699e-01   8.0434881e-02
8.7160099e-01   8.7238036e-02
8.6073500e-01   9.4807491e-02
8.4950101e-01   1.0287951e-01
8.3791000e-01   1.1083919e-01
8.2597399e-01   1.1990478e-01
8.1370401e-01   1.2935066e-01
8.0111301e-01   1.3901317e-01
7.8821403e-01   1.4973958e-01
7.7501899e-01   1.5992445e-01
7.6154101e-01   1.7149389e-01
7.4779499e-01   1.8200327e-01
7.3379201e-01   1.9351999e-01
7.1954799e-01   2.0492363e-01
7.0507699e-01   2.1649605e-01
6.9039202e-01   2.2741030e-01
6.7550898e-01   2.3932168e-01
6.6044199e-01   2.5034282e-01
6.4520597e-01   2.6062819e-01
6.2981701e-01   2.7136168e-01
6.1429000e-01   2.8146011e-01
5.9864002e-01   2.9063314e-01
5.8288401e-01   3.0002746e-01
5.6703597e-01   3.0950561e-01
5.5111301e-01   3.1792730e-01
5.3513098e-01   3.2529005e-01
5.1910597e-01   3.3341840e-01
5.0305402e-01   3.4001198e-01
4.8699099e-01   3.4533811e-01
4.7093400e-01   3.5055012e-01
4.5489800e-01   3.5556468e-01
4.3889999e-01   3.5917753e-01
4.2295599e-01   3.6255321e-01
4.0708300e-01   3.6516601e-01
3.9129499e-01   3.6755446e-01
3.7560999e-01   3.6825436e-01
3.6004400e-01   3.6856592e-01
3.4461200e-01   3.6786181e-01
3.2933000e-01   3.6591560e-01
3.1421301e-01   3.6456320e-01
2.9927900e-01   3.6177617e-01
2.8454101e-01   3.5836557e-01
2.7001500e-01   3.5417172e-01
2.5571701e-01   3.5024744e-01
2.4166100e-01   3.4457737e-01
2.2786200e-01   3.3896568e-01
2.1433599e-01   3.3216083e-01
2.0109500e-01   3.2548675e-01
1.8815500e-01   3.1737554e-01
1.7553000e-01   3.0858845e-01
1.6323400e-01   2.9949957e-01
1.5128000e-01   2.9043260e-01
1.3968100e-01   2.7940682e-01
1.2845200e-01   2.6872581e-01
1.1760600e-01   2.5690728e-01
1.0715500e-01   2.4585375e-01
9.7112998e-02   2.3312192e-01
8.7493002e-02   2.2108009e-01
7.8305997e-02   2.0762654e-01
6.9565997e-02   1.9461508e-01
6.1285000e-02   1.8081518e-01
5.3474002e-02   1.6740976e-01
4.6149999e-02   1.5304078e-01
3.9326001e-02   1.3908228e-01
3.3013999e-02   1.2520342e-01
2.7230000e-02   1.1049374e-01
2.1980001e-02   9.6581355e-02
1.7277000e-02   8.2581945e-02
1.3141000e-02   6.8982080e-02
9.5729996e-03   5.6095220e-02
6.5830001e-03   4.3740723e-02
4.1880002e-03   3.2805961e-02
2.3540000e-03   2.2950454e-02
1.0810000e-03   1.4690804e-02
3.7100000e-04   8.2839727e-03
7.6999997e-05   3.5880762e-03
4.9999999e-06   5.2070396e-04
0.0000000e+00   -1.2001744e-04
4.9999999e-06   -1.1753518e-03
7.6999997e-05   -4.2058951e-03
3.7100000e-04   -8.7012686e-03
1.0810000e-03   -1.4823582e-02
2.3530000e-03   -2.2606337e-02
4.1880002e-03   -3.1479318e-02
6.5850001e-03   -4.0172547e-02
9.5760003e-03   -4.9458038e-02
1.3145000e-02   -5.8392860e-02
1.7281000e-02   -6.6448994e-02
2.1983000e-02   -7.4440718e-02
2.7232001e-02   -8.1236832e-02
3.3016000e-02   -8.8710457e-02
3.9328001e-02   -9.6192054e-02
4.6151999e-02   -1.0203135e-01
5.3475998e-02   -1.0912806e-01
6.1287001e-02   -1.1556152e-01
6.9568001e-02   -1.2093039e-01
7.8308001e-02   -1.2732014e-01
8.7494999e-02   -1.3331148e-01
9.7115003e-02   -1.3850981e-01
1.0715700e-01   -1.4364752e-01
1.1760800e-01   -1.4926471e-01
1.2845400e-01   -1.5339413e-01
1.3968299e-01   -1.5850276e-01
1.5128200e-01   -1.6340713e-01
1.6323499e-01   -1.6718088e-01
1.7553200e-01   -1.7191362e-01
1.8815701e-01   -1.7558794e-01
2.0109700e-01   -1.7825326e-01
2.1433701e-01   -1.8201976e-01
2.2786400e-01   -1.8464237e-01
2.4166299e-01   -1.8724881e-01
2.5571901e-01   -1.8966344e-01
2.7001700e-01   -1.9172050e-01
2.8454199e-01   -1.9372271e-01
2.9927999e-01   -1.9557765e-01
3.1421500e-01   -1.9663809e-01
3.2933101e-01   -1.9730359e-01
3.4461299e-01   -1.9864464e-01
3.6004499e-01   -1.9848327e-01
3.7561101e-01   -1.9925851e-01
3.9129600e-01   -1.9843672e-01
4.0708300e-01   -1.9896212e-01
4.2295700e-01   -1.9797735e-01
4.3890101e-01   -1.9648334e-01
4.5489901e-01   -1.9485223e-01
4.7093499e-01   -1.9426407e-01
4.8699200e-01   -1.9258080e-01
5.0305498e-01   -1.9011791e-01
5.1910698e-01   -1.8872529e-01
5.3513199e-01   -1.8609314e-01
5.5111402e-01   -1.8307714e-01
5.6703597e-01   -1.8075004e-01
5.8288401e-01   -1.7770191e-01
5.9864002e-01   -1.7489594e-01
6.1429000e-01   -1.7135857e-01
6.2981701e-01   -1.6818351e-01
6.4520597e-01   -1.6399574e-01
6.6044199e-01   -1.5996526e-01
6.7550898e-01   -1.5517007e-01
6.9039297e-01   -1.5122791e-01
7.0507699e-01   -1.4669493e-01
7.1954900e-01   -1.4158168e-01
7.3379302e-01   -1.3606237e-01
7.4779499e-01   -1.3074851e-01
7.6154202e-01   -1.2489785e-01
7.7501899e-01   -1.1904544e-01
7.8821403e-01   -1.1339691e-01
8.0111301e-01   -1.0650929e-01
8.1370401e-01   -9.9715613e-02
8.2597297e-01   -9.3657956e-02
8.3791000e-01   -8.6974323e-02
8.4950101e-01   -8.1023254e-02
8.6073500e-01   -7.3744059e-02
8.7160099e-01   -6.7457072e-02
8.8208801e-01   -6.1447319e-02
8.9218402e-01   -5.5203926e-02
9.0188003e-01   -4.9528811e-02
9.1116500e-01   -4.4609766e-02
9.2003101e-01   -3.9513402e-02
9.2846799e-01   -3.4910560e-02
9.3646699e-01   -3.0161047e-02
9.4401902e-01   -2.6863687e-02
9.5111603e-01   -2.3031879e-02
9.5775098e-01   -1.9765848e-02
9.6392000e-01   -1.6564073e-02
9.6961600e-01   -1.4160360e-02
9.7483599e-01   -1.1370198e-02
9.7957498e-01   -9.3539506e-03
9.8383099e-01   -7.4730166e-03
9.8759800e-01   -5.9128301e-03
9.9087399e-01   -4.4056801e-03
9.9365300e-01   -3.3666773e-03
9.9593401e-01   -2.4017394e-03
9.9771100e-01   -1.6735703e-03
9.9898201e-01   -1.0523127e-03
9.9974501e-01   -4.5288957e-04
1.0000000e+00   -3.9708798e-04
