1.0000000e+00   -1.6128433e-05
9.9974501e-01   3.2564090e-04
9.9898201e-01   1.2072106e-03
9.9771100e-01   2.5874407e-03
9.9593300e-01   4.3198527e-03
9.9365300e-01   6.6321264e-03
9.9087399e-01   9.5020086e-03
9.8759800e-01   1.2884020e-02
9.8382998e-01   1.6751407e-02
9.7957498e-01   2.1037856e-02
9.7483599e-01   2.5846846e-02
9.6961600e-01   3.0850576e-02
9.6392000e-01   3.6316693e-02
9.5775098e-01   4.1963141e-02
9.5111603e-01   4.8074931e-02
9.4401902e-01   5.4474883e-02
9.3646699e-01   6.1345551e-02
9.2846799e-01   6.8616174e-02
9.2003101e-01   7.6020554e-02
9.1116500e-01   8.3780229e-02
9.0187901e-01   9.1919653e-02
8.9218301e-01   1.0017527e-01
8.8208699e-01   1.0872354e-01
8.7160099e-01   1.1772493e-01
8.6073500e-01   1.2701787e-01
8.4950101e-01   1.3646893e-01
8.3791000e-01   1.4628884e-01
8.2597399e-01   1.5624617e-01
8.1370401e-01   1.6658443e-01
8.0111301e-01   1.7697559e-01
7.8821403e-01   1.8743546e-01
7.7501899e-01   1.9808654e-01
7.6154101e-01   2.0877014e-01
7.4779499e-01   2.1953931e-01
7.3379201e-01   2.2999780e-01
7.1954799e-01   2.4083541e-01
7.0507699e-01   2.5123954e-01
6.9039202e-01   2.6162994e-01
6.7550898e-01   2.7209213e-01
6.6044199e-01   2.8241643e-01
6.4520597e-01   2.9244801e-01
6.2981701e-01   3.0244753e-01
6.1429000e-01   3.1197274e-01
5.9864002e-01   3.2127827e-01
5.8288401e-01   3.3033228e-01
5.6703597e-01   3.3868688e-01
5.5111301e-01   3.4664789e-01
5.3513098e-01   3.5419473e-01
5.1910597e-01   3.6148188e-01
5.0305402e-01   3.6800110e-01
4.8699099e-01   3.7405157e-01
4.7093400e-01   3.7932023e-01
4.5489800e-01   3.8403162e-01
4.3889999e-01   3.8801837e-01
4.2295599e-01   3.9115170e-01
4.0708300e-01   3.9347482e-01
3.9129499e-01   3.9518851e-01
3.7560999e-01   3.9621276e-01
3.6004400e-01   3.9629894e-01
3.4461200e-01   3.9594129e-01
3.2933000e-01   3.9465600e-01
3.1421301e-01   3.9234814e-01
2.9927900e-01   3.8941732e-01
2.8454101e-01   3.8587579e-01
2.7001500e-01   3.8133633e-01
2.5571701e-01   3.7616879e-01
2.4166100e-01   3.7025011e-01
2.2786200e-01   3.6384425e-01
2.1433599e-01   3.5646105e-01
2.0109500e-01   3.4805104e-01
1.8815500e-01   3.3915895e-01
1.7553000e-01   3.2940584e-01
1.6323400e-01   3.1919566e-01
1.5128000e-01   3.0810249e-01
1.3968100e-01   2.9655311e-01
1.2845200e-01   2.8450102e-01
1.1760600e-01   2.7187830e-01
1.0715500e-01   2.5854459e-01
9.7112998e-02   2.4542232e-01
8.7493002e-02   2.3158854e-01
7.8305997e-02   2.1743274e-01
6.9565997e-02   2.0289025e-01
6.1285000e-02   1.8819675e-01
5.3474002e-02   1.7332010e-01
4.6149999e-02   1.5843610e-01
3.9326001e-02   1.4338551e-01
3.3013999e-02   1.2848438e-01
2.7230000e-02   1.1377255e-01
2.1980001e-02   9.9251114e-02
1.7277000e-02   8.5183248e-02
1.3141000e-02   7.1428731e-02
9.5729996e-03   5.8137164e-02
6.5830001e-03   4.5586865e-02
4.1880002e-03   3.4227964e-02
2.3540000e-03   2.4145376e-02
1.0810000e-03   1.5736248e-02
3.7100000e-04   8.8156182e-03
7.6999997e-05   3.9637960e-03
4.9999999e-06   9.8064833e-04
0.0000000e+00   4.5696374e-06
4.9999999e-06   -9.1499032e-04
7.6999997e-05   -3.8429354e-03
3.7100000e-04   -8.3363326e-03
1.0810000e-03   -1.4473390e-02
2.3530000e-03   -2.1699669e-02
4.1880002e-03   -2.9746369e-02
6.5850001e-03   -3.7526451e-02
9.5760003e-03   -4.5120936e-02
1.3145000e-02   -5.2336223e-02
1.7281000e-02   -5.8918718e-02
2.1983000e-02   -6.4833291e-02
2.7232001e-02   -7.0540160e-02
3.3016000e-02   -7.5678542e-02
3.9328001e-02   -8.0277219e-02
4.6151999e-02   -8.4797613e-02
5.3475998e-02   -8.8728800e-02
6.1287001e-02   -9.2229225e-02
6.9568001e-02   -9.5403403e-02
7.8308001e-02   -9.8252729e-02
8.7494999e-02   -1.0086502e-01
9.7115003e-02   -1.0286330e-01
1.0715700e-01   -1.0483628e-01
1.1760800e-01   -1.0637488e-01
1.2845400e-01   -1.0782612e-01
1.3968299e-01   -1.0873646e-01
1.5128200e-01   -1.0937741e-01
1.6323499e-01   -1.0969057e-01
1.7553200e-01   -1.0997713e-01
1.8815701e-01   -1.0995881e-01
2.0109700e-01   -1.0957258e-01
2.1433701e-01   -1.0883164e-01
2.2786400e-01   -1.0865470e-01
2.4166299e-01   -1.0798286e-01
2.5571901e-01   -1.0667171e-01
2.7001700e-01   -1.0577156e-01
2.8454199e-01   -1.0418283e-01
2.9927999e-01   -1.0252504e-01
3.1421500e-01   -1.0085188e-01
3.2933101e-01   -9.9222369e-02
3.4461299e-01   -9.7220168e-02
3.6004499e-01   -9.5005959e-02
3.7561101e-01   -9.2722356e-02
3.9129600e-01   -9.0352096e-02
4.0708300e-01   -8.7939009e-02
4.2295700e-01   -8.5302055e-02
4.3890101e-01   -8.2899407e-02
4.5489901e-01   -8.0186114e-02
4.7093499e-01   -7.7342533e-02
4.8699200e-01   -7.4610323e-02
5.0305498e-01   -7.1800552e-02
5.1910698e-01   -6.8990357e-02
5.3513199e-01   -6.6372387e-02
5.5111402e-01   -6.3298427e-02
5.6703597e-01   -6.0477771e-02
5.8288401e-01   -5.7223096e-02
5.9864002e-01   -5.4111756e-02
6.1429000e-01   -5.0913572e-02
6.2981701e-01   -4.7833145e-02
6.4520597e-01   -4.4584181e-02
6.6044199e-01   -4.1656639e-02
6.7550898e-01   -3.8681395e-02
6.9039297e-01   -3.5667907e-02
7.0507699e-01   -3.2797851e-02
7.1954900e-01   -3.0092176e-02
7.3379302e-01   -2.7446147e-02
7.4779499e-01   -2.4825217e-02
7.6154202e-01   -2.2352057e-02
7.7501899e-01   -2.0230293e-02
7.8821403e-01   -1.8211376e-02
8.0111301e-01   -1.6069012e-02
8.1370401e-01   -1.3953332e-02
8.2597297e-01   -1.2135629e-02
8.3791000e-01   -9.9707237e-03
8.4950101e-01   -8.4258020e-03
8.6073500e-01   -6.8468107e-03
8.7160099e-01   -5.6722206e-03
8.8208801e-01   -4.4859736e-03
8.9218402e-01   -3.5817507e-03
9.0188003e-01   -2.9126995e-03
9.1116500e-01   -2.1331147e-03
9.2003101e-01   -1.5379579e-03
9.2846799e-01   -1.1208639e-03
9.3646699e-01   -6.7807816e-04
9.4401902e-01   -4.1016095e-04
9.5111603e-01   -9.7480603e-05
9.5775098e-01   -9.9821016e-05
9.6392000e-01   -4.3482054e-05
9.6961600e-01   -9.5721800e-05
9.7483599e-01   1.5789643e-05
9.7957498e-01   6.4315973e-05
9.8383099e-01   4.1707186e-05
9.8759800e-01   3.9202860e-05
9.9087399e-01   5.7054334e-05
9.9365300e-01   -1.2925593e-05
9.9593401e-01   -6.4908934e-05
9.9771100e-01   -2.2146560e-05
9.9898201e-01   7.7709861e-05
9.9974501e-01   -7.8707431e-05
1.0000000e+00   7.1395352e-06
