1.0000000e+00   4.8458795e-03
9.9974501e-01   4.9911630e-03
9.9898201e-01   5.4182941e-03
9.9771100e-01   6.0815034e-03
9.9593300e-01   6.9302758e-03
9.9365300e-01   8.0170101e-03
9.9087399e-01   9.4029922e-03
9.8759800e-01   1.1049909e-02
9.8382998e-01   1.2947264e-02
9.7957498e-01   1.5105171e-02
9.7483599e-01   1.7511452e-02
9.6961600e-01   2.0164685e-02
9.6392000e-01   2.3095449e-02
9.5775098e-01   2.6323838e-02
9.5111603e-01   2.9838800e-02
9.4401902e-01   3.3605818e-02
9.3646699e-01   3.7618611e-02
9.2846799e-01   4.1884366e-02
9.2003101e-01   4.6390262e-02
9.1116500e-01   5.1117979e-02
9.0187901e-01   5.6083545e-02
8.9218301e-01   6.1293643e-02
8.8208699e-01   6.6711687e-02
8.7160099e-01   7.2304860e-02
8.6073500e-01   7.8057826e-02
8.4950101e-01   8.3970316e-02
8.3791000e-01   9.0031043e-02
8.2597399e-01   9.6213847e-02
8.1370401e-01   1.0249021e-01
8.0111301e-01   1.0884811e-01
7.8821403e-01   1.1526053e-01
7.7501899e-01   1.2170425e-01
7.6154101e-01   1.2814362e-01
7.4779499e-01   1.3453284e-01
7.3379201e-01   1.4085917e-01
7.1954799e-01   1.4710882e-01
7.0507699e-01   1.5326056e-01
6.9039202e-01   1.5933616e-01
6.7550898e-01   1.6530229e-01
6.6044199e-01   1.7112724e-01
6.4520597e-01   1.7678289e-01
6.2981701e-01   1.8223263e-01
6.1429000e-01   1.8746626e-01
5.9864002e-01   1.9245747e-01
5.8288401e-01   1.9717495e-01
5.6703597e-01   2.0158656e-01
5.5111301e-01   2.0568578e-01
5.3513098e-01   2.0946068e-01
5.1910597e-01   2.1287514e-01
5.0305402e-01   2.1589300e-01
4.8699099e-01   2.1852176e-01
4.7093400e-01   2.2077891e-01
4.5489800e-01   2.2266996e-01
4.3889999e-01   2.2419593e-01
4.2295599e-01   2.2538045e-01
4.0708300e-01   2.2621602e-01
3.9129499e-01   2.2670960e-01
3.7560999e-01   2.2684917e-01
3.6004400e-01   2.2663468e-01
3.4461200e-01   2.2606705e-01
3.2933000e-01   2.2516212e-01
3.1421301e-01   2.2392823e-01
2.9927900e-01   2.2240704e-01
2.8454101e-01   2.2061901e-01
2.7001500e-01   2.1852107e-01
2.5571701e-01   2.1608746e-01
2.4166100e-01   2.1333697e-01
2.2786200e-01   2.1026991e-01
2.1433599e-01   2.0682356e-01
2.0109500e-01   2.0303859e-01
1.8815500e-01   1.9890869e-01
1.7553000e-01   1.9439919e-01
1.6323400e-01   1.8950965e-01
1.5128000e-01   1.8422970e-01
1.3968100e-01   1.7857948e-01
1.2845200e-01   1.7258404e-01
1.1760600e-01   1.6628113e-01
1.0715500e-01   1.5969545e-01
9.7112998e-02   1.5281419e-01
8.7493002e-02   1.4561318e-01
7.8305997e-02   1.3811047e-01
6.9565997e-02   1.3031621e-01
6.1285000e-02   1.2218384e-01
5.3474002e-02   1.1371556e-01
4.6149999e-02   1.0502073e-01
3.9326001e-02   9.6219398e-02
3.3013999e-02   8.7433703e-02
2.7230000e-02   7.8849033e-02
2.1980001e-02   7.0506468e-02
1.7277000e-02   6.2046956e-02
1.3141000e-02   5.3439457e-02
9.5729996e-03   4.4855632e-02
6.5830001e-03   3.6450420e-02
4.1880002e-03   2.8308084e-02
2.3540000e-03   2.0562224e-02
1.0810000e-03   1.3505198e-02
3.7100000e-04   7.5188242e-03
7.6999997e-05   2.9683681e-03
4.9999999e-06   1.3099774e-04
0.0000000e+00   -8.3013327e-04
4.9999999e-06   -1.7754973e-03
7.6999997e-05   -4.5418642e-03
3.7100000e-04   -8.8415695e-03
1.0810000e-03   -1.4175156e-02
2.3530000e-03   -1.9970577e-02
4.1880002e-03   -2.5711963e-02
6.5850001e-03   -3.1145981e-02
9.5760003e-03   -3.6561236e-02
1.3145000e-02   -4.2161178e-02
1.7281000e-02   -4.7168005e-02
2.1983000e-02   -5.1491532e-02
2.7232001e-02   -5.5308484e-02
3.3016000e-02   -5.8737636e-02
3.9328001e-02   -6.1901599e-02
4.6151999e-02   -6.4875431e-02
5.3475998e-02   -6.7714348e-02
6.1287001e-02   -7.0428349e-02
6.9568001e-02   -7.3001988e-02
7.8308001e-02   -7.5460121e-02
8.7494999e-02   -7.7793717e-02
9.7115003e-02   -7.9944193e-02
1.0715700e-01   -8.1899874e-02
1.1760800e-01   -8.3674043e-02
1.2845400e-01   -8.5281156e-02
1.3968299e-01   -8.6714111e-02
1.5128200e-01   -8.7956078e-02
1.6323499e-01   -8.9004464e-02
1.7553200e-01   -8.9866124e-02
1.8815701e-01   -9.0537451e-02
2.0109700e-01   -9.0999976e-02
2.1433701e-01   -9.1261357e-02
2.2786400e-01   -9.1303326e-02
2.4166299e-01   -9.1126025e-02
2.5571901e-01   -9.0740234e-02
2.7001700e-01   -9.0163812e-02
2.8454199e-01   -8.9430690e-02
2.9927999e-01   -8.8556975e-02
3.1421500e-01   -8.7550685e-02
3.2933101e-01   -8.6412318e-02
3.4461299e-01   -8.5145369e-02
3.6004499e-01   -8.3751969e-02
3.7561101e-01   -8.2225055e-02
3.9129600e-01   -8.0564626e-02
4.0708300e-01   -7.8784719e-02
4.2295700e-01   -7.6890200e-02
4.3890101e-01   -7.4894190e-02
4.5489901e-01   -7.2800174e-02
4.7093499e-01   -7.0616573e-02
4.8699200e-01   -6.8343975e-02
5.0305498e-01   -6.5991372e-02
5.1910698e-01   -6.3561946e-02
5.3513199e-01   -6.1067984e-02
5.5111402e-01   -5.8501981e-02
5.6703597e-01   -5.5857591e-02
5.8288401e-01   -5.3180415e-02
5.9864002e-01   -5.0507631e-02
6.1429000e-01   -4.7831491e-02
6.2981701e-01   -4.5145411e-02
6.4520597e-01   -4.2483144e-02
6.6044199e-01   -3.9859749e-02
6.7550898e-01   -3.7278328e-02
6.9039297e-01   -3.4750175e-02
7.0507699e-01   -3.2269195e-02
7.1954900e-01   -2.9839924e-02
7.3379302e-01   -2.7494345e-02
7.4779499e-01   -2.5245769e-02
7.6154202e-01   -2.3095945e-02
7.7501899e-01   -2.1052957e-02
7.8821403e-01   -1.9123875e-02
8.0111301e-01   -1.7318625e-02
8.1370401e-01   -1.5635174e-02
8.2597297e-01   -1.4059155e-02
8.3791000e-01   -1.2589252e-02
8.4950101e-01   -1.1229428e-02
8.6073500e-01   -9.9845547e-03
8.7160099e-01   -8.8504292e-03
8.8208801e-01   -7.8221131e-03
8.9218402e-01   -6.8980767e-03
9.0188003e-01   -6.0817152e-03
9.1116500e-01   -5.3721173e-03
9.2003101e-01   -4.7444785e-03
9.2846799e-01   -4.1666720e-03
9.3646699e-01   -3.6338621e-03
9.4401902e-01   -3.1534762e-03
9.5111603e-01   -2.7272298e-03
9.5775098e-01   -2.3334622e-03
9.6392000e-01   -1.9395830e-03
9.6961600e-01   -1.5168234e-03
9.7483599e-01   -1.0599025e-03
9.7957498e-01   -6.1754877e-04
9.8383099e-01   -2.3016892e-04
9.8759800e-01   1.2488384e-04
9.9087399e-01   4.4533794e-04
9.9365300e-01   6.9438375e-04
9.9593401e-01   8.4395596e-04
9.9771100e-01   9.3526364e-04
9.9898201e-01   1.0003407e-03
9.9974501e-01   1.0408625e-03
1.0000000e+00   1.0530796e-03
