1.0000000e+00   5.0971149e-03
9.9974501e-01   5.2581192e-03
9.9898201e-01   6.2299767e-03
9.9771100e-01   7.3865550e-03
9.9593300e-01   8.8692214e-03
9.9365300e-01   1.1661503e-02
9.9087399e-01   1.4372495e-02
9.8759800e-01   1.7535491e-02
9.8382998e-01   2.1370864e-02
9.7957498e-01   2.5788018e-02
9.7483599e-01   3.0283218e-02
9.6961600e-01   3.5225667e-02
9.6392000e-01   4.0734962e-02
9.5775098e-01   4.6640284e-02
9.5111603e-01   5.3260475e-02
9.4401902e-01   6.0224447e-02
9.3646699e-01   6.7605749e-02
9.2846799e-01   7.5545505e-02
9.2003101e-01   8.3817534e-02
9.1116500e-01   9.2323214e-02
9.0187901e-01   1.0106438e-01
8.9218301e-01   1.1057201e-01
8.8208699e-01   1.2014710e-01
8.7160099e-01   1.3012895e-01
8.6073500e-01   1.4046365e-01
8.4950101e-01   1.5077966e-01
8.3791000e-01   1.6167073e-01
8.2597399e-01   1.7269500e-01
8.1370401e-01   1.8351956e-01
8.0111301e-01   1.9502214e-01
7.8821403e-01   2.0676976e-01
7.7501899e-01   2.1833691e-01
7.6154101e-01   2.2999860e-01
7.4779499e-01   2.4186657e-01
7.3379201e-01   2.5397715e-01
7.1954799e-01   2.6603350e-01
7.0507699e-01   2.7811688e-01
6.9039202e-01   2.8940177e-01
6.7550898e-01   3.0094510e-01
6.6044199e-01   3.1228343e-01
6.4520597e-01   3.2332844e-01
6.2981701e-01   3.3361861e-01
6.1429000e-01   3.4424877e-01
5.9864002e-01   3.5363209e-01
5.8288401e-01   3.6256737e-01
5.6703597e-01   3.7156087e-01
5.5111301e-01   3.7939397e-01
5.3513098e-01   3.8673311e-01
5.1910597e-01   3.9294043e-01
5.0305402e-01   3.9893240e-01
4.8699099e-01   4.0442777e-01
4.7093400e-01   4.0884998e-01
4.5489800e-01   4.1244361e-01
4.3889999e-01   4.1521847e-01
4.2295599e-01   4.1774648e-01
4.0708300e-01   4.1890809e-01
3.9129499e-01   4.1935021e-01
3.7560999e-01   4.1889498e-01
3.6004400e-01   4.1794676e-01
3.4461200e-01   4.1558355e-01
3.2933000e-01   4.1274524e-01
3.1421301e-01   4.0955865e-01
2.9927900e-01   4.0476739e-01
2.8454101e-01   3.9995000e-01
2.7001500e-01   3.9383417e-01
2.5571701e-01   3.8723972e-01
2.4166100e-01   3.7985376e-01
2.2786200e-01   3.7134463e-01
2.1433599e-01   3.6209041e-01
2.0109500e-01   3.5236490e-01
1.8815500e-01   3.4209594e-01
1.7553000e-01   3.3098677e-01
1.6323400e-01   3.1896964e-01
1.5128000e-01   3.0674303e-01
1.3968100e-01   2.9383269e-01
1.2845200e-01   2.8023297e-01
1.1760600e-01   2.6650977e-01
1.0715500e-01   2.5246236e-01
9.7112998e-02   2.3823678e-01
8.7493002e-02   2.2352965e-01
7.8305997e-02   2.0862810e-01
6.9565997e-02   1.9397818e-01
6.1285000e-02   1.7875856e-01
5.3474002e-02   1.6354276e-01
4.6149999e-02   1.4846541e-01
3.9326001e-02   1.3339078e-01
3.3013999e-02   1.1841302e-01
2.7230000e-02   1.0383958e-01
2.1980001e-02   8.9643009e-02
1.7277000e-02   7.5899832e-02
1.3141000e-02   6.3002065e-02
9.5729996e-03   5.0770126e-02
6.5830001e-03   3.9699432e-02
4.1880002e-03   2.9718298e-02
2.3540000e-03   2.1233968e-02
1.0810000e-03   1.4135643e-02
3.7100000e-04   8.6104628e-03
7.6999997e-05   4.6529155e-03
4.9999999e-06   2.4055042e-03
0.0000000e+00   1.6006280e-03
4.9999999e-06   8.8152732e-04
7.6999997e-05   -1.4159442e-03
3.7100000e-04   -5.2566370e-03
1.0810000e-03   -1.0504463e-02
2.3530000e-03   -1.7284477e-02
4.1880002e-03   -2.5447475e-02
6.5850001e-03   -3.4685425e-02
9.5760003e-03   -4.4719324e-02
1.3145000e-02   -5.5242363e-02
1.7281000e-02   -6.5999418e-02
2.1983000e-02   -7.7009916e-02
2.7232001e-02   -8.7925978e-02
3.3016000e-02   -9.8528117e-02
3.9328001e-02   -1.0899104e-01
4.6151999e-02   -1.1888693e-01
5.3475998e-02   -1.2854375e-01
6.1287001e-02   -1.3791808e-01
6.9568001e-02   -1.4679377e-01
7.8308001e-02   -1.5519546e-01
8.7494999e-02   -1.6359590e-01
9.7115003e-02   -1.7132020e-01
1.0715700e-01   -1.7866430e-01
1.1760800e-01   -1.8594478e-01
1.2845400e-01   -1.9282877e-01
1.3968299e-01   -1.9913715e-01
1.5128200e-01   -2.0531829e-01
1.6323499e-01   -2.1050882e-01
1.7553200e-01   -2.1567304e-01
1.8815701e-01   -2.2054854e-01
2.0109700e-01   -2.2491226e-01
2.1433701e-01   -2.2876813e-01
2.2786400e-01   -2.3260631e-01
2.4166299e-01   -2.3613819e-01
2.5571901e-01   -2.3875222e-01
2.7001700e-01   -2.4139363e-01
2.8454199e-01   -2.4390619e-01
2.9927999e-01   -2.4523528e-01
3.1421500e-01   -2.4684399e-01
3.2933101e-01   -2.4785502e-01
3.4461299e-01   -2.4843366e-01
3.6004499e-01   -2.4851176e-01
3.7561101e-01   -2.4846210e-01
3.9129600e-01   -2.4736980e-01
4.0708300e-01   -2.4627291e-01
4.2295700e-01   -2.4426387e-01
4.3890101e-01   -2.4207245e-01
4.5489901e-01   -2.3928531e-01
4.7093499e-01   -2.3632482e-01
4.8699200e-01   -2.3240013e-01
5.0305498e-01   -2.2792935e-01
5.1910698e-01   -2.2297242e-01
5.3513199e-01   -2.1785580e-01
5.5111402e-01   -2.1163559e-01
5.6703597e-01   -2.0558479e-01
5.8288401e-01   -1.9892508e-01
5.9864002e-01   -1.9163407e-01
6.1429000e-01   -1.8429822e-01
6.2981701e-01   -1.7608243e-01
6.4520597e-01   -1.6777848e-01
6.6044199e-01   -1.5914379e-01
6.7550898e-01   -1.5088825e-01
6.9039297e-01   -1.4194266e-01
7.0507699e-01   -1.3335384e-01
7.1954900e-01   -1.2477715e-01
7.3379302e-01   -1.1584684e-01
7.4779499e-01   -1.0761224e-01
7.6154202e-01   -9.9443197e-02
7.7501899e-01   -9.1753937e-02
7.8821403e-01   -8.3726794e-02
8.0111301e-01   -7.6119937e-02
8.1370401e-01   -6.9445208e-02
8.2597297e-01   -6.2424880e-02
8.3791000e-01   -5.6391098e-02
8.4950101e-01   -5.0074920e-02
8.6073500e-01   -4.4654954e-02
8.7160099e-01   -3.9875694e-02
8.8208801e-01   -3.4784921e-02
8.9218402e-01   -3.0493936e-02
9.0188003e-01   -2.6162889e-02
9.1116500e-01   -2.2567144e-02
9.2003101e-01   -1.9188954e-02
9.2846799e-01   -1.6242536e-02
9.3646699e-01   -1.3725579e-02
9.4401902e-01   -1.1748565e-02
9.5111603e-01   -1.0602416e-02
9.5775098e-01   -9.7813373e-03
9.6392000e-01   -9.1703590e-03
9.6961600e-01   -8.5845822e-03
9.7483599e-01   -8.8174492e-03
9.7957498e-01   -8.7006828e-03
9.8383099e-01   -8.8371048e-03
9.8759800e-01   -9.0641277e-03
9.9087399e-01   -9.3354518e-03
9.9365300e-01   -9.5547568e-03
9.9593401e-01   -9.8091196e-03
9.9771100e-01   -9.9983905e-03
9.9898201e-01   -1.0162776e-02
9.9974501e-01   -1.0152213e-02
1.0000000e+00   -1.0176762e-02
