1.0000000e+00   3.0938389e-03
9.9974501e-01   3.4660499e-03
9.9898201e-01   4.3302150e-03
9.9771100e-01   5.5110375e-03
9.9593300e-01   7.3908144e-03
9.9365300e-01   9.7558871e-03
9.9087399e-01   1.2717948e-02
9.8759800e-01   1.6375601e-02
9.8382998e-01   2.0564472e-02
9.7957498e-01   2.5242476e-02
9.7483599e-01   3.0378563e-02
9.6961600e-01   3.5819530e-02
9.6392000e-01   4.1873343e-02
9.5775098e-01   4.8051674e-02
9.5111603e-01   5.4687463e-02
9.4401902e-01   6.1624773e-02
9.3646699e-01   6.9227166e-02
9.2846799e-01   7.7478521e-02
9.2003101e-01   8.5884660e-02
9.1116500e-01   9.4640449e-02
9.0187901e-01   1.0419505e-01
8.9218301e-01   1.1377107e-01
8.8208699e-01   1.2379969e-01
8.7160099e-01   1.3437618e-01
8.6073500e-01   1.4529075e-01
8.4950101e-01   1.5646414e-01
8.3791000e-01   1.6805363e-01
8.2597399e-01   1.7987707e-01
8.1370401e-01   1.9249247e-01
8.0111301e-01   2.0486192e-01
7.8821403e-01   2.1731454e-01
7.7501899e-01   2.2996603e-01
7.6154101e-01   2.4288557e-01
7.4779499e-01   2.5584528e-01
7.3379201e-01   2.6874647e-01
7.1954799e-01   2.8184727e-01
7.0507699e-01   2.9503641e-01
6.9039202e-01   3.0817512e-01
6.7550898e-01   3.2157290e-01
6.6044199e-01   3.3464932e-01
6.4520597e-01   3.4731764e-01
6.2981701e-01   3.5980392e-01
6.1429000e-01   3.7186575e-01
5.9864002e-01   3.8355809e-01
5.8288401e-01   3.9485821e-01
5.6703597e-01   4.0536577e-01
5.5111301e-01   4.1564611e-01
5.3513098e-01   4.2532006e-01
5.1910597e-01   4.3444082e-01
5.0305402e-01   4.4272703e-01
4.8699099e-01   4.5046464e-01
4.7093400e-01   4.5737687e-01
4.5489800e-01   4.6345285e-01
4.3889999e-01   4.6860310e-01
4.2295599e-01   4.7278485e-01
4.0708300e-01   4.7584769e-01
3.9129499e-01   4.7788569e-01
3.7560999e-01   4.7936937e-01
3.6004400e-01   4.7945574e-01
3.4461200e-01   4.7876960e-01
3.2933000e-01   4.7700199e-01
3.1421301e-01   4.7410944e-01
2.9927900e-01   4.7038788e-01
2.8454101e-01   4.6591416e-01
2.7001500e-01   4.5987183e-01
2.5571701e-01   4.5324603e-01
2.4166100e-01   4.4567686e-01
2.2786200e-01   4.3741834e-01
2.1433599e-01   4.2794144e-01
2.0109500e-01   4.1711292e-01
1.8815500e-01   4.0590984e-01
1.7553000e-01   3.9361387e-01
1.6323400e-01   3.8037786e-01
1.5128000e-01   3.6614272e-01
1.3968100e-01   3.5141250e-01
1.2845200e-01   3.3611146e-01
1.1760600e-01   3.2036796e-01
1.0715500e-01   3.0377567e-01
9.7112998e-02   2.8745067e-01
8.7493002e-02   2.6994273e-01
7.8305997e-02   2.5233603e-01
6.9565997e-02   2.3417458e-01
6.1285000e-02   2.1608166e-01
5.3474002e-02   1.9797944e-01
4.6149999e-02   1.7988113e-01
3.9326001e-02   1.6171592e-01
3.3013999e-02   1.4395009e-01
2.7230000e-02   1.2659866e-01
2.1980001e-02   1.0955349e-01
1.7277000e-02   9.3256935e-02
1.3141000e-02   7.7519067e-02
9.5729996e-03   6.2460247e-02
6.5830001e-03   4.8497271e-02
4.1880002e-03   3.6082905e-02
2.3540000e-03   2.5319777e-02
1.0810000e-03   1.6286777e-02
3.7100000e-04   9.0394337e-03
7.6999997e-05   4.0538441e-03
4.9999999e-06   9.8977657e-04
0.0000000e+00   6.8724412e-06
4.9999999e-06   -9.5383212e-04
7.6999997e-05   -4.0012039e-03
3.7100000e-04   -8.7753683e-03
1.0810000e-03   -1.5520896e-02
2.3530000e-03   -2.3984738e-02
4.1880002e-03   -3.4176137e-02
6.5850001e-03   -4.5150191e-02
9.5760003e-03   -5.7060476e-02
1.3145000e-02   -6.9364704e-02
1.7281000e-02   -8.2071684e-02
2.1983000e-02   -9.4580673e-02
2.7232001e-02   -1.0704328e-01
3.3016000e-02   -1.1902567e-01
3.9328001e-02   -1.3117044e-01
4.6151999e-02   -1.4362334e-01
5.3475998e-02   -1.5561557e-01
6.1287001e-02   -1.6715071e-01
6.9568001e-02   -1.7890547e-01
7.8308001e-02   -1.9001637e-01
8.7494999e-02   -2.0105770e-01
9.7115003e-02   -2.1148020e-01
1.0715700e-01   -2.2179894e-01
1.1760800e-01   -2.3154363e-01
1.2845400e-01   -2.4117805e-01
1.3968299e-01   -2.4981312e-01
1.5128200e-01   -2.5805295e-01
1.6323499e-01   -2.6602954e-01
1.7553200e-01   -2.7329254e-01
1.8815701e-01   -2.8013664e-01
2.0109700e-01   -2.8608903e-01
2.1433701e-01   -2.9150513e-01
2.2786400e-01   -2.9697657e-01
2.4166299e-01   -3.0154589e-01
2.5571901e-01   -3.0524707e-01
2.7001700e-01   -3.0873293e-01
2.8454199e-01   -3.1091729e-01
2.9927999e-01   -3.1290120e-01
3.1421500e-01   -3.1431392e-01
3.2933101e-01   -3.1565496e-01
3.4461299e-01   -3.1590626e-01
3.6004499e-01   -3.1522679e-01
3.7561101e-01   -3.1390381e-01
3.9129600e-01   -3.1174967e-01
4.0708300e-01   -3.0925620e-01
4.2295700e-01   -3.0570197e-01
4.3890101e-01   -3.0168605e-01
4.5489901e-01   -2.9698688e-01
4.7093499e-01   -2.9187515e-01
4.8699200e-01   -2.8603953e-01
5.0305498e-01   -2.7981192e-01
5.1910698e-01   -2.7287754e-01
5.3513199e-01   -2.6607376e-01
5.5111402e-01   -2.5808495e-01
5.6703597e-01   -2.5028193e-01
5.8288401e-01   -2.4149951e-01
5.9864002e-01   -2.3254591e-01
6.1429000e-01   -2.2337650e-01
6.2981701e-01   -2.1399006e-01
6.4520597e-01   -2.0476496e-01
6.6044199e-01   -1.9517265e-01
6.7550898e-01   -1.8597955e-01
6.9039297e-01   -1.7666137e-01
7.0507699e-01   -1.6728850e-01
7.1954900e-01   -1.5833639e-01
7.3379302e-01   -1.4928189e-01
7.4779499e-01   -1.4052117e-01
7.6154202e-01   -1.3177890e-01
7.7501899e-01   -1.2348755e-01
7.8821403e-01   -1.1527921e-01
8.0111301e-01   -1.0681242e-01
8.1370401e-01   -9.9013634e-02
8.2597297e-01   -9.1296993e-02
8.3791000e-01   -8.2850538e-02
8.4950101e-01   -7.5566217e-02
8.6073500e-01   -6.8510085e-02
8.7160099e-01   -6.2271807e-02
8.8208801e-01   -5.6198459e-02
8.9218402e-01   -5.0522275e-02
9.0188003e-01   -4.5364168e-02
9.1116500e-01   -4.0387910e-02
9.2003101e-01   -3.5793938e-02
9.2846799e-01   -3.1409189e-02
9.3646699e-01   -2.7445273e-02
9.4401902e-01   -2.3907132e-02
9.5111603e-01   -2.0767761e-02
9.5775098e-01   -1.8309858e-02
9.6392000e-01   -1.5728746e-02
9.6961600e-01   -1.3858640e-02
9.7483599e-01   -1.1764796e-02
9.7957498e-01   -9.9937348e-03
9.8383099e-01   -8.4958198e-03
9.8759800e-01   -7.2353338e-03
9.9087399e-01   -6.2009175e-03
9.9365300e-01   -5.2506817e-03
9.9593401e-01   -4.5049558e-03
9.9771100e-01   -3.8466237e-03
9.9898201e-01   -3.3587064e-03
9.9974501e-01   -3.3179529e-03
1.0000000e+00   -3.1942951e-03
