1.0000000e+00   1.2001770e-03
9.9974501e-01   1.0678503e-03
9.9898201e-01   1.4237764e-03
9.9771100e-01   2.0602935e-03
9.9593300e-01   2.6605015e-03
9.9365300e-01   2.8498510e-03
9.9087399e-01   3.7946189e-03
9.8759800e-01   4.8237043e-03
9.8382998e-01   6.0249032e-03
9.7957498e-01   7.7220802e-03
9.7483599e-01   9.1510052e-03
9.6961600e-01   1.1068008e-02
9.6392000e-01   1.3251912e-02
9.5775098e-01   1.5167867e-02
9.5111603e-01   1.7348368e-02
9.4401902e-01   1.9846389e-02
9.3646699e-01   2.2251809e-02
9.2846799e-01   2.5017565e-02
9.2003101e-01   2.7677696e-02
9.1116500e-01   3.0663513e-02
9.0187901e-01   3.4109876e-02
8.9218301e-01   3.7359547e-02
8.8208699e-01   4.1177601e-02
8.7160099e-01   4.4635352e-02
8.6073500e-01   4.8645288e-02
8.4950101e-01   5.2461591e-02
8.3791000e-01   5.7004955e-02
8.2597399e-01   6.2209599e-02
8.1370401e-01   6.6800863e-02
8.0111301e-01   7.0997246e-02
7.8821403e-01   7.6576866e-02
7.7501899e-01   8.1428647e-02
7.6154101e-01   8.7124266e-02
7.4779499e-01   9.2087790e-02
7.3379201e-01   9.7178638e-02
7.1954799e-01   1.0249949e-01
7.0507699e-01   1.0799702e-01
6.9039202e-01   1.1378508e-01
6.7550898e-01   1.1929578e-01
6.6044199e-01   1.2356083e-01
6.4520597e-01   1.2978265e-01
6.2981701e-01   1.3495728e-01
6.1429000e-01   1.3924488e-01
5.9864002e-01   1.4411932e-01
5.8288401e-01   1.4963375e-01
5.6703597e-01   1.5403478e-01
5.5111301e-01   1.5886877e-01
5.3513098e-01   1.6269712e-01
5.1910597e-01   1.6682643e-01
5.0305402e-01   1.7035051e-01
4.8699099e-01   1.7329288e-01
4.7093400e-01   1.7622246e-01
4.5489800e-01   1.7965303e-01
4.3889999e-01   1.8215919e-01
4.2295599e-01   1.8417205e-01
4.0708300e-01   1.8702374e-01
3.9129499e-01   1.8753994e-01
3.7560999e-01   1.8966889e-01
3.6004400e-01   1.9013391e-01
3.4461200e-01   1.9189523e-01
3.2933000e-01   1.9207419e-01
3.1421301e-01   1.9237168e-01
2.9927900e-01   1.9162709e-01
2.8454101e-01   1.9205014e-01
2.7001500e-01   1.9101405e-01
2.5571701e-01   1.9048758e-01
2.4166100e-01   1.8831030e-01
2.2786200e-01   1.8751782e-01
2.1433599e-01   1.8550041e-01
2.0109500e-01   1.8227808e-01
1.8815500e-01   1.7908603e-01
1.7553000e-01   1.7600830e-01
1.6323400e-01   1.7199481e-01
1.5128000e-01   1.6816568e-01
1.3968100e-01   1.6289277e-01
1.2845200e-01   1.5838067e-01
1.1760600e-01   1.5359423e-01
1.0715500e-01   1.4788230e-01
9.7112998e-02   1.4106129e-01
8.7493002e-02   1.3466781e-01
7.8305997e-02   1.2814669e-01
6.9565997e-02   1.2097457e-01
6.1285000e-02   1.1389170e-01
5.3474002e-02   1.0642568e-01
4.6149999e-02   9.8541118e-02
3.9326001e-02   9.0681024e-02
3.3013999e-02   8.2275331e-02
2.7230000e-02   7.4044757e-02
2.1980001e-02   6.5649085e-02
1.7277000e-02   5.7302456e-02
1.3141000e-02   4.8626211e-02
9.5729996e-03   4.0145282e-02
6.5830001e-03   3.2069594e-02
4.1880002e-03   2.4382537e-02
2.3540000e-03   1.7249035e-02
1.0810000e-03   1.1128833e-02
3.7100000e-04   6.4500095e-03
7.6999997e-05   2.7990090e-03
4.9999999e-06   5.7263690e-04
0.0000000e+00   -2.4048169e-04
4.9999999e-06   -1.2545141e-03
7.6999997e-05   -3.2209898e-03
3.7100000e-04   -6.8411441e-03
1.0810000e-03   -1.1584998e-02
2.3530000e-03   -1.7322443e-02
4.1880002e-03   -2.3932660e-02
6.5850001e-03   -3.0521328e-02
9.5760003e-03   -3.7306659e-02
1.3145000e-02   -4.3720052e-02
1.7281000e-02   -4.9939703e-02
2.1983000e-02   -5.6050807e-02
2.7232001e-02   -6.1655350e-02
3.3016000e-02   -6.7230880e-02
3.9328001e-02   -7.2524868e-02
4.6151999e-02   -7.8107104e-02
5.3475998e-02   -8.2767136e-02
6.1287001e-02   -8.7766111e-02
6.9568001e-02   -9.2903890e-02
7.8308001e-02   -9.6749298e-02
8.7494999e-02   -1.0140813e-01
9.7115003e-02   -1.0614925e-01
1.0715700e-01   -1.0990161e-01
1.1760800e-01   -1.1382572e-01
1.2845400e-01   -1.1709058e-01
1.3968299e-01   -1.2124076e-01
1.5128200e-01   -1.2413839e-01
1.6323499e-01   -1.2778185e-01
1.7553200e-01   -1.3046592e-01
1.8815701e-01   -1.3299641e-01
2.0109700e-01   -1.3630208e-01
2.1433701e-01   -1.3892570e-01
2.2786400e-01   -1.4095964e-01
2.4166299e-01   -1.4286163e-01
2.5571901e-01   -1.4422834e-01
2.7001700e-01   -1.4674380e-01
2.8454199e-01   -1.4684811e-01
2.9927999e-01   -1.4936034e-01
3.1421500e-01   -1.5010361e-01
3.2933101e-01   -1.5040532e-01
3.4461299e-01   -1.5120499e-01
3.6004499e-01   -1.5169962e-01
3.7561101e-01   -1.5194085e-01
3.9129600e-01   -1.5261044e-01
4.0708300e-01   -1.5111485e-01
4.2295700e-01   -1.5127341e-01
4.3890101e-01   -1.5020938e-01
4.5489901e-01   -1.4879943e-01
4.7093499e-01   -1.4733499e-01
4.8699200e-01   -1.4635542e-01
5.0305498e-01   -1.4535239e-01
5.1910698e-01   -1.4291206e-01
5.3513199e-01   -1.4180893e-01
5.5111402e-01   -1.3984305e-01
5.6703597e-01   -1.3759193e-01
5.8288401e-01   -1.3479580e-01
5.9864002e-01   -1.3183142e-01
6.1429000e-01   -1.2897260e-01
6.2981701e-01   -1.2575912e-01
6.4520597e-01   -1.2263202e-01
6.6044199e-01   -1.2061570e-01
6.7550898e-01   -1.1702242e-01
6.9039297e-01   -1.1256626e-01
7.0507699e-01   -1.0926025e-01
7.1954900e-01   -1.0504466e-01
7.3379302e-01   -1.0168257e-01
7.4779499e-01   -9.7003356e-02
7.6154202e-01   -9.3327589e-02
7.7501899e-01   -8.9212209e-02
7.8821403e-01   -8.4803067e-02
8.0111301e-01   -8.0590792e-02
8.1370401e-01   -7.5642459e-02
8.2597297e-01   -7.1402378e-02
8.3791000e-01   -6.7099184e-02
8.4950101e-01   -6.2527828e-02
8.6073500e-01   -5.7858989e-02
8.7160099e-01   -5.3999726e-02
8.8208801e-01   -4.9309466e-02
8.9218402e-01   -4.5274831e-02
9.0188003e-01   -4.1300956e-02
9.1116500e-01   -3.7339129e-02
9.2003101e-01   -3.3863079e-02
9.2846799e-01   -3.0351607e-02
9.3646699e-01   -2.6683245e-02
9.4401902e-01   -2.4368729e-02
9.5111603e-01   -2.1102088e-02
9.5775098e-01   -1.8673563e-02
9.6392000e-01   -1.6485967e-02
9.6961600e-01   -1.4043434e-02
9.7483599e-01   -1.2336915e-02
9.7957498e-01   -1.0881507e-02
9.8383099e-01   -8.7898187e-03
9.8759800e-01   -7.2340854e-03
9.9087399e-01   -6.1213900e-03
9.9365300e-01   -5.1620584e-03
9.9593401e-01   -4.3996256e-03
9.9771100e-01   -3.5634278e-03
9.9898201e-01   -3.0650359e-03
9.9974501e-01   -2.6871439e-03
1.0000000e+00   -2.5782371e-03
