1.0000000e+00   -1.4968922e-05
9.9974501e-01   8.7678280e-05
9.9898201e-01   4.7753495e-04
9.9771100e-01   1.1547391e-03
9.9593300e-01   1.8363704e-03
9.9365300e-01   2.8672819e-03
9.9087399e-01   4.2513362e-03
9.8759800e-01   5.8429064e-03
9.8382998e-01   7.5138612e-03
9.7957498e-01   9.3625914e-03
9.7483599e-01   1.1579927e-02
9.6961600e-01   1.3788863e-02
9.6392000e-01   1.6269535e-02
9.5775098e-01   1.8917095e-02
9.5111603e-01   2.1752868e-02
9.4401902e-01   2.4885768e-02
9.3646699e-01   2.8292103e-02
9.2846799e-01   3.2002866e-02
9.2003101e-01   3.5822395e-02
9.1116500e-01   3.9710060e-02
9.0187901e-01   4.4043664e-02
8.9218301e-01   4.8394397e-02
8.8208699e-01   5.3011172e-02
8.7160099e-01   5.7987265e-02
8.6073500e-01   6.3079655e-02
8.4950101e-01   6.8266936e-02
8.3791000e-01   7.3742434e-02
8.2597399e-01   7.9304986e-02
8.1370401e-01   8.5123733e-02
8.0111301e-01   9.0808138e-02
7.8821403e-01   9.6661881e-02
7.7501899e-01   1.0250539e-01
7.6154101e-01   1.0839802e-01
7.4779499e-01   1.1440361e-01
7.3379201e-01   1.2030913e-01
7.1954799e-01   1.2623161e-01
7.0507699e-01   1.3216950e-01
6.9039202e-01   1.3805929e-01
6.7550898e-01   1.4426285e-01
6.6044199e-01   1.5005124e-01
6.4520597e-01   1.5585338e-01
6.2981701e-01   1.6148800e-01
6.1429000e-01   1.6707700e-01
5.9864002e-01   1.7217773e-01
5.8288401e-01   1.7728427e-01
5.6703597e-01   1.8174459e-01
5.5111301e-01   1.8635985e-01
5.3513098e-01   1.9056822e-01
5.1910597e-01   1.9472560e-01
5.0305402e-01   1.9831280e-01
4.8699099e-01   2.0182966e-01
4.7093400e-01   2.0488466e-01
4.5489800e-01   2.0765239e-01
4.3889999e-01   2.1021560e-01
4.2295599e-01   2.1236122e-01
4.0708300e-01   2.1404025e-01
3.9129499e-01   2.1521975e-01
3.7560999e-01   2.1626556e-01
3.6004400e-01   2.1693513e-01
3.4461200e-01   2.1762955e-01
3.2933000e-01   2.1771018e-01
3.1421301e-01   2.1720161e-01
2.9927900e-01   2.1656348e-01
2.8454101e-01   2.1576941e-01
2.7001500e-01   2.1442395e-01
2.5571701e-01   2.1280500e-01
2.4166100e-01   2.1072561e-01
2.2786200e-01   2.0855434e-01
2.1433599e-01   2.0587365e-01
2.0109500e-01   2.0273463e-01
1.8815500e-01   1.9932111e-01
1.7553000e-01   1.9527505e-01
1.6323400e-01   1.9116685e-01
1.5128000e-01   1.8643831e-01
1.3968100e-01   1.8151754e-01
1.2845200e-01   1.7628296e-01
1.1760600e-01   1.7068335e-01
1.0715500e-01   1.6445974e-01
9.7112998e-02   1.5822299e-01
8.7493002e-02   1.5144883e-01
7.8305997e-02   1.4428934e-01
6.9565997e-02   1.3683149e-01
6.1285000e-02   1.2912324e-01
5.3474002e-02   1.2089399e-01
4.6149999e-02   1.1254583e-01
3.9326001e-02   1.0388205e-01
3.3013999e-02   9.5134117e-02
2.7230000e-02   8.6288802e-02
2.1980001e-02   7.7185228e-02
1.7277000e-02   6.7990758e-02
1.3141000e-02   5.8495384e-02
9.5729996e-03   4.9076855e-02
6.5830001e-03   3.9875511e-02
4.1880002e-03   3.0992668e-02
2.3540000e-03   2.2494929e-02
1.0810000e-03   1.4948983e-02
3.7100000e-04   8.5038152e-03
7.6999997e-05   3.8441080e-03
4.9999999e-06   9.6209761e-04
0.0000000e+00   2.2877805e-07
4.9999999e-06   -9.5268764e-04
7.6999997e-05   -3.8412916e-03
3.7100000e-04   -8.3429720e-03
1.0810000e-03   -1.4301059e-02
2.3530000e-03   -2.1112077e-02
4.1880002e-03   -2.8468834e-02
6.5850001e-03   -3.5511449e-02
9.5760003e-03   -4.2504542e-02
1.3145000e-02   -4.9315754e-02
1.7281000e-02   -5.6029871e-02
2.1983000e-02   -6.2445883e-02
2.7232001e-02   -6.8626978e-02
3.3016000e-02   -7.4592844e-02
3.9328001e-02   -8.0356821e-02
4.6151999e-02   -8.5986800e-02
5.3475998e-02   -9.1246344e-02
6.1287001e-02   -9.6346505e-02
6.9568001e-02   -1.0127436e-01
7.8308001e-02   -1.0596355e-01
8.7494999e-02   -1.1053368e-01
9.7115003e-02   -1.1475861e-01
1.0715700e-01   -1.1889908e-01
1.1760800e-01   -1.2276296e-01
1.2845400e-01   -1.2660271e-01
1.3968299e-01   -1.3004647e-01
1.5128200e-01   -1.3312683e-01
1.6323499e-01   -1.3609159e-01
1.7553200e-01   -1.3889052e-01
1.8815701e-01   -1.4159229e-01
2.0109700e-01   -1.4390446e-01
2.1433701e-01   -1.4591748e-01
2.2786400e-01   -1.4820586e-01
2.4166299e-01   -1.4994875e-01
2.5571901e-01   -1.5129825e-01
2.7001700e-01   -1.5269095e-01
2.8454199e-01   -1.5345855e-01
2.9927999e-01   -1.5425357e-01
3.1421500e-01   -1.5478227e-01
3.2933101e-01   -1.5523221e-01
3.4461299e-01   -1.5530387e-01
3.6004499e-01   -1.5506150e-01
3.7561101e-01   -1.5450414e-01
3.9129600e-01   -1.5367092e-01
4.0708300e-01   -1.5283112e-01
4.2295700e-01   -1.5163226e-01
4.3890101e-01   -1.5039665e-01
4.5489901e-01   -1.4873287e-01
4.7093499e-01   -1.4701898e-01
4.8699200e-01   -1.4482385e-01
5.0305498e-01   -1.4237919e-01
5.1910698e-01   -1.3946654e-01
5.3513199e-01   -1.3666399e-01
5.5111402e-01   -1.3352318e-01
5.6703597e-01   -1.3012689e-01
5.8288401e-01   -1.2624007e-01
5.9864002e-01   -1.2235379e-01
6.1429000e-01   -1.1824772e-01
6.2981701e-01   -1.1419726e-01
6.4520597e-01   -1.0984462e-01
6.6044199e-01   -1.0570552e-01
6.7550898e-01   -1.0134362e-01
6.9039297e-01   -9.6924148e-02
7.0507699e-01   -9.2527203e-02
7.1954900e-01   -8.8116206e-02
7.3379302e-01   -8.3801195e-02
7.4779499e-01   -7.9370581e-02
7.6154202e-01   -7.5106092e-02
7.7501899e-01   -7.0987783e-02
7.8821403e-01   -6.6964075e-02
8.0111301e-01   -6.2833481e-02
8.1370401e-01   -5.8816399e-02
8.2597297e-01   -5.4974779e-02
8.3791000e-01   -5.1110789e-02
8.4950101e-01   -4.7568411e-02
8.6073500e-01   -4.3964237e-02
8.7160099e-01   -4.0549815e-02
8.8208801e-01   -3.7274934e-02
8.9218402e-01   -3.3918556e-02
9.0188003e-01   -3.0998383e-02
9.1116500e-01   -2.8075822e-02
9.2003101e-01   -2.5334714e-02
9.2846799e-01   -2.2722101e-02
9.3646699e-01   -2.0231921e-02
9.4401902e-01   -1.7868735e-02
9.5111603e-01   -1.5846230e-02
9.5775098e-01   -1.3985272e-02
9.6392000e-01   -1.2113065e-02
9.6961600e-01   -1.0410534e-02
9.7483599e-01   -8.7618781e-03
9.7957498e-01   -7.2036777e-03
9.8383099e-01   -5.9089260e-03
9.8759800e-01   -4.6209400e-03
9.9087399e-01   -3.4977489e-03
9.9365300e-01   -2.4762591e-03
9.9593401e-01   -1.7300824e-03
9.9771100e-01   -1.0293474e-03
9.9898201e-01   -4.9618620e-04
9.9974501e-01   -1.7256287e-04
1.0000000e+00   -5.8216410e-06
