1.0000000e+00   -2.9351391e-05
9.9974501e-01   9.4306110e-05
9.9898201e-01   5.1815959e-04
9.9771100e-01   1.2543289e-03
9.9593300e-01   2.1113306e-03
9.9365300e-01   3.3625022e-03
9.9087399e-01   4.9724574e-03
9.8759800e-01   6.8899416e-03
9.8382998e-01   9.0043545e-03
9.7957498e-01   1.1489723e-02
9.7483599e-01   1.4438742e-02
9.6961600e-01   1.7410496e-02
9.6392000e-01   2.0802986e-02
9.5775098e-01   2.4411261e-02
9.5111603e-01   2.8234811e-02
9.4401902e-01   3.2393850e-02
9.3646699e-01   3.6841355e-02
9.2846799e-01   4.1521013e-02
9.2003101e-01   4.6349090e-02
9.1116500e-01   5.1381089e-02
9.0187901e-01   5.6718621e-02
8.9218301e-01   6.2169135e-02
8.8208699e-01   6.7841694e-02
8.7160099e-01   7.3828407e-02
8.6073500e-01   8.0010287e-02
8.4950101e-01   8.6197354e-02
8.3791000e-01   9.2640735e-02
8.2597399e-01   9.9232659e-02
8.1370401e-01   1.0605387e-01
8.0111301e-01   1.1286422e-01
7.8821403e-01   1.1968657e-01
7.7501899e-01   1.2658413e-01
7.6154101e-01   1.3343374e-01
7.4779499e-01   1.4037590e-01
7.3379201e-01   1.4710668e-01
7.1954799e-01   1.5409540e-01
7.0507699e-01   1.6090143e-01
6.9039202e-01   1.6768798e-01
6.7550898e-01   1.7465402e-01
6.6044199e-01   1.8136524e-01
6.4520597e-01   1.8788579e-01
6.2981701e-01   1.9430234e-01
6.1429000e-01   2.0052856e-01
5.9864002e-01   2.0641614e-01
5.8288401e-01   2.1215729e-01
5.6703597e-01   2.1738987e-01
5.5111301e-01   2.2240706e-01
5.3513098e-01   2.2717497e-01
5.1910597e-01   2.3177591e-01
5.0305402e-01   2.3579708e-01
4.8699099e-01   2.3958677e-01
4.7093400e-01   2.4280630e-01
4.5489800e-01   2.4565288e-01
4.3889999e-01   2.4819060e-01
4.2295599e-01   2.5020984e-01
4.0708300e-01   2.5180471e-01
3.9129499e-01   2.5290754e-01
3.7560999e-01   2.5356680e-01
3.6004400e-01   2.5372064e-01
3.4461200e-01   2.5384632e-01
3.2933000e-01   2.5331694e-01
3.1421301e-01   2.5214627e-01
2.9927900e-01   2.5070325e-01
2.8454101e-01   2.4891573e-01
2.7001500e-01   2.4660045e-01
2.5571701e-01   2.4393052e-01
2.4166100e-01   2.4075218e-01
2.2786200e-01   2.3737429e-01
2.1433599e-01   2.3340787e-01
2.0109500e-01   2.2900492e-01
1.8815500e-01   2.2433792e-01
1.7553000e-01   2.1902071e-01
1.6323400e-01   2.1364976e-01
1.5128000e-01   2.0765561e-01
1.3968100e-01   2.0136407e-01
1.2845200e-01   1.9472636e-01
1.1760600e-01   1.8756902e-01
1.0715500e-01   1.7987807e-01
9.7112998e-02   1.7224327e-01
8.7493002e-02   1.6411467e-01
7.8305997e-02   1.5571788e-01
6.9565997e-02   1.4702202e-01
6.1285000e-02   1.3792695e-01
5.3474002e-02   1.2850548e-01
4.6149999e-02   1.1890476e-01
3.9326001e-02   1.0898612e-01
3.3013999e-02   9.8976508e-02
2.7230000e-02   8.8950723e-02
2.1980001e-02   7.8925207e-02
1.7277000e-02   6.9007695e-02
1.3141000e-02   5.9053384e-02
9.5729996e-03   4.9277797e-02
6.5830001e-03   3.9750297e-02
4.1880002e-03   3.0727571e-02
2.3540000e-03   2.2259330e-02
1.0810000e-03   1.4806766e-02
3.7100000e-04   8.4596369e-03
7.6999997e-05   3.8427887e-03
4.9999999e-06   9.6559973e-04
0.0000000e+00   -1.7331297e-07
4.9999999e-06   -9.1971084e-04
7.6999997e-05   -3.7607213e-03
3.7100000e-04   -8.0774948e-03
1.0810000e-03   -1.3515858e-02
2.3530000e-03   -1.9269250e-02
4.1880002e-03   -2.4991214e-02
6.5850001e-03   -3.0156320e-02
9.5760003e-03   -3.5153486e-02
1.3145000e-02   -4.0085476e-02
1.7281000e-02   -4.4886068e-02
2.1983000e-02   -4.9375318e-02
2.7232001e-02   -5.3813707e-02
3.3016000e-02   -5.7941876e-02
3.9328001e-02   -6.1670460e-02
4.6151999e-02   -6.5198280e-02
5.3475998e-02   -6.8474218e-02
6.1287001e-02   -7.1497157e-02
6.9568001e-02   -7.4176036e-02
7.8308001e-02   -7.6699585e-02
8.7494999e-02   -7.8918353e-02
9.7115003e-02   -8.0801524e-02
1.0715700e-01   -8.2594335e-02
1.1760800e-01   -8.4079280e-02
1.2845400e-01   -8.5606873e-02
1.3968299e-01   -8.6766690e-02
1.5128200e-01   -8.7573178e-02
1.6323499e-01   -8.8182621e-02
1.7553200e-01   -8.8842951e-02
1.8815701e-01   -8.9193217e-02
2.0109700e-01   -8.9294888e-02
2.1433701e-01   -8.9108370e-02
2.2786400e-01   -8.9298755e-02
2.4166299e-01   -8.9090668e-02
2.5571901e-01   -8.8510744e-02
2.7001700e-01   -8.8043801e-02
2.8454199e-01   -8.7125525e-02
2.9927999e-01   -8.6209245e-02
3.1421500e-01   -8.5156478e-02
3.2933101e-01   -8.4031411e-02
3.4461299e-01   -8.2741208e-02
3.6004499e-01   -8.1378177e-02
3.7561101e-01   -7.9869539e-02
3.9129600e-01   -7.8233927e-02
4.0708300e-01   -7.6599307e-02
4.2295700e-01   -7.4779831e-02
4.3890101e-01   -7.3063791e-02
4.5489901e-01   -7.1071349e-02
4.7093499e-01   -6.9002077e-02
4.8699200e-01   -6.6815108e-02
5.0305498e-01   -6.4461134e-02
5.1910698e-01   -6.2051766e-02
5.3513199e-01   -5.9946518e-02
5.5111402e-01   -5.7421330e-02
5.6703597e-01   -5.4938313e-02
5.8288401e-01   -5.2129038e-02
5.9864002e-01   -4.9507380e-02
6.1429000e-01   -4.6853729e-02
6.2981701e-01   -4.4376288e-02
6.4520597e-01   -4.1609079e-02
6.6044199e-01   -3.9176598e-02
6.7550898e-01   -3.6644448e-02
6.9039297e-01   -3.4035899e-02
7.0507699e-01   -3.1502582e-02
7.1954900e-01   -2.9031714e-02
7.3379302e-01   -2.6623029e-02
7.4779499e-01   -2.4106288e-02
7.6154202e-01   -2.1973861e-02
7.7501899e-01   -2.0001346e-02
7.8821403e-01   -1.8188419e-02
8.0111301e-01   -1.6342381e-02
8.1370401e-01   -1.4542746e-02
8.2597297e-01   -1.3004574e-02
8.3791000e-01   -1.1331336e-02
8.4950101e-01   -1.0081937e-02
8.6073500e-01   -8.7014977e-03
8.7160099e-01   -7.5978125e-03
8.8208801e-01   -6.5671974e-03
8.9218402e-01   -5.5852863e-03
9.0188003e-01   -4.8535746e-03
9.1116500e-01   -4.0856539e-03
9.2003101e-01   -3.4467767e-03
9.2846799e-01   -2.9516870e-03
9.3646699e-01   -2.4714074e-03
9.4401902e-01   -2.0711867e-03
9.5111603e-01   -1.6608256e-03
9.5775098e-01   -1.3808720e-03
9.6392000e-01   -1.0553753e-03
9.6961600e-01   -8.5531012e-04
9.7483599e-01   -5.4001663e-04
9.7957498e-01   -2.6137359e-04
9.8383099e-01   -2.1689921e-04
9.8759800e-01   -1.3004267e-04
9.9087399e-01   -1.1599809e-04
9.9365300e-01   -6.2082778e-05
9.9593401e-01   -5.4577424e-05
9.9771100e-01   3.1774573e-05
9.9898201e-01   9.7300828e-05
9.9974501e-01   -2.0396234e-05
1.0000000e+00   1.8480860e-05
