1.0000000e+00   -1.9027317e-05
9.9974501e-01   1.2509598e-04
9.9898201e-01   6.3688494e-04
9.9771100e-01   1.4788524e-03
9.9593300e-01   2.2497945e-03
9.9365300e-01   3.3375344e-03
9.9087399e-01   4.7082575e-03
9.8759800e-01   6.2131239e-03
9.8382998e-01   7.8746136e-03
9.7957498e-01   9.7920969e-03
9.7483599e-01   1.2158235e-02
9.6961600e-01   1.4458910e-02
9.6392000e-01   1.7143007e-02
9.5775098e-01   2.0009192e-02
9.5111603e-01   2.3004806e-02
9.4401902e-01   2.6352497e-02
9.3646699e-01   2.9801181e-02
9.2846799e-01   3.3495072e-02
9.2003101e-01   3.7375629e-02
9.1116500e-01   4.1308086e-02
9.0187901e-01   4.5636017e-02
8.9218301e-01   4.9923878e-02
8.8208699e-01   5.4435149e-02
8.7160099e-01   5.9217840e-02
8.6073500e-01   6.4150050e-02
8.4950101e-01   6.9074184e-02
8.3791000e-01   7.4249238e-02
8.2597399e-01   7.9543695e-02
8.1370401e-01   8.4962375e-02
8.0111301e-01   9.0325534e-02
7.8821403e-01   9.5717259e-02
7.7501899e-01   1.0110274e-01
7.6154101e-01   1.0641083e-01
7.4779499e-01   1.1183185e-01
7.3379201e-01   1.1716089e-01
7.1954799e-01   1.2255914e-01
7.0507699e-01   1.2791590e-01
6.9039202e-01   1.3322131e-01
6.7550898e-01   1.3890088e-01
6.6044199e-01   1.4428660e-01
6.4520597e-01   1.4957002e-01
6.2981701e-01   1.5465736e-01
6.1429000e-01   1.5972652e-01
5.9864002e-01   1.6440253e-01
5.8288401e-01   1.6904213e-01
5.6703597e-01   1.7307073e-01
5.5111301e-01   1.7717323e-01
5.3513098e-01   1.8086424e-01
5.1910597e-01   1.8467151e-01
5.0305402e-01   1.8782650e-01
4.8699099e-01   1.9103520e-01
4.7093400e-01   1.9375469e-01
4.5489800e-01   1.9616364e-01
4.3889999e-01   1.9850101e-01
4.2295599e-01   2.0032185e-01
4.0708300e-01   2.0193994e-01
3.9129499e-01   2.0302066e-01
3.7560999e-01   2.0387302e-01
3.6004400e-01   2.0439319e-01
3.4461200e-01   2.0494771e-01
3.2933000e-01   2.0496288e-01
3.1421301e-01   2.0447271e-01
2.9927900e-01   2.0377241e-01
2.8454101e-01   2.0284449e-01
2.7001500e-01   2.0148452e-01
2.5571701e-01   1.9982836e-01
2.4166100e-01   1.9766708e-01
2.2786200e-01   1.9534189e-01
2.1433599e-01   1.9267188e-01
2.0109500e-01   1.8961489e-01
1.8815500e-01   1.8616307e-01
1.7553000e-01   1.8215014e-01
1.6323400e-01   1.7810780e-01
1.5128000e-01   1.7350484e-01
1.3968100e-01   1.6872020e-01
1.2845200e-01   1.6365376e-01
1.1760600e-01   1.5810750e-01
1.0715500e-01   1.5203980e-01
9.7112998e-02   1.4596532e-01
8.7493002e-02   1.3948351e-01
7.8305997e-02   1.3266991e-01
6.9565997e-02   1.2569895e-01
6.1285000e-02   1.1847965e-01
5.3474002e-02   1.1076264e-01
4.6149999e-02   1.0296367e-01
3.9326001e-02   9.4930597e-02
3.3013999e-02   8.6745776e-02
2.7230000e-02   7.8602426e-02
2.1980001e-02   7.0344202e-02
1.7277000e-02   6.2112935e-02
1.3141000e-02   5.3662527e-02
9.5729996e-03   4.5338925e-02
6.5830001e-03   3.7142482e-02
4.1880002e-03   2.9176574e-02
2.3540000e-03   2.1439070e-02
1.0810000e-03   1.4424770e-02
3.7100000e-04   8.3345696e-03
7.6999997e-05   3.8171874e-03
4.9999999e-06   9.6325518e-04
0.0000000e+00   6.9248408e-06
4.9999999e-06   -9.2709379e-04
7.6999997e-05   -3.7578410e-03
3.7100000e-04   -7.9577575e-03
1.0810000e-03   -1.3154529e-02
2.3530000e-03   -1.8502649e-02
4.1880002e-03   -2.3627585e-02
6.5850001e-03   -2.8086234e-02
9.5760003e-03   -3.2270279e-02
1.3145000e-02   -3.6298666e-02
1.7281000e-02   -4.0106896e-02
2.1983000e-02   -4.3657754e-02
2.7232001e-02   -4.7065474e-02
3.3016000e-02   -5.0245915e-02
3.9328001e-02   -5.3155072e-02
4.6151999e-02   -5.5666983e-02
5.3475998e-02   -5.7998881e-02
6.1287001e-02   -6.0119744e-02
6.9568001e-02   -6.1975051e-02
7.8308001e-02   -6.3648149e-02
8.7494999e-02   -6.5021247e-02
9.7115003e-02   -6.6218518e-02
1.0715700e-01   -6.7303002e-02
1.1760800e-01   -6.8177409e-02
1.2845400e-01   -6.9131657e-02
1.3968299e-01   -6.9826320e-02
1.5128200e-01   -7.0084475e-02
1.6323499e-01   -7.0173651e-02
1.7553200e-01   -7.0329219e-02
1.8815701e-01   -7.0410773e-02
2.0109700e-01   -7.0366204e-02
2.1433701e-01   -6.9999106e-02
2.2786400e-01   -7.0047110e-02
2.4166299e-01   -6.9776200e-02
2.5571901e-01   -6.9279104e-02
2.7001700e-01   -6.8949632e-02
2.8454199e-01   -6.8150140e-02
2.9927999e-01   -6.7520984e-02
3.1421500e-01   -6.6771992e-02
3.2933101e-01   -6.6024639e-02
3.4461299e-01   -6.5191910e-02
3.6004499e-01   -6.4254493e-02
3.7561101e-01   -6.3112721e-02
3.9129600e-01   -6.1946403e-02
4.0708300e-01   -6.0941666e-02
4.2295700e-01   -5.9730705e-02
4.3890101e-01   -5.8655713e-02
4.5489901e-01   -5.7356384e-02
4.7093499e-01   -5.6175210e-02
4.8699200e-01   -5.4695159e-02
5.0305498e-01   -5.3119481e-02
5.1910698e-01   -5.1363144e-02
5.3513199e-01   -4.9989328e-02
5.5111402e-01   -4.8190530e-02
5.6703597e-01   -4.6391521e-02
5.8288401e-01   -4.4223830e-02
5.9864002e-01   -4.2370535e-02
6.1429000e-01   -4.0398698e-02
6.2981701e-01   -3.8671803e-02
6.4520597e-01   -3.6578674e-02
6.6044199e-01   -3.5017457e-02
6.7550898e-01   -3.3152964e-02
6.9039297e-01   -3.1380452e-02
7.0507699e-01   -2.9601444e-02
7.1954900e-01   -2.7852494e-02
7.3379302e-01   -2.6082218e-02
7.4779499e-01   -2.4180919e-02
7.6154202e-01   -2.2648567e-02
7.7501899e-01   -2.1199638e-02
7.8821403e-01   -1.9948779e-02
8.0111301e-01   -1.8501043e-02
8.1370401e-01   -1.7187258e-02
8.2597297e-01   -1.6039683e-02
8.3791000e-01   -1.4806075e-02
8.4950101e-01   -1.3820925e-02
8.6073500e-01   -1.2708873e-02
8.7160099e-01   -1.1832074e-02
8.8208801e-01   -1.0999777e-02
8.9218402e-01   -9.9680098e-03
9.0188003e-01   -9.3682846e-03
9.1116500e-01   -8.6662462e-03
9.2003101e-01   -7.9592597e-03
9.2846799e-01   -7.2631855e-03
9.3646699e-01   -6.5527624e-03
9.4401902e-01   -5.8926563e-03
9.5111603e-01   -5.3484747e-03
9.5775098e-01   -4.7448310e-03
9.6392000e-01   -4.1280938e-03
9.6961600e-01   -3.6703029e-03
9.7483599e-01   -3.1336350e-03
9.7957498e-01   -2.6350471e-03
9.8383099e-01   -2.3135054e-03
9.8759800e-01   -1.8936123e-03
9.9087399e-01   -1.5743913e-03
9.9365300e-01   -1.1877238e-03
9.9593401e-01   -9.2259306e-04
9.9771100e-01   -5.7088194e-04
9.9898201e-01   -2.5744305e-04
9.9974501e-01   -1.0989583e-04
1.0000000e+00   8.7820144e-06
