1.0000000e+00   4.2836806e-03
9.9974501e-01   4.8469850e-03
9.9898201e-01   5.0565074e-03
9.9771100e-01   6.6658952e-03
9.9593300e-01   8.6379163e-03
9.9365300e-01   1.1288116e-02
9.9087399e-01   1.4153939e-02
9.8759800e-01   1.8035542e-02
9.8382998e-01   2.1312429e-02
9.7957498e-01   2.6267804e-02
9.7483599e-01   3.1458393e-02
9.6961600e-01   3.7015542e-02
9.6392000e-01   4.2596336e-02
9.5775098e-01   4.9085420e-02
9.5111603e-01   5.6466438e-02
9.4401902e-01   6.3319512e-02
9.3646699e-01   7.0689216e-02
9.2846799e-01   7.8389548e-02
9.2003101e-01   8.6265579e-02
9.1116500e-01   9.4220452e-02
9.0187901e-01   1.0211444e-01
8.9218301e-01   1.1107484e-01
8.8208699e-01   1.1954869e-01
8.7160099e-01   1.2837286e-01
8.6073500e-01   1.3771488e-01
8.4950101e-01   1.4744824e-01
8.3791000e-01   1.5686364e-01
8.2597399e-01   1.6634880e-01
8.1370401e-01   1.7651074e-01
8.0111301e-01   1.8601520e-01
7.8821403e-01   1.9533192e-01
7.7501899e-01   2.0595342e-01
7.6154101e-01   2.1554707e-01
7.4779499e-01   2.2592609e-01
7.3379201e-01   2.3506916e-01
7.1954799e-01   2.4489826e-01
7.0507699e-01   2.5513941e-01
6.9039202e-01   2.6502299e-01
6.7550898e-01   2.7401769e-01
6.6044199e-01   2.8374431e-01
6.4520597e-01   2.9213300e-01
6.2981701e-01   3.0144238e-01
6.1429000e-01   3.0964458e-01
5.9864002e-01   3.1719995e-01
5.8288401e-01   3.2586682e-01
5.6703597e-01   3.3377302e-01
5.5111301e-01   3.4044951e-01
5.3513098e-01   3.4667024e-01
5.1910597e-01   3.5266662e-01
5.0305402e-01   3.5836950e-01
4.8699099e-01   3.6472511e-01
4.7093400e-01   3.6864597e-01
4.5489800e-01   3.7362263e-01
4.3889999e-01   3.7775666e-01
4.2295599e-01   3.8029888e-01
4.0708300e-01   3.8279402e-01
3.9129499e-01   3.8428986e-01
3.7560999e-01   3.8570240e-01
3.6004400e-01   3.8595283e-01
3.4461200e-01   3.8524798e-01
3.2933000e-01   3.8561341e-01
3.1421301e-01   3.8381022e-01
2.9927900e-01   3.8166109e-01
2.8454101e-01   3.7803164e-01
2.7001500e-01   3.7325978e-01
2.5571701e-01   3.6876237e-01
2.4166100e-01   3.6283243e-01
2.2786200e-01   3.5676172e-01
2.1433599e-01   3.5020775e-01
2.0109500e-01   3.4186333e-01
1.8815500e-01   3.3282834e-01
1.7553000e-01   3.2400602e-01
1.6323400e-01   3.1400850e-01
1.5128000e-01   3.0308187e-01
1.3968100e-01   2.9145581e-01
1.2845200e-01   2.7919447e-01
1.1760600e-01   2.6690412e-01
1.0715500e-01   2.5418839e-01
9.7112998e-02   2.4137326e-01
8.7493002e-02   2.2686721e-01
7.8305997e-02   2.1304676e-01
6.9565997e-02   1.9837409e-01
6.1285000e-02   1.8415289e-01
5.3474002e-02   1.6997774e-01
4.6149999e-02   1.5507798e-01
3.9326001e-02   1.4104663e-01
3.3013999e-02   1.2715140e-01
2.7230000e-02   1.1250187e-01
2.1980001e-02   9.8283559e-02
1.7277000e-02   8.4116012e-02
1.3141000e-02   7.0608243e-02
9.5729996e-03   5.7120595e-02
6.5830001e-03   4.5038965e-02
4.1880002e-03   3.4189086e-02
2.3540000e-03   2.4439003e-02
1.0810000e-03   1.6267091e-02
3.7100000e-04   9.6360277e-03
7.6999997e-05   5.0536161e-03
4.9999999e-06   2.1286560e-03
0.0000000e+00   1.4143453e-03
4.9999999e-06   5.4445019e-04
7.6999997e-05   -2.4067957e-03
3.7100000e-04   -6.5467902e-03
1.0810000e-03   -1.2856534e-02
2.3530000e-03   -1.8792713e-02
4.1880002e-03   -2.5553705e-02
6.5850001e-03   -3.1301267e-02
9.5760003e-03   -3.5459653e-02
1.3145000e-02   -3.8905021e-02
1.7281000e-02   -4.0889945e-02
2.1983000e-02   -4.1724164e-02
2.7232001e-02   -4.2360861e-02
3.3016000e-02   -4.1794065e-02
3.9328001e-02   -4.0544547e-02
4.6151999e-02   -3.9960425e-02
5.3475998e-02   -3.7893482e-02
6.1287001e-02   -3.4433488e-02
6.9568001e-02   -3.1636674e-02
7.8308001e-02   -2.8789081e-02
8.7494999e-02   -2.5295490e-02
9.7115003e-02   -2.1250710e-02
1.0715700e-01   -1.7210810e-02
1.1760800e-01   -1.3498530e-02
1.2845400e-01   -9.0481741e-03
1.3968299e-01   -4.3503889e-03
1.5128200e-01   6.2993163e-04
1.6323499e-01   5.4388181e-03
1.7553200e-01   1.1039240e-02
1.8815701e-01   1.5765434e-02
2.0109700e-01   2.0260053e-02
2.1433701e-01   2.5829880e-02
2.2786400e-01   3.1187683e-02
2.4166299e-01   3.6598034e-02
2.5571901e-01   4.2423330e-02
2.7001700e-01   4.6180476e-02
2.8454199e-01   5.2058943e-02
2.9927999e-01   5.7122786e-02
3.1421500e-01   6.3355334e-02
3.2933101e-01   6.7731731e-02
3.4461299e-01   7.3073126e-02
3.6004499e-01   7.8157231e-02
3.7561101e-01   8.2241066e-02
3.9129600e-01   8.5991144e-02
4.0708300e-01   9.0581529e-02
4.2295700e-01   9.4328083e-02
4.3890101e-01   9.8451063e-02
4.5489901e-01   1.0038340e-01
4.7093499e-01   1.0412591e-01
4.8699200e-01   1.0564635e-01
5.0305498e-01   1.0850880e-01
5.1910698e-01   1.1111876e-01
5.3513199e-01   1.1197941e-01
5.5111402e-01   1.1248677e-01
5.6703597e-01   1.1419577e-01
5.8288401e-01   1.1447609e-01
5.9864002e-01   1.1497943e-01
6.1429000e-01   1.1363630e-01
6.2981701e-01   1.1351655e-01
6.4520597e-01   1.1251751e-01
6.6044199e-01   1.1047867e-01
6.7550898e-01   1.0845944e-01
6.9039297e-01   1.0682039e-01
7.0507699e-01   1.0543722e-01
7.1954900e-01   1.0214660e-01
7.3379302e-01   9.9104986e-02
7.4779499e-01   9.5757805e-02
7.6154202e-01   9.2733487e-02
7.7501899e-01   8.9307614e-02
7.8821403e-01   8.5273191e-02
8.0111301e-01   8.1193253e-02
8.1370401e-01   7.6879948e-02
8.2597297e-01   7.3630713e-02
8.3791000e-01   6.9243163e-02
8.4950101e-01   6.5608159e-02
8.6073500e-01   6.0470860e-02
8.7160099e-01   5.6548778e-02
8.8208801e-01   5.2224208e-02
8.9218402e-01   4.8282396e-02
9.0188003e-01   4.4602860e-02
9.1116500e-01   4.0370449e-02
9.2003101e-01   3.7674922e-02
9.2846799e-01   3.3056188e-02
9.3646699e-01   2.9873142e-02
9.4401902e-01   2.6269004e-02
9.5111603e-01   2.2393884e-02
9.5775098e-01   1.9131897e-02
9.6392000e-01   1.5961114e-02
9.6961600e-01   1.2822833e-02
9.7483599e-01   1.0109104e-02
9.7957498e-01   7.1315989e-03
9.8383099e-01   5.1800902e-03
9.8759800e-01   2.1859859e-03
9.9087399e-01   9.3172962e-04
9.9365300e-01   -5.4833846e-04
9.9593401e-01   -2.3039873e-03
9.9771100e-01   -3.1118772e-03
9.9898201e-01   -4.4835247e-03
9.9974501e-01   -4.4544241e-03
1.0000000e+00   -4.8466795e-03
