1.0000000e+00   4.2075836e-03
9.9974501e-01   4.3989113e-03
9.9898201e-01   5.4051620e-03
9.9771100e-01   7.0298715e-03
9.9593300e-01   9.3402425e-03
9.9365300e-01   1.2205607e-02
9.9087399e-01   1.5820982e-02
9.8759800e-01   1.9574724e-02
9.8382998e-01   2.4095204e-02
9.7957498e-01   2.9625725e-02
9.7483599e-01   3.5287622e-02
9.6961600e-01   4.2041935e-02
9.6392000e-01   4.9281105e-02
9.5775098e-01   5.6726363e-02
9.5111603e-01   6.4792551e-02
9.4401902e-01   7.3221579e-02
9.3646699e-01   8.2191229e-02
9.2846799e-01   9.1106355e-02
9.2003101e-01   1.0103084e-01
9.1116500e-01   1.1072334e-01
9.0187901e-01   1.2032565e-01
8.9218301e-01   1.3080123e-01
8.8208699e-01   1.4182155e-01
8.7160099e-01   1.5272781e-01
8.6073500e-01   1.6439816e-01
8.4950101e-01   1.7557612e-01
8.3791000e-01   1.8743868e-01
8.2597399e-01   1.9934592e-01
8.1370401e-01   2.1179579e-01
8.0111301e-01   2.2417942e-01
7.8821403e-01   2.3667420e-01
7.7501899e-01   2.4952574e-01
7.6154101e-01   2.6261473e-01
7.4779499e-01   2.7526435e-01
7.3379201e-01   2.8793591e-01
7.1954799e-01   3.0079818e-01
7.0507699e-01   3.1397501e-01
6.9039202e-01   3.2613859e-01
6.7550898e-01   3.3922347e-01
6.6044199e-01   3.5144818e-01
6.4520597e-01   3.6312118e-01
6.2981701e-01   3.7633443e-01
6.1429000e-01   3.8805324e-01
5.9864002e-01   3.9928040e-01
5.8288401e-01   4.1098827e-01
5.6703597e-01   4.2172763e-01
5.5111301e-01   4.3205166e-01
5.3513098e-01   4.4184047e-01
5.1910597e-01   4.5168197e-01
5.0305402e-01   4.6039048e-01
4.8699099e-01   4.6869832e-01
4.7093400e-01   4.7632477e-01
4.5489800e-01   4.8253489e-01
4.3889999e-01   4.8863786e-01
4.2295599e-01   4.9393436e-01
4.0708300e-01   4.9760157e-01
3.9129499e-01   5.0098109e-01
3.7560999e-01   5.0320649e-01
3.6004400e-01   5.0394523e-01
3.4461200e-01   5.0357807e-01
3.2933000e-01   5.0241339e-01
3.1421301e-01   5.0086010e-01
2.9927900e-01   4.9697298e-01
2.8454101e-01   4.9251574e-01
2.7001500e-01   4.8636532e-01
2.5571701e-01   4.7979048e-01
2.4166100e-01   4.7154379e-01
2.2786200e-01   4.6298483e-01
2.1433599e-01   4.5283958e-01
2.0109500e-01   4.4186828e-01
1.8815500e-01   4.2958304e-01
1.7553000e-01   4.1639531e-01
1.6323400e-01   4.0181765e-01
1.5128000e-01   3.8684586e-01
1.3968100e-01   3.7016824e-01
1.2845200e-01   3.5383841e-01
1.1760600e-01   3.3621752e-01
1.0715500e-01   3.1841934e-01
9.7112998e-02   2.9985970e-01
8.7493002e-02   2.8093222e-01
7.8305997e-02   2.6172572e-01
6.9565997e-02   2.4198873e-01
6.1285000e-02   2.2272536e-01
5.3474002e-02   2.0359775e-01
4.6149999e-02   1.8443099e-01
3.9326001e-02   1.6540082e-01
3.3013999e-02   1.4665623e-01
2.7230000e-02   1.2804757e-01
2.1980001e-02   1.0974528e-01
1.7277000e-02   9.1858521e-02
1.3141000e-02   7.5097844e-02
9.5729996e-03   5.9269886e-02
6.5830001e-03   4.4686873e-02
4.1880002e-03   3.2085400e-02
2.3540000e-03   2.1218171e-02
1.0810000e-03   1.2141085e-02
3.7100000e-04   5.3127487e-03
7.6999997e-05   3.6947752e-04
4.9999999e-06   -2.6036703e-03
0.0000000e+00   -3.3022717e-03
4.9999999e-06   -4.2684227e-03
7.6999997e-05   -7.4455938e-03
3.7100000e-04   -1.2281830e-02
1.0810000e-03   -1.8798968e-02
2.3530000e-03   -2.7204817e-02
4.1880002e-03   -3.7381649e-02
6.5850001e-03   -4.8319288e-02
9.5760003e-03   -5.9655730e-02
1.3145000e-02   -7.1162790e-02
1.7281000e-02   -8.1601359e-02
2.1983000e-02   -9.1055430e-02
2.7232001e-02   -9.9265188e-02
3.3016000e-02   -1.0717454e-01
3.9328001e-02   -1.1478686e-01
4.6151999e-02   -1.2144434e-01
5.3475998e-02   -1.2822220e-01
6.1287001e-02   -1.3382319e-01
6.9568001e-02   -1.3895325e-01
7.8308001e-02   -1.4405040e-01
8.7494999e-02   -1.4894672e-01
9.7115003e-02   -1.5238602e-01
1.0715700e-01   -1.5606993e-01
1.1760800e-01   -1.5909985e-01
1.2845400e-01   -1.6158816e-01
1.3968299e-01   -1.6314453e-01
1.5128200e-01   -1.6420813e-01
1.6323499e-01   -1.6534056e-01
1.7553200e-01   -1.6547076e-01
1.8815701e-01   -1.6471757e-01
2.0109700e-01   -1.6388528e-01
2.1433701e-01   -1.6241495e-01
2.2786400e-01   -1.6050892e-01
2.4166299e-01   -1.5784697e-01
2.5571901e-01   -1.5362407e-01
2.7001700e-01   -1.5031649e-01
2.8454199e-01   -1.4559549e-01
2.9927999e-01   -1.4148588e-01
3.1421500e-01   -1.3549538e-01
3.2933101e-01   -1.2943505e-01
3.4461299e-01   -1.2330434e-01
3.6004499e-01   -1.1634041e-01
3.7561101e-01   -1.1050306e-01
3.9129600e-01   -1.0328364e-01
4.0708300e-01   -9.6152492e-02
4.2295700e-01   -8.8014819e-02
4.3890101e-01   -8.0891423e-02
4.5489901e-01   -7.3705979e-02
4.7093499e-01   -6.6401862e-02
4.8699200e-01   -5.9214924e-02
5.0305498e-01   -5.1807292e-02
5.1910698e-01   -4.4736031e-02
5.3513199e-01   -3.8105633e-02
5.5111402e-01   -3.1015493e-02
5.6703597e-01   -2.4574177e-02
5.8288401e-01   -1.8948684e-02
5.9864002e-01   -1.2800758e-02
6.1429000e-01   -7.7308812e-03
6.2981701e-01   -2.5052375e-03
6.4520597e-01   2.5440324e-03
6.6044199e-01   7.0931711e-03
6.7550898e-01   1.0965493e-02
6.9039297e-01   1.4459824e-02
7.0507699e-01   1.7995307e-02
7.1954900e-01   2.0856103e-02
7.3379302e-01   2.2937255e-02
7.4779499e-01   2.4722597e-02
7.6154202e-01   2.6774796e-02
7.7501899e-01   2.7368017e-02
7.8821403e-01   2.8184123e-02
8.0111301e-01   2.9507466e-02
8.1370401e-01   2.9651273e-02
8.2597297e-01   2.9413577e-02
8.3791000e-01   2.9182971e-02
8.4950101e-01   2.8312905e-02
8.6073500e-01   2.7448962e-02
8.7160099e-01   2.6360888e-02
8.8208801e-01   2.4862891e-02
8.9218402e-01   2.3421826e-02
9.0188003e-01   2.2521542e-02
9.1116500e-01   2.0824039e-02
9.2003101e-01   1.8932307e-02
9.2846799e-01   1.6962619e-02
9.3646699e-01   1.5191131e-02
9.4401902e-01   1.3417759e-02
9.5111603e-01   1.1240389e-02
9.5775098e-01   9.5845042e-03
9.6392000e-01   8.2627358e-03
9.6961600e-01   6.1676460e-03
9.7483599e-01   4.6905098e-03
9.7957498e-01   3.1621456e-03
9.8383099e-01   1.9001192e-03
9.8759800e-01   5.5254943e-04
9.9087399e-01   -7.0091640e-04
9.9365300e-01   -2.1725253e-03
9.9593401e-01   -2.8315324e-03
9.9771100e-01   -3.5403641e-03
9.9898201e-01   -4.8055919e-03
9.9974501e-01   -4.7116172e-03
1.0000000e+00   -4.8916666e-03
