1.0000000e+00   2.8496652e-03
9.9974501e-01   3.2047878e-03
9.9898201e-01   4.2528268e-03
9.9771100e-01   5.7535162e-03
9.9593300e-01   8.1902891e-03
9.9365300e-01   1.0846149e-02
9.9087399e-01   1.4429834e-02
9.8759800e-01   1.8558268e-02
9.8382998e-01   2.3374982e-02
9.7957498e-01   2.8730754e-02
9.7483599e-01   3.4354698e-02
9.6961600e-01   4.0715843e-02
9.6392000e-01   4.7286276e-02
9.5775098e-01   5.4204185e-02
9.5111603e-01   6.1461158e-02
9.4401902e-01   6.9095068e-02
9.3646699e-01   7.6952964e-02
9.2846799e-01   8.5416377e-02
9.2003101e-01   9.3621410e-02
9.1116500e-01   1.0243671e-01
9.0187901e-01   1.1128771e-01
8.9218301e-01   1.2057098e-01
8.8208699e-01   1.3006008e-01
8.7160099e-01   1.3967182e-01
8.6073500e-01   1.4921471e-01
8.4950101e-01   1.5906325e-01
8.3791000e-01   1.6919792e-01
8.2597399e-01   1.7932039e-01
8.1370401e-01   1.8980071e-01
8.0111301e-01   2.0001380e-01
7.8821403e-01   2.1059586e-01
7.7501899e-01   2.2109845e-01
7.6154101e-01   2.3123913e-01
7.4779499e-01   2.4174628e-01
7.3379201e-01   2.5186589e-01
7.1954799e-01   2.6250866e-01
7.0507699e-01   2.7234164e-01
6.9039202e-01   2.8229398e-01
6.7550898e-01   2.9225591e-01
6.6044199e-01   3.0144510e-01
6.4520597e-01   3.1066281e-01
6.2981701e-01   3.1990382e-01
6.1429000e-01   3.2849160e-01
5.9864002e-01   3.3678055e-01
5.8288401e-01   3.4479693e-01
5.6703597e-01   3.5292611e-01
5.5111301e-01   3.6015010e-01
5.3513098e-01   3.6683270e-01
5.1910597e-01   3.7336272e-01
5.0305402e-01   3.7910894e-01
4.8699099e-01   3.8438645e-01
4.7093400e-01   3.8919702e-01
4.5489800e-01   3.9342695e-01
4.3889999e-01   3.9700347e-01
4.2295599e-01   4.0011051e-01
4.0708300e-01   4.0218067e-01
3.9129499e-01   4.0353474e-01
3.7560999e-01   4.0407625e-01
3.6004400e-01   4.0420368e-01
3.4461200e-01   4.0327424e-01
3.2933000e-01   4.0171209e-01
3.1421301e-01   3.9887872e-01
2.9927900e-01   3.9550227e-01
2.8454101e-01   3.9125693e-01
2.7001500e-01   3.8626659e-01
2.5571701e-01   3.8046160e-01
2.4166100e-01   3.7376270e-01
2.2786200e-01   3.6573979e-01
2.1433599e-01   3.5670885e-01
2.0109500e-01   3.4707570e-01
1.8815500e-01   3.3695921e-01
1.7553000e-01   3.2591942e-01
1.6323400e-01   3.1408250e-01
1.5128000e-01   3.0119002e-01
1.3968100e-01   2.8832760e-01
1.2845200e-01   2.7444741e-01
1.1760600e-01   2.6029184e-01
1.0715500e-01   2.4577324e-01
9.7112998e-02   2.3085174e-01
8.7493002e-02   2.1602333e-01
7.8305997e-02   2.0074943e-01
6.9565997e-02   1.8557425e-01
6.1285000e-02   1.7038231e-01
5.3474002e-02   1.5550983e-01
4.6149999e-02   1.4067283e-01
3.9326001e-02   1.2618954e-01
3.3013999e-02   1.1186317e-01
2.7230000e-02   9.8133340e-02
2.1980001e-02   8.4732212e-02
1.7277000e-02   7.1876898e-02
1.3141000e-02   5.9566587e-02
9.5729996e-03   4.8104033e-02
6.5830001e-03   3.7763618e-02
4.1880002e-03   2.8524954e-02
2.3540000e-03   2.0522757e-02
1.0810000e-03   1.3766671e-02
3.7100000e-04   8.6189909e-03
7.6999997e-05   4.7970703e-03
4.9999999e-06   2.4746843e-03
0.0000000e+00   1.6906103e-03
4.9999999e-06   8.3856640e-04
7.6999997e-05   -1.2159216e-03
3.7100000e-04   -4.8085786e-03
1.0810000e-03   -9.4867265e-03
2.3530000e-03   -1.5197130e-02
4.1880002e-03   -2.1451579e-02
6.5850001e-03   -2.7579026e-02
9.5760003e-03   -3.3129975e-02
1.3145000e-02   -3.8012851e-02
1.7281000e-02   -4.2206381e-02
2.1983000e-02   -4.5937680e-02
2.7232001e-02   -4.8873279e-02
3.3016000e-02   -5.1600646e-02
3.9328001e-02   -5.3686101e-02
4.6151999e-02   -5.5568028e-02
5.3475998e-02   -5.6856908e-02
6.1287001e-02   -5.7904586e-02
6.9568001e-02   -5.8252908e-02
7.8308001e-02   -5.8180742e-02
8.7494999e-02   -5.7852000e-02
9.7115003e-02   -5.7331976e-02
1.0715700e-01   -5.6154925e-02
1.1760800e-01   -5.4582097e-02
1.2845400e-01   -5.2579783e-02
1.3968299e-01   -5.0613437e-02
1.5128200e-01   -4.8013221e-02
1.6323499e-01   -4.4426985e-02
1.7553200e-01   -4.1079890e-02
1.8815701e-01   -3.7194461e-02
2.0109700e-01   -3.3001237e-02
2.1433701e-01   -2.8152181e-02
2.2786400e-01   -2.3642063e-02
2.4166299e-01   -1.8385205e-02
2.5571901e-01   -1.2553278e-02
2.7001700e-01   -6.7626624e-03
2.8454199e-01   -1.0908986e-03
2.9927999e-01   5.3267349e-03
3.1421500e-01   1.1498958e-02
3.2933101e-01   1.8089429e-02
3.4461299e-01   2.4445901e-02
3.6004499e-01   3.0867372e-02
3.7561101e-01   3.7367906e-02
3.9129600e-01   4.3713588e-02
4.0708300e-01   5.0126288e-02
4.2295700e-01   5.6294132e-02
4.3890101e-01   6.2266588e-02
4.5489901e-01   6.8017617e-02
4.7093499e-01   7.3353663e-02
4.8699200e-01   7.8879267e-02
5.0305498e-01   8.3693027e-02
5.1910698e-01   8.8498272e-02
5.3513199e-01   9.2674755e-02
5.5111402e-01   9.6987814e-02
5.6703597e-01   1.0084802e-01
5.8288401e-01   1.0368631e-01
5.9864002e-01   1.0692065e-01
6.1429000e-01   1.0909101e-01
6.2981701e-01   1.1124446e-01
6.4520597e-01   1.1291872e-01
6.6044199e-01   1.1381195e-01
6.7550898e-01   1.1458354e-01
6.9039297e-01   1.1482514e-01
7.0507699e-01   1.1443293e-01
7.1954900e-01   1.1350644e-01
7.3379302e-01   1.1251051e-01
7.4779499e-01   1.1100844e-01
7.6154202e-01   1.0906769e-01
7.7501899e-01   1.0630118e-01
7.8821403e-01   1.0390253e-01
8.0111301e-01   1.0117398e-01
8.1370401e-01   9.7880147e-02
8.2597297e-01   9.4220385e-02
8.3791000e-01   9.0257488e-02
8.4950101e-01   8.6434826e-02
8.6073500e-01   8.1942439e-02
8.7160099e-01   7.7579103e-02
8.8208801e-01   7.3392160e-02
8.9218402e-01   6.8579435e-02
9.0188003e-01   6.3933805e-02
9.1116500e-01   5.9118714e-02
9.2003101e-01   5.4369316e-02
9.2846799e-01   4.9598735e-02
9.3646699e-01   4.4750500e-02
9.4401902e-01   3.9761074e-02
9.5111603e-01   3.5121571e-02
9.5775098e-01   3.0600479e-02
9.6392000e-01   2.5947567e-02
9.6961600e-01   2.1471022e-02
9.7483599e-01   1.7355669e-02
9.7957498e-01   1.3539000e-02
9.8383099e-01   1.0041576e-02
9.8759800e-01   6.8086875e-03
9.9087399e-01   3.9984216e-03
9.9365300e-01   1.5912814e-03
9.9593401e-01   -4.3778724e-04
9.9771100e-01   -1.9610091e-03
9.9898201e-01   -3.0077149e-03
9.9974501e-01   -3.6474895e-03
1.0000000e+00   -3.9106342e-03
