1.0000000e+00   -9.9443037e-05
9.9974501e-01   4.3942450e-04
9.9898201e-01   1.7746007e-03
9.9771100e-01   3.7794178e-03
9.9593300e-01   6.3060396e-03
9.9365300e-01   9.5539633e-03
9.9087399e-01   1.3372591e-02
9.8759800e-01   1.7527126e-02
9.8382998e-01   2.2364035e-02
9.7957498e-01   2.7689112e-02
9.7483599e-01   3.3913851e-02
9.6961600e-01   4.0173728e-02
9.6392000e-01   4.6976060e-02
9.5775098e-01   5.4083928e-02
9.5111603e-01   6.1763048e-02
9.4401902e-01   6.9775544e-02
9.3646699e-01   7.8030929e-02
9.2846799e-01   8.6742252e-02
9.2003101e-01   9.5846497e-02
9.1116500e-01   1.0525303e-01
9.0187901e-01   1.1503436e-01
8.9218301e-01   1.2470842e-01
8.8208699e-01   1.3475211e-01
8.7160099e-01   1.4519143e-01
8.6073500e-01   1.5600517e-01
8.4950101e-01   1.6701679e-01
8.3791000e-01   1.7858554e-01
8.2597399e-01   1.9006810e-01
8.1370401e-01   2.0178488e-01
8.0111301e-01   2.1354137e-01
7.8821403e-01   2.2526337e-01
7.7501899e-01   2.3691854e-01
7.6154101e-01   2.4860747e-01
7.4779499e-01   2.6026112e-01
7.3379201e-01   2.7191663e-01
7.1954799e-01   2.8366369e-01
7.0507699e-01   2.9487324e-01
6.9039202e-01   3.0584562e-01
6.7550898e-01   3.1732693e-01
6.6044199e-01   3.2876182e-01
6.4520597e-01   3.3974111e-01
6.2981701e-01   3.5013312e-01
6.1429000e-01   3.6013696e-01
5.9864002e-01   3.7039730e-01
5.8288401e-01   3.8038117e-01
5.6703597e-01   3.8944581e-01
5.5111301e-01   3.9831245e-01
5.3513098e-01   4.0654328e-01
5.1910597e-01   4.1519022e-01
5.0305402e-01   4.2293015e-01
4.8699099e-01   4.3009079e-01
4.7093400e-01   4.3633661e-01
4.5489800e-01   4.4226873e-01
4.3889999e-01   4.4747379e-01
4.2295599e-01   4.5132619e-01
4.0708300e-01   4.5503679e-01
3.9129499e-01   4.5731375e-01
3.7560999e-01   4.5902377e-01
3.6004400e-01   4.5967832e-01
3.4461200e-01   4.5951572e-01
3.2933000e-01   4.5845899e-01
3.1421301e-01   4.5643529e-01
2.9927900e-01   4.5315859e-01
2.8454101e-01   4.4934723e-01
2.7001500e-01   4.4443443e-01
2.5571701e-01   4.3844271e-01
2.4166100e-01   4.3150836e-01
2.2786200e-01   4.2379612e-01
2.1433599e-01   4.1516206e-01
2.0109500e-01   4.0519911e-01
1.8815500e-01   3.9413917e-01
1.7553000e-01   3.8250399e-01
1.6323400e-01   3.6986357e-01
1.5128000e-01   3.5621384e-01
1.3968100e-01   3.4207121e-01
1.2845200e-01   3.2732248e-01
1.1760600e-01   3.1169090e-01
1.0715500e-01   2.9547915e-01
9.7112998e-02   2.7944458e-01
8.7493002e-02   2.6268634e-01
7.8305997e-02   2.4540515e-01
6.9565997e-02   2.2788440e-01
6.1285000e-02   2.1032105e-01
5.3474002e-02   1.9208428e-01
4.6149999e-02   1.7413451e-01
3.9326001e-02   1.5642698e-01
3.3013999e-02   1.3869902e-01
2.7230000e-02   1.2161911e-01
2.1980001e-02   1.0478396e-01
1.7277000e-02   8.9077756e-02
1.3141000e-02   7.3730968e-02
9.5729996e-03   5.9183590e-02
6.5830001e-03   4.5835029e-02
4.1880002e-03   3.4169365e-02
2.3540000e-03   2.3932446e-02
1.0810000e-03   1.5587933e-02
3.7100000e-04   8.8908067e-03
7.6999997e-05   4.0332088e-03
4.9999999e-06   1.0022476e-03
0.0000000e+00   5.2974647e-06
4.9999999e-06   -8.8401616e-04
7.6999997e-05   -3.8369033e-03
3.7100000e-04   -7.7869878e-03
1.0810000e-03   -1.2974073e-02
2.3530000e-03   -1.8591456e-02
4.1880002e-03   -2.4488948e-02
6.5850001e-03   -2.9245444e-02
9.5760003e-03   -3.3083435e-02
1.3145000e-02   -3.5923064e-02
1.7281000e-02   -3.6734272e-02
2.1983000e-02   -3.6548123e-02
2.7232001e-02   -3.5870668e-02
3.3016000e-02   -3.4053788e-02
3.9328001e-02   -3.1687129e-02
4.6151999e-02   -2.8580260e-02
5.3475998e-02   -2.4679085e-02
6.1287001e-02   -1.9840214e-02
6.9568001e-02   -1.4401174e-02
7.8308001e-02   -8.6157797e-03
8.7494999e-02   -1.4064005e-03
9.7115003e-02   6.1502052e-03
1.0715700e-01   1.3869380e-02
1.1760800e-01   2.2282079e-02
1.2845400e-01   3.1154465e-02
1.3968299e-01   4.0605973e-02
1.5128200e-01   5.0901394e-02
1.6323499e-01   6.1526489e-02
1.7553200e-01   7.2398737e-02
1.8815701e-01   8.2856499e-02
2.0109700e-01   9.3235381e-02
2.1433701e-01   1.0351373e-01
2.2786400e-01   1.1289001e-01
2.4166299e-01   1.2168924e-01
2.5571901e-01   1.3013718e-01
2.7001700e-01   1.3774718e-01
2.8454199e-01   1.4498508e-01
2.9927999e-01   1.5168820e-01
3.1421500e-01   1.5737511e-01
3.2933101e-01   1.6209954e-01
3.4461299e-01   1.6664173e-01
3.6004499e-01   1.7055917e-01
3.7561101e-01   1.7375070e-01
3.9129600e-01   1.7639256e-01
4.0708300e-01   1.7831410e-01
4.2295700e-01   1.7957479e-01
4.3890101e-01   1.8031307e-01
4.5489901e-01   1.8053177e-01
4.7093499e-01   1.8043032e-01
4.8699200e-01   1.7968024e-01
5.0305498e-01   1.7842034e-01
5.1910698e-01   1.7627312e-01
5.3513199e-01   1.7362778e-01
5.5111402e-01   1.7146170e-01
5.6703597e-01   1.6804874e-01
5.8288401e-01   1.6564541e-01
5.9864002e-01   1.6201799e-01
6.1429000e-01   1.5838349e-01
6.2981701e-01   1.5413295e-01
6.4520597e-01   1.5038623e-01
6.6044199e-01   1.4520478e-01
6.7550898e-01   1.4054745e-01
6.9039297e-01   1.3553071e-01
7.0507699e-01   1.3071132e-01
7.1954900e-01   1.2499116e-01
7.3379302e-01   1.1962543e-01
7.4779499e-01   1.1424496e-01
7.6154202e-01   1.0859732e-01
7.7501899e-01   1.0253887e-01
7.8821403e-01   9.6502475e-02
8.0111301e-01   9.0898581e-02
8.1370401e-01   8.5252129e-02
8.2597297e-01   7.9535976e-02
8.3791000e-01   7.4434862e-02
8.4950101e-01   6.9234550e-02
8.6073500e-01   6.4006180e-02
8.7160099e-01   5.8349855e-02
8.8208801e-01   5.3357046e-02
8.9218402e-01   4.8347302e-02
9.0188003e-01   4.3427859e-02
9.1116500e-01   3.8905904e-02
9.2003101e-01   3.4694936e-02
9.2846799e-01   3.0724166e-02
9.3646699e-01   2.7474066e-02
9.4401902e-01   2.3995118e-02
9.5111603e-01   2.0880789e-02
9.5775098e-01   1.7927643e-02
9.6392000e-01   1.5251438e-02
9.6961600e-01   1.2472074e-02
9.7483599e-01   1.0156189e-02
9.7957498e-01   7.9217441e-03
9.8383099e-01   6.0231239e-03
9.8759800e-01   4.3741567e-03
9.9087399e-01   3.1410749e-03
9.9365300e-01   2.0891388e-03
9.9593401e-01   1.2510277e-03
9.9771100e-01   7.1615918e-04
9.9898201e-01   4.1827900e-04
9.9974501e-01   3.9847582e-06
1.0000000e+00   4.8256145e-05
