1.0000000e+00   -5.1024364e-04
9.9974501e-01   4.2370215e-04
9.9898201e-01   1.5646603e-03
9.9771100e-01   3.2260928e-03
9.9593300e-01   6.0191462e-03
9.9365300e-01   8.9130066e-03
9.9087399e-01   1.3574639e-02
9.8759800e-01   1.8124003e-02
9.8382998e-01   2.4183210e-02
9.7957498e-01   3.1010201e-02
9.7483599e-01   3.6930464e-02
9.6961600e-01   4.4339217e-02
9.6392000e-01   5.2081663e-02
9.5775098e-01   6.0996689e-02
9.5111603e-01   7.0185445e-02
9.4401902e-01   7.9428598e-02
9.3646699e-01   9.0040289e-02
9.2846799e-01   1.0084792e-01
9.2003101e-01   1.1114653e-01
9.1116500e-01   1.2256584e-01
9.0187901e-01   1.3408478e-01
8.9218301e-01   1.4665402e-01
8.8208699e-01   1.5871280e-01
8.7160099e-01   1.7206749e-01
8.6073500e-01   1.8399826e-01
8.4950101e-01   1.9779564e-01
8.3791000e-01   2.1141921e-01
8.2597399e-01   2.2503802e-01
8.1370401e-01   2.3911442e-01
8.0111301e-01   2.5334385e-01
7.8821403e-01   2.6792511e-01
7.7501899e-01   2.8211707e-01
7.6154101e-01   2.9598767e-01
7.4779499e-01   3.1060496e-01
7.3379201e-01   3.2445768e-01
7.1954799e-01   3.3923417e-01
7.0507699e-01   3.5246986e-01
6.9039202e-01   3.6626354e-01
6.7550898e-01   3.8005841e-01
6.6044199e-01   3.9293110e-01
6.4520597e-01   4.0521657e-01
6.2981701e-01   4.1815221e-01
6.1429000e-01   4.2989302e-01
5.9864002e-01   4.4130144e-01
5.8288401e-01   4.5175800e-01
5.6703597e-01   4.6301973e-01
5.5111301e-01   4.7179404e-01
5.3513098e-01   4.8079395e-01
5.1910597e-01   4.8911512e-01
5.0305402e-01   4.9572617e-01
4.8699099e-01   5.0186765e-01
4.7093400e-01   5.0767142e-01
4.5489800e-01   5.1152945e-01
4.3889999e-01   5.1523066e-01
4.2295599e-01   5.1704907e-01
4.0708300e-01   5.1821053e-01
3.9129499e-01   5.1819980e-01
3.7560999e-01   5.1650470e-01
3.6004400e-01   5.1420414e-01
3.4461200e-01   5.1110679e-01
3.2933000e-01   5.0624090e-01
3.1421301e-01   5.0107712e-01
2.9927900e-01   4.9529189e-01
2.8454101e-01   4.8797551e-01
2.7001500e-01   4.7972560e-01
2.5571701e-01   4.7012037e-01
2.4166100e-01   4.6037468e-01
2.2786200e-01   4.4863755e-01
2.1433599e-01   4.3540850e-01
2.0109500e-01   4.2210984e-01
1.8815500e-01   4.0821373e-01
1.7553000e-01   3.9370963e-01
1.6323400e-01   3.7822923e-01
1.5128000e-01   3.6088446e-01
1.3968100e-01   3.4493560e-01
1.2845200e-01   3.2648733e-01
1.1760600e-01   3.0854189e-01
1.0715500e-01   2.9042423e-01
9.7112998e-02   2.7243748e-01
8.7493002e-02   2.5418416e-01
7.8305997e-02   2.3509456e-01
6.9565997e-02   2.1701513e-01
6.1285000e-02   1.9827875e-01
5.3474002e-02   1.8032490e-01
4.6149999e-02   1.6271624e-01
3.9326001e-02   1.4518577e-01
3.3013999e-02   1.2775783e-01
2.7230000e-02   1.1164989e-01
2.1980001e-02   9.6070036e-02
1.7277000e-02   8.1401169e-02
1.3141000e-02   6.7721061e-02
9.5729996e-03   5.4912735e-02
6.5830001e-03   4.3369826e-02
4.1880002e-03   3.3168875e-02
2.3540000e-03   2.4573442e-02
1.0810000e-03   1.6830252e-02
3.7100000e-04   1.1316988e-02
7.6999997e-05   7.0833694e-03
4.9999999e-06   5.1998971e-03
0.0000000e+00   4.2861449e-03
4.9999999e-06   3.6923001e-03
7.6999997e-05   1.2695373e-03
3.7100000e-04   -2.7147799e-03
1.0810000e-03   -8.0204569e-03
2.3530000e-03   -1.4931653e-02
4.1880002e-03   -2.3661088e-02
6.5850001e-03   -3.2112483e-02
9.5760003e-03   -4.0533591e-02
1.3145000e-02   -4.8337594e-02
1.7281000e-02   -5.5016924e-02
2.1983000e-02   -6.0799785e-02
2.7232001e-02   -6.5248929e-02
3.3016000e-02   -6.9592170e-02
3.9328001e-02   -7.3228195e-02
4.6151999e-02   -7.5176828e-02
5.3475998e-02   -7.6946080e-02
6.1287001e-02   -7.8335501e-02
6.9568001e-02   -7.7196434e-02
7.8308001e-02   -7.6734066e-02
8.7494999e-02   -7.6008290e-02
9.7115003e-02   -7.4942693e-02
1.0715700e-01   -7.3404960e-02
1.1760800e-01   -7.0885859e-02
1.2845400e-01   -6.9116019e-02
1.3968299e-01   -6.6052131e-02
1.5128200e-01   -6.2960111e-02
1.6323499e-01   -5.7435673e-02
1.7553200e-01   -5.4001108e-02
1.8815701e-01   -4.9485564e-02
2.0109700e-01   -4.3126162e-02
2.1433701e-01   -3.6925487e-02
2.2786400e-01   -3.1302057e-02
2.4166299e-01   -2.5081871e-02
2.5571901e-01   -1.7202409e-02
2.7001700e-01   -9.7468542e-03
2.8454199e-01   -2.9015683e-03
2.9927999e-01   6.1376439e-03
3.1421500e-01   1.3240614e-02
3.2933101e-01   2.1305615e-02
3.4461299e-01   2.9301895e-02
3.6004499e-01   3.8341828e-02
3.7561101e-01   4.5327295e-02
3.9129600e-01   5.4387834e-02
4.0708300e-01   6.1669640e-02
4.2295700e-01   6.9926150e-02
4.3890101e-01   7.7662639e-02
4.5489901e-01   8.5221186e-02
4.7093499e-01   9.2191026e-02
4.8699200e-01   1.0011428e-01
5.0305498e-01   1.0675786e-01
5.1910698e-01   1.1294084e-01
5.3513199e-01   1.1838549e-01
5.5111402e-01   1.2472818e-01
5.6703597e-01   1.3035692e-01
5.8288401e-01   1.3429800e-01
5.9864002e-01   1.3845299e-01
6.1429000e-01   1.4200163e-01
6.2981701e-01   1.4413087e-01
6.4520597e-01   1.4638691e-01
6.6044199e-01   1.4890990e-01
6.7550898e-01   1.5007935e-01
6.9039297e-01   1.5007654e-01
7.0507699e-01   1.5010402e-01
7.1954900e-01   1.4880106e-01
7.3379302e-01   1.4815474e-01
7.4779499e-01   1.4556377e-01
7.6154202e-01   1.4355999e-01
7.7501899e-01   1.3937031e-01
7.8821403e-01   1.3617218e-01
8.0111301e-01   1.3270196e-01
8.1370401e-01   1.2813900e-01
8.2597297e-01   1.2312746e-01
8.3791000e-01   1.1725730e-01
8.4950101e-01   1.1212189e-01
8.6073500e-01   1.0575162e-01
8.7160099e-01   9.9446125e-02
8.8208801e-01   9.4457366e-02
8.9218402e-01   8.8081002e-02
9.0188003e-01   8.2222342e-02
9.1116500e-01   7.6536641e-02
9.2003101e-01   7.0600048e-02
9.2846799e-01   6.5117970e-02
9.3646699e-01   5.9253488e-02
9.4401902e-01   5.3024981e-02
9.5111603e-01   4.7303490e-02
9.5775098e-01   4.2381957e-02
9.6392000e-01   3.5943422e-02
9.6961600e-01   3.0539002e-02
9.7483599e-01   2.5026863e-02
9.7957498e-01   2.0774812e-02
9.8383099e-01   1.6209150e-02
9.8759800e-01   1.2327452e-02
9.9087399e-01   8.7346481e-03
9.9365300e-01   5.8540059e-03
9.9593401e-01   3.0251346e-03
9.9771100e-01   1.0803568e-03
9.9898201e-01   -5.0843222e-04
9.9974501e-01   -1.3789742e-03
1.0000000e+00   -1.7802210e-03
