1.0000000e+00   -3.2846915e-06
9.9974501e-01   5.9153809e-04
9.9898201e-01   2.0105357e-03
9.9771100e-01   4.2235553e-03
9.9593300e-01   7.1735876e-03
9.9365300e-01   1.0797285e-02
9.9087399e-01   1.4810681e-02
9.8759800e-01   1.9480845e-02
9.8382998e-01   2.4785958e-02
9.7957498e-01   3.0762099e-02
9.7483599e-01   3.7298579e-02
9.6961600e-01   4.4251211e-02
9.6392000e-01   5.1773857e-02
9.5775098e-01   5.9646025e-02
9.5111603e-01   6.8193898e-02
9.4401902e-01   7.7126928e-02
9.3646699e-01   8.6478710e-02
9.2846799e-01   9.6532904e-02
9.2003101e-01   1.0671569e-01
9.1116500e-01   1.1744479e-01
9.0187901e-01   1.2869492e-01
8.9218301e-01   1.3984901e-01
8.8208699e-01   1.5136839e-01
8.7160099e-01   1.6334587e-01
8.6073500e-01   1.7573130e-01
8.4950101e-01   1.8826731e-01
8.3791000e-01   2.0113958e-01
8.2597399e-01   2.1425836e-01
8.1370401e-01   2.2757736e-01
8.0111301e-01   2.4109915e-01
7.8821403e-01   2.5459257e-01
7.7501899e-01   2.6844084e-01
7.6154101e-01   2.8215316e-01
7.4779499e-01   2.9591203e-01
7.3379201e-01   3.0949199e-01
7.1954799e-01   3.2348302e-01
7.0507699e-01   3.3701995e-01
6.9039202e-01   3.5055214e-01
6.7550898e-01   3.6407298e-01
6.6044199e-01   3.7754154e-01
6.4520597e-01   3.9043236e-01
6.2981701e-01   4.0297982e-01
6.1429000e-01   4.1516382e-01
5.9864002e-01   4.2727438e-01
5.8288401e-01   4.3906131e-01
5.6703597e-01   4.4996241e-01
5.5111301e-01   4.6041098e-01
5.3513098e-01   4.7038823e-01
5.1910597e-01   4.7992161e-01
5.0305402e-01   4.8874551e-01
4.8699099e-01   4.9674013e-01
4.7093400e-01   5.0396013e-01
4.5489800e-01   5.1000100e-01
4.3889999e-01   5.1513839e-01
4.2295599e-01   5.1941454e-01
4.0708300e-01   5.2276951e-01
3.9129499e-01   5.2499098e-01
3.7560999e-01   5.2652973e-01
3.6004400e-01   5.2652019e-01
3.4461200e-01   5.2598572e-01
3.2933000e-01   5.2440017e-01
3.1421301e-01   5.2147222e-01
2.9927900e-01   5.1734596e-01
2.8454101e-01   5.1235902e-01
2.7001500e-01   5.0595504e-01
2.5571701e-01   4.9869162e-01
2.4166100e-01   4.9033862e-01
2.2786200e-01   4.8122513e-01
2.1433599e-01   4.7079358e-01
2.0109500e-01   4.5882776e-01
1.8815500e-01   4.4611859e-01
1.7553000e-01   4.3222708e-01
1.6323400e-01   4.1731292e-01
1.5128000e-01   4.0136498e-01
1.3968100e-01   3.8445610e-01
1.2845200e-01   3.6687464e-01
1.1760600e-01   3.4849501e-01
1.0715500e-01   3.2936513e-01
9.7112998e-02   3.1034470e-01
8.7493002e-02   2.9058293e-01
7.8305997e-02   2.7036208e-01
6.9565997e-02   2.4980134e-01
6.1285000e-02   2.2936977e-01
5.3474002e-02   2.0883998e-01
4.6149999e-02   1.8859129e-01
3.9326001e-02   1.6863599e-01
3.3013999e-02   1.4915355e-01
2.7230000e-02   1.3027510e-01
2.1980001e-02   1.1185928e-01
1.7277000e-02   9.4602197e-02
1.3141000e-02   7.7945001e-02
9.5729996e-03   6.2380843e-02
6.5830001e-03   4.8246320e-02
4.1880002e-03   3.5823058e-02
2.3540000e-03   2.5034254e-02
1.0810000e-03   1.6235571e-02
3.7100000e-04   9.1222469e-03
7.6999997e-05   4.0967911e-03
4.9999999e-06   1.0058029e-03
0.0000000e+00   6.8343309e-07
4.9999999e-06   -8.8527804e-04
7.6999997e-05   -3.8838680e-03
3.7100000e-04   -8.3038043e-03
1.0810000e-03   -1.4611770e-02
2.3530000e-03   -2.2096293e-02
4.1880002e-03   -3.0683810e-02
6.5850001e-03   -3.9070882e-02
9.5760003e-03   -4.7156766e-02
1.3145000e-02   -5.4785594e-02
1.7281000e-02   -6.1227363e-02
2.1983000e-02   -6.6466279e-02
2.7232001e-02   -7.1229331e-02
3.3016000e-02   -7.5096548e-02
3.9328001e-02   -7.8228347e-02
4.6151999e-02   -8.1288464e-02
5.3475998e-02   -8.3610810e-02
6.1287001e-02   -8.5204460e-02
6.9568001e-02   -8.6446211e-02
7.8308001e-02   -8.7151527e-02
8.7494999e-02   -8.7497815e-02
9.7115003e-02   -8.7245256e-02
1.0715700e-01   -8.6998411e-02
1.1760800e-01   -8.6124942e-02
1.2845400e-01   -8.5029818e-02
1.3968299e-01   -8.3403289e-02
1.5128200e-01   -8.1345662e-02
1.6323499e-01   -7.8980058e-02
1.7553200e-01   -7.6456010e-02
1.8815701e-01   -7.3700212e-02
2.0109700e-01   -7.0671283e-02
2.1433701e-01   -6.7426831e-02
2.2786400e-01   -6.4830147e-02
2.4166299e-01   -6.1823331e-02
2.5571901e-01   -5.8399983e-02
2.7001700e-01   -5.5554576e-02
2.8454199e-01   -5.1941577e-02
2.9927999e-01   -4.8500780e-02
3.1421500e-01   -4.5233000e-02
3.2933101e-01   -4.2126440e-02
3.4461299e-01   -3.8736295e-02
3.6004499e-01   -3.4980323e-02
3.7561101e-01   -3.1519298e-02
3.9129600e-01   -2.8022520e-02
4.0708300e-01   -2.4476549e-02
4.2295700e-01   -2.1181611e-02
4.3890101e-01   -1.8295720e-02
4.5489901e-01   -1.5208107e-02
4.7093499e-01   -1.2194506e-02
4.8699200e-01   -9.3886927e-03
5.0305498e-01   -6.9212182e-03
5.1910698e-01   -4.6201912e-03
5.3513199e-01   -2.7282767e-03
5.5111402e-01   -2.6457012e-04
5.6703597e-01   1.5037868e-03
5.8288401e-01   3.9885729e-03
5.9864002e-01   5.8187484e-03
6.1429000e-01   7.5225229e-03
6.2981701e-01   8.9329043e-03
6.4520597e-01   1.0269698e-02
6.6044199e-01   1.1103002e-02
6.7550898e-01   1.2237828e-02
6.9039297e-01   1.2828082e-02
7.0507699e-01   1.3925296e-02
7.1954900e-01   1.4143783e-02
7.3379302e-01   1.4848892e-02
7.4779499e-01   1.5165031e-02
7.6154202e-01   1.5506272e-02
7.7501899e-01   1.5442068e-02
7.8821403e-01   1.5106065e-02
8.0111301e-01   1.5003889e-02
8.1370401e-01   1.4729902e-02
8.2597297e-01   1.4089472e-02
8.3791000e-01   1.4173116e-02
8.4950101e-01   1.3786934e-02
8.6073500e-01   1.3256855e-02
8.7160099e-01   1.2361994e-02
8.8208801e-01   1.1726734e-02
8.9218402e-01   1.0949692e-02
9.0188003e-01   1.0063027e-02
9.1116500e-01   9.3606468e-03
9.2003101e-01   8.4714340e-03
9.2846799e-01   7.5499723e-03
9.3646699e-01   6.8583484e-03
9.4401902e-01   5.9988699e-03
9.5111603e-01   5.3420742e-03
9.5775098e-01   4.6078907e-03
9.6392000e-01   3.8897470e-03
9.6961600e-01   3.0178248e-03
9.7483599e-01   2.3953756e-03
9.7957498e-01   1.8322584e-03
9.8383099e-01   1.2996674e-03
9.8759800e-01   8.5025933e-04
9.9087399e-01   4.9086037e-04
9.9365300e-01   8.3916821e-05
9.9593401e-01   -3.7074788e-06
9.9771100e-01   1.2318720e-05
9.9898201e-01   7.9335645e-05
9.9974501e-01   -9.7095159e-05
1.0000000e+00   3.9527542e-05
