1.0000000e+00   6.2281149e-03
9.9974501e-01   6.5730861e-03
9.9898201e-01   7.4420203e-03
9.9771100e-01   8.5481135e-03
9.9593300e-01   1.0061926e-02
9.9365300e-01   1.2328341e-02
9.9087399e-01   1.5127882e-02
9.8759800e-01   1.8099882e-02
9.8382998e-01   2.1833895e-02
9.7957498e-01   2.5812320e-02
9.7483599e-01   3.0579116e-02
9.6961600e-01   3.5652723e-02
9.6392000e-01   4.0921789e-02
9.5775098e-01   4.6834540e-02
9.5111603e-01   5.3262774e-02
9.4401902e-01   6.0596451e-02
9.3646699e-01   6.7876063e-02
9.2846799e-01   7.5910091e-02
9.2003101e-01   8.3771981e-02
9.1116500e-01   9.2034921e-02
9.0187901e-01   1.0072377e-01
8.9218301e-01   1.0998956e-01
8.8208699e-01   1.1922486e-01
8.7160099e-01   1.2886921e-01
8.6073500e-01   1.3887402e-01
8.4950101e-01   1.4924181e-01
8.3791000e-01   1.5912716e-01
8.2597399e-01   1.7054442e-01
8.1370401e-01   1.8072522e-01
8.0111301e-01   1.9181892e-01
7.8821403e-01   2.0307265e-01
7.7501899e-01   2.1445048e-01
7.6154101e-01   2.2615519e-01
7.4779499e-01   2.3697765e-01
7.3379201e-01   2.4883085e-01
7.1954799e-01   2.6004803e-01
7.0507699e-01   2.7076480e-01
6.9039202e-01   2.8247613e-01
6.7550898e-01   2.9331163e-01
6.6044199e-01   3.0445933e-01
6.4520597e-01   3.1515446e-01
6.2981701e-01   3.2559770e-01
6.1429000e-01   3.3552557e-01
5.9864002e-01   3.4551656e-01
5.8288401e-01   3.5494947e-01
5.6703597e-01   3.6418784e-01
5.5111301e-01   3.7246165e-01
5.3513098e-01   3.8026816e-01
5.1910597e-01   3.8713914e-01
5.0305402e-01   3.9396092e-01
4.8699099e-01   3.9970464e-01
4.7093400e-01   4.0537602e-01
4.5489800e-01   4.0911108e-01
4.3889999e-01   4.1368631e-01
4.2295599e-01   4.1605544e-01
4.0708300e-01   4.1893494e-01
3.9129499e-01   4.2014959e-01
3.7560999e-01   4.2105079e-01
3.6004400e-01   4.2118153e-01
3.4461200e-01   4.1998431e-01
3.2933000e-01   4.1838425e-01
3.1421301e-01   4.1597345e-01
2.9927900e-01   4.1251212e-01
2.8454101e-01   4.0861383e-01
2.7001500e-01   4.0362784e-01
2.5571701e-01   3.9739427e-01
2.4166100e-01   3.9057937e-01
2.2786200e-01   3.8292426e-01
2.1433599e-01   3.7458849e-01
2.0109500e-01   3.6502945e-01
1.8815500e-01   3.5428298e-01
1.7553000e-01   3.4286681e-01
1.6323400e-01   3.3148360e-01
1.5128000e-01   3.1870750e-01
1.3968100e-01   3.0532548e-01
1.2845200e-01   2.9152685e-01
1.1760600e-01   2.7698287e-01
1.0715500e-01   2.6230359e-01
9.7112998e-02   2.4645464e-01
8.7493002e-02   2.3081465e-01
7.8305997e-02   2.1457228e-01
6.9565997e-02   1.9798827e-01
6.1285000e-02   1.8171696e-01
5.3474002e-02   1.6524374e-01
4.6149999e-02   1.4907178e-01
3.9326001e-02   1.3296777e-01
3.3013999e-02   1.1775105e-01
2.7230000e-02   1.0221677e-01
2.1980001e-02   8.7657854e-02
1.7277000e-02   7.3482461e-02
1.3141000e-02   6.0494762e-02
9.5729996e-03   4.8486799e-02
6.5830001e-03   3.7391011e-02
4.1880002e-03   2.7795138e-02
2.3540000e-03   1.9589311e-02
1.0810000e-03   1.2661924e-02
3.7100000e-04   7.1336529e-03
7.6999997e-05   3.3960412e-03
4.9999999e-06   1.2442055e-03
0.0000000e+00   1.8096063e-04
4.9999999e-06   -4.7896660e-04
7.6999997e-05   -2.6705065e-03
3.7100000e-04   -6.4050094e-03
1.0810000e-03   -1.1517567e-02
2.3530000e-03   -1.7888326e-02
4.1880002e-03   -2.5432115e-02
6.5850001e-03   -3.3911407e-02
9.5760003e-03   -4.2816538e-02
1.3145000e-02   -5.2240644e-02
1.7281000e-02   -6.1734200e-02
2.1983000e-02   -7.1044512e-02
2.7232001e-02   -7.9847246e-02
3.3016000e-02   -8.7828696e-02
3.9328001e-02   -9.6039094e-02
4.6151999e-02   -1.0291347e-01
5.3475998e-02   -1.1022045e-01
6.1287001e-02   -1.1696718e-01
6.9568001e-02   -1.2256072e-01
7.8308001e-02   -1.2885596e-01
8.7494999e-02   -1.3409546e-01
9.7115003e-02   -1.3883217e-01
1.0715700e-01   -1.4326441e-01
1.1760800e-01   -1.4782305e-01
1.2845400e-01   -1.5118520e-01
1.3968299e-01   -1.5400700e-01
1.5128200e-01   -1.5740436e-01
1.6323499e-01   -1.5933540e-01
1.7553200e-01   -1.6132981e-01
1.8815701e-01   -1.6322720e-01
2.0109700e-01   -1.6465558e-01
2.1433701e-01   -1.6547962e-01
2.2786400e-01   -1.6625200e-01
2.4166299e-01   -1.6638842e-01
2.5571901e-01   -1.6640835e-01
2.7001700e-01   -1.6639748e-01
2.8454199e-01   -1.6653275e-01
2.9927999e-01   -1.6526859e-01
3.1421500e-01   -1.6498822e-01
3.2933101e-01   -1.6397426e-01
3.4461299e-01   -1.6260289e-01
3.6004499e-01   -1.6199362e-01
3.7561101e-01   -1.6067620e-01
3.9129600e-01   -1.5889135e-01
4.0708300e-01   -1.5687622e-01
4.2295700e-01   -1.5548366e-01
4.3890101e-01   -1.5283018e-01
4.5489901e-01   -1.5115219e-01
4.7093499e-01   -1.4870527e-01
4.8699200e-01   -1.4656219e-01
5.0305498e-01   -1.4388010e-01
5.1910698e-01   -1.4062580e-01
5.3513199e-01   -1.3785037e-01
5.5111402e-01   -1.3474087e-01
5.6703597e-01   -1.3213229e-01
5.8288401e-01   -1.2841886e-01
5.9864002e-01   -1.2492960e-01
6.1429000e-01   -1.2204556e-01
6.2981701e-01   -1.1791599e-01
6.4520597e-01   -1.1486173e-01
6.6044199e-01   -1.1082524e-01
6.7550898e-01   -1.0727163e-01
6.9039297e-01   -1.0333458e-01
7.0507699e-01   -9.9139653e-02
7.1954900e-01   -9.5880561e-02
7.3379302e-01   -9.1711529e-02
7.4779499e-01   -8.7285496e-02
7.6154202e-01   -8.3470985e-02
7.7501899e-01   -7.9281472e-02
7.8821403e-01   -7.5241670e-02
8.0111301e-01   -7.1506567e-02
8.1370401e-01   -6.7221634e-02
8.2597297e-01   -6.3509420e-02
8.3791000e-01   -5.9486873e-02
8.4950101e-01   -5.5835053e-02
8.6073500e-01   -5.2014224e-02
8.7160099e-01   -4.8021931e-02
8.8208801e-01   -4.5280930e-02
8.9218402e-01   -4.1983049e-02
9.0188003e-01   -3.8746025e-02
9.1116500e-01   -3.5797197e-02
9.2003101e-01   -3.2513577e-02
9.2846799e-01   -2.9766660e-02
9.3646699e-01   -2.7435202e-02
9.4401902e-01   -2.4684792e-02
9.5111603e-01   -2.2502931e-02
9.5775098e-01   -2.0146204e-02
9.6392000e-01   -1.8403050e-02
9.6961600e-01   -1.6432073e-02
9.7483599e-01   -1.5012384e-02
9.7957498e-01   -1.3185078e-02
9.8383099e-01   -1.1689356e-02
9.8759800e-01   -1.0483633e-02
9.9087399e-01   -9.3236202e-03
9.9365300e-01   -8.4572285e-03
9.9593401e-01   -7.6429667e-03
9.9771100e-01   -7.1100006e-03
9.9898201e-01   -6.6672182e-03
9.9974501e-01   -6.1129835e-03
1.0000000e+00   -5.9131552e-03
