1.0000000e+00   6.5024071e-03
9.9974501e-01   6.9951373e-03
9.9898201e-01   8.4601296e-03
9.9771100e-01   1.0798731e-02
9.9593300e-01   1.3885695e-02
9.9365300e-01   1.7793290e-02
9.9087399e-01   2.2552259e-02
9.8759800e-01   2.8075520e-02
9.8382998e-01   3.4297325e-02
9.7957498e-01   4.1214690e-02
9.7483599e-01   4.8815262e-02
9.6961600e-01   5.7067852e-02
9.6392000e-01   6.5968357e-02
9.5775098e-01   7.5538144e-02
9.5111603e-01   8.5744932e-02
9.4401902e-01   9.6524432e-02
9.3646699e-01   1.0782623e-01
9.2846799e-01   1.1961623e-01
9.2003101e-01   1.3188134e-01
9.1116500e-01   1.4460218e-01
9.0187901e-01   1.5778829e-01
8.9218301e-01   1.7139398e-01
8.8208699e-01   1.8536246e-01
8.7160099e-01   1.9966753e-01
8.6073500e-01   2.1426193e-01
8.4950101e-01   2.2909121e-01
8.3791000e-01   2.4417752e-01
8.2597399e-01   2.5948673e-01
8.1370401e-01   2.7493158e-01
8.0111301e-01   2.9051316e-01
7.8821403e-01   3.0621886e-01
7.7501899e-01   3.2205838e-01
7.6154101e-01   3.3801532e-01
7.4779499e-01   3.5402933e-01
7.3379201e-01   3.7007493e-01
7.1954799e-01   3.8610321e-01
7.0507699e-01   4.0207672e-01
6.9039202e-01   4.1798463e-01
6.7550898e-01   4.3379116e-01
6.6044199e-01   4.4942698e-01
6.4520597e-01   4.6487230e-01
6.2981701e-01   4.8010343e-01
6.1429000e-01   4.9506268e-01
5.9864002e-01   5.0974172e-01
5.8288401e-01   5.2411008e-01
5.6703597e-01   5.3810471e-01
5.5111301e-01   5.5167973e-01
5.3513098e-01   5.6478703e-01
5.1910597e-01   5.7740557e-01
5.0305402e-01   5.8949602e-01
4.8699099e-01   6.0097027e-01
4.7093400e-01   6.1176038e-01
4.5489800e-01   6.2177098e-01
4.3889999e-01   6.3078177e-01
4.2295599e-01   6.3848484e-01
4.0708300e-01   6.4464408e-01
3.9129499e-01   6.4914376e-01
3.7560999e-01   6.5198958e-01
3.6004400e-01   6.5326977e-01
3.4461200e-01   6.5293682e-01
3.2933000e-01   6.5092045e-01
3.1421301e-01   6.4726257e-01
2.9927900e-01   6.4201379e-01
2.8454101e-01   6.3519818e-01
2.7001500e-01   6.2676543e-01
2.5571701e-01   6.1672759e-01
2.4166100e-01   6.0522664e-01
2.2786200e-01   5.9227705e-01
2.1433599e-01   5.7776082e-01
2.0109500e-01   5.6185764e-01
1.8815500e-01   5.4466230e-01
1.7553000e-01   5.2617621e-01
1.6323400e-01   5.0649697e-01
1.5128000e-01   4.8572266e-01
1.3968100e-01   4.6395835e-01
1.2845200e-01   4.4132498e-01
1.1760600e-01   4.1789445e-01
1.0715500e-01   3.9376879e-01
9.7112998e-02   3.6911643e-01
8.7493002e-02   3.4401867e-01
7.8305997e-02   3.1858161e-01
6.9565997e-02   2.9291210e-01
6.1285000e-02   2.6704496e-01
5.3474002e-02   2.4109510e-01
4.6149999e-02   2.1534970e-01
3.9326001e-02   1.9022198e-01
3.3013999e-02   1.6611297e-01
2.7230000e-02   1.4347208e-01
2.1980001e-02   1.2254446e-01
1.7277000e-02   1.0266946e-01
1.3141000e-02   8.3758004e-02
9.5729996e-03   6.6362508e-02
6.5830001e-03   5.0920032e-02
4.1880002e-03   3.7590090e-02
2.3540000e-03   2.6418904e-02
1.0810000e-03   1.7284280e-02
3.7100000e-04   1.0161287e-02
7.6999997e-05   5.0448747e-03
4.9999999e-06   1.9577595e-03
0.0000000e+00   9.2782889e-04
4.9999999e-06   -3.5054516e-05
7.6999997e-05   -2.8704570e-03
3.7100000e-04   -7.4248784e-03
1.0810000e-03   -1.3520817e-02
2.3530000e-03   -2.0830821e-02
4.1880002e-03   -2.9059067e-02
6.5850001e-03   -3.8074885e-02
9.5760003e-03   -4.8380774e-02
1.3145000e-02   -6.0013130e-02
1.7281000e-02   -7.0749834e-02
2.1983000e-02   -7.9979606e-02
2.7232001e-02   -8.8052474e-02
3.3016000e-02   -9.5320627e-02
3.9328001e-02   -1.0206690e-01
4.6151999e-02   -1.0830916e-01
5.3475998e-02   -1.1394174e-01
6.1287001e-02   -1.1884517e-01
6.9568001e-02   -1.2314148e-01
7.8308001e-02   -1.2700346e-01
8.7494999e-02   -1.3048364e-01
9.7115003e-02   -1.3350210e-01
1.0715700e-01   -1.3606535e-01
1.1760800e-01   -1.3820846e-01
1.2845400e-01   -1.3991031e-01
1.3968299e-01   -1.4115047e-01
1.5128200e-01   -1.4192776e-01
1.6323499e-01   -1.4231913e-01
1.7553200e-01   -1.4238799e-01
1.8815701e-01   -1.4212865e-01
2.0109700e-01   -1.4158884e-01
2.1433701e-01   -1.4079604e-01
2.2786400e-01   -1.3965130e-01
2.4166299e-01   -1.3815174e-01
2.5571901e-01   -1.3633783e-01
2.7001700e-01   -1.3424000e-01
2.8454199e-01   -1.3189198e-01
2.9927999e-01   -1.2933570e-01
3.1421500e-01   -1.2663342e-01
3.2933101e-01   -1.2380566e-01
3.4461299e-01   -1.2085731e-01
3.6004499e-01   -1.1778001e-01
3.7561101e-01   -1.1460121e-01
3.9129600e-01   -1.1137054e-01
4.0708300e-01   -1.0810152e-01
4.2295700e-01   -1.0478951e-01
4.3890101e-01   -1.0146984e-01
4.5489901e-01   -9.8173678e-02
4.7093499e-01   -9.4888948e-02
4.8699200e-01   -9.1594376e-02
5.0305498e-01   -8.8322125e-02
5.1910698e-01   -8.5060135e-02
5.3513199e-01   -8.1795692e-02
5.5111402e-01   -7.8494884e-02
5.6703597e-01   -7.5140879e-02
5.8288401e-01   -7.1739875e-02
5.9864002e-01   -6.8304896e-02
6.1429000e-01   -6.4851590e-02
6.2981701e-01   -6.1408952e-02
6.4520597e-01   -5.7975072e-02
6.6044199e-01   -5.4550208e-02
6.7550898e-01   -5.1137831e-02
6.9039297e-01   -4.7797516e-02
7.0507699e-01   -4.4579938e-02
7.1954900e-01   -4.1482218e-02
7.3379302e-01   -3.8464118e-02
7.4779499e-01   -3.5550166e-02
7.6154202e-01   -3.2771502e-02
7.7501899e-01   -3.0195145e-02
7.8821403e-01   -2.7787318e-02
8.0111301e-01   -2.5548980e-02
8.1370401e-01   -2.3432365e-02
8.2597297e-01   -2.1388099e-02
8.3791000e-01   -1.9409528e-02
8.4950101e-01   -1.7520905e-02
8.6073500e-01   -1.5777849e-02
8.7160099e-01   -1.4231561e-02
8.8208801e-01   -1.2901383e-02
8.9218402e-01   -1.1797457e-02
9.0188003e-01   -1.0933463e-02
9.1116500e-01   -1.0287175e-02
9.2003101e-01   -9.7813699e-03
9.2846799e-01   -9.3348362e-03
9.3646699e-01   -8.8910889e-03
9.4401902e-01   -8.4533561e-03
9.5111603e-01   -8.0318814e-03
9.5775098e-01   -7.6170620e-03
9.6392000e-01   -7.1806763e-03
9.6961600e-01   -6.6646282e-03
9.7483599e-01   -6.0672946e-03
9.7957498e-01   -5.4801172e-03
9.8383099e-01   -4.9549374e-03
9.8759800e-01   -4.4357786e-03
9.9087399e-01   -3.9471854e-03
9.9365300e-01   -3.5975140e-03
9.9593401e-01   -3.4362362e-03
9.9771100e-01   -3.4352127e-03
9.9898201e-01   -3.4737764e-03
9.9974501e-01   -3.5001046e-03
1.0000000e+00   -3.5116025e-03
