1.0000000e+00   -2.9649514e-06
9.9974501e-01   4.6323132e-04
9.9898201e-01   1.6280720e-03
9.9771100e-01   3.4681233e-03
9.9593300e-01   5.8073327e-03
9.9365300e-01   8.7560229e-03
9.9087399e-01   1.2161063e-02
9.8759800e-01   1.6092211e-02
9.8382998e-01   2.0512648e-02
9.7957498e-01   2.5467159e-02
9.7483599e-01   3.0932134e-02
9.6961600e-01   3.6697991e-02
9.6392000e-01   4.2930998e-02
9.5775098e-01   4.9468733e-02
9.5111603e-01   5.6568664e-02
9.4401902e-01   6.3976802e-02
9.3646699e-01   7.1821094e-02
9.2846799e-01   8.0193788e-02
9.2003101e-01   8.8696301e-02
9.1116500e-01   9.7623132e-02
9.0187901e-01   1.0696070e-01
8.9218301e-01   1.1628226e-01
8.8208699e-01   1.2595189e-01
8.7160099e-01   1.3606644e-01
8.6073500e-01   1.4649993e-01
8.4950101e-01   1.5709865e-01
8.3791000e-01   1.6805196e-01
8.2597399e-01   1.7914902e-01
8.1370401e-01   1.9050755e-01
8.0111301e-01   2.0196643e-01
7.8821403e-01   2.1346541e-01
7.7501899e-01   2.2520477e-01
7.6154101e-01   2.3687170e-01
7.4779499e-01   2.4858163e-01
7.3379201e-01   2.6008755e-01
7.1954799e-01   2.7199474e-01
7.0507699e-01   2.8349456e-01
6.9039202e-01   2.9500714e-01
6.7550898e-01   3.0653170e-01
6.6044199e-01   3.1795257e-01
6.4520597e-01   3.2904357e-01
6.2981701e-01   3.3994147e-01
6.1429000e-01   3.5048050e-01
5.9864002e-01   3.6088973e-01
5.8288401e-01   3.7108633e-01
5.6703597e-01   3.8044995e-01
5.5111301e-01   3.8946941e-01
5.3513098e-01   3.9807370e-01
5.1910597e-01   4.0630257e-01
5.0305402e-01   4.1389945e-01
4.8699099e-01   4.2089787e-01
4.7093400e-01   4.2715323e-01
4.5489800e-01   4.3253732e-01
4.3889999e-01   4.3718800e-01
4.2295599e-01   4.4107878e-01
4.0708300e-01   4.4411501e-01
3.9129499e-01   4.4626272e-01
3.7560999e-01   4.4780147e-01
3.6004400e-01   4.4816127e-01
3.4461200e-01   4.4811264e-01
3.2933000e-01   4.4712996e-01
3.1421301e-01   4.4495898e-01
2.9927900e-01   4.4192991e-01
2.8454101e-01   4.3821549e-01
2.7001500e-01   4.3334264e-01
2.5571701e-01   4.2770281e-01
2.4166100e-01   4.2115235e-01
2.2786200e-01   4.1403559e-01
2.1433599e-01   4.0571675e-01
2.0109500e-01   3.9613944e-01
1.8815500e-01   3.8585496e-01
1.7553000e-01   3.7458742e-01
1.6323400e-01   3.6254308e-01
1.5128000e-01   3.4960461e-01
1.3968100e-01   3.3589160e-01
1.2845200e-01   3.2160664e-01
1.1760600e-01   3.0659765e-01
1.0715500e-01   2.9086384e-01
9.7112998e-02   2.7519849e-01
8.7493002e-02   2.5882545e-01
7.8305997e-02   2.4196671e-01
6.9565997e-02   2.2475328e-01
6.1285000e-02   2.0751117e-01
5.3474002e-02   1.9005163e-01
4.6149999e-02   1.7275327e-01
3.9326001e-02   1.5550756e-01
3.3013999e-02   1.3854878e-01
2.7230000e-02   1.2192371e-01
2.1980001e-02   1.0558269e-01
1.7277000e-02   8.9983255e-02
1.3141000e-02   7.4758641e-02
9.5729996e-03   6.0314205e-02
6.5830001e-03   4.6948869e-02
4.1880002e-03   3.5043120e-02
2.3540000e-03   2.4552062e-02
1.0810000e-03   1.5941886e-02
3.7100000e-04   8.9509897e-03
7.6999997e-05   4.0189931e-03
4.9999999e-06   9.8850066e-04
0.0000000e+00   4.5075751e-07
4.9999999e-06   -9.0259901e-04
7.6999997e-05   -3.8540373e-03
3.7100000e-04   -8.3012413e-03
1.0810000e-03   -1.4529677e-02
2.3530000e-03   -2.1901891e-02
4.1880002e-03   -3.0282138e-02
6.5850001e-03   -3.8351558e-02
9.5760003e-03   -4.6040084e-02
1.3145000e-02   -5.3114899e-02
1.7281000e-02   -5.9146259e-02
2.1983000e-02   -6.4118087e-02
2.7232001e-02   -6.8784200e-02
3.3016000e-02   -7.2708257e-02
3.9328001e-02   -7.5946823e-02
4.6151999e-02   -7.9213709e-02
5.3475998e-02   -8.1744000e-02
6.1287001e-02   -8.3684430e-02
6.9568001e-02   -8.5251719e-02
7.8308001e-02   -8.6398326e-02
8.7494999e-02   -8.7240577e-02
9.7115003e-02   -8.7547697e-02
1.0715700e-01   -8.7879047e-02
1.1760800e-01   -8.7697528e-02
1.2845400e-01   -8.7395594e-02
1.3968299e-01   -8.6604021e-02
1.5128200e-01   -8.5470073e-02
1.6323499e-01   -8.4116481e-02
1.7553200e-01   -8.2635984e-02
1.8815701e-01   -8.0931574e-02
2.0109700e-01   -7.8909248e-02
2.1433701e-01   -7.6692961e-02
2.2786400e-01   -7.4988484e-02
2.4166299e-01   -7.2958261e-02
2.5571901e-01   -7.0452660e-02
2.7001700e-01   -6.8442106e-02
2.8454199e-01   -6.5777242e-02
2.9927999e-01   -6.3187107e-02
3.1421500e-01   -6.0675163e-02
3.2933101e-01   -5.8293406e-02
3.4461299e-01   -5.5602431e-02
3.6004499e-01   -5.2702595e-02
3.7561101e-01   -5.0004210e-02
3.9129600e-01   -4.7284167e-02
4.0708300e-01   -4.4527087e-02
4.2295700e-01   -4.1908260e-02
4.3890101e-01   -3.9675932e-02
4.5489901e-01   -3.7205115e-02
4.7093499e-01   -3.4772128e-02
4.8699200e-01   -3.2531254e-02
5.0305498e-01   -3.0443881e-02
5.1910698e-01   -2.8472314e-02
5.3513199e-01   -2.6894270e-02
5.5111402e-01   -2.4903474e-02
5.6703597e-01   -2.3317527e-02
5.8288401e-01   -2.1177620e-02
5.9864002e-01   -1.9421352e-02
6.1429000e-01   -1.7705170e-02
6.2981701e-01   -1.6223319e-02
6.4520597e-01   -1.4629207e-02
6.6044199e-01   -1.3483802e-02
6.7550898e-01   -1.2083452e-02
6.9039297e-01   -1.0924370e-02
7.0507699e-01   -9.5262742e-03
7.1954900e-01   -8.6943293e-03
7.3379302e-01   -7.6496899e-03
7.4779499e-01   -6.8052774e-03
7.6154202e-01   -5.9588854e-03
7.7501899e-01   -5.4273298e-03
7.8821403e-01   -5.0408412e-03
8.0111301e-01   -4.4379015e-03
8.1370401e-01   -3.8693578e-03
8.2597297e-01   -3.5718752e-03
8.3791000e-01   -2.7269262e-03
8.4950101e-01   -2.2795664e-03
8.6073500e-01   -1.9164863e-03
8.7160099e-01   -1.8550043e-03
8.8208801e-01   -1.5750664e-03
8.9218402e-01   -1.4712074e-03
9.0188003e-01   -1.4258893e-03
9.1116500e-01   -1.2277452e-03
9.2003101e-01   -1.2105614e-03
9.2846799e-01   -1.2551204e-03
9.3646699e-01   -1.1068904e-03
9.4401902e-01   -1.0977541e-03
9.5111603e-01   -9.6519542e-04
9.5775098e-01   -9.9608779e-04
9.6392000e-01   -9.6656958e-04
9.6961600e-01   -1.0447932e-03
9.7483599e-01   -9.5601840e-04
9.7957498e-01   -8.7399501e-04
9.8383099e-01   -8.3842484e-04
9.8759800e-01   -7.5796689e-04
9.9087399e-01   -5.8364967e-04
9.9365300e-01   -5.4204237e-04
9.9593401e-01   -3.9431799e-04
9.9771100e-01   -1.8227834e-04
9.9898201e-01   -2.0911975e-06
9.9974501e-01   -9.7600467e-05
1.0000000e+00   2.9197376e-05
