1.0000000e+00   5.6915144e-03
9.9974501e-01   6.0815993e-03
9.9898201e-01   6.7893006e-03
9.9771100e-01   7.8678438e-03
9.9593300e-01   9.0571512e-03
9.9365300e-01   1.1256899e-02
9.9087399e-01   1.3671627e-02
9.8759800e-01   1.6291294e-02
9.8382998e-01   1.9569777e-02
9.7957498e-01   2.2722688e-02
9.7483599e-01   2.6764266e-02
9.6961600e-01   3.0778063e-02
9.6392000e-01   3.5128050e-02
9.5775098e-01   3.9967678e-02
9.5111603e-01   4.4928156e-02
9.4401902e-01   5.0415386e-02
9.3646699e-01   5.6214593e-02
9.2846799e-01   6.2151968e-02
9.2003101e-01   6.8006657e-02
9.1116500e-01   7.4253567e-02
9.0187901e-01   8.0787726e-02
8.9218301e-01   8.7740943e-02
8.8208699e-01   9.4934285e-02
8.7160099e-01   1.0188187e-01
8.6073500e-01   1.0964679e-01
8.4950101e-01   1.1801887e-01
8.3791000e-01   1.2530053e-01
8.2597399e-01   1.3413928e-01
8.1370401e-01   1.4180580e-01
8.0111301e-01   1.5068837e-01
7.8821403e-01   1.5912688e-01
7.7501899e-01   1.6826920e-01
7.6154101e-01   1.7690526e-01
7.4779499e-01   1.8554865e-01
7.3379201e-01   1.9467317e-01
7.1954799e-01   2.0318766e-01
7.0507699e-01   2.1117572e-01
6.9039202e-01   2.2044365e-01
6.7550898e-01   2.2852077e-01
6.6044199e-01   2.3689748e-01
6.4520597e-01   2.4524984e-01
6.2981701e-01   2.5319704e-01
6.1429000e-01   2.6054424e-01
5.9864002e-01   2.6819992e-01
5.8288401e-01   2.7546522e-01
5.6703597e-01   2.8227547e-01
5.5111301e-01   2.8867480e-01
5.3513098e-01   2.9444852e-01
5.1910597e-01   2.9977280e-01
5.0305402e-01   3.0487803e-01
4.8699099e-01   3.0939493e-01
4.7093400e-01   3.1465781e-01
4.5489800e-01   3.1762940e-01
4.3889999e-01   3.2082963e-01
4.2295599e-01   3.2338640e-01
4.0708300e-01   3.2541785e-01
3.9129499e-01   3.2718739e-01
3.7560999e-01   3.2890990e-01
3.6004400e-01   3.2873821e-01
3.4461200e-01   3.2860225e-01
3.2933000e-01   3.2801488e-01
3.1421301e-01   3.2701978e-01
2.9927900e-01   3.2456383e-01
2.8454101e-01   3.2226571e-01
2.7001500e-01   3.1876510e-01
2.5571701e-01   3.1513900e-01
2.4166100e-01   3.1027791e-01
2.2786200e-01   3.0510724e-01
2.1433599e-01   2.9932240e-01
2.0109500e-01   2.9249901e-01
1.8815500e-01   2.8555360e-01
1.7553000e-01   2.7714005e-01
1.6323400e-01   2.6876396e-01
1.5128000e-01   2.5962275e-01
1.3968100e-01   2.4967240e-01
1.2845200e-01   2.3967791e-01
1.1760600e-01   2.2853209e-01
1.0715500e-01   2.1733424e-01
9.7112998e-02   2.0511562e-01
8.7493002e-02   1.9331522e-01
7.8305997e-02   1.8081237e-01
6.9565997e-02   1.6775253e-01
6.1285000e-02   1.5480621e-01
5.3474002e-02   1.4148828e-01
4.6149999e-02   1.2843803e-01
3.9326001e-02   1.1560853e-01
3.3013999e-02   1.0307870e-01
2.7230000e-02   9.0330884e-02
2.1980001e-02   7.8273386e-02
1.7277000e-02   6.6409707e-02
1.3141000e-02   5.5126138e-02
9.5729996e-03   4.4661935e-02
6.5830001e-03   3.4666471e-02
4.1880002e-03   2.5885094e-02
2.3540000e-03   1.8126531e-02
1.0810000e-03   1.1653983e-02
3.7100000e-04   6.4283712e-03
7.6999997e-05   2.7193686e-03
4.9999999e-06   6.1594154e-04
0.0000000e+00   -3.1414954e-04
4.9999999e-06   -1.0130688e-03
7.6999997e-05   -3.1099396e-03
3.7100000e-04   -6.5496196e-03
1.0810000e-03   -1.1002638e-02
2.3530000e-03   -1.6228061e-02
4.1880002e-03   -2.2063278e-02
6.5850001e-03   -2.7613103e-02
9.5760003e-03   -3.2407995e-02
1.3145000e-02   -3.6251966e-02
1.7281000e-02   -3.8245354e-02
2.1983000e-02   -3.9622005e-02
2.7232001e-02   -4.0192280e-02
3.3016000e-02   -3.9998617e-02
3.9328001e-02   -4.0067676e-02
4.6151999e-02   -3.9090227e-02
5.3475998e-02   -3.7867371e-02
6.1287001e-02   -3.6680989e-02
6.9568001e-02   -3.4245051e-02
7.8308001e-02   -3.2295417e-02
8.7494999e-02   -2.9702978e-02
9.7115003e-02   -2.6978692e-02
1.0715700e-01   -2.3918390e-02
1.1760800e-01   -2.1270396e-02
1.2845400e-01   -1.8148411e-02
1.3968299e-01   -1.4648403e-02
1.5128200e-01   -1.1892261e-02
1.6323499e-01   -8.7629212e-03
1.7553200e-01   -5.4346235e-03
1.8815701e-01   -2.1398258e-03
2.0109700e-01   1.3881577e-03
2.1433701e-01   4.1277846e-03
2.2786400e-01   7.3533705e-03
2.4166299e-01   1.0601560e-02
2.5571901e-01   1.3516311e-02
2.7001700e-01   1.6075686e-02
2.8454199e-01   1.7725406e-02
2.9927999e-01   2.1009769e-02
3.1421500e-01   2.2851504e-02
3.2933101e-01   2.4407165e-02
3.4461299e-01   2.6448317e-02
3.6004499e-01   2.7540706e-02
3.7561101e-01   2.8512519e-02
3.9129600e-01   2.9623548e-02
4.0708300e-01   3.1002307e-02
4.2295700e-01   3.1513914e-02
4.3890101e-01   3.2324508e-02
4.5489901e-01   3.2573108e-02
4.7093499e-01   3.2671671e-02
4.8699200e-01   3.3069454e-02
5.0305498e-01   3.2748125e-02
5.1910698e-01   3.2794468e-02
5.3513199e-01   3.2951042e-02
5.5111402e-01   3.2119829e-02
5.6703597e-01   3.1387463e-02
5.8288401e-01   3.1421054e-02
5.9864002e-01   3.0596266e-02
6.1429000e-01   2.9559135e-02
6.2981701e-01   2.9310238e-02
6.4520597e-01   2.7814331e-02
6.6044199e-01   2.6900729e-02
6.7550898e-01   2.6051344e-02
6.9039297e-01   2.4858132e-02
7.0507699e-01   2.4229407e-02
7.1954900e-01   2.2670370e-02
7.3379302e-01   2.1744285e-02
7.4779499e-01   2.1220548e-02
7.6154202e-01   1.9935042e-02
7.7501899e-01   1.8798495e-02
7.8821403e-01   1.7535424e-02
8.0111301e-01   1.6283760e-02
8.1370401e-01   1.5545742e-02
8.2597297e-01   1.4192064e-02
8.3791000e-01   1.2998084e-02
8.4950101e-01   1.1680879e-02
8.6073500e-01   1.0666657e-02
8.7160099e-01   9.6424138e-03
8.8208801e-01   7.8515541e-03
8.9218402e-01   7.0295404e-03
9.0188003e-01   5.9187822e-03
9.1116500e-01   4.7255391e-03
9.2003101e-01   3.7449107e-03
9.2846799e-01   3.1422256e-03
9.3646699e-01   1.9022408e-03
9.4401902e-01   1.3131911e-03
9.5111603e-01   5.1447557e-04
9.5775098e-01   -7.4221054e-05
9.6392000e-01   -6.9318933e-04
9.6961600e-01   -1.2749569e-03
9.7483599e-01   -1.8230163e-03
9.7957498e-01   -1.9396151e-03
9.8383099e-01   -2.2946734e-03
9.8759800e-01   -2.5055604e-03
9.9087399e-01   -2.7676001e-03
9.9365300e-01   -2.8433024e-03
9.9593401e-01   -2.9869813e-03
9.9771100e-01   -3.1751436e-03
9.9898201e-01   -3.1250806e-03
9.9974501e-01   -2.9656235e-03
1.0000000e+00   -2.8834182e-03
