1.0000000e+00   3.0358853e-03
9.9974501e-01   3.2171749e-03
9.9898201e-01   3.5514235e-03
9.9771100e-01   4.1990555e-03
9.9593300e-01   5.0469851e-03
9.9365300e-01   6.3957307e-03
9.9087399e-01   8.0665248e-03
9.8759800e-01   9.9798171e-03
9.8382998e-01   1.2139939e-02
9.7957498e-01   1.4413415e-02
9.7483599e-01   1.7163044e-02
9.6961600e-01   1.9975059e-02
9.6392000e-01   2.3065092e-02
9.5775098e-01   2.6678838e-02
9.5111603e-01   3.0363519e-02
9.4401902e-01   3.4049619e-02
9.3646699e-01   3.8254518e-02
9.2846799e-01   4.2419974e-02
9.2003101e-01   4.6668202e-02
9.1116500e-01   5.1175304e-02
9.0187901e-01   5.5777617e-02
8.9218301e-01   6.0702879e-02
8.8208699e-01   6.5762497e-02
8.7160099e-01   7.1024068e-02
8.6073500e-01   7.6396257e-02
8.4950101e-01   8.2216293e-02
8.3791000e-01   8.7739937e-02
8.2597399e-01   9.3194470e-02
8.1370401e-01   9.9048086e-02
8.0111301e-01   1.0544143e-01
7.8821403e-01   1.1118748e-01
7.7501899e-01   1.1761255e-01
7.6154101e-01   1.2369962e-01
7.4779499e-01   1.3002554e-01
7.3379201e-01   1.3643186e-01
7.1954799e-01   1.4276300e-01
7.0507699e-01   1.4897771e-01
6.9039202e-01   1.5538496e-01
6.7550898e-01   1.6179843e-01
6.6044199e-01   1.6849434e-01
6.4520597e-01   1.7446969e-01
6.2981701e-01   1.8057436e-01
6.1429000e-01   1.8691424e-01
5.9864002e-01   1.9285308e-01
5.8288401e-01   1.9859919e-01
5.6703597e-01   2.0429243e-01
5.5111301e-01   2.0947422e-01
5.3513098e-01   2.1490145e-01
5.1910597e-01   2.1982507e-01
5.0305402e-01   2.2460204e-01
4.8699099e-01   2.2933686e-01
4.7093400e-01   2.3355363e-01
4.5489800e-01   2.3710981e-01
4.3889999e-01   2.4098428e-01
4.2295599e-01   2.4423265e-01
4.0708300e-01   2.4665858e-01
3.9129499e-01   2.4943818e-01
3.7560999e-01   2.5108856e-01
3.6004400e-01   2.5281823e-01
3.4461200e-01   2.5385112e-01
3.2933000e-01   2.5466865e-01
3.1421301e-01   2.5482705e-01
2.9927900e-01   2.5478503e-01
2.8454101e-01   2.5385922e-01
2.7001500e-01   2.5256640e-01
2.5571701e-01   2.5052413e-01
2.4166100e-01   2.4865416e-01
2.2786200e-01   2.4533877e-01
2.1433599e-01   2.4174555e-01
2.0109500e-01   2.3760599e-01
1.8815500e-01   2.3307085e-01
1.7553000e-01   2.2747755e-01
1.6323400e-01   2.2162527e-01
1.5128000e-01   2.1479964e-01
1.3968100e-01   2.0796278e-01
1.2845200e-01   1.9990978e-01
1.1760600e-01   1.9161764e-01
1.0715500e-01   1.8300726e-01
9.7112998e-02   1.7422570e-01
8.7493002e-02   1.6494596e-01
7.8305997e-02   1.5510228e-01
6.9565997e-02   1.4505920e-01
6.1285000e-02   1.3473383e-01
5.3474002e-02   1.2429809e-01
4.6149999e-02   1.1376420e-01
3.9326001e-02   1.0334762e-01
3.3013999e-02   9.3030058e-02
2.7230000e-02   8.2529977e-02
2.1980001e-02   7.2295472e-02
1.7277000e-02   6.2172081e-02
1.3141000e-02   5.2417815e-02
9.5729996e-03   4.2990390e-02
6.5830001e-03   3.4194104e-02
4.1880002e-03   2.6083816e-02
2.3540000e-03   1.8853256e-02
1.0810000e-03   1.2660529e-02
3.7100000e-04   7.5847753e-03
7.6999997e-05   3.9133416e-03
4.9999999e-06   1.7107835e-03
0.0000000e+00   9.2911621e-04
4.9999999e-06   2.9449584e-04
7.6999997e-05   -1.8304789e-03
3.7100000e-04   -4.9633542e-03
1.0810000e-03   -8.9122048e-03
2.3530000e-03   -1.3185149e-02
4.1880002e-03   -1.7306566e-02
6.5850001e-03   -2.1116819e-02
9.5760003e-03   -2.3933508e-02
1.3145000e-02   -2.5739223e-02
1.7281000e-02   -2.6050676e-02
2.1983000e-02   -2.5384514e-02
2.7232001e-02   -2.4657065e-02
3.3016000e-02   -2.3616094e-02
3.9328001e-02   -2.2161709e-02
4.6151999e-02   -2.0310730e-02
5.3475998e-02   -1.8463442e-02
6.1287001e-02   -1.6081344e-02
6.9568001e-02   -1.3440038e-02
7.8308001e-02   -1.0872476e-02
8.7494999e-02   -7.9011759e-03
9.7115003e-02   -4.9121208e-03
1.0715700e-01   -1.8670611e-03
1.1760800e-01   8.4005279e-04
1.2845400e-01   3.5043438e-03
1.3968299e-01   6.3113105e-03
1.5128200e-01   8.9695733e-03
1.6323499e-01   1.1646281e-02
1.7553200e-01   1.4007486e-02
1.8815701e-01   1.6320977e-02
2.0109700e-01   1.8872494e-02
2.1433701e-01   2.1265691e-02
2.2786400e-01   2.3257121e-02
2.4166299e-01   2.5096465e-02
2.5571901e-01   2.6551897e-02
2.7001700e-01   2.8384732e-02
2.8454199e-01   2.9303942e-02
2.9927999e-01   3.1003982e-02
3.1421500e-01   3.1956196e-02
3.2933101e-01   3.2646757e-02
3.4461299e-01   3.3418402e-02
3.6004499e-01   3.4187034e-02
3.7561101e-01   3.4375627e-02
3.9129600e-01   3.5044998e-02
4.0708300e-01   3.4796238e-02
4.2295700e-01   3.4904003e-02
4.3890101e-01   3.4438666e-02
4.5489901e-01   3.3982702e-02
4.7093499e-01   3.3440135e-02
4.8699200e-01   3.2856397e-02
5.0305498e-01   3.2386679e-02
5.1910698e-01   3.1362295e-02
5.3513199e-01   3.1112736e-02
5.5111402e-01   3.0484723e-02
5.6703597e-01   2.9515482e-02
5.8288401e-01   2.8685823e-02
5.9864002e-01   2.7406726e-02
6.1429000e-01   2.6532572e-02
6.2981701e-01   2.5299588e-02
6.4520597e-01   2.4182949e-02
6.6044199e-01   2.3411645e-02
6.7550898e-01   2.2290761e-02
6.9039297e-01   2.0915207e-02
7.0507699e-01   1.9798035e-02
7.1954900e-01   1.8552141e-02
7.3379302e-01   1.7826863e-02
7.4779499e-01   1.6244682e-02
7.6154202e-01   1.5252775e-02
7.7501899e-01   1.4305724e-02
7.8821403e-01   1.3300175e-02
8.0111301e-01   1.2121144e-02
8.1370401e-01   1.0874668e-02
8.2597297e-01   9.9397916e-03
8.3791000e-01   9.1050100e-03
8.4950101e-01   7.9909926e-03
8.6073500e-01   6.9299461e-03
8.7160099e-01   6.2166238e-03
8.8208801e-01   5.1040552e-03
8.9218402e-01   4.1241040e-03
9.0188003e-01   3.4181240e-03
9.1116500e-01   2.6094911e-03
9.2003101e-01   1.8171620e-03
9.2846799e-01   1.1887382e-03
9.3646699e-01   3.5789559e-04
9.4401902e-01   2.7321279e-05
9.5111603e-01   -5.7756569e-04
9.5775098e-01   -9.5774553e-04
9.6392000e-01   -1.2251396e-03
9.6961600e-01   -1.6228164e-03
9.7483599e-01   -1.8017485e-03
9.7957498e-01   -1.9506196e-03
9.8383099e-01   -2.1596197e-03
9.8759800e-01   -2.4198047e-03
9.9087399e-01   -2.5370612e-03
9.9365300e-01   -2.5841442e-03
9.9593401e-01   -2.6987304e-03
9.9771100e-01   -2.8233614e-03
9.9898201e-01   -2.8770776e-03
9.9974501e-01   -2.9164434e-03
1.0000000e+00   -2.9059686e-03
