1.0000000e+00   3.5383648e-03
9.9974501e-01   3.7465009e-03
9.9898201e-01   4.6055410e-03
9.9771100e-01   4.9415105e-03
9.9593300e-01   6.6994512e-03
9.9365300e-01   8.1031322e-03
9.9087399e-01   1.0210145e-02
9.8759800e-01   1.3184513e-02
9.8382998e-01   1.5069191e-02
9.7957498e-01   1.8255439e-02
9.7483599e-01   2.2038156e-02
9.6961600e-01   2.5959913e-02
9.6392000e-01   2.9865999e-02
9.5775098e-01   3.4500655e-02
9.5111603e-01   3.9222233e-02
9.4401902e-01   4.4665989e-02
9.3646699e-01   4.9517483e-02
9.2846799e-01   5.5094924e-02
9.2003101e-01   6.0454879e-02
9.1116500e-01   6.6883832e-02
9.0187901e-01   7.3167309e-02
8.9218301e-01   7.8914665e-02
8.8208699e-01   8.5203588e-02
8.7160099e-01   9.2349373e-02
8.6073500e-01   9.8671205e-02
8.4950101e-01   1.0586533e-01
8.3791000e-01   1.1315993e-01
8.2597399e-01   1.2076604e-01
8.1370401e-01   1.2825905e-01
8.0111301e-01   1.3540809e-01
7.8821403e-01   1.4197704e-01
7.7501899e-01   1.5067412e-01
7.6154101e-01   1.5785685e-01
7.4779499e-01   1.6533411e-01
7.3379201e-01   1.7324477e-01
7.1954799e-01   1.8066828e-01
7.0507699e-01   1.8836732e-01
6.9039202e-01   1.9614738e-01
6.7550898e-01   2.0305330e-01
6.6044199e-01   2.1089189e-01
6.4520597e-01   2.1817593e-01
6.2981701e-01   2.2486921e-01
6.1429000e-01   2.3187774e-01
5.9864002e-01   2.3882854e-01
5.8288401e-01   2.4501054e-01
5.6703597e-01   2.5126010e-01
5.5111301e-01   2.5647756e-01
5.3513098e-01   2.6277679e-01
5.1910597e-01   2.6707247e-01
5.0305402e-01   2.7273446e-01
4.8699099e-01   2.7763647e-01
4.7093400e-01   2.8202006e-01
4.5489800e-01   2.8628087e-01
4.3889999e-01   2.9037786e-01
4.2295599e-01   2.9348549e-01
4.0708300e-01   2.9521251e-01
3.9129499e-01   2.9735482e-01
3.7560999e-01   2.9872534e-01
3.6004400e-01   2.9937977e-01
3.4461200e-01   3.0017421e-01
3.2933000e-01   3.0038145e-01
3.1421301e-01   2.9916629e-01
2.9927900e-01   2.9832229e-01
2.8454101e-01   2.9677165e-01
2.7001500e-01   2.9477310e-01
2.5571701e-01   2.9141510e-01
2.4166100e-01   2.8798312e-01
2.2786200e-01   2.8325093e-01
2.1433599e-01   2.7876073e-01
2.0109500e-01   2.7329272e-01
1.8815500e-01   2.6689029e-01
1.7553000e-01   2.6076487e-01
1.6323400e-01   2.5381139e-01
1.5128000e-01   2.4523172e-01
1.3968100e-01   2.3730674e-01
1.2845200e-01   2.2899349e-01
1.1760600e-01   2.2051112e-01
1.0715500e-01   2.0961142e-01
9.7112998e-02   2.0000331e-01
8.7493002e-02   1.8959352e-01
7.8305997e-02   1.7847152e-01
6.9565997e-02   1.6734470e-01
6.1285000e-02   1.5669256e-01
5.3474002e-02   1.4457986e-01
4.6149999e-02   1.3286024e-01
3.9326001e-02   1.2144597e-01
3.3013999e-02   1.0942712e-01
2.7230000e-02   9.7895294e-02
2.1980001e-02   8.6553700e-02
1.7277000e-02   7.4818842e-02
1.3141000e-02   6.3353598e-02
9.5729996e-03   5.1864553e-02
6.5830001e-03   4.1794080e-02
4.1880002e-03   3.1711366e-02
2.3540000e-03   2.3388231e-02
1.0810000e-03   1.5863972e-02
3.7100000e-04   9.6931402e-03
7.6999997e-05   4.9875523e-03
4.9999999e-06   2.0812161e-03
0.0000000e+00   1.0309444e-03
4.9999999e-06   5.1215797e-04
7.6999997e-05   -1.9835690e-03
3.7100000e-04   -6.1747883e-03
1.0810000e-03   -1.0901715e-02
2.3530000e-03   -1.5450049e-02
4.1880002e-03   -1.9514335e-02
6.5850001e-03   -2.2786034e-02
9.5760003e-03   -2.5090352e-02
1.3145000e-02   -2.4970992e-02
1.7281000e-02   -2.4346862e-02
2.1983000e-02   -2.2198431e-02
2.7232001e-02   -2.0184753e-02
3.3016000e-02   -1.7393993e-02
3.9328001e-02   -1.4348823e-02
4.6151999e-02   -1.1478017e-02
5.3475998e-02   -7.4629979e-03
6.1287001e-02   -3.1349408e-03
6.9568001e-02   1.0647658e-03
7.8308001e-02   5.7831621e-03
8.7494999e-02   1.1302932e-02
9.7115003e-02   1.5265106e-02
1.0715700e-01   2.0481050e-02
1.1760800e-01   2.5226366e-02
1.2845400e-01   2.9809965e-02
1.3968299e-01   3.4072354e-02
1.5128200e-01   3.9316144e-02
1.6323499e-01   4.3011233e-02
1.7553200e-01   4.6910789e-02
1.8815701e-01   5.0748207e-02
2.0109700e-01   5.3898431e-02
2.1433701e-01   5.7995666e-02
2.2786400e-01   6.1567266e-02
2.4166299e-01   6.4139225e-02
2.5571901e-01   6.6889837e-02
2.7001700e-01   6.9808893e-02
2.8454199e-01   7.1629472e-02
2.9927999e-01   7.4545227e-02
3.1421500e-01   7.5756565e-02
3.2933101e-01   7.7227674e-02
3.4461299e-01   7.9573393e-02
3.6004499e-01   7.9682492e-02
3.7561101e-01   8.1393965e-02
3.9129600e-01   8.1190027e-02
4.0708300e-01   8.3032228e-02
4.2295700e-01   8.2395002e-02
4.3890101e-01   8.2394220e-02
4.5489901e-01   8.1803665e-02
4.7093499e-01   8.1643231e-02
4.8699200e-01   8.1159092e-02
5.0305498e-01   7.9930663e-02
5.1910698e-01   7.9392649e-02
5.3513199e-01   7.7764988e-02
5.5111402e-01   7.6111950e-02
5.6703597e-01   7.5080507e-02
5.8288401e-01   7.3016107e-02
5.9864002e-01   7.1650907e-02
6.1429000e-01   6.9247335e-02
6.2981701e-01   6.7819908e-02
6.4520597e-01   6.5671034e-02
6.6044199e-01   6.3424692e-02
6.7550898e-01   6.0357265e-02
6.9039297e-01   5.8046166e-02
7.0507699e-01   5.5718813e-02
7.1954900e-01   5.3331681e-02
7.3379302e-01   5.0951377e-02
7.4779499e-01   4.8722565e-02
7.6154202e-01   4.5469992e-02
7.7501899e-01   4.3294117e-02
7.8821403e-01   4.0482249e-02
8.0111301e-01   3.6905840e-02
8.1370401e-01   3.4383722e-02
8.2597297e-01   3.2091111e-02
8.3791000e-01   2.9838519e-02
8.4950101e-01   2.7411219e-02
8.6073500e-01   2.3983192e-02
8.7160099e-01   2.2048377e-02
8.8208801e-01   1.9652160e-02
8.9218402e-01   1.7027818e-02
9.0188003e-01   1.4738369e-02
9.1116500e-01   1.2945875e-02
9.2003101e-01   1.1378793e-02
9.2846799e-01   9.1591841e-03
9.3646699e-01   7.6236208e-03
9.4401902e-01   6.1483611e-03
9.5111603e-01   4.7114086e-03
9.5775098e-01   3.3803524e-03
9.6392000e-01   1.6654866e-03
9.6961600e-01   1.1680245e-03
9.7483599e-01   -1.7348095e-04
9.7957498e-01   -1.2731515e-03
9.8383099e-01   -1.8854482e-03
9.8759800e-01   -2.6043083e-03
9.9087399e-01   -3.4450402e-03
9.9365300e-01   -3.6815668e-03
9.9593401e-01   -4.4561983e-03
9.9771100e-01   -4.3370295e-03
9.9898201e-01   -4.7718021e-03
9.9974501e-01   -4.8574489e-03
1.0000000e+00   -4.9716160e-03
