1.0000000e+00   -1.2509769e-05
9.9974501e-01   2.3461529e-04
9.9898201e-01   9.7479689e-04
9.9771100e-01   2.1564711e-03
9.9593300e-01   3.4540482e-03
9.9365300e-01   5.1829508e-03
9.9087399e-01   7.3036635e-03
9.8759800e-01   9.7056655e-03
9.8382998e-01   1.2427262e-02
9.7957498e-01   1.5519506e-02
9.7483599e-01   1.9147096e-02
9.6961600e-01   2.2804447e-02
9.6392000e-01   2.6867958e-02
9.5775098e-01   3.1179551e-02
9.5111603e-01   3.5773423e-02
9.4401902e-01   4.0685572e-02
9.3646699e-01   4.5851707e-02
9.2846799e-01   5.1294729e-02
9.2003101e-01   5.6919765e-02
9.1116500e-01   6.2758453e-02
9.0187901e-01   6.8916656e-02
8.9218301e-01   7.5098924e-02
8.8208699e-01   8.1526674e-02
8.7160099e-01   8.8277668e-02
8.6073500e-01   9.5239006e-02
8.4950101e-01   1.0222252e-01
8.3791000e-01   1.0953224e-01
8.2597399e-01   1.1692911e-01
8.1370401e-01   1.2450437e-01
8.0111301e-01   1.3207214e-01
7.8821403e-01   1.3963479e-01
7.7501899e-01   1.4726539e-01
7.6154101e-01   1.5476827e-01
7.4779499e-01   1.6237378e-01
7.3379201e-01   1.6976948e-01
7.1954799e-01   1.7741536e-01
7.0507699e-01   1.8483953e-01
6.9039202e-01   1.9219647e-01
6.7550898e-01   1.9972597e-01
6.6044199e-01   2.0707990e-01
6.4520597e-01   2.1429649e-01
6.2981701e-01   2.2136720e-01
6.1429000e-01   2.2822686e-01
5.9864002e-01   2.3479146e-01
5.8288401e-01   2.4124752e-01
5.6703597e-01   2.4708536e-01
5.5111301e-01   2.5272161e-01
5.3513098e-01   2.5803328e-01
5.1910597e-01   2.6324973e-01
5.0305402e-01   2.6782861e-01
4.8699099e-01   2.7225095e-01
4.7093400e-01   2.7604774e-01
4.5489800e-01   2.7943885e-01
4.3889999e-01   2.8252670e-01
4.2295599e-01   2.8492418e-01
4.0708300e-01   2.8698030e-01
3.9129499e-01   2.8842124e-01
3.7560999e-01   2.8941786e-01
3.6004400e-01   2.8989080e-01
3.4461200e-01   2.9018536e-01
3.2933000e-01   2.8980199e-01
3.1421301e-01   2.8870052e-01
2.9927900e-01   2.8719214e-01
2.8454101e-01   2.8527245e-01
2.7001500e-01   2.8279674e-01
2.5571701e-01   2.7984378e-01
2.4166100e-01   2.7625170e-01
2.2786200e-01   2.7236977e-01
2.1433599e-01   2.6780817e-01
2.0109500e-01   2.6259822e-01
1.8815500e-01   2.5684845e-01
1.7553000e-01   2.5047496e-01
1.6323400e-01   2.4382371e-01
1.5128000e-01   2.3652039e-01
1.3968100e-01   2.2885551e-01
1.2845200e-01   2.2077741e-01
1.1760600e-01   2.1207513e-01
1.0715500e-01   2.0278069e-01
9.7112998e-02   1.9352940e-01
8.7493002e-02   1.8374683e-01
7.8305997e-02   1.7357893e-01
6.9565997e-02   1.6315947e-01
6.1285000e-02   1.5246087e-01
5.3474002e-02   1.4137714e-01
4.6149999e-02   1.3022879e-01
3.9326001e-02   1.1885155e-01
3.3013999e-02   1.0738948e-01
2.7230000e-02   9.5993645e-02
2.1980001e-02   8.4671803e-02
1.7277000e-02   7.3554181e-02
1.3141000e-02   6.2428847e-02
9.5729996e-03   5.1603511e-02
6.5830001e-03   4.1178092e-02
4.1880002e-03   3.1504031e-02
2.3540000e-03   2.2594286e-02
1.0810000e-03   1.4939315e-02
3.7100000e-04   8.5281990e-03
7.6999997e-05   3.8792691e-03
4.9999999e-06   9.6957333e-04
0.0000000e+00   7.0345086e-06
4.9999999e-06   -9.0651144e-04
7.6999997e-05   -3.7604703e-03
3.7100000e-04   -7.9935174e-03
1.0810000e-03   -1.3408643e-02
2.3530000e-03   -1.9189058e-02
4.1880002e-03   -2.4992941e-02
6.5850001e-03   -3.0112911e-02
9.5760003e-03   -3.4696780e-02
1.3145000e-02   -3.8743492e-02
1.7281000e-02   -4.2112011e-02
2.1983000e-02   -4.4887062e-02
2.7232001e-02   -4.7531165e-02
3.3016000e-02   -4.9743097e-02
3.9328001e-02   -5.1489819e-02
4.6151999e-02   -5.2969810e-02
5.3475998e-02   -5.4082450e-02
6.1287001e-02   -5.4840516e-02
6.9568001e-02   -5.5242643e-02
7.8308001e-02   -5.5447157e-02
8.7494999e-02   -5.5276070e-02
9.7115003e-02   -5.4807842e-02
1.0715700e-01   -5.4307647e-02
1.1760800e-01   -5.3509109e-02
1.2845400e-01   -5.2775912e-02
1.3968299e-01   -5.1773414e-02
1.5128200e-01   -5.0384454e-02
1.6323499e-01   -4.8845142e-02
1.7553200e-01   -4.7391158e-02
1.8815701e-01   -4.5766745e-02
2.0109700e-01   -4.4079829e-02
2.1433701e-01   -4.2109523e-02
2.2786400e-01   -4.0598296e-02
2.4166299e-01   -3.8905025e-02
2.5571901e-01   -3.6916655e-02
2.7001700e-01   -3.5206553e-02
2.8454199e-01   -3.3096403e-02
2.9927999e-01   -3.1094527e-02
3.1421500e-01   -2.9101459e-02
3.2933101e-01   -2.7157363e-02
3.4461299e-01   -2.5168519e-02
3.6004499e-01   -2.3199225e-02
3.7561101e-01   -2.1224396e-02
3.9129600e-01   -1.9344114e-02
4.0708300e-01   -1.7584203e-02
4.2295700e-01   -1.5826290e-02
4.3890101e-01   -1.4388626e-02
4.5489901e-01   -1.2791189e-02
4.7093499e-01   -1.1238802e-02
4.8699200e-01   -9.8059317e-03
5.0305498e-01   -8.3463565e-03
5.1910698e-01   -7.0087137e-03
5.3513199e-01   -6.1271987e-03
5.5111402e-01   -4.8102066e-03
5.6703597e-01   -3.7686347e-03
5.8288401e-01   -2.3871914e-03
5.9864002e-01   -1.4023175e-03
6.1429000e-01   -3.9948520e-04
6.2981701e-01   3.1466782e-04
6.4520597e-01   1.3320587e-03
6.6044199e-01   1.8238405e-03
6.7550898e-01   2.5119840e-03
6.9039297e-01   3.0928417e-03
7.0507699e-01   3.7036592e-03
7.1954900e-01   4.1205054e-03
7.3379302e-01   4.5592766e-03
7.4779499e-01   5.0252103e-03
7.6154202e-01   5.1910188e-03
7.7501899e-01   5.1827002e-03
7.8821403e-01   5.0254301e-03
8.0111301e-01   5.0532315e-03
8.1370401e-01   5.0772810e-03
8.2597297e-01   4.8557809e-03
8.3791000e-01   4.9199495e-03
8.4950101e-01   4.6976926e-03
8.6073500e-01   4.5428914e-03
8.7160099e-01   4.1185012e-03
8.8208801e-01   3.7984201e-03
8.9218402e-01   3.4956324e-03
9.0188003e-01   2.9671888e-03
9.1116500e-01   2.5904474e-03
9.2003101e-01   2.2026256e-03
9.2846799e-01   1.7887456e-03
9.3646699e-01   1.5406047e-03
9.4401902e-01   1.2209186e-03
9.5111603e-01   9.9860656e-04
9.5775098e-01   7.4784167e-04
9.6392000e-01   5.9870206e-04
9.6961600e-01   3.7971555e-04
9.7483599e-01   3.1972583e-04
9.7957498e-01   2.3707817e-04
9.8383099e-01   7.0694601e-05
9.8759800e-01   1.9967789e-05
9.9087399e-01   -5.4704724e-06
9.9365300e-01   -2.4077133e-05
9.9593401e-01   -5.8325008e-05
9.9771100e-01   2.3110013e-05
9.9898201e-01   9.6545089e-05
9.9974501e-01   -2.6800828e-05
1.0000000e+00   2.3636998e-05
