1.0000000e+00   1.8940080e-03
9.9974501e-01   1.6709397e-03
9.9898201e-01   2.2774606e-03
9.9771100e-01   2.9012922e-03
9.9593300e-01   4.9887057e-03
9.9365300e-01   6.8390914e-03
9.9087399e-01   8.7309433e-03
9.8759800e-01   1.2066218e-02
9.8382998e-01   1.3750437e-02
9.7957498e-01   1.7842997e-02
9.7483599e-01   2.1551024e-02
9.6961600e-01   2.6196290e-02
9.6392000e-01   3.0577671e-02
9.5775098e-01   3.5217695e-02
9.5111603e-01   4.1041832e-02
9.4401902e-01   4.6422839e-02
9.3646699e-01   5.2323725e-02
9.2846799e-01   5.8194183e-02
9.2003101e-01   6.4761922e-02
9.1116500e-01   7.1075410e-02
9.0187901e-01   7.7507250e-02
8.9218301e-01   8.4629685e-02
8.8208699e-01   9.1755867e-02
8.7160099e-01   9.9189363e-02
8.6073500e-01   1.0655183e-01
8.4950101e-01   1.1450557e-01
8.3791000e-01   1.2186521e-01
8.2597399e-01   1.3046396e-01
8.1370401e-01   1.3898605e-01
8.0111301e-01   1.4703472e-01
7.8821403e-01   1.5425891e-01
7.7501899e-01   1.6391073e-01
7.6154101e-01   1.7231703e-01
7.4779499e-01   1.8056427e-01
7.3379201e-01   1.8903837e-01
7.1954799e-01   1.9766584e-01
7.0507699e-01   2.0650296e-01
6.9039202e-01   2.1485884e-01
6.7550898e-01   2.2354268e-01
6.6044199e-01   2.3245779e-01
6.4520597e-01   2.3951171e-01
6.2981701e-01   2.4916796e-01
6.1429000e-01   2.5679529e-01
5.9864002e-01   2.6410460e-01
5.8288401e-01   2.7271524e-01
5.6703597e-01   2.8000322e-01
5.5111301e-01   2.8614154e-01
5.3513098e-01   2.9262373e-01
5.1910597e-01   2.9825312e-01
5.0305402e-01   3.0580127e-01
4.8699099e-01   3.1234455e-01
4.7093400e-01   3.1694421e-01
4.5489800e-01   3.2180992e-01
4.3889999e-01   3.2782564e-01
4.2295599e-01   3.3082879e-01
4.0708300e-01   3.3307245e-01
3.9129499e-01   3.3633801e-01
3.7560999e-01   3.3882213e-01
3.6004400e-01   3.4018350e-01
3.4461200e-01   3.3991778e-01
3.2933000e-01   3.4231457e-01
3.1421301e-01   3.4094712e-01
2.9927900e-01   3.4056309e-01
2.8454101e-01   3.3890048e-01
2.7001500e-01   3.3484349e-01
2.5571701e-01   3.3174422e-01
2.4166100e-01   3.2775801e-01
2.2786200e-01   3.2307005e-01
2.1433599e-01   3.1853786e-01
2.0109500e-01   3.1228864e-01
1.8815500e-01   3.0470607e-01
1.7553000e-01   2.9808831e-01
1.6323400e-01   2.9009214e-01
1.5128000e-01   2.8017521e-01
1.3968100e-01   2.7007431e-01
1.2845200e-01   2.6029229e-01
1.1760600e-01   2.4952944e-01
1.0715500e-01   2.3812328e-01
9.7112998e-02   2.2700702e-01
8.7493002e-02   2.1363318e-01
7.8305997e-02   2.0154515e-01
6.9565997e-02   1.8854155e-01
6.1285000e-02   1.7543975e-01
5.3474002e-02   1.6177435e-01
4.6149999e-02   1.4813374e-01
3.9326001e-02   1.3448738e-01
3.3013999e-02   1.2150100e-01
2.7230000e-02   1.0757935e-01
2.1980001e-02   9.3876131e-02
1.7277000e-02   8.0653802e-02
1.3141000e-02   6.7731902e-02
9.5729996e-03   5.4416992e-02
6.5830001e-03   4.2661887e-02
4.1880002e-03   3.2290317e-02
2.3540000e-03   2.2578714e-02
1.0810000e-03   1.4543340e-02
3.7100000e-04   7.7742469e-03
7.6999997e-05   3.3255143e-03
4.9999999e-06   5.4157001e-04
0.0000000e+00   -2.3240340e-04
4.9999999e-06   -9.2973717e-04
7.6999997e-05   -3.9597312e-03
3.7100000e-04   -8.0515612e-03
1.0810000e-03   -1.3235494e-02
2.3530000e-03   -1.8661099e-02
4.1880002e-03   -2.4124892e-02
6.5850001e-03   -2.8243158e-02
9.5760003e-03   -3.0530151e-02
1.3145000e-02   -3.2773975e-02
1.7281000e-02   -3.3282183e-02
2.1983000e-02   -3.3206090e-02
2.7232001e-02   -3.2568581e-02
3.3016000e-02   -3.0263551e-02
3.9328001e-02   -2.7508324e-02
4.6151999e-02   -2.5348729e-02
5.3475998e-02   -2.1994911e-02
6.1287001e-02   -1.6524192e-02
6.9568001e-02   -1.2206350e-02
7.8308001e-02   -7.9616411e-03
8.7494999e-02   -1.9702513e-03
9.7115003e-02   3.6197780e-03
1.0715700e-01   9.6098054e-03
1.1760800e-01   1.5593576e-02
1.2845400e-01   2.1617997e-02
1.3968299e-01   2.8841043e-02
1.5128200e-01   3.5573039e-02
1.6323499e-01   4.1249592e-02
1.7553200e-01   4.8600234e-02
1.8815701e-01   5.4711968e-02
2.0109700e-01   6.0600910e-02
2.1433701e-01   6.7207359e-02
2.2786400e-01   7.3145792e-02
2.4166299e-01   7.8885339e-02
2.5571901e-01   8.4856175e-02
2.7001700e-01   8.8980578e-02
2.8454199e-01   9.4074972e-02
2.9927999e-01   9.8711275e-02
3.1421500e-01   1.0374168e-01
3.2933101e-01   1.0689770e-01
3.4461299e-01   1.1121768e-01
3.6004499e-01   1.1415452e-01
3.7561101e-01   1.1682189e-01
3.9129600e-01   1.1898780e-01
4.0708300e-01   1.2183586e-01
4.2295700e-01   1.2385285e-01
4.3890101e-01   1.2556094e-01
4.5489901e-01   1.2578939e-01
4.7093499e-01   1.2725666e-01
4.8699200e-01   1.2663043e-01
5.0305498e-01   1.2651113e-01
5.1910698e-01   1.2764305e-01
5.3513199e-01   1.2587072e-01
5.5111402e-01   1.2491682e-01
5.6703597e-01   1.2403841e-01
5.8288401e-01   1.2198580e-01
5.9864002e-01   1.2098812e-01
6.1429000e-01   1.1713386e-01
6.2981701e-01   1.1539548e-01
6.4520597e-01   1.1341303e-01
6.6044199e-01   1.0949264e-01
6.7550898e-01   1.0550387e-01
6.9039297e-01   1.0249870e-01
7.0507699e-01   9.9809587e-02
7.1954900e-01   9.5913388e-02
7.3379302e-01   9.1550060e-02
7.4779499e-01   8.7399326e-02
7.6154202e-01   8.3724499e-02
7.7501899e-01   7.9411201e-02
7.8821403e-01   7.5239554e-02
8.0111301e-01   7.1058773e-02
8.1370401e-01   6.6416338e-02
8.2597297e-01   6.3031286e-02
8.3791000e-01   5.9536938e-02
8.4950101e-01   5.4618932e-02
8.6073500e-01   5.0482359e-02
8.7160099e-01   4.6269082e-02
8.8208801e-01   4.2426895e-02
8.9218402e-01   3.8261265e-02
9.0188003e-01   3.5131529e-02
9.1116500e-01   3.1710114e-02
9.2003101e-01   2.8840238e-02
9.2846799e-01   2.4788467e-02
9.3646699e-01   2.2137040e-02
9.4401902e-01   1.8804574e-02
9.5111603e-01   1.5577827e-02
9.5775098e-01   1.3270560e-02
9.6392000e-01   1.0544436e-02
9.6961600e-01   7.7991518e-03
9.7483599e-01   5.8442266e-03
9.7957498e-01   4.1316068e-03
9.8383099e-01   2.6558388e-03
9.8759800e-01   9.5053174e-04
9.9087399e-01   -3.9924635e-06
9.9365300e-01   -1.0863654e-03
9.9593401e-01   -2.2541252e-03
9.9771100e-01   -3.0451044e-03
9.9898201e-01   -4.0699034e-03
9.9974501e-01   -4.0445072e-03
1.0000000e+00   -3.6727490e-03
