1.0000000e+00   1.8803761e-05
9.9974501e-01   5.3830788e-04
9.9898201e-01   1.8920371e-03
9.9771100e-01   3.9764619e-03
9.9593300e-01   6.3722697e-03
9.9365300e-01   9.3269097e-03
9.9087399e-01   1.2702160e-02
9.8759800e-01   1.6437171e-02
9.8382998e-01   2.0698870e-02
9.7957498e-01   2.5465863e-02
9.7483599e-01   3.0787615e-02
9.6961600e-01   3.6292709e-02
9.6392000e-01   4.2195302e-02
9.5775098e-01   4.8392322e-02
9.5111603e-01   5.5070601e-02
9.4401902e-01   6.2017456e-02
9.3646699e-01   6.9248088e-02
9.2846799e-01   7.6907955e-02
9.2003101e-01   8.4757969e-02
9.1116500e-01   9.2987143e-02
9.0187901e-01   1.0164073e-01
8.9218301e-01   1.1020359e-01
8.8208699e-01   1.1909612e-01
8.7160099e-01   1.2838683e-01
8.6073500e-01   1.3799655e-01
8.4950101e-01   1.4771655e-01
8.3791000e-01   1.5786153e-01
8.2597399e-01   1.6809417e-01
8.1370401e-01   1.7851330e-01
8.0111301e-01   1.8900147e-01
7.8821403e-01   1.9948411e-01
7.7501899e-01   2.1015953e-01
7.6154101e-01   2.2065337e-01
7.4779499e-01   2.3126654e-01
7.3379201e-01   2.4170695e-01
7.1954799e-01   2.5245753e-01
7.0507699e-01   2.6284683e-01
6.9039202e-01   2.7319825e-01
6.7550898e-01   2.8360736e-01
6.6044199e-01   2.9398710e-01
6.4520597e-01   3.0408338e-01
6.2981701e-01   3.1391767e-01
6.1429000e-01   3.2345474e-01
5.9864002e-01   3.3282274e-01
5.8288401e-01   3.4206101e-01
5.6703597e-01   3.5044017e-01
5.5111301e-01   3.5852784e-01
5.3513098e-01   3.6619863e-01
5.1910597e-01   3.7364903e-01
5.0305402e-01   3.8043836e-01
4.8699099e-01   3.8688478e-01
4.7093400e-01   3.9258680e-01
4.5489800e-01   3.9753351e-01
4.3889999e-01   4.0196332e-01
4.2295599e-01   4.0552208e-01
4.0708300e-01   4.0855920e-01
3.9129499e-01   4.1063106e-01
3.7560999e-01   4.1220224e-01
3.6004400e-01   4.1283438e-01
3.4461200e-01   4.1305372e-01
3.2933000e-01   4.1246083e-01
3.1421301e-01   4.1080222e-01
2.9927900e-01   4.0834200e-01
2.8454101e-01   4.0526623e-01
2.7001500e-01   4.0129131e-01
2.5571701e-01   3.9656514e-01
2.4166100e-01   3.9092273e-01
2.2786200e-01   3.8476628e-01
2.1433599e-01   3.7752971e-01
2.0109500e-01   3.6910051e-01
1.8815500e-01   3.5979605e-01
1.7553000e-01   3.4971312e-01
1.6323400e-01   3.3888200e-01
1.5128000e-01   3.2724074e-01
1.3968100e-01   3.1492159e-01
1.2845200e-01   3.0205357e-01
1.1760600e-01   2.8840259e-01
1.0715500e-01   2.7402133e-01
9.7112998e-02   2.5964066e-01
8.7493002e-02   2.4456048e-01
7.8305997e-02   2.2888972e-01
6.9565997e-02   2.1293694e-01
6.1285000e-02   1.9695528e-01
5.3474002e-02   1.8061198e-01
4.6149999e-02   1.6445014e-01
3.9326001e-02   1.4832845e-01
3.3013999e-02   1.3237384e-01
2.7230000e-02   1.1674641e-01
2.1980001e-02   1.0141636e-01
1.7277000e-02   8.6730994e-02
1.3141000e-02   7.2277449e-02
9.5729996e-03   5.8537114e-02
6.5830001e-03   4.5724381e-02
4.1880002e-03   3.4248319e-02
2.3540000e-03   2.4044180e-02
1.0810000e-03   1.5663199e-02
3.7100000e-04   8.8505978e-03
7.6999997e-05   3.9987164e-03
4.9999999e-06   9.8545884e-04
0.0000000e+00   1.0715752e-05
4.9999999e-06   -8.8878587e-04
7.6999997e-05   -3.7956850e-03
3.7100000e-04   -8.0465609e-03
1.0810000e-03   -1.3833524e-02
2.3530000e-03   -2.0385262e-02
4.1880002e-03   -2.7407145e-02
6.5850001e-03   -3.3633959e-02
9.5760003e-03   -3.8807943e-02
1.3145000e-02   -4.2736556e-02
1.7281000e-02   -4.5162022e-02
2.1983000e-02   -4.6440434e-02
2.7232001e-02   -4.7411036e-02
3.3016000e-02   -4.7632638e-02
3.9328001e-02   -4.7240529e-02
4.6151999e-02   -4.6697598e-02
5.3475998e-02   -4.5610048e-02
6.1287001e-02   -4.4000011e-02
6.9568001e-02   -4.2072110e-02
7.8308001e-02   -3.9896443e-02
8.7494999e-02   -3.7393212e-02
9.7115003e-02   -3.4628306e-02
1.0715700e-01   -3.2004267e-02
1.1760800e-01   -2.9075911e-02
1.2845400e-01   -2.6177831e-02
1.3968299e-01   -2.3079721e-02
1.5128200e-01   -1.9671576e-02
1.6323499e-01   -1.6226059e-02
1.7553200e-01   -1.2818774e-02
1.8815701e-01   -9.4024222e-03
2.0109700e-01   -6.0497010e-03
2.1433701e-01   -2.5318137e-03
2.2786400e-01   3.8184223e-04
2.4166299e-01   3.3437260e-03
2.5571901e-01   6.4848498e-03
2.7001700e-01   9.0475818e-03
2.8454199e-01   1.2095756e-02
2.9927999e-01   1.4940752e-02
3.1421500e-01   1.7499955e-02
3.2933101e-01   1.9850716e-02
3.4461299e-01   2.2234894e-02
3.6004499e-01   2.4615575e-02
3.7561101e-01   2.6755353e-02
3.9129600e-01   2.8643854e-02
4.0708300e-01   3.0380091e-02
4.2295700e-01   3.1867359e-02
4.3890101e-01   3.2778185e-02
4.5489901e-01   3.3825193e-02
4.7093499e-01   3.4728184e-02
4.8699200e-01   3.5287868e-02
5.0305498e-01   3.5686597e-02
5.1910698e-01   3.5846759e-02
5.3513199e-01   3.5523146e-02
5.5111402e-01   3.5655614e-02
5.6703597e-01   3.5301674e-02
5.8288401e-01   3.5478640e-02
5.9864002e-01   3.5070989e-02
6.1429000e-01   3.4716915e-02
6.2981701e-01   3.4050714e-02
6.4520597e-01   3.3637285e-02
6.6044199e-01   3.2595944e-02
6.7550898e-01   3.1995848e-02
6.9039297e-01   3.1024029e-02
7.0507699e-01   3.0356029e-02
7.1954900e-01   2.9143944e-02
7.3379302e-01   2.8191442e-02
7.4779499e-01   2.7062876e-02
7.6154202e-01   2.5851550e-02
7.7501899e-01   2.4416380e-02
7.8821403e-01   2.2834210e-02
8.0111301e-01   2.1602154e-02
8.1370401e-01   2.0358231e-02
8.2597297e-01   1.8823233e-02
8.3791000e-01   1.7796054e-02
8.4950101e-01   1.6526220e-02
8.6073500e-01   1.5189268e-02
8.7160099e-01   1.3612415e-02
8.8208801e-01   1.2434958e-02
8.9218402e-01   1.1222532e-02
9.0188003e-01   9.8712184e-03
9.1116500e-01   8.7376321e-03
9.2003101e-01   7.5825704e-03
9.2846799e-01   6.4799315e-03
9.3646699e-01   5.7059885e-03
9.4401902e-01   4.7730887e-03
9.5111603e-01   4.0096557e-03
9.5775098e-01   3.3068312e-03
9.6392000e-01   2.7037840e-03
9.6961600e-01   1.9714360e-03
9.7483599e-01   1.4347029e-03
9.7957498e-01   9.2451082e-04
9.8383099e-01   4.9793505e-04
9.8759800e-01   2.4583726e-04
9.9087399e-01   1.6192824e-04
9.9365300e-01   1.6569742e-05
9.9593401e-01   -6.7039975e-05
9.9771100e-01   -6.7452493e-06
9.9898201e-01   6.4885593e-05
9.9974501e-01   -7.3663985e-05
1.0000000e+00   3.0006602e-05
