1.0000000e+00   1.6787411e-05
9.9974501e-01   4.0343913e-04
9.9898201e-01   1.5129392e-03
9.9771100e-01   3.1913195e-03
9.9593300e-01   4.9421187e-03
9.9365300e-01   7.1194479e-03
9.9087399e-01   9.6737687e-03
9.8759800e-01   1.2410436e-02
9.8382998e-01   1.5589334e-02
9.7957498e-01   1.9146433e-02
9.7483599e-01   2.3284845e-02
9.6961600e-01   2.7432896e-02
9.6392000e-01   3.1932075e-02
9.5775098e-01   3.6693811e-02
9.5111603e-01   4.1745275e-02
9.4401902e-01   4.7067232e-02
9.3646699e-01   5.2552968e-02
9.2846799e-01   5.8322456e-02
9.2003101e-01   6.4341187e-02
9.1116500e-01   7.0585974e-02
9.0187901e-01   7.7243395e-02
8.9218301e-01   8.3820783e-02
8.8208699e-01   9.0671629e-02
8.7160099e-01   9.7847953e-02
8.6073500e-01   1.0526972e-01
8.4950101e-01   1.1270765e-01
8.3791000e-01   1.2057941e-01
8.2597399e-01   1.2847658e-01
8.1370401e-01   1.3652590e-01
8.0111301e-01   1.4454669e-01
7.8821403e-01   1.5254328e-01
7.7501899e-01   1.6061302e-01
7.6154101e-01   1.6847472e-01
7.4779499e-01   1.7650551e-01
7.3379201e-01   1.8437980e-01
7.1954799e-01   1.9241533e-01
7.0507699e-01   2.0027386e-01
6.9039202e-01   2.0802301e-01
6.7550898e-01   2.1596798e-01
6.6044199e-01   2.2381090e-01
6.4520597e-01   2.3149437e-01
6.2981701e-01   2.3890667e-01
6.1429000e-01   2.4612632e-01
5.9864002e-01   2.5303501e-01
5.8288401e-01   2.5986734e-01
5.6703597e-01   2.6596203e-01
5.5111301e-01   2.7187288e-01
5.3513098e-01   2.7739450e-01
5.1910597e-01   2.8289270e-01
5.0305402e-01   2.8768697e-01
4.8699099e-01   2.9248369e-01
4.7093400e-01   2.9660258e-01
4.5489800e-01   3.0027801e-01
4.3889999e-01   3.0371112e-01
4.2295599e-01   3.0628538e-01
4.0708300e-01   3.0872676e-01
3.9129499e-01   3.1032142e-01
3.7560999e-01   3.1158635e-01
3.6004400e-01   3.1236053e-01
3.4461200e-01   3.1282800e-01
3.2933000e-01   3.1266588e-01
3.1421301e-01   3.1175774e-01
2.9927900e-01   3.1033394e-01
2.8454101e-01   3.0847886e-01
2.7001500e-01   3.0610412e-01
2.5571701e-01   3.0318013e-01
2.4166100e-01   2.9950747e-01
2.2786200e-01   2.9548761e-01
2.1433599e-01   2.9074091e-01
2.0109500e-01   2.8517094e-01
1.8815500e-01   2.7879322e-01
1.7553000e-01   2.7187085e-01
1.6323400e-01   2.6448148e-01
1.5128000e-01   2.5642478e-01
1.3968100e-01   2.4798679e-01
1.2845200e-01   2.3907898e-01
1.1760600e-01   2.2946090e-01
1.0715500e-01   2.1915899e-01
9.7112998e-02   2.0884208e-01
8.7493002e-02   1.9788577e-01
7.8305997e-02   1.8641061e-01
6.9565997e-02   1.7471187e-01
6.1285000e-02   1.6285445e-01
5.3474002e-02   1.5051137e-01
4.6149999e-02   1.3821170e-01
3.9326001e-02   1.2578258e-01
3.3013999e-02   1.1326291e-01
2.7230000e-02   1.0090144e-01
2.1980001e-02   8.8696770e-02
1.7277000e-02   7.6776236e-02
1.3141000e-02   6.4828970e-02
9.5729996e-03   5.3288527e-02
6.5830001e-03   4.2251516e-02
4.1880002e-03   3.2114737e-02
2.3540000e-03   2.2862135e-02
1.0810000e-03   1.5045713e-02
3.7100000e-04   8.5884230e-03
7.6999997e-05   3.9152983e-03
4.9999999e-06   9.7446179e-04
0.0000000e+00   1.8754674e-05
4.9999999e-06   -8.9270959e-04
7.6999997e-05   -3.7443996e-03
3.7100000e-04   -7.8608524e-03
1.0810000e-03   -1.3146255e-02
2.3530000e-03   -1.8733183e-02
4.1880002e-03   -2.4197701e-02
6.5850001e-03   -2.8702453e-02
9.5760003e-03   -3.2098472e-02
1.3145000e-02   -3.4292895e-02
1.7281000e-02   -3.5246056e-02
2.1983000e-02   -3.5363693e-02
2.7232001e-02   -3.5250314e-02
3.3016000e-02   -3.4589175e-02
3.9328001e-02   -3.3501070e-02
4.6151999e-02   -3.2056469e-02
5.3475998e-02   -3.0313607e-02
6.1287001e-02   -2.8183166e-02
6.9568001e-02   -2.5790760e-02
7.8308001e-02   -2.3256741e-02
8.7494999e-02   -2.0347439e-02
9.7115003e-02   -1.7346438e-02
1.0715700e-01   -1.4465035e-02
1.1760800e-01   -1.1426659e-02
1.2845400e-01   -8.5390219e-03
1.3968299e-01   -5.6049014e-03
1.5128200e-01   -2.2984331e-03
1.6323499e-01   9.6067757e-04
1.7553200e-01   4.0932740e-03
1.8815701e-01   7.1605560e-03
2.0109700e-01   9.9866716e-03
2.1433701e-01   1.3057227e-02
2.2786400e-01   1.5576719e-02
2.4166299e-01   1.8023662e-02
2.5571901e-01   2.0523826e-02
2.7001700e-01   2.2606224e-02
2.8454199e-01   2.5043070e-02
2.9927999e-01   2.7210305e-02
3.1421500e-01   2.9163217e-02
3.2933101e-01   3.0921329e-02
3.4461299e-01   3.2580864e-02
3.6004499e-01   3.4119871e-02
3.7561101e-01   3.5597894e-02
3.9129600e-01   3.6755290e-02
4.0708300e-01   3.7651703e-02
4.2295700e-01   3.8440738e-02
4.3890101e-01   3.8708620e-02
4.5489901e-01   3.9091304e-02
4.7093499e-01   3.9316867e-02
4.8699200e-01   3.9308742e-02
5.0305498e-01   3.9298721e-02
5.1910698e-01   3.9101459e-02
5.3513199e-01   3.8383763e-02
5.5111402e-01   3.8214028e-02
5.6703597e-01   3.7631504e-02
5.8288401e-01   3.7505802e-02
5.9864002e-01   3.6795501e-02
6.1429000e-01   3.6232080e-02
6.2981701e-01   3.5337392e-02
6.4520597e-01   3.4808658e-02
6.6044199e-01   3.3620823e-02
6.7550898e-01   3.2818787e-02
6.9039297e-01   3.1737249e-02
7.0507699e-01   3.0852184e-02
7.1954900e-01   2.9642917e-02
7.3379302e-01   2.8578529e-02
7.4779499e-01   2.7478987e-02
7.6154202e-01   2.6124086e-02
7.7501899e-01   2.4632122e-02
7.8821403e-01   2.2993363e-02
8.0111301e-01   2.1722907e-02
8.1370401e-01   2.0409737e-02
8.2597297e-01   1.8827135e-02
8.3791000e-01   1.7617237e-02
8.4950101e-01   1.6240366e-02
8.6073500e-01   1.4885102e-02
8.7160099e-01   1.3289189e-02
8.8208801e-01   1.2026167e-02
8.9218402e-01   1.0878696e-02
9.0188003e-01   9.4417306e-03
9.1116500e-01   8.2045570e-03
9.2003101e-01   7.0772562e-03
9.2846799e-01   6.0418788e-03
9.3646699e-01   5.2849911e-03
9.4401902e-01   4.3976014e-03
9.5111603e-01   3.6125614e-03
9.5775098e-01   2.9612284e-03
9.6392000e-01   2.4576660e-03
9.6961600e-01   1.8096514e-03
9.7483599e-01   1.3449170e-03
9.7957498e-01   8.7235169e-04
9.8383099e-01   4.7180822e-04
9.8759800e-01   2.8105429e-04
9.9087399e-01   1.8183200e-04
9.9365300e-01   1.0556576e-04
9.9593401e-01   -7.7013392e-06
9.9771100e-01   4.3192704e-05
9.9898201e-01   9.4627670e-05
9.9974501e-01   -3.0377581e-05
1.0000000e+00   2.7826833e-05
