1.0000000e+00   6.3111326e-03
9.9974501e-01   6.5257405e-03
9.9898201e-01   7.1624671e-03
9.9771100e-01   8.1968373e-03
9.9593300e-01   9.6049262e-03
9.9365300e-01   1.1408430e-02
9.9087399e-01   1.3639551e-02
9.8759800e-01   1.6262051e-02
9.8382998e-01   1.9263912e-02
9.7957498e-01   2.2635963e-02
9.7483599e-01   2.6350087e-02
9.6961600e-01   3.0398889e-02
9.6392000e-01   3.4806095e-02
9.5775098e-01   3.9573144e-02
9.5111603e-01   4.4678882e-02
9.4401902e-01   5.0078239e-02
9.3646699e-01   5.5747818e-02
9.2846799e-01   6.1684493e-02
9.2003101e-01   6.7874283e-02
9.1116500e-01   7.4298158e-02
9.0187901e-01   8.0981828e-02
8.9218301e-01   8.7926365e-02
8.8208699e-01   9.5090508e-02
8.7160099e-01   1.0243800e-01
8.6073500e-01   1.0995100e-01
8.4950101e-01   1.1761878e-01
8.3791000e-01   1.2544553e-01
8.2597399e-01   1.3339993e-01
8.1370401e-01   1.4143363e-01
8.0111301e-01   1.4953607e-01
7.8821403e-01   1.5768269e-01
7.7501899e-01   1.6586089e-01
7.6154101e-01   1.7404164e-01
7.4779499e-01   1.8217386e-01
7.3379201e-01   1.9024059e-01
7.1954799e-01   1.9822830e-01
7.0507699e-01   2.0612580e-01
6.9039202e-01   2.1392524e-01
6.7550898e-01   2.2161546e-01
6.6044199e-01   2.2915964e-01
6.4520597e-01   2.3651639e-01
6.2981701e-01   2.4364007e-01
6.1429000e-01   2.5049892e-01
5.9864002e-01   2.5710422e-01
5.8288401e-01   2.6342565e-01
5.6703597e-01   2.6940322e-01
5.5111301e-01   2.7501732e-01
5.3513098e-01   2.8027543e-01
5.1910597e-01   2.8515393e-01
5.0305402e-01   2.8960258e-01
4.8699099e-01   2.9363438e-01
4.7093400e-01   2.9727751e-01
4.5489800e-01   3.0051944e-01
4.3889999e-01   3.0330151e-01
4.2295599e-01   3.0561322e-01
4.0708300e-01   3.0745414e-01
3.9129499e-01   3.0881533e-01
3.7560999e-01   3.0966634e-01
3.6004400e-01   3.1001335e-01
3.4461200e-01   3.0987412e-01
3.2933000e-01   3.0925959e-01
3.1421301e-01   3.0817863e-01
2.9927900e-01   3.0666518e-01
2.8454101e-01   3.0473197e-01
2.7001500e-01   3.0228651e-01
2.5571701e-01   2.9921767e-01
2.4166100e-01   2.9551867e-01
2.2786200e-01   2.9121763e-01
2.1433599e-01   2.8624851e-01
2.0109500e-01   2.8061897e-01
1.8815500e-01   2.7435327e-01
1.7553000e-01   2.6747310e-01
1.6323400e-01   2.6002365e-01
1.5128000e-01   2.5200397e-01
1.3968100e-01   2.4342951e-01
1.2845200e-01   2.3436673e-01
1.1760600e-01   2.2481821e-01
1.0715500e-01   2.1480821e-01
9.7112998e-02   2.0433883e-01
8.7493002e-02   1.9340310e-01
7.8305997e-02   1.8205860e-01
6.9565997e-02   1.7035423e-01
6.1285000e-02   1.5824549e-01
5.3474002e-02   1.4579485e-01
4.6149999e-02   1.3318048e-01
3.9326001e-02   1.2056448e-01
3.3013999e-02   1.0812666e-01
2.7230000e-02   9.6190333e-02
2.1980001e-02   8.4923595e-02
1.7277000e-02   7.3753715e-02
1.3141000e-02   6.2523246e-02
9.5729996e-03   5.1596913e-02
6.5830001e-03   4.1283034e-02
4.1880002e-03   3.1726252e-02
2.3540000e-03   2.3092685e-02
1.0810000e-03   1.5553216e-02
3.7100000e-04   9.3491413e-03
7.6999997e-05   4.7144596e-03
4.9999999e-06   1.8471583e-03
0.0000000e+00   8.7751891e-04
4.9999999e-06   -6.0217688e-05
7.6999997e-05   -2.7364481e-03
3.7100000e-04   -6.7728357e-03
1.0810000e-03   -1.1556827e-02
2.3530000e-03   -1.6300092e-02
4.1880002e-03   -2.0253146e-02
6.5850001e-03   -2.3086073e-02
9.5760003e-03   -2.5325559e-02
1.3145000e-02   -2.7109306e-02
1.7281000e-02   -2.7336683e-02
2.1983000e-02   -2.6230814e-02
2.7232001e-02   -2.4347302e-02
3.3016000e-02   -2.1819491e-02
3.9328001e-02   -1.8809676e-02
4.6151999e-02   -1.5418775e-02
5.3475998e-02   -1.1690307e-02
6.1287001e-02   -7.6169241e-03
6.9568001e-02   -3.1783846e-03
7.8308001e-02   1.5419784e-03
8.7494999e-02   6.4485259e-03
9.7115003e-02   1.1501036e-02
1.0715700e-01   1.6630402e-02
1.1760800e-01   2.1792712e-02
1.2845400e-01   2.6962621e-02
1.3968299e-01   3.2157138e-02
1.5128200e-01   3.7406970e-02
1.6323499e-01   4.2671788e-02
1.7553200e-01   4.7886055e-02
1.8815701e-01   5.3024966e-02
2.0109700e-01   5.8049779e-02
2.1433701e-01   6.2910244e-02
2.2786400e-01   6.7595690e-02
2.4166299e-01   7.2060443e-02
2.5571901e-01   7.6265238e-02
2.7001700e-01   8.0198482e-02
2.8454199e-01   8.3870947e-02
2.9927999e-01   8.7271556e-02
3.1421500e-01   9.0360411e-02
3.2933101e-01   9.3125671e-02
3.4461299e-01   9.5578194e-02
3.6004499e-01   9.7718239e-02
3.7561101e-01   9.9529162e-02
3.9129600e-01   1.0098841e-01
4.0708300e-01   1.0207216e-01
4.2295700e-01   1.0279642e-01
4.3890101e-01   1.0316852e-01
4.5489901e-01   1.0320517e-01
4.7093499e-01   1.0294992e-01
4.8699200e-01   1.0243303e-01
5.0305498e-01   1.0165477e-01
5.1910698e-01   1.0062388e-01
5.3513199e-01   9.9340193e-02
5.5111402e-01   9.7831503e-02
5.6703597e-01   9.6106067e-02
5.8288401e-01   9.4139792e-02
5.9864002e-01   9.1926605e-02
6.1429000e-01   8.9504674e-02
6.2981701e-01   8.6907603e-02
6.4520597e-01   8.4151834e-02
6.6044199e-01   8.1256196e-02
6.7550898e-01   7.8259304e-02
6.9039297e-01   7.5172774e-02
7.0507699e-01   7.2022080e-02
7.1954900e-01   6.8838298e-02
7.3379302e-01   6.5629482e-02
7.4779499e-01   6.2384684e-02
7.6154202e-01   5.9118900e-02
7.7501899e-01   5.5840246e-02
7.8821403e-01   5.2571777e-02
8.0111301e-01   4.9321763e-02
8.1370401e-01   4.6109546e-02
8.2597297e-01   4.2965207e-02
8.3791000e-01   3.9897159e-02
8.4950101e-01   3.6911119e-02
8.6073500e-01   3.3997696e-02
8.7160099e-01   3.1146038e-02
8.8208801e-01   2.8354079e-02
8.9218402e-01   2.5620362e-02
9.0188003e-01   2.2950506e-02
9.1116500e-01   2.0352507e-02
9.2003101e-01   1.7861454e-02
9.2846799e-01   1.5517679e-02
9.3646699e-01   1.3333932e-02
9.4401902e-01   1.1297829e-02
9.5111603e-01   9.3966816e-03
9.5775098e-01   7.6428633e-03
9.6392000e-01   6.0737552e-03
9.6961600e-01   4.7350526e-03
9.7483599e-01   3.6227563e-03
9.7957498e-01   2.6664168e-03
9.8383099e-01   1.8143532e-03
9.8759800e-01   1.1048145e-03
9.9087399e-01   5.2948663e-04
9.9365300e-01   3.4769997e-05
9.9593401e-01   -4.1301732e-04
9.9771100e-01   -7.8781863e-04
9.9898201e-01   -1.0713837e-03
9.9974501e-01   -1.2468931e-03
1.0000000e+00   -1.3070444e-03
