1.0000000e+00   5.7998961e-03
9.9974501e-01   6.3533126e-03
9.9898201e-01   6.8340031e-03
9.9771100e-01   8.3693676e-03
9.9593300e-01   9.3349777e-03
9.9365300e-01   1.0600253e-02
9.9087399e-01   1.2575217e-02
9.8759800e-01   1.4478718e-02
9.8382998e-01   1.7586058e-02
9.7957498e-01   2.0439314e-02
9.7483599e-01   2.3313634e-02
9.6961600e-01   2.7265131e-02
9.6392000e-01   3.1659152e-02
9.5775098e-01   3.5970591e-02
9.5111603e-01   4.0303625e-02
9.4401902e-01   4.5548130e-02
9.3646699e-01   5.0536245e-02
9.2846799e-01   5.6861885e-02
9.2003101e-01   6.2650837e-02
9.1116500e-01   6.8611681e-02
9.0187901e-01   7.5378396e-02
8.9218301e-01   8.2403228e-02
8.8208699e-01   9.0058990e-02
8.7160099e-01   9.7529821e-02
8.6073500e-01   1.0585143e-01
8.4950101e-01   1.1408298e-01
8.3791000e-01   1.2257171e-01
8.2597399e-01   1.3212931e-01
8.1370401e-01   1.4099804e-01
8.0111301e-01   1.5137769e-01
7.8821403e-01   1.6182537e-01
7.7501899e-01   1.7130308e-01
7.6154101e-01   1.8245058e-01
7.4779499e-01   1.9340727e-01
7.3379201e-01   2.0498239e-01
7.1954799e-01   2.1705270e-01
7.0507699e-01   2.2831453e-01
6.9039202e-01   2.4009898e-01
6.7550898e-01   2.5227427e-01
6.6044199e-01   2.6438081e-01
6.4520597e-01   2.7649164e-01
6.2981701e-01   2.8907400e-01
6.1429000e-01   3.0223149e-01
5.9864002e-01   3.1451699e-01
5.8288401e-01   3.2684168e-01
5.6703597e-01   3.3903000e-01
5.5111301e-01   3.5205436e-01
5.3513098e-01   3.6416823e-01
5.1910597e-01   3.7654585e-01
5.0305402e-01   3.8792279e-01
4.8699099e-01   3.9942917e-01
4.7093400e-01   4.1065475e-01
4.5489800e-01   4.2021847e-01
4.3889999e-01   4.2919511e-01
4.2295599e-01   4.3736970e-01
4.0708300e-01   4.4507873e-01
3.9129499e-01   4.5149687e-01
3.7560999e-01   4.5625195e-01
3.6004400e-01   4.6098015e-01
3.4461200e-01   4.6350387e-01
3.2933000e-01   4.6461737e-01
3.1421301e-01   4.6490869e-01
2.9927900e-01   4.6335864e-01
2.8454101e-01   4.6081731e-01
2.7001500e-01   4.5627823e-01
2.5571701e-01   4.5072079e-01
2.4166100e-01   4.4468173e-01
2.2786200e-01   4.3625486e-01
2.1433599e-01   4.2785916e-01
2.0109500e-01   4.1812265e-01
1.8815500e-01   4.0721762e-01
1.7553000e-01   3.9530548e-01
1.6323400e-01   3.8181600e-01
1.5128000e-01   3.6803064e-01
1.3968100e-01   3.5265443e-01
1.2845200e-01   3.3682674e-01
1.1760600e-01   3.2004499e-01
1.0715500e-01   3.0383429e-01
9.7112998e-02   2.8599912e-01
8.7493002e-02   2.6866239e-01
7.8305997e-02   2.4988602e-01
6.9565997e-02   2.3190625e-01
6.1285000e-02   2.1340121e-01
5.3474002e-02   1.9503838e-01
4.6149999e-02   1.7694743e-01
3.9326001e-02   1.5862654e-01
3.3013999e-02   1.4069852e-01
2.7230000e-02   1.2315155e-01
2.1980001e-02   1.0587425e-01
1.7277000e-02   8.9443728e-02
1.3141000e-02   7.3443294e-02
9.5729996e-03   5.8114581e-02
6.5830001e-03   4.4160467e-02
4.1880002e-03   3.2103583e-02
2.3540000e-03   2.1341896e-02
1.0810000e-03   1.2630889e-02
3.7100000e-04   5.8698081e-03
7.6999997e-05   1.2583693e-03
4.9999999e-06   -1.8065757e-03
0.0000000e+00   -2.6818588e-03
4.9999999e-06   -3.5892637e-03
7.6999997e-05   -6.6854917e-03
3.7100000e-04   -1.0962309e-02
1.0810000e-03   -1.7121136e-02
2.3530000e-03   -2.5377497e-02
4.1880002e-03   -3.3898145e-02
6.5850001e-03   -4.2413794e-02
9.5760003e-03   -5.0075658e-02
1.3145000e-02   -5.6394365e-02
1.7281000e-02   -6.0026687e-02
2.1983000e-02   -6.1802365e-02
2.7232001e-02   -6.2163331e-02
3.3016000e-02   -6.2588565e-02
3.9328001e-02   -6.1749540e-02
4.6151999e-02   -6.0287613e-02
5.3475998e-02   -5.7321738e-02
6.1287001e-02   -5.4978799e-02
6.9568001e-02   -5.1339723e-02
7.8308001e-02   -4.7746688e-02
8.7494999e-02   -4.4294942e-02
9.7115003e-02   -4.0375862e-02
1.0715700e-01   -3.6924321e-02
1.1760800e-01   -3.3423554e-02
1.2845400e-01   -2.9789984e-02
1.3968299e-01   -2.5827320e-02
1.5128200e-01   -2.3291733e-02
1.6323499e-01   -1.9406285e-02
1.7553200e-01   -1.6308740e-02
1.8815701e-01   -1.3558432e-02
2.0109700e-01   -1.0460893e-02
2.1433701e-01   -7.4790516e-03
2.2786400e-01   -5.4323957e-03
2.4166299e-01   -3.0026643e-03
2.5571901e-01   -9.0636662e-04
2.7001700e-01   6.6475559e-04
2.8454199e-01   2.3677677e-03
2.9927999e-01   3.9540324e-03
3.1421500e-01   5.0985483e-03
3.2933101e-01   6.2167328e-03
3.4461299e-01   6.8391352e-03
3.6004499e-01   7.7243848e-03
3.7561101e-01   8.8269021e-03
3.9129600e-01   9.4458070e-03
4.0708300e-01   8.5141426e-03
4.2295700e-01   9.5355380e-03
4.3890101e-01   9.0058586e-03
4.5489901e-01   9.4634006e-03
4.7093499e-01   8.1883511e-03
4.8699200e-01   8.2159247e-03
5.0305498e-01   8.0486732e-03
5.1910698e-01   7.0492574e-03
5.3513199e-01   6.6526257e-03
5.5111402e-01   6.1219279e-03
5.6703597e-01   4.7859298e-03
5.8288401e-01   4.0159458e-03
5.9864002e-01   3.6074847e-03
6.1429000e-01   3.0128269e-03
6.2981701e-01   2.3009588e-03
6.4520597e-01   1.3465948e-03
6.6044199e-01   4.0623356e-04
6.7550898e-01   7.0612878e-05
6.9039297e-01   -3.5995987e-04
7.0507699e-01   -1.5527146e-03
7.1954900e-01   -2.4325612e-03
7.3379302e-01   -2.4442642e-03
7.4779499e-01   -3.4487892e-03
7.6154202e-01   -3.7188395e-03
7.7501899e-01   -4.4515063e-03
7.8821403e-01   -4.9242168e-03
8.0111301e-01   -4.6814014e-03
8.1370401e-01   -4.9019670e-03
8.2597297e-01   -5.1133018e-03
8.3791000e-01   -5.2541196e-03
8.4950101e-01   -5.6996527e-03
8.6073500e-01   -5.6308312e-03
8.7160099e-01   -6.0135592e-03
8.8208801e-01   -6.2636696e-03
8.9218402e-01   -5.6929137e-03
9.0188003e-01   -5.8571426e-03
9.1116500e-01   -6.0778679e-03
9.2003101e-01   -6.3245338e-03
9.2846799e-01   -6.0915421e-03
9.3646699e-01   -6.0661165e-03
9.4401902e-01   -6.0798153e-03
9.5111603e-01   -5.8260574e-03
9.5775098e-01   -5.1916861e-03
9.6392000e-01   -4.7860919e-03
9.6961600e-01   -4.7080088e-03
9.7483599e-01   -4.2003761e-03
9.7957498e-01   -3.7732353e-03
9.8383099e-01   -4.1558412e-03
9.8759800e-01   -3.3270500e-03
9.9087399e-01   -3.9084754e-03
9.9365300e-01   -3.8731184e-03
9.9593401e-01   -3.7733072e-03
9.9771100e-01   -4.1914987e-03
9.9898201e-01   -3.9197281e-03
9.9974501e-01   -3.7695698e-03
1.0000000e+00   -3.2914218e-03
