1.0000000e+00   1.2019082e-05
9.9974501e-01   3.7560682e-04
9.9898201e-01   1.4012342e-03
9.9771100e-01   2.9976519e-03
9.9593300e-01   4.7202269e-03
9.9365300e-01   6.9048228e-03
9.9087399e-01   9.4846534e-03
9.8759800e-01   1.2311161e-02
9.8382998e-01   1.5521540e-02
9.7957498e-01   1.9134942e-02
9.7483599e-01   2.3279218e-02
9.6961600e-01   2.7476620e-02
9.6392000e-01   3.2010406e-02
9.5775098e-01   3.6805388e-02
9.5111603e-01   4.1932393e-02
9.4401902e-01   4.7323789e-02
9.3646699e-01   5.2953411e-02
9.2846799e-01   5.8879502e-02
9.2003101e-01   6.4993419e-02
9.1116500e-01   7.1382329e-02
9.0187901e-01   7.8146048e-02
8.9218301e-01   8.4877975e-02
8.8208699e-01   9.1889746e-02
8.7160099e-01   9.9252395e-02
8.6073500e-01   1.0686200e-01
8.4950101e-01   1.1452311e-01
8.3791000e-01   1.2259175e-01
8.2597399e-01   1.3072139e-01
8.1370401e-01   1.3903119e-01
8.0111301e-01   1.4733259e-01
7.8821403e-01   1.5563986e-01
7.7501899e-01   1.6404617e-01
7.6154101e-01   1.7228189e-01
7.4779499e-01   1.8066277e-01
7.3379201e-01   1.8885709e-01
7.1954799e-01   1.9726859e-01
7.0507699e-01   2.0543948e-01
6.9039202e-01   2.1353382e-01
6.7550898e-01   2.2174443e-01
6.6044199e-01   2.2984041e-01
6.4520597e-01   2.3777948e-01
6.2981701e-01   2.4549480e-01
6.1429000e-01   2.5299385e-01
5.9864002e-01   2.6020199e-01
5.8288401e-01   2.6734731e-01
5.6703597e-01   2.7376598e-01
5.5111301e-01   2.7998379e-01
5.3513098e-01   2.8586233e-01
5.1910597e-01   2.9160985e-01
5.0305402e-01   2.9674143e-01
4.8699099e-01   3.0172727e-01
4.7093400e-01   3.0605555e-01
4.5489800e-01   3.0989844e-01
4.3889999e-01   3.1343964e-01
4.2295599e-01   3.1620583e-01
4.0708300e-01   3.1867343e-01
3.9129499e-01   3.2035103e-01
3.7560999e-01   3.2164672e-01
3.6004400e-01   3.2237172e-01
3.4461200e-01   3.2284284e-01
3.2933000e-01   3.2263207e-01
3.1421301e-01   3.2160893e-01
2.9927900e-01   3.2007575e-01
2.8454101e-01   3.1810945e-01
2.7001500e-01   3.1556749e-01
2.5571701e-01   3.1245536e-01
2.4166100e-01   3.0860344e-01
2.2786200e-01   3.0442500e-01
2.1433599e-01   2.9941443e-01
2.0109500e-01   2.9356417e-01
1.8815500e-01   2.8699639e-01
1.7553000e-01   2.7983263e-01
1.6323400e-01   2.7221763e-01
1.5128000e-01   2.6391545e-01
1.3968100e-01   2.5515559e-01
1.2845200e-01   2.4592806e-01
1.1760600e-01   2.3600927e-01
1.0715500e-01   2.2541569e-01
9.7112998e-02   2.1479805e-01
8.7493002e-02   2.0355251e-01
7.8305997e-02   1.9177039e-01
6.9565997e-02   1.7971437e-01
6.1285000e-02   1.6745639e-01
5.3474002e-02   1.5474744e-01
4.6149999e-02   1.4206688e-01
3.9326001e-02   1.2922761e-01
3.3013999e-02   1.1636720e-01
2.7230000e-02   1.0362617e-01
2.1980001e-02   9.1015890e-02
1.7277000e-02   7.8702964e-02
1.3141000e-02   6.6380516e-02
9.5729996e-03   5.4475039e-02
6.5830001e-03   4.3123804e-02
4.1880002e-03   3.2708630e-02
2.3540000e-03   2.3218879e-02
1.0810000e-03   1.5240696e-02
3.7100000e-04   8.6559197e-03
7.6999997e-05   3.9228778e-03
4.9999999e-06   9.7403530e-04
0.0000000e+00   1.0567861e-05
4.9999999e-06   -8.9927902e-04
7.6999997e-05   -3.7646436e-03
3.7100000e-04   -7.9975026e-03
1.0810000e-03   -1.3552350e-02
2.3530000e-03   -1.9621139e-02
4.1880002e-03   -2.5807388e-02
6.5850001e-03   -3.1092377e-02
9.5760003e-03   -3.5347093e-02
1.3145000e-02   -3.8461700e-02
1.7281000e-02   -4.0392529e-02
2.1983000e-02   -4.1452117e-02
2.7232001e-02   -4.2292301e-02
3.3016000e-02   -4.2577945e-02
3.9328001e-02   -4.2387612e-02
4.6151999e-02   -4.1978482e-02
5.3475998e-02   -4.1194364e-02
6.1287001e-02   -4.0053576e-02
6.9568001e-02   -3.8619757e-02
7.8308001e-02   -3.7061922e-02
8.7494999e-02   -3.5198662e-02
9.7115003e-02   -3.3155281e-02
1.0715700e-01   -3.1224603e-02
1.1760800e-01   -2.9087722e-02
1.2845400e-01   -2.7053365e-02
1.3968299e-01   -2.4897294e-02
1.5128200e-01   -2.2436362e-02
1.6323499e-01   -1.9990046e-02
1.7553200e-01   -1.7639425e-02
1.8815701e-01   -1.5270491e-02
2.0109700e-01   -1.3005895e-02
2.1433701e-01   -1.0543105e-02
2.2786400e-01   -8.5952776e-03
2.4166299e-01   -6.5866797e-03
2.5571901e-01   -4.4439961e-03
2.7001700e-01   -2.6936391e-03
2.8454199e-01   -5.5906916e-04
2.9927999e-01   1.4170846e-03
3.1421500e-01   3.2047743e-03
3.2933101e-01   4.8771859e-03
3.4461299e-01   6.5309000e-03
3.6004499e-01   8.1176246e-03
3.7561101e-01   9.6186632e-03
3.9129600e-01   1.0912321e-02
4.0708300e-01   1.2041337e-02
4.2295700e-01   1.3047670e-02
4.3890101e-01   1.3591823e-02
4.5489901e-01   1.4301055e-02
4.7093499e-01   1.4933608e-02
4.8699200e-01   1.5342954e-02
5.0305498e-01   1.5751662e-02
5.1910698e-01   1.6014406e-02
5.3513199e-01   1.5855333e-02
5.5111402e-01   1.6125295e-02
5.6703597e-01   1.6089080e-02
5.8288401e-01   1.6494127e-02
5.9864002e-01   1.6421607e-02
6.1429000e-01   1.6456183e-02
6.2981701e-01   1.6217032e-02
6.4520597e-01   1.6317945e-02
6.6044199e-01   1.5870782e-02
6.7550898e-01   1.5796617e-02
6.9039297e-01   1.5495852e-02
7.0507699e-01   1.5364008e-02
7.1954900e-01   1.4921564e-02
7.3379302e-01   1.4586375e-02
7.4779499e-01   1.4210966e-02
7.6154202e-01   1.3629774e-02
7.7501899e-01   1.2888825e-02
7.8821403e-01   1.2028747e-02
8.0111301e-01   1.1441208e-02
8.1370401e-01   1.0872893e-02
8.2597297e-01   1.0014813e-02
8.3791000e-01   9.4793933e-03
8.4950101e-01   8.7323636e-03
8.6073500e-01   7.9984916e-03
8.7160099e-01   7.0650838e-03
8.8208801e-01   6.4235115e-03
8.9218402e-01   5.8095716e-03
9.0188003e-01   4.9788728e-03
9.1116500e-01   4.3181675e-03
9.2003101e-01   3.6566700e-03
9.2846799e-01   3.0125689e-03
9.3646699e-01   2.6219939e-03
9.4401902e-01   2.0909326e-03
9.5111603e-01   1.6530849e-03
9.5775098e-01   1.2699992e-03
9.6392000e-01   1.0034690e-03
9.6961600e-01   6.2256440e-04
9.7483599e-01   3.8689838e-04
9.7957498e-01   1.5516463e-04
9.8383099e-01   -6.5951841e-05
9.8759800e-01   -1.1563953e-04
9.9087399e-01   -6.7560235e-05
9.9365300e-01   -5.3473748e-05
9.9593401e-01   -9.0766640e-05
9.9771100e-01   -3.9927254e-06
9.9898201e-01   6.3931904e-05
9.9974501e-01   -4.6031142e-05
1.0000000e+00   2.3200428e-05
