1.0000000e+00   4.7018332e-03
9.9974501e-01   4.8680878e-03
9.9898201e-01   5.3608697e-03
9.9771100e-01   6.1665522e-03
9.9593300e-01   7.2780978e-03
9.9365300e-01   8.7050525e-03
9.9087399e-01   1.0465557e-02
9.8759800e-01   1.2536637e-02
9.8382998e-01   1.4926368e-02
9.7957498e-01   1.7624907e-02
9.7483599e-01   2.0598263e-02
9.6961600e-01   2.3848824e-02
9.6392000e-01   2.7408142e-02
9.5775098e-01   3.1275302e-02
9.5111603e-01   3.5438012e-02
9.4401902e-01   3.9870262e-02
9.3646699e-01   4.4551827e-02
9.2846799e-01   4.9470603e-02
9.2003101e-01   5.4623809e-02
9.1116500e-01   6.0016278e-02
9.0187901e-01   6.5670796e-02
8.9218301e-01   7.1590096e-02
8.8208699e-01   7.7753328e-02
8.7160099e-01   8.4136084e-02
8.6073500e-01   9.0714686e-02
8.4950101e-01   9.7464383e-02
8.3791000e-01   1.0438643e-01
8.2597399e-01   1.1146967e-01
8.1370401e-01   1.1867653e-01
8.0111301e-01   1.2598282e-01
7.8821403e-01   1.3335937e-01
7.7501899e-01   1.4080742e-01
7.6154101e-01   1.4831515e-01
7.4779499e-01   1.5584578e-01
7.3379201e-01   1.6338104e-01
7.1954799e-01   1.7089778e-01
7.0507699e-01   1.7838135e-01
6.9039202e-01   1.8580762e-01
6.7550898e-01   1.9319677e-01
6.6044199e-01   2.0052302e-01
6.4520597e-01   2.0775568e-01
6.2981701e-01   2.1484533e-01
6.1429000e-01   2.2175130e-01
5.9864002e-01   2.2848490e-01
5.8288401e-01   2.3502722e-01
5.6703597e-01   2.4132793e-01
5.5111301e-01   2.4736872e-01
5.3513098e-01   2.5315207e-01
5.1910597e-01   2.5866619e-01
5.0305402e-01   2.6386872e-01
4.8699099e-01   2.6875591e-01
4.7093400e-01   2.7333900e-01
4.5489800e-01   2.7759150e-01
4.3889999e-01   2.8143767e-01
4.2295599e-01   2.8485307e-01
4.0708300e-01   2.8783143e-01
3.9129499e-01   2.9036671e-01
3.7560999e-01   2.9240492e-01
3.6004400e-01   2.9392859e-01
3.4461200e-01   2.9495990e-01
3.2933000e-01   2.9549539e-01
3.1421301e-01   2.9548931e-01
2.9927900e-01   2.9494601e-01
2.8454101e-01   2.9388094e-01
2.7001500e-01   2.9222369e-01
2.5571701e-01   2.8986177e-01
2.4166100e-01   2.8677291e-01
2.2786200e-01   2.8301117e-01
2.1433599e-01   2.7852964e-01
2.0109500e-01   2.7330726e-01
1.8815500e-01   2.6737779e-01
1.7553000e-01   2.6080653e-01
1.6323400e-01   2.5365120e-01
1.5128000e-01   2.4590404e-01
1.3968100e-01   2.3758596e-01
1.2845200e-01   2.2877626e-01
1.1760600e-01   2.1945579e-01
1.0715500e-01   2.0962557e-01
9.7112998e-02   1.9931209e-01
8.7493002e-02   1.8853875e-01
7.8305997e-02   1.7737760e-01
6.9565997e-02   1.6588011e-01
6.1285000e-02   1.5400329e-01
5.3474002e-02   1.4180264e-01
4.6149999e-02   1.2943417e-01
3.9326001e-02   1.1707447e-01
3.3013999e-02   1.0491902e-01
2.7230000e-02   9.3314089e-02
2.1980001e-02   8.2428329e-02
1.7277000e-02   7.1685337e-02
1.3141000e-02   6.0914148e-02
9.5729996e-03   5.0423119e-02
6.5830001e-03   4.0460385e-02
4.1880002e-03   3.1148525e-02
2.3540000e-03   2.2670157e-02
1.0810000e-03   1.5226984e-02
3.7100000e-04   9.0801790e-03
7.6999997e-05   4.4756290e-03
4.9999999e-06   1.6196741e-03
0.0000000e+00   6.5293780e-04
4.9999999e-06   -2.8568716e-04
7.6999997e-05   -2.9458257e-03
3.7100000e-04   -6.8822377e-03
1.0810000e-03   -1.1443502e-02
2.3530000e-03   -1.5841814e-02
4.1880002e-03   -1.9319715e-02
6.5850001e-03   -2.1599062e-02
9.5760003e-03   -2.3288766e-02
1.3145000e-02   -2.4543719e-02
1.7281000e-02   -2.4233235e-02
2.1983000e-02   -2.2564378e-02
2.7232001e-02   -2.0095225e-02
3.3016000e-02   -1.6968276e-02
3.9328001e-02   -1.3357240e-02
4.6151999e-02   -9.3477480e-03
5.3475998e-02   -4.9811304e-03
6.1287001e-02   -2.5282055e-04
6.9568001e-02   4.8739933e-03
7.8308001e-02   1.0322416e-02
8.7494999e-02   1.5937699e-02
9.7115003e-02   2.1616764e-02
1.0715700e-01   2.7249483e-02
1.1760800e-01   3.2806717e-02
1.2845400e-01   3.8277179e-02
1.3968299e-01   4.3693129e-02
1.5128200e-01   4.9091745e-02
1.6323499e-01   5.4427240e-02
1.7553200e-01   5.9613798e-02
1.8815701e-01   6.4602755e-02
2.0109700e-01   6.9329329e-02
2.1433701e-01   7.3733427e-02
2.2786400e-01   7.7812366e-02
2.4166299e-01   8.1522301e-02
2.5571901e-01   8.4804326e-02
2.7001700e-01   8.7663628e-02
2.8454199e-01   9.0147890e-02
2.9927999e-01   9.2262574e-02
3.1421500e-01   9.3970403e-02
3.2933101e-01   9.5271833e-02
3.4461299e-01   9.6196607e-02
3.6004499e-01   9.6754335e-02
3.7561101e-01   9.6931420e-02
3.9129600e-01   9.6726581e-02
4.0708300e-01   9.6135169e-02
4.2295700e-01   9.5196195e-02
4.3890101e-01   9.3919776e-02
4.5489901e-01   9.2332453e-02
4.7093499e-01   9.0496041e-02
4.8699200e-01   8.8459462e-02
5.0305498e-01   8.6233459e-02
5.1910698e-01   8.3839215e-02
5.3513199e-01   8.1283376e-02
5.5111402e-01   7.8590043e-02
5.6703597e-01   7.5772971e-02
5.8288401e-01   7.2831906e-02
5.9864002e-01   6.9783054e-02
6.1429000e-01   6.6655554e-02
6.2981701e-01   6.3472115e-02
6.4520597e-01   6.0256049e-02
6.6044199e-01   5.7031199e-02
6.7550898e-01   5.3831011e-02
6.9039297e-01   5.0650124e-02
7.0507699e-01   4.7498491e-02
7.1954900e-01   4.4400278e-02
7.3379302e-01   4.1369300e-02
7.4779499e-01   3.8389701e-02
7.6154202e-01   3.5458781e-02
7.7501899e-01   3.2578584e-02
7.8821403e-01   2.9777141e-02
8.0111301e-01   2.7068997e-02
8.1370401e-01   2.4463216e-02
8.2597297e-01   2.1974415e-02
8.3791000e-01   1.9607453e-02
8.4950101e-01   1.7360996e-02
8.6073500e-01   1.5221065e-02
8.7160099e-01   1.3172085e-02
8.8208801e-01   1.1210423e-02
8.9218402e-01   9.3314638e-03
9.0188003e-01   7.5489865e-03
9.1116500e-01   5.8742627e-03
9.2003101e-01   4.3308423e-03
9.2846799e-01   2.9537759e-03
9.3646699e-01   1.7629210e-03
9.4401902e-01   7.4607402e-04
9.5111603e-01   -1.1725817e-04
9.5775098e-01   -8.2374905e-04
9.6392000e-01   -1.3515699e-03
9.6961600e-01   -1.6730105e-03
9.7483599e-01   -1.8161460e-03
9.7957498e-01   -1.8680223e-03
9.8383099e-01   -1.8883763e-03
9.8759800e-01   -1.8472483e-03
9.9087399e-01   -1.7646197e-03
9.9365300e-01   -1.6988490e-03
9.9593401e-01   -1.6884797e-03
9.9771100e-01   -1.7084463e-03
9.9898201e-01   -1.7457010e-03
9.9974501e-01   -1.7780149e-03
1.0000000e+00   -1.7906008e-03
