1.0000000e+00   6.3353690e-04
9.9974501e-01   7.4554863e-04
9.9898201e-01   1.4101291e-03
9.9771100e-01   2.0338553e-03
9.9593300e-01   3.0884813e-03
9.9365300e-01   4.2009284e-03
9.9087399e-01   5.2703144e-03
9.8759800e-01   7.1486756e-03
9.8382998e-01   8.9661600e-03
9.7957498e-01   1.1352137e-02
9.7483599e-01   1.3934509e-02
9.6961600e-01   1.6738571e-02
9.6392000e-01   1.9885179e-02
9.5775098e-01   2.2994669e-02
9.5111603e-01   2.6268063e-02
9.4401902e-01   2.9984560e-02
9.3646699e-01   3.3701416e-02
9.2846799e-01   3.7617069e-02
9.2003101e-01   4.1962124e-02
9.1116500e-01   4.6369381e-02
9.0187901e-01   5.1415358e-02
8.9218301e-01   5.6013886e-02
8.8208699e-01   6.1387815e-02
8.7160099e-01   6.6928320e-02
8.6073500e-01   7.2620302e-02
8.4950101e-01   7.8605220e-02
8.3791000e-01   8.4379300e-02
8.2597399e-01   9.1303341e-02
8.1370401e-01   9.8174252e-02
8.0111301e-01   1.0464954e-01
7.8821403e-01   1.1237058e-01
7.7501899e-01   1.1965279e-01
7.6154101e-01   1.2714422e-01
7.4779499e-01   1.3530040e-01
7.3379201e-01   1.4300790e-01
7.1954799e-01   1.5110366e-01
7.0507699e-01   1.5956534e-01
6.9039202e-01   1.6812238e-01
6.7550898e-01   1.7649093e-01
6.6044199e-01   1.8469843e-01
6.4520597e-01   1.9403785e-01
6.2981701e-01   2.0225112e-01
6.1429000e-01   2.1109454e-01
5.9864002e-01   2.1961363e-01
5.8288401e-01   2.2828466e-01
5.6703597e-01   2.3655234e-01
5.5111301e-01   2.4522755e-01
5.3513098e-01   2.5292712e-01
5.1910597e-01   2.6106912e-01
5.0305402e-01   2.6850191e-01
4.8699099e-01   2.7570605e-01
4.7093400e-01   2.8250942e-01
4.5489800e-01   2.8939503e-01
4.3889999e-01   2.9478788e-01
4.2295599e-01   3.0010897e-01
4.0708300e-01   3.0507243e-01
3.9129499e-01   3.0859235e-01
3.7560999e-01   3.1235057e-01
3.6004400e-01   3.1523806e-01
3.4461200e-01   3.1689191e-01
3.2933000e-01   3.1840265e-01
3.1421301e-01   3.1860876e-01
2.9927900e-01   3.1823134e-01
2.8454101e-01   3.1699389e-01
2.7001500e-01   3.1465805e-01
2.5571701e-01   3.1193531e-01
2.4166100e-01   3.0787107e-01
2.2786200e-01   3.0354229e-01
2.1433599e-01   2.9851201e-01
2.0109500e-01   2.9237032e-01
1.8815500e-01   2.8554833e-01
1.7553000e-01   2.7777848e-01
1.6323400e-01   2.6941979e-01
1.5128000e-01   2.6044020e-01
1.3968100e-01   2.5013661e-01
1.2845200e-01   2.4014355e-01
1.1760600e-01   2.2900072e-01
1.0715500e-01   2.1796724e-01
9.7112998e-02   2.0581612e-01
8.7493002e-02   1.9343314e-01
7.8305997e-02   1.8122233e-01
6.9565997e-02   1.6832887e-01
6.1285000e-02   1.5589757e-01
5.3474002e-02   1.4310883e-01
4.6149999e-02   1.3003322e-01
3.9326001e-02   1.1730634e-01
3.3013999e-02   1.0493161e-01
2.7230000e-02   9.2472069e-02
2.1980001e-02   8.0253951e-02
1.7277000e-02   6.8560563e-02
1.3141000e-02   5.7103917e-02
9.5729996e-03   4.6274554e-02
6.5830001e-03   3.6299523e-02
4.1880002e-03   2.7371507e-02
2.3540000e-03   1.9362906e-02
1.0810000e-03   1.2844443e-02
3.7100000e-04   7.8579495e-03
7.6999997e-05   4.1189175e-03
4.9999999e-06   1.6728448e-03
0.0000000e+00   9.5675833e-04
4.9999999e-06   1.5529571e-04
7.6999997e-05   -1.9117109e-03
3.7100000e-04   -5.5288807e-03
1.0810000e-03   -1.0383635e-02
2.3530000e-03   -1.6018506e-02
4.1880002e-03   -2.2406384e-02
6.5850001e-03   -2.8887331e-02
9.5760003e-03   -3.4697995e-02
1.3145000e-02   -3.9541811e-02
1.7281000e-02   -4.3069769e-02
2.1983000e-02   -4.5537457e-02
2.7232001e-02   -4.7371306e-02
3.3016000e-02   -4.8599966e-02
3.9328001e-02   -4.9150009e-02
4.6151999e-02   -4.9706109e-02
5.3475998e-02   -4.9169052e-02
6.1287001e-02   -4.8043661e-02
6.9568001e-02   -4.7166292e-02
7.8308001e-02   -4.5729779e-02
8.7494999e-02   -4.3767214e-02
9.7115003e-02   -4.2287182e-02
1.0715700e-01   -4.0416483e-02
1.1760800e-01   -3.8916599e-02
1.2845400e-01   -3.6667060e-02
1.3968299e-01   -3.4974150e-02
1.5128200e-01   -3.3003967e-02
1.6323499e-01   -3.1779166e-02
1.7553200e-01   -2.9752754e-02
1.8815701e-01   -2.8275676e-02
2.0109700e-01   -2.6718209e-02
2.1433701e-01   -2.5248377e-02
2.2786400e-01   -2.3481980e-02
2.4166299e-01   -2.1878293e-02
2.5571901e-01   -2.0751938e-02
2.7001700e-01   -1.9725334e-02
2.8454199e-01   -1.9025350e-02
2.9927999e-01   -1.8413411e-02
3.1421500e-01   -1.7211827e-02
3.2933101e-01   -1.6565975e-02
3.4461299e-01   -1.6191438e-02
3.6004499e-01   -1.5866326e-02
3.7561101e-01   -1.5496530e-02
3.9129600e-01   -1.5565904e-02
4.0708300e-01   -1.4670027e-02
4.2295700e-01   -1.5269389e-02
4.3890101e-01   -1.4937005e-02
4.5489901e-01   -1.4697053e-02
4.7093499e-01   -1.5169281e-02
4.8699200e-01   -1.5244123e-02
5.0305498e-01   -1.5798919e-02
5.1910698e-01   -1.5696675e-02
5.3513199e-01   -1.5958337e-02
5.5111402e-01   -1.6395701e-02
5.6703597e-01   -1.6437812e-02
5.8288401e-01   -1.6616059e-02
5.9864002e-01   -1.6813966e-02
6.1429000e-01   -1.7078388e-02
6.2981701e-01   -1.7061895e-02
6.4520597e-01   -1.7486436e-02
6.6044199e-01   -1.7859276e-02
6.7550898e-01   -1.7779876e-02
6.9039297e-01   -1.7757356e-02
7.0507699e-01   -1.7874306e-02
7.1954900e-01   -1.7539587e-02
7.3379302e-01   -1.7815992e-02
7.4779499e-01   -1.7255902e-02
7.6154202e-01   -1.6711384e-02
7.7501899e-01   -1.5866987e-02
7.8821403e-01   -1.5898630e-02
8.0111301e-01   -1.5297649e-02
8.1370401e-01   -1.4562662e-02
8.2597297e-01   -1.3599059e-02
8.3791000e-01   -1.3020084e-02
8.4950101e-01   -1.2082553e-02
8.6073500e-01   -1.1405845e-02
8.7160099e-01   -1.0090600e-02
8.8208801e-01   -9.5762825e-03
8.9218402e-01   -8.7610073e-03
9.0188003e-01   -8.1329374e-03
9.1116500e-01   -7.5213960e-03
9.2003101e-01   -6.5582916e-03
9.2846799e-01   -5.9543452e-03
9.3646699e-01   -5.4111355e-03
9.4401902e-01   -4.9767378e-03
9.5111603e-01   -4.2779138e-03
9.5775098e-01   -4.0503172e-03
9.6392000e-01   -3.6288786e-03
9.6961600e-01   -3.3765764e-03
9.7483599e-01   -2.9366277e-03
9.7957498e-01   -3.1459152e-03
9.8383099e-01   -2.8777746e-03
9.8759800e-01   -2.7453220e-03
9.9087399e-01   -2.5401928e-03
9.9365300e-01   -2.6179808e-03
9.9593401e-01   -2.6464819e-03
9.9771100e-01   -2.5210567e-03
9.9898201e-01   -2.2269702e-03
9.9974501e-01   -2.2137726e-03
1.0000000e+00   -2.1209049e-03
