1.0000000e+00   3.1972232e-03
9.9974501e-01   3.6725809e-03
9.9898201e-01   3.6817112e-03
9.9771100e-01   5.4979008e-03
9.9593300e-01   6.3669067e-03
9.9365300e-01   8.2338583e-03
9.9087399e-01   9.8177064e-03
9.8759800e-01   1.1076773e-02
9.8382998e-01   1.5086046e-02
9.7957498e-01   1.7318385e-02
9.7483599e-01   1.9726152e-02
9.6961600e-01   2.2779802e-02
9.6392000e-01   2.7337581e-02
9.5775098e-01   3.0726360e-02
9.5111603e-01   3.5159428e-02
9.4401902e-01   3.8985461e-02
9.3646699e-01   4.3975875e-02
9.2846799e-01   4.8551220e-02
9.2003101e-01   5.3865056e-02
9.1116500e-01   5.7269663e-02
9.0187901e-01   6.2653564e-02
8.9218301e-01   6.8588212e-02
8.8208699e-01   7.3705003e-02
8.7160099e-01   7.8724138e-02
8.6073500e-01   8.3953239e-02
8.4950101e-01   8.9935504e-02
8.3791000e-01   9.5355667e-02
8.2597399e-01   1.0123299e-01
8.1370401e-01   1.0697104e-01
8.0111301e-01   1.1289000e-01
7.8821403e-01   1.2086984e-01
7.7501899e-01   1.2490106e-01
7.6154101e-01   1.3061233e-01
7.4779499e-01   1.3784544e-01
7.3379201e-01   1.4267768e-01
7.1954799e-01   1.4992844e-01
7.0507699e-01   1.5385665e-01
6.9039202e-01   1.6059729e-01
6.7550898e-01   1.6577090e-01
6.6044199e-01   1.7088056e-01
6.4520597e-01   1.7752305e-01
6.2981701e-01   1.8149471e-01
6.1429000e-01   1.8615305e-01
5.9864002e-01   1.9196840e-01
5.8288401e-01   1.9527861e-01
5.6703597e-01   1.9905046e-01
5.5111301e-01   2.0363405e-01
5.3513098e-01   2.0616387e-01
5.1910597e-01   2.0907260e-01
5.0305402e-01   2.1079986e-01
4.8699099e-01   2.1364120e-01
4.7093400e-01   2.1386988e-01
4.5489800e-01   2.1523377e-01
4.3889999e-01   2.1488757e-01
4.2295599e-01   2.1470152e-01
4.0708300e-01   2.1679641e-01
3.9129499e-01   2.1507463e-01
3.7560999e-01   2.1366596e-01
3.6004400e-01   2.1313742e-01
3.4461200e-01   2.1182661e-01
3.2933000e-01   2.1075068e-01
3.1421301e-01   2.0709060e-01
2.9927900e-01   2.0460983e-01
2.8454101e-01   2.0129877e-01
2.7001500e-01   1.9854878e-01
2.5571701e-01   1.9440739e-01
2.4166100e-01   1.9087416e-01
2.2786200e-01   1.8788339e-01
2.1433599e-01   1.8321244e-01
2.0109500e-01   1.7793189e-01
1.8815500e-01   1.7400061e-01
1.7553000e-01   1.6878407e-01
1.6323400e-01   1.6407935e-01
1.5128000e-01   1.5930404e-01
1.3968100e-01   1.5489599e-01
1.2845200e-01   1.4839397e-01
1.1760600e-01   1.4234367e-01
1.0715500e-01   1.3791561e-01
9.7112998e-02   1.3223961e-01
8.7493002e-02   1.2515180e-01
7.8305997e-02   1.2002429e-01
6.9565997e-02   1.1367989e-01
6.1285000e-02   1.0515807e-01
5.3474002e-02   9.9616684e-02
4.6149999e-02   9.3014024e-02
3.9326001e-02   8.5369639e-02
3.3013999e-02   7.8224100e-02
2.7230000e-02   7.0316009e-02
2.1980001e-02   6.2929884e-02
1.7277000e-02   5.5938169e-02
1.3141000e-02   4.8192289e-02
9.5729996e-03   4.1141931e-02
6.5830001e-03   3.2855116e-02
4.1880002e-03   2.6664160e-02
2.3540000e-03   1.8643392e-02
1.0810000e-03   1.1863220e-02
3.7100000e-04   6.1832960e-03
7.6999997e-05   2.1323371e-03
4.9999999e-06   -5.6143897e-04
0.0000000e+00   -1.5172379e-03
4.9999999e-06   -3.0516584e-03
7.6999997e-05   -5.5730990e-03
3.7100000e-04   -8.8042198e-03
1.0810000e-03   -1.3480582e-02
2.3530000e-03   -1.8809291e-02
4.1880002e-03   -2.2353353e-02
6.5850001e-03   -2.5191272e-02
9.5760003e-03   -2.7000839e-02
1.3145000e-02   -2.8800441e-02
1.7281000e-02   -2.8902581e-02
2.1983000e-02   -2.8801721e-02
2.7232001e-02   -2.8245097e-02
3.3016000e-02   -2.7644332e-02
3.9328001e-02   -2.5656527e-02
4.6151999e-02   -2.3860374e-02
5.3475998e-02   -2.2047263e-02
6.1287001e-02   -1.9729881e-02
6.9568001e-02   -1.7631240e-02
7.8308001e-02   -1.4367340e-02
8.7494999e-02   -1.2035441e-02
9.7115003e-02   -8.3693471e-03
1.0715700e-01   -5.6623397e-03
1.1760800e-01   -2.8225034e-03
1.2845400e-01   -5.4761389e-04
1.3968299e-01   3.0619109e-03
1.5128200e-01   4.5223152e-03
1.6323499e-01   8.5218679e-03
1.7553200e-01   1.2153042e-02
1.8815701e-01   1.5152316e-02
2.0109700e-01   1.8866405e-02
2.1433701e-01   2.1082161e-02
2.2786400e-01   2.2471750e-02
2.4166299e-01   2.6642177e-02
2.5571901e-01   2.8767072e-02
2.7001700e-01   3.1227814e-02
2.8454199e-01   3.4096532e-02
2.9927999e-01   3.6767665e-02
3.1421500e-01   3.9660186e-02
3.2933101e-01   4.1681342e-02
3.4461299e-01   4.2368539e-02
3.6004499e-01   4.4721905e-02
3.7561101e-01   4.5716029e-02
3.9129600e-01   4.8011821e-02
4.0708300e-01   4.5873791e-02
4.2295700e-01   4.6620857e-02
4.3890101e-01   4.6329759e-02
4.5489901e-01   4.7246087e-02
4.7093499e-01   4.6315826e-02
4.8699200e-01   4.4990722e-02
5.0305498e-01   4.4196278e-02
5.1910698e-01   4.2966377e-02
5.3513199e-01   4.2813215e-02
5.5111402e-01   4.1483767e-02
5.6703597e-01   3.8776685e-02
5.8288401e-01   3.9086897e-02
5.9864002e-01   3.5997517e-02
6.1429000e-01   3.4860168e-02
6.2981701e-01   3.2910317e-02
6.4520597e-01   3.0740445e-02
6.6044199e-01   2.8909767e-02
6.7550898e-01   2.7056675e-02
6.9039297e-01   2.5153762e-02
7.0507699e-01   2.3568021e-02
7.1954900e-01   2.0599078e-02
7.3379302e-01   1.8664861e-02
7.4779499e-01   1.6351324e-02
7.6154202e-01   1.5993537e-02
7.7501899e-01   1.3804881e-02
7.8821403e-01   1.3212254e-02
8.0111301e-01   1.1755287e-02
8.1370401e-01   1.0317705e-02
8.2597297e-01   8.2548438e-03
8.3791000e-01   6.1511188e-03
8.4950101e-01   4.8189070e-03
8.6073500e-01   5.3832233e-03
8.7160099e-01   2.9021811e-03
8.8208801e-01   3.0812265e-03
8.9218402e-01   2.6040182e-03
9.0188003e-01   1.6895954e-03
9.1116500e-01   6.4946234e-04
9.2003101e-01   -4.4244991e-04
9.2846799e-01   -3.3792621e-04
9.3646699e-01   -3.4245662e-04
9.4401902e-01   -1.2333168e-03
9.5111603e-01   -7.7085517e-04
9.5775098e-01   -5.1301287e-04
9.6392000e-01   -4.4857871e-04
9.6961600e-01   -9.7327522e-04
9.7483599e-01   -5.4416381e-04
9.7957498e-01   -2.8637634e-04
9.8383099e-01   -8.9629926e-04
9.8759800e-01   -6.5247889e-04
9.9087399e-01   -2.0657049e-04
9.9365300e-01   -3.5476076e-04
9.9593401e-01   -7.8841113e-05
9.9771100e-01   -5.1423715e-04
9.9898201e-01   4.2821650e-04
9.9974501e-01   3.4493394e-05
1.0000000e+00   4.9775647e-04
