1.0000000e+00   5.1594535e-03
9.9974501e-01   4.9001127e-03
9.9898201e-01   5.4400750e-03
9.9771100e-01   7.3795393e-03
9.9593300e-01   8.4175840e-03
9.9365300e-01   1.1233468e-02
9.9087399e-01   1.4912987e-02
9.8759800e-01   1.7866505e-02
9.8382998e-01   2.1903684e-02
9.7957498e-01   2.6142007e-02
9.7483599e-01   3.0915672e-02
9.6961600e-01   3.6513239e-02
9.6392000e-01   4.2365808e-02
9.5775098e-01   4.8821259e-02
9.5111603e-01   5.5795562e-02
9.4401902e-01   6.2989928e-02
9.3646699e-01   7.0330158e-02
9.2846799e-01   7.8216836e-02
9.2003101e-01   8.6596616e-02
9.1116500e-01   9.5212683e-02
9.0187901e-01   1.0364204e-01
8.9218301e-01   1.1341149e-01
8.8208699e-01   1.2301982e-01
8.7160099e-01   1.3239086e-01
8.6073500e-01   1.4338560e-01
8.4950101e-01   1.5337661e-01
8.3791000e-01   1.6565628e-01
8.2597399e-01   1.7685291e-01
8.1370401e-01   1.8755589e-01
8.0111301e-01   1.9997539e-01
7.8821403e-01   2.1130146e-01
7.7501899e-01   2.2367789e-01
7.6154101e-01   2.3694061e-01
7.4779499e-01   2.4839610e-01
7.3379201e-01   2.6173341e-01
7.1954799e-01   2.7460620e-01
7.0507699e-01   2.8753227e-01
6.9039202e-01   2.9993129e-01
6.7550898e-01   3.1314883e-01
6.6044199e-01   3.2662582e-01
6.4520597e-01   3.3916327e-01
6.2981701e-01   3.5301152e-01
6.1429000e-01   3.6563841e-01
5.9864002e-01   3.7846485e-01
5.8288401e-01   3.9123824e-01
5.6703597e-01   4.0292194e-01
5.5111301e-01   4.1532081e-01
5.3513098e-01   4.2697495e-01
5.1910597e-01   4.3751743e-01
5.0305402e-01   4.4912672e-01
4.8699099e-01   4.5968431e-01
4.7093400e-01   4.6869409e-01
4.5489800e-01   4.7714034e-01
4.3889999e-01   4.8563427e-01
4.2295599e-01   4.9228042e-01
4.0708300e-01   4.9755028e-01
3.9129499e-01   5.0186467e-01
3.7560999e-01   5.0465554e-01
3.6004400e-01   5.0565445e-01
3.4461200e-01   5.0671399e-01
3.2933000e-01   5.0501585e-01
3.1421301e-01   5.0291485e-01
2.9927900e-01   4.9833408e-01
2.8454101e-01   4.9290466e-01
2.7001500e-01   4.8603594e-01
2.5571701e-01   4.7761807e-01
2.4166100e-01   4.6824494e-01
2.2786200e-01   4.5754194e-01
2.1433599e-01   4.4567457e-01
2.0109500e-01   4.3215510e-01
1.8815500e-01   4.1780195e-01
1.7553000e-01   4.0248626e-01
1.6323400e-01   3.8587406e-01
1.5128000e-01   3.6917162e-01
1.3968100e-01   3.5161880e-01
1.2845200e-01   3.3329892e-01
1.1760600e-01   3.1557268e-01
1.0715500e-01   2.9600704e-01
9.7112998e-02   2.7724591e-01
8.7493002e-02   2.5845358e-01
7.8305997e-02   2.3906325e-01
6.9565997e-02   2.2017218e-01
6.1285000e-02   2.0081341e-01
5.3474002e-02   1.8196563e-01
4.6149999e-02   1.6441283e-01
3.9326001e-02   1.4694810e-01
3.3013999e-02   1.2941603e-01
2.7230000e-02   1.1286750e-01
2.1980001e-02   9.7065769e-02
1.7277000e-02   8.1565052e-02
1.3141000e-02   6.7575999e-02
9.5729996e-03   5.4795492e-02
6.5830001e-03   4.3396678e-02
4.1880002e-03   3.3013284e-02
2.3540000e-03   2.4761152e-02
1.0810000e-03   1.7736396e-02
3.7100000e-04   1.1725149e-02
7.6999997e-05   7.8013111e-03
4.9999999e-06   5.5588745e-03
0.0000000e+00   4.7312351e-03
4.9999999e-06   3.8584149e-03
7.6999997e-05   1.6811311e-03
3.7100000e-04   -1.7358885e-03
1.0810000e-03   -6.5430026e-03
2.3530000e-03   -1.3261884e-02
4.1880002e-03   -2.0613365e-02
6.5850001e-03   -2.8931506e-02
9.5760003e-03   -3.8125079e-02
1.3145000e-02   -4.6767276e-02
1.7281000e-02   -5.4945961e-02
2.1983000e-02   -6.2204976e-02
2.7232001e-02   -6.8736501e-02
3.3016000e-02   -7.4595965e-02
3.9328001e-02   -8.0047265e-02
4.6151999e-02   -8.4665522e-02
5.3475998e-02   -8.8901110e-02
6.1287001e-02   -9.3109697e-02
6.9568001e-02   -9.6494816e-02
7.8308001e-02   -9.8493002e-02
8.7494999e-02   -1.0153156e-01
9.7115003e-02   -1.0318421e-01
1.0715700e-01   -1.0509158e-01
1.1760800e-01   -1.0671418e-01
1.2845400e-01   -1.0821618e-01
1.3968299e-01   -1.0994450e-01
1.5128200e-01   -1.1094609e-01
1.6323499e-01   -1.1186816e-01
1.7553200e-01   -1.1204121e-01
1.8815701e-01   -1.1193314e-01
2.0109700e-01   -1.1300206e-01
2.1433701e-01   -1.1312633e-01
2.2786400e-01   -1.1349735e-01
2.4166299e-01   -1.1352455e-01
2.5571901e-01   -1.1280445e-01
2.7001700e-01   -1.1265676e-01
2.8454199e-01   -1.1029704e-01
2.9927999e-01   -1.1023287e-01
3.1421500e-01   -1.0976638e-01
3.2933101e-01   -1.0804620e-01
3.4461299e-01   -1.0645756e-01
3.6004499e-01   -1.0590381e-01
3.7561101e-01   -1.0413073e-01
3.9129600e-01   -1.0341423e-01
4.0708300e-01   -1.0246925e-01
4.2295700e-01   -1.0017882e-01
4.3890101e-01   -9.9605553e-02
4.5489901e-01   -9.8946147e-02
4.7093499e-01   -9.6581481e-02
4.8699200e-01   -9.6012287e-02
5.0305498e-01   -9.4244696e-02
5.1910698e-01   -9.2624754e-02
5.3513199e-01   -9.1271199e-02
5.5111402e-01   -8.9549460e-02
5.6703597e-01   -8.8480361e-02
5.8288401e-01   -8.6240768e-02
5.9864002e-01   -8.3867610e-02
6.1429000e-01   -8.1986092e-02
6.2981701e-01   -7.9572387e-02
6.4520597e-01   -7.6931134e-02
6.6044199e-01   -7.5268842e-02
6.7550898e-01   -7.3689133e-02
6.9039297e-01   -7.0496872e-02
7.0507699e-01   -6.8180352e-02
7.1954900e-01   -6.5555282e-02
7.3379302e-01   -6.2613457e-02
7.4779499e-01   -5.9738379e-02
7.6154202e-01   -5.7988696e-02
7.7501899e-01   -5.5689104e-02
7.8821403e-01   -5.1412061e-02
8.0111301e-01   -4.8894625e-02
8.1370401e-01   -4.5852024e-02
8.2597297e-01   -4.3267444e-02
8.3791000e-01   -3.9930917e-02
8.4950101e-01   -3.6903717e-02
8.6073500e-01   -3.3464089e-02
8.7160099e-01   -3.2275457e-02
8.8208801e-01   -2.9000131e-02
8.9218402e-01   -2.6916439e-02
9.0188003e-01   -2.4362503e-02
9.1116500e-01   -2.2307014e-02
9.2003101e-01   -2.1308649e-02
9.2846799e-01   -1.9780524e-02
9.3646699e-01   -1.7593475e-02
9.4401902e-01   -1.5880914e-02
9.5111603e-01   -1.4910285e-02
9.5775098e-01   -1.3698270e-02
9.6392000e-01   -1.2079669e-02
9.6961600e-01   -1.0184462e-02
9.7483599e-01   -1.0030266e-02
9.7957498e-01   -8.6166421e-03
9.8383099e-01   -7.5641125e-03
9.8759800e-01   -6.7224624e-03
9.9087399e-01   -6.4919121e-03
9.9365300e-01   -5.5938070e-03
9.9593401e-01   -4.8209261e-03
9.9771100e-01   -4.5020538e-03
9.9898201e-01   -4.5519155e-03
9.9974501e-01   -3.9923340e-03
1.0000000e+00   -3.9464431e-03
