1.0000000e+00   7.7411449e-03
9.9974501e-01   8.0095325e-03
9.9898201e-01   8.8014752e-03
9.9771100e-01   1.0040937e-02
9.9593300e-01   1.1647226e-02
9.9365300e-01   1.3704155e-02
9.9087399e-01   1.6287370e-02
9.8759800e-01   1.9341720e-02
9.8382998e-01   2.2851832e-02
9.7957498e-01   2.6819248e-02
9.7483599e-01   3.1208688e-02
9.6961600e-01   3.6012694e-02
9.6392000e-01   4.1267574e-02
9.5775098e-01   4.6995535e-02
9.5111603e-01   5.3178687e-02
9.4401902e-01   5.9770092e-02
9.3646699e-01   6.6751137e-02
9.2846799e-01   7.4122608e-02
9.2003101e-01   8.1864208e-02
9.1116500e-01   8.9946792e-02
9.0187901e-01   9.8387025e-02
8.9218301e-01   1.0717709e-01
8.8208699e-01   1.1628287e-01
8.7160099e-01   1.2566189e-01
8.6073500e-01   1.3528831e-01
8.4950101e-01   1.4515272e-01
8.3791000e-01   1.5527426e-01
8.2597399e-01   1.6560766e-01
8.1370401e-01   1.7608966e-01
8.0111301e-01   1.8672965e-01
7.8821403e-01   1.9752945e-01
7.7501899e-01   2.0850159e-01
7.6154101e-01   2.1960577e-01
7.4779499e-01   2.3075236e-01
7.3379201e-01   2.4191181e-01
7.1954799e-01   2.5305778e-01
7.0507699e-01   2.6416138e-01
6.9039202e-01   2.7521729e-01
6.7550898e-01   2.8618222e-01
6.6044199e-01   2.9699662e-01
6.4520597e-01   3.0762196e-01
6.2981701e-01   3.1800419e-01
6.1429000e-01   3.2808012e-01
5.9864002e-01   3.3783609e-01
5.8288401e-01   3.4722143e-01
5.6703597e-01   3.5616311e-01
5.5111301e-01   3.6462602e-01
5.3513098e-01   3.7256747e-01
5.1910597e-01   3.7992841e-01
5.0305402e-01   3.8664222e-01
4.8699099e-01   3.9269179e-01
4.7093400e-01   3.9806840e-01
4.5489800e-01   4.0276504e-01
4.3889999e-01   4.0675688e-01
4.2295599e-01   4.1004503e-01
4.0708300e-01   4.1261986e-01
3.9129499e-01   4.1447970e-01
3.7560999e-01   4.1559896e-01
3.6004400e-01   4.1597787e-01
3.4461200e-01   4.1562486e-01
3.2933000e-01   4.1455832e-01
3.1421301e-01   4.1276863e-01
2.9927900e-01   4.1025358e-01
2.8454101e-01   4.0700030e-01
2.7001500e-01   4.0295520e-01
2.5571701e-01   3.9806691e-01
2.4166100e-01   3.9233240e-01
2.2786200e-01   3.8576335e-01
2.1433599e-01   3.7830758e-01
2.0109500e-01   3.7000033e-01
1.8815500e-01   3.6087513e-01
1.7553000e-01   3.5095087e-01
1.6323400e-01   3.4026363e-01
1.5128000e-01   3.2882386e-01
1.3968100e-01   3.1666917e-01
1.2845200e-01   3.0385807e-01
1.1760600e-01   2.9041770e-01
1.0715500e-01   2.7639571e-01
9.7112998e-02   2.6185867e-01
8.7493002e-02   2.4682376e-01
7.8305997e-02   2.3135228e-01
6.9565997e-02   2.1548070e-01
6.1285000e-02   1.9920035e-01
5.3474002e-02   1.8257244e-01
4.6149999e-02   1.6575009e-01
3.9326001e-02   1.4899147e-01
3.3013999e-02   1.3257430e-01
2.7230000e-02   1.1679678e-01
2.1980001e-02   1.0175893e-01
1.7277000e-02   8.6949095e-02
1.3141000e-02   7.2362237e-02
9.5729996e-03   5.8444254e-02
6.5830001e-03   4.5575071e-02
4.1880002e-03   3.3983286e-02
2.3540000e-03   2.3864172e-02
1.0810000e-03   1.5354009e-02
3.7100000e-04   8.5973665e-03
7.6999997e-05   3.7018880e-03
4.9999999e-06   7.3966314e-04
0.0000000e+00   -2.5184290e-04
4.9999999e-06   -1.2050831e-03
7.6999997e-05   -4.0460047e-03
3.7100000e-04   -8.6608455e-03
1.0810000e-03   -1.4805287e-02
2.3530000e-03   -2.2072662e-02
4.1880002e-03   -2.9973913e-02
6.5850001e-03   -3.8130615e-02
9.5760003e-03   -4.6663590e-02
1.3145000e-02   -5.5484086e-02
1.7281000e-02   -6.3060872e-02
2.1983000e-02   -6.9105990e-02
2.7232001e-02   -7.4004143e-02
3.3016000e-02   -7.8038998e-02
3.9328001e-02   -8.1417650e-02
4.6151999e-02   -8.4278911e-02
5.3475998e-02   -8.6701199e-02
6.1287001e-02   -8.8747412e-02
6.9568001e-02   -9.0467505e-02
7.8308001e-02   -9.1943100e-02
8.7494999e-02   -9.3165159e-02
9.7115003e-02   -9.4030812e-02
1.0715700e-01   -9.4527982e-02
1.1760800e-01   -9.4708532e-02
1.2845400e-01   -9.4584785e-02
1.3968299e-01   -9.4164044e-02
1.5128200e-01   -9.3475208e-02
1.6323499e-01   -9.2562243e-02
1.7553200e-01   -9.1443777e-02
1.8815701e-01   -9.0093531e-02
2.0109700e-01   -8.8513076e-02
2.1433701e-01   -8.6739786e-02
2.2786400e-01   -8.4762298e-02
2.4166299e-01   -8.2614779e-02
2.5571901e-01   -8.0341332e-02
2.7001700e-01   -7.7997804e-02
2.8454199e-01   -7.5623892e-02
2.9927999e-01   -7.3249310e-02
3.1421500e-01   -7.0915341e-02
3.2933101e-01   -6.8635918e-02
3.4461299e-01   -6.6420391e-02
3.6004499e-01   -6.4266041e-02
3.7561101e-01   -6.2179815e-02
3.9129600e-01   -6.0183913e-02
4.0708300e-01   -5.8277592e-02
4.2295700e-01   -5.6461353e-02
4.3890101e-01   -5.4742385e-02
4.5489901e-01   -5.3130440e-02
4.7093499e-01   -5.1601954e-02
4.8699200e-01   -5.0149798e-02
5.0305498e-01   -4.8777942e-02
5.1910698e-01   -4.7484189e-02
5.3513199e-01   -4.6256628e-02
5.5111402e-01   -4.5056447e-02
5.6703597e-01   -4.3866213e-02
5.8288401e-01   -4.2713229e-02
5.9864002e-01   -4.1622553e-02
6.1429000e-01   -4.0564992e-02
6.2981701e-01   -3.9523352e-02
6.4520597e-01   -3.8495082e-02
6.6044199e-01   -3.7487082e-02
6.7550898e-01   -3.6471240e-02
6.9039297e-01   -3.5446458e-02
7.0507699e-01   -3.4402702e-02
7.1954900e-01   -3.3342507e-02
7.3379302e-01   -3.2282617e-02
7.4779499e-01   -3.1261507e-02
7.6154202e-01   -3.0259246e-02
7.7501899e-01   -2.9288538e-02
7.8821403e-01   -2.8344678e-02
8.0111301e-01   -2.7419617e-02
8.1370401e-01   -2.6476720e-02
8.2597297e-01   -2.5466952e-02
8.3791000e-01   -2.4395656e-02
8.4950101e-01   -2.3273924e-02
8.6073500e-01   -2.2120873e-02
8.7160099e-01   -2.0965124e-02
8.8208801e-01   -1.9826010e-02
8.9218402e-01   -1.8718369e-02
9.0188003e-01   -1.7655274e-02
9.1116500e-01   -1.6636491e-02
9.2003101e-01   -1.5623822e-02
9.2846799e-01   -1.4582042e-02
9.3646699e-01   -1.3500065e-02
9.4401902e-01   -1.2397698e-02
9.5111603e-01   -1.1282901e-02
9.5775098e-01   -1.0148838e-02
9.6392000e-01   -8.9822942e-03
9.6961600e-01   -7.7577401e-03
9.7483599e-01   -6.4799893e-03
9.7957498e-01   -5.2330722e-03
9.8383099e-01   -4.0854593e-03
9.8759800e-01   -2.9986335e-03
9.9087399e-01   -1.9869974e-03
9.9365300e-01   -1.1450448e-03
9.9593401e-01   -5.3332181e-04
9.9771100e-01   -8.7935477e-05
9.9898201e-01   2.6051793e-04
9.9974501e-01   4.8679110e-04
1.0000000e+00   5.6184543e-04
