1.0000000e+00   -2.4093231e-05
9.9974501e-01   4.5161651e-04
9.9898201e-01   1.5842366e-03
9.9771100e-01   3.3052287e-03
9.9593300e-01   5.7302839e-03
9.9365300e-01   8.8366289e-03
9.9087399e-01   1.2483843e-02
9.8759800e-01   1.6886897e-02
9.8382998e-01   2.1931222e-02
9.7957498e-01   2.7517375e-02
9.7483599e-01   3.3667617e-02
9.6961600e-01   4.0188398e-02
9.6392000e-01   4.7274988e-02
9.5775098e-01   5.4604672e-02
9.5111603e-01   6.2569477e-02
9.4401902e-01   7.0835635e-02
9.3646699e-01   7.9690680e-02
9.2846799e-01   8.9156255e-02
9.2003101e-01   9.8796450e-02
9.1116500e-01   1.0887669e-01
9.0187901e-01   1.1948681e-01
8.9218301e-01   1.3013099e-01
8.8208699e-01   1.4114273e-01
8.7160099e-01   1.5266840e-01
8.6073500e-01   1.6457213e-01
8.4950101e-01   1.7670235e-01
8.3791000e-01   1.8916418e-01
8.2597399e-01   2.0177513e-01
8.1370401e-01   2.1480879e-01
8.0111301e-01   2.2792892e-01
7.8821403e-01   2.4110408e-01
7.7501899e-01   2.5457790e-01
7.6154101e-01   2.6807553e-01
7.4779499e-01   2.8162408e-01
7.3379201e-01   2.9497555e-01
7.1954799e-01   3.0878565e-01
7.0507699e-01   3.2212436e-01
6.9039202e-01   3.3550790e-01
6.7550898e-01   3.4893435e-01
6.6044199e-01   3.6223310e-01
6.4520597e-01   3.7501660e-01
6.2981701e-01   3.8759485e-01
6.1429000e-01   3.9961371e-01
5.9864002e-01   4.1147915e-01
5.8288401e-01   4.2290369e-01
5.6703597e-01   4.3345112e-01
5.5111301e-01   4.4347331e-01
5.3513098e-01   4.5295915e-01
5.1910597e-01   4.6199122e-01
5.0305402e-01   4.7016782e-01
4.8699099e-01   4.7763619e-01
4.7093400e-01   4.8422423e-01
4.5489800e-01   4.8984018e-01
4.3889999e-01   4.9445891e-01
4.2295599e-01   4.9822798e-01
4.0708300e-01   5.0091863e-01
3.9129499e-01   5.0270456e-01
3.7560999e-01   5.0378358e-01
3.6004400e-01   5.0343150e-01
3.4461200e-01   5.0248325e-01
3.2933000e-01   5.0054055e-01
3.1421301e-01   4.9731827e-01
2.9927900e-01   4.9312869e-01
2.8454101e-01   4.8812485e-01
2.7001500e-01   4.8168460e-01
2.5571701e-01   4.7445261e-01
2.4166100e-01   4.6630543e-01
2.2786200e-01   4.5745945e-01
2.1433599e-01   4.4737417e-01
2.0109500e-01   4.3589088e-01
1.8815500e-01   4.2381451e-01
1.7553000e-01   4.1054562e-01
1.6323400e-01   3.9645395e-01
1.5128000e-01   3.8135031e-01
1.3968100e-01   3.6551580e-01
1.2845200e-01   3.4910950e-01
1.1760600e-01   3.3204871e-01
1.0715500e-01   3.1421596e-01
9.7112998e-02   2.9663748e-01
8.7493002e-02   2.7819705e-01
7.8305997e-02   2.5946903e-01
6.9565997e-02   2.4030164e-01
6.1285000e-02   2.2120591e-01
5.3474002e-02   2.0210117e-01
4.6149999e-02   1.8307786e-01
3.9326001e-02   1.6418050e-01
3.3013999e-02   1.4566432e-01
2.7230000e-02   1.2761104e-01
2.1980001e-02   1.0995831e-01
1.7277000e-02   9.3241856e-02
1.3141000e-02   7.7193908e-02
9.5729996e-03   6.1997738e-02
6.5830001e-03   4.8023418e-02
4.1880002e-03   3.5664603e-02
2.3540000e-03   2.4958862e-02
1.0810000e-03   1.6160393e-02
3.7100000e-04   9.0228003e-03
7.6999997e-05   4.0511405e-03
4.9999999e-06   9.9475496e-04
0.0000000e+00   4.0752097e-06
4.9999999e-06   -9.1107504e-04
7.6999997e-05   -3.9037429e-03
3.7100000e-04   -8.4315604e-03
1.0810000e-03   -1.4836839e-02
2.3530000e-03   -2.2605123e-02
4.1880002e-03   -3.1768039e-02
6.5850001e-03   -4.1207109e-02
9.5760003e-03   -5.0961439e-02
1.3145000e-02   -6.0726553e-02
1.7281000e-02   -6.9963001e-02
2.1983000e-02   -7.8445338e-02
2.7232001e-02   -8.6640380e-02
3.3016000e-02   -9.4043426e-02
3.9328001e-02   -1.0085312e-01
4.6151999e-02   -1.0771310e-01
5.3475998e-02   -1.1382025e-01
6.1287001e-02   -1.1920427e-01
6.9568001e-02   -1.2433505e-01
7.8308001e-02   -1.2886029e-01
8.7494999e-02   -1.3307653e-01
9.7115003e-02   -1.3654518e-01
1.0715700e-01   -1.3994916e-01
1.1760800e-01   -1.4271484e-01
1.2845400e-01   -1.4526913e-01
1.3968299e-01   -1.4700738e-01
1.5128200e-01   -1.4836130e-01
1.6323499e-01   -1.4932859e-01
1.7553200e-01   -1.4995140e-01
1.8815701e-01   -1.5020064e-01
2.0109700e-01   -1.4984100e-01
2.1433701e-01   -1.4912784e-01
2.2786400e-01   -1.4896688e-01
2.4166299e-01   -1.4820808e-01
2.5571901e-01   -1.4669427e-01
2.7001700e-01   -1.4562251e-01
2.8454199e-01   -1.4361709e-01
2.9927999e-01   -1.4164123e-01
3.1421500e-01   -1.3952020e-01
3.2933101e-01   -1.3754360e-01
3.4461299e-01   -1.3494614e-01
3.6004499e-01   -1.3188930e-01
3.7561101e-01   -1.2881276e-01
3.9129600e-01   -1.2550390e-01
4.0708300e-01   -1.2206151e-01
4.2295700e-01   -1.1833568e-01
4.3890101e-01   -1.1477666e-01
4.5489901e-01   -1.1080219e-01
4.7093499e-01   -1.0674896e-01
4.8699200e-01   -1.0270638e-01
5.0305498e-01   -9.8646812e-02
5.1910698e-01   -9.4523616e-02
5.3513199e-01   -9.0686232e-02
5.5111402e-01   -8.6139306e-02
5.6703597e-01   -8.2018614e-02
5.8288401e-01   -7.7247471e-02
5.9864002e-01   -7.2622582e-02
6.1429000e-01   -6.7994259e-02
6.2981701e-01   -6.3493863e-02
6.4520597e-01   -5.9038311e-02
6.6044199e-01   -5.4872882e-02
6.7550898e-01   -5.0739996e-02
6.9039297e-01   -4.6659451e-02
7.0507699e-01   -4.2484369e-02
7.1954900e-01   -3.8887251e-02
7.3379302e-01   -3.5111289e-02
7.4779499e-01   -3.1585474e-02
7.6154202e-01   -2.8118864e-02
7.7501899e-01   -2.5086373e-02
7.8821403e-01   -2.2263059e-02
8.0111301e-01   -1.9249557e-02
8.1370401e-01   -1.6525751e-02
8.2597297e-01   -1.4049130e-02
8.3791000e-01   -1.0957207e-02
8.4950101e-01   -8.6834170e-03
8.6073500e-01   -6.5318183e-03
8.7160099e-01   -4.9484973e-03
8.8208801e-01   -3.4044031e-03
8.9218402e-01   -2.2588167e-03
9.0188003e-01   -1.3011072e-03
9.1116500e-01   -3.0014291e-04
9.2003101e-01   4.0198953e-04
9.2846799e-01   9.3817402e-04
9.3646699e-01   1.4238860e-03
9.4401902e-01   1.7003689e-03
9.5111603e-01   1.9765052e-03
9.5775098e-01   1.8894632e-03
9.6392000e-01   1.8179388e-03
9.6961600e-01   1.5093696e-03
9.7483599e-01   1.4388323e-03
9.7957498e-01   1.2964793e-03
9.8383099e-01   1.0477892e-03
9.8759800e-01   7.4668706e-04
9.9087399e-01   4.6230768e-04
9.9365300e-01   1.6364479e-04
9.9593401e-01   6.7794754e-05
9.9771100e-01   8.6735148e-05
9.9898201e-01   1.5365242e-04
9.9974501e-01   -8.5037238e-05
1.0000000e+00   2.7708238e-05
