1.0000000e+00   1.6324693e-02
9.9974501e-01   1.6740125e-02
9.9898201e-01   1.7968895e-02
9.9771100e-01   1.9909788e-02
9.9593300e-01   2.2455806e-02
9.9365300e-01   2.5704101e-02
9.9087399e-01   2.9722234e-02
9.8759800e-01   3.4427740e-02
9.8382998e-01   3.9803136e-02
9.7957498e-01   4.5856014e-02
9.7483599e-01   5.2524410e-02
9.6961600e-01   5.9774294e-02
9.6392000e-01   6.7615271e-02
9.5775098e-01   7.6043405e-02
9.5111603e-01   8.5033439e-02
9.4401902e-01   9.4531782e-02
9.3646699e-01   1.0447910e-01
9.2846799e-01   1.1482894e-01
9.2003101e-01   1.2555157e-01
9.1116500e-01   1.3662696e-01
9.0187901e-01   1.4807314e-01
8.9218301e-01   1.5988111e-01
8.8208699e-01   1.7204668e-01
8.7160099e-01   1.8453495e-01
8.6073500e-01   1.9729084e-01
8.4950101e-01   2.1026261e-01
8.3791000e-01   2.2346431e-01
8.2597399e-01   2.3686048e-01
8.1370401e-01   2.5038898e-01
8.0111301e-01   2.6405671e-01
7.8821403e-01   2.7788469e-01
7.7501899e-01   2.9193500e-01
7.6154101e-01   3.0617014e-01
7.4779499e-01   3.2044473e-01
7.3379201e-01   3.3467790e-01
7.1954799e-01   3.4880182e-01
7.0507699e-01   3.6276954e-01
6.9039202e-01   3.7654698e-01
6.7550898e-01   3.9009735e-01
6.6044199e-01   4.0335807e-01
6.4520597e-01   4.1630760e-01
6.2981701e-01   4.2887869e-01
6.1429000e-01   4.4098040e-01
5.9864002e-01   4.5259675e-01
5.8288401e-01   4.6367961e-01
5.6703597e-01   4.7414324e-01
5.5111301e-01   4.8393366e-01
5.3513098e-01   4.9299446e-01
5.1910597e-01   5.0127661e-01
5.0305402e-01   5.0871390e-01
4.8699099e-01   5.1526487e-01
4.7093400e-01   5.2091736e-01
4.5489800e-01   5.2565712e-01
4.3889999e-01   5.2943003e-01
4.2295599e-01   5.3220087e-01
4.0708300e-01   5.3395933e-01
3.9129499e-01   5.3470331e-01
3.7560999e-01   5.3439373e-01
3.6004400e-01   5.3302628e-01
3.4461200e-01   5.3064430e-01
3.2933000e-01   5.2727312e-01
3.1421301e-01   5.2288330e-01
2.9927900e-01   5.1746893e-01
2.8454101e-01   5.1103640e-01
2.7001500e-01   5.0355977e-01
2.5571701e-01   4.9499908e-01
2.4166100e-01   4.8536998e-01
2.2786200e-01   4.7473827e-01
2.1433599e-01   4.6310943e-01
2.0109500e-01   4.5054477e-01
1.8815500e-01   4.3712336e-01
1.7553000e-01   4.2288408e-01
1.6323400e-01   4.0784585e-01
1.5128000e-01   3.9201573e-01
1.3968100e-01   3.7546578e-01
1.2845200e-01   3.5828432e-01
1.1760600e-01   3.4048355e-01
1.0715500e-01   3.2212868e-01
9.7112998e-02   3.0336323e-01
8.7493002e-02   2.8419039e-01
7.8305997e-02   2.6465616e-01
6.9565997e-02   2.4487260e-01
6.1285000e-02   2.2489242e-01
5.3474002e-02   2.0480412e-01
4.6149999e-02   1.8469249e-01
3.9326001e-02   1.6479190e-01
3.3013999e-02   1.4540488e-01
2.7230000e-02   1.2687959e-01
2.1980001e-02   1.0943270e-01
1.7277000e-02   9.2450023e-02
1.3141000e-02   7.5902402e-02
9.5729996e-03   6.0333796e-02
6.5830001e-03   4.6170320e-02
4.1880002e-03   3.3641763e-02
2.3540000e-03   2.2929285e-02
1.0810000e-03   1.4069441e-02
3.7100000e-04   7.1184440e-03
7.6999997e-05   2.1213773e-03
4.9999999e-06   -8.9220249e-04
0.0000000e+00   -1.9039055e-03
4.9999999e-06   -2.8558716e-03
7.6999997e-05   -5.6597507e-03
3.7100000e-04   -1.0171537e-02
1.0810000e-03   -1.6143274e-02
2.3530000e-03   -2.3117505e-02
4.1880002e-03   -3.0513626e-02
6.5850001e-03   -3.7833650e-02
9.5760003e-03   -4.5178641e-02
1.3145000e-02   -5.2382298e-02
1.7281000e-02   -5.7535067e-02
2.1983000e-02   -6.0489211e-02
2.7232001e-02   -6.1899364e-02
3.3016000e-02   -6.2113889e-02
3.9328001e-02   -6.1371058e-02
4.6151999e-02   -5.9843097e-02
5.3475998e-02   -5.7596121e-02
6.1287001e-02   -5.4789353e-02
6.9568001e-02   -5.1630769e-02
7.8308001e-02   -4.8341751e-02
8.7494999e-02   -4.4896513e-02
9.7115003e-02   -4.1112170e-02
1.0715700e-01   -3.6957920e-02
1.1760800e-01   -3.2504044e-02
1.2845400e-01   -2.7776627e-02
1.3968299e-01   -2.2830300e-02
1.5128200e-01   -1.7771063e-02
1.6323499e-01   -1.2698709e-02
1.7553200e-01   -7.6459572e-03
1.8815701e-01   -2.5880390e-03
2.0109700e-01   2.4348001e-03
2.1433701e-01   7.3636370e-03
2.2786400e-01   1.2205609e-02
2.4166299e-01   1.6894212e-02
2.5571901e-01   2.1318182e-02
2.7001700e-01   2.5413204e-02
2.8454199e-01   2.9205546e-02
2.9927999e-01   3.2718211e-02
3.1421500e-01   3.5923947e-02
3.2933101e-01   3.8808864e-02
3.4461299e-01   4.1375604e-02
3.6004499e-01   4.3634672e-02
3.7561101e-01   4.5574084e-02
3.9129600e-01   4.7168203e-02
4.0708300e-01   4.8435051e-02
4.2295700e-01   4.9414884e-02
4.3890101e-01   5.0092362e-02
4.5489901e-01   5.0456543e-02
4.7093499e-01   5.0554950e-02
4.8699200e-01   5.0424870e-02
5.0305498e-01   5.0066836e-02
5.1910698e-01   4.9491338e-02
5.3513199e-01   4.8721451e-02
5.5111402e-01   4.7801357e-02
5.6703597e-01   4.6751108e-02
5.8288401e-01   4.5566726e-02
5.9864002e-01   4.4252943e-02
6.1429000e-01   4.2844690e-02
6.2981701e-01   4.1361980e-02
6.4520597e-01   3.9829049e-02
6.6044199e-01   3.8260825e-02
6.7550898e-01   3.6702331e-02
6.9039297e-01   3.5142064e-02
7.0507699e-01   3.3563681e-02
7.1954900e-01   3.1945441e-02
7.3379302e-01   3.0291708e-02
7.4779499e-01   2.8546894e-02
7.6154202e-01   2.6750436e-02
7.7501899e-01   2.4897022e-02
7.8821403e-01   2.3027617e-02
8.0111301e-01   2.1208182e-02
8.1370401e-01   1.9507052e-02
8.2597297e-01   1.7970188e-02
8.3791000e-01   1.6573790e-02
8.4950101e-01   1.5297274e-02
8.6073500e-01   1.4104703e-02
8.7160099e-01   1.2945391e-02
8.8208801e-01   1.1788366e-02
8.9218402e-01   1.0620690e-02
9.0188003e-01   9.4449986e-03
9.1116500e-01   8.2930438e-03
9.2003101e-01   7.2288685e-03
9.2846799e-01   6.3045430e-03
9.3646699e-01   5.5566351e-03
9.4401902e-01   4.9813073e-03
9.5111603e-01   4.5850850e-03
9.5775098e-01   4.3742107e-03
9.6392000e-01   4.3596844e-03
9.6961600e-01   4.5774612e-03
9.7483599e-01   5.0092274e-03
9.7957498e-01   5.5350247e-03
9.8383099e-01   6.0486719e-03
9.8759800e-01   6.5994347e-03
9.9087399e-01   7.1711801e-03
9.9365300e-01   7.6422188e-03
9.9593401e-01   7.9563214e-03
9.9771100e-01   8.1733642e-03
9.9898201e-01   8.3639575e-03
9.9974501e-01   8.4971301e-03
1.0000000e+00   8.5411472e-03
