1.0000000e+00   2.3585979e-03
9.9974501e-01   2.3624946e-03
9.9898201e-01   2.6716348e-03
9.9771100e-01   3.6230830e-03
9.9593300e-01   4.9321251e-03
9.9365300e-01   5.9724362e-03
9.9087399e-01   7.5318292e-03
9.8759800e-01   9.6145142e-03
9.8382998e-01   1.1376801e-02
9.7957498e-01   1.4168883e-02
9.7483599e-01   1.6387057e-02
9.6961600e-01   1.9432539e-02
9.6392000e-01   2.2853294e-02
9.5775098e-01   2.6414830e-02
9.5111603e-01   3.0127920e-02
9.4401902e-01   3.4062475e-02
9.3646699e-01   3.7947744e-02
9.2846799e-01   4.2409021e-02
9.2003101e-01   4.7467038e-02
9.1116500e-01   5.2388012e-02
9.0187901e-01   5.7681929e-02
8.9218301e-01   6.3006245e-02
8.8208699e-01   6.8617925e-02
8.7160099e-01   7.5062737e-02
8.6073500e-01   8.1344023e-02
8.4950101e-01   8.7093562e-02
8.3791000e-01   9.4332479e-02
8.2597399e-01   1.0057725e-01
8.1370401e-01   1.0830995e-01
8.0111301e-01   1.1527514e-01
7.8821403e-01   1.2262572e-01
7.7501899e-01   1.3023387e-01
7.6154101e-01   1.3809775e-01
7.4779499e-01   1.4592148e-01
7.3379201e-01   1.5375505e-01
7.1954799e-01   1.6252317e-01
7.0507699e-01   1.7080413e-01
6.9039202e-01   1.7874861e-01
6.7550898e-01   1.8700188e-01
6.6044199e-01   1.9516984e-01
6.4520597e-01   2.0338346e-01
6.2981701e-01   2.1118478e-01
6.1429000e-01   2.1973751e-01
5.9864002e-01   2.2755454e-01
5.8288401e-01   2.3521444e-01
5.6703597e-01   2.4282084e-01
5.5111301e-01   2.5020361e-01
5.3513098e-01   2.5746050e-01
5.1910597e-01   2.6435757e-01
5.0305402e-01   2.7066725e-01
4.8699099e-01   2.7707660e-01
4.7093400e-01   2.8258261e-01
4.5489800e-01   2.8852057e-01
4.3889999e-01   2.9355541e-01
4.2295599e-01   2.9771668e-01
4.0708300e-01   3.0126858e-01
3.9129499e-01   3.0434713e-01
3.7560999e-01   3.0671352e-01
3.6004400e-01   3.0847162e-01
3.4461200e-01   3.1011575e-01
3.2933000e-01   3.1082076e-01
3.1421301e-01   3.0992639e-01
2.9927900e-01   3.0987102e-01
2.8454101e-01   3.0761647e-01
2.7001500e-01   3.0559462e-01
2.5571701e-01   3.0282414e-01
2.4166100e-01   2.9968452e-01
2.2786200e-01   2.9555610e-01
2.1433599e-01   2.9005539e-01
2.0109500e-01   2.8448871e-01
1.8815500e-01   2.7809593e-01
1.7553000e-01   2.7110291e-01
1.6323400e-01   2.6289681e-01
1.5128000e-01   2.5455123e-01
1.3968100e-01   2.4545814e-01
1.2845200e-01   2.3544545e-01
1.1760600e-01   2.2502117e-01
1.0715500e-01   2.1393918e-01
9.7112998e-02   2.0289586e-01
8.7493002e-02   1.9077149e-01
7.8305997e-02   1.7876041e-01
6.9565997e-02   1.6643129e-01
6.1285000e-02   1.5363471e-01
5.3474002e-02   1.4098722e-01
4.6149999e-02   1.2841223e-01
3.9326001e-02   1.1533258e-01
3.3013999e-02   1.0246283e-01
2.7230000e-02   9.0254717e-02
2.1980001e-02   7.8000948e-02
1.7277000e-02   6.6109598e-02
1.3141000e-02   5.4691106e-02
9.5729996e-03   4.3712001e-02
6.5830001e-03   3.4117848e-02
4.1880002e-03   2.5276856e-02
2.3540000e-03   1.7555391e-02
1.0810000e-03   1.0974987e-02
3.7100000e-04   5.8800611e-03
7.6999997e-05   2.1327890e-03
4.9999999e-06   -3.9538761e-04
0.0000000e+00   -1.0102456e-03
4.9999999e-06   -1.7921056e-03
7.6999997e-05   -4.0108925e-03
3.7100000e-04   -7.6223928e-03
1.0810000e-03   -1.2289248e-02
2.3530000e-03   -1.8242504e-02
4.1880002e-03   -2.4378335e-02
6.5850001e-03   -3.1074338e-02
9.5760003e-03   -3.7502978e-02
1.3145000e-02   -4.3315947e-02
1.7281000e-02   -4.8841491e-02
2.1983000e-02   -5.3000234e-02
2.7232001e-02   -5.6540582e-02
3.3016000e-02   -6.0243003e-02
3.9328001e-02   -6.2807396e-02
4.6151999e-02   -6.5628372e-02
5.3475998e-02   -6.7717798e-02
6.1287001e-02   -6.9484927e-02
6.9568001e-02   -7.1208566e-02
7.8308001e-02   -7.2276376e-02
8.7494999e-02   -7.3006213e-02
9.7115003e-02   -7.4245974e-02
1.0715700e-01   -7.4641094e-02
1.1760800e-01   -7.4866980e-02
1.2845400e-01   -7.4909292e-02
1.3968299e-01   -7.4943870e-02
1.5128200e-01   -7.4520953e-02
1.6323499e-01   -7.4038640e-02
1.7553200e-01   -7.3252574e-02
1.8815701e-01   -7.2693996e-02
2.0109700e-01   -7.1772859e-02
2.1433701e-01   -7.0753708e-02
2.2786400e-01   -6.9672041e-02
2.4166299e-01   -6.8533763e-02
2.5571901e-01   -6.7499362e-02
2.7001700e-01   -6.6109851e-02
2.8454199e-01   -6.4253323e-02
2.9927999e-01   -6.3769713e-02
3.1421500e-01   -6.2247355e-02
3.2933101e-01   -6.0507078e-02
3.4461299e-01   -5.9463505e-02
3.6004499e-01   -5.7637900e-02
3.7561101e-01   -5.6099001e-02
3.9129600e-01   -5.4686897e-02
4.0708300e-01   -5.3827707e-02
4.2295700e-01   -5.1712785e-02
4.3890101e-01   -5.0172761e-02
4.5489901e-01   -4.8683308e-02
4.7093499e-01   -4.7015280e-02
4.8699200e-01   -4.5302588e-02
5.0305498e-01   -4.3694932e-02
5.1910698e-01   -4.2549651e-02
5.3513199e-01   -4.0582083e-02
5.5111402e-01   -3.8570534e-02
5.6703597e-01   -3.7154555e-02
5.8288401e-01   -3.5203759e-02
5.9864002e-01   -3.3510622e-02
6.1429000e-01   -3.1993035e-02
6.2981701e-01   -3.0590765e-02
6.4520597e-01   -2.8653057e-02
6.6044199e-01   -2.7228529e-02
6.7550898e-01   -2.5888756e-02
6.9039297e-01   -2.4127925e-02
7.0507699e-01   -2.3093188e-02
7.1954900e-01   -2.1317050e-02
7.3379302e-01   -2.0245014e-02
7.4779499e-01   -1.9289406e-02
7.6154202e-01   -1.7929345e-02
7.7501899e-01   -1.6699282e-02
7.8821403e-01   -1.5376187e-02
8.0111301e-01   -1.3721907e-02
8.1370401e-01   -1.2990446e-02
8.2597297e-01   -1.2275426e-02
8.3791000e-01   -1.0811124e-02
8.4950101e-01   -9.8734628e-03
8.6073500e-01   -8.8188415e-03
8.7160099e-01   -8.4089953e-03
8.8208801e-01   -7.1404441e-03
8.9218402e-01   -6.7398218e-03
9.0188003e-01   -6.0695568e-03
9.1116500e-01   -5.2317567e-03
9.2003101e-01   -4.9174451e-03
9.2846799e-01   -4.7568977e-03
9.3646699e-01   -4.1299844e-03
9.4401902e-01   -4.0141307e-03
9.5111603e-01   -3.7318892e-03
9.5775098e-01   -3.5686186e-03
9.6392000e-01   -3.2793665e-03
9.6961600e-01   -2.9057956e-03
9.7483599e-01   -2.4355915e-03
9.7957498e-01   -2.4645713e-03
9.8383099e-01   -2.2607532e-03
9.8759800e-01   -2.2814497e-03
9.9087399e-01   -1.9140766e-03
9.9365300e-01   -1.8987404e-03
9.9593401e-01   -1.7828017e-03
9.9771100e-01   -1.6235303e-03
9.9898201e-01   -1.4442994e-03
9.9974501e-01   -1.7069895e-03
1.0000000e+00   -1.7560057e-03
