1.0000000e+00   5.5433176e-03
9.9974501e-01   5.9425952e-03
9.9898201e-01   7.1230293e-03
9.9771100e-01   8.9737521e-03
9.9593300e-01   1.1368355e-02
9.9365300e-01   1.4420861e-02
9.9087399e-01   1.8221332e-02
9.8759800e-01   2.2670668e-02
9.8382998e-01   2.7720843e-02
9.7957498e-01   3.3388831e-02
9.7483599e-01   3.9647814e-02
9.6961600e-01   4.6466593e-02
9.6392000e-01   5.3857047e-02
9.5775098e-01   6.1846610e-02
9.5111603e-01   7.0422247e-02
9.4401902e-01   7.9527356e-02
9.3646699e-01   8.9133009e-02
9.2846799e-01   9.9233195e-02
9.2003101e-01   1.0980009e-01
9.1116500e-01   1.2076896e-01
9.0187901e-01   1.3216309e-01
8.9218301e-01   1.4397261e-01
8.8208699e-01   1.5612631e-01
8.7160099e-01   1.6856670e-01
8.6073500e-01   1.8126221e-01
8.4950101e-01   1.9418630e-01
8.3791000e-01   2.0734110e-01
8.2597399e-01   2.2068456e-01
8.1370401e-01   2.3415475e-01
8.0111301e-01   2.4774881e-01
7.8821403e-01   2.6145947e-01
7.7501899e-01   2.7529293e-01
7.6154101e-01   2.8919923e-01
7.4779499e-01   3.0308807e-01
7.3379201e-01   3.1691957e-01
7.1954799e-01   3.3064091e-01
7.0507699e-01   3.4420192e-01
6.9039202e-01   3.5756734e-01
6.7550898e-01   3.7072617e-01
6.6044199e-01   3.8361847e-01
6.4520597e-01   3.9619190e-01
6.2981701e-01   4.0836987e-01
6.1429000e-01   4.2007360e-01
5.9864002e-01   4.3128017e-01
5.8288401e-01   4.4192669e-01
5.6703597e-01   4.5193639e-01
5.5111301e-01   4.6127748e-01
5.3513098e-01   4.6991232e-01
5.1910597e-01   4.7778717e-01
5.0305402e-01   4.8484582e-01
4.8699099e-01   4.9106732e-01
4.7093400e-01   4.9643198e-01
4.5489800e-01   5.0090498e-01
4.3889999e-01   5.0444055e-01
4.2295599e-01   5.0703096e-01
4.0708300e-01   5.0865120e-01
3.9129499e-01   5.0928420e-01
3.7560999e-01   5.0892043e-01
3.6004400e-01   5.0756067e-01
3.4461200e-01   5.0520915e-01
3.2933000e-01   5.0189364e-01
3.1421301e-01   4.9765575e-01
2.9927900e-01   4.9252892e-01
2.8454101e-01   4.8652840e-01
2.7001500e-01   4.7960761e-01
2.5571701e-01   4.7169131e-01
2.4166100e-01   4.6281761e-01
2.2786200e-01   4.5301741e-01
2.1433599e-01   4.4216830e-01
2.0109500e-01   4.3037617e-01
1.8815500e-01   4.1771245e-01
1.7553000e-01   4.0419692e-01
1.6323400e-01   3.8986894e-01
1.5128000e-01   3.7475362e-01
1.3968100e-01   3.5894695e-01
1.2845200e-01   3.4254694e-01
1.1760600e-01   3.2557607e-01
1.0715500e-01   3.0811968e-01
9.7112998e-02   2.9030833e-01
8.7493002e-02   2.7216297e-01
7.8305997e-02   2.5369591e-01
6.9565997e-02   2.3496769e-01
6.1285000e-02   2.1600713e-01
5.3474002e-02   1.9685107e-01
4.6149999e-02   1.7765772e-01
3.9326001e-02   1.5872009e-01
3.3013999e-02   1.4032280e-01
2.7230000e-02   1.2278503e-01
2.1980001e-02   1.0626549e-01
1.7277000e-02   9.0244539e-02
1.3141000e-02   7.4700564e-02
9.5729996e-03   6.0091298e-02
6.5830001e-03   4.6776243e-02
4.1880002e-03   3.4923248e-02
2.3540000e-03   2.4655228e-02
1.0810000e-03   1.6044300e-02
3.7100000e-04   9.2114601e-03
7.6999997e-05   4.2572836e-03
4.9999999e-06   1.2542593e-03
0.0000000e+00   2.4786452e-04
4.9999999e-06   -7.1545306e-04
7.6999997e-05   -3.5861162e-03
3.7100000e-04   -8.2760053e-03
1.0810000e-03   -1.4643835e-02
2.3530000e-03   -2.2427633e-02
4.1880002e-03   -3.1299971e-02
6.5850001e-03   -4.1009676e-02
9.5760003e-03   -5.1877920e-02
1.3145000e-02   -6.4052343e-02
1.7281000e-02   -7.5807944e-02
2.1983000e-02   -8.6435661e-02
2.7232001e-02   -9.5909774e-02
3.3016000e-02   -1.0439713e-01
3.9328001e-02   -1.1208884e-01
4.6151999e-02   -1.1905956e-01
5.3475998e-02   -1.2534955e-01
6.1287001e-02   -1.3096517e-01
6.9568001e-02   -1.3593440e-01
7.8308001e-02   -1.4034288e-01
8.7494999e-02   -1.4418499e-01
9.7115003e-02   -1.4734171e-01
1.0715700e-01   -1.4983903e-01
1.1760800e-01   -1.5172087e-01
1.2845400e-01   -1.5291983e-01
1.3968299e-01   -1.5339826e-01
1.5128200e-01   -1.5320715e-01
1.6323499e-01   -1.5241617e-01
1.7553200e-01   -1.5104210e-01
1.8815701e-01   -1.4907642e-01
2.0109700e-01   -1.4658925e-01
2.1433701e-01   -1.4361835e-01
2.2786400e-01   -1.4010029e-01
2.4166299e-01   -1.3609242e-01
2.5571901e-01   -1.3170786e-01
2.7001700e-01   -1.2700602e-01
2.8454199e-01   -1.2201630e-01
2.9927999e-01   -1.1678281e-01
3.1421500e-01   -1.1139663e-01
3.2933101e-01   -1.0590328e-01
3.4461299e-01   -1.0030326e-01
3.6004499e-01   -9.4613120e-02
3.7561101e-01   -8.8887379e-02
3.9129600e-01   -8.3177365e-02
4.0708300e-01   -7.7493206e-02
4.2295700e-01   -7.1846828e-02
4.3890101e-01   -6.6285364e-02
4.5489901e-01   -6.0828954e-02
4.7093499e-01   -5.5459443e-02
4.8699200e-01   -5.0176628e-02
5.0305498e-01   -4.5019411e-02
5.1910698e-01   -4.0001504e-02
5.3513199e-01   -3.5120700e-02
5.5111402e-01   -3.0352125e-02
5.6703597e-01   -2.5710331e-02
5.8288401e-01   -2.1261092e-02
5.9864002e-01   -1.7041933e-02
6.1429000e-01   -1.3036321e-02
6.2981701e-01   -9.2467247e-03
6.4520597e-01   -5.6806938e-03
6.6044199e-01   -2.3365780e-03
6.7550898e-01   8.0821087e-04
6.9039297e-01   3.7301774e-03
7.0507699e-01   6.4227404e-03
7.1954900e-01   8.8862320e-03
7.3379302e-01   1.1092505e-02
7.4779499e-01   1.2984208e-02
7.6154202e-01   1.4572524e-02
7.7501899e-01   1.5861247e-02
7.8821403e-01   1.6875569e-02
8.0111301e-01   1.7615452e-02
8.1370401e-01   1.8104471e-02
8.2597297e-01   1.8393403e-02
8.3791000e-01   1.8505350e-02
8.4950101e-01   1.8445617e-02
8.6073500e-01   1.8195977e-02
8.7160099e-01   1.7749792e-02
8.8208801e-01   1.7129751e-02
8.9218402e-01   1.6346939e-02
9.0188003e-01   1.5391401e-02
9.1116500e-01   1.4271966e-02
9.2003101e-01   1.3050972e-02
9.2846799e-01   1.1792010e-02
9.3646699e-01   1.0514194e-02
9.4401902e-01   9.2141656e-03
9.5111603e-01   7.9095624e-03
9.5775098e-01   6.6312770e-03
9.6392000e-01   5.4316684e-03
9.6961600e-01   4.3910160e-03
9.7483599e-01   3.5449099e-03
9.7957498e-01   2.8283587e-03
9.8383099e-01   2.1777686e-03
9.8759800e-01   1.6491081e-03
9.9087399e-01   1.2427563e-03
9.9365300e-01   8.6496747e-04
9.9593401e-01   4.7429928e-04
9.9771100e-01   1.2346916e-04
9.9898201e-01   -1.1562929e-04
9.9974501e-01   -2.5038049e-04
1.0000000e+00   -2.9684231e-04
