1.0000000e+00   2.8524550e-03
9.9974501e-01   2.8610756e-03
9.9898201e-01   3.4174758e-03
9.9771100e-01   3.9358009e-03
9.9593300e-01   4.9054399e-03
9.9365300e-01   5.9008780e-03
9.9087399e-01   7.4023684e-03
9.8759800e-01   9.1508916e-03
9.8382998e-01   1.1135628e-02
9.7957498e-01   1.3256266e-02
9.7483599e-01   1.5661802e-02
9.6961600e-01   1.8419849e-02
9.6392000e-01   2.1245554e-02
9.5775098e-01   2.4294117e-02
9.5111603e-01   2.7429627e-02
9.4401902e-01   3.0916160e-02
9.3646699e-01   3.4347225e-02
9.2846799e-01   3.8366862e-02
9.2003101e-01   4.1943833e-02
9.1116500e-01   4.5931093e-02
9.0187901e-01   5.0005972e-02
8.9218301e-01   5.4218877e-02
8.8208699e-01   5.8927059e-02
8.7160099e-01   6.3322805e-02
8.6073500e-01   6.8068795e-02
8.4950101e-01   7.2591841e-02
8.3791000e-01   7.7585369e-02
8.2597399e-01   8.2706362e-02
8.1370401e-01   8.7862290e-02
8.0111301e-01   9.2835464e-02
7.8821403e-01   9.8164164e-02
7.7501899e-01   1.0369048e-01
7.6154101e-01   1.0874802e-01
7.4779499e-01   1.1407154e-01
7.3379201e-01   1.1927094e-01
7.1954799e-01   1.2479205e-01
7.0507699e-01   1.3001415e-01
6.9039202e-01   1.3549770e-01
6.7550898e-01   1.4109097e-01
6.6044199e-01   1.4607127e-01
6.4520597e-01   1.5150538e-01
6.2981701e-01   1.5648490e-01
6.1429000e-01   1.6137049e-01
5.9864002e-01   1.6607831e-01
5.8288401e-01   1.7084312e-01
5.6703597e-01   1.7545624e-01
5.5111301e-01   1.7987616e-01
5.3513098e-01   1.8365809e-01
5.1910597e-01   1.8768670e-01
5.0305402e-01   1.9118480e-01
4.8699099e-01   1.9474621e-01
4.7093400e-01   1.9784883e-01
4.5489800e-01   2.0072852e-01
4.3889999e-01   2.0327900e-01
4.2295599e-01   2.0579831e-01
4.0708300e-01   2.0764391e-01
3.9129499e-01   2.0870204e-01
3.7560999e-01   2.0991755e-01
3.6004400e-01   2.1097881e-01
3.4461200e-01   2.1142684e-01
3.2933000e-01   2.1189173e-01
3.1421301e-01   2.1114200e-01
2.9927900e-01   2.1002658e-01
2.8454101e-01   2.0926881e-01
2.7001500e-01   2.0762657e-01
2.5571701e-01   2.0615290e-01
2.4166100e-01   2.0367520e-01
2.2786200e-01   2.0084295e-01
2.1433599e-01   1.9753323e-01
2.0109500e-01   1.9355454e-01
1.8815500e-01   1.8955877e-01
1.7553000e-01   1.8504983e-01
1.6323400e-01   1.8017067e-01
1.5128000e-01   1.7493427e-01
1.3968100e-01   1.6933125e-01
1.2845200e-01   1.6339509e-01
1.1760600e-01   1.5731330e-01
1.0715500e-01   1.5078549e-01
9.7112998e-02   1.4345774e-01
8.7493002e-02   1.3627215e-01
7.8305997e-02   1.2888256e-01
6.9565997e-02   1.2111585e-01
6.1285000e-02   1.1330711e-01
5.3474002e-02   1.0540999e-01
4.6149999e-02   9.7126208e-02
3.9326001e-02   8.9135729e-02
3.3013999e-02   8.0891415e-02
2.7230000e-02   7.2748721e-02
2.1980001e-02   6.4651005e-02
1.7277000e-02   5.6544766e-02
1.3141000e-02   4.8435826e-02
9.5729996e-03   4.0515058e-02
6.5830001e-03   3.3029880e-02
4.1880002e-03   2.5765084e-02
2.3540000e-03   1.9136298e-02
1.0810000e-03   1.3354459e-02
3.7100000e-04   8.6109284e-03
7.6999997e-05   5.1043737e-03
4.9999999e-06   2.8133774e-03
0.0000000e+00   2.0398747e-03
4.9999999e-06   1.1835083e-03
7.6999997e-05   -6.4940879e-04
3.7100000e-04   -3.5531400e-03
1.0810000e-03   -6.8589379e-03
2.3530000e-03   -1.0204023e-02
4.1880002e-03   -1.2891312e-02
6.5850001e-03   -1.5006060e-02
9.5760003e-03   -1.6099790e-02
1.3145000e-02   -1.6036510e-02
1.7281000e-02   -1.4561488e-02
2.1983000e-02   -1.2390628e-02
2.7232001e-02   -9.9324146e-03
3.3016000e-02   -7.3730727e-03
3.9328001e-02   -4.3121162e-03
4.6151999e-02   -1.4738542e-03
5.3475998e-02   2.0822480e-03
6.1287001e-02   5.9764679e-03
6.9568001e-02   9.7022401e-03
7.8308001e-02   1.4138453e-02
8.7494999e-02   1.8322242e-02
9.7115003e-02   2.2117240e-02
1.0715700e-01   2.6631769e-02
1.1760800e-01   3.0193923e-02
1.2845400e-01   3.4345157e-02
1.3968299e-01   3.7413619e-02
1.5128200e-01   4.0907178e-02
1.6323499e-01   4.4235423e-02
1.7553200e-01   4.7427680e-02
1.8815701e-01   5.0414633e-02
2.0109700e-01   5.2779283e-02
2.1433701e-01   5.5690002e-02
2.2786400e-01   5.7687011e-02
2.4166299e-01   5.9944320e-02
2.5571901e-01   6.1871648e-02
2.7001700e-01   6.3354701e-02
2.8454199e-01   6.4591758e-02
2.9927999e-01   6.5721706e-02
3.1421500e-01   6.7109853e-02
3.2933101e-01   6.8203874e-02
3.4461299e-01   6.8571925e-02
3.6004499e-01   6.8940297e-02
3.7561101e-01   6.9298655e-02
3.9129600e-01   6.9088295e-02
4.0708300e-01   6.9608472e-02
4.2295700e-01   6.8886787e-02
4.3890101e-01   6.8219498e-02
4.5489901e-01   6.7715324e-02
4.7093499e-01   6.6550635e-02
4.8699200e-01   6.5323353e-02
5.0305498e-01   6.3597322e-02
5.1910698e-01   6.2565036e-02
5.3513199e-01   6.0947742e-02
5.5111402e-01   5.9416305e-02
5.6703597e-01   5.7586033e-02
5.8288401e-01   5.5501159e-02
5.9864002e-01   5.3728051e-02
6.1429000e-01   5.1362794e-02
6.2981701e-01   4.9507167e-02
6.4520597e-01   4.7351696e-02
6.6044199e-01   4.4530399e-02
6.7550898e-01   4.2412966e-02
6.9039297e-01   4.0393379e-02
7.0507699e-01   3.7777688e-02
7.1954900e-01   3.5346769e-02
7.3379302e-01   3.3138048e-02
7.4779499e-01   3.0901214e-02
7.6154202e-01   2.8469829e-02
7.7501899e-01   2.6192751e-02
7.8821403e-01   2.4304163e-02
8.0111301e-01   2.2220463e-02
8.1370401e-01   2.0062940e-02
8.2597297e-01   1.8004226e-02
8.3791000e-01   1.6207522e-02
8.4950101e-01   1.4549618e-02
8.6073500e-01   1.2532781e-02
8.7160099e-01   1.1025439e-02
8.8208801e-01   9.6706869e-03
8.9218402e-01   7.8122714e-03
9.0188003e-01   6.5711080e-03
9.1116500e-01   5.2361912e-03
9.2003101e-01   4.1719330e-03
9.2846799e-01   3.1564303e-03
9.3646699e-01   2.2124615e-03
9.4401902e-01   1.3036437e-03
9.5111603e-01   7.2889158e-04
9.5775098e-01   5.2103773e-05
9.6392000e-01   -3.3302396e-04
9.6961600e-01   -8.2519575e-04
9.7483599e-01   -1.1201490e-03
9.7957498e-01   -1.4320307e-03
9.8383099e-01   -1.3319355e-03
9.8759800e-01   -1.5576436e-03
9.9087399e-01   -1.6398662e-03
9.9365300e-01   -1.7221549e-03
9.9593401e-01   -1.7779265e-03
9.9771100e-01   -1.7381714e-03
9.9898201e-01   -1.7074414e-03
9.9974501e-01   -1.7257467e-03
1.0000000e+00   -1.7530924e-03
