1.0000000e+00   -2.2106462e-04
9.9974501e-01   1.9367803e-04
9.9898201e-01   1.1857605e-03
9.9771100e-01   2.6694252e-03
9.9593300e-01   4.7554020e-03
9.9365300e-01   7.6664686e-03
9.9087399e-01   1.1281487e-02
9.8759800e-01   1.5122085e-02
9.8382998e-01   1.9602299e-02
9.7957498e-01   2.4488537e-02
9.7483599e-01   3.0532854e-02
9.6961600e-01   3.6379401e-02
9.6392000e-01   4.2796731e-02
9.5775098e-01   4.9502306e-02
9.5111603e-01   5.6767896e-02
9.4401902e-01   6.4397804e-02
9.3646699e-01   7.2246172e-02
9.2846799e-01   8.0457434e-02
9.2003101e-01   8.9207940e-02
9.1116500e-01   9.8156020e-02
9.0187901e-01   1.0737547e-01
8.9218301e-01   1.1656453e-01
8.8208699e-01   1.2613995e-01
8.7160099e-01   1.3610055e-01
8.6073500e-01   1.4643915e-01
8.4950101e-01   1.5705560e-01
8.3791000e-01   1.6836670e-01
8.2597399e-01   1.7941990e-01
8.1370401e-01   1.9079277e-01
8.0111301e-01   2.0211738e-01
7.8821403e-01   2.1343781e-01
7.7501899e-01   2.2437385e-01
7.6154101e-01   2.3561662e-01
7.4779499e-01   2.4669532e-01
7.3379201e-01   2.5794229e-01
7.1954799e-01   2.6898947e-01
7.0507699e-01   2.7939889e-01
6.9039202e-01   2.8936303e-01
6.7550898e-01   3.0027992e-01
6.6044199e-01   3.1105602e-01
6.4520597e-01   3.2131642e-01
6.2981701e-01   3.3069167e-01
6.1429000e-01   3.3966568e-01
5.9864002e-01   3.4924704e-01
5.8288401e-01   3.5851151e-01
5.6703597e-01   3.6690027e-01
5.5111301e-01   3.7528488e-01
5.3513098e-01   3.8293630e-01
5.1910597e-01   3.9165479e-01
5.0305402e-01   3.9936313e-01
4.8699099e-01   4.0629593e-01
4.7093400e-01   4.1223350e-01
4.5489800e-01   4.1852209e-01
4.3889999e-01   4.2401671e-01
4.2295599e-01   4.2779100e-01
4.0708300e-01   4.3191856e-01
3.9129499e-01   4.3422899e-01
3.7560999e-01   4.3601227e-01
3.6004400e-01   4.3687046e-01
3.4461200e-01   4.3666247e-01
3.2933000e-01   4.3554404e-01
3.1421301e-01   4.3370479e-01
2.9927900e-01   4.3037221e-01
2.8454101e-01   4.2677256e-01
2.7001500e-01   4.2210805e-01
2.5571701e-01   4.1614413e-01
2.4166100e-01   4.0935895e-01
2.2786200e-01   4.0172255e-01
2.1433599e-01   3.9342192e-01
2.0109500e-01   3.8392457e-01
1.8815500e-01   3.7329486e-01
1.7553000e-01   3.6247417e-01
1.6323400e-01   3.5064614e-01
1.5128000e-01   3.3771053e-01
1.3968100e-01   3.2460877e-01
1.2845200e-01   3.1092530e-01
1.1760600e-01   2.9637104e-01
1.0715500e-01   2.8144360e-01
9.7112998e-02   2.6681930e-01
8.7493002e-02   2.5149903e-01
7.8305997e-02   2.3571146e-01
6.9565997e-02   2.1968137e-01
6.1285000e-02   2.0340592e-01
5.3474002e-02   1.8604684e-01
4.6149999e-02   1.6895904e-01
3.9326001e-02   1.5211834e-01
3.3013999e-02   1.3497391e-01
2.7230000e-02   1.1856811e-01
2.1980001e-02   1.0216484e-01
1.7277000e-02   8.7069578e-02
1.3141000e-02   7.2206900e-02
9.5729996e-03   5.7977568e-02
6.5830001e-03   4.4946622e-02
4.1880002e-03   3.3624243e-02
2.3540000e-03   2.3612326e-02
1.0810000e-03   1.5413956e-02
3.7100000e-04   8.8587021e-03
7.6999997e-05   4.0153661e-03
4.9999999e-06   1.0091526e-03
0.0000000e+00   -7.9194979e-06
4.9999999e-06   -8.9540455e-04
7.6999997e-05   -3.8700488e-03
3.7100000e-04   -7.6259500e-03
1.0810000e-03   -1.2311549e-02
2.3530000e-03   -1.7109867e-02
4.1880002e-03   -2.1899961e-02
6.5850001e-03   -2.5025034e-02
9.5760003e-03   -2.7242946e-02
1.3145000e-02   -2.8614055e-02
1.7281000e-02   -2.7614033e-02
2.1983000e-02   -2.5906870e-02
2.7232001e-02   -2.3576546e-02
3.3016000e-02   -1.9856570e-02
3.9328001e-02   -1.5759228e-02
4.6151999e-02   -1.0421946e-02
5.3475998e-02   -4.1571134e-03
6.1287001e-02   3.2433828e-03
6.9568001e-02   1.1497714e-02
7.8308001e-02   1.9996012e-02
8.7494999e-02   3.0894645e-02
9.7115003e-02   4.2148452e-02
1.0715700e-01   5.3824838e-02
1.1760800e-01   6.6470765e-02
1.2845400e-01   8.0018394e-02
1.3968299e-01   9.4421662e-02
1.5128200e-01   1.1006268e-01
1.6323499e-01   1.2617059e-01
1.7553200e-01   1.4274880e-01
1.8815701e-01   1.5846407e-01
2.0109700e-01   1.7406668e-01
2.1433701e-01   1.8919069e-01
2.2786400e-01   2.0320562e-01
2.4166299e-01   2.1609461e-01
2.5571901e-01   2.2802046e-01
2.7001700e-01   2.3902290e-01
2.8454199e-01   2.4872294e-01
2.9927999e-01   2.5769064e-01
3.1421500e-01   2.6498881e-01
3.2933101e-01   2.7075934e-01
3.4461299e-01   2.7614990e-01
3.6004499e-01   2.8031132e-01
3.7561101e-01   2.8340334e-01
3.9129600e-01   2.8580329e-01
4.0708300e-01   2.8703567e-01
4.2295700e-01   2.8729874e-01
4.3890101e-01   2.8723019e-01
4.5489901e-01   2.8612915e-01
4.7093499e-01   2.8468582e-01
4.8699200e-01   2.8244403e-01
5.0305498e-01   2.7953473e-01
5.1910698e-01   2.7528673e-01
5.3513199e-01   2.7072921e-01
5.5111402e-01   2.6651201e-01
5.6703597e-01   2.6063678e-01
5.8288401e-01   2.5617394e-01
5.9864002e-01   2.5007069e-01
6.1429000e-01   2.4396743e-01
6.2981701e-01   2.3707232e-01
6.4520597e-01   2.3099397e-01
6.6044199e-01   2.2290419e-01
6.7550898e-01   2.1541384e-01
6.9039297e-01   2.0772600e-01
7.0507699e-01   2.0002866e-01
7.1954900e-01   1.9127087e-01
7.3379302e-01   1.8279316e-01
7.4779499e-01   1.7456284e-01
7.6154202e-01   1.6584007e-01
7.7501899e-01   1.5656799e-01
7.8821403e-01   1.4755131e-01
8.0111301e-01   1.3888875e-01
8.1370401e-01   1.3024172e-01
8.2597297e-01   1.2169290e-01
8.3791000e-01   1.1361027e-01
8.4950101e-01   1.0559468e-01
8.6073500e-01   9.7643003e-02
8.7160099e-01   8.9200757e-02
8.8208801e-01   8.1622288e-02
8.9218402e-01   7.4028522e-02
9.0188003e-01   6.6749908e-02
9.1116500e-01   5.9955359e-02
9.2003101e-01   5.3710464e-02
9.2846799e-01   4.7793366e-02
9.3646699e-01   4.2910900e-02
9.4401902e-01   3.7693255e-02
9.5111603e-01   3.2924227e-02
9.5775098e-01   2.8366718e-02
9.6392000e-01   2.4256812e-02
9.6961600e-01   2.0072285e-02
9.7483599e-01   1.6511222e-02
9.7957498e-01   1.3087640e-02
9.8383099e-01   1.0146977e-02
9.8759800e-01   7.5087775e-03
9.9087399e-01   5.4902774e-03
9.9365300e-01   3.8485671e-03
9.9593401e-01   2.4073252e-03
9.9771100e-01   1.3606207e-03
9.9898201e-01   7.1080774e-04
9.9974501e-01   8.5040316e-05
1.0000000e+00   5.4534990e-05
