1.0000000e+00   2.9856320e-03
9.9974501e-01   2.9259881e-03
9.9898201e-01   4.6800338e-03
9.9771100e-01   6.0663167e-03
9.9593300e-01   8.1203645e-03
9.9365300e-01   1.1400376e-02
9.9087399e-01   1.4555179e-02
9.8759800e-01   1.8952370e-02
9.8382998e-01   2.3591962e-02
9.7957498e-01   2.9535301e-02
9.7483599e-01   3.5207387e-02
9.6961600e-01   4.1354589e-02
9.6392000e-01   4.8051383e-02
9.5775098e-01   5.5297062e-02
9.5111603e-01   6.2809505e-02
9.4401902e-01   7.0654802e-02
9.3646699e-01   7.9080567e-02
9.2846799e-01   8.8048026e-02
9.2003101e-01   9.6560009e-02
9.1116500e-01   1.0545272e-01
9.0187901e-01   1.1486021e-01
8.9218301e-01   1.2426548e-01
8.8208699e-01   1.3450803e-01
8.7160099e-01   1.4424676e-01
8.6073500e-01   1.5416673e-01
8.4950101e-01   1.6447604e-01
8.3791000e-01   1.7409627e-01
8.2597399e-01   1.8521538e-01
8.1370401e-01   1.9587150e-01
8.0111301e-01   2.0554321e-01
7.8821403e-01   2.1720991e-01
7.7501899e-01   2.2813962e-01
7.6154101e-01   2.3827466e-01
7.4779499e-01   2.4944089e-01
7.3379201e-01   2.5980395e-01
7.1954799e-01   2.7120402e-01
7.0507699e-01   2.8173259e-01
6.9039202e-01   2.9291853e-01
6.7550898e-01   3.0400246e-01
6.6044199e-01   3.1433237e-01
6.4520597e-01   3.2579893e-01
6.2981701e-01   3.3543783e-01
6.1429000e-01   3.4617952e-01
5.9864002e-01   3.5594702e-01
5.8288401e-01   3.6623794e-01
5.6703597e-01   3.7599519e-01
5.5111301e-01   3.8593024e-01
5.3513098e-01   3.9410248e-01
5.1910597e-01   4.0278196e-01
5.0305402e-01   4.1041327e-01
4.8699099e-01   4.1805375e-01
4.7093400e-01   4.2446533e-01
4.5489800e-01   4.3112969e-01
4.3889999e-01   4.3598437e-01
4.2295599e-01   4.4077051e-01
4.0708300e-01   4.4406918e-01
3.9129499e-01   4.4543976e-01
3.7560999e-01   4.4668540e-01
3.6004400e-01   4.4744617e-01
3.4461200e-01   4.4616732e-01
3.2933000e-01   4.4469702e-01
3.1421301e-01   4.4088364e-01
2.9927900e-01   4.3687552e-01
2.8454101e-01   4.3182206e-01
2.7001500e-01   4.2498627e-01
2.5571701e-01   4.1797724e-01
2.4166100e-01   4.0999255e-01
2.2786200e-01   4.0080005e-01
2.1433599e-01   3.9086476e-01
2.0109500e-01   3.7955144e-01
1.8815500e-01   3.6847481e-01
1.7553000e-01   3.5558051e-01
1.6323400e-01   3.4281591e-01
1.5128000e-01   3.2895687e-01
1.3968100e-01   3.1430352e-01
1.2845200e-01   2.9921752e-01
1.1760600e-01   2.8348380e-01
1.0715500e-01   2.6826170e-01
9.7112998e-02   2.5146925e-01
8.7493002e-02   2.3498385e-01
7.8305997e-02   2.1870482e-01
6.9565997e-02   2.0195597e-01
6.1285000e-02   1.8601675e-01
5.3474002e-02   1.6969182e-01
4.6149999e-02   1.5262736e-01
3.9326001e-02   1.3682985e-01
3.3013999e-02   1.2139215e-01
2.7230000e-02   1.0587305e-01
2.1980001e-02   9.1013126e-02
1.7277000e-02   7.7094056e-02
1.3141000e-02   6.3600272e-02
9.5729996e-03   5.0687738e-02
6.5830001e-03   3.9759468e-02
4.1880002e-03   2.9998085e-02
2.3540000e-03   2.1037335e-02
1.0810000e-03   1.3935867e-02
3.7100000e-04   9.0010501e-03
7.6999997e-05   5.0496748e-03
4.9999999e-06   2.5135640e-03
0.0000000e+00   1.6107277e-03
4.9999999e-06   6.0762785e-04
7.6999997e-05   -1.3004981e-03
3.7100000e-04   -5.1731314e-03
1.0810000e-03   -1.0438641e-02
2.3530000e-03   -1.7060494e-02
4.1880002e-03   -2.5257302e-02
6.5850001e-03   -3.4684382e-02
9.5760003e-03   -4.4264838e-02
1.3145000e-02   -5.4765370e-02
1.7281000e-02   -6.5242410e-02
2.1983000e-02   -7.6059029e-02
2.7232001e-02   -8.6992636e-02
3.3016000e-02   -9.8137520e-02
3.9328001e-02   -1.0835837e-01
4.6151999e-02   -1.1965464e-01
5.3475998e-02   -1.2965935e-01
6.1287001e-02   -1.3863093e-01
6.9568001e-02   -1.4805426e-01
7.8308001e-02   -1.5620488e-01
8.7494999e-02   -1.6405737e-01
9.7115003e-02   -1.7197208e-01
1.0715700e-01   -1.7825705e-01
1.1760800e-01   -1.8568699e-01
1.2845400e-01   -1.9055329e-01
1.3968299e-01   -1.9666187e-01
1.5128200e-01   -2.0072128e-01
1.6323499e-01   -2.0528005e-01
1.7553200e-01   -2.0820050e-01
1.8815701e-01   -2.1140932e-01
2.0109700e-01   -2.1403301e-01
2.1433701e-01   -2.1546210e-01
2.2786400e-01   -2.1638824e-01
2.4166299e-01   -2.1636994e-01
2.5571901e-01   -2.1637219e-01
2.7001700e-01   -2.1522261e-01
2.8454199e-01   -2.1420138e-01
2.9927999e-01   -2.1204409e-01
3.1421500e-01   -2.0841302e-01
3.2933101e-01   -2.0502459e-01
3.4461299e-01   -2.0106307e-01
3.6004499e-01   -1.9606924e-01
3.7561101e-01   -1.9099948e-01
3.9129600e-01   -1.8515173e-01
4.0708300e-01   -1.7687002e-01
4.2295700e-01   -1.7085142e-01
4.3890101e-01   -1.6361029e-01
4.5489901e-01   -1.5553306e-01
4.7093499e-01   -1.4806633e-01
4.8699200e-01   -1.3963749e-01
5.0305498e-01   -1.3200055e-01
5.1910698e-01   -1.2301496e-01
5.3513199e-01   -1.1453959e-01
5.5111402e-01   -1.0579976e-01
5.6703597e-01   -9.7263753e-02
5.8288401e-01   -8.8651627e-02
5.9864002e-01   -8.0237783e-02
6.1429000e-01   -7.2578840e-02
6.2981701e-01   -6.3938685e-02
6.4520597e-01   -5.6293946e-02
6.6044199e-01   -4.9444467e-02
6.7550898e-01   -4.1762106e-02
6.9039297e-01   -3.4310702e-02
7.0507699e-01   -2.8470803e-02
7.1954900e-01   -2.2462545e-02
7.3379302e-01   -1.6811855e-02
7.4779499e-01   -1.1701486e-02
7.6154202e-01   -6.7414851e-03
7.7501899e-01   -2.1053057e-03
7.8821403e-01   1.6740806e-03
8.0111301e-01   5.2733268e-03
8.1370401e-01   7.8966245e-03
8.2597297e-01   1.1453124e-02
8.3791000e-01   1.2988182e-02
8.4950101e-01   1.5472399e-02
8.6073500e-01   1.6418258e-02
8.7160099e-01   1.8109171e-02
8.8208801e-01   1.9156937e-02
8.9218402e-01   1.8783581e-02
9.0188003e-01   1.9527005e-02
9.1116500e-01   1.9098068e-02
9.2003101e-01   1.9135248e-02
9.2846799e-01   1.8847072e-02
9.3646699e-01   1.7806465e-02
9.4401902e-01   1.6103471e-02
9.5111603e-01   1.5159129e-02
9.5775098e-01   1.2842529e-02
9.6392000e-01   1.1070315e-02
9.6961600e-01   9.2962617e-03
9.7483599e-01   7.0768110e-03
9.7957498e-01   4.5381626e-03
9.8383099e-01   3.5115522e-03
9.8759800e-01   1.6435263e-03
9.9087399e-01   3.7055928e-05
9.9365300e-01   -1.6259259e-03
9.9593401e-01   -3.1284690e-03
9.9771100e-01   -3.7587064e-03
9.9898201e-01   -4.2888569e-03
9.9974501e-01   -4.9860715e-03
1.0000000e+00   -5.0989469e-03
