1.0000000e+00   5.5515422e-03
9.9974501e-01   5.4688486e-03
9.9898201e-01   6.4496882e-03
9.9771100e-01   7.2552096e-03
9.9593300e-01   8.4616216e-03
9.9365300e-01   1.0508454e-02
9.9087399e-01   1.2853457e-02
9.8759800e-01   1.5514529e-02
9.8382998e-01   1.8341323e-02
9.7957498e-01   2.1381989e-02
9.7483599e-01   2.4626810e-02
9.6961600e-01   2.8244108e-02
9.6392000e-01   3.3167534e-02
9.5775098e-01   3.6819756e-02
9.5111603e-01   4.1252628e-02
9.4401902e-01   4.5793176e-02
9.3646699e-01   5.1290944e-02
9.2846799e-01   5.5272382e-02
9.2003101e-01   6.1050642e-02
9.1116500e-01   6.6299953e-02
9.0187901e-01   7.1496330e-02
8.9218301e-01   7.7123217e-02
8.8208699e-01   8.2969800e-02
8.7160099e-01   8.8989638e-02
8.6073500e-01   9.4963782e-02
8.4950101e-01   9.9956453e-02
8.3791000e-01   1.0698418e-01
8.2597399e-01   1.1212046e-01
8.1370401e-01   1.1882392e-01
8.0111301e-01   1.2485217e-01
7.8821403e-01   1.3082203e-01
7.7501899e-01   1.3789663e-01
7.6154101e-01   1.4340933e-01
7.4779499e-01   1.4991015e-01
7.3379201e-01   1.5639767e-01
7.1954799e-01   1.6268145e-01
7.0507699e-01   1.6812338e-01
6.9039202e-01   1.7402016e-01
6.7550898e-01   1.8030269e-01
6.6044199e-01   1.8533531e-01
6.4520597e-01   1.9083558e-01
6.2981701e-01   1.9589867e-01
6.1429000e-01   2.0012482e-01
5.9864002e-01   2.0512424e-01
5.8288401e-01   2.1038252e-01
5.6703597e-01   2.1337120e-01
5.5111301e-01   2.1758431e-01
5.3513098e-01   2.2103527e-01
5.1910597e-01   2.2434998e-01
5.0305402e-01   2.2655404e-01
4.8699099e-01   2.2972505e-01
4.7093400e-01   2.3238060e-01
4.5489800e-01   2.3379353e-01
4.3889999e-01   2.3644429e-01
4.2295599e-01   2.3692988e-01
4.0708300e-01   2.3782754e-01
3.9129499e-01   2.3765405e-01
3.7560999e-01   2.3792665e-01
3.6004400e-01   2.3815142e-01
3.4461200e-01   2.3861383e-01
3.2933000e-01   2.3791933e-01
3.1421301e-01   2.3570597e-01
2.9927900e-01   2.3423748e-01
2.8454101e-01   2.3231828e-01
2.7001500e-01   2.3047039e-01
2.5571701e-01   2.2690496e-01
2.4166100e-01   2.2398984e-01
2.2786200e-01   2.2111712e-01
2.1433599e-01   2.1675020e-01
2.0109500e-01   2.1226159e-01
1.8815500e-01   2.0743327e-01
1.7553000e-01   2.0221451e-01
1.6323400e-01   1.9550072e-01
1.5128000e-01   1.8934515e-01
1.3968100e-01   1.8387233e-01
1.2845200e-01   1.7691708e-01
1.1760600e-01   1.6975337e-01
1.0715500e-01   1.6224268e-01
9.7112998e-02   1.5405944e-01
8.7493002e-02   1.4592768e-01
7.8305997e-02   1.3718104e-01
6.9565997e-02   1.2957942e-01
6.1285000e-02   1.1975856e-01
5.3474002e-02   1.1085245e-01
4.6149999e-02   1.0229554e-01
3.9326001e-02   9.3443498e-02
3.3013999e-02   8.3933085e-02
2.7230000e-02   7.4728742e-02
2.1980001e-02   6.5965407e-02
1.7277000e-02   5.7586953e-02
1.3141000e-02   4.8910618e-02
9.5729996e-03   4.0682171e-02
6.5830001e-03   3.2995362e-02
4.1880002e-03   2.5737030e-02
2.3540000e-03   1.8732280e-02
1.0810000e-03   1.3071614e-02
3.7100000e-04   8.3622849e-03
7.6999997e-05   4.6458542e-03
4.9999999e-06   2.3310466e-03
0.0000000e+00   1.8116402e-03
4.9999999e-06   7.6701521e-04
7.6999997e-05   -1.3258768e-03
3.7100000e-04   -4.2459588e-03
1.0810000e-03   -7.7051348e-03
2.3530000e-03   -1.1775773e-02
4.1880002e-03   -1.5626691e-02
6.5850001e-03   -1.8360427e-02
9.5760003e-03   -1.9699078e-02
1.3145000e-02   -2.0265412e-02
1.7281000e-02   -1.9252779e-02
2.1983000e-02   -1.7345093e-02
2.7232001e-02   -1.5308667e-02
3.3016000e-02   -1.3269093e-02
3.9328001e-02   -1.0285101e-02
4.6151999e-02   -7.4753859e-03
5.3475998e-02   -4.3319156e-03
6.1287001e-02   -7.2494883e-04
6.9568001e-02   3.2299384e-03
7.8308001e-02   7.6032565e-03
8.7494999e-02   1.1554245e-02
9.7115003e-02   1.6519776e-02
1.0715700e-01   2.0625098e-02
1.1760800e-01   2.5514871e-02
1.2845400e-01   3.0383695e-02
1.3968299e-01   3.4164447e-02
1.5128200e-01   3.8439315e-02
1.6323499e-01   4.2669266e-02
1.7553200e-01   4.7800034e-02
1.8815701e-01   5.1720034e-02
2.0109700e-01   5.5835750e-02
2.1433701e-01   5.9668455e-02
2.2786400e-01   6.3216083e-02
2.4166299e-01   6.7102134e-02
2.5571901e-01   7.0403881e-02
2.7001700e-01   7.3563844e-02
2.8454199e-01   7.6942213e-02
2.9927999e-01   7.8922480e-02
3.1421500e-01   8.1901066e-02
3.2933101e-01   8.4198140e-02
3.4461299e-01   8.6235031e-02
3.6004499e-01   8.7994792e-02
3.7561101e-01   8.9292102e-02
3.9129600e-01   9.0296157e-02
4.0708300e-01   9.1539569e-02
4.2295700e-01   9.2642874e-02
4.3890101e-01   9.3220621e-02
4.5489901e-01   9.3723081e-02
4.7093499e-01   9.3842350e-02
4.8699200e-01   9.3470320e-02
5.0305498e-01   9.2844538e-02
5.1910698e-01   9.3007162e-02
5.3513199e-01   9.2206106e-02
5.5111402e-01   9.0578407e-02
5.6703597e-01   9.0262584e-02
5.8288401e-01   8.8376261e-02
5.9864002e-01   8.7637216e-02
6.1429000e-01   8.4790543e-02
6.2981701e-01   8.3668023e-02
6.4520597e-01   8.0741100e-02
6.6044199e-01   7.8546219e-02
6.7550898e-01   7.6045625e-02
6.9039297e-01   7.3488742e-02
7.0507699e-01   7.1290500e-02
7.1954900e-01   6.8469539e-02
7.3379302e-01   6.5805428e-02
7.4779499e-01   6.2347557e-02
7.6154202e-01   5.9553802e-02
7.7501899e-01   5.5943679e-02
7.8821403e-01   5.3623348e-02
8.0111301e-01   5.0991263e-02
8.1370401e-01   4.8172873e-02
8.2597297e-01   4.5131918e-02
8.3791000e-01   4.2265039e-02
8.4950101e-01   3.8550805e-02
8.6073500e-01   3.6360051e-02
8.7160099e-01   3.3327065e-02
8.8208801e-01   3.0658104e-02
8.9218402e-01   2.7977465e-02
9.0188003e-01   2.5068622e-02
9.1116500e-01   2.3230202e-02
9.2003101e-01   1.9999605e-02
9.2846799e-01   1.7603330e-02
9.3646699e-01   1.5323713e-02
9.4401902e-01   1.2940937e-02
9.5111603e-01   1.0821858e-02
9.5775098e-01   8.4152604e-03
9.6392000e-01   6.7387116e-03
9.6961600e-01   4.6175765e-03
9.7483599e-01   2.6645428e-03
9.7957498e-01   1.1471761e-03
9.8383099e-01   -5.2567321e-04
9.8759800e-01   -1.7758191e-03
9.9087399e-01   -2.5797540e-03
9.9365300e-01   -3.2554648e-03
9.9593401e-01   -4.1389694e-03
9.9771100e-01   -4.2043864e-03
9.9898201e-01   -4.6743662e-03
9.9974501e-01   -5.1904786e-03
1.0000000e+00   -5.2663800e-03
