1.0000000e+00   4.0214653e-03
9.9974501e-01   4.5005386e-03
9.9898201e-01   5.0213723e-03
9.9771100e-01   6.4479117e-03
9.9593300e-01   7.5341235e-03
9.9365300e-01   9.3294559e-03
9.9087399e-01   1.1902831e-02
9.8759800e-01   1.4611292e-02
9.8382998e-01   1.7876234e-02
9.7957498e-01   2.0933377e-02
9.7483599e-01   2.5033651e-02
9.6961600e-01   2.9136665e-02
9.6392000e-01   3.3603661e-02
9.5775098e-01   3.8508017e-02
9.5111603e-01   4.4007257e-02
9.4401902e-01   4.9551222e-02
9.3646699e-01   5.5450607e-02
9.2846799e-01   6.1051834e-02
9.2003101e-01   6.7396127e-02
9.1116500e-01   7.4127935e-02
9.0187901e-01   8.1105009e-02
8.9218301e-01   8.7620571e-02
8.8208699e-01   9.5190898e-02
8.7160099e-01   1.0240693e-01
8.6073500e-01   1.0989738e-01
8.4950101e-01   1.1785144e-01
8.3791000e-01   1.2568347e-01
8.2597399e-01   1.3412289e-01
8.1370401e-01   1.4189194e-01
8.0111301e-01   1.5027732e-01
7.8821403e-01   1.5881079e-01
7.7501899e-01   1.6773291e-01
7.6154101e-01   1.7609020e-01
7.4779499e-01   1.8505880e-01
7.3379201e-01   1.9374892e-01
7.1954799e-01   2.0228702e-01
7.0507699e-01   2.1052410e-01
6.9039202e-01   2.1939743e-01
6.7550898e-01   2.2827102e-01
6.6044199e-01   2.3610640e-01
6.4520597e-01   2.4507873e-01
6.2981701e-01   2.5284159e-01
6.1429000e-01   2.6039746e-01
5.9864002e-01   2.6819614e-01
5.8288401e-01   2.7580228e-01
5.6703597e-01   2.8275216e-01
5.5111301e-01   2.8988960e-01
5.3513098e-01   2.9570261e-01
5.1910597e-01   3.0211556e-01
5.0305402e-01   3.0694911e-01
4.8699099e-01   3.1166852e-01
4.7093400e-01   3.1662354e-01
4.5489800e-01   3.2062355e-01
4.3889999e-01   3.2315558e-01
4.2295599e-01   3.2563221e-01
4.0708300e-01   3.2815424e-01
3.9129499e-01   3.3007541e-01
3.7560999e-01   3.3138242e-01
3.6004400e-01   3.3165488e-01
3.4461200e-01   3.3202687e-01
3.2933000e-01   3.3149630e-01
3.1421301e-01   3.3090219e-01
2.9927900e-01   3.2871020e-01
2.8454101e-01   3.2695225e-01
2.7001500e-01   3.2398349e-01
2.5571701e-01   3.2029456e-01
2.4166100e-01   3.1590196e-01
2.2786200e-01   3.1073642e-01
2.1433599e-01   3.0491966e-01
2.0109500e-01   2.9848441e-01
1.8815500e-01   2.9149160e-01
1.7553000e-01   2.8319749e-01
1.6323400e-01   2.7429330e-01
1.5128000e-01   2.6510653e-01
1.3968100e-01   2.5486955e-01
1.2845200e-01   2.4490723e-01
1.1760600e-01   2.3313984e-01
1.0715500e-01   2.2120255e-01
9.7112998e-02   2.0887546e-01
8.7493002e-02   1.9644859e-01
7.8305997e-02   1.8332592e-01
6.9565997e-02   1.7027168e-01
6.1285000e-02   1.5684175e-01
5.3474002e-02   1.4321101e-01
4.6149999e-02   1.2939227e-01
3.9326001e-02   1.1631781e-01
3.3013999e-02   1.0308351e-01
2.7230000e-02   9.0493627e-02
2.1980001e-02   7.8028291e-02
1.7277000e-02   6.6170715e-02
1.3141000e-02   5.4472782e-02
9.5729996e-03   4.3674815e-02
6.5830001e-03   3.3695586e-02
4.1880002e-03   2.4915015e-02
2.3540000e-03   1.7149573e-02
1.0810000e-03   1.0587626e-02
3.7100000e-04   5.4924777e-03
7.6999997e-05   1.8374128e-03
4.9999999e-06   -4.6605358e-04
0.0000000e+00   -1.3805826e-03
4.9999999e-06   -2.0869877e-03
7.6999997e-05   -4.2184824e-03
3.7100000e-04   -7.7216006e-03
1.0810000e-03   -1.2511319e-02
2.3530000e-03   -1.7819209e-02
4.1880002e-03   -2.3877928e-02
6.5850001e-03   -3.0138202e-02
9.5760003e-03   -3.5973217e-02
1.3145000e-02   -4.1114923e-02
1.7281000e-02   -4.5294214e-02
2.1983000e-02   -4.8305809e-02
2.7232001e-02   -5.1355388e-02
3.3016000e-02   -5.3395413e-02
3.9328001e-02   -5.5717692e-02
4.6151999e-02   -5.8027659e-02
5.3475998e-02   -5.9006792e-02
6.1287001e-02   -6.0423188e-02
6.9568001e-02   -6.1063010e-02
7.8308001e-02   -6.1967321e-02
8.7494999e-02   -6.2418770e-02
9.7115003e-02   -6.2396102e-02
1.0715700e-01   -6.2050592e-02
1.1760800e-01   -6.1910275e-02
1.2845400e-01   -6.1272185e-02
1.3968299e-01   -6.0326558e-02
1.5128200e-01   -5.9316386e-02
1.6323499e-01   -5.8588710e-02
1.7553200e-01   -5.6644849e-02
1.8815701e-01   -5.5059746e-02
2.0109700e-01   -5.3751979e-02
2.1433701e-01   -5.1746488e-02
2.2786400e-01   -5.0238747e-02
2.4166299e-01   -4.8397172e-02
2.5571901e-01   -4.6718877e-02
2.7001700e-01   -4.5491148e-02
2.8454199e-01   -4.3619838e-02
2.9927999e-01   -4.1885171e-02
3.1421500e-01   -4.0753420e-02
3.2933101e-01   -3.9421868e-02
3.4461299e-01   -3.7714653e-02
3.6004499e-01   -3.6714688e-02
3.7561101e-01   -3.6083359e-02
3.9129600e-01   -3.5180308e-02
4.0708300e-01   -3.4507148e-02
4.2295700e-01   -3.4068044e-02
4.3890101e-01   -3.3558987e-02
4.5489901e-01   -3.3535238e-02
4.7093499e-01   -3.3001199e-02
4.8699200e-01   -3.2587703e-02
5.0305498e-01   -3.2382518e-02
5.1910698e-01   -3.2021195e-02
5.3513199e-01   -3.1653468e-02
5.5111402e-01   -3.2125473e-02
5.6703597e-01   -3.2209445e-02
5.8288401e-01   -3.2308016e-02
5.9864002e-01   -3.1535499e-02
6.1429000e-01   -3.1739276e-02
6.2981701e-01   -3.1437621e-02
6.4520597e-01   -3.1328570e-02
6.6044199e-01   -3.0714236e-02
6.7550898e-01   -3.0495742e-02
6.9039297e-01   -2.9800521e-02
7.0507699e-01   -2.9476695e-02
7.1954900e-01   -2.9080385e-02
7.3379302e-01   -2.8367333e-02
7.4779499e-01   -2.7361769e-02
7.6154202e-01   -2.6411870e-02
7.7501899e-01   -2.5652327e-02
7.8821403e-01   -2.5268411e-02
8.0111301e-01   -2.3602337e-02
8.1370401e-01   -2.2457305e-02
8.2597297e-01   -2.1745523e-02
8.3791000e-01   -2.0821687e-02
8.4950101e-01   -1.9778939e-02
8.6073500e-01   -1.8707097e-02
8.7160099e-01   -1.7304270e-02
8.8208801e-01   -1.6522862e-02
8.9218402e-01   -1.5240435e-02
9.0188003e-01   -1.4424682e-02
9.1116500e-01   -1.3102349e-02
9.2003101e-01   -1.2150046e-02
9.2846799e-01   -1.1292900e-02
9.3646699e-01   -1.0618701e-02
9.4401902e-01   -9.4709434e-03
9.5111603e-01   -8.5165268e-03
9.5775098e-01   -7.4331295e-03
9.6392000e-01   -6.2908884e-03
9.6961600e-01   -5.7352912e-03
9.7483599e-01   -5.0243479e-03
9.7957498e-01   -4.0002568e-03
9.8383099e-01   -3.4299074e-03
9.8759800e-01   -2.8610167e-03
9.9087399e-01   -2.3795159e-03
9.9365300e-01   -1.6790882e-03
9.9593401e-01   -1.3487734e-03
9.9771100e-01   -1.2577880e-03
9.9898201e-01   -7.5694791e-04
9.9974501e-01   -7.2679075e-04
1.0000000e+00   -5.3011574e-04
