1.0000000e+00   1.8524661e-05
9.9974501e-01   4.3089685e-04
9.9898201e-01   1.6189397e-03
9.9771100e-01   3.3857317e-03
9.9593300e-01   5.1947255e-03
9.9365300e-01   7.4240481e-03
9.9087399e-01   1.0036827e-02
9.8759800e-01   1.2810307e-02
9.8382998e-01   1.6084304e-02
9.7957498e-01   1.9719223e-02
9.7483599e-01   2.3985205e-02
9.6961600e-01   2.8232936e-02
9.6392000e-01   3.2848150e-02
9.5775098e-01   3.7725829e-02
9.5111603e-01   4.2884793e-02
9.4401902e-01   4.8317779e-02
9.3646699e-01   5.3876139e-02
9.2846799e-01   5.9715148e-02
9.2003101e-01   6.5842338e-02
9.1116500e-01   7.2164804e-02
9.0187901e-01   7.8911476e-02
8.9218301e-01   8.5543618e-02
8.8208699e-01   9.2444487e-02
8.7160099e-01   9.9657975e-02
8.6073500e-01   1.0711810e-01
8.4950101e-01   1.1457928e-01
8.3791000e-01   1.2249053e-01
8.2597399e-01   1.3039774e-01
8.1370401e-01   1.3843437e-01
8.0111301e-01   1.4643408e-01
7.8821403e-01   1.5438607e-01
7.7501899e-01   1.6239268e-01
7.6154101e-01   1.7015737e-01
7.4779499e-01   1.7810284e-01
7.3379201e-01   1.8590009e-01
7.1954799e-01   1.9384341e-01
7.0507699e-01   2.0161770e-01
6.9039202e-01   2.0925759e-01
6.7550898e-01   2.1713723e-01
6.6044199e-01   2.2494052e-01
6.4520597e-01   2.3259410e-01
6.2981701e-01   2.3995991e-01
6.1429000e-01   2.4712431e-01
5.9864002e-01   2.5397912e-01
5.8288401e-01   2.6074475e-01
5.6703597e-01   2.6675481e-01
5.5111301e-01   2.7257836e-01
5.3513098e-01   2.7796713e-01
5.1910597e-01   2.8341132e-01
5.0305402e-01   2.8807577e-01
4.8699099e-01   2.9283243e-01
4.7093400e-01   2.9688126e-01
4.5489800e-01   3.0051509e-01
4.3889999e-01   3.0393237e-01
4.2295599e-01   3.0640739e-01
4.0708300e-01   3.0884030e-01
3.9129499e-01   3.1040412e-01
3.7560999e-01   3.1164020e-01
3.6004400e-01   3.1242532e-01
3.4461200e-01   3.1284237e-01
3.2933000e-01   3.1265229e-01
3.1421301e-01   3.1174570e-01
2.9927900e-01   3.1030416e-01
2.8454101e-01   3.0841428e-01
2.7001500e-01   3.0603230e-01
2.5571701e-01   3.0309266e-01
2.4166100e-01   2.9938677e-01
2.2786200e-01   2.9530492e-01
2.1433599e-01   2.9055399e-01
2.0109500e-01   2.8496611e-01
1.8815500e-01   2.7849069e-01
1.7553000e-01   2.7149937e-01
1.6323400e-01   2.6401344e-01
1.5128000e-01   2.5586879e-01
1.3968100e-01   2.4738705e-01
1.2845200e-01   2.3843260e-01
1.1760600e-01   2.2874247e-01
1.0715500e-01   2.1836498e-01
9.7112998e-02   2.0799401e-01
8.7493002e-02   1.9698222e-01
7.8305997e-02   1.8545885e-01
6.9565997e-02   1.7375036e-01
6.1285000e-02   1.6192099e-01
5.3474002e-02   1.4959113e-01
4.6149999e-02   1.3731669e-01
3.9326001e-02   1.2493595e-01
3.3013999e-02   1.1242136e-01
2.7230000e-02   1.0010005e-01
2.1980001e-02   8.7965555e-02
1.7277000e-02   7.6123096e-02
1.3141000e-02   6.4264640e-02
9.5729996e-03   5.2815866e-02
6.5830001e-03   4.1854572e-02
4.1880002e-03   3.1809535e-02
2.3540000e-03   2.2660844e-02
1.0810000e-03   1.4930286e-02
3.7100000e-04   8.5489890e-03
7.6999997e-05   3.9132382e-03
4.9999999e-06   9.7478682e-04
0.0000000e+00   2.4216703e-05
4.9999999e-06   -8.8689686e-04
7.6999997e-05   -3.7322305e-03
3.7100000e-04   -7.7644810e-03
1.0810000e-03   -1.2874427e-02
2.3530000e-03   -1.8160734e-02
4.1880002e-03   -2.3197310e-02
6.5850001e-03   -2.7244717e-02
9.5760003e-03   -3.0124312e-02
1.3145000e-02   -3.1745888e-02
1.7281000e-02   -3.2036182e-02
2.1983000e-02   -3.1494636e-02
2.7232001e-02   -3.0719012e-02
3.3016000e-02   -2.9383279e-02
3.9328001e-02   -2.7632892e-02
4.6151999e-02   -2.5427686e-02
5.3475998e-02   -2.2939606e-02
6.1287001e-02   -2.0021943e-02
6.9568001e-02   -1.6848475e-02
7.8308001e-02   -1.3508389e-02
8.7494999e-02   -9.7284745e-03
9.7115003e-02   -5.8876788e-03
1.0715700e-01   -2.1598157e-03
1.1760800e-01   1.7102940e-03
1.2845400e-01   5.4026539e-03
1.3968299e-01   9.1109658e-03
1.5128200e-01   1.3238395e-02
1.6323499e-01   1.7325150e-02
1.7553200e-01   2.1258980e-02
1.8815701e-01   2.5079407e-02
2.0109700e-01   2.8569708e-02
2.1433701e-01   3.2345712e-02
2.2786400e-01   3.5528593e-02
2.4166299e-01   3.8544986e-02
2.5571901e-01   4.1587092e-02
2.7001700e-01   4.4170164e-02
2.8454199e-01   4.7083445e-02
2.9927999e-01   4.9660560e-02
3.1421500e-01   5.2001022e-02
3.2933101e-01   5.4090377e-02
3.4461299e-01   5.6019191e-02
3.6004499e-01   5.7783119e-02
3.7561101e-01   5.9481997e-02
3.9129600e-01   6.0762435e-02
4.0708300e-01   6.1707716e-02
4.2295700e-01   6.2538676e-02
4.3890101e-01   6.2788762e-02
4.5489901e-01   6.3098542e-02
4.7093499e-01   6.3191712e-02
4.8699200e-01   6.2988050e-02
5.0305498e-01   6.2755153e-02
5.1910698e-01   6.2266383e-02
5.3513199e-01   6.1168060e-02
5.5111402e-01   6.0686439e-02
5.6703597e-01   5.9680704e-02
5.8288401e-01   5.9115559e-02
5.9864002e-01   5.7879083e-02
6.1429000e-01   5.6788266e-02
6.2981701e-01   5.5306781e-02
6.4520597e-01   5.4200731e-02
6.6044199e-01   5.2334182e-02
6.7550898e-01   5.0846882e-02
6.9039297e-01   4.9032517e-02
7.0507699e-01   4.7416311e-02
7.1954900e-01   4.5462430e-02
7.3379302e-01   4.3673716e-02
7.4779499e-01   4.1841615e-02
7.6154202e-01   3.9722640e-02
7.7501899e-01   3.7468344e-02
7.8821403e-01   3.5048276e-02
8.0111301e-01   3.3066306e-02
8.1370401e-01   3.1014446e-02
8.2597297e-01   2.8713977e-02
8.3791000e-01   2.6837438e-02
8.4950101e-01   2.4816943e-02
8.6073500e-01   2.2813566e-02
8.7160099e-01   2.0528581e-02
8.8208801e-01   1.8601848e-02
8.9218402e-01   1.6834412e-02
9.0188003e-01   1.4740597e-02
9.1116500e-01   1.2888648e-02
9.2003101e-01   1.1226301e-02
9.2846799e-01   9.7113466e-03
9.3646699e-01   8.5186660e-03
9.4401902e-01   7.2100284e-03
9.5111603e-01   6.0348292e-03
9.5775098e-01   5.0455630e-03
9.6392000e-01   4.2276308e-03
9.6961600e-01   3.2726368e-03
9.7483599e-01   2.5411181e-03
9.7957498e-01   1.7970704e-03
9.8383099e-01   1.1810752e-03
9.8759800e-01   8.0728350e-04
9.9087399e-01   5.4295670e-04
9.9365300e-01   3.4045090e-04
9.9593401e-01   1.2784614e-04
9.9771100e-01   1.1872436e-04
9.9898201e-01   1.3862253e-04
9.9974501e-01   -1.8027014e-05
1.0000000e+00   3.0863808e-05
