1.0000000e+00   3.7100723e-03
9.9974501e-01   4.0644789e-03
9.9898201e-01   4.6067452e-03
9.9771100e-01   5.7232692e-03
9.9593300e-01   6.4535979e-03
9.9365300e-01   8.1271091e-03
9.9087399e-01   1.0302365e-02
9.8759800e-01   1.2341025e-02
9.8382998e-01   1.5154785e-02
9.7957498e-01   1.7786935e-02
9.7483599e-01   2.1339478e-02
9.6961600e-01   2.4807291e-02
9.6392000e-01   2.8793611e-02
9.5775098e-01   3.2718055e-02
9.5111603e-01   3.7412908e-02
9.4401902e-01   4.2142347e-02
9.3646699e-01   4.7460739e-02
9.2846799e-01   5.2088559e-02
9.2003101e-01   5.7476074e-02
9.1116500e-01   6.3126124e-02
9.0187901e-01   6.8781912e-02
8.9218301e-01   7.4615493e-02
8.8208699e-01   8.0906846e-02
8.7160099e-01   8.7208353e-02
8.6073500e-01   9.3381636e-02
8.4950101e-01   1.0012121e-01
8.3791000e-01   1.0694703e-01
8.2597399e-01   1.1408310e-01
8.1370401e-01   1.2073477e-01
8.0111301e-01   1.2780932e-01
7.8821403e-01   1.3542651e-01
7.7501899e-01   1.4317171e-01
7.6154101e-01   1.5030408e-01
7.4779499e-01   1.5746391e-01
7.3379201e-01   1.6501483e-01
7.1954799e-01   1.7210568e-01
7.0507699e-01   1.7877336e-01
6.9039202e-01   1.8609501e-01
6.7550898e-01   1.9341825e-01
6.6044199e-01   1.9957921e-01
6.4520597e-01   2.0679937e-01
6.2981701e-01   2.1309422e-01
6.1429000e-01   2.1856366e-01
5.9864002e-01   2.2478803e-01
5.8288401e-01   2.3083290e-01
5.6703597e-01   2.3614514e-01
5.5111301e-01   2.4186689e-01
5.3513098e-01   2.4620622e-01
5.1910597e-01   2.5135615e-01
5.0305402e-01   2.5542533e-01
4.8699099e-01   2.5908476e-01
4.7093400e-01   2.6330173e-01
4.5489800e-01   2.6616451e-01
4.3889999e-01   2.6860482e-01
4.2295599e-01   2.7058226e-01
4.0708300e-01   2.7304485e-01
3.9129499e-01   2.7447948e-01
3.7560999e-01   2.7567270e-01
3.6004400e-01   2.7639222e-01
3.4461200e-01   2.7711695e-01
3.2933000e-01   2.7651000e-01
3.1421301e-01   2.7634698e-01
2.9927900e-01   2.7426824e-01
2.8454101e-01   2.7314019e-01
2.7001500e-01   2.7069312e-01
2.5571701e-01   2.6726550e-01
2.4166100e-01   2.6373896e-01
2.2786200e-01   2.5969601e-01
2.1433599e-01   2.5507060e-01
2.0109500e-01   2.4968782e-01
1.8815500e-01   2.4427563e-01
1.7553000e-01   2.3775865e-01
1.6323400e-01   2.3064402e-01
1.5128000e-01   2.2316404e-01
1.3968100e-01   2.1504472e-01
1.2845200e-01   2.0714648e-01
1.1760600e-01   1.9785647e-01
1.0715500e-01   1.8848321e-01
9.7112998e-02   1.7872314e-01
8.7493002e-02   1.6870663e-01
7.8305997e-02   1.5803847e-01
6.9565997e-02   1.4765885e-01
6.1285000e-02   1.3675945e-01
5.3474002e-02   1.2568608e-01
4.6149999e-02   1.1448310e-01
3.9326001e-02   1.0379940e-01
3.3013999e-02   9.2815071e-02
2.7230000e-02   8.2169212e-02
2.1980001e-02   7.1564041e-02
1.7277000e-02   6.1459366e-02
1.3141000e-02   5.1430952e-02
9.5729996e-03   4.2023547e-02
6.5830001e-03   3.3028264e-02
4.1880002e-03   2.5058780e-02
2.3540000e-03   1.7740704e-02
1.0810000e-03   1.1541722e-02
3.7100000e-04   6.6070845e-03
7.6999997e-05   2.9056058e-03
4.9999999e-06   7.5832370e-04
0.0000000e+00   -1.1850358e-04
4.9999999e-06   -8.3670736e-04
7.6999997e-05   -3.0542740e-03
3.7100000e-04   -6.4900722e-03
1.0810000e-03   -1.1132076e-02
2.3530000e-03   -1.6078971e-02
4.1880002e-03   -2.1633236e-02
6.5850001e-03   -2.7070567e-02
9.5760003e-03   -3.1878922e-02
1.3145000e-02   -3.6281046e-02
1.7281000e-02   -3.9763626e-02
2.1983000e-02   -4.2605884e-02
2.7232001e-02   -4.5348719e-02
3.3016000e-02   -4.7255959e-02
3.9328001e-02   -4.9538061e-02
4.6151999e-02   -5.1532593e-02
5.3475998e-02   -5.2665967e-02
6.1287001e-02   -5.4031532e-02
6.9568001e-02   -5.4981623e-02
7.8308001e-02   -5.5967867e-02
8.7494999e-02   -5.6786317e-02
9.7115003e-02   -5.6497205e-02
1.0715700e-01   -5.6922078e-02
1.1760800e-01   -5.6574211e-02
1.2845400e-01   -5.6387335e-02
1.3968299e-01   -5.6037787e-02
1.5128200e-01   -5.5274129e-02
1.6323499e-01   -5.5066809e-02
1.7553200e-01   -5.3278789e-02
1.8815701e-01   -5.2516151e-02
2.0109700e-01   -5.1612679e-02
2.1433701e-01   -4.9776703e-02
2.2786400e-01   -4.8801053e-02
2.4166299e-01   -4.7338728e-02
2.5571901e-01   -4.6060644e-02
2.7001700e-01   -4.4905990e-02
2.8454199e-01   -4.3427084e-02
2.9927999e-01   -4.1793961e-02
3.1421500e-01   -4.0490132e-02
3.2933101e-01   -3.9163843e-02
3.4461299e-01   -3.7349172e-02
3.6004499e-01   -3.5985678e-02
3.7561101e-01   -3.5068974e-02
3.9129600e-01   -3.3645049e-02
4.0708300e-01   -3.2304633e-02
4.2295700e-01   -3.1236876e-02
4.3890101e-01   -3.0273754e-02
4.5489901e-01   -2.9565251e-02
4.7093499e-01   -2.8476562e-02
4.8699200e-01   -2.7195698e-02
5.0305498e-01   -2.6389983e-02
5.1910698e-01   -2.5147339e-02
5.3513199e-01   -2.4136731e-02
5.5111402e-01   -2.3694137e-02
5.6703597e-01   -2.3039551e-02
5.8288401e-01   -2.2482816e-02
5.9864002e-01   -2.1058895e-02
6.1429000e-01   -2.0735234e-02
6.2981701e-01   -1.9905794e-02
6.4520597e-01   -1.9486973e-02
6.6044199e-01   -1.8320641e-02
6.7550898e-01   -1.7723516e-02
6.9039297e-01   -1.6684925e-02
7.0507699e-01   -1.6227247e-02
7.1954900e-01   -1.5630068e-02
7.3379302e-01   -1.4846711e-02
7.4779499e-01   -1.3681947e-02
7.6154202e-01   -1.2767839e-02
7.7501899e-01   -1.2167747e-02
7.8821403e-01   -1.1370195e-02
8.0111301e-01   -1.0387539e-02
8.1370401e-01   -9.5599527e-03
8.2597297e-01   -8.6745545e-03
8.3791000e-01   -8.0925561e-03
8.4950101e-01   -7.9301549e-03
8.6073500e-01   -6.9208634e-03
8.7160099e-01   -6.3087326e-03
8.8208801e-01   -6.2530679e-03
8.9218402e-01   -5.3949561e-03
9.0188003e-01   -5.3842375e-03
9.1116500e-01   -4.4150557e-03
9.2003101e-01   -4.2291032e-03
9.2846799e-01   -4.0144576e-03
9.3646699e-01   -3.8456272e-03
9.4401902e-01   -3.5567037e-03
9.5111603e-01   -3.1192733e-03
9.5775098e-01   -2.5611327e-03
9.6392000e-01   -2.1525798e-03
9.6961600e-01   -2.0533751e-03
9.7483599e-01   -2.0904953e-03
9.7957498e-01   -1.4492375e-03
9.8383099e-01   -1.3538806e-03
9.8759800e-01   -1.0333279e-03
9.9087399e-01   -9.8661403e-04
9.9365300e-01   -6.6126219e-04
9.9593401e-01   -6.8489637e-04
9.9771100e-01   -7.6878647e-04
9.9898201e-01   -6.0778036e-04
9.9974501e-01   -5.5006676e-04
1.0000000e+00   -4.2888123e-04
