1.0000000e+00   1.8363285e-03
9.9974501e-01   1.8586873e-03
9.9898201e-01   2.4638679e-03
9.9771100e-01   4.2624231e-03
9.9593300e-01   4.8945742e-03
9.9365300e-01   7.5125392e-03
9.9087399e-01   1.0861507e-02
9.8759800e-01   1.3651512e-02
9.8382998e-01   1.7490668e-02
9.7957498e-01   2.0712791e-02
9.7483599e-01   2.6496101e-02
9.6961600e-01   3.0850330e-02
9.6392000e-01   3.6323972e-02
9.5775098e-01   4.1858025e-02
9.5111603e-01   4.9312897e-02
9.4401902e-01   5.5697814e-02
9.3646699e-01   6.3432343e-02
9.2846799e-01   7.0336983e-02
9.2003101e-01   7.8045696e-02
9.1116500e-01   8.6206891e-02
9.0187901e-01   9.5309772e-02
8.9218301e-01   1.0332929e-01
8.8208699e-01   1.1312924e-01
8.7160099e-01   1.2130243e-01
8.6073500e-01   1.3088559e-01
8.4950101e-01   1.4179029e-01
8.3791000e-01   1.5150751e-01
8.2597399e-01   1.6167979e-01
8.1370401e-01   1.7175527e-01
8.0111301e-01   1.8357554e-01
7.8821403e-01   1.9416375e-01
7.7501899e-01   2.0519483e-01
7.6154101e-01   2.1522951e-01
7.4779499e-01   2.2796477e-01
7.3379201e-01   2.3829505e-01
7.1954799e-01   2.4768309e-01
7.0507699e-01   2.5855443e-01
6.9039202e-01   2.6942295e-01
6.7550898e-01   2.8049898e-01
6.6044199e-01   2.8904325e-01
6.4520597e-01   2.9961082e-01
6.2981701e-01   3.1047404e-01
6.1429000e-01   3.1857118e-01
5.9864002e-01   3.2852113e-01
5.8288401e-01   3.3853722e-01
5.6703597e-01   3.4706077e-01
5.5111301e-01   3.5734731e-01
5.3513098e-01   3.6481825e-01
5.1910597e-01   3.7498125e-01
5.0305402e-01   3.8260737e-01
4.8699099e-01   3.9058447e-01
4.7093400e-01   3.9864850e-01
4.5489800e-01   4.0685660e-01
4.3889999e-01   4.1077030e-01
4.2295599e-01   4.1634896e-01
4.0708300e-01   4.2124757e-01
3.9129499e-01   4.2670840e-01
3.7560999e-01   4.2889312e-01
3.6004400e-01   4.3059081e-01
3.4461200e-01   4.3124244e-01
3.2933000e-01   4.3174154e-01
3.1421301e-01   4.3199089e-01
2.9927900e-01   4.2933124e-01
2.8454101e-01   4.2811388e-01
2.7001500e-01   4.2393321e-01
2.5571701e-01   4.2046326e-01
2.4166100e-01   4.1319728e-01
2.2786200e-01   4.0632355e-01
2.1433599e-01   3.9873952e-01
2.0109500e-01   3.8883322e-01
1.8815500e-01   3.7984481e-01
1.7553000e-01   3.6800691e-01
1.6323400e-01   3.5463050e-01
1.5128000e-01   3.4042922e-01
1.3968100e-01   3.2565859e-01
1.2845200e-01   3.1155896e-01
1.1760600e-01   2.9460970e-01
1.0715500e-01   2.7740523e-01
9.7112998e-02   2.6030996e-01
8.7493002e-02   2.4319036e-01
7.8305997e-02   2.2485220e-01
6.9565997e-02   2.0670657e-01
6.1285000e-02   1.8857752e-01
5.3474002e-02   1.7016126e-01
4.6149999e-02   1.5134968e-01
3.9326001e-02   1.3493748e-01
3.3013999e-02   1.1812987e-01
2.7230000e-02   1.0220214e-01
2.1980001e-02   8.6755320e-02
1.7277000e-02   7.3085755e-02
1.3141000e-02   5.9775062e-02
9.5729996e-03   4.7963474e-02
6.5830001e-03   3.7078459e-02
4.1880002e-03   2.7483122e-02
2.3540000e-03   1.8777771e-02
1.0810000e-03   1.1902791e-02
3.7100000e-04   6.3349255e-03
7.6999997e-05   2.0792161e-03
4.9999999e-06   -2.7776766e-04
0.0000000e+00   -1.0644068e-03
4.9999999e-06   -1.8718421e-03
7.6999997e-05   -3.8414830e-03
3.7100000e-04   -7.1066651e-03
1.0810000e-03   -1.1465814e-02
2.3530000e-03   -1.5129334e-02
4.1880002e-03   -1.9858686e-02
6.5850001e-03   -2.3547875e-02
9.5760003e-03   -2.7110748e-02
1.3145000e-02   -3.0399272e-02
1.7281000e-02   -3.2529186e-02
2.1983000e-02   -3.3695951e-02
2.7232001e-02   -3.4105618e-02
3.3016000e-02   -3.1890657e-02
3.9328001e-02   -2.9684285e-02
4.6151999e-02   -2.6069749e-02
5.3475998e-02   -1.8975319e-02
6.1287001e-02   -1.1958051e-02
6.9568001e-02   -2.6528698e-03
7.8308001e-02   8.1653083e-03
8.7494999e-02   1.9641705e-02
9.7115003e-02   3.3491891e-02
1.0715700e-01   4.7411256e-02
1.1760800e-01   6.2119287e-02
1.2845400e-01   7.6518230e-02
1.3968299e-01   9.3187198e-02
1.5128200e-01   1.1024807e-01
1.6323499e-01   1.2523128e-01
1.7553200e-01   1.4278419e-01
1.8815701e-01   1.6021393e-01
2.0109700e-01   1.7621142e-01
2.1433701e-01   1.9207264e-01
2.2786400e-01   2.0619716e-01
2.4166299e-01   2.1881501e-01
2.5571901e-01   2.3177274e-01
2.7001700e-01   2.4145681e-01
2.8454199e-01   2.5200397e-01
2.9927999e-01   2.6013443e-01
3.1421500e-01   2.6753402e-01
3.2933101e-01   2.7247161e-01
3.4461299e-01   2.7775869e-01
3.6004499e-01   2.8171283e-01
3.7561101e-01   2.8312758e-01
3.9129600e-01   2.8435236e-01
4.0708300e-01   2.8431031e-01
4.2295700e-01   2.8414825e-01
4.3890101e-01   2.8279206e-01
4.5489901e-01   2.8091374e-01
4.7093499e-01   2.7890685e-01
4.8699200e-01   2.7631915e-01
5.0305498e-01   2.7342030e-01
5.1910698e-01   2.6921770e-01
5.3513199e-01   2.6627386e-01
5.5111402e-01   2.5965518e-01
5.6703597e-01   2.5445172e-01
5.8288401e-01   2.4819890e-01
5.9864002e-01   2.4207447e-01
6.1429000e-01   2.3563518e-01
6.2981701e-01   2.2892234e-01
6.4520597e-01   2.2179168e-01
6.6044199e-01   2.1361968e-01
6.7550898e-01   2.0637158e-01
6.9039297e-01   1.9784668e-01
7.0507699e-01   1.8948680e-01
7.1954900e-01   1.8049321e-01
7.3379302e-01   1.7142299e-01
7.4779499e-01   1.6292864e-01
7.6154202e-01   1.5386258e-01
7.7501899e-01   1.4557590e-01
7.8821403e-01   1.3429207e-01
8.0111301e-01   1.2668657e-01
8.1370401e-01   1.1822888e-01
8.2597297e-01   1.0912520e-01
8.3791000e-01   9.9103056e-02
8.4950101e-01   9.1428302e-02
8.6073500e-01   8.2433812e-02
8.7160099e-01   7.4454859e-02
8.8208801e-01   6.6771500e-02
8.9218402e-01   6.0408339e-02
9.0188003e-01   5.3829435e-02
9.1116500e-01   4.6832539e-02
9.2003101e-01   4.0998481e-02
9.2846799e-01   3.5230163e-02
9.3646699e-01   3.0007703e-02
9.4401902e-01   2.6286222e-02
9.5111603e-01   2.1921268e-02
9.5775098e-01   1.8425325e-02
9.6392000e-01   1.5573098e-02
9.6961600e-01   1.1896963e-02
9.7483599e-01   9.3522826e-03
9.7957498e-01   7.8992117e-03
9.8383099e-01   5.6114127e-03
9.8759800e-01   4.4905269e-03
9.9087399e-01   2.6436388e-03
9.9365300e-01   2.3448053e-03
9.9593401e-01   1.4002149e-03
9.9771100e-01   4.2475489e-04
9.9898201e-01   4.1789489e-04
9.9974501e-01   8.6745480e-05
1.0000000e+00   1.6825832e-04
