1.0000000e+00   1.6074539e-05
9.9974501e-01   3.9479366e-04
9.9898201e-01   1.4831095e-03
9.9771100e-01   3.1340611e-03
9.9593300e-01   4.8605110e-03
9.9365300e-01   7.0112706e-03
9.9087399e-01   9.5356824e-03
9.8759800e-01   1.2243583e-02
9.8382998e-01   1.5381647e-02
9.7957498e-01   1.8899463e-02
9.7483599e-01   2.2989951e-02
9.6961600e-01   2.7093066e-02
9.6392000e-01   3.1546149e-02
9.5775098e-01   3.6261588e-02
9.5111603e-01   4.1264024e-02
9.4401902e-01   4.6537995e-02
9.3646699e-01   5.1979918e-02
9.2846799e-01   5.7704810e-02
9.2003101e-01   6.3673779e-02
9.1116500e-01   6.9871053e-02
9.0187901e-01   7.6479673e-02
8.9218301e-01   8.3014704e-02
8.8208699e-01   8.9822985e-02
8.7160099e-01   9.6957184e-02
8.6073500e-01   1.0433542e-01
8.4950101e-01   1.1172996e-01
8.3791000e-01   1.1955412e-01
8.2597399e-01   1.2740910e-01
8.1370401e-01   1.3541977e-01
8.0111301e-01   1.4340241e-01
7.8821403e-01   1.5136418e-01
7.7501899e-01   1.5940093e-01
7.6154101e-01   1.6723648e-01
7.4779499e-01   1.7523894e-01
7.3379201e-01   1.8308465e-01
7.1954799e-01   1.9109170e-01
7.0507699e-01   1.9892558e-01
6.9039202e-01   2.0665412e-01
6.7550898e-01   2.1457525e-01
6.6044199e-01   2.2238702e-01
6.4520597e-01   2.3003706e-01
6.2981701e-01   2.3741832e-01
6.1429000e-01   2.4461141e-01
5.9864002e-01   2.5149131e-01
5.8288401e-01   2.5829586e-01
5.6703597e-01   2.6436943e-01
5.5111301e-01   2.7026126e-01
5.3513098e-01   2.7577192e-01
5.1910597e-01   2.8124866e-01
5.0305402e-01   2.8603318e-01
4.8699099e-01   2.9080907e-01
4.7093400e-01   2.9491413e-01
4.5489800e-01   2.9857400e-01
4.3889999e-01   3.0198982e-01
4.2295599e-01   3.0456373e-01
4.0708300e-01   3.0699411e-01
3.9129499e-01   3.0858338e-01
3.7560999e-01   3.0984530e-01
3.6004400e-01   3.1061411e-01
3.4461200e-01   3.1108981e-01
3.2933000e-01   3.1093463e-01
3.1421301e-01   3.1003392e-01
2.9927900e-01   3.0862489e-01
2.8454101e-01   3.0678976e-01
2.7001500e-01   3.0443314e-01
2.5571701e-01   3.0153373e-01
2.4166100e-01   2.9789221e-01
2.2786200e-01   2.9391018e-01
2.1433599e-01   2.8919923e-01
2.0109500e-01   2.8367522e-01
1.8815500e-01   2.7736130e-01
1.7553000e-01   2.7049887e-01
1.6323400e-01   2.6317996e-01
1.5128000e-01   2.5519413e-01
1.3968100e-01   2.4682449e-01
1.2845200e-01   2.3798710e-01
1.1760600e-01   2.2844627e-01
1.0715500e-01   2.1822400e-01
9.7112998e-02   2.0798369e-01
8.7493002e-02   1.9710594e-01
7.8305997e-02   1.8571305e-01
6.9565997e-02   1.7409141e-01
6.1285000e-02   1.6230282e-01
5.3474002e-02   1.5003125e-01
4.6149999e-02   1.3779876e-01
3.9326001e-02   1.2543130e-01
3.3013999e-02   1.1297707e-01
2.7230000e-02   1.0067370e-01
2.1980001e-02   8.8519946e-02
1.7277000e-02   7.6644599e-02
1.3141000e-02   6.4738289e-02
9.5729996e-03   5.3234037e-02
6.5830001e-03   4.2228900e-02
4.1880002e-03   3.2111749e-02
2.3540000e-03   2.2867728e-02
1.0810000e-03   1.5051270e-02
3.7100000e-04   8.5895779e-03
7.6999997e-05   3.9140158e-03
4.9999999e-06   9.7429228e-04
0.0000000e+00   1.7922523e-05
4.9999999e-06   -8.9387124e-04
7.6999997e-05   -3.7457580e-03
3.7100000e-04   -7.8744059e-03
1.0810000e-03   -1.3179149e-02
2.3530000e-03   -1.8796168e-02
4.1880002e-03   -2.4301236e-02
6.5850001e-03   -2.8855139e-02
9.5760003e-03   -3.2322470e-02
1.3145000e-02   -3.4614060e-02
1.7281000e-02   -3.5696764e-02
2.1983000e-02   -3.5953522e-02
2.7232001e-02   -3.5981476e-02
3.3016000e-02   -3.5468806e-02
3.9328001e-02   -3.4530412e-02
4.6151999e-02   -3.3248305e-02
5.3475998e-02   -3.1670652e-02
6.1287001e-02   -2.9713886e-02
6.9568001e-02   -2.7494503e-02
7.8308001e-02   -2.5136592e-02
8.7494999e-02   -2.2412518e-02
9.7115003e-02   -1.9593053e-02
1.0715700e-01   -1.6891615e-02
1.1760800e-01   -1.4031093e-02
1.2845400e-01   -1.1317343e-02
1.3968299e-01   -8.5515454e-03
1.5128200e-01   -5.4177782e-03
1.6323499e-01   -2.3314985e-03
1.7553200e-01   6.3281500e-04
1.8815701e-01   3.5413876e-03
2.0109700e-01   6.2249987e-03
2.1433701e-01   9.1483723e-03
2.2786400e-01   1.1530179e-02
2.4166299e-01   1.3856009e-02
2.5571901e-01   1.6239719e-02
2.7001700e-01   1.8217448e-02
2.8454199e-01   2.0553801e-02
2.9927999e-01   2.2629948e-02
3.1421500e-01   2.4500294e-02
3.2933101e-01   2.6185680e-02
3.4461299e-01   2.7783692e-02
3.6004499e-01   2.9269580e-02
3.7561101e-01   3.0700108e-02
3.9129600e-01   3.1829212e-02
4.0708300e-01   3.2709893e-02
4.2295700e-01   3.3489589e-02
4.3890101e-01   3.3762738e-02
4.5489901e-01   3.4160767e-02
4.7093499e-01   3.4411352e-02
4.8699200e-01   3.4446821e-02
5.0305498e-01   3.4488235e-02
5.1910698e-01   3.4357585e-02
5.3513199e-01   3.3720758e-02
5.5111402e-01   3.3623971e-02
5.6703597e-01   3.3135507e-02
5.8288401e-01   3.3106636e-02
5.9864002e-01   3.2509141e-02
6.1429000e-01   3.2059781e-02
6.2981701e-01   3.1289499e-02
6.4520597e-01   3.0883821e-02
6.6044199e-01   2.9836930e-02
6.7550898e-01   2.9173791e-02
6.9039297e-01   2.8242374e-02
7.0507699e-01   2.7505524e-02
7.1954900e-01   2.6449999e-02
7.3379302e-01   2.5534874e-02
7.4779499e-01   2.4588993e-02
7.6154202e-01   2.3389248e-02
7.7501899e-01   2.2053491e-02
7.8821403e-01   2.0572742e-02
8.0111301e-01   1.9447712e-02
8.1370401e-01   1.8281180e-02
8.2597297e-01   1.6842669e-02
8.3791000e-01   1.5766632e-02
8.4950101e-01   1.4519339e-02
8.6073500e-01   1.3297006e-02
8.7160099e-01   1.1839371e-02
8.8208801e-01   1.0706379e-02
8.9218402e-01   9.6846400e-03
9.0188003e-01   8.3766542e-03
9.1116500e-01   7.2594443e-03
9.2003101e-01   6.2403176e-03
9.2846799e-01   5.3037158e-03
9.3646699e-01   4.6338639e-03
9.4401902e-01   3.8324043e-03
9.5111603e-01   3.1260261e-03
9.5775098e-01   2.5441144e-03
9.6392000e-01   2.1060442e-03
9.6961600e-01   1.5202251e-03
9.7483599e-01   1.1107484e-03
9.7957498e-01   6.9295394e-04
9.8383099e-01   3.3515459e-04
9.8759800e-01   1.8039625e-04
9.9087399e-01   1.0997627e-04
9.9365300e-01   5.8262027e-05
9.9593401e-01   -3.5322155e-05
9.9771100e-01   2.8121634e-05
9.9898201e-01   8.6576998e-05
9.9974501e-01   -3.1766969e-05
1.0000000e+00   2.7435341e-05
