1.0000000e+00   -4.0950961e-04
9.9974501e-01   -1.3670292e-04
9.9898201e-01   6.0072582e-04
9.9771100e-01   1.7703141e-03
9.9593300e-01   3.2893098e-03
9.9365300e-01   5.2955789e-03
9.9087399e-01   7.7640284e-03
9.8759800e-01   1.0674969e-02
9.8382998e-01   1.3904352e-02
9.7957498e-01   1.7532950e-02
9.7483599e-01   2.1574356e-02
9.6961600e-01   2.5923161e-02
9.6392000e-01   3.0639928e-02
9.5775098e-01   3.5841387e-02
9.5111603e-01   4.1193794e-02
9.4401902e-01   4.6788532e-02
9.3646699e-01   5.2787207e-02
9.2846799e-01   5.8805637e-02
9.2003101e-01   6.5286390e-02
9.1116500e-01   7.1964860e-02
9.0187901e-01   7.8904979e-02
8.9218301e-01   8.6055815e-02
8.8208699e-01   9.3471080e-02
8.7160099e-01   1.0121072e-01
8.6073500e-01   1.0902318e-01
8.4950101e-01   1.1722528e-01
8.3791000e-01   1.2526087e-01
8.2597399e-01   1.3351177e-01
8.1370401e-01   1.4192545e-01
8.0111301e-01   1.5072244e-01
7.8821403e-01   1.5932941e-01
7.7501899e-01   1.6816765e-01
7.6154101e-01   1.7686921e-01
7.4779499e-01   1.8571360e-01
7.3379201e-01   1.9452159e-01
7.1954799e-01   2.0309021e-01
7.0507699e-01   2.1160603e-01
6.9039202e-01   2.1990539e-01
6.7550898e-01   2.2795966e-01
6.6044199e-01   2.3603749e-01
6.4520597e-01   2.4351335e-01
6.2981701e-01   2.5059795e-01
6.1429000e-01   2.5773394e-01
5.9864002e-01   2.6416349e-01
5.8288401e-01   2.7008459e-01
5.6703597e-01   2.7561599e-01
5.5111301e-01   2.8050572e-01
5.3513098e-01   2.8518081e-01
5.1910597e-01   2.8914306e-01
5.0305402e-01   2.9260981e-01
4.8699099e-01   2.9557103e-01
4.7093400e-01   2.9805472e-01
4.5489800e-01   2.9970029e-01
4.3889999e-01   3.0093452e-01
4.2295599e-01   3.0168369e-01
4.0708300e-01   3.0166101e-01
3.9129499e-01   3.0146623e-01
3.7560999e-01   3.0047253e-01
3.6004400e-01   2.9921654e-01
3.4461200e-01   2.9711518e-01
3.2933000e-01   2.9479766e-01
3.1421301e-01   2.9198262e-01
2.9927900e-01   2.8880760e-01
2.8454101e-01   2.8493413e-01
2.7001500e-01   2.8065532e-01
2.5571701e-01   2.7584594e-01
2.4166100e-01   2.7085143e-01
2.2786200e-01   2.6505682e-01
2.1433599e-01   2.5903463e-01
2.0109500e-01   2.5269228e-01
1.8815500e-01   2.4584134e-01
1.7553000e-01   2.3835550e-01
1.6323400e-01   2.3065853e-01
1.5128000e-01   2.2244906e-01
1.3968100e-01   2.1399099e-01
1.2845200e-01   2.0512131e-01
1.1760600e-01   1.9589482e-01
1.0715500e-01   1.8659064e-01
9.7112998e-02   1.7711394e-01
8.7493002e-02   1.6728541e-01
7.8305997e-02   1.5730278e-01
6.9565997e-02   1.4708619e-01
6.1285000e-02   1.3679703e-01
5.3474002e-02   1.2634009e-01
4.6149999e-02   1.1580843e-01
3.9326001e-02   1.0522372e-01
3.3013999e-02   9.4827496e-02
2.7230000e-02   8.4346816e-02
2.1980001e-02   7.4062198e-02
1.7277000e-02   6.3979261e-02
1.3141000e-02   5.4175112e-02
9.5729996e-03   4.4678457e-02
6.5830001e-03   3.5668962e-02
4.1880002e-03   2.7369615e-02
2.3540000e-03   1.9884970e-02
1.0810000e-03   1.3507511e-02
3.7100000e-04   8.3696935e-03
7.6999997e-05   4.6240021e-03
4.9999999e-06   2.3493988e-03
0.0000000e+00   1.6061619e-03
4.9999999e-06   9.4406836e-04
7.6999997e-05   -1.2765157e-03
3.7100000e-04   -4.7885487e-03
1.0810000e-03   -9.4921915e-03
2.3530000e-03   -1.4932876e-02
4.1880002e-03   -2.0922143e-02
6.5850001e-03   -2.7097994e-02
9.5760003e-03   -3.3036675e-02
1.3145000e-02   -3.8799386e-02
1.7281000e-02   -4.4318724e-02
2.1983000e-02   -4.9639769e-02
2.7232001e-02   -5.4986525e-02
3.3016000e-02   -6.0031071e-02
3.9328001e-02   -6.4940222e-02
4.6151999e-02   -6.9564924e-02
5.3475998e-02   -7.4138649e-02
6.1287001e-02   -7.8290850e-02
6.9568001e-02   -8.2329489e-02
7.8308001e-02   -8.6413220e-02
8.7494999e-02   -8.9959294e-02
9.7115003e-02   -9.3327850e-02
1.0715700e-01   -9.6684910e-02
1.1760800e-01   -9.9948257e-02
1.2845400e-01   -1.0311018e-01
1.3968299e-01   -1.0575262e-01
1.5128200e-01   -1.0849003e-01
1.6323499e-01   -1.1104713e-01
1.7553200e-01   -1.1345610e-01
1.8815701e-01   -1.1569475e-01
2.0109700e-01   -1.1747463e-01
2.1433701e-01   -1.1920919e-01
2.2786400e-01   -1.2077606e-01
2.4166299e-01   -1.2222176e-01
2.5571901e-01   -1.2355690e-01
2.7001700e-01   -1.2437146e-01
2.8454199e-01   -1.2545541e-01
2.9927999e-01   -1.2570043e-01
3.1421500e-01   -1.2601444e-01
3.2933101e-01   -1.2628539e-01
3.4461299e-01   -1.2606275e-01
3.6004499e-01   -1.2550880e-01
3.7561101e-01   -1.2490861e-01
3.9129600e-01   -1.2367574e-01
4.0708300e-01   -1.2263810e-01
4.2295700e-01   -1.2095790e-01
4.3890101e-01   -1.1911118e-01
4.5489901e-01   -1.1699088e-01
4.7093499e-01   -1.1461334e-01
4.8699200e-01   -1.1173332e-01
5.0305498e-01   -1.0851935e-01
5.1910698e-01   -1.0527470e-01
5.3513199e-01   -1.0133552e-01
5.5111402e-01   -9.7321562e-02
5.6703597e-01   -9.3078196e-02
5.8288401e-01   -8.8564664e-02
5.9864002e-01   -8.4062964e-02
6.1429000e-01   -7.9047389e-02
6.2981701e-01   -7.4093930e-02
6.4520597e-01   -6.8939060e-02
6.6044199e-01   -6.3286565e-02
6.7550898e-01   -5.8009289e-02
6.9039297e-01   -5.2834507e-02
7.0507699e-01   -4.7449496e-02
7.1954900e-01   -4.2147450e-02
7.3379302e-01   -3.6808625e-02
7.4779499e-01   -3.1971585e-02
7.6154202e-01   -2.6932798e-02
7.7501899e-01   -2.2106918e-02
7.8821403e-01   -1.7745098e-02
8.0111301e-01   -1.3616297e-02
8.1370401e-01   -9.8006045e-03
8.2597297e-01   -6.1212964e-03
8.3791000e-01   -2.8254837e-03
8.4950101e-01   6.9573522e-05
8.6073500e-01   2.6200372e-03
8.7160099e-01   5.0468883e-03
8.8208801e-01   6.8283333e-03
8.9218402e-01   8.5595744e-03
9.0188003e-01   9.9434825e-03
9.1116500e-01   1.0960132e-02
9.2003101e-01   1.1715077e-02
9.2846799e-01   1.2126381e-02
9.3646699e-01   1.2123268e-02
9.4401902e-01   1.2139168e-02
9.5111603e-01   1.1529347e-02
9.5775098e-01   1.0785234e-02
9.6392000e-01   9.8974146e-03
9.6961600e-01   8.7661939e-03
9.7483599e-01   7.6271519e-03
9.7957498e-01   6.3345502e-03
9.8383099e-01   5.0111925e-03
9.8759800e-01   3.7900854e-03
9.9087399e-01   2.6864845e-03
9.9365300e-01   1.6881902e-03
9.9593401e-01   8.3568168e-04
9.9771100e-01   1.1248258e-04
9.9898201e-01   -3.6252986e-04
9.9974501e-01   -7.0172769e-04
1.0000000e+00   -7.5515441e-04
