1.0000000e+00   2.3547555e-05
9.9974501e-01   5.0986849e-04
9.9898201e-01   1.8271230e-03
9.9771100e-01   3.8329759e-03
9.9593300e-01   6.0142181e-03
9.9365300e-01   8.7104244e-03
9.9087399e-01   1.1830482e-02
9.8759800e-01   1.5223243e-02
9.8382998e-01   1.9129544e-02
9.7957498e-01   2.3472538e-02
9.7483599e-01   2.8401393e-02
9.6961600e-01   3.3416901e-02
9.6392000e-01   3.8780909e-02
9.5775098e-01   4.4421434e-02
9.5111603e-01   5.0471894e-02
9.4401902e-01   5.6770537e-02
9.3646699e-01   6.3297465e-02
9.2846799e-01   7.0175223e-02
9.2003101e-01   7.7270694e-02
9.1116500e-01   8.4678158e-02
9.0187901e-01   9.2495888e-02
8.9218301e-01   1.0021420e-01
8.8208699e-01   1.0823816e-01
8.7160099e-01   1.1663298e-01
8.6073500e-01   1.2531534e-01
8.4950101e-01   1.3407539e-01
8.3791000e-01   1.4328945e-01
8.2597399e-01   1.5253837e-01
8.1370401e-01   1.6195068e-01
8.0111301e-01   1.7137869e-01
7.8821403e-01   1.8079302e-01
7.7501899e-01   1.9033572e-01
7.6154101e-01   1.9965763e-01
7.4779499e-01   2.0913687e-01
7.3379201e-01   2.1844035e-01
7.1954799e-01   2.2798704e-01
7.0507699e-01   2.3722544e-01
6.9039202e-01   2.4637751e-01
6.7550898e-01   2.5563100e-01
6.6044199e-01   2.6485315e-01
6.4520597e-01   2.7388316e-01
6.2981701e-01   2.8264800e-01
6.1429000e-01   2.9114288e-01
5.9864002e-01   2.9940325e-01
5.8288401e-01   3.0758250e-01
5.6703597e-01   3.1493047e-01
5.5111301e-01   3.2203469e-01
5.3513098e-01   3.2872662e-01
5.1910597e-01   3.3530524e-01
5.0305402e-01   3.4119424e-01
4.8699099e-01   3.4692898e-01
4.7093400e-01   3.5193130e-01
4.5489800e-01   3.5634530e-01
4.3889999e-01   3.6039010e-01
4.2295599e-01   3.6351797e-01
4.0708300e-01   3.6633223e-01
3.9129499e-01   3.6822867e-01
3.7560999e-01   3.6970028e-01
3.6004400e-01   3.7047184e-01
3.4461200e-01   3.7084496e-01
3.2933000e-01   3.7049511e-01
3.1421301e-01   3.6922002e-01
2.9927900e-01   3.6727092e-01
2.8454101e-01   3.6479148e-01
2.7001500e-01   3.6162728e-01
2.5571701e-01   3.5777506e-01
2.4166100e-01   3.5306534e-01
2.2786200e-01   3.4791982e-01
2.1433599e-01   3.4183407e-01
2.0109500e-01   3.3469063e-01
1.8815500e-01   3.2664216e-01
1.7553000e-01   3.1796050e-01
1.6323400e-01   3.0863115e-01
1.5128000e-01   2.9856291e-01
1.3968100e-01   2.8795347e-01
1.2845200e-01   2.7682647e-01
1.1760600e-01   2.6492563e-01
1.0715500e-01   2.5230104e-01
9.7112998e-02   2.3966399e-01
8.7493002e-02   2.2634335e-01
7.8305997e-02   2.1241477e-01
6.9565997e-02   1.9823274e-01
6.1285000e-02   1.8397032e-01
5.3474002e-02   1.6925895e-01
4.6149999e-02   1.5467247e-01
3.9326001e-02   1.4004053e-01
3.3013999e-02   1.2544578e-01
2.7230000e-02   1.1109332e-01
2.1980001e-02   9.6980713e-02
1.7277000e-02   8.3336696e-02
1.3141000e-02   6.9789492e-02
9.5729996e-03   5.6812767e-02
6.5830001e-03   4.4576462e-02
4.1880002e-03   3.3522770e-02
2.3540000e-03   2.3610866e-02
1.0810000e-03   1.5422452e-02
3.7100000e-04   8.7447790e-03
7.6999997e-05   3.9655901e-03
4.9999999e-06   9.7985275e-04
0.0000000e+00   1.5918558e-05
4.9999999e-06   -8.8770170e-04
7.6999997e-05   -3.7688848e-03
3.7100000e-04   -7.9412591e-03
1.0810000e-03   -1.3501578e-02
2.3530000e-03   -1.9637024e-02
4.1880002e-03   -2.5976446e-02
6.5850001e-03   -3.1356860e-02
9.5760003e-03   -3.5469539e-02
1.3145000e-02   -3.8131811e-02
1.7281000e-02   -3.9210699e-02
2.1983000e-02   -3.9209392e-02
2.7232001e-02   -3.8927086e-02
3.3016000e-02   -3.7956815e-02
3.9328001e-02   -3.6452964e-02
4.6151999e-02   -3.4694340e-02
5.3475998e-02   -3.2484010e-02
6.1287001e-02   -2.9812463e-02
6.9568001e-02   -2.6855879e-02
7.8308001e-02   -2.3731558e-02
8.7494999e-02   -2.0259194e-02
9.7115003e-02   -1.6623065e-02
1.0715700e-01   -1.3149144e-02
1.1760800e-01   -9.4662979e-03
1.2845400e-01   -5.8907187e-03
1.3968299e-01   -2.2284351e-03
1.5128200e-01   1.7461983e-03
1.6323499e-01   5.6897085e-03
1.7553200e-01   9.5298085e-03
1.8815701e-01   1.3299687e-02
2.0109700e-01   1.6854232e-02
2.1433701e-01   2.0602657e-02
2.2786400e-01   2.3740673e-02
2.4166299e-01   2.6817856e-02
2.5571901e-01   2.9984968e-02
2.7001700e-01   3.2605633e-02
2.8454199e-01   3.5618469e-02
2.9927999e-01   3.8395736e-02
3.1421500e-01   4.0865019e-02
3.2933101e-01   4.3118861e-02
3.4461299e-01   4.5296319e-02
3.6004499e-01   4.7371846e-02
3.7561101e-01   4.9256932e-02
3.9129600e-01   5.0789256e-02
4.0708300e-01   5.2082606e-02
4.2295700e-01   5.3147972e-02
4.3890101e-01   5.3600598e-02
4.5489901e-01   5.4153617e-02
4.7093499e-01   5.4546982e-02
4.8699200e-01   5.4549612e-02
5.0305498e-01   5.4446928e-02
5.1910698e-01   5.4076515e-02
5.3513199e-01   5.3192120e-02
5.5111402e-01   5.2787032e-02
5.6703597e-01   5.1890537e-02
5.8288401e-01   5.1471632e-02
5.9864002e-01   5.0433170e-02
6.1429000e-01   4.9494769e-02
6.2981701e-01   4.8215460e-02
6.4520597e-01   4.7261365e-02
6.6044199e-01   4.5628283e-02
6.7550898e-01   4.4440575e-02
6.9039297e-01   4.2888746e-02
7.0507699e-01   4.1591957e-02
7.1954900e-01   3.9848771e-02
7.3379302e-01   3.8307764e-02
7.4779499e-01   3.6640707e-02
7.6154202e-01   3.4822650e-02
7.7501899e-01   3.2819584e-02
7.8821403e-01   3.0684570e-02
8.0111301e-01   2.8936636e-02
8.1370401e-01   2.7196465e-02
8.2597297e-01   2.5170593e-02
8.3791000e-01   2.3595413e-02
8.4950101e-01   2.1837359e-02
8.6073500e-01   2.0034276e-02
8.7160099e-01   1.8003484e-02
8.8208801e-01   1.6387390e-02
8.9218402e-01   1.4802299e-02
9.0188003e-01   1.3012060e-02
9.1116500e-01   1.1462382e-02
9.2003101e-01   9.9714864e-03
9.2846799e-01   8.5709132e-03
9.3646699e-01   7.5342581e-03
9.4401902e-01   6.3420213e-03
9.5111603e-01   5.3090504e-03
9.5775098e-01   4.4013695e-03
9.6392000e-01   3.6293035e-03
9.6961600e-01   2.7473578e-03
9.7483599e-01   2.0633673e-03
9.7957498e-01   1.3997366e-03
9.8383099e-01   8.5870246e-04
9.8759800e-01   5.3948857e-04
9.9087399e-01   3.9844992e-04
9.9365300e-01   2.2814295e-04
9.9593401e-01   6.4697815e-05
9.9771100e-01   7.3405477e-05
9.9898201e-01   1.0210148e-04
9.9974501e-01   -5.2079558e-05
1.0000000e+00   2.7556907e-05
