1.0000000e+00   -1.8603834e-05
9.9974501e-01   4.4600308e-04
9.9898201e-01   1.5549188e-03
9.9771100e-01   3.1911177e-03
9.9593300e-01   5.5837422e-03
9.9365300e-01   8.6227572e-03
9.9087399e-01   1.2196223e-02
9.8759800e-01   1.6519390e-02
9.8382998e-01   2.1504778e-02
9.7957498e-01   2.6996125e-02
9.7483599e-01   3.3035412e-02
9.6961600e-01   3.9463639e-02
9.6392000e-01   4.6433214e-02
9.5775098e-01   5.3635538e-02
9.5111603e-01   6.1443817e-02
9.4401902e-01   6.9531806e-02
9.3646699e-01   7.8246415e-02
9.2846799e-01   8.7602213e-02
9.2003101e-01   9.7170390e-02
9.1116500e-01   1.0716428e-01
9.0187901e-01   1.1781191e-01
8.9218301e-01   1.2850386e-01
8.8208699e-01   1.3958891e-01
8.7160099e-01   1.5121955e-01
8.6073500e-01   1.6323258e-01
8.4950101e-01   1.7548461e-01
8.3791000e-01   1.8811437e-01
8.2597399e-01   2.0086750e-01
8.1370401e-01   2.1414007e-01
8.0111301e-01   2.2743948e-01
7.8821403e-01   2.4084106e-01
7.7501899e-01   2.5455093e-01
7.6154101e-01   2.6835573e-01
7.4779499e-01   2.8224450e-01
7.3379201e-01   2.9598317e-01
7.1954799e-01   3.1008846e-01
7.0507699e-01   3.2385761e-01
6.9039202e-01   3.3766448e-01
6.7550898e-01   3.5156673e-01
6.6044199e-01   3.6526161e-01
6.4520597e-01   3.7839496e-01
6.2981701e-01   3.9125684e-01
6.1429000e-01   4.0356061e-01
5.9864002e-01   4.1562846e-01
5.8288401e-01   4.2720234e-01
5.6703597e-01   4.3789029e-01
5.5111301e-01   4.4805840e-01
5.3513098e-01   4.5766008e-01
5.1910597e-01   4.6676591e-01
5.0305402e-01   4.7496650e-01
4.8699099e-01   4.8248953e-01
4.7093400e-01   4.8911807e-01
4.5489800e-01   4.9476403e-01
4.3889999e-01   4.9934274e-01
4.2295599e-01   5.0307381e-01
4.0708300e-01   5.0571841e-01
3.9129499e-01   5.0737321e-01
3.7560999e-01   5.0842255e-01
3.6004400e-01   5.0801373e-01
3.4461200e-01   5.0695986e-01
3.2933000e-01   5.0491858e-01
3.1421301e-01   5.0159889e-01
2.9927900e-01   4.9731791e-01
2.8454101e-01   4.9223873e-01
2.7001500e-01   4.8564783e-01
2.5571701e-01   4.7832015e-01
2.4166100e-01   4.7010142e-01
2.2786200e-01   4.6118423e-01
2.1433599e-01   4.5103583e-01
2.0109500e-01   4.3947420e-01
1.8815500e-01   4.2736861e-01
1.7553000e-01   4.1403481e-01
1.6323400e-01   3.9986232e-01
1.5128000e-01   3.8464531e-01
1.3968100e-01   3.6876720e-01
1.2845200e-01   3.5229924e-01
1.1760600e-01   3.3525345e-01
1.0715500e-01   3.1736529e-01
9.7112998e-02   2.9975283e-01
8.7493002e-02   2.8114456e-01
7.8305997e-02   2.6230404e-01
6.9565997e-02   2.4296103e-01
6.1285000e-02   2.2372919e-01
5.3474002e-02   2.0449570e-01
4.6149999e-02   1.8531942e-01
3.9326001e-02   1.6627434e-01
3.3013999e-02   1.4760910e-01
2.7230000e-02   1.2939511e-01
2.1980001e-02   1.1155838e-01
1.7277000e-02   9.4625838e-02
1.3141000e-02   7.8352317e-02
9.5729996e-03   6.2917538e-02
6.5830001e-03   4.8725832e-02
4.1880002e-03   3.6147136e-02
2.3540000e-03   2.5267987e-02
1.0810000e-03   1.6307905e-02
3.7100000e-04   9.0692239e-03
7.6999997e-05   4.0654088e-03
4.9999999e-06   9.9728629e-04
0.0000000e+00   9.2115297e-06
4.9999999e-06   -9.2084159e-04
7.6999997e-05   -3.9340835e-03
3.7100000e-04   -8.5409563e-03
1.0810000e-03   -1.5116611e-02
2.3530000e-03   -2.3222746e-02
4.1880002e-03   -3.2900456e-02
6.5850001e-03   -4.3092955e-02
9.5760003e-03   -5.3815555e-02
1.3145000e-02   -6.4658463e-02
1.7281000e-02   -7.5215846e-02
2.1983000e-02   -8.5129976e-02
2.7232001e-02   -9.4693415e-02
3.3016000e-02   -1.0348431e-01
3.9328001e-02   -1.1181423e-01
4.6151999e-02   -1.2023086e-01
5.3475998e-02   -1.2795258e-01
6.1287001e-02   -1.3495299e-01
6.9568001e-02   -1.4183038e-01
7.8308001e-02   -1.4804396e-01
8.7494999e-02   -1.5400936e-01
9.7115003e-02   -1.5923890e-01
1.0715700e-01   -1.6443786e-01
1.1760800e-01   -1.6901813e-01
1.2845400e-01   -1.7336786e-01
1.3968299e-01   -1.7687446e-01
1.5128200e-01   -1.7996964e-01
1.6323499e-01   -1.8276970e-01
1.7553200e-01   -1.8507667e-01
1.8815701e-01   -1.8704547e-01
2.0109700e-01   -1.8834352e-01
2.1433701e-01   -1.8925579e-01
2.2786400e-01   -1.9065103e-01
2.4166299e-01   -1.9139305e-01
2.5571901e-01   -1.9137722e-01
2.7001700e-01   -1.9169842e-01
2.8454199e-01   -1.9096941e-01
2.9927999e-01   -1.9030784e-01
3.1421500e-01   -1.8940227e-01
3.2933101e-01   -1.8867348e-01
3.4461299e-01   -1.8716447e-01
3.6004499e-01   -1.8507370e-01
3.7561101e-01   -1.8280043e-01
3.9129600e-01   -1.8017322e-01
4.0708300e-01   -1.7736204e-01
4.2295700e-01   -1.7405315e-01
4.3890101e-01   -1.7078552e-01
4.5489901e-01   -1.6695501e-01
4.7093499e-01   -1.6298634e-01
4.8699200e-01   -1.5878347e-01
5.0305498e-01   -1.5438309e-01
5.1910698e-01   -1.4968792e-01
5.3513199e-01   -1.4514843e-01
5.5111402e-01   -1.3972874e-01
5.6703597e-01   -1.3462409e-01
5.8288401e-01   -1.2869811e-01
5.9864002e-01   -1.2276828e-01
6.1429000e-01   -1.1667001e-01
6.2981701e-01   -1.1057460e-01
6.4520597e-01   -1.0455499e-01
6.6044199e-01   -9.8651513e-02
6.7550898e-01   -9.2843585e-02
6.9039297e-01   -8.6982630e-02
7.0507699e-01   -8.0995865e-02
7.1954900e-01   -7.5590268e-02
7.3379302e-01   -7.0014104e-02
7.4779499e-01   -6.4681955e-02
7.6154202e-01   -5.9370510e-02
7.7501899e-01   -5.4503255e-02
7.8821403e-01   -4.9834110e-02
8.0111301e-01   -4.4955801e-02
8.1370401e-01   -4.0511157e-02
8.2597297e-01   -3.6323857e-02
8.3791000e-01   -3.1514522e-02
8.4950101e-01   -2.7614946e-02
8.6073500e-01   -2.3847491e-02
8.7160099e-01   -2.0700157e-02
8.8208801e-01   -1.7643431e-02
8.9218402e-01   -1.4997654e-02
9.0188003e-01   -1.2650772e-02
9.1116500e-01   -1.0370252e-02
9.2003101e-01   -8.4278472e-03
9.2846799e-01   -6.6853161e-03
9.3646699e-01   -5.1631248e-03
9.4401902e-01   -3.9213751e-03
9.5111603e-01   -2.8564592e-03
9.5775098e-01   -2.2469806e-03
9.6392000e-01   -1.6072989e-03
9.6961600e-01   -1.3457701e-03
9.7483599e-01   -8.8778418e-04
9.7957498e-01   -5.6021003e-04
9.8383099e-01   -3.7413041e-04
9.8759800e-01   -2.9959413e-04
9.9087399e-01   -3.1537679e-04
9.9365300e-01   -3.4919585e-04
9.9593401e-01   -2.4701550e-04
9.9771100e-01   -7.5111224e-05
9.9898201e-01   8.2302693e-05
9.9974501e-01   -9.3726303e-05
1.0000000e+00   2.6886672e-05
