1.0000000e+00   1.9196342e-03
9.9974501e-01   2.2218432e-03
9.9898201e-01   3.1135541e-03
9.9771100e-01   4.5077493e-03
9.9593300e-01   6.3134134e-03
9.9365300e-01   8.6297551e-03
9.9087399e-01   1.1537574e-02
9.8759800e-01   1.4954518e-02
9.8382998e-01   1.8843178e-02
9.7957498e-01   2.3209665e-02
9.7483599e-01   2.8025126e-02
9.6961600e-01   3.3272326e-02
9.6392000e-01   3.8977318e-02
9.5775098e-01   4.5168091e-02
9.5111603e-01   5.1829934e-02
9.4401902e-01   5.8910824e-02
9.3646699e-01   6.6391617e-02
9.2846799e-01   7.4272759e-02
9.2003101e-01   8.2534179e-02
9.1116500e-01   9.1144323e-02
9.0187901e-01   1.0010478e-01
8.9218301e-01   1.0941269e-01
8.8208699e-01   1.1903578e-01
8.7160099e-01   1.2893055e-01
8.6073500e-01   1.3907130e-01
8.4950101e-01   1.4944479e-01
8.3791000e-01   1.6007318e-01
8.2597399e-01   1.7093104e-01
8.1370401e-01   1.8196054e-01
8.0111301e-01   1.9317044e-01
7.8821403e-01   2.0455189e-01
7.7501899e-01   2.1610291e-01
7.6154101e-01   2.2778946e-01
7.4779499e-01   2.3954366e-01
7.3379201e-01   2.5134429e-01
7.1954799e-01   2.6315629e-01
7.0507699e-01   2.7492964e-01
6.9039202e-01   2.8665167e-01
6.7550898e-01   2.9829672e-01
6.6044199e-01   3.0982655e-01
6.4520597e-01   3.2120019e-01
6.2981701e-01   3.3234438e-01
6.1429000e-01   3.4318352e-01
5.9864002e-01   3.5370103e-01
5.8288401e-01   3.6384705e-01
5.6703597e-01   3.7354684e-01
5.5111301e-01   3.8277230e-01
5.3513098e-01   3.9149138e-01
5.1910597e-01   3.9965251e-01
5.0305402e-01   4.0719241e-01
4.8699099e-01   4.1408008e-01
4.7093400e-01   4.2029998e-01
4.5489800e-01   4.2580411e-01
4.3889999e-01   4.3054703e-01
4.2295599e-01   4.3451902e-01
4.0708300e-01   4.3772432e-01
3.9129499e-01   4.4013146e-01
3.7560999e-01   4.4168979e-01
3.6004400e-01   4.4236782e-01
3.4461200e-01   4.4216001e-01
3.2933000e-01   4.4107577e-01
3.1421301e-01   4.3910527e-01
2.9927900e-01   4.3627292e-01
2.8454101e-01   4.3261477e-01
2.7001500e-01   4.2807013e-01
2.5571701e-01   4.2256418e-01
2.4166100e-01   4.1609979e-01
2.2786200e-01   4.0872663e-01
2.1433599e-01   4.0042120e-01
2.0109500e-01   3.9114264e-01
1.8815500e-01   3.8094217e-01
1.7553000e-01   3.6988783e-01
1.6323400e-01   3.5798132e-01
1.5128000e-01   3.4520292e-01
1.3968100e-01   3.3165401e-01
1.2845200e-01   3.1746176e-01
1.1760600e-01   3.0266932e-01
1.0715500e-01   2.8734615e-01
9.7112998e-02   2.7158815e-01
8.7493002e-02   2.5540233e-01
7.8305997e-02   2.3877983e-01
6.9565997e-02   2.2178008e-01
6.1285000e-02   2.0447770e-01
5.3474002e-02   1.8695040e-01
4.6149999e-02   1.6933842e-01
3.9326001e-02   1.5185577e-01
3.3013999e-02   1.3474157e-01
2.7230000e-02   1.1830649e-01
2.1980001e-02   1.0268424e-01
1.7277000e-02   8.7416783e-02
1.3141000e-02   7.2506435e-02
9.5729996e-03   5.8379035e-02
6.5830001e-03   4.5390733e-02
4.1880002e-03   3.3753853e-02
2.3540000e-03   2.3616660e-02
1.0810000e-03   1.5079299e-02
3.7100000e-04   8.2920082e-03
7.6999997e-05   3.3725679e-03
4.9999999e-06   3.9506852e-04
0.0000000e+00   -6.0057378e-04
4.9999999e-06   -1.5598916e-03
7.6999997e-05   -4.4231107e-03
3.7100000e-04   -9.0819281e-03
1.0810000e-03   -1.5314763e-02
2.3530000e-03   -2.2754630e-02
4.1880002e-03   -3.0985370e-02
6.5850001e-03   -3.9704673e-02
9.5760003e-03   -4.9117565e-02
1.3145000e-02   -5.9327066e-02
1.7281000e-02   -6.8910673e-02
2.1983000e-02   -7.7335685e-02
2.7232001e-02   -8.4647045e-02
3.3016000e-02   -9.1058835e-02
3.9328001e-02   -9.6771598e-02
4.6151999e-02   -1.0185642e-01
5.3475998e-02   -1.0638468e-01
6.1287001e-02   -1.1039956e-01
6.9568001e-02   -1.1388693e-01
7.8308001e-02   -1.1686908e-01
8.7494999e-02   -1.1932433e-01
9.7115003e-02   -1.2117608e-01
1.0715700e-01   -1.2246808e-01
1.1760800e-01   -1.2322503e-01
1.2845400e-01   -1.2338784e-01
1.3968299e-01   -1.2295473e-01
1.5128200e-01   -1.2196784e-01
1.6323499e-01   -1.2045346e-01
1.7553200e-01   -1.1840694e-01
1.8815701e-01   -1.1583716e-01
2.0109700e-01   -1.1278748e-01
2.1433701e-01   -1.0930005e-01
2.2786400e-01   -1.0535096e-01
2.4166299e-01   -1.0095474e-01
2.5571901e-01   -9.6186638e-02
2.7001700e-01   -9.1096774e-02
2.8454199e-01   -8.5707687e-02
2.9927999e-01   -8.0073863e-02
3.1421500e-01   -7.4280821e-02
3.2933101e-01   -6.8365231e-02
3.4461299e-01   -6.2328830e-02
3.6004499e-01   -5.6189541e-02
3.7561101e-01   -5.0003096e-02
3.9129600e-01   -4.3806765e-02
4.0708300e-01   -3.7613586e-02
4.2295700e-01   -3.1454574e-02
4.3890101e-01   -2.5402155e-02
4.5489901e-01   -1.9491721e-02
4.7093499e-01   -1.3730244e-02
4.8699200e-01   -8.1400974e-03
5.0305498e-01   -2.7878212e-03
5.1910698e-01   2.3102607e-03
5.3513199e-01   7.1481145e-03
5.5111402e-01   1.1744965e-02
5.6703597e-01   1.6083827e-02
5.8288401e-01   2.0094793e-02
5.9864002e-01   2.3736391e-02
6.1429000e-01   2.7019320e-02
6.2981701e-01   2.9947512e-02
6.4520597e-01   3.2513130e-02
6.6044199e-01   3.4736093e-02
6.7550898e-01   3.6655575e-02
6.9039297e-01   3.8282342e-02
7.0507699e-01   3.9641701e-02
7.1954900e-01   4.0746618e-02
7.3379302e-01   4.1583858e-02
7.4779499e-01   4.2124081e-02
7.6154202e-01   4.2378981e-02
7.7501899e-01   4.2340472e-02
7.8821403e-01   4.2025376e-02
8.0111301e-01   4.1422948e-02
8.1370401e-01   4.0557183e-02
8.2597297e-01   3.9488461e-02
8.3791000e-01   3.8245358e-02
8.4950101e-01   3.6845714e-02
8.6073500e-01   3.5283454e-02
8.7160099e-01   3.3562195e-02
8.8208801e-01   3.1702589e-02
8.9218402e-01   2.9717663e-02
9.0188003e-01   2.7611936e-02
9.1116500e-01   2.5395345e-02
9.2003101e-01   2.3120360e-02
9.2846799e-01   2.0845965e-02
9.3646699e-01   1.8596418e-02
9.4401902e-01   1.6369743e-02
9.5111603e-01   1.4174329e-02
9.5775098e-01   1.2039256e-02
9.6392000e-01   1.0015384e-02
9.6961600e-01   8.1771407e-03
9.7483599e-01   6.5633049e-03
9.7957498e-01   5.1244777e-03
9.8383099e-01   3.8159536e-03
9.8759800e-01   2.6924135e-03
9.9087399e-01   1.7604586e-03
9.9365300e-01   9.4137405e-04
9.9593401e-01   1.8793810e-04
9.9771100e-01   -4.3011733e-04
9.9898201e-01   -8.3942042e-04
9.9974501e-01   -1.0662383e-03
1.0000000e+00   -1.1421381e-03
