1.0000000e+00   1.9457996e-03
9.9974501e-01   2.4970528e-03
9.9898201e-01   3.1416910e-03
9.9771100e-01   4.4238088e-03
9.9593300e-01   6.1195488e-03
9.9365300e-01   8.3185639e-03
9.9087399e-01   1.0835757e-02
9.8759800e-01   1.3588697e-02
9.8382998e-01   1.7388770e-02
9.7957498e-01   2.0930629e-02
9.7483599e-01   2.5028042e-02
9.6961600e-01   2.9761862e-02
9.6392000e-01   3.5571009e-02
9.5775098e-01   4.1397873e-02
9.5111603e-01   4.7444094e-02
9.4401902e-01   5.4000452e-02
9.3646699e-01   6.0906280e-02
9.2846799e-01   6.8040147e-02
9.2003101e-01   7.5775631e-02
9.1116500e-01   8.3300650e-02
9.0187901e-01   9.1183506e-02
8.9218301e-01   9.9760883e-02
8.8208699e-01   1.0854281e-01
8.7160099e-01   1.1794026e-01
8.6073500e-01   1.2662867e-01
8.4950101e-01   1.3603912e-01
8.3791000e-01   1.4588939e-01
8.2597399e-01   1.5647614e-01
8.1370401e-01   1.6635655e-01
8.0111301e-01   1.7675425e-01
7.8821403e-01   1.8737367e-01
7.7501899e-01   1.9795115e-01
7.6154101e-01   2.0891981e-01
7.4779499e-01   2.2001524e-01
7.3379201e-01   2.3049740e-01
7.1954799e-01   2.4207740e-01
7.0507699e-01   2.5270075e-01
6.9039202e-01   2.6360327e-01
6.7550898e-01   2.7489290e-01
6.6044199e-01   2.8553057e-01
6.4520597e-01   2.9651904e-01
6.2981701e-01   3.0692834e-01
6.1429000e-01   3.1731924e-01
5.9864002e-01   3.2727972e-01
5.8288401e-01   3.3684498e-01
5.6703597e-01   3.4629673e-01
5.5111301e-01   3.5490388e-01
5.3513098e-01   3.6401293e-01
5.1910597e-01   3.7151843e-01
5.0305402e-01   3.7851670e-01
4.8699099e-01   3.8569951e-01
4.7093400e-01   3.9189434e-01
4.5489800e-01   3.9741299e-01
4.3889999e-01   4.0190569e-01
4.2295599e-01   4.0623623e-01
4.0708300e-01   4.0945962e-01
3.9129499e-01   4.1186696e-01
3.7560999e-01   4.1362685e-01
3.6004400e-01   4.1492385e-01
3.4461200e-01   4.1499975e-01
3.2933000e-01   4.1429058e-01
3.1421301e-01   4.1305891e-01
2.9927900e-01   4.1059366e-01
2.8454101e-01   4.0797076e-01
2.7001500e-01   4.0410408e-01
2.5571701e-01   3.9968073e-01
2.4166100e-01   3.9388973e-01
2.2786200e-01   3.8792282e-01
2.1433599e-01   3.8103247e-01
2.0109500e-01   3.7248698e-01
1.8815500e-01   3.6371338e-01
1.7553000e-01   3.5384408e-01
1.6323400e-01   3.4329298e-01
1.5128000e-01   3.3136156e-01
1.3968100e-01   3.1926745e-01
1.2845200e-01   3.0648738e-01
1.1760600e-01   2.9294720e-01
1.0715500e-01   2.7843720e-01
9.7112998e-02   2.6389158e-01
8.7493002e-02   2.4843735e-01
7.8305997e-02   2.3290524e-01
6.9565997e-02   2.1687673e-01
6.1285000e-02   2.0063752e-01
5.3474002e-02   1.8464862e-01
4.6149999e-02   1.6831470e-01
3.9326001e-02   1.5199156e-01
3.3013999e-02   1.3571896e-01
2.7230000e-02   1.1945969e-01
2.1980001e-02   1.0383438e-01
1.7277000e-02   8.8028193e-02
1.3141000e-02   7.2776288e-02
9.5729996e-03   5.8321912e-02
6.5830001e-03   4.4936191e-02
4.1880002e-03   3.3322372e-02
2.3540000e-03   2.3082517e-02
1.0810000e-03   1.4445556e-02
3.7100000e-04   7.8949798e-03
7.6999997e-05   3.0273278e-03
4.9999999e-06   3.9337378e-05
0.0000000e+00   -8.1778673e-04
4.9999999e-06   -1.5652195e-03
7.6999997e-05   -4.6909219e-03
3.7100000e-04   -9.3529513e-03
1.0810000e-03   -1.5509011e-02
2.3530000e-03   -2.3120221e-02
4.1880002e-03   -3.1347781e-02
6.5850001e-03   -4.0177170e-02
9.5760003e-03   -4.9018420e-02
1.3145000e-02   -5.6514353e-02
1.7281000e-02   -6.3243441e-02
2.1983000e-02   -6.8587095e-02
2.7232001e-02   -7.2900131e-02
3.3016000e-02   -7.6834947e-02
3.9328001e-02   -8.0010302e-02
4.6151999e-02   -8.2407609e-02
5.3475998e-02   -8.4381573e-02
6.1287001e-02   -8.5719012e-02
6.9568001e-02   -8.6949870e-02
7.8308001e-02   -8.7161578e-02
8.7494999e-02   -8.7297365e-02
9.7115003e-02   -8.7102100e-02
1.0715700e-01   -8.6124927e-02
1.1760800e-01   -8.5277997e-02
1.2845400e-01   -8.4147364e-02
1.3968299e-01   -8.2713328e-02
1.5128200e-01   -8.0549516e-02
1.6323499e-01   -7.8804754e-02
1.7553200e-01   -7.6760866e-02
1.8815701e-01   -7.3838636e-02
2.0109700e-01   -7.1028806e-02
2.1433701e-01   -6.7683496e-02
2.2786400e-01   -6.5109156e-02
2.4166299e-01   -6.1978757e-02
2.5571901e-01   -5.8206558e-02
2.7001700e-01   -5.4197103e-02
2.8454199e-01   -5.1076569e-02
2.9927999e-01   -4.7182839e-02
3.1421500e-01   -4.3664567e-02
3.2933101e-01   -4.0369347e-02
3.4461299e-01   -3.6052581e-02
3.6004499e-01   -3.2509618e-02
3.7561101e-01   -2.8797116e-02
3.9129600e-01   -2.5575222e-02
4.0708300e-01   -2.2233067e-02
4.2295700e-01   -1.9275371e-02
4.3890101e-01   -1.6375285e-02
4.5489901e-01   -1.2924197e-02
4.7093499e-01   -1.0326134e-02
4.8699200e-01   -7.2383811e-03
5.0305498e-01   -4.6984395e-03
5.1910698e-01   -2.5188013e-03
5.3513199e-01   1.0369718e-04
5.5111402e-01   1.9853760e-03
5.6703597e-01   3.8362590e-03
5.8288401e-01   5.8992342e-03
5.9864002e-01   7.6891906e-03
6.1429000e-01   9.0437075e-03
6.2981701e-01   1.0708589e-02
6.4520597e-01   1.2001728e-02
6.6044199e-01   1.3395494e-02
6.7550898e-01   1.4146305e-02
6.9039297e-01   1.5046828e-02
7.0507699e-01   1.5522168e-02
7.1954900e-01   1.5988437e-02
7.3379302e-01   1.6884936e-02
7.4779499e-01   1.6682306e-02
7.6154202e-01   1.7235523e-02
7.7501899e-01   1.7048409e-02
7.8821403e-01   1.6944775e-02
8.0111301e-01   1.6545540e-02
8.1370401e-01   1.5985787e-02
8.2597297e-01   1.5602062e-02
8.3791000e-01   1.4714087e-02
8.4950101e-01   1.4052925e-02
8.6073500e-01   1.3436854e-02
8.7160099e-01   1.2571647e-02
8.8208801e-01   1.2249029e-02
8.9218402e-01   1.1257201e-02
9.0188003e-01   1.0752667e-02
9.1116500e-01   9.6331779e-03
9.2003101e-01   9.0921950e-03
9.2846799e-01   8.2848277e-03
9.3646699e-01   7.6405057e-03
9.4401902e-01   6.8048663e-03
9.5111603e-01   6.0919346e-03
9.5775098e-01   5.3220843e-03
9.6392000e-01   4.4706007e-03
9.6961600e-01   3.8158684e-03
9.7483599e-01   2.9927825e-03
9.7957498e-01   2.0153692e-03
9.8383099e-01   1.5173291e-03
9.8759800e-01   5.5335270e-04
9.9087399e-01   -7.8563695e-05
9.9365300e-01   -7.9892931e-04
9.9593401e-01   -1.1125179e-03
9.9771100e-01   -1.6753426e-03
9.9898201e-01   -2.2929797e-03
9.9974501e-01   -1.9472273e-03
1.0000000e+00   -2.2184420e-03
