1.0000000e+00   3.6898218e-03
9.9974501e-01   3.7594517e-03
9.9898201e-01   4.3721665e-03
9.9771100e-01   5.5030044e-03
9.9593300e-01   6.7301039e-03
9.9365300e-01   8.3200298e-03
9.9087399e-01   1.0098564e-02
9.8759800e-01   1.2589438e-02
9.8382998e-01   1.5291808e-02
9.7957498e-01   1.8202340e-02
9.7483599e-01   2.1777872e-02
9.6961600e-01   2.5685286e-02
9.6392000e-01   2.9987223e-02
9.5775098e-01   3.4686763e-02
9.5111603e-01   3.9833132e-02
9.4401902e-01   4.5099985e-02
9.3646699e-01   5.0261103e-02
9.2846799e-01   5.6183234e-02
9.2003101e-01   6.2259499e-02
9.1116500e-01   6.8293728e-02
9.0187901e-01   7.4891739e-02
8.9218301e-01   8.1599422e-02
8.8208699e-01   8.8203743e-02
8.7160099e-01   9.6185826e-02
8.6073500e-01   1.0351709e-01
8.4950101e-01   1.1122204e-01
8.3791000e-01   1.1883994e-01
8.2597399e-01   1.2736531e-01
8.1370401e-01   1.3620831e-01
8.0111301e-01   1.4457779e-01
7.8821403e-01   1.5350880e-01
7.7501899e-01   1.6254134e-01
7.6154101e-01   1.7125513e-01
7.4779499e-01   1.8033752e-01
7.3379201e-01   1.8954481e-01
7.1954799e-01   1.9904919e-01
7.0507699e-01   2.0748374e-01
6.9039202e-01   2.1668129e-01
6.7550898e-01   2.2492996e-01
6.6044199e-01   2.3340978e-01
6.4520597e-01   2.4143632e-01
6.2981701e-01   2.4925599e-01
6.1429000e-01   2.5677866e-01
5.9864002e-01   2.6436815e-01
5.8288401e-01   2.7096254e-01
5.6703597e-01   2.7852866e-01
5.5111301e-01   2.8451604e-01
5.3513098e-01   2.9050741e-01
5.1910597e-01   2.9608685e-01
5.0305402e-01   3.0066797e-01
4.8699099e-01   3.0546451e-01
4.7093400e-01   3.0935639e-01
4.5489800e-01   3.1281045e-01
4.3889999e-01   3.1567636e-01
4.2295599e-01   3.1770667e-01
4.0708300e-01   3.1980500e-01
3.9129499e-01   3.2074833e-01
3.7560999e-01   3.2117724e-01
3.6004400e-01   3.2149225e-01
3.4461200e-01   3.2106823e-01
3.2933000e-01   3.2008567e-01
3.1421301e-01   3.1850743e-01
2.9927900e-01   3.1637362e-01
2.8454101e-01   3.1351808e-01
2.7001500e-01   3.1062227e-01
2.5571701e-01   3.0649734e-01
2.4166100e-01   3.0189171e-01
2.2786200e-01   2.9639706e-01
2.1433599e-01   2.9081875e-01
2.0109500e-01   2.8408599e-01
1.8815500e-01   2.7735990e-01
1.7553000e-01   2.6977760e-01
1.6323400e-01   2.6269323e-01
1.5128000e-01   2.5344548e-01
1.3968100e-01   2.4425438e-01
1.2845200e-01   2.3492143e-01
1.1760600e-01   2.2509016e-01
1.0715500e-01   2.1475397e-01
9.7112998e-02   2.0390129e-01
8.7493002e-02   1.9283795e-01
7.8305997e-02   1.8173756e-01
6.9565997e-02   1.7032075e-01
6.1285000e-02   1.5873936e-01
5.3474002e-02   1.4659946e-01
4.6149999e-02   1.3458759e-01
3.9326001e-02   1.2277072e-01
3.3013999e-02   1.1052130e-01
2.7230000e-02   9.8292872e-02
2.1980001e-02   8.6596757e-02
1.7277000e-02   7.4735776e-02
1.3141000e-02   6.2905967e-02
9.5729996e-03   5.1495578e-02
6.5830001e-03   4.0919743e-02
4.1880002e-03   3.0908361e-02
2.3540000e-03   2.2213509e-02
1.0810000e-03   1.4449107e-02
3.7100000e-04   8.3034793e-03
7.6999997e-05   3.6236891e-03
4.9999999e-06   5.2417826e-04
0.0000000e+00   -3.2801158e-04
4.9999999e-06   -1.1150758e-03
7.6999997e-05   -3.6880802e-03
3.7100000e-04   -8.2307486e-03
1.0810000e-03   -1.3989904e-02
2.3530000e-03   -2.0211639e-02
4.1880002e-03   -2.6727993e-02
6.5850001e-03   -3.3270486e-02
9.5760003e-03   -3.9068166e-02
1.3145000e-02   -4.3729540e-02
1.7281000e-02   -4.8327092e-02
2.1983000e-02   -5.2234836e-02
2.7232001e-02   -5.5313282e-02
3.3016000e-02   -5.8524776e-02
3.9328001e-02   -6.1408155e-02
4.6151999e-02   -6.3414022e-02
5.3475998e-02   -6.5786198e-02
6.1287001e-02   -6.7858264e-02
6.9568001e-02   -6.9481239e-02
7.8308001e-02   -7.1149118e-02
8.7494999e-02   -7.1719475e-02
9.7115003e-02   -7.3272511e-02
1.0715700e-01   -7.4367926e-02
1.1760800e-01   -7.5355090e-02
1.2845400e-01   -7.5727858e-02
1.3968299e-01   -7.5967915e-02
1.5128200e-01   -7.6236933e-02
1.6323499e-01   -7.6394111e-02
1.7553200e-01   -7.6773204e-02
1.8815701e-01   -7.6668501e-02
2.0109700e-01   -7.7076651e-02
2.1433701e-01   -7.6726981e-02
2.2786400e-01   -7.6643191e-02
2.4166299e-01   -7.6309159e-02
2.5571901e-01   -7.5876698e-02
2.7001700e-01   -7.5257272e-02
2.8454199e-01   -7.4568257e-02
2.9927999e-01   -7.3890939e-02
3.1421500e-01   -7.3443942e-02
3.2933101e-01   -7.3105618e-02
3.4461299e-01   -7.1880214e-02
3.6004499e-01   -7.1780138e-02
3.7561101e-01   -7.0685491e-02
3.9129600e-01   -6.9926351e-02
4.0708300e-01   -6.8977691e-02
4.2295700e-01   -6.8108439e-02
4.3890101e-01   -6.6949986e-02
4.5489901e-01   -6.5792337e-02
4.7093499e-01   -6.4775974e-02
4.8699200e-01   -6.3935719e-02
5.0305498e-01   -6.2912561e-02
5.1910698e-01   -6.1383005e-02
5.3513199e-01   -6.0286686e-02
5.5111402e-01   -5.8905803e-02
5.6703597e-01   -5.7920530e-02
5.8288401e-01   -5.6867134e-02
5.9864002e-01   -5.4864533e-02
6.1429000e-01   -5.3967081e-02
6.2981701e-01   -5.2273627e-02
6.4520597e-01   -5.0669692e-02
6.6044199e-01   -4.9583860e-02
6.7550898e-01   -4.8324641e-02
6.9039297e-01   -4.6471700e-02
7.0507699e-01   -4.5169570e-02
7.1954900e-01   -4.3569695e-02
7.3379302e-01   -4.2044204e-02
7.4779499e-01   -4.0852465e-02
7.6154202e-01   -3.8950600e-02
7.7501899e-01   -3.7282977e-02
7.8821403e-01   -3.5352796e-02
8.0111301e-01   -3.4458980e-02
8.1370401e-01   -3.2501198e-02
8.2597297e-01   -3.0768605e-02
8.3791000e-01   -2.9544704e-02
8.4950101e-01   -2.7785650e-02
8.6073500e-01   -2.6663756e-02
8.7160099e-01   -2.4470428e-02
8.8208801e-01   -2.2742596e-02
8.9218402e-01   -2.1504566e-02
9.0188003e-01   -2.0001208e-02
9.1116500e-01   -1.8927980e-02
9.2003101e-01   -1.7106935e-02
9.2846799e-01   -1.6120043e-02
9.3646699e-01   -1.4559129e-02
9.4401902e-01   -1.3729542e-02
9.5111603e-01   -1.2198235e-02
9.5775098e-01   -1.1201405e-02
9.6392000e-01   -1.0132366e-02
9.6961600e-01   -9.0818144e-03
9.7483599e-01   -8.2025165e-03
9.7957498e-01   -7.6502585e-03
9.8383099e-01   -6.9968286e-03
9.8759800e-01   -6.2678708e-03
9.9087399e-01   -5.9870929e-03
9.9365300e-01   -5.4105143e-03
9.9593401e-01   -5.4694698e-03
9.9771100e-01   -5.1685045e-03
9.9898201e-01   -4.7926139e-03
9.9974501e-01   -4.9009752e-03
1.0000000e+00   -4.4503636e-03
