1.0000000e+00   1.6888317e-03
9.9974501e-01   1.9294730e-03
9.9898201e-01   2.6669095e-03
9.9771100e-01   3.4314953e-03
9.9593300e-01   4.6043196e-03
9.9365300e-01   6.2244707e-03
9.9087399e-01   8.1603900e-03
9.8759800e-01   1.0559731e-02
9.8382998e-01   1.3164665e-02
9.7957498e-01   1.6141595e-02
9.7483599e-01   1.9632762e-02
9.6961600e-01   2.3560880e-02
9.6392000e-01   2.7934827e-02
9.5775098e-01   3.2560989e-02
9.5111603e-01   3.7612475e-02
9.4401902e-01   4.3098509e-02
9.3646699e-01   4.8528098e-02
9.2846799e-01   5.4596953e-02
9.2003101e-01   6.0736559e-02
9.1116500e-01   6.6985413e-02
9.0187901e-01   7.4053958e-02
8.9218301e-01   8.0950096e-02
8.8208699e-01   8.8011511e-02
8.7160099e-01   9.5712066e-02
8.6073500e-01   1.0307916e-01
8.4950101e-01   1.1135609e-01
8.3791000e-01   1.1930558e-01
8.2597399e-01   1.2809822e-01
8.1370401e-01   1.3658801e-01
8.0111301e-01   1.4507852e-01
7.8821403e-01   1.5367037e-01
7.7501899e-01   1.6286084e-01
7.6154101e-01   1.7137268e-01
7.4779499e-01   1.8026130e-01
7.3379201e-01   1.8941824e-01
7.1954799e-01   1.9839989e-01
7.0507699e-01   2.0667639e-01
6.9039202e-01   2.1576214e-01
6.7550898e-01   2.2388664e-01
6.6044199e-01   2.3290715e-01
6.4520597e-01   2.4100472e-01
6.2981701e-01   2.4877600e-01
6.1429000e-01   2.5636441e-01
5.9864002e-01   2.6447794e-01
5.8288401e-01   2.7136695e-01
5.6703597e-01   2.7849904e-01
5.5111301e-01   2.8491199e-01
5.3513098e-01   2.9119372e-01
5.1910597e-01   2.9661596e-01
5.0305402e-01   3.0198607e-01
4.8699099e-01   3.0675909e-01
4.7093400e-01   3.1091011e-01
4.5489800e-01   3.1498456e-01
4.3889999e-01   3.1841496e-01
4.2295599e-01   3.2056963e-01
4.0708300e-01   3.2261088e-01
3.9129499e-01   3.2395905e-01
3.7560999e-01   3.2441363e-01
3.6004400e-01   3.2479382e-01
3.4461200e-01   3.2461065e-01
3.2933000e-01   3.2373497e-01
3.1421301e-01   3.2139596e-01
2.9927900e-01   3.1967247e-01
2.8454101e-01   3.1707332e-01
2.7001500e-01   3.1370625e-01
2.5571701e-01   3.0938938e-01
2.4166100e-01   3.0497533e-01
2.2786200e-01   2.9985958e-01
2.1433599e-01   2.9430112e-01
2.0109500e-01   2.8792164e-01
1.8815500e-01   2.8133604e-01
1.7553000e-01   2.7379543e-01
1.6323400e-01   2.6656386e-01
1.5128000e-01   2.5743169e-01
1.3968100e-01   2.4866474e-01
1.2845200e-01   2.3942982e-01
1.1760600e-01   2.2977847e-01
1.0715500e-01   2.1909165e-01
9.7112998e-02   2.0840171e-01
8.7493002e-02   1.9737060e-01
7.8305997e-02   1.8609610e-01
6.9565997e-02   1.7461489e-01
6.1285000e-02   1.6293465e-01
5.3474002e-02   1.5077886e-01
4.6149999e-02   1.3847601e-01
3.9326001e-02   1.2630032e-01
3.3013999e-02   1.1389536e-01
2.7230000e-02   1.0131734e-01
2.1980001e-02   8.9370824e-02
1.7277000e-02   7.7196077e-02
1.3141000e-02   6.4951330e-02
9.5729996e-03   5.3113401e-02
6.5830001e-03   4.2166814e-02
4.1880002e-03   3.1817324e-02
2.3540000e-03   2.2659130e-02
1.0810000e-03   1.4762701e-02
3.7100000e-04   8.4744589e-03
7.6999997e-05   3.7911658e-03
4.9999999e-06   8.8066637e-04
0.0000000e+00   -1.2388569e-04
4.9999999e-06   -9.7398990e-04
7.6999997e-05   -3.5909591e-03
3.7100000e-04   -8.0568865e-03
1.0810000e-03   -1.3877991e-02
2.3530000e-03   -2.0792147e-02
4.1880002e-03   -2.7728213e-02
6.5850001e-03   -3.4631852e-02
9.5760003e-03   -4.1335206e-02
1.3145000e-02   -4.6888959e-02
1.7281000e-02   -5.1986702e-02
2.1983000e-02   -5.6489795e-02
2.7232001e-02   -6.0444061e-02
3.3016000e-02   -6.4117424e-02
3.9328001e-02   -6.7192234e-02
4.6151999e-02   -6.9962144e-02
5.3475998e-02   -7.2467744e-02
6.1287001e-02   -7.4433766e-02
6.9568001e-02   -7.6318346e-02
7.8308001e-02   -7.7763073e-02
8.7494999e-02   -7.8158744e-02
9.7115003e-02   -7.9633206e-02
1.0715700e-01   -7.9909489e-02
1.1760800e-01   -8.0215834e-02
1.2845400e-01   -8.0354154e-02
1.3968299e-01   -8.0192909e-02
1.5128200e-01   -7.9865575e-02
1.6323499e-01   -7.9212628e-02
1.7553200e-01   -7.8528054e-02
1.8815701e-01   -7.7644303e-02
2.0109700e-01   -7.6739684e-02
2.1433701e-01   -7.5202093e-02
2.2786400e-01   -7.4025013e-02
2.4166299e-01   -7.2433069e-02
2.5571901e-01   -7.1136355e-02
2.7001700e-01   -6.8885863e-02
2.8454199e-01   -6.7151010e-02
2.9927999e-01   -6.4545795e-02
3.1421500e-01   -6.2965743e-02
3.2933101e-01   -6.1059974e-02
3.4461299e-01   -5.8617845e-02
3.6004499e-01   -5.7106622e-02
3.7561101e-01   -5.4180149e-02
3.9129600e-01   -5.2149657e-02
4.0708300e-01   -4.9911804e-02
4.2295700e-01   -4.7928650e-02
4.3890101e-01   -4.5360405e-02
4.5489901e-01   -4.2652629e-02
4.7093499e-01   -4.0654946e-02
4.8699200e-01   -3.8374763e-02
5.0305498e-01   -3.6045548e-02
5.1910698e-01   -3.3586204e-02
5.3513199e-01   -3.1620316e-02
5.5111402e-01   -2.9189086e-02
5.6703597e-01   -2.7210983e-02
5.8288401e-01   -2.4957998e-02
5.9864002e-01   -2.2791965e-02
6.1429000e-01   -2.0824611e-02
6.2981701e-01   -1.8588137e-02
6.4520597e-01   -1.6449088e-02
6.6044199e-01   -1.4816745e-02
6.7550898e-01   -1.3096433e-02
6.9039297e-01   -1.1192136e-02
7.0507699e-01   -9.6612340e-03
7.1954900e-01   -8.0283834e-03
7.3379302e-01   -6.4251283e-03
7.4779499e-01   -5.0046397e-03
7.6154202e-01   -3.8300622e-03
7.7501899e-01   -2.4832250e-03
7.8821403e-01   -1.3192800e-03
8.0111301e-01   -1.0766606e-03
8.1370401e-01   -9.8571181e-05
8.2597297e-01   6.1747798e-04
8.3791000e-01   1.4789522e-03
8.4950101e-01   1.8329320e-03
8.6073500e-01   2.2111593e-03
8.7160099e-01   2.5608558e-03
8.8208801e-01   3.1000949e-03
8.9218402e-01   3.2894758e-03
9.0188003e-01   3.1708139e-03
9.1116500e-01   3.3022757e-03
9.2003101e-01   3.5222026e-03
9.2846799e-01   3.3077621e-03
9.3646699e-01   3.5299298e-03
9.4401902e-01   3.0077032e-03
9.5111603e-01   3.1862117e-03
9.5775098e-01   2.8953755e-03
9.6392000e-01   2.2371928e-03
9.6961600e-01   2.1525351e-03
9.7483599e-01   1.7095997e-03
9.7957498e-01   1.2487480e-03
9.8383099e-01   7.7106600e-04
9.8759800e-01   4.3046006e-04
9.9087399e-01   -1.7174066e-04
9.9365300e-01   -3.2789446e-04
9.9593401e-01   -1.0494959e-03
9.9771100e-01   -1.1735734e-03
9.9898201e-01   -1.3196269e-03
9.9974501e-01   -1.5195168e-03
1.0000000e+00   -1.5002692e-03
