1.0000000e+00   1.9218684e-03
9.9974501e-01   2.8851749e-03
9.9898201e-01   3.9109760e-03
9.9771100e-01   6.9074421e-03
9.9593300e-01   9.2196083e-03
9.9365300e-01   1.3077610e-02
9.9087399e-01   1.7571751e-02
9.8759800e-01   2.2966987e-02
9.8382998e-01   3.0193547e-02
9.7957498e-01   3.6913190e-02
9.7483599e-01   4.4407003e-02
9.6961600e-01   5.2865919e-02
9.6392000e-01   6.2920347e-02
9.5775098e-01   7.3454291e-02
9.5111603e-01   8.4470190e-02
9.4401902e-01   9.6573837e-02
9.3646699e-01   1.0862705e-01
9.2846799e-01   1.2242103e-01
9.2003101e-01   1.3576216e-01
9.1116500e-01   1.4885896e-01
9.0187901e-01   1.6359305e-01
8.9218301e-01   1.7835078e-01
8.8208699e-01   1.9340888e-01
8.7160099e-01   2.0908812e-01
8.6073500e-01   2.2519058e-01
8.4950101e-01   2.4043451e-01
8.3791000e-01   2.5615326e-01
8.2597399e-01   2.7322164e-01
8.1370401e-01   2.8888330e-01
8.0111301e-01   3.0647784e-01
7.8821403e-01   3.2445621e-01
7.7501899e-01   3.4050947e-01
7.6154101e-01   3.5767549e-01
7.4779499e-01   3.7582898e-01
7.3379201e-01   3.9348751e-01
7.1954799e-01   4.1153353e-01
7.0507699e-01   4.2740020e-01
6.9039202e-01   4.4507208e-01
6.7550898e-01   4.6101865e-01
6.6044199e-01   4.7799236e-01
6.4520597e-01   4.9339360e-01
6.2981701e-01   5.0850302e-01
6.1429000e-01   5.2361286e-01
5.9864002e-01   5.3855270e-01
5.8288401e-01   5.5219197e-01
5.6703597e-01   5.6517994e-01
5.5111301e-01   5.7863384e-01
5.3513098e-01   5.9032202e-01
5.1910597e-01   6.0089171e-01
5.0305402e-01   6.1021066e-01
4.8699099e-01   6.1887139e-01
4.7093400e-01   6.2704593e-01
4.5489800e-01   6.3281476e-01
4.3889999e-01   6.3791347e-01
4.2295599e-01   6.4084631e-01
4.0708300e-01   6.4393294e-01
3.9129499e-01   6.4403796e-01
3.7560999e-01   6.4291704e-01
3.6004400e-01   6.4154375e-01
3.4461200e-01   6.3757551e-01
3.2933000e-01   6.3215625e-01
3.1421301e-01   6.2527788e-01
2.9927900e-01   6.1741209e-01
2.8454101e-01   6.0829484e-01
2.7001500e-01   5.9794688e-01
2.5571701e-01   5.8519214e-01
2.4166100e-01   5.7277513e-01
2.2786200e-01   5.5741978e-01
2.1433599e-01   5.4189539e-01
2.0109500e-01   5.2430236e-01
1.8815500e-01   5.0681424e-01
1.7553000e-01   4.8748454e-01
1.6323400e-01   4.6795088e-01
1.5128000e-01   4.4656360e-01
1.3968100e-01   4.2539296e-01
1.2845200e-01   4.0194547e-01
1.1760600e-01   3.7855107e-01
1.0715500e-01   3.5622299e-01
9.7112998e-02   3.3223772e-01
8.7493002e-02   3.0873787e-01
7.8305997e-02   2.8553444e-01
6.9565997e-02   2.6277098e-01
6.1285000e-02   2.3963343e-01
5.3474002e-02   2.1666880e-01
4.6149999e-02   1.9469944e-01
3.9326001e-02   1.7239459e-01
3.3013999e-02   1.5190589e-01
2.7230000e-02   1.3158102e-01
2.1980001e-02   1.1220841e-01
1.7277000e-02   9.4574504e-02
1.3141000e-02   7.7186145e-02
9.5729996e-03   6.1347444e-02
6.5830001e-03   4.6776108e-02
4.1880002e-03   3.4751583e-02
2.3540000e-03   2.3085458e-02
1.0810000e-03   1.4170729e-02
3.7100000e-04   7.4114366e-03
7.6999997e-05   2.6455012e-03
4.9999999e-06   -6.1625615e-04
0.0000000e+00   -1.5640977e-03
4.9999999e-06   -2.5288912e-03
7.6999997e-05   -5.8578374e-03
3.7100000e-04   -9.9423202e-03
1.0810000e-03   -1.6780347e-02
2.3530000e-03   -2.5437618e-02
4.1880002e-03   -3.4035861e-02
6.5850001e-03   -4.2957682e-02
9.5760003e-03   -5.0156597e-02
1.3145000e-02   -5.7265334e-02
1.7281000e-02   -6.1831363e-02
2.1983000e-02   -6.6240437e-02
2.7232001e-02   -6.9108106e-02
3.3016000e-02   -7.2685428e-02
3.9328001e-02   -7.4663050e-02
4.6151999e-02   -7.6586023e-02
5.3475998e-02   -7.6223448e-02
6.1287001e-02   -7.6401986e-02
6.9568001e-02   -7.5417116e-02
7.8308001e-02   -7.4334539e-02
8.7494999e-02   -7.1692064e-02
9.7115003e-02   -7.0856005e-02
1.0715700e-01   -6.8997733e-02
1.1760800e-01   -6.6143185e-02
1.2845400e-01   -6.3224673e-02
1.3968299e-01   -5.8129750e-02
1.5128200e-01   -5.5672713e-02
1.6323499e-01   -4.9721155e-02
1.7553200e-01   -4.4144984e-02
1.8815701e-01   -3.9790213e-02
2.0109700e-01   -3.3718083e-02
2.1433701e-01   -2.6891133e-02
2.2786400e-01   -2.0836307e-02
2.4166299e-01   -1.2198420e-02
2.5571901e-01   -5.1476499e-03
2.7001700e-01   3.8103389e-03
2.8454199e-01   1.3640924e-02
2.9927999e-01   2.3257047e-02
3.1421500e-01   3.2748498e-02
3.2933101e-01   4.1241329e-02
3.4461299e-01   5.0736722e-02
3.6004499e-01   6.0020525e-02
3.7561101e-01   7.1838662e-02
3.9129600e-01   8.2135864e-02
4.0708300e-01   9.0194926e-02
4.2295700e-01   1.0048757e-01
4.3890101e-01   1.1037280e-01
4.5489901e-01   1.2068428e-01
4.7093499e-01   1.2900956e-01
4.8699200e-01   1.3839528e-01
5.0305498e-01   1.4675176e-01
5.1910698e-01   1.5500107e-01
5.3513199e-01   1.6284026e-01
5.5111402e-01   1.7035533e-01
5.6703597e-01   1.7619561e-01
5.8288401e-01   1.8242045e-01
5.9864002e-01   1.8814251e-01
6.1429000e-01   1.9308959e-01
6.2981701e-01   1.9674742e-01
6.4520597e-01   1.9969398e-01
6.6044199e-01   2.0109800e-01
6.7550898e-01   2.0294300e-01
6.9039297e-01   2.0478562e-01
7.0507699e-01   2.0326155e-01
7.1954900e-01   2.0198104e-01
7.3379302e-01   1.9974647e-01
7.4779499e-01   1.9623359e-01
7.6154202e-01   1.9230551e-01
7.7501899e-01   1.8759802e-01
7.8821403e-01   1.8265413e-01
8.0111301e-01   1.7593487e-01
8.1370401e-01   1.6882944e-01
8.2597297e-01   1.6137306e-01
8.3791000e-01   1.5360586e-01
8.4950101e-01   1.4546832e-01
8.6073500e-01   1.3754989e-01
8.7160099e-01   1.2878136e-01
8.8208801e-01   1.2055395e-01
8.9218402e-01   1.1246973e-01
9.0188003e-01   1.0349639e-01
9.1116500e-01   9.4975308e-02
9.2003101e-01   8.6481027e-02
9.2846799e-01   7.8930967e-02
9.3646699e-01   7.0703916e-02
9.4401902e-01   6.2641136e-02
9.5111603e-01   5.5642299e-02
9.5775098e-01   4.7703382e-02
9.6392000e-01   4.0628158e-02
9.6961600e-01   3.3589255e-02
9.7483599e-01   2.7144358e-02
9.7957498e-01   2.1078577e-02
9.8383099e-01   1.4853607e-02
9.8759800e-01   1.0508270e-02
9.9087399e-01   5.2448325e-03
9.9365300e-01   1.4651859e-03
9.9593401e-01   -1.9466778e-03
9.9771100e-01   -5.1075234e-03
9.9898201e-01   -6.2076496e-03
9.9974501e-01   -7.8868829e-03
1.0000000e+00   -8.0757933e-03
