1.0000000e+00   6.2364722e-03
9.9974501e-01   6.2957355e-03
9.9898201e-01   7.2265957e-03
9.9771100e-01   8.7145735e-03
9.9593300e-01   1.1205057e-02
9.9365300e-01   1.3914853e-02
9.9087399e-01   1.7045489e-02
9.8759800e-01   2.1418186e-02
9.8382998e-01   2.6091523e-02
9.7957498e-01   3.1891800e-02
9.7483599e-01   3.7205417e-02
9.6961600e-01   4.4032119e-02
9.6392000e-01   5.1099233e-02
9.5775098e-01   5.8282934e-02
9.5111603e-01   6.6171393e-02
9.4401902e-01   7.4813381e-02
9.3646699e-01   8.3032310e-02
9.2846799e-01   9.1463469e-02
9.2003101e-01   1.0083649e-01
9.1116500e-01   1.0987640e-01
9.0187901e-01   1.1938508e-01
8.9218301e-01   1.2946154e-01
8.8208699e-01   1.3944755e-01
8.7160099e-01   1.5092018e-01
8.6073500e-01   1.6161370e-01
8.4950101e-01   1.7172088e-01
8.3791000e-01   1.8407044e-01
8.2597399e-01   1.9529004e-01
8.1370401e-01   2.0709997e-01
8.0111301e-01   2.1888509e-01
7.8821403e-01   2.3091561e-01
7.7501899e-01   2.4286385e-01
7.6154101e-01   2.5481600e-01
7.4779499e-01   2.6675531e-01
7.3379201e-01   2.7833837e-01
7.1954799e-01   2.9104999e-01
7.0507699e-01   3.0313984e-01
6.9039202e-01   3.1463188e-01
6.7550898e-01   3.2634172e-01
6.6044199e-01   3.3778703e-01
6.4520597e-01   3.4954065e-01
6.2981701e-01   3.6010316e-01
6.1429000e-01   3.7156016e-01
5.9864002e-01   3.8260972e-01
5.8288401e-01   3.9276019e-01
5.6703597e-01   4.0328839e-01
5.5111301e-01   4.1272312e-01
5.3513098e-01   4.2134741e-01
5.1910597e-01   4.3076506e-01
5.0305402e-01   4.3905655e-01
4.8699099e-01   4.4599530e-01
4.7093400e-01   4.5275006e-01
4.5489800e-01   4.5914057e-01
4.3889999e-01   4.6417189e-01
4.2295599e-01   4.6772432e-01
4.0708300e-01   4.7153175e-01
3.9129499e-01   4.7355160e-01
3.7560999e-01   4.7521910e-01
3.6004400e-01   4.7596616e-01
3.4461200e-01   4.7604686e-01
3.2933000e-01   4.7443181e-01
3.1421301e-01   4.7184762e-01
2.9927900e-01   4.6987447e-01
2.8454101e-01   4.6506745e-01
2.7001500e-01   4.5990169e-01
2.5571701e-01   4.5225564e-01
2.4166100e-01   4.4495100e-01
2.2786200e-01   4.3627015e-01
2.1433599e-01   4.2549175e-01
2.0109500e-01   4.1437161e-01
1.8815500e-01   4.0158352e-01
1.7553000e-01   3.8829497e-01
1.6323400e-01   3.7334561e-01
1.5128000e-01   3.5777897e-01
1.3968100e-01   3.4196225e-01
1.2845200e-01   3.2464641e-01
1.1760600e-01   3.0709010e-01
1.0715500e-01   2.8888947e-01
9.7112998e-02   2.7046296e-01
8.7493002e-02   2.5125960e-01
7.8305997e-02   2.3169695e-01
6.9565997e-02   2.1273470e-01
6.1285000e-02   1.9358949e-01
5.3474002e-02   1.7480151e-01
4.6149999e-02   1.5641989e-01
3.9326001e-02   1.3799347e-01
3.3013999e-02   1.2049118e-01
2.7230000e-02   1.0402899e-01
2.1980001e-02   8.8212207e-02
1.7277000e-02   7.3332377e-02
1.3141000e-02   5.9835918e-02
9.5729996e-03   4.7116801e-02
6.5830001e-03   3.5972279e-02
4.1880002e-03   2.6357658e-02
2.3540000e-03   1.7963134e-02
1.0810000e-03   1.0879948e-02
3.7100000e-04   5.4552150e-03
7.6999997e-05   1.4361421e-03
4.9999999e-06   -8.8242162e-04
0.0000000e+00   -1.7652656e-03
4.9999999e-06   -2.4613333e-03
7.6999997e-05   -4.7761351e-03
3.7100000e-04   -8.2723172e-03
1.0810000e-03   -1.2722700e-02
2.3530000e-03   -1.8260220e-02
4.1880002e-03   -2.4329912e-02
6.5850001e-03   -3.0851163e-02
9.5760003e-03   -3.6574688e-02
1.3145000e-02   -4.1819133e-02
1.7281000e-02   -4.6136901e-02
2.1983000e-02   -4.8833694e-02
2.7232001e-02   -5.0874535e-02
3.3016000e-02   -5.2867845e-02
3.9328001e-02   -5.4248866e-02
4.6151999e-02   -5.5894416e-02
5.3475998e-02   -5.6516808e-02
6.1287001e-02   -5.7156794e-02
6.9568001e-02   -5.7195090e-02
7.8308001e-02   -5.7587996e-02
8.7494999e-02   -5.7071038e-02
9.7115003e-02   -5.6710746e-02
1.0715700e-01   -5.6342773e-02
1.1760800e-01   -5.5422045e-02
1.2845400e-01   -5.4546017e-02
1.3968299e-01   -5.3542107e-02
1.5128200e-01   -5.1528983e-02
1.6323499e-01   -4.9886134e-02
1.7553200e-01   -4.7322538e-02
1.8815701e-01   -4.5798089e-02
2.0109700e-01   -4.4153035e-02
2.1433701e-01   -4.0883239e-02
2.2786400e-01   -3.8653374e-02
2.4166299e-01   -3.6266483e-02
2.5571901e-01   -3.3679914e-02
2.7001700e-01   -3.1291019e-02
2.8454199e-01   -2.8031565e-02
2.9927999e-01   -2.6787413e-02
3.1421500e-01   -2.4454329e-02
3.2933101e-01   -2.2009205e-02
3.4461299e-01   -2.0704193e-02
3.6004499e-01   -1.8765306e-02
3.7561101e-01   -1.7472772e-02
3.9129600e-01   -1.6201505e-02
4.0708300e-01   -1.6823903e-02
4.2295700e-01   -1.5698068e-02
4.3890101e-01   -1.5716927e-02
4.5489901e-01   -1.6524855e-02
4.7093499e-01   -1.6607061e-02
4.8699200e-01   -1.7676564e-02
5.0305498e-01   -1.8218584e-02
5.1910698e-01   -1.9619308e-02
5.3513199e-01   -2.0657033e-02
5.5111402e-01   -2.1457192e-02
5.6703597e-01   -2.3631204e-02
5.8288401e-01   -2.4448365e-02
5.9864002e-01   -2.6210696e-02
6.1429000e-01   -2.8176242e-02
6.2981701e-01   -2.9693734e-02
6.4520597e-01   -3.1031700e-02
6.6044199e-01   -3.2211035e-02
6.7550898e-01   -3.4023285e-02
6.9039297e-01   -3.4636062e-02
7.0507699e-01   -3.6482811e-02
7.1954900e-01   -3.7373088e-02
7.3379302e-01   -3.8165852e-02
7.4779499e-01   -3.9126899e-02
7.6154202e-01   -3.9433114e-02
7.7501899e-01   -3.9858624e-02
7.8821403e-01   -3.9441325e-02
8.0111301e-01   -3.9264850e-02
8.1370401e-01   -3.9062433e-02
8.2597297e-01   -3.9037287e-02
8.3791000e-01   -3.7723228e-02
8.4950101e-01   -3.6951009e-02
8.6073500e-01   -3.6084183e-02
8.7160099e-01   -3.4881555e-02
8.8208801e-01   -3.3954855e-02
8.9218402e-01   -3.3209078e-02
9.0188003e-01   -3.2065645e-02
9.1116500e-01   -3.0222075e-02
9.2003101e-01   -2.8897673e-02
9.2846799e-01   -2.8175605e-02
9.3646699e-01   -2.6079739e-02
9.4401902e-01   -2.4598917e-02
9.5111603e-01   -2.2216173e-02
9.5775098e-01   -2.0035548e-02
9.6392000e-01   -1.8158846e-02
9.6961600e-01   -1.5543124e-02
9.7483599e-01   -1.3266389e-02
9.7957498e-01   -1.1188342e-02
9.8383099e-01   -9.1635082e-03
9.8759800e-01   -7.0947977e-03
9.9087399e-01   -5.0722021e-03
9.9365300e-01   -3.6519053e-03
9.9593401e-01   -2.3002913e-03
9.9771100e-01   -1.1335848e-03
9.9898201e-01   -4.3599188e-04
9.9974501e-01   -1.1790148e-04
1.0000000e+00   -3.7923688e-05
