1.0000000e+00   -1.4455843e-05
9.9974501e-01   5.5517978e-04
9.9898201e-01   1.8936227e-03
9.9771100e-01   3.9695585e-03
9.9593300e-01   6.8723699e-03
9.9365300e-01   1.0441543e-02
9.9087399e-01   1.4448259e-02
9.8759800e-01   1.9147053e-02
9.8382998e-01   2.4481716e-02
9.7957498e-01   3.0465620e-02
9.7483599e-01   3.6971599e-02
9.6961600e-01   4.3987956e-02
9.6392000e-01   5.1650174e-02
9.5775098e-01   5.9669547e-02
9.5111603e-01   6.8379931e-02
9.4401902e-01   7.7474937e-02
9.3646699e-01   8.7076269e-02
9.2846799e-01   9.7430430e-02
9.2003101e-01   1.0794771e-01
9.1116500e-01   1.1896306e-01
9.0187901e-01   1.3050939e-01
8.9218301e-01   1.4199193e-01
8.8208699e-01   1.5387654e-01
8.7160099e-01   1.6624436e-01
8.6073500e-01   1.7899159e-01
8.4950101e-01   1.9193447e-01
8.3791000e-01   2.0518337e-01
8.2597399e-01   2.1863127e-01
8.1370401e-01   2.3237939e-01
8.0111301e-01   2.4629897e-01
7.8821403e-01   2.6023614e-01
7.7501899e-01   2.7451444e-01
7.6154101e-01   2.8878251e-01
7.4779499e-01   3.0299771e-01
7.3379201e-01   3.1704342e-01
7.1954799e-01   3.3153489e-01
7.0507699e-01   3.4559941e-01
6.9039202e-01   3.5971129e-01
6.7550898e-01   3.7384576e-01
6.6044199e-01   3.8782525e-01
6.4520597e-01   4.0122661e-01
6.2981701e-01   4.1434842e-01
6.1429000e-01   4.2703766e-01
5.9864002e-01   4.3967617e-01
5.8288401e-01   4.5190182e-01
5.6703597e-01   4.6320337e-01
5.5111301e-01   4.7404984e-01
5.3513098e-01   4.8435342e-01
5.1910597e-01   4.9416012e-01
5.0305402e-01   5.0323159e-01
4.8699099e-01   5.1146954e-01
4.7093400e-01   5.1890218e-01
4.5489800e-01   5.2516186e-01
4.3889999e-01   5.3039873e-01
4.2295599e-01   5.3487623e-01
4.0708300e-01   5.3824425e-01
3.9129499e-01   5.4057550e-01
3.7560999e-01   5.4222393e-01
3.6004400e-01   5.4228860e-01
3.4461200e-01   5.4182100e-01
3.2933000e-01   5.4030275e-01
3.1421301e-01   5.3740466e-01
2.9927900e-01   5.3337651e-01
2.8454101e-01   5.2847600e-01
2.7001500e-01   5.2197278e-01
2.5571701e-01   5.1460397e-01
2.4166100e-01   5.0618649e-01
2.2786200e-01   4.9696332e-01
2.1433599e-01   4.8636401e-01
2.0109500e-01   4.7419074e-01
1.8815500e-01   4.6124482e-01
1.7553000e-01   4.4696787e-01
1.6323400e-01   4.3159136e-01
1.5128000e-01   4.1510648e-01
1.3968100e-01   3.9760110e-01
1.2845200e-01   3.7937164e-01
1.1760600e-01   3.6034337e-01
1.0715500e-01   3.4048769e-01
9.7112998e-02   3.2073414e-01
8.7493002e-02   3.0013508e-01
7.8305997e-02   2.7913764e-01
6.9565997e-02   2.5773311e-01
6.1285000e-02   2.3648925e-01
5.3474002e-02   2.1520689e-01
4.6149999e-02   1.9421816e-01
3.9326001e-02   1.7353578e-01
3.3013999e-02   1.5335284e-01
2.7230000e-02   1.3377629e-01
2.1980001e-02   1.1465573e-01
1.7277000e-02   9.6710965e-02
1.3141000e-02   7.9501055e-02
9.5729996e-03   6.3429870e-02
6.5830001e-03   4.8879851e-02
4.1880002e-03   3.6178645e-02
2.3540000e-03   2.5232749e-02
1.0810000e-03   1.6311897e-02
3.7100000e-04   9.1349501e-03
7.6999997e-05   4.0993984e-03
4.9999999e-06   1.0050916e-03
0.0000000e+00   9.2188213e-07
4.9999999e-06   -9.0044807e-04
7.6999997e-05   -3.9166645e-03
3.7100000e-04   -8.4320176e-03
1.0810000e-03   -1.4933897e-02
2.3530000e-03   -2.2856276e-02
4.1880002e-03   -3.2285571e-02
6.5850001e-03   -4.1996099e-02
9.5760003e-03   -5.2073773e-02
1.3145000e-02   -6.2235110e-02
1.7281000e-02   -7.1677372e-02
2.1983000e-02   -8.0014020e-02
2.7232001e-02   -8.7932870e-02
3.3016000e-02   -9.4972953e-02
3.9328001e-02   -1.0121284e-01
4.6151999e-02   -1.0754094e-01
5.3475998e-02   -1.1294737e-01
6.1287001e-02   -1.1750345e-01
6.9568001e-02   -1.2166137e-01
7.8308001e-02   -1.2505382e-01
8.7494999e-02   -1.2806095e-01
9.7115003e-02   -1.3032804e-01
1.0715700e-01   -1.3252549e-01
1.1760800e-01   -1.3397108e-01
1.2845400e-01   -1.3512671e-01
1.3968299e-01   -1.3552079e-01
1.5128200e-01   -1.3541201e-01
1.6323499e-01   -1.3490833e-01
1.7553200e-01   -1.3406746e-01
1.8815701e-01   -1.3288833e-01
2.0109700e-01   -1.3110462e-01
2.1433701e-01   -1.2907510e-01
2.2786400e-01   -1.2755260e-01
2.4166299e-01   -1.2557800e-01
2.5571901e-01   -1.2291672e-01
2.7001700e-01   -1.2081983e-01
2.8454199e-01   -1.1780088e-01
2.9927999e-01   -1.1495083e-01
3.1421500e-01   -1.1204834e-01
3.2933101e-01   -1.0939515e-01
3.4461299e-01   -1.0615883e-01
3.6004499e-01   -1.0245427e-01
3.7561101e-01   -9.8974347e-02
3.9129600e-01   -9.5306627e-02
4.0708300e-01   -9.1487639e-02
4.2295700e-01   -8.7734401e-02
4.3890101e-01   -8.4287085e-02
4.5489901e-01   -8.0545455e-02
4.7093499e-01   -7.6907769e-02
4.8699200e-01   -7.3262133e-02
5.0305498e-01   -6.9877036e-02
5.1910698e-01   -6.6526301e-02
5.3513199e-01   -6.3640952e-02
5.5111402e-01   -6.0144484e-02
5.6703597e-01   -5.7219110e-02
5.8288401e-01   -5.3537961e-02
5.9864002e-01   -5.0252207e-02
6.1429000e-01   -4.7061071e-02
6.2981701e-01   -4.4099621e-02
6.4520597e-01   -4.1232675e-02
6.6044199e-01   -3.8805496e-02
6.7550898e-01   -3.6226623e-02
6.9039297e-01   -3.3937603e-02
7.0507699e-01   -3.1263225e-02
7.1954900e-01   -2.9438460e-02
7.3379302e-01   -2.7214114e-02
7.4779499e-01   -2.5319116e-02
7.6154202e-01   -2.3294698e-02
7.7501899e-01   -2.1689391e-02
7.8821403e-01   -2.0315494e-02
8.0111301e-01   -1.8672677e-02
8.1370401e-01   -1.7272117e-02
8.2597297e-01   -1.6099302e-02
8.3791000e-01   -1.4097298e-02
8.4950101e-01   -1.2631674e-02
8.6073500e-01   -1.1305196e-02
8.7160099e-01   -1.0440760e-02
8.8208801e-01   -9.4088102e-03
8.9218402e-01   -8.6035263e-03
9.0188003e-01   -7.8217303e-03
9.1116500e-01   -6.9232872e-03
9.2003101e-01   -6.2522278e-03
9.2846799e-01   -5.6377510e-03
9.3646699e-01   -4.9526347e-03
9.4401902e-01   -4.3922658e-03
9.5111603e-01   -3.7174583e-03
9.5775098e-01   -3.3379651e-03
9.6392000e-01   -2.9287175e-03
9.6961600e-01   -2.7373927e-03
9.7483599e-01   -2.3267269e-03
9.7957498e-01   -1.9641409e-03
9.8383099e-01   -1.6789491e-03
9.8759800e-01   -1.4619568e-03
9.9087399e-01   -1.2416940e-03
9.9365300e-01   -1.1626527e-03
9.9593401e-01   -8.0366532e-04
9.9771100e-01   -4.1763773e-04
9.9898201e-01   -8.2559884e-05
9.9974501e-01   -1.3251277e-04
1.0000000e+00   4.4424851e-05
