1.0000000e+00   7.2046265e-04
9.9974501e-01   1.4529075e-03
9.9898201e-01   2.5272188e-03
9.9771100e-01   4.1179205e-03
9.9593300e-01   6.9831763e-03
9.9365300e-01   1.0045026e-02
9.9087399e-01   1.4252473e-02
9.8759800e-01   1.9080052e-02
9.8382998e-01   2.4613561e-02
9.7957498e-01   2.9989112e-02
9.7483599e-01   3.6419936e-02
9.6961600e-01   4.3253910e-02
9.6392000e-01   5.0893992e-02
9.5775098e-01   5.9350420e-02
9.5111603e-01   6.7498736e-02
9.4401902e-01   7.6597966e-02
9.3646699e-01   8.6094134e-02
9.2846799e-01   9.6173704e-02
9.2003101e-01   1.0644624e-01
9.1116500e-01   1.1776002e-01
9.0187901e-01   1.2863375e-01
8.9218301e-01   1.3988419e-01
8.8208699e-01   1.5202811e-01
8.7160099e-01   1.6380289e-01
8.6073500e-01   1.7644945e-01
8.4950101e-01   1.8909155e-01
8.3791000e-01   2.0166890e-01
8.2597399e-01   2.1456502e-01
8.1370401e-01   2.2798447e-01
8.0111301e-01   2.4138504e-01
7.8821403e-01   2.5451839e-01
7.7501899e-01   2.6889715e-01
7.6154101e-01   2.8211528e-01
7.4779499e-01   2.9586428e-01
7.3379201e-01   3.1003162e-01
7.1954799e-01   3.2351890e-01
7.0507699e-01   3.3631945e-01
6.9039202e-01   3.4923768e-01
6.7550898e-01   3.6224821e-01
6.6044199e-01   3.7452421e-01
6.4520597e-01   3.8680288e-01
6.2981701e-01   3.9793611e-01
6.1429000e-01   4.0937194e-01
5.9864002e-01   4.2008242e-01
5.8288401e-01   4.3009755e-01
5.6703597e-01   4.3992174e-01
5.5111301e-01   4.4880104e-01
5.3513098e-01   4.5718682e-01
5.1910597e-01   4.6476501e-01
5.0305402e-01   4.7198981e-01
4.8699099e-01   4.7791356e-01
4.7093400e-01   4.8339799e-01
4.5489800e-01   4.8787290e-01
4.3889999e-01   4.9092919e-01
4.2295599e-01   4.9325159e-01
4.0708300e-01   4.9419519e-01
3.9129499e-01   4.9483010e-01
3.7560999e-01   4.9435234e-01
3.6004400e-01   4.9178818e-01
3.4461200e-01   4.8904157e-01
3.2933000e-01   4.8486170e-01
3.1421301e-01   4.7985110e-01
2.9927900e-01   4.7274050e-01
2.8454101e-01   4.6580774e-01
2.7001500e-01   4.5727283e-01
2.5571701e-01   4.4800177e-01
2.4166100e-01   4.3723950e-01
2.2786200e-01   4.2602074e-01
2.1433599e-01   4.1317019e-01
2.0109500e-01   4.0010372e-01
1.8815500e-01   3.8588428e-01
1.7553000e-01   3.7080926e-01
1.6323400e-01   3.5541204e-01
1.5128000e-01   3.3991268e-01
1.3968100e-01   3.2369542e-01
1.2845200e-01   3.0722785e-01
1.1760600e-01   2.8958231e-01
1.0715500e-01   2.7186131e-01
9.7112998e-02   2.5374657e-01
8.7493002e-02   2.3636048e-01
7.8305997e-02   2.1836913e-01
6.9565997e-02   2.0056182e-01
6.1285000e-02   1.8232663e-01
5.3474002e-02   1.6471319e-01
4.6149999e-02   1.4746429e-01
3.9326001e-02   1.3104215e-01
3.3013999e-02   1.1465524e-01
2.7230000e-02   9.9271603e-02
2.1980001e-02   8.4704995e-02
1.7277000e-02   7.0832625e-02
1.3141000e-02   5.7801548e-02
9.5729996e-03   4.6379112e-02
6.5830001e-03   3.6008846e-02
4.1880002e-03   2.6610970e-02
2.3540000e-03   1.8673463e-02
1.0810000e-03   1.1607938e-02
3.7100000e-04   6.1765108e-03
7.6999997e-05   2.5385211e-03
4.9999999e-06   -7.1757939e-05
0.0000000e+00   -7.3615985e-04
4.9999999e-06   -1.6543340e-03
7.6999997e-05   -3.7770914e-03
3.7100000e-04   -7.1021030e-03
1.0810000e-03   -1.1793941e-02
2.3530000e-03   -1.7589578e-02
4.1880002e-03   -2.3757322e-02
6.5850001e-03   -2.9649917e-02
9.5760003e-03   -3.4950249e-02
1.3145000e-02   -3.9650407e-02
1.7281000e-02   -4.3549836e-02
2.1983000e-02   -4.6476707e-02
2.7232001e-02   -4.8905730e-02
3.3016000e-02   -5.1083356e-02
3.9328001e-02   -5.2090511e-02
4.6151999e-02   -5.3344388e-02
5.3475998e-02   -5.3641785e-02
6.1287001e-02   -5.3436380e-02
6.9568001e-02   -5.2813072e-02
7.8308001e-02   -5.2101284e-02
8.7494999e-02   -5.0631288e-02
9.7115003e-02   -4.9532369e-02
1.0715700e-01   -4.7629323e-02
1.1760800e-01   -4.5739435e-02
1.2845400e-01   -4.2868707e-02
1.3968299e-01   -3.9696254e-02
1.5128200e-01   -3.6549829e-02
1.6323499e-01   -3.2886483e-02
1.7553200e-01   -2.9095190e-02
1.8815701e-01   -2.4394074e-02
2.0109700e-01   -1.9067427e-02
2.1433701e-01   -1.4291394e-02
2.2786400e-01   -9.1077145e-03
2.4166299e-01   -3.1618259e-03
2.5571901e-01   2.5760178e-03
2.7001700e-01   8.5584894e-03
2.8454199e-01   1.4670616e-02
2.9927999e-01   2.1325137e-02
3.1421500e-01   2.7476359e-02
3.2933101e-01   3.3562880e-02
3.4461299e-01   4.0172663e-02
3.6004499e-01   4.6184741e-02
3.7561101e-01   5.2197479e-02
3.9129600e-01   5.8747575e-02
4.0708300e-01   6.4819269e-02
4.2295700e-01   7.0827030e-02
4.3890101e-01   7.7185340e-02
4.5489901e-01   8.3067521e-02
4.7093499e-01   8.8759817e-02
4.8699200e-01   9.3928896e-02
5.0305498e-01   9.8935455e-02
5.1910698e-01   1.0389201e-01
5.3513199e-01   1.0865239e-01
5.5111402e-01   1.1288525e-01
5.6703597e-01   1.1691825e-01
5.8288401e-01   1.2051084e-01
5.9864002e-01   1.2366316e-01
6.1429000e-01   1.2635793e-01
6.2981701e-01   1.2877911e-01
6.4520597e-01   1.3049778e-01
6.6044199e-01   1.3148832e-01
6.7550898e-01   1.3229574e-01
6.9039297e-01   1.3197863e-01
7.0507699e-01   1.3195284e-01
7.1954900e-01   1.3083044e-01
7.3379302e-01   1.2994835e-01
7.4779499e-01   1.2746967e-01
7.6154202e-01   1.2529723e-01
7.7501899e-01   1.2222212e-01
7.8821403e-01   1.1862537e-01
8.0111301e-01   1.1569522e-01
8.1370401e-01   1.1168594e-01
8.2597297e-01   1.0690018e-01
8.3791000e-01   1.0240289e-01
8.4950101e-01   9.7398646e-02
8.6073500e-01   9.2555776e-02
8.7160099e-01   8.7194882e-02
8.8208801e-01   8.2110561e-02
8.9218402e-01   7.6795533e-02
9.0188003e-01   7.1243346e-02
9.1116500e-01   6.5665841e-02
9.2003101e-01   5.9743971e-02
9.2846799e-01   5.4682497e-02
9.3646699e-01   4.9131945e-02
9.4401902e-01   4.3906003e-02
9.5111603e-01   3.8547926e-02
9.5775098e-01   3.2778565e-02
9.6392000e-01   2.8572915e-02
9.6961600e-01   2.3691712e-02
9.7483599e-01   1.9525742e-02
9.7957498e-01   1.5445021e-02
9.8383099e-01   1.1626485e-02
9.8759800e-01   8.1026964e-03
9.9087399e-01   5.4226476e-03
9.9365300e-01   3.0881995e-03
9.9593401e-01   9.6896518e-04
9.9771100e-01   -4.8732417e-04
9.9898201e-01   -1.5566357e-03
9.9974501e-01   -2.1581503e-03
1.0000000e+00   -2.4152149e-03
