1.0000000e+00   2.9561433e-03
9.9974501e-01   3.1809097e-03
9.9898201e-01   3.7911970e-03
9.9771100e-01   5.2138725e-03
9.9593300e-01   6.5422580e-03
9.9365300e-01   8.2080374e-03
9.9087399e-01   1.0758846e-02
9.8759800e-01   1.3124517e-02
9.8382998e-01   1.5963990e-02
9.7957498e-01   1.9638184e-02
9.7483599e-01   2.3541763e-02
9.6961600e-01   2.7766841e-02
9.6392000e-01   3.2234844e-02
9.5775098e-01   3.6851685e-02
9.5111603e-01   4.2250529e-02
9.4401902e-01   4.7393646e-02
9.3646699e-01   5.3059340e-02
9.2846799e-01   5.8961887e-02
9.2003101e-01   6.5299422e-02
9.1116500e-01   7.1821570e-02
9.0187901e-01   7.8410126e-02
8.9218301e-01   8.5479498e-02
8.8208699e-01   9.2512883e-02
8.7160099e-01   1.0023118e-01
8.6073500e-01   1.0760313e-01
8.4950101e-01   1.1514453e-01
8.3791000e-01   1.2342948e-01
8.2597399e-01   1.3158633e-01
8.1370401e-01   1.4018008e-01
8.0111301e-01   1.4803797e-01
7.8821403e-01   1.5722644e-01
7.7501899e-01   1.6575319e-01
7.6154101e-01   1.7507757e-01
7.4779499e-01   1.8313959e-01
7.3379201e-01   1.9205159e-01
7.1954799e-01   2.0113729e-01
7.0507699e-01   2.0982273e-01
6.9039202e-01   2.1857162e-01
6.7550898e-01   2.2732323e-01
6.6044199e-01   2.3572996e-01
6.4520597e-01   2.4428888e-01
6.2981701e-01   2.5243589e-01
6.1429000e-01   2.6029557e-01
5.9864002e-01   2.6792586e-01
5.8288401e-01   2.7540463e-01
5.6703597e-01   2.8252152e-01
5.5111301e-01   2.8957114e-01
5.3513098e-01   2.9628193e-01
5.1910597e-01   3.0232659e-01
5.0305402e-01   3.0803841e-01
4.8699099e-01   3.1337899e-01
4.7093400e-01   3.1768855e-01
4.5489800e-01   3.2208136e-01
4.3889999e-01   3.2620305e-01
4.2295599e-01   3.2925564e-01
4.0708300e-01   3.3210251e-01
3.9129499e-01   3.3394185e-01
3.7560999e-01   3.3508021e-01
3.6004400e-01   3.3634210e-01
3.4461200e-01   3.3704489e-01
3.2933000e-01   3.3651346e-01
3.1421301e-01   3.3555335e-01
2.9927900e-01   3.3381996e-01
2.8454101e-01   3.3136609e-01
2.7001500e-01   3.2865354e-01
2.5571701e-01   3.2475838e-01
2.4166100e-01   3.2056817e-01
2.2786200e-01   3.1541002e-01
2.1433599e-01   3.0924731e-01
2.0109500e-01   3.0257669e-01
1.8815500e-01   2.9527822e-01
1.7553000e-01   2.8708747e-01
1.6323400e-01   2.7836621e-01
1.5128000e-01   2.6896378e-01
1.3968100e-01   2.5869086e-01
1.2845200e-01   2.4791677e-01
1.1760600e-01   2.3656231e-01
1.0715500e-01   2.2474344e-01
9.7112998e-02   2.1278085e-01
8.7493002e-02   1.9955306e-01
7.8305997e-02   1.8650781e-01
6.9565997e-02   1.7309414e-01
6.1285000e-02   1.5980963e-01
5.3474002e-02   1.4618753e-01
4.6149999e-02   1.3268100e-01
3.9326001e-02   1.1895097e-01
3.3013999e-02   1.0568654e-01
2.7230000e-02   9.2793681e-02
2.1980001e-02   8.0142736e-02
1.7277000e-02   6.7701332e-02
1.3141000e-02   5.6012906e-02
9.5729996e-03   4.4757303e-02
6.5830001e-03   3.4686815e-02
4.1880002e-03   2.5691407e-02
2.3540000e-03   1.7947936e-02
1.0810000e-03   1.1245263e-02
3.7100000e-04   6.0679144e-03
7.6999997e-05   2.3227613e-03
4.9999999e-06   -4.7441572e-06
0.0000000e+00   -7.7275536e-04
4.9999999e-06   -1.4546986e-03
7.6999997e-05   -3.7246530e-03
3.7100000e-04   -7.3244865e-03
1.0810000e-03   -1.2334505e-02
2.3530000e-03   -1.8242037e-02
4.1880002e-03   -2.4820352e-02
6.5850001e-03   -3.2103132e-02
9.5760003e-03   -3.9252184e-02
1.3145000e-02   -4.5949053e-02
1.7281000e-02   -5.2246101e-02
2.1983000e-02   -5.7325240e-02
2.7232001e-02   -6.1842531e-02
3.3016000e-02   -6.6101201e-02
3.9328001e-02   -6.9829822e-02
4.6151999e-02   -7.3326394e-02
5.3475998e-02   -7.6292537e-02
6.1287001e-02   -7.8790478e-02
6.9568001e-02   -8.1429511e-02
7.8308001e-02   -8.3290234e-02
8.7494999e-02   -8.5004263e-02
9.7115003e-02   -8.6104572e-02
1.0715700e-01   -8.7592460e-02
1.1760800e-01   -8.7927446e-02
1.2845400e-01   -8.8348955e-02
1.3968299e-01   -8.8785768e-02
1.5128200e-01   -8.8579096e-02
1.6323499e-01   -8.8283241e-02
1.7553200e-01   -8.7131262e-02
1.8815701e-01   -8.6699434e-02
2.0109700e-01   -8.5769258e-02
2.1433701e-01   -8.3902821e-02
2.2786400e-01   -8.2790650e-02
2.4166299e-01   -8.1151068e-02
2.5571901e-01   -7.9991885e-02
2.7001700e-01   -7.8133754e-02
2.8454199e-01   -7.6494783e-02
2.9927999e-01   -7.4949831e-02
3.1421500e-01   -7.3297568e-02
3.2933101e-01   -7.1217068e-02
3.4461299e-01   -6.9437668e-02
3.6004499e-01   -6.7390487e-02
3.7561101e-01   -6.5540873e-02
3.9129600e-01   -6.3694082e-02
4.0708300e-01   -6.1844930e-02
4.2295700e-01   -6.0033198e-02
4.3890101e-01   -5.8390152e-02
4.5489901e-01   -5.6956787e-02
4.7093499e-01   -5.5041019e-02
4.8699200e-01   -5.2937228e-02
5.0305498e-01   -5.1385101e-02
5.1910698e-01   -4.9621046e-02
5.3513199e-01   -4.7949836e-02
5.5111402e-01   -4.5798562e-02
5.6703597e-01   -4.4324510e-02
5.8288401e-01   -4.2786255e-02
5.9864002e-01   -4.0555425e-02
6.1429000e-01   -3.8924854e-02
6.2981701e-01   -3.7912920e-02
6.4520597e-01   -3.6036756e-02
6.6044199e-01   -3.4132209e-02
6.7550898e-01   -3.2885000e-02
6.9039297e-01   -3.1007184e-02
7.0507699e-01   -2.9938417e-02
7.1954900e-01   -2.8001770e-02
7.3379302e-01   -2.6805174e-02
7.4779499e-01   -2.5274577e-02
7.6154202e-01   -2.3741771e-02
7.7501899e-01   -2.2396822e-02
7.8821403e-01   -2.0679390e-02
8.0111301e-01   -1.9411340e-02
8.1370401e-01   -1.8587949e-02
8.2597297e-01   -1.6751936e-02
8.3791000e-01   -1.5660154e-02
8.4950101e-01   -1.4738311e-02
8.6073500e-01   -1.3225831e-02
8.7160099e-01   -1.2702998e-02
8.8208801e-01   -1.1769442e-02
8.9218402e-01   -1.0842424e-02
9.0188003e-01   -1.0295723e-02
9.1116500e-01   -9.1734333e-03
9.2003101e-01   -8.3404481e-03
9.2846799e-01   -7.8522926e-03
9.3646699e-01   -7.1793799e-03
9.4401902e-01   -6.8030576e-03
9.5111603e-01   -6.3730399e-03
9.5775098e-01   -5.4066177e-03
9.6392000e-01   -4.8999498e-03
9.6961600e-01   -4.1945032e-03
9.7483599e-01   -3.9897556e-03
9.7957498e-01   -3.4391917e-03
9.8383099e-01   -2.8436373e-03
9.8759800e-01   -2.5593669e-03
9.9087399e-01   -2.3594156e-03
9.9365300e-01   -2.1775032e-03
9.9593401e-01   -1.9322984e-03
9.9771100e-01   -1.8719248e-03
9.9898201e-01   -1.8289541e-03
9.9974501e-01   -1.8141820e-03
1.0000000e+00   -1.7091511e-03
