1.0000000e+00   6.5696328e-03
9.9974501e-01   7.4123344e-03
9.9898201e-01   6.6389530e-03
9.9771100e-01   7.9893069e-03
9.9593300e-01   8.8541331e-03
9.9365300e-01   1.0044455e-02
9.9087399e-01   1.1239502e-02
9.8759800e-01   1.2855459e-02
9.8382998e-01   1.4655485e-02
9.7957498e-01   1.6663428e-02
9.7483599e-01   1.9008255e-02
9.6961600e-01   2.1434525e-02
9.6392000e-01   2.4276573e-02
9.5775098e-01   2.7817775e-02
9.5111603e-01   3.1642918e-02
9.4401902e-01   3.4618832e-02
9.3646699e-01   3.8164340e-02
9.2846799e-01   4.2149413e-02
9.2003101e-01   4.6325076e-02
9.1116500e-01   4.9258340e-02
9.0187901e-01   5.3125303e-02
8.9218301e-01   5.7947408e-02
8.8208699e-01   6.1890911e-02
8.7160099e-01   6.6453218e-02
8.6073500e-01   7.0803821e-02
8.4950101e-01   7.5906985e-02
8.3791000e-01   8.0835827e-02
8.2597399e-01   8.5554980e-02
8.1370401e-01   9.0941347e-02
8.0111301e-01   9.5102414e-02
7.8821403e-01   1.0030673e-01
7.7501899e-01   1.0519052e-01
7.6154101e-01   1.0970552e-01
7.4779499e-01   1.1599132e-01
7.3379201e-01   1.1869031e-01
7.1954799e-01   1.2516481e-01
7.0507699e-01   1.2945296e-01
6.9039202e-01   1.3469082e-01
6.7550898e-01   1.3934314e-01
6.6044199e-01   1.4431222e-01
6.4520597e-01   1.4885472e-01
6.2981701e-01   1.5301646e-01
6.1429000e-01   1.5748586e-01
5.9864002e-01   1.6172008e-01
5.8288401e-01   1.6618530e-01
5.6703597e-01   1.7086159e-01
5.5111301e-01   1.7462756e-01
5.3513098e-01   1.7849891e-01
5.1910597e-01   1.8176362e-01
5.0305402e-01   1.8348880e-01
4.8699099e-01   1.8892147e-01
4.7093400e-01   1.9010317e-01
4.5489800e-01   1.9404441e-01
4.3889999e-01   1.9596627e-01
4.2295599e-01   1.9729424e-01
4.0708300e-01   2.0001201e-01
3.9129499e-01   2.0096785e-01
3.7560999e-01   2.0224085e-01
3.6004400e-01   2.0334521e-01
3.4461200e-01   2.0421335e-01
3.2933000e-01   2.0479006e-01
3.1421301e-01   2.0539202e-01
2.9927900e-01   2.0501727e-01
2.8454101e-01   2.0309843e-01
2.7001500e-01   2.0154804e-01
2.5571701e-01   2.0024289e-01
2.4166100e-01   1.9747587e-01
2.2786200e-01   1.9644740e-01
2.1433599e-01   1.9393744e-01
2.0109500e-01   1.8965326e-01
1.8815500e-01   1.8617269e-01
1.7553000e-01   1.8239637e-01
1.6323400e-01   1.7850246e-01
1.5128000e-01   1.7393066e-01
1.3968100e-01   1.6898976e-01
1.2845200e-01   1.6279119e-01
1.1760600e-01   1.5731382e-01
1.0715500e-01   1.5192993e-01
9.7112998e-02   1.4613162e-01
8.7493002e-02   1.3847761e-01
7.8305997e-02   1.3200130e-01
6.9565997e-02   1.2393546e-01
6.1285000e-02   1.1571071e-01
5.3474002e-02   1.0921778e-01
4.6149999e-02   1.0096389e-01
3.9326001e-02   9.3521535e-02
3.3013999e-02   8.6046286e-02
2.7230000e-02   7.7200867e-02
2.1980001e-02   6.9210581e-02
1.7277000e-02   6.0909975e-02
1.3141000e-02   5.2963950e-02
9.5729996e-03   4.4428203e-02
6.5830001e-03   3.6313206e-02
4.1880002e-03   2.9166380e-02
2.3540000e-03   2.1577058e-02
1.0810000e-03   1.4879368e-02
3.7100000e-04   8.9067342e-03
7.6999997e-05   4.8351404e-03
4.9999999e-06   1.6589711e-03
0.0000000e+00   1.1302677e-03
4.9999999e-06   3.6123439e-04
7.6999997e-05   -2.7859663e-03
3.7100000e-04   -6.5351343e-03
1.0810000e-03   -1.2199963e-02
2.3530000e-03   -1.6429169e-02
4.1880002e-03   -2.1085149e-02
6.5850001e-03   -2.5044769e-02
9.5760003e-03   -2.7479192e-02
1.3145000e-02   -2.9646844e-02
1.7281000e-02   -3.1219186e-02
2.1983000e-02   -3.1908680e-02
2.7232001e-02   -3.2513194e-02
3.3016000e-02   -3.3030778e-02
3.9328001e-02   -3.2276545e-02
4.6151999e-02   -3.2858282e-02
5.3475998e-02   -3.2642517e-02
6.1287001e-02   -3.1148929e-02
6.9568001e-02   -3.0411430e-02
7.8308001e-02   -2.9645482e-02
8.7494999e-02   -2.9439274e-02
9.7115003e-02   -2.7834492e-02
1.0715700e-01   -2.6556252e-02
1.1760800e-01   -2.6409917e-02
1.2845400e-01   -2.5850860e-02
1.3968299e-01   -2.5152227e-02
1.5128200e-01   -2.3636365e-02
1.6323499e-01   -2.3108257e-02
1.7553200e-01   -2.1815281e-02
1.8815701e-01   -2.1200679e-02
2.0109700e-01   -2.0801498e-02
2.1433701e-01   -1.9496704e-02
2.2786400e-01   -1.9947248e-02
2.4166299e-01   -1.8959519e-02
2.5571901e-01   -1.7682146e-02
2.7001700e-01   -1.8460117e-02
2.8454199e-01   -1.7935796e-02
2.9927999e-01   -1.7288925e-02
3.1421500e-01   -1.5461818e-02
3.2933101e-01   -1.6408307e-02
3.4461299e-01   -1.5240249e-02
3.6004499e-01   -1.4632693e-02
3.7561101e-01   -1.5669854e-02
3.9129600e-01   -1.6114453e-02
4.0708300e-01   -1.6791543e-02
4.2295700e-01   -1.7006803e-02
4.3890101e-01   -1.6997406e-02
4.5489901e-01   -1.7544275e-02
4.7093499e-01   -1.7605575e-02
4.8699200e-01   -1.9689407e-02
5.0305498e-01   -1.8617628e-02
5.1910698e-01   -1.9556770e-02
5.3513199e-01   -1.9454874e-02
5.5111402e-01   -2.0942289e-02
5.6703597e-01   -2.0878362e-02
5.8288401e-01   -2.0335194e-02
5.9864002e-01   -2.0704661e-02
6.1429000e-01   -2.2181779e-02
6.2981701e-01   -2.0976547e-02
6.4520597e-01   -2.1523945e-02
6.6044199e-01   -2.1661691e-02
6.7550898e-01   -2.1616120e-02
6.9039297e-01   -2.1696335e-02
7.0507699e-01   -2.0246079e-02
7.1954900e-01   -2.1428352e-02
7.3379302e-01   -2.0696264e-02
7.4779499e-01   -2.1448344e-02
7.6154202e-01   -2.0032024e-02
7.7501899e-01   -1.9857654e-02
7.8821403e-01   -1.9945575e-02
8.0111301e-01   -1.9321872e-02
8.1370401e-01   -1.8867314e-02
8.2597297e-01   -1.7991548e-02
8.3791000e-01   -1.8496089e-02
8.4950101e-01   -1.6886698e-02
8.6073500e-01   -1.6687453e-02
8.7160099e-01   -1.6582120e-02
8.8208801e-01   -1.5507042e-02
8.9218402e-01   -1.4675333e-02
9.0188003e-01   -1.3463859e-02
9.1116500e-01   -1.3776969e-02
9.2003101e-01   -1.2213070e-02
9.2846799e-01   -1.2089027e-02
9.3646699e-01   -1.1067786e-02
9.4401902e-01   -1.0441633e-02
9.5111603e-01   -9.7729778e-03
9.5775098e-01   -8.9529892e-03
9.6392000e-01   -7.8407144e-03
9.6961600e-01   -7.3923524e-03
9.7483599e-01   -6.3368129e-03
9.7957498e-01   -6.2954226e-03
9.8383099e-01   -5.1955460e-03
9.8759800e-01   -5.5263885e-03
9.9087399e-01   -4.2954311e-03
9.9365300e-01   -3.7782488e-03
9.9593401e-01   -3.9400877e-03
9.9771100e-01   -3.3099838e-03
9.9898201e-01   -3.4722299e-03
9.9974501e-01   -3.0989789e-03
1.0000000e+00   -2.9842085e-03
