1.0000000e+00   4.2035324e-03
9.9974501e-01   4.6488713e-03
9.9898201e-01   5.6613684e-03
9.9771100e-01   7.3851249e-03
9.9593300e-01   9.2092482e-03
9.9365300e-01   1.1817672e-02
9.9087399e-01   1.5189691e-02
9.8759800e-01   1.8749196e-02
9.8382998e-01   2.3247445e-02
9.7957498e-01   2.8241405e-02
9.7483599e-01   3.3797473e-02
9.6961600e-01   4.0033076e-02
9.6392000e-01   4.6999004e-02
9.5775098e-01   5.4482836e-02
9.5111603e-01   6.2405802e-02
9.4401902e-01   7.0895672e-02
9.3646699e-01   7.9829894e-02
9.2846799e-01   8.9589119e-02
9.2003101e-01   9.9575177e-02
9.1116500e-01   1.0963894e-01
9.0187901e-01   1.2063988e-01
8.9218301e-01   1.3166098e-01
8.8208699e-01   1.4310004e-01
8.7160099e-01   1.5446155e-01
8.6073500e-01   1.6674142e-01
8.4950101e-01   1.7894222e-01
8.3791000e-01   1.9125731e-01
8.2597399e-01   2.0409672e-01
8.1370401e-01   2.1695201e-01
8.0111301e-01   2.3014864e-01
7.8821403e-01   2.4364620e-01
7.7501899e-01   2.5683826e-01
7.6154101e-01   2.7056745e-01
7.4779499e-01   2.8398228e-01
7.3379201e-01   2.9790533e-01
7.1954799e-01   3.1142899e-01
7.0507699e-01   3.2527870e-01
6.9039202e-01   3.3880064e-01
6.7550898e-01   3.5209286e-01
6.6044199e-01   3.6548656e-01
6.4520597e-01   3.7814802e-01
6.2981701e-01   3.9076963e-01
6.1429000e-01   4.0317965e-01
5.9864002e-01   4.1472027e-01
5.8288401e-01   4.2641404e-01
5.6703597e-01   4.3741569e-01
5.5111301e-01   4.4808075e-01
5.3513098e-01   4.5747152e-01
5.1910597e-01   4.6650705e-01
5.0305402e-01   4.7507021e-01
4.8699099e-01   4.8207676e-01
4.7093400e-01   4.8884532e-01
4.5489800e-01   4.9441719e-01
4.3889999e-01   4.9924970e-01
4.2295599e-01   5.0307238e-01
4.0708300e-01   5.0597346e-01
3.9129499e-01   5.0793201e-01
3.7560999e-01   5.0874710e-01
3.6004400e-01   5.0847369e-01
3.4461200e-01   5.0735450e-01
3.2933000e-01   5.0517040e-01
3.1421301e-01   5.0208670e-01
2.9927900e-01   4.9795449e-01
2.8454101e-01   4.9276218e-01
2.7001500e-01   4.8675075e-01
2.5571701e-01   4.7962034e-01
2.4166100e-01   4.7155330e-01
2.2786200e-01   4.6184212e-01
2.1433599e-01   4.5139873e-01
2.0109500e-01   4.4017974e-01
1.8815500e-01   4.2723367e-01
1.7553000e-01   4.1410708e-01
1.6323400e-01   3.9957970e-01
1.5128000e-01   3.8479555e-01
1.3968100e-01   3.6867794e-01
1.2845200e-01   3.5164577e-01
1.1760600e-01   3.3406827e-01
1.0715500e-01   3.1639278e-01
9.7112998e-02   2.9794368e-01
8.7493002e-02   2.7944884e-01
7.8305997e-02   2.6010054e-01
6.9565997e-02   2.4119069e-01
6.1285000e-02   2.2200483e-01
5.3474002e-02   2.0281480e-01
4.6149999e-02   1.8355167e-01
3.9326001e-02   1.6464116e-01
3.3013999e-02   1.4622875e-01
2.7230000e-02   1.2797247e-01
2.1980001e-02   1.1014281e-01
1.7277000e-02   9.2978515e-02
1.3141000e-02   7.6441973e-02
9.5729996e-03   6.0912326e-02
6.5830001e-03   4.6830308e-02
4.1880002e-03   3.4442253e-02
2.3540000e-03   2.3608582e-02
1.0810000e-03   1.4882172e-02
3.7100000e-04   8.0637438e-03
7.6999997e-05   3.2310728e-03
4.9999999e-06   2.3345108e-04
0.0000000e+00   -7.0270675e-04
4.9999999e-06   -1.7284901e-03
7.6999997e-05   -4.5796889e-03
3.7100000e-04   -8.9763673e-03
1.0810000e-03   -1.5277487e-02
2.3530000e-03   -2.3271661e-02
4.1880002e-03   -3.2288071e-02
6.5850001e-03   -4.1744046e-02
9.5760003e-03   -5.1792730e-02
1.3145000e-02   -6.1573870e-02
1.7281000e-02   -7.0047863e-02
2.1983000e-02   -7.7506281e-02
2.7232001e-02   -8.4023759e-02
3.3016000e-02   -9.0071455e-02
3.9328001e-02   -9.5727749e-02
4.6151999e-02   -1.0062174e-01
5.3475998e-02   -1.0485276e-01
6.1287001e-02   -1.0863496e-01
6.9568001e-02   -1.1161692e-01
7.8308001e-02   -1.1480161e-01
8.7494999e-02   -1.1725853e-01
9.7115003e-02   -1.1919965e-01
1.0715700e-01   -1.2085953e-01
1.1760800e-01   -1.2242440e-01
1.2845400e-01   -1.2293668e-01
1.3968299e-01   -1.2335010e-01
1.5128200e-01   -1.2408468e-01
1.6323499e-01   -1.2351999e-01
1.7553200e-01   -1.2328217e-01
1.8815701e-01   -1.2294909e-01
2.0109700e-01   -1.2166256e-01
2.1433701e-01   -1.2077532e-01
2.2786400e-01   -1.1894581e-01
2.4166299e-01   -1.1705121e-01
2.5571901e-01   -1.1526801e-01
2.7001700e-01   -1.1352328e-01
2.8454199e-01   -1.1103091e-01
2.9927999e-01   -1.0869329e-01
3.1421500e-01   -1.0598051e-01
3.2933101e-01   -1.0343908e-01
3.4461299e-01   -1.0128629e-01
3.6004499e-01   -9.8531447e-02
3.7561101e-01   -9.6054137e-02
3.9129600e-01   -9.3175314e-02
4.0708300e-01   -9.1022924e-02
4.2295700e-01   -8.8390402e-02
4.3890101e-01   -8.5567690e-02
4.5489901e-01   -8.3377160e-02
4.7093499e-01   -8.1271507e-02
4.8699200e-01   -7.8820661e-02
5.0305498e-01   -7.6535828e-02
5.1910698e-01   -7.4273728e-02
5.3513199e-01   -7.2116993e-02
5.5111402e-01   -6.9822125e-02
5.6703597e-01   -6.7644387e-02
5.8288401e-01   -6.5478817e-02
5.9864002e-01   -6.3334025e-02
6.1429000e-01   -6.1107989e-02
6.2981701e-01   -5.8934879e-02
6.4520597e-01   -5.6591470e-02
6.6044199e-01   -5.4501217e-02
6.7550898e-01   -5.2348819e-02
6.9039297e-01   -5.0068136e-02
7.0507699e-01   -4.7970999e-02
7.1954900e-01   -4.5858242e-02
7.3379302e-01   -4.3764770e-02
7.4779499e-01   -4.1525703e-02
7.6154202e-01   -3.9832890e-02
7.7501899e-01   -3.7819505e-02
7.8821403e-01   -3.6136203e-02
8.0111301e-01   -3.4270354e-02
8.1370401e-01   -3.2417044e-02
8.2597297e-01   -3.0832501e-02
8.3791000e-01   -2.8887898e-02
8.4950101e-01   -2.7481250e-02
8.6073500e-01   -2.5760805e-02
8.7160099e-01   -2.4148226e-02
8.8208801e-01   -2.2830170e-02
8.9218402e-01   -2.1020066e-02
9.0188003e-01   -1.9649871e-02
9.1116500e-01   -1.8175995e-02
9.2003101e-01   -1.6747518e-02
9.2846799e-01   -1.5423833e-02
9.3646699e-01   -1.3813143e-02
9.4401902e-01   -1.2898166e-02
9.5111603e-01   -1.1631824e-02
9.5775098e-01   -1.0494805e-02
9.6392000e-01   -9.5762238e-03
9.6961600e-01   -8.6584603e-03
9.7483599e-01   -7.6959115e-03
9.7957498e-01   -7.0659691e-03
9.8383099e-01   -6.6402545e-03
9.8759800e-01   -6.1072907e-03
9.9087399e-01   -5.9211506e-03
9.9365300e-01   -5.7271654e-03
9.9593401e-01   -5.5904617e-03
9.9771100e-01   -5.4441830e-03
9.9898201e-01   -5.2932990e-03
9.9974501e-01   -5.1702647e-03
1.0000000e+00   -5.2418825e-03
