1.0000000e+00   -1.4885777e-06
9.9974501e-01   6.0172542e-04
9.9898201e-01   2.0583011e-03
9.9771100e-01   4.3100482e-03
9.9593300e-01   7.2680623e-03
9.9365300e-01   1.0907335e-02
9.9087399e-01   1.4927289e-02
9.8759800e-01   1.9617643e-02
9.8382998e-01   2.4993254e-02
9.7957498e-01   3.1018429e-02
9.7483599e-01   3.7681583e-02
9.6961600e-01   4.4690713e-02
9.6392000e-01   5.2242380e-02
9.5775098e-01   6.0139637e-02
9.5111603e-01   6.8712242e-02
9.4401902e-01   7.7688858e-02
9.3646699e-01   8.7047443e-02
9.2846799e-01   9.7109102e-02
9.2003101e-01   1.0729593e-01
9.1116500e-01   1.1803231e-01
9.0187901e-01   1.2930883e-01
8.9218301e-01   1.4046021e-01
8.8208699e-01   1.5194847e-01
8.7160099e-01   1.6388418e-01
8.6073500e-01   1.7623892e-01
8.4950101e-01   1.8871227e-01
8.3791000e-01   2.0154698e-01
8.2597399e-01   2.1463777e-01
8.1370401e-01   2.2786999e-01
8.0111301e-01   2.4130498e-01
7.8821403e-01   2.5468069e-01
7.7501899e-01   2.6840538e-01
7.6154101e-01   2.8191108e-01
7.4779499e-01   2.9553357e-01
7.3379201e-01   3.0896601e-01
7.1954799e-01   3.2276672e-01
7.0507699e-01   3.3612388e-01
6.9039202e-01   3.4940690e-01
6.7550898e-01   3.6269575e-01
6.6044199e-01   3.7598190e-01
6.4520597e-01   3.8870400e-01
6.2981701e-01   4.0103042e-01
6.1429000e-01   4.1301838e-01
5.9864002e-01   4.2489368e-01
5.8288401e-01   4.3646854e-01
5.6703597e-01   4.4719282e-01
5.5111301e-01   4.5745626e-01
5.3513098e-01   4.6725723e-01
5.1910597e-01   4.7667971e-01
5.0305402e-01   4.8533633e-01
4.8699099e-01   4.9318200e-01
4.7093400e-01   5.0025445e-01
4.5489800e-01   5.0616080e-01
4.3889999e-01   5.1120389e-01
4.2295599e-01   5.1526016e-01
4.0708300e-01   5.1853108e-01
3.9129499e-01   5.2060139e-01
3.7560999e-01   5.2198136e-01
3.6004400e-01   5.2182412e-01
3.4461200e-01   5.2108067e-01
3.2933000e-01   5.1926655e-01
3.1421301e-01   5.1614881e-01
2.9927900e-01   5.1176196e-01
2.8454101e-01   5.0649953e-01
2.7001500e-01   4.9991527e-01
2.5571701e-01   4.9248996e-01
2.4166100e-01   4.8394313e-01
2.2786200e-01   4.7463840e-01
2.1433599e-01   4.6409810e-01
2.0109500e-01   4.5203796e-01
1.8815500e-01   4.3926322e-01
1.7553000e-01   4.2538372e-01
1.6323400e-01   4.1051504e-01
1.5128000e-01   3.9464617e-01
1.3968100e-01   3.7791365e-01
1.2845200e-01   3.6053082e-01
1.1760600e-01   3.4237042e-01
1.0715500e-01   3.2350284e-01
9.7112998e-02   3.0481189e-01
8.7493002e-02   2.8543347e-01
7.8305997e-02   2.6561299e-01
6.9565997e-02   2.4550499e-01
6.1285000e-02   2.2553752e-01
5.3474002e-02   2.0545539e-01
4.6149999e-02   1.8562421e-01
3.9326001e-02   1.6608173e-01
3.3013999e-02   1.4696181e-01
2.7230000e-02   1.2845424e-01
2.1980001e-02   1.1041269e-01
1.7277000e-02   9.3512207e-02
1.3141000e-02   7.7140950e-02
9.5729996e-03   6.1818864e-02
6.5830001e-03   4.7871206e-02
4.1880002e-03   3.5573628e-02
2.3540000e-03   2.4891051e-02
1.0810000e-03   1.6167711e-02
3.7100000e-04   9.1058956e-03
7.6999997e-05   4.0986412e-03
4.9999999e-06   1.0075378e-03
0.0000000e+00   3.9604965e-06
4.9999999e-06   -8.7540975e-04
7.6999997e-05   -3.8777969e-03
3.7100000e-04   -8.2294028e-03
1.0810000e-03   -1.4411284e-02
2.3530000e-03   -2.1636691e-02
4.1880002e-03   -2.9769666e-02
6.5850001e-03   -3.7560884e-02
9.5760003e-03   -4.4792254e-02
1.3145000e-02   -5.1362649e-02
1.7281000e-02   -5.6521855e-02
2.1983000e-02   -6.0481839e-02
2.7232001e-02   -6.3895337e-02
3.3016000e-02   -6.6408776e-02
3.9328001e-02   -6.8266302e-02
4.6151999e-02   -6.9874167e-02
5.3475998e-02   -7.0828326e-02
6.1287001e-02   -7.1080081e-02
6.9568001e-02   -7.1030617e-02
7.8308001e-02   -7.0508413e-02
8.7494999e-02   -6.9586597e-02
9.7115003e-02   -6.8084218e-02
1.0715700e-01   -6.6586234e-02
1.1760800e-01   -6.4489022e-02
1.2845400e-01   -6.2186666e-02
1.3968299e-01   -5.9446152e-02
1.5128200e-01   -5.6244262e-02
1.6323499e-01   -5.2734956e-02
1.7553200e-01   -4.9135886e-02
1.8815701e-01   -4.5365132e-02
2.0109700e-01   -4.1524652e-02
2.1433701e-01   -3.7406344e-02
2.2786400e-01   -3.4034692e-02
2.4166299e-01   -3.0266173e-02
2.5571901e-01   -2.6193431e-02
2.7001700e-01   -2.2673490e-02
2.8454199e-01   -1.8452270e-02
2.9927999e-01   -1.4432270e-02
3.1421500e-01   -1.0662993e-02
3.2933101e-01   -7.0125055e-03
3.4461299e-01   -3.2449996e-03
3.6004499e-01   8.7252236e-04
3.7561101e-01   4.7048652e-03
3.9129600e-01   8.4778871e-03
4.0708300e-01   1.2217234e-02
4.2295700e-01   1.5651364e-02
4.3890101e-01   1.8641546e-02
4.5489901e-01   2.1766137e-02
4.7093499e-01   2.4840608e-02
4.8699200e-01   2.7568648e-02
5.0305498e-01   2.9916171e-02
5.1910698e-01   3.2013647e-02
5.3513199e-01   3.3709295e-02
5.5111402e-01   3.6046267e-02
5.6703597e-01   3.7503906e-02
5.8288401e-01   3.9662063e-02
5.9864002e-01   4.0971823e-02
6.1429000e-01   4.2118672e-02
6.2981701e-01   4.2904567e-02
6.4520597e-01   4.3572631e-02
6.6044199e-01   4.3686371e-02
6.7550898e-01   4.4090640e-02
6.9039297e-01   4.3768741e-02
7.0507699e-01   4.4018444e-02
7.1954900e-01   4.3359503e-02
7.3379302e-01   4.3236770e-02
7.4779499e-01   4.2661700e-02
7.6154202e-01   4.2033654e-02
7.7501899e-01   4.0964134e-02
7.8821403e-01   3.9577160e-02
8.0111301e-01   3.8418248e-02
8.1370401e-01   3.7081078e-02
8.2597297e-01   3.5296120e-02
8.3791000e-01   3.4225643e-02
8.4950101e-01   3.2689974e-02
8.6073500e-01   3.0990276e-02
8.7160099e-01   2.8916348e-02
8.8208801e-01   2.7099777e-02
8.9218402e-01   2.5208991e-02
9.0188003e-01   2.3093145e-02
9.1116500e-01   2.1221466e-02
9.2003101e-01   1.9221699e-02
9.2846799e-01   1.7219268e-02
9.3646699e-01   1.5536806e-02
9.4401902e-01   1.3667741e-02
9.5111603e-01   1.2044569e-02
9.5775098e-01   1.0456343e-02
9.6392000e-01   8.8996049e-03
9.6961600e-01   7.2516110e-03
9.7483599e-01   5.9000626e-03
9.7957498e-01   4.6570823e-03
9.8383099e-01   3.5379168e-03
9.8759800e-01   2.5952291e-03
9.9087399e-01   1.7726204e-03
9.9365300e-01   9.8635186e-04
9.9593401e-01   5.7870202e-04
9.9771100e-01   3.3359911e-04
9.9898201e-01   2.1746894e-04
9.9974501e-01   -6.2035047e-05
1.0000000e+00   3.7791484e-05
