1.0000000e+00   2.8109644e-03
9.9974501e-01   3.0950331e-03
9.9898201e-01   3.3097856e-03
9.9771100e-01   4.8434669e-03
9.9593300e-01   6.0077035e-03
9.9365300e-01   7.3200860e-03
9.9087399e-01   9.6322829e-03
9.8759800e-01   1.1855899e-02
9.8382998e-01   1.4563949e-02
9.7957498e-01   1.7650645e-02
9.7483599e-01   2.1131186e-02
9.6961600e-01   2.5065584e-02
9.6392000e-01   2.8837789e-02
9.5775098e-01   3.3104934e-02
9.5111603e-01   3.8212903e-02
9.4401902e-01   4.3003865e-02
9.3646699e-01   4.7936745e-02
9.2846799e-01   5.3072643e-02
9.2003101e-01   5.8579665e-02
9.1116500e-01   6.4617306e-02
9.0187901e-01   7.0940934e-02
8.9218301e-01   7.6518737e-02
8.8208699e-01   8.3129048e-02
8.7160099e-01   8.9808434e-02
8.6073500e-01   9.6320421e-02
8.4950101e-01   1.0320263e-01
8.3791000e-01   1.1037762e-01
8.2597399e-01   1.1773646e-01
8.1370401e-01   1.2530026e-01
8.0111301e-01   1.3260600e-01
7.8821403e-01   1.4005789e-01
7.7501899e-01   1.4755735e-01
7.6154101e-01   1.5531339e-01
7.4779499e-01   1.6312560e-01
7.3379201e-01   1.7049448e-01
7.1954799e-01   1.7799397e-01
7.0507699e-01   1.8567461e-01
6.9039202e-01   1.9294064e-01
6.7550898e-01   2.0061591e-01
6.6044199e-01   2.0750165e-01
6.4520597e-01   2.1490143e-01
6.2981701e-01   2.2164936e-01
6.1429000e-01   2.2848134e-01
5.9864002e-01   2.3490731e-01
5.8288401e-01   2.4113025e-01
5.6703597e-01   2.4705403e-01
5.5111301e-01   2.5329819e-01
5.3513098e-01   2.5855583e-01
5.1910597e-01   2.6420003e-01
5.0305402e-01   2.6837739e-01
4.8699099e-01   2.7290109e-01
4.7093400e-01   2.7670440e-01
4.5489800e-01   2.8098816e-01
4.3889999e-01   2.8357720e-01
4.2295599e-01   2.8635621e-01
4.0708300e-01   2.8893584e-01
3.9129499e-01   2.9076746e-01
3.7560999e-01   2.9183984e-01
3.6004400e-01   2.9271442e-01
3.4461200e-01   2.9293659e-01
3.2933000e-01   2.9274791e-01
3.1421301e-01   2.9210943e-01
2.9927900e-01   2.9056111e-01
2.8454101e-01   2.8868356e-01
2.7001500e-01   2.8639054e-01
2.5571701e-01   2.8333351e-01
2.4166100e-01   2.7978832e-01
2.2786200e-01   2.7532202e-01
2.1433599e-01   2.7044985e-01
2.0109500e-01   2.6531050e-01
1.8815500e-01   2.5897214e-01
1.7553000e-01   2.5221765e-01
1.6323400e-01   2.4505804e-01
1.5128000e-01   2.3710300e-01
1.3968100e-01   2.2827643e-01
1.2845200e-01   2.1945387e-01
1.1760600e-01   2.0959781e-01
1.0715500e-01   1.9926415e-01
9.7112998e-02   1.8906152e-01
8.7493002e-02   1.7796463e-01
7.8305997e-02   1.6688122e-01
6.9565997e-02   1.5545975e-01
6.1285000e-02   1.4394449e-01
5.3474002e-02   1.3225253e-01
4.6149999e-02   1.2018318e-01
3.9326001e-02   1.0847645e-01
3.3013999e-02   9.6763805e-02
2.7230000e-02   8.5564055e-02
2.1980001e-02   7.4269287e-02
1.7277000e-02   6.3393168e-02
1.3141000e-02   5.2620869e-02
9.5729996e-03   4.2439222e-02
6.5830001e-03   3.3127956e-02
4.1880002e-03   2.4650183e-02
2.3540000e-03   1.7188387e-02
1.0810000e-03   1.0789922e-02
3.7100000e-04   5.7766838e-03
7.6999997e-05   2.1077639e-03
4.9999999e-06   -2.6241480e-04
0.0000000e+00   -1.0144809e-03
4.9999999e-06   -1.6903968e-03
7.6999997e-05   -3.8277907e-03
3.7100000e-04   -7.3910099e-03
1.0810000e-03   -1.2218636e-02
2.3530000e-03   -1.7622784e-02
4.1880002e-03   -2.3551181e-02
6.5850001e-03   -2.9831095e-02
9.5760003e-03   -3.6065664e-02
1.3145000e-02   -4.1618168e-02
1.7281000e-02   -4.6693161e-02
2.1983000e-02   -5.0528742e-02
2.7232001e-02   -5.4252420e-02
3.3016000e-02   -5.7285279e-02
3.9328001e-02   -6.0212895e-02
4.6151999e-02   -6.3085534e-02
5.3475998e-02   -6.5058060e-02
6.1287001e-02   -6.6971079e-02
6.9568001e-02   -6.8552367e-02
7.8308001e-02   -6.9630995e-02
8.7494999e-02   -7.0598602e-02
9.7115003e-02   -7.1242020e-02
1.0715700e-01   -7.1289271e-02
1.1760800e-01   -7.1585216e-02
1.2845400e-01   -7.1357168e-02
1.3968299e-01   -7.0804551e-02
1.5128200e-01   -7.0064835e-02
1.6323499e-01   -6.9233395e-02
1.7553200e-01   -6.7721672e-02
1.8815701e-01   -6.6149496e-02
2.0109700e-01   -6.4857706e-02
2.1433701e-01   -6.2914230e-02
2.2786400e-01   -6.1037797e-02
2.4166299e-01   -5.9190940e-02
2.5571901e-01   -5.7420354e-02
2.7001700e-01   -5.5694997e-02
2.8454199e-01   -5.3250819e-02
2.9927999e-01   -5.1205538e-02
3.1421500e-01   -4.9490903e-02
3.2933101e-01   -4.7305182e-02
3.4461299e-01   -4.4908192e-02
3.6004499e-01   -4.2780921e-02
3.7561101e-01   -4.0843371e-02
3.9129600e-01   -3.8894992e-02
4.0708300e-01   -3.6914703e-02
4.2295700e-01   -3.5281818e-02
4.3890101e-01   -3.3507593e-02
4.5489901e-01   -3.1823177e-02
4.7093499e-01   -2.9850718e-02
4.8699200e-01   -2.7911635e-02
5.0305498e-01   -2.6062110e-02
5.1910698e-01   -2.4203595e-02
5.3513199e-01   -2.2782238e-02
5.5111402e-01   -2.1233868e-02
5.6703597e-01   -1.9685727e-02
5.8288401e-01   -1.8688299e-02
5.9864002e-01   -1.6560582e-02
6.1429000e-01   -1.5414403e-02
6.2981701e-01   -1.4531238e-02
6.4520597e-01   -1.3036675e-02
6.6044199e-01   -1.1762598e-02
6.7550898e-01   -1.0963965e-02
6.9039297e-01   -9.7701196e-03
7.0507699e-01   -9.0852752e-03
7.1954900e-01   -7.9281908e-03
7.3379302e-01   -7.1748085e-03
7.4779499e-01   -6.4809308e-03
7.6154202e-01   -5.4919389e-03
7.7501899e-01   -4.6066856e-03
7.8821403e-01   -4.5793965e-03
8.0111301e-01   -3.4628299e-03
8.1370401e-01   -3.2470913e-03
8.2597297e-01   -2.9204553e-03
8.3791000e-01   -2.8590111e-03
8.4950101e-01   -2.3040636e-03
8.6073500e-01   -2.2688152e-03
8.7160099e-01   -2.1122673e-03
8.8208801e-01   -1.8663915e-03
8.9218402e-01   -1.8223132e-03
9.0188003e-01   -1.8995288e-03
9.1116500e-01   -1.7959260e-03
9.2003101e-01   -1.6654454e-03
9.2846799e-01   -1.8546495e-03
9.3646699e-01   -1.9172179e-03
9.4401902e-01   -1.6996723e-03
9.5111603e-01   -1.7392231e-03
9.5775098e-01   -1.4088678e-03
9.6392000e-01   -1.2442418e-03
9.6961600e-01   -1.2272055e-03
9.7483599e-01   -1.0972058e-03
9.7957498e-01   -9.4003807e-04
9.8383099e-01   -8.3427568e-04
9.8759800e-01   -8.4394828e-04
9.9087399e-01   -8.9478132e-04
9.9365300e-01   -7.9550390e-04
9.9593401e-01   -6.6503405e-04
9.9771100e-01   -8.2376477e-04
9.9898201e-01   -5.9183565e-04
9.9974501e-01   -7.4934366e-04
1.0000000e+00   -6.1999558e-04
