1.0000000e+00   2.5962775e-03
9.9974501e-01   2.6097966e-03
9.9898201e-01   2.8859121e-03
9.9771100e-01   3.4360206e-03
9.9593300e-01   4.3664873e-03
9.9365300e-01   5.4434892e-03
9.9087399e-01   6.6989744e-03
9.8759800e-01   8.1221033e-03
9.8382998e-01   9.9038091e-03
9.7957498e-01   1.1929164e-02
9.7483599e-01   1.4283785e-02
9.6961600e-01   1.6795570e-02
9.6392000e-01   1.9339403e-02
9.5775098e-01   2.2346556e-02
9.5111603e-01   2.5479760e-02
9.4401902e-01   2.8743837e-02
9.3646699e-01   3.2294188e-02
9.2846799e-01   3.6376327e-02
9.2003101e-01   4.0157899e-02
9.1116500e-01   4.4372372e-02
9.0187901e-01   4.8530988e-02
8.9218301e-01   5.3279124e-02
8.8208699e-01   5.7964649e-02
8.7160099e-01   6.2940143e-02
8.6073500e-01   6.8095133e-02
8.4950101e-01   7.3462732e-02
8.3791000e-01   7.8641266e-02
8.2597399e-01   8.4080145e-02
8.1370401e-01   8.9896210e-02
8.0111301e-01   9.5833756e-02
7.8821403e-01   1.0160905e-01
7.7501899e-01   1.0773393e-01
7.6154101e-01   1.1369461e-01
7.4779499e-01   1.1944067e-01
7.3379201e-01   1.2554120e-01
7.1954799e-01   1.3165355e-01
7.0507699e-01   1.3768461e-01
6.9039202e-01   1.4363627e-01
6.7550898e-01   1.4936464e-01
6.6044199e-01   1.5516677e-01
6.4520597e-01   1.6084707e-01
6.2981701e-01   1.6648129e-01
6.1429000e-01   1.7185876e-01
5.9864002e-01   1.7716052e-01
5.8288401e-01   1.8197575e-01
5.6703597e-01   1.8703970e-01
5.5111301e-01   1.9159186e-01
5.3513098e-01   1.9609594e-01
5.1910597e-01   2.0044200e-01
5.0305402e-01   2.0492120e-01
4.8699099e-01   2.0835480e-01
4.7093400e-01   2.1166354e-01
4.5489800e-01   2.1513297e-01
4.3889999e-01   2.1749905e-01
4.2295599e-01   2.2039384e-01
4.0708300e-01   2.2222777e-01
3.9129499e-01   2.2449394e-01
3.7560999e-01   2.2600225e-01
3.6004400e-01   2.2685052e-01
3.4461200e-01   2.2747838e-01
3.2933000e-01   2.2742051e-01
3.1421301e-01   2.2755170e-01
2.9927900e-01   2.2671925e-01
2.8454101e-01   2.2561474e-01
2.7001500e-01   2.2421198e-01
2.5571701e-01   2.2223651e-01
2.4166100e-01   2.1939477e-01
2.2786200e-01   2.1693978e-01
2.1433599e-01   2.1334927e-01
2.0109500e-01   2.0938855e-01
1.8815500e-01   2.0527995e-01
1.7553000e-01   2.0035771e-01
1.6323400e-01   1.9541958e-01
1.5128000e-01   1.8951660e-01
1.3968100e-01   1.8342353e-01
1.2845200e-01   1.7684032e-01
1.1760600e-01   1.6976510e-01
1.0715500e-01   1.6251799e-01
9.7112998e-02   1.5486881e-01
8.7493002e-02   1.4683868e-01
7.8305997e-02   1.3838074e-01
6.9565997e-02   1.2938029e-01
6.1285000e-02   1.2064779e-01
5.3474002e-02   1.1147761e-01
4.6149999e-02   1.0223657e-01
3.9326001e-02   9.2949606e-02
3.3013999e-02   8.3804734e-02
2.7230000e-02   7.4616335e-02
2.1980001e-02   6.5488674e-02
1.7277000e-02   5.6325331e-02
1.3141000e-02   4.7530666e-02
9.5729996e-03   3.9055567e-02
6.5830001e-03   3.0887323e-02
4.1880002e-03   2.3302348e-02
2.3540000e-03   1.6577754e-02
1.0810000e-03   1.0635130e-02
3.7100000e-04   5.7378747e-03
7.6999997e-05   2.0618320e-03
4.9999999e-06   -9.1618858e-05
0.0000000e+00   -7.8361976e-04
4.9999999e-06   -1.4557197e-03
7.6999997e-05   -3.6064354e-03
3.7100000e-04   -7.0458888e-03
1.0810000e-03   -1.1457251e-02
2.3530000e-03   -1.6200488e-02
4.1880002e-03   -2.0927284e-02
6.5850001e-03   -2.5228182e-02
9.5760003e-03   -2.9212464e-02
1.3145000e-02   -3.2605387e-02
1.7281000e-02   -3.5194334e-02
2.1983000e-02   -3.7670709e-02
2.7232001e-02   -3.9508790e-02
3.3016000e-02   -4.1442174e-02
3.9328001e-02   -4.3056291e-02
4.6151999e-02   -4.4452045e-02
5.3475998e-02   -4.5609761e-02
6.1287001e-02   -4.6778206e-02
6.9568001e-02   -4.7910728e-02
7.8308001e-02   -4.8615646e-02
8.7494999e-02   -4.9045935e-02
9.7115003e-02   -4.9351621e-02
1.0715700e-01   -4.9899191e-02
1.1760800e-01   -4.9762979e-02
1.2845400e-01   -4.9690239e-02
1.3968299e-01   -4.9272735e-02
1.5128200e-01   -4.8638575e-02
1.6323499e-01   -4.8356190e-02
1.7553200e-01   -4.7694493e-02
1.8815701e-01   -4.6907920e-02
2.0109700e-01   -4.5781638e-02
2.1433701e-01   -4.4901282e-02
2.2786400e-01   -4.3906011e-02
2.4166299e-01   -4.2875495e-02
2.5571901e-01   -4.1844480e-02
2.7001700e-01   -4.0681437e-02
2.8454199e-01   -4.0210482e-02
2.9927999e-01   -3.8688347e-02
3.1421500e-01   -3.7457183e-02
3.2933101e-01   -3.6791246e-02
3.4461299e-01   -3.5690453e-02
3.6004499e-01   -3.4157544e-02
3.7561101e-01   -3.3303574e-02
3.9129600e-01   -3.2028217e-02
4.0708300e-01   -3.0855529e-02
4.2295700e-01   -2.9707674e-02
4.3890101e-01   -2.8680734e-02
4.5489901e-01   -2.7700774e-02
4.7093499e-01   -2.6762702e-02
4.8699200e-01   -2.5578517e-02
5.0305498e-01   -2.4772752e-02
5.1910698e-01   -2.3915762e-02
5.3513199e-01   -2.2776579e-02
5.5111402e-01   -2.1674657e-02
5.6703597e-01   -2.0973839e-02
5.8288401e-01   -1.9713348e-02
5.9864002e-01   -1.9225322e-02
6.1429000e-01   -1.8151511e-02
6.2981701e-01   -1.7429668e-02
6.4520597e-01   -1.6361397e-02
6.6044199e-01   -1.5880236e-02
6.7550898e-01   -1.5034106e-02
6.9039297e-01   -1.4501154e-02
7.0507699e-01   -1.3850068e-02
7.1954900e-01   -1.2856788e-02
7.3379302e-01   -1.2245818e-02
7.4779499e-01   -1.1496065e-02
7.6154202e-01   -1.0879184e-02
7.7501899e-01   -9.9986400e-03
7.8821403e-01   -9.3676541e-03
8.0111301e-01   -8.7343715e-03
8.1370401e-01   -8.1599019e-03
8.2597297e-01   -7.1391091e-03
8.3791000e-01   -6.8315286e-03
8.4950101e-01   -6.1488254e-03
8.6073500e-01   -5.5019860e-03
8.7160099e-01   -5.4614726e-03
8.8208801e-01   -5.0629550e-03
8.9218402e-01   -4.5636203e-03
9.0188003e-01   -4.1989326e-03
9.1116500e-01   -4.2994670e-03
9.2003101e-01   -3.9911373e-03
9.2846799e-01   -3.7687037e-03
9.3646699e-01   -3.5417206e-03
9.4401902e-01   -3.3843755e-03
9.5111603e-01   -3.3751575e-03
9.5775098e-01   -3.3580384e-03
9.6392000e-01   -3.1967035e-03
9.6961600e-01   -2.8588327e-03
9.7483599e-01   -2.6279911e-03
9.7957498e-01   -2.4291065e-03
9.8383099e-01   -2.3140777e-03
9.8759800e-01   -2.0233970e-03
9.9087399e-01   -2.0174952e-03
9.9365300e-01   -1.9332020e-03
9.9593401e-01   -1.8290631e-03
9.9771100e-01   -1.7953345e-03
9.9898201e-01   -1.7890830e-03
9.9974501e-01   -1.5762461e-03
1.0000000e+00   -1.6020746e-03
