1.0000000e+00   1.1595524e-02
9.9974501e-01   1.1952876e-02
9.9898201e-01   1.3013355e-02
9.9771100e-01   1.4703633e-02
9.9593300e-01   1.6967576e-02
9.9365300e-01   1.9910460e-02
9.9087399e-01   2.3577727e-02
9.8759800e-01   2.7896160e-02
9.8382998e-01   3.2846350e-02
9.7957498e-01   3.8414311e-02
9.7483599e-01   4.4538993e-02
9.6961600e-01   5.1205121e-02
9.6392000e-01   5.8436677e-02
9.5775098e-01   6.6243939e-02
9.5111603e-01   7.4609727e-02
9.4401902e-01   8.3498627e-02
9.3646699e-01   9.2872560e-02
9.2846799e-01   1.0269593e-01
9.2003101e-01   1.1295687e-01
9.1116500e-01   1.2362250e-01
9.0187901e-01   1.3470937e-01
8.9218301e-01   1.4616619e-01
8.8208699e-01   1.5793204e-01
8.7160099e-01   1.6999675e-01
8.6073500e-01   1.8231709e-01
8.4950101e-01   1.9483642e-01
8.3791000e-01   2.0758620e-01
8.2597399e-01   2.2053580e-01
8.1370401e-01   2.3360738e-01
8.0111301e-01   2.4680890e-01
7.8821403e-01   2.6013279e-01
7.7501899e-01   2.7357987e-01
7.6154101e-01   2.8712651e-01
7.4779499e-01   3.0070636e-01
7.3379201e-01   3.1428307e-01
7.1954799e-01   3.2781002e-01
7.0507699e-01   3.4125525e-01
6.9039202e-01   3.5462478e-01
6.7550898e-01   3.6787102e-01
6.6044199e-01   3.8091144e-01
6.4520597e-01   3.9369342e-01
6.2981701e-01   4.0618968e-01
6.1429000e-01   4.1835338e-01
5.9864002e-01   4.3014324e-01
5.8288401e-01   4.4150549e-01
5.6703597e-01   4.5238364e-01
5.5111301e-01   4.6271956e-01
5.3513098e-01   4.7242406e-01
5.1910597e-01   4.8143142e-01
5.0305402e-01   4.8969865e-01
4.8699099e-01   4.9720287e-01
4.7093400e-01   5.0389564e-01
4.5489800e-01   5.0977015e-01
4.3889999e-01   5.1481396e-01
4.2295599e-01   5.1903307e-01
4.0708300e-01   5.2238560e-01
3.9129499e-01   5.2486354e-01
3.7560999e-01   5.2646768e-01
3.6004400e-01   5.2720010e-01
3.4461200e-01   5.2704698e-01
3.2933000e-01   5.2600831e-01
3.1421301e-01   5.2404678e-01
2.9927900e-01   5.2111650e-01
2.8454101e-01   5.1714373e-01
2.7001500e-01   5.1206070e-01
2.5571701e-01   5.0577378e-01
2.4166100e-01   4.9831080e-01
2.2786200e-01   4.8962361e-01
2.1433599e-01   4.7950348e-01
2.0109500e-01   4.6812707e-01
1.8815500e-01   4.5555755e-01
1.7553000e-01   4.4178528e-01
1.6323400e-01   4.2692336e-01
1.5128000e-01   4.1103497e-01
1.3968100e-01   3.9419657e-01
1.2845200e-01   3.7650034e-01
1.1760600e-01   3.5798591e-01
1.0715500e-01   3.3873096e-01
9.7112998e-02   3.1888518e-01
8.7493002e-02   2.9852602e-01
7.8305997e-02   2.7776220e-01
6.9565997e-02   2.5667885e-01
6.1285000e-02   2.3530801e-01
5.3474002e-02   2.1371542e-01
4.6149999e-02   1.9212988e-01
3.9326001e-02   1.7091498e-01
3.3013999e-02   1.5041585e-01
2.7230000e-02   1.3098499e-01
2.1980001e-02   1.1278462e-01
1.7277000e-02   9.5251128e-02
1.3141000e-02   7.8359030e-02
9.5729996e-03   6.2631339e-02
6.5830001e-03   4.8481248e-02
4.1880002e-03   3.6054064e-02
2.3540000e-03   2.5472267e-02
1.0810000e-03   1.6703650e-02
3.7100000e-04   9.7975023e-03
7.6999997e-05   4.8084371e-03
4.9999999e-06   1.7888584e-03
0.0000000e+00   7.7786885e-04
4.9999999e-06   -1.8163840e-04
7.6999997e-05   -3.0472020e-03
3.7100000e-04   -7.7363430e-03
1.0810000e-03   -1.4112888e-02
2.3530000e-03   -2.1902204e-02
4.1880002e-03   -3.0738007e-02
6.5850001e-03   -4.0322103e-02
9.5760003e-03   -5.0916079e-02
1.3145000e-02   -6.2488746e-02
1.7281000e-02   -7.2985493e-02
2.1983000e-02   -8.1726886e-02
2.7232001e-02   -8.9019634e-02
3.3016000e-02   -9.5238090e-02
3.9328001e-02   -1.0062782e-01
4.6151999e-02   -1.0535562e-01
5.3475998e-02   -1.0962674e-01
6.1287001e-02   -1.1352336e-01
6.9568001e-02   -1.1697037e-01
7.8308001e-02   -1.2002420e-01
8.7494999e-02   -1.2274528e-01
9.7115003e-02   -1.2497280e-01
1.0715700e-01   -1.2663753e-01
1.1760800e-01   -1.2780228e-01
1.2845400e-01   -1.2848189e-01
1.3968299e-01   -1.2863693e-01
1.5128200e-01   -1.2829530e-01
1.6323499e-01   -1.2757528e-01
1.7553200e-01   -1.2652113e-01
1.8815701e-01   -1.2512690e-01
2.0109700e-01   -1.2347634e-01
2.1433701e-01   -1.2161681e-01
2.2786400e-01   -1.1945738e-01
2.4166299e-01   -1.1707636e-01
2.5571901e-01   -1.1459520e-01
2.7001700e-01   -1.1206210e-01
2.8454199e-01   -1.0951188e-01
2.9927999e-01   -1.0699174e-01
3.1421500e-01   -1.0456840e-01
3.2933101e-01   -1.0227506e-01
3.4461299e-01   -1.0011710e-01
3.6004499e-01   -9.8117858e-02
3.7561101e-01   -9.6307315e-02
3.9129600e-01   -9.4704248e-02
4.0708300e-01   -9.3309358e-02
4.2295700e-01   -9.2117444e-02
4.3890101e-01   -9.1125354e-02
4.5489901e-01   -9.0325050e-02
4.7093499e-01   -8.9679956e-02
4.8699200e-01   -8.9164123e-02
5.0305498e-01   -8.8762090e-02
5.1910698e-01   -8.8432819e-02
5.3513199e-01   -8.8141091e-02
5.5111402e-01   -8.7870076e-02
5.6703597e-01   -8.7590262e-02
5.8288401e-01   -8.7248608e-02
5.9864002e-01   -8.6830951e-02
6.1429000e-01   -8.6352296e-02
6.2981701e-01   -8.5826829e-02
6.4520597e-01   -8.5211039e-02
6.6044199e-01   -8.4465295e-02
6.7550898e-01   -8.3577223e-02
6.9039297e-01   -8.2569011e-02
7.0507699e-01   -8.1455156e-02
7.1954900e-01   -8.0229521e-02
7.3379302e-01   -7.8848913e-02
7.4779499e-01   -7.7344939e-02
7.6154202e-01   -7.5716212e-02
7.7501899e-01   -7.3993869e-02
7.8821403e-01   -7.2130844e-02
8.0111301e-01   -7.0117958e-02
8.1370401e-01   -6.7918546e-02
8.2597297e-01   -6.5495759e-02
8.3791000e-01   -6.2872700e-02
8.4950101e-01   -6.0092170e-02
8.6073500e-01   -5.7191722e-02
8.7160099e-01   -5.4227166e-02
8.8208801e-01   -5.1252026e-02
8.9218402e-01   -4.8298042e-02
9.0188003e-01   -4.5380279e-02
9.1116500e-01   -4.2497654e-02
9.2003101e-01   -3.9626658e-02
9.2846799e-01   -3.6737949e-02
9.3646699e-01   -3.3793095e-02
9.4401902e-01   -3.0804619e-02
9.5111603e-01   -2.7797662e-02
9.5775098e-01   -2.4794247e-02
9.6392000e-01   -2.1796422e-02
9.6961600e-01   -1.8785505e-02
9.7483599e-01   -1.5785988e-02
9.7957498e-01   -1.2910929e-02
9.8383099e-01   -1.0239923e-02
9.8759800e-01   -7.7167717e-03
9.9087399e-01   -5.3744339e-03
9.9365300e-01   -3.3825191e-03
9.9593401e-01   -1.8485372e-03
9.9771100e-01   -6.7640643e-04
9.9898201e-01   2.4005398e-04
9.9974501e-01   8.2832371e-04
1.0000000e+00   1.0253690e-03
