1.0000000e+00   1.1405386e-03
9.9974501e-01   1.3615550e-03
9.9898201e-01   1.9663442e-03
9.9771100e-01   3.1146826e-03
9.9593300e-01   4.5557795e-03
9.9365300e-01   6.8379543e-03
9.9087399e-01   9.4327461e-03
9.8759800e-01   1.2345811e-02
9.8382998e-01   1.5720896e-02
9.7957498e-01   1.9243889e-02
9.7483599e-01   2.3755550e-02
9.6961600e-01   2.8316973e-02
9.6392000e-01   3.3445504e-02
9.5775098e-01   3.8941499e-02
9.5111603e-01   4.4716991e-02
9.4401902e-01   5.0857779e-02
9.3646699e-01   5.7214655e-02
9.2846799e-01   6.3682608e-02
9.2003101e-01   7.0908532e-02
9.1116500e-01   7.8067236e-02
9.0187901e-01   8.5438140e-02
8.9218301e-01   9.3156576e-02
8.8208699e-01   1.0102646e-01
8.7160099e-01   1.0922784e-01
8.6073500e-01   1.1797268e-01
8.4950101e-01   1.2643406e-01
8.3791000e-01   1.3548633e-01
8.2597399e-01   1.4394684e-01
8.1370401e-01   1.5285496e-01
8.0111301e-01   1.6291820e-01
7.8821403e-01   1.7162678e-01
7.7501899e-01   1.8119264e-01
7.6154101e-01   1.9118121e-01
7.4779499e-01   2.0064792e-01
7.3379201e-01   2.1031430e-01
7.1954799e-01   2.1966937e-01
7.0507699e-01   2.2952890e-01
6.9039202e-01   2.3865548e-01
6.7550898e-01   2.4791287e-01
6.6044199e-01   2.5768483e-01
6.4520597e-01   2.6643932e-01
6.2981701e-01   2.7538550e-01
6.1429000e-01   2.8443059e-01
5.9864002e-01   2.9314241e-01
5.8288401e-01   3.0118367e-01
5.6703597e-01   3.0887809e-01
5.5111301e-01   3.1623334e-01
5.3513098e-01   3.2352784e-01
5.1910597e-01   3.3000252e-01
5.0305402e-01   3.3625582e-01
4.8699099e-01   3.4203991e-01
4.7093400e-01   3.4736407e-01
4.5489800e-01   3.5122526e-01
4.3889999e-01   3.5535175e-01
4.2295599e-01   3.5823449e-01
4.0708300e-01   3.6084431e-01
3.9129499e-01   3.6324033e-01
3.7560999e-01   3.6446583e-01
3.6004400e-01   3.6507201e-01
3.4461200e-01   3.6444506e-01
3.2933000e-01   3.6342266e-01
3.1421301e-01   3.6201143e-01
2.9927900e-01   3.5931051e-01
2.8454101e-01   3.5573679e-01
2.7001500e-01   3.5185426e-01
2.5571701e-01   3.4683225e-01
2.4166100e-01   3.4101951e-01
2.2786200e-01   3.3444372e-01
2.1433599e-01   3.2761851e-01
2.0109500e-01   3.1944311e-01
1.8815500e-01   3.1067732e-01
1.7553000e-01   3.0124736e-01
1.6323400e-01   2.9099455e-01
1.5128000e-01   2.8041589e-01
1.3968100e-01   2.6898363e-01
1.2845200e-01   2.5748235e-01
1.1760600e-01   2.4485891e-01
1.0715500e-01   2.3200569e-01
9.7112998e-02   2.1915145e-01
8.7493002e-02   2.0582649e-01
7.8305997e-02   1.9240552e-01
6.9565997e-02   1.7869087e-01
6.1285000e-02   1.6479012e-01
5.3474002e-02   1.5075637e-01
4.6149999e-02   1.3714200e-01
3.9326001e-02   1.2338724e-01
3.3013999e-02   1.1001725e-01
2.7230000e-02   9.6647725e-02
2.1980001e-02   8.3613820e-02
1.7277000e-02   7.0920959e-02
1.3141000e-02   5.8943249e-02
9.5729996e-03   4.7796682e-02
6.5830001e-03   3.7341077e-02
4.1880002e-03   2.8028775e-02
2.3540000e-03   2.0055141e-02
1.0810000e-03   1.3505695e-02
3.7100000e-04   7.9966392e-03
7.6999997e-05   4.2340863e-03
4.9999999e-06   1.7998772e-03
0.0000000e+00   1.0757681e-03
4.9999999e-06   4.2934340e-04
7.6999997e-05   -1.8627747e-03
3.7100000e-04   -5.3799106e-03
1.0810000e-03   -1.0387356e-02
2.3530000e-03   -1.6515769e-02
4.1880002e-03   -2.3481928e-02
6.5850001e-03   -3.1425711e-02
9.5760003e-03   -3.9640520e-02
1.3145000e-02   -4.7641840e-02
1.7281000e-02   -5.5186916e-02
2.1983000e-02   -6.2102914e-02
2.7232001e-02   -6.8867058e-02
3.3016000e-02   -7.4692339e-02
3.9328001e-02   -8.0205090e-02
4.6151999e-02   -8.5069641e-02
5.3475998e-02   -8.9642018e-02
6.1287001e-02   -9.3581021e-02
6.9568001e-02   -9.7222902e-02
7.8308001e-02   -1.0067520e-01
8.7494999e-02   -1.0298478e-01
9.7115003e-02   -1.0508041e-01
1.0715700e-01   -1.0692531e-01
1.1760800e-01   -1.0819566e-01
1.2845400e-01   -1.0964369e-01
1.3968299e-01   -1.0998380e-01
1.5128200e-01   -1.1058445e-01
1.6323499e-01   -1.1081492e-01
1.7553200e-01   -1.1049782e-01
1.8815701e-01   -1.0949753e-01
2.0109700e-01   -1.0859223e-01
2.1433701e-01   -1.0736421e-01
2.2786400e-01   -1.0584339e-01
2.4166299e-01   -1.0410144e-01
2.5571901e-01   -1.0219979e-01
2.7001700e-01   -9.9824511e-02
2.8454199e-01   -9.7070783e-02
2.9927999e-01   -9.4308309e-02
3.1421500e-01   -9.1377057e-02
3.2933101e-01   -8.8037610e-02
3.4461299e-01   -8.4544614e-02
3.6004499e-01   -8.1663467e-02
3.7561101e-01   -7.7624507e-02
3.9129600e-01   -7.4184202e-02
4.0708300e-01   -7.1190171e-02
4.2295700e-01   -6.7132056e-02
4.3890101e-01   -6.3700043e-02
4.5489901e-01   -5.9954621e-02
4.7093499e-01   -5.6107998e-02
4.8699200e-01   -5.2962031e-02
5.0305498e-01   -4.8990272e-02
5.1910698e-01   -4.5441441e-02
5.3513199e-01   -4.1488010e-02
5.5111402e-01   -3.8145475e-02
5.6703597e-01   -3.4684263e-02
5.8288401e-01   -3.1386063e-02
5.9864002e-01   -2.8139951e-02
6.1429000e-01   -2.4854658e-02
6.2981701e-01   -2.2042328e-02
6.4520597e-01   -1.9247167e-02
6.6044199e-01   -1.6370045e-02
6.7550898e-01   -1.4191289e-02
6.9039297e-01   -1.2191187e-02
7.0507699e-01   -9.9093616e-03
7.1954900e-01   -7.6200250e-03
7.3379302e-01   -5.7242112e-03
7.4779499e-01   -3.8168859e-03
7.6154202e-01   -2.4201786e-03
7.7501899e-01   -6.5374922e-04
7.8821403e-01   7.9431181e-04
8.0111301e-01   1.6451612e-03
8.1370401e-01   2.4547733e-03
8.2597297e-01   3.1790514e-03
8.3791000e-01   4.1403924e-03
8.4950101e-01   4.4817477e-03
8.6073500e-01   5.0767316e-03
8.7160099e-01   5.3526387e-03
8.8208801e-01   5.1180040e-03
8.9218402e-01   5.6797056e-03
9.0188003e-01   5.4264944e-03
9.1116500e-01   5.3516813e-03
9.2003101e-01   5.1553417e-03
9.2846799e-01   4.7511812e-03
9.3646699e-01   4.4737845e-03
9.4401902e-01   4.4926628e-03
9.5111603e-01   3.7454546e-03
9.5775098e-01   3.0904252e-03
9.6392000e-01   2.8176752e-03
9.6961600e-01   2.1352987e-03
9.7483599e-01   1.5322760e-03
9.7957498e-01   9.7303098e-04
9.8383099e-01   1.6727713e-04
9.8759800e-01   -3.7175065e-04
9.9087399e-01   -8.1698695e-04
9.9365300e-01   -1.1635665e-03
9.9593401e-01   -1.3593949e-03
9.9771100e-01   -1.6703183e-03
9.9898201e-01   -1.8569117e-03
9.9974501e-01   -1.9208498e-03
1.0000000e+00   -1.9149904e-03
