1.0000000e+00   -1.9944060e-05
9.9974501e-01   3.9741720e-04
9.9898201e-01   1.4238460e-03
9.9771100e-01   2.9847911e-03
9.9593300e-01   5.1034987e-03
9.9365300e-01   7.8737019e-03
9.9087399e-01   1.1199294e-02
9.8759800e-01   1.5214685e-02
9.8382998e-01   1.9809401e-02
9.7957498e-01   2.4882432e-02
9.7483599e-01   3.0514892e-02
9.6961600e-01   3.6415495e-02
9.6392000e-01   4.2796187e-02
9.5775098e-01   4.9383003e-02
9.5111603e-01   5.6536198e-02
9.4401902e-01   6.3947618e-02
9.3646699e-01   7.1928911e-02
9.2846799e-01   8.0411747e-02
9.2003101e-01   8.9061625e-02
9.1116500e-01   9.8111048e-02
9.0187901e-01   1.0765593e-01
8.9218301e-01   1.1726805e-01
8.8208699e-01   1.2722273e-01
8.7160099e-01   1.3768040e-01
8.6073500e-01   1.4849077e-01
8.4950101e-01   1.5951681e-01
8.3791000e-01   1.7090099e-01
8.2597399e-01   1.8240409e-01
8.1370401e-01   1.9433975e-01
8.0111301e-01   2.0631437e-01
7.8821403e-01   2.1836212e-01
7.7501899e-01   2.3066226e-01
7.6154101e-01   2.4297392e-01
7.4779499e-01   2.5539392e-01
7.3379201e-01   2.6760638e-01
7.1954799e-01   2.8024668e-01
7.0507699e-01   2.9243830e-01
6.9039202e-01   3.0466011e-01
6.7550898e-01   3.1693152e-01
6.6044199e-01   3.2908788e-01
6.4520597e-01   3.4082997e-01
6.2981701e-01   3.5240304e-01
6.1429000e-01   3.6343175e-01
5.9864002e-01   3.7424579e-01
5.8288401e-01   3.8468772e-01
5.6703597e-01   3.9429805e-01
5.5111301e-01   4.0341684e-01
5.3513098e-01   4.1204908e-01
5.1910597e-01   4.2027712e-01
5.0305402e-01   4.2766505e-01
4.8699099e-01   4.3446556e-01
4.7093400e-01   4.4039735e-01
4.5489800e-01   4.4551334e-01
4.3889999e-01   4.4974923e-01
4.2295599e-01   4.5312425e-01
4.0708300e-01   4.5553407e-01
3.9129499e-01   4.5711371e-01
3.7560999e-01   4.5802933e-01
3.6004400e-01   4.5770970e-01
3.4461200e-01   4.5683426e-01
3.2933000e-01   4.5502961e-01
3.1421301e-01   4.5205086e-01
2.9927900e-01   4.4825366e-01
2.8454101e-01   4.4373733e-01
2.7001500e-01   4.3799528e-01
2.5571701e-01   4.3152925e-01
2.4166100e-01   4.2423666e-01
2.2786200e-01   4.1636595e-01
2.1433599e-01   4.0735897e-01
2.0109500e-01   3.9712015e-01
1.8815500e-01   3.8635427e-01
1.7553000e-01   3.7455669e-01
1.6323400e-01   3.6211386e-01
1.5128000e-01   3.4875557e-01
1.3968100e-01   3.3481595e-01
1.2845200e-01   3.2038194e-01
1.1760600e-01   3.0534872e-01
1.0715500e-01   2.8957951e-01
9.7112998e-02   2.7406362e-01
8.7493002e-02   2.5771913e-01
7.8305997e-02   2.4106844e-01
6.9565997e-02   2.2398287e-01
6.1285000e-02   2.0687570e-01
5.3474002e-02   1.8968548e-01
4.6149999e-02   1.7248771e-01
3.9326001e-02   1.5528625e-01
3.3013999e-02   1.3836050e-01
2.7230000e-02   1.2176427e-01
2.1980001e-02   1.0548574e-01
1.7277000e-02   8.9928366e-02
1.3141000e-02   7.4878067e-02
9.5729996e-03   6.0492519e-02
6.5830001e-03   4.7105942e-02
4.1880002e-03   3.5133176e-02
2.3540000e-03   2.4652712e-02
1.0810000e-03   1.5993975e-02
3.7100000e-04   8.9341952e-03
7.6999997e-05   4.0122904e-03
4.9999999e-06   9.8689843e-04
0.0000000e+00   4.8171123e-06
4.9999999e-06   -9.1449794e-04
7.6999997e-05   -3.8784770e-03
3.7100000e-04   -8.3869621e-03
1.0810000e-03   -1.4676386e-02
2.3530000e-03   -2.2213567e-02
4.1880002e-03   -3.0929178e-02
6.5850001e-03   -3.9698586e-02
9.5760003e-03   -4.8496805e-02
1.3145000e-02   -5.7032596e-02
1.7281000e-02   -6.4972937e-02
2.1983000e-02   -7.2242700e-02
2.7232001e-02   -7.9282403e-02
3.3016000e-02   -8.5605085e-02
3.9328001e-02   -9.1427036e-02
4.6151999e-02   -9.7273983e-02
5.3475998e-02   -1.0248364e-01
6.1287001e-02   -1.0709915e-01
6.9568001e-02   -1.1150765e-01
7.8308001e-02   -1.1547026e-01
8.7494999e-02   -1.1917692e-01
9.7115003e-02   -1.2222807e-01
1.0715700e-01   -1.2525938e-01
1.1760800e-01   -1.2777129e-01
1.2845400e-01   -1.3015145e-01
1.3968299e-01   -1.3182043e-01
1.5128200e-01   -1.3318235e-01
1.6323499e-01   -1.3424407e-01
1.7553200e-01   -1.3503049e-01
1.8815701e-01   -1.3548909e-01
2.0109700e-01   -1.3544796e-01
2.1433701e-01   -1.3505815e-01
2.2786400e-01   -1.3521864e-01
2.4166299e-01   -1.3480553e-01
2.5571901e-01   -1.3371888e-01
2.7001700e-01   -1.3301449e-01
2.8454199e-01   -1.3146883e-01
2.9927999e-01   -1.2990314e-01
3.1421500e-01   -1.2822098e-01
3.2933101e-01   -1.2662441e-01
3.4461299e-01   -1.2449457e-01
3.6004499e-01   -1.2199652e-01
3.7561101e-01   -1.1941618e-01
3.9129600e-01   -1.1664730e-01
4.0708300e-01   -1.1378661e-01
4.2295700e-01   -1.1060035e-01
4.3890101e-01   -1.0757826e-01
4.5489901e-01   -1.0412870e-01
4.7093499e-01   -1.0054436e-01
4.8699200e-01   -9.7015560e-02
5.0305498e-01   -9.3367681e-02
5.1910698e-01   -8.9645118e-02
5.3513199e-01   -8.6140282e-02
5.5111402e-01   -8.1973217e-02
5.6703597e-01   -7.8127578e-02
5.8288401e-01   -7.3704824e-02
5.9864002e-01   -6.9375463e-02
6.1429000e-01   -6.4986721e-02
6.2981701e-01   -6.0699258e-02
6.4520597e-01   -5.6368053e-02
6.6044199e-01   -5.2290324e-02
6.7550898e-01   -4.8230030e-02
6.9039297e-01   -4.4159345e-02
7.0507699e-01   -4.0084690e-02
7.1954900e-01   -3.6437280e-02
7.3379302e-01   -3.2714631e-02
7.4779499e-01   -2.9175675e-02
7.6154202e-01   -2.5771437e-02
7.7501899e-01   -2.2758130e-02
7.8821403e-01   -1.9916380e-02
8.0111301e-01   -1.6915672e-02
8.1370401e-01   -1.4144919e-02
8.2597297e-01   -1.1644087e-02
8.3791000e-01   -8.6742751e-03
8.4950101e-01   -6.5096910e-03
8.6073500e-01   -4.4402410e-03
8.7160099e-01   -2.8898243e-03
8.8208801e-01   -1.3896329e-03
8.9218402e-01   -2.8566644e-04
9.0188003e-01   5.8077829e-04
9.1116500e-01   1.4798146e-03
9.2003101e-01   2.0857377e-03
9.2846799e-01   2.5054414e-03
9.3646699e-01   2.8853961e-03
9.4401902e-01   3.0314745e-03
9.5111603e-01   3.1439429e-03
9.5775098e-01   2.9308805e-03
9.6392000e-01   2.7442859e-03
9.6961600e-01   2.3420909e-03
9.7483599e-01   2.1522231e-03
9.7957498e-01   1.8980962e-03
9.8383099e-01   1.5390685e-03
9.8759800e-01   1.1686204e-03
9.9087399e-01   8.3715696e-04
9.9365300e-01   5.1250303e-04
9.9593401e-01   3.0048995e-04
9.9771100e-01   2.2310269e-04
9.9898201e-01   2.0523919e-04
9.9974501e-01   -6.5626125e-05
1.0000000e+00   1.9400441e-05
