1.0000000e+00   3.8494938e-03
9.9974501e-01   3.7166497e-03
9.9898201e-01   4.3376600e-03
9.9771100e-01   5.8869082e-03
9.9593300e-01   7.5635184e-03
9.9365300e-01   9.7134877e-03
9.9087399e-01   1.2422679e-02
9.8759800e-01   1.5530490e-02
9.8382998e-01   1.8800948e-02
9.7957498e-01   2.3236921e-02
9.7483599e-01   2.7531616e-02
9.6961600e-01   3.2496389e-02
9.6392000e-01   3.8152143e-02
9.5775098e-01   4.3781735e-02
9.5111603e-01   5.0389927e-02
9.4401902e-01   5.7087380e-02
9.3646699e-01   6.3993685e-02
9.2846799e-01   7.1397059e-02
9.2003101e-01   7.9507031e-02
9.1116500e-01   8.7381050e-02
9.0187901e-01   9.5916964e-02
8.9218301e-01   1.0457782e-01
8.8208699e-01   1.1343680e-01
8.7160099e-01   1.2306274e-01
8.6073500e-01   1.3255098e-01
8.4950101e-01   1.4156431e-01
8.3791000e-01   1.5207539e-01
8.2597399e-01   1.6157617e-01
8.1370401e-01   1.7244880e-01
8.0111301e-01   1.8284598e-01
7.8821403e-01   1.9326599e-01
7.7501899e-01   2.0384178e-01
7.6154101e-01   2.1483092e-01
7.4779499e-01   2.2577250e-01
7.3379201e-01   2.3639315e-01
7.1954799e-01   2.4773093e-01
7.0507699e-01   2.5888139e-01
6.9039202e-01   2.6945338e-01
6.7550898e-01   2.8005487e-01
6.6044199e-01   2.9045659e-01
6.4520597e-01   3.0048943e-01
6.2981701e-01   3.1069711e-01
6.1429000e-01   3.2067990e-01
5.9864002e-01   3.3037090e-01
5.8288401e-01   3.3972651e-01
5.6703597e-01   3.4849069e-01
5.5111301e-01   3.5715795e-01
5.3513098e-01   3.6504182e-01
5.1910597e-01   3.7296563e-01
5.0305402e-01   3.7973395e-01
4.8699099e-01   3.8644356e-01
4.7093400e-01   3.9209506e-01
4.5489800e-01   3.9784530e-01
4.3889999e-01   4.0257776e-01
4.2295599e-01   4.0589964e-01
4.0708300e-01   4.0896323e-01
3.9129499e-01   4.1084793e-01
3.7560999e-01   4.1213900e-01
3.6004400e-01   4.1265985e-01
3.4461200e-01   4.1228545e-01
3.2933000e-01   4.1133249e-01
3.1421301e-01   4.0843755e-01
2.9927900e-01   4.0645015e-01
2.8454101e-01   4.0176353e-01
2.7001500e-01   3.9714563e-01
2.5571701e-01   3.9165136e-01
2.4166100e-01   3.8537300e-01
2.2786200e-01   3.7828135e-01
2.1433599e-01   3.6941582e-01
2.0109500e-01   3.6013925e-01
1.8815500e-01   3.4989238e-01
1.7553000e-01   3.3910632e-01
1.6323400e-01   3.2703084e-01
1.5128000e-01   3.1417245e-01
1.3968100e-01   3.0130190e-01
1.2845200e-01   2.8705963e-01
1.1760600e-01   2.7262831e-01
1.0715500e-01   2.5739166e-01
9.7112998e-02   2.4223368e-01
8.7493002e-02   2.2589345e-01
7.8305997e-02   2.0989324e-01
6.9565997e-02   1.9375487e-01
6.1285000e-02   1.7732665e-01
5.3474002e-02   1.6108075e-01
4.6149999e-02   1.4513335e-01
3.9326001e-02   1.2905538e-01
3.3013999e-02   1.1369035e-01
2.7230000e-02   9.8924868e-02
2.1980001e-02   8.4562853e-02
1.7277000e-02   7.0979215e-02
1.3141000e-02   5.8260791e-02
9.5729996e-03   4.6141412e-02
6.5830001e-03   3.5575632e-02
4.1880002e-03   2.6196763e-02
2.3540000e-03   1.7948003e-02
1.0810000e-03   1.1285931e-02
3.7100000e-04   6.0099000e-03
7.6999997e-05   1.9996401e-03
4.9999999e-06   -4.1156667e-04
0.0000000e+00   -1.1291701e-03
4.9999999e-06   -1.8581962e-03
7.6999997e-05   -4.0942407e-03
3.7100000e-04   -7.8238593e-03
1.0810000e-03   -1.2659757e-02
2.3530000e-03   -1.8788164e-02
4.1880002e-03   -2.5669621e-02
6.5850001e-03   -3.3291683e-02
9.5760003e-03   -4.1075643e-02
1.3145000e-02   -4.8805855e-02
1.7281000e-02   -5.6256916e-02
2.1983000e-02   -6.2658459e-02
2.7232001e-02   -6.8300195e-02
3.3016000e-02   -7.3901512e-02
3.9328001e-02   -7.8759454e-02
4.6151999e-02   -8.3142042e-02
5.3475998e-02   -8.6956926e-02
6.1287001e-02   -9.0396151e-02
6.9568001e-02   -9.3229227e-02
7.8308001e-02   -9.5469669e-02
8.7494999e-02   -9.7468443e-02
9.7115003e-02   -9.9378295e-02
1.0715700e-01   -1.0050149e-01
1.1760800e-01   -1.0111918e-01
1.2845400e-01   -1.0178479e-01
1.3968299e-01   -1.0184499e-01
1.5128200e-01   -1.0143441e-01
1.6323499e-01   -1.0091705e-01
1.7553200e-01   -9.9595971e-02
1.8815701e-01   -9.8708421e-02
2.0109700e-01   -9.7343467e-02
2.1433701e-01   -9.5525436e-02
2.2786400e-01   -9.3666039e-02
2.4166299e-01   -9.1843382e-02
2.5571901e-01   -8.9652464e-02
2.7001700e-01   -8.7393329e-02
2.8454199e-01   -8.4373847e-02
2.9927999e-01   -8.2888775e-02
3.1421500e-01   -8.0157839e-02
3.2933101e-01   -7.7384114e-02
3.4461299e-01   -7.5230084e-02
3.6004499e-01   -7.2378330e-02
3.7561101e-01   -7.0025049e-02
3.9129600e-01   -6.7733370e-02
4.0708300e-01   -6.6041708e-02
4.2295700e-01   -6.3280180e-02
4.3890101e-01   -6.1203361e-02
4.5489901e-01   -5.9303235e-02
4.7093499e-01   -5.7142057e-02
4.8699200e-01   -5.4906014e-02
5.0305498e-01   -5.2761942e-02
5.1910698e-01   -5.1148959e-02
5.3513199e-01   -4.9011100e-02
5.5111402e-01   -4.6873953e-02
5.6703597e-01   -4.5342501e-02
5.8288401e-01   -4.3142382e-02
5.9864002e-01   -4.1529499e-02
6.1429000e-01   -4.0135551e-02
6.2981701e-01   -3.8559552e-02
6.4520597e-01   -3.6686987e-02
6.6044199e-01   -3.5191193e-02
6.7550898e-01   -3.3889554e-02
6.9039297e-01   -3.2080732e-02
7.0507699e-01   -3.1046923e-02
7.1954900e-01   -2.9368337e-02
7.3379302e-01   -2.8348299e-02
7.4779499e-01   -2.7375726e-02
7.6154202e-01   -2.6052214e-02
7.7501899e-01   -2.4662569e-02
7.8821403e-01   -2.3544110e-02
8.0111301e-01   -2.1948289e-02
8.1370401e-01   -2.0998025e-02
8.2597297e-01   -2.0100158e-02
8.3791000e-01   -1.8867338e-02
8.4950101e-01   -1.7741183e-02
8.6073500e-01   -1.6726308e-02
8.7160099e-01   -1.6113970e-02
8.8208801e-01   -1.5085528e-02
8.9218402e-01   -1.4297695e-02
9.0188003e-01   -1.3390408e-02
9.1116500e-01   -1.2506261e-02
9.2003101e-01   -1.1702801e-02
9.2846799e-01   -1.1435197e-02
9.3646699e-01   -1.0509916e-02
9.4401902e-01   -9.9034617e-03
9.5111603e-01   -9.3640797e-03
9.5775098e-01   -8.7104756e-03
9.6392000e-01   -8.2896734e-03
9.6961600e-01   -7.6487479e-03
9.7483599e-01   -6.9583743e-03
9.7957498e-01   -6.4455755e-03
9.8383099e-01   -6.0063191e-03
9.8759800e-01   -5.5316878e-03
9.9087399e-01   -5.0122463e-03
9.9365300e-01   -4.6858136e-03
9.9593401e-01   -4.3505444e-03
9.9771100e-01   -4.0337518e-03
9.9898201e-01   -3.6982873e-03
9.9974501e-01   -3.8128598e-03
1.0000000e+00   -3.8218752e-03
