1.0000000e+00   6.4685093e-03
9.9974501e-01   6.9969879e-03
9.9898201e-01   7.2266180e-03
9.9771100e-01   8.1336256e-03
9.9593300e-01   9.4113825e-03
9.9365300e-01   1.1104980e-02
9.9087399e-01   1.3056642e-02
9.8759800e-01   1.5230420e-02
9.8382998e-01   1.7971806e-02
9.7957498e-01   2.0574309e-02
9.7483599e-01   2.3829810e-02
9.6961600e-01   2.7147662e-02
9.6392000e-01   3.0663136e-02
9.5775098e-01   3.5102710e-02
9.5111603e-01   3.8872380e-02
9.4401902e-01   4.3318931e-02
9.3646699e-01   4.7896389e-02
9.2846799e-01   5.3075988e-02
9.2003101e-01   5.7453137e-02
9.1116500e-01   6.2795945e-02
9.0187901e-01   6.8270281e-02
8.9218301e-01   7.3469870e-02
8.8208699e-01   7.9410516e-02
8.7160099e-01   8.4695354e-02
8.6073500e-01   9.0885580e-02
8.4950101e-01   9.8149121e-02
8.3791000e-01   1.0349314e-01
8.2597399e-01   1.1026177e-01
8.1370401e-01   1.1676756e-01
8.0111301e-01   1.2417983e-01
7.8821403e-01   1.3007268e-01
7.7501899e-01   1.3748074e-01
7.6154101e-01   1.4378472e-01
7.4779499e-01   1.5091686e-01
7.3379201e-01   1.5810095e-01
7.1954799e-01   1.6446050e-01
7.0507699e-01   1.7089699e-01
6.9039202e-01   1.7769131e-01
6.7550898e-01   1.8391930e-01
6.6044199e-01   1.9043462e-01
6.4520597e-01   1.9640616e-01
6.2981701e-01   2.0257494e-01
6.1429000e-01   2.0847641e-01
5.9864002e-01   2.1409675e-01
5.8288401e-01   2.1945177e-01
5.6703597e-01   2.2455750e-01
5.5111301e-01   2.2944112e-01
5.3513098e-01   2.3393926e-01
5.1910597e-01   2.3801349e-01
5.0305402e-01   2.4192242e-01
4.8699099e-01   2.4548505e-01
4.7093400e-01   2.5011063e-01
4.5489800e-01   2.5251850e-01
4.3889999e-01   2.5466922e-01
4.2295599e-01   2.5725430e-01
4.0708300e-01   2.5859666e-01
3.9129499e-01   2.6044101e-01
3.7560999e-01   2.6220751e-01
3.6004400e-01   2.6183844e-01
3.4461200e-01   2.6181713e-01
3.2933000e-01   2.6199383e-01
3.1421301e-01   2.6158407e-01
2.9927900e-01   2.5992796e-01
2.8454101e-01   2.5861585e-01
2.7001500e-01   2.5585410e-01
2.5571701e-01   2.5419214e-01
2.4166100e-01   2.5080279e-01
2.2786200e-01   2.4703060e-01
2.1433599e-01   2.4297185e-01
2.0109500e-01   2.3777695e-01
1.8815500e-01   2.3246613e-01
1.7553000e-01   2.2639765e-01
1.6323400e-01   2.2025383e-01
1.5128000e-01   2.1358362e-01
1.3968100e-01   2.0584857e-01
1.2845200e-01   1.9843908e-01
1.1760600e-01   1.9005942e-01
1.0715500e-01   1.8133917e-01
9.7112998e-02   1.7193839e-01
8.7493002e-02   1.6295046e-01
7.8305997e-02   1.5344366e-01
6.9565997e-02   1.4303823e-01
6.1285000e-02   1.3255167e-01
5.3474002e-02   1.2213805e-01
4.6149999e-02   1.1158599e-01
3.9326001e-02   1.0158099e-01
3.3013999e-02   9.1238998e-02
2.7230000e-02   8.0911316e-02
2.1980001e-02   7.0783198e-02
1.7277000e-02   6.1054818e-02
1.3141000e-02   5.1231347e-02
9.5729996e-03   4.2487003e-02
6.5830001e-03   3.3888243e-02
4.1880002e-03   2.5938386e-02
2.3540000e-03   1.8887620e-02
1.0810000e-03   1.2925093e-02
3.7100000e-04   7.9601081e-03
7.6999997e-05   4.3565133e-03
4.9999999e-06   2.1231938e-03
0.0000000e+00   1.4505774e-03
4.9999999e-06   7.2214275e-04
7.6999997e-05   -1.2151635e-03
3.7100000e-04   -4.4261320e-03
1.0810000e-03   -8.4473174e-03
2.3530000e-03   -1.2834750e-02
4.1880002e-03   -1.7049974e-02
6.5850001e-03   -2.0425009e-02
9.5760003e-03   -2.3394885e-02
1.3145000e-02   -2.5082236e-02
1.7281000e-02   -2.5083037e-02
2.1983000e-02   -2.4895037e-02
2.7232001e-02   -2.4052471e-02
3.3016000e-02   -2.2852419e-02
3.9328001e-02   -2.1836521e-02
4.6151999e-02   -2.0097520e-02
5.3475998e-02   -1.8540680e-02
6.1287001e-02   -1.6641814e-02
6.9568001e-02   -1.4285282e-02
7.8308001e-02   -1.1692822e-02
8.7494999e-02   -8.9163799e-03
9.7115003e-02   -6.6302638e-03
1.0715700e-01   -3.0897534e-03
1.1760800e-01   -7.1873132e-04
1.2845400e-01   2.1798539e-03
1.3968299e-01   5.6955907e-03
1.5128200e-01   8.1862174e-03
1.6323499e-01   1.0965537e-02
1.7553200e-01   1.3040898e-02
1.8815701e-01   1.6306929e-02
2.0109700e-01   1.9765306e-02
2.1433701e-01   2.1019559e-02
2.2786400e-01   2.3953278e-02
2.4166299e-01   2.6148217e-02
2.5571901e-01   2.8345233e-02
2.7001700e-01   3.0132176e-02
2.8454199e-01   3.1268325e-02
2.9927999e-01   3.3780210e-02
3.1421500e-01   3.4909178e-02
3.2933101e-01   3.5488680e-02
3.4461299e-01   3.6734309e-02
3.6004499e-01   3.7319895e-02
3.7561101e-01   3.7675161e-02
3.9129600e-01   3.8306914e-02
4.0708300e-01   3.9158102e-02
4.2295700e-01   3.9174855e-02
4.3890101e-01   3.9474394e-02
4.5489901e-01   3.9905619e-02
4.7093499e-01   3.9143045e-02
4.8699200e-01   3.9163783e-02
5.0305498e-01   3.8534395e-02
5.1910698e-01   3.7750065e-02
5.3513199e-01   3.7603889e-02
5.5111402e-01   3.6414921e-02
5.6703597e-01   3.5915367e-02
5.8288401e-01   3.5293769e-02
5.9864002e-01   3.3954553e-02
6.1429000e-01   3.2961696e-02
6.2981701e-01   3.2424372e-02
6.4520597e-01   3.0878019e-02
6.6044199e-01   2.9072672e-02
6.7550898e-01   2.8539598e-02
6.9039297e-01   2.6495732e-02
7.0507699e-01   2.5714945e-02
7.1954900e-01   2.3820557e-02
7.3379302e-01   2.2625154e-02
7.4779499e-01   2.1419642e-02
7.6154202e-01   1.9847769e-02
7.7501899e-01   1.8919494e-02
7.8821403e-01   1.7003398e-02
8.0111301e-01   1.5954809e-02
8.1370401e-01   1.4995690e-02
8.2597297e-01   1.3245847e-02
8.3791000e-01   1.2301287e-02
8.4950101e-01   1.1077560e-02
8.6073500e-01   9.8675918e-03
8.7160099e-01   8.5188048e-03
8.8208801e-01   7.5734905e-03
8.9218402e-01   6.7039393e-03
9.0188003e-01   5.7648248e-03
9.1116500e-01   4.2727878e-03
9.2003101e-01   2.7781765e-03
9.2846799e-01   2.6113249e-03
9.3646699e-01   1.4811315e-03
9.4401902e-01   9.6644153e-04
9.5111603e-01   2.7103256e-04
9.5775098e-01   -7.5067219e-04
9.6392000e-01   -1.1169787e-03
9.6961600e-01   -1.8088253e-03
9.7483599e-01   -1.7135080e-03
9.7957498e-01   -2.1005266e-03
9.8383099e-01   -2.4599731e-03
9.8759800e-01   -2.6277036e-03
9.9087399e-01   -2.8215321e-03
9.9365300e-01   -2.8639818e-03
9.9593401e-01   -2.9409253e-03
9.9771100e-01   -3.1185148e-03
9.9898201e-01   -2.8604467e-03
9.9974501e-01   -2.6288836e-03
1.0000000e+00   -2.6862866e-03
