1.0000000e+00   2.2949835e-03
9.9974501e-01   2.1527277e-03
9.9898201e-01   2.6976105e-03
9.9771100e-01   3.5440533e-03
9.9593300e-01   4.3989993e-03
9.9365300e-01   5.5586807e-03
9.9087399e-01   7.1494500e-03
9.8759800e-01   8.9824600e-03
9.8382998e-01   1.0766241e-02
9.7957498e-01   1.3357320e-02
9.7483599e-01   1.5859768e-02
9.6961600e-01   1.8785985e-02
9.6392000e-01   2.2215093e-02
9.5775098e-01   2.5334558e-02
9.5111603e-01   2.9226001e-02
9.4401902e-01   3.3037629e-02
9.3646699e-01   3.7020870e-02
9.2846799e-01   4.1242976e-02
9.2003101e-01   4.6170954e-02
9.1116500e-01   5.0756261e-02
9.0187901e-01   5.5925913e-02
8.9218301e-01   6.1281685e-02
8.8208699e-01   6.6663116e-02
8.7160099e-01   7.2681367e-02
8.6073500e-01   7.8786619e-02
8.4950101e-01   8.4350131e-02
8.3791000e-01   9.1369018e-02
8.2597399e-01   9.7486615e-02
8.1370401e-01   1.0484693e-01
8.0111301e-01   1.1181006e-01
7.8821403e-01   1.1912298e-01
7.7501899e-01   1.2640204e-01
7.6154101e-01   1.3441895e-01
7.4779499e-01   1.4240858e-01
7.3379201e-01   1.5025899e-01
7.1954799e-01   1.5863724e-01
7.0507699e-01   1.6713065e-01
6.9039202e-01   1.7539184e-01
6.7550898e-01   1.8377046e-01
6.6044199e-01   1.9216299e-01
6.4520597e-01   2.0030290e-01
6.2981701e-01   2.0887639e-01
6.1429000e-01   2.1729459e-01
5.9864002e-01   2.2559409e-01
5.8288401e-01   2.3404969e-01
5.6703597e-01   2.4182215e-01
5.5111301e-01   2.4979664e-01
5.3513098e-01   2.5765997e-01
5.1910597e-01   2.6502612e-01
5.0305402e-01   2.7189252e-01
4.8699099e-01   2.7900025e-01
4.7093400e-01   2.8467938e-01
4.5489800e-01   2.9076001e-01
4.3889999e-01   2.9684982e-01
4.2295599e-01   3.0115384e-01
4.0708300e-01   3.0550030e-01
3.9129499e-01   3.0885881e-01
3.7560999e-01   3.1154177e-01
3.6004400e-01   3.1436118e-01
3.4461200e-01   3.1608471e-01
3.2933000e-01   3.1750461e-01
3.1421301e-01   3.1701893e-01
2.9927900e-01   3.1745932e-01
2.8454101e-01   3.1587616e-01
2.7001500e-01   3.1437594e-01
2.5571701e-01   3.1177419e-01
2.4166100e-01   3.0844724e-01
2.2786200e-01   3.0451605e-01
2.1433599e-01   2.9934147e-01
2.0109500e-01   2.9366824e-01
1.8815500e-01   2.8682223e-01
1.7553000e-01   2.7966180e-01
1.6323400e-01   2.7129725e-01
1.5128000e-01   2.6216227e-01
1.3968100e-01   2.5309461e-01
1.2845200e-01   2.4250376e-01
1.1760600e-01   2.3188254e-01
1.0715500e-01   2.2044502e-01
9.7112998e-02   2.0867628e-01
8.7493002e-02   1.9599916e-01
7.8305997e-02   1.8335955e-01
6.9565997e-02   1.7060758e-01
6.1285000e-02   1.5737082e-01
5.3474002e-02   1.4425196e-01
4.6149999e-02   1.3124284e-01
3.9326001e-02   1.1785448e-01
3.3013999e-02   1.0481694e-01
2.7230000e-02   9.1935411e-02
2.1980001e-02   7.9428643e-02
1.7277000e-02   6.7353301e-02
1.3141000e-02   5.5820968e-02
9.5729996e-03   4.4783771e-02
6.5830001e-03   3.5024542e-02
4.1880002e-03   2.6134267e-02
2.3540000e-03   1.8276054e-02
1.0810000e-03   1.1842620e-02
3.7100000e-04   6.6972934e-03
7.6999997e-05   2.8860299e-03
4.9999999e-06   5.0391030e-04
0.0000000e+00   -1.8023571e-04
4.9999999e-06   -9.8247488e-04
7.6999997e-05   -3.1701259e-03
3.7100000e-04   -6.7864633e-03
1.0810000e-03   -1.1517195e-02
2.3530000e-03   -1.7373635e-02
4.1880002e-03   -2.3697771e-02
6.5850001e-03   -3.0294200e-02
9.5760003e-03   -3.6722802e-02
1.3145000e-02   -4.2800758e-02
1.7281000e-02   -4.8441954e-02
2.1983000e-02   -5.2985754e-02
2.7232001e-02   -5.7069141e-02
3.3016000e-02   -6.1052375e-02
3.9328001e-02   -6.4440094e-02
4.6151999e-02   -6.7440540e-02
5.3475998e-02   -7.0447139e-02
6.1287001e-02   -7.3046818e-02
6.9568001e-02   -7.5341873e-02
7.8308001e-02   -7.7386856e-02
8.7494999e-02   -7.9408608e-02
9.7115003e-02   -8.1079878e-02
1.0715700e-01   -8.2532801e-02
1.1760800e-01   -8.3729327e-02
1.2845400e-01   -8.4678449e-02
1.3968299e-01   -8.5610472e-02
1.5128200e-01   -8.6479947e-02
1.6323499e-01   -8.6824775e-02
1.7553200e-01   -8.7089993e-02
1.8815701e-01   -8.7550133e-02
2.0109700e-01   -8.7793134e-02
2.1433701e-01   -8.7715015e-02
2.2786400e-01   -8.7750785e-02
2.4166299e-01   -8.7736033e-02
2.5571901e-01   -8.7494917e-02
2.7001700e-01   -8.7251194e-02
2.8454199e-01   -8.6503923e-02
2.9927999e-01   -8.6968519e-02
3.1421500e-01   -8.6574219e-02
3.2933101e-01   -8.5887127e-02
3.4461299e-01   -8.5792631e-02
3.6004499e-01   -8.5385583e-02
3.7561101e-01   -8.4978744e-02
3.9129600e-01   -8.4718779e-02
4.0708300e-01   -8.4523216e-02
4.2295700e-01   -8.3869360e-02
4.3890101e-01   -8.3151557e-02
4.5489901e-01   -8.2715005e-02
4.7093499e-01   -8.1820555e-02
4.8699200e-01   -8.1303731e-02
5.0305498e-01   -8.0342487e-02
5.1910698e-01   -7.9603627e-02
5.3513199e-01   -7.8619897e-02
5.5111402e-01   -7.7483669e-02
5.6703597e-01   -7.6340601e-02
5.8288401e-01   -7.5155906e-02
5.9864002e-01   -7.3742546e-02
6.1429000e-01   -7.2623618e-02
6.2981701e-01   -7.1075097e-02
6.4520597e-01   -6.9441274e-02
6.6044199e-01   -6.7788042e-02
6.7550898e-01   -6.6192113e-02
6.9039297e-01   -6.4181089e-02
7.0507699e-01   -6.2214598e-02
7.1954900e-01   -6.0120318e-02
7.3379302e-01   -5.8216970e-02
7.4779499e-01   -5.6498736e-02
7.6154202e-01   -5.4287985e-02
7.7501899e-01   -5.1852923e-02
7.8821403e-01   -4.9464006e-02
8.0111301e-01   -4.6791825e-02
8.1370401e-01   -4.4314317e-02
8.2597297e-01   -4.1779160e-02
8.3791000e-01   -3.9148163e-02
8.4950101e-01   -3.6317568e-02
8.6073500e-01   -3.3735733e-02
8.7160099e-01   -3.1349909e-02
8.8208801e-01   -2.8619422e-02
8.9218402e-01   -2.6393920e-02
9.0188003e-01   -2.3911875e-02
9.1116500e-01   -2.1677373e-02
9.2003101e-01   -1.9482743e-02
9.2846799e-01   -1.7829137e-02
9.3646699e-01   -1.5738316e-02
9.4401902e-01   -1.3899453e-02
9.5111603e-01   -1.2271089e-02
9.5775098e-01   -1.0512231e-02
9.6392000e-01   -9.0055224e-03
9.6961600e-01   -7.4708876e-03
9.7483599e-01   -6.2024021e-03
9.7957498e-01   -5.0534946e-03
9.8383099e-01   -4.0113018e-03
9.8759800e-01   -3.1874164e-03
9.9087399e-01   -2.3292247e-03
9.9365300e-01   -1.7000234e-03
9.9593401e-01   -1.2526349e-03
9.9771100e-01   -8.0628245e-04
9.9898201e-01   -5.2210566e-04
9.9974501e-01   -5.7941600e-04
1.0000000e+00   -5.0236954e-04
