1.0000000e+00   5.7739811e-03
9.9974501e-01   6.5889051e-03
9.9898201e-01   6.5395311e-03
9.9771100e-01   8.4828399e-03
9.9593300e-01   9.7704045e-03
9.9365300e-01   1.1992947e-02
9.9087399e-01   1.4559248e-02
9.8759800e-01   1.7395772e-02
9.8382998e-01   2.1133434e-02
9.7957498e-01   2.4983784e-02
9.7483599e-01   2.9415501e-02
9.6961600e-01   3.4174498e-02
9.6392000e-01   3.9367173e-02
9.5775098e-01   4.5379423e-02
9.5111603e-01   5.1569663e-02
9.4401902e-01   5.7845324e-02
9.3646699e-01   6.4226128e-02
9.2846799e-01   7.1375139e-02
9.2003101e-01   7.8371055e-02
9.1116500e-01   8.5406296e-02
9.0187901e-01   9.2493378e-02
8.9218301e-01   1.0055956e-01
8.8208699e-01   1.0830805e-01
8.7160099e-01   1.1653128e-01
8.6073500e-01   1.2511739e-01
8.4950101e-01   1.3354617e-01
8.3791000e-01   1.4205511e-01
8.2597399e-01   1.5069640e-01
8.1370401e-01   1.5959804e-01
8.0111301e-01   1.6858633e-01
7.8821403e-01   1.7767967e-01
7.7501899e-01   1.8648095e-01
7.6154101e-01   1.9532302e-01
7.4779499e-01   2.0466104e-01
7.3379201e-01   2.1315065e-01
7.1954799e-01   2.2228381e-01
7.0507699e-01   2.3101731e-01
6.9039202e-01   2.3969342e-01
6.7550898e-01   2.4792151e-01
6.6044199e-01   2.5610358e-01
6.4520597e-01   2.6346606e-01
6.2981701e-01   2.7136648e-01
6.1429000e-01   2.7846861e-01
5.9864002e-01   2.8493935e-01
5.8288401e-01   2.9164496e-01
5.6703597e-01   2.9865471e-01
5.5111301e-01   3.0451441e-01
5.3513098e-01   3.0979782e-01
5.1910597e-01   3.1554362e-01
5.0305402e-01   3.1903020e-01
4.8699099e-01   3.2397908e-01
4.7093400e-01   3.2792935e-01
4.5489800e-01   3.3169967e-01
4.3889999e-01   3.3435017e-01
4.2295599e-01   3.3656657e-01
4.0708300e-01   3.3900407e-01
3.9129499e-01   3.3990258e-01
3.7560999e-01   3.4036818e-01
3.6004400e-01   3.4057727e-01
3.4461200e-01   3.3986044e-01
3.2933000e-01   3.3828554e-01
3.1421301e-01   3.3748993e-01
2.9927900e-01   3.3454260e-01
2.8454101e-01   3.3135572e-01
2.7001500e-01   3.2724738e-01
2.5571701e-01   3.2329333e-01
2.4166100e-01   3.1817016e-01
2.2786200e-01   3.1244683e-01
2.1433599e-01   3.0648398e-01
2.0109500e-01   2.9920328e-01
1.8815500e-01   2.9193655e-01
1.7553000e-01   2.8357980e-01
1.6323400e-01   2.7503979e-01
1.5128000e-01   2.6577970e-01
1.3968100e-01   2.5556669e-01
1.2845200e-01   2.4503119e-01
1.1760600e-01   2.3416895e-01
1.0715500e-01   2.2370677e-01
9.7112998e-02   2.1180767e-01
8.7493002e-02   1.9984226e-01
7.8305997e-02   1.8753217e-01
6.9565997e-02   1.7496291e-01
6.1285000e-02   1.6263753e-01
5.3474002e-02   1.5023394e-01
4.6149999e-02   1.3738145e-01
3.9326001e-02   1.2508970e-01
3.3013999e-02   1.1270143e-01
2.7230000e-02   1.0003473e-01
2.1980001e-02   8.7777123e-02
1.7277000e-02   7.5582966e-02
1.3141000e-02   6.3747287e-02
9.5729996e-03   5.2301772e-02
6.5830001e-03   4.1531201e-02
4.1880002e-03   3.1765752e-02
2.3540000e-03   2.2979841e-02
1.0810000e-03   1.5309166e-02
3.7100000e-04   9.2567895e-03
7.6999997e-05   4.7374675e-03
4.9999999e-06   1.6756925e-03
0.0000000e+00   9.8304951e-04
4.9999999e-06   1.1653733e-04
7.6999997e-05   -2.7248203e-03
3.7100000e-04   -6.4831334e-03
1.0810000e-03   -1.1870661e-02
2.3530000e-03   -1.6461479e-02
4.1880002e-03   -2.1149797e-02
6.5850001e-03   -2.5002688e-02
9.5760003e-03   -2.7401665e-02
1.3145000e-02   -2.8593361e-02
1.7281000e-02   -2.8332444e-02
2.1983000e-02   -2.7097544e-02
2.7232001e-02   -2.5154131e-02
3.3016000e-02   -2.3520356e-02
3.9328001e-02   -2.1211978e-02
4.6151999e-02   -1.8757412e-02
5.3475998e-02   -1.5562772e-02
6.1287001e-02   -1.2111951e-02
6.9568001e-02   -8.0119930e-03
7.8308001e-02   -4.1084429e-03
8.7494999e-02   2.5372580e-04
9.7115003e-02   4.6579577e-03
1.0715700e-01   8.7286327e-03
1.1760800e-01   1.2707909e-02
1.2845400e-01   1.7404418e-02
1.3968299e-01   2.1830324e-02
1.5128200e-01   2.6232451e-02
1.6323499e-01   3.0875344e-02
1.7553200e-01   3.5326008e-02
1.8815701e-01   3.9334890e-02
2.0109700e-01   4.2890314e-02
2.1433701e-01   4.7069404e-02
2.2786400e-01   5.0594151e-02
2.4166299e-01   5.4162577e-02
2.5571901e-01   5.7886459e-02
2.7001700e-01   6.0449626e-02
2.8454199e-01   6.4000733e-02
2.9927999e-01   6.6480160e-02
3.1421500e-01   6.9718622e-02
3.2933101e-01   7.1551323e-02
3.4461299e-01   7.4300572e-02
3.6004499e-01   7.6355338e-02
3.7561101e-01   7.8215763e-02
3.9129600e-01   7.9418972e-02
4.0708300e-01   8.0632955e-02
4.2295700e-01   8.1926771e-02
4.3890101e-01   8.2988761e-02
4.5489901e-01   8.3326966e-02
4.7093499e-01   8.3593950e-02
4.8699200e-01   8.3429657e-02
5.0305498e-01   8.4133640e-02
5.1910698e-01   8.3838478e-02
5.3513199e-01   8.3280519e-02
5.5111402e-01   8.2500190e-02
5.6703597e-01   8.1954613e-02
5.8288401e-01   8.0821276e-02
5.9864002e-01   8.0151781e-02
6.1429000e-01   7.8553192e-02
6.2981701e-01   7.7008896e-02
6.4520597e-01   7.5054795e-02
6.6044199e-01   7.2682709e-02
6.7550898e-01   7.1046583e-02
6.9039297e-01   6.9188766e-02
7.0507699e-01   6.6860996e-02
7.1954900e-01   6.4166561e-02
7.3379302e-01   6.1866410e-02
7.4779499e-01   5.8663126e-02
7.6154202e-01   5.6349128e-02
7.7501899e-01   5.3550731e-02
7.8821403e-01   5.0578725e-02
8.0111301e-01   4.7727548e-02
8.1370401e-01   4.4763371e-02
8.2597297e-01   4.2177290e-02
8.3791000e-01   3.8529083e-02
8.4950101e-01   3.6233008e-02
8.6073500e-01   3.2443371e-02
8.7160099e-01   3.0068642e-02
8.8208801e-01   2.7127555e-02
8.9218402e-01   2.4749076e-02
9.0188003e-01   2.2313120e-02
9.1116500e-01   1.9176045e-02
9.2003101e-01   1.7607016e-02
9.2846799e-01   1.4900401e-02
9.3646699e-01   1.2709123e-02
9.4401902e-01   1.0625086e-02
9.5111603e-01   8.4287617e-03
9.5775098e-01   6.3454416e-03
9.6392000e-01   4.8559764e-03
9.6961600e-01   3.0599453e-03
9.7483599e-01   1.5968068e-03
9.7957498e-01   -2.3217988e-04
9.8383099e-01   -1.2862871e-03
9.8759800e-01   -2.7621998e-03
9.9087399e-01   -3.5122926e-03
9.9365300e-01   -4.2479257e-03
9.9593401e-01   -5.1401653e-03
9.9771100e-01   -5.5228542e-03
9.9898201e-01   -6.1208657e-03
9.9974501e-01   -6.1893538e-03
1.0000000e+00   -6.3892263e-03
