1.0000000e+00   2.6828917e-02
9.9974501e-01   2.7005566e-02
9.9898201e-01   2.7535344e-02
9.9771100e-01   2.8432319e-02
9.9593300e-01   2.9735632e-02
9.9365300e-01   3.1481270e-02
9.9087399e-01   3.3662152e-02
9.8759800e-01   3.6240436e-02
9.8382998e-01   3.9245833e-02
9.7957498e-01   4.2687047e-02
9.7483599e-01   4.6480484e-02
9.6961600e-01   5.0610851e-02
9.6392000e-01   5.5129547e-02
9.5775098e-01   6.0062703e-02
9.5111603e-01   6.5387279e-02
9.4401902e-01   7.1088448e-02
9.3646699e-01   7.7189505e-02
9.2846799e-01   8.3694093e-02
9.2003101e-01   9.0585135e-02
9.1116500e-01   9.7809456e-02
9.0187901e-01   1.0549062e-01
8.9218301e-01   1.1362572e-01
8.8208699e-01   1.2206423e-01
8.7160099e-01   1.3081336e-01
8.6073500e-01   1.3994025e-01
8.4950101e-01   1.4940834e-01
8.3791000e-01   1.5916497e-01
8.2597399e-01   1.6918859e-01
8.1370401e-01   1.7951812e-01
8.0111301e-01   1.9016477e-01
7.8821403e-01   2.0099607e-01
7.7501899e-01   2.1195041e-01
7.6154101e-01   2.2311035e-01
7.4779499e-01   2.3449931e-01
7.3379201e-01   2.4600638e-01
7.1954799e-01   2.5755906e-01
7.0507699e-01   2.6924363e-01
6.9039202e-01   2.8109959e-01
6.7550898e-01   2.9295295e-01
6.6044199e-01   3.0471295e-01
6.4520597e-01   3.1648871e-01
6.2981701e-01   3.2826468e-01
6.1429000e-01   3.3978847e-01
5.9864002e-01   3.5104156e-01
5.8288401e-01   3.6222553e-01
5.6703597e-01   3.7330467e-01
5.5111301e-01   3.8395721e-01
5.3513098e-01   3.9407930e-01
5.1910597e-01   4.0384173e-01
5.0305402e-01   4.1317928e-01
4.8699099e-01   4.2187101e-01
4.7093400e-01   4.2994517e-01
4.5489800e-01   4.3765208e-01
4.3889999e-01   4.4497159e-01
4.2295599e-01   4.5175797e-01
4.0708300e-01   4.5797041e-01
3.9129499e-01   4.6353853e-01
3.7560999e-01   4.6809694e-01
3.6004400e-01   4.7138679e-01
3.4461200e-01   4.7367638e-01
3.2933000e-01   4.7511032e-01
3.1421301e-01   4.7534350e-01
2.9927900e-01   4.7434360e-01
2.8454101e-01   4.7234249e-01
2.7001500e-01   4.6921250e-01
2.5571701e-01   4.6465823e-01
2.4166100e-01   4.5897034e-01
2.2786200e-01   4.5222744e-01
2.1433599e-01   4.4392270e-01
2.0109500e-01   4.3431807e-01
1.8815500e-01   4.2368674e-01
1.7553000e-01   4.1192010e-01
1.6323400e-01   3.9894837e-01
1.5128000e-01   3.8490820e-01
1.3968100e-01   3.7002066e-01
1.2845200e-01   3.5430989e-01
1.1760600e-01   3.3773044e-01
1.0715500e-01   3.2042992e-01
9.7112998e-02   3.0259675e-01
8.7493002e-02   2.8418300e-01
7.8305997e-02   2.6518402e-01
6.9565997e-02   2.4582952e-01
6.1285000e-02   2.2619492e-01
5.3474002e-02   2.0621572e-01
4.6149999e-02   1.8608055e-01
3.9326001e-02   1.6620851e-01
3.3013999e-02   1.4689994e-01
2.7230000e-02   1.2833539e-01
2.1980001e-02   1.1064097e-01
1.7277000e-02   9.3524091e-02
1.3141000e-02   7.7092133e-02
9.5729996e-03   6.1747774e-02
6.5830001e-03   4.7808263e-02
4.1880002e-03   3.5469580e-02
2.3540000e-03   2.4858858e-02
1.0810000e-03   1.6041720e-02
3.7100000e-04   9.1123534e-03
7.6999997e-05   4.1249059e-03
4.9999999e-06   1.1143623e-03
0.0000000e+00   1.1425838e-04
4.9999999e-06   -8.5323118e-04
7.6999997e-05   -3.7605425e-03
3.7100000e-04   -8.5106222e-03
1.0810000e-03   -1.4928637e-02
2.3530000e-03   -2.2625014e-02
4.1880002e-03   -3.1161819e-02
6.5850001e-03   -4.0371668e-02
9.5760003e-03   -5.0550438e-02
1.3145000e-02   -6.2296912e-02
1.7281000e-02   -7.4223377e-02
2.1983000e-02   -8.5173331e-02
2.7232001e-02   -9.4967417e-02
3.3016000e-02   -1.0406017e-01
3.9328001e-02   -1.1266720e-01
4.6151999e-02   -1.2080447e-01
5.3475998e-02   -1.2891991e-01
6.1287001e-02   -1.3734438e-01
6.9568001e-02   -1.4565772e-01
7.8308001e-02   -1.5356258e-01
8.7494999e-02   -1.6124849e-01
9.7115003e-02   -1.6869867e-01
1.0715700e-01   -1.7561944e-01
1.1760800e-01   -1.8198030e-01
1.2845400e-01   -1.8802063e-01
1.3968299e-01   -1.9370015e-01
1.5128200e-01   -1.9879325e-01
1.6323499e-01   -2.0343612e-01
1.7553200e-01   -2.0785074e-01
1.8815701e-01   -2.1191117e-01
2.0109700e-01   -2.1553193e-01
2.1433701e-01   -2.1886879e-01
2.2786400e-01   -2.2193058e-01
2.4166299e-01   -2.2467066e-01
2.5571901e-01   -2.2705603e-01
2.7001700e-01   -2.2925407e-01
2.8454199e-01   -2.3135838e-01
2.9927999e-01   -2.3318058e-01
3.1421500e-01   -2.3469178e-01
3.2933101e-01   -2.3609237e-01
3.4461299e-01   -2.3739693e-01
3.6004499e-01   -2.3838079e-01
3.7561101e-01   -2.3902051e-01
3.9129600e-01   -2.3950624e-01
4.0708300e-01   -2.3978877e-01
4.2295700e-01   -2.3964867e-01
4.3890101e-01   -2.3909879e-01
4.5489901e-01   -2.3834436e-01
4.7093499e-01   -2.3735963e-01
4.8699200e-01   -2.3593010e-01
5.0305498e-01   -2.3410127e-01
5.1910698e-01   -2.3203173e-01
5.3513199e-01   -2.2962031e-01
5.5111402e-01   -2.2661643e-01
5.6703597e-01   -2.2307928e-01
5.8288401e-01   -2.1919522e-01
5.9864002e-01   -2.1487123e-01
6.1429000e-01   -2.0990463e-01
6.2981701e-01   -2.0446809e-01
6.4520597e-01   -1.9887540e-01
6.6044199e-01   -1.9319102e-01
6.7550898e-01   -1.8729360e-01
6.9039297e-01   -1.8123858e-01
7.0507699e-01   -1.7520395e-01
7.1954900e-01   -1.6921775e-01
7.3379302e-01   -1.6313452e-01
7.4779499e-01   -1.5695687e-01
7.6154202e-01   -1.5080474e-01
7.7501899e-01   -1.4471893e-01
7.8821403e-01   -1.3855731e-01
8.0111301e-01   -1.3229094e-01
8.1370401e-01   -1.2601960e-01
8.2597297e-01   -1.1977948e-01
8.3791000e-01   -1.1351009e-01
8.4950101e-01   -1.0722101e-01
8.6073500e-01   -1.0101781e-01
8.7160099e-01   -9.4978012e-02
8.8208801e-01   -8.9085713e-02
8.9218402e-01   -8.3356902e-02
9.0188003e-01   -7.7832349e-02
9.1116500e-01   -7.2576724e-02
9.2003101e-01   -6.7569129e-02
9.2846799e-01   -6.2766962e-02
9.3646699e-01   -5.8179274e-02
9.4401902e-01   -5.3827848e-02
9.5111603e-01   -4.9694058e-02
9.5775098e-01   -4.5752231e-02
9.6392000e-01   -4.2012941e-02
9.6961600e-01   -3.8449965e-02
9.7483599e-01   -3.5049900e-02
9.7957498e-01   -3.1879339e-02
9.8383099e-01   -2.8985940e-02
9.8759800e-01   -2.6311485e-02
9.9087399e-01   -2.3899667e-02
9.9365300e-01   -2.1921918e-02
9.9593401e-01   -2.0464573e-02
9.9771100e-01   -1.9361528e-02
9.9898201e-01   -1.8474447e-02
9.9974501e-01   -1.7894194e-02
1.0000000e+00   -1.7699324e-02
