1.0000000e+00   6.4826156e-03
9.9974501e-01   6.6963476e-03
9.9898201e-01   7.3315753e-03
9.9771100e-01   8.3744619e-03
9.9593300e-01   9.8084398e-03
9.9365300e-01   1.1631548e-02
9.9087399e-01   1.3860102e-02
9.8759800e-01   1.6471712e-02
9.8382998e-01   1.9466097e-02
9.7957498e-01   2.2832649e-02
9.7483599e-01   2.6544726e-02
9.6961600e-01   3.0603381e-02
9.6392000e-01   3.5040330e-02
9.5775098e-01   3.9859779e-02
9.5111603e-01   4.5037426e-02
9.4401902e-01   5.0523311e-02
9.3646699e-01   5.6295358e-02
9.2846799e-01   6.2353149e-02
9.2003101e-01   6.8678588e-02
9.1116500e-01   7.5244576e-02
9.0187901e-01   8.2081333e-02
8.9218301e-01   8.9192145e-02
8.8208699e-01   9.6525267e-02
8.7160099e-01   1.0403854e-01
8.6073500e-01   1.1172016e-01
8.4950101e-01   1.1955968e-01
8.3791000e-01   1.2754256e-01
8.2597399e-01   1.3563734e-01
8.1370401e-01   1.4381218e-01
8.0111301e-01   1.5203971e-01
7.8821403e-01   1.6027808e-01
7.7501899e-01   1.6851163e-01
7.6154101e-01   1.7670883e-01
7.4779499e-01   1.8481374e-01
7.3379201e-01   1.9281149e-01
7.1954799e-01   2.0069319e-01
7.0507699e-01   2.0845042e-01
6.9039202e-01   2.1606070e-01
6.7550898e-01   2.2353446e-01
6.6044199e-01   2.3084775e-01
6.4520597e-01   2.3796578e-01
6.2981701e-01   2.4483933e-01
6.1429000e-01   2.5143096e-01
5.9864002e-01   2.5775453e-01
5.8288401e-01   2.6377863e-01
5.6703597e-01   2.6944560e-01
5.5111301e-01   2.7474988e-01
5.3513098e-01   2.7971491e-01
5.1910597e-01   2.8432670e-01
5.0305402e-01   2.8853372e-01
4.8699099e-01   2.9235369e-01
4.7093400e-01   2.9582056e-01
4.5489800e-01   2.9892117e-01
4.3889999e-01   3.0158418e-01
4.2295599e-01   3.0380127e-01
4.0708300e-01   3.0557531e-01
3.9129499e-01   3.0690333e-01
3.7560999e-01   3.0774239e-01
3.6004400e-01   3.0808717e-01
3.4461200e-01   3.0795833e-01
3.2933000e-01   3.0737710e-01
3.1421301e-01   3.0635238e-01
2.9927900e-01   3.0490741e-01
2.8454101e-01   3.0304906e-01
2.7001500e-01   3.0068490e-01
2.5571701e-01   2.9769397e-01
2.4166100e-01   2.9405934e-01
2.2786200e-01   2.8980416e-01
2.1433599e-01   2.8484789e-01
2.0109500e-01   2.7920821e-01
1.8815500e-01   2.7290592e-01
1.7553000e-01   2.6596570e-01
1.6323400e-01   2.5846359e-01
1.5128000e-01   2.5040540e-01
1.3968100e-01   2.4178092e-01
1.2845200e-01   2.3265140e-01
1.1760600e-01   2.2303988e-01
1.0715500e-01   2.1297838e-01
9.7112998e-02   2.0243868e-01
8.7493002e-02   1.9141270e-01
7.8305997e-02   1.8000558e-01
6.9565997e-02   1.6828054e-01
6.1285000e-02   1.5615994e-01
5.3474002e-02   1.4369935e-01
4.6149999e-02   1.3109942e-01
3.9326001e-02   1.1853565e-01
3.3013999e-02   1.0619330e-01
2.7230000e-02   9.4425097e-02
2.1980001e-02   8.3417557e-02
1.7277000e-02   7.2543323e-02
1.3141000e-02   6.1604667e-02
9.5729996e-03   5.0953601e-02
6.5830001e-03   4.0875513e-02
4.1880002e-03   3.1488474e-02
2.3540000e-03   2.2976305e-02
1.0810000e-03   1.5522648e-02
3.7100000e-04   9.3750153e-03
7.6999997e-05   4.7684326e-03
4.9999999e-06   1.9096396e-03
0.0000000e+00   9.4081199e-04
4.9999999e-06   3.7918799e-06
7.6999997e-05   -2.6469140e-03
3.7100000e-04   -6.5847752e-03
1.0810000e-03   -1.1171426e-02
2.3530000e-03   -1.5618373e-02
4.1880002e-03   -1.9119011e-02
6.5850001e-03   -2.1281790e-02
9.5760003e-03   -2.2679850e-02
1.3145000e-02   -2.3436779e-02
1.7281000e-02   -2.2379871e-02
2.1983000e-02   -1.9824767e-02
2.7232001e-02   -1.6453568e-02
3.3016000e-02   -1.2404486e-02
3.9328001e-02   -7.8328811e-03
4.6151999e-02   -2.8304458e-03
5.3475998e-02   2.5751870e-03
6.1287001e-02   8.4122894e-03
6.9568001e-02   1.4710081e-02
7.8308001e-02   2.1350339e-02
8.7494999e-02   2.8174628e-02
9.7115003e-02   3.5096433e-02
1.0715700e-01   4.2029802e-02
1.1760800e-01   4.8929669e-02
1.2845400e-01   5.5754419e-02
1.3968299e-01   6.2534377e-02
1.5128200e-01   6.9336608e-02
1.6323499e-01   7.6121122e-02
1.7553200e-01   8.2782112e-02
1.8815701e-01   8.9276098e-02
2.0109700e-01   9.5566697e-02
2.1433701e-01   1.0158672e-01
2.2786400e-01   1.0730036e-01
2.4166299e-01   1.1264909e-01
2.5571901e-01   1.1759773e-01
2.7001700e-01   1.2213749e-01
2.8454199e-01   1.2626910e-01
2.9927999e-01   1.2998234e-01
3.1421500e-01   1.3324513e-01
3.2933101e-01   1.3604619e-01
3.4461299e-01   1.3839212e-01
3.6004499e-01   1.4028604e-01
3.7561101e-01   1.4171942e-01
3.9129600e-01   1.4267503e-01
4.0708300e-01   1.4312148e-01
4.2295700e-01   1.4308619e-01
4.3890101e-01   1.4259587e-01
4.5489901e-01   1.4168231e-01
4.7093499e-01   1.4040351e-01
4.8699200e-01   1.3880229e-01
5.0305498e-01   1.3690098e-01
5.1910698e-01   1.3471965e-01
5.3513199e-01   1.3225609e-01
5.5111402e-01   1.2954202e-01
5.6703597e-01   1.2658910e-01
5.8288401e-01   1.2337147e-01
5.9864002e-01   1.1988448e-01
6.1429000e-01   1.1618569e-01
6.2981701e-01   1.1232243e-01
6.4520597e-01   1.0831289e-01
6.6044199e-01   1.0416315e-01
6.7550898e-01   9.9914677e-02
6.9039297e-01   9.5586710e-02
7.0507699e-01   9.1214530e-02
7.1954900e-01   8.6835258e-02
7.3379302e-01   8.2443178e-02
7.4779499e-01   7.8024760e-02
7.6154202e-01   7.3602505e-02
7.7501899e-01   6.9194324e-02
7.8821403e-01   6.4820588e-02
8.0111301e-01   6.0488913e-02
8.1370401e-01   5.6213461e-02
8.2597297e-01   5.2014492e-02
8.3791000e-01   4.7905363e-02
8.4950101e-01   4.3904264e-02
8.6073500e-01   4.0012944e-02
8.7160099e-01   3.6226653e-02
8.8208801e-01   3.2552492e-02
8.9218402e-01   2.8997999e-02
9.0188003e-01   2.5579177e-02
9.1116500e-01   2.2307334e-02
9.2003101e-01   1.9222330e-02
9.2846799e-01   1.6367251e-02
9.3646699e-01   1.3750854e-02
9.4401902e-01   1.1358107e-02
9.5111603e-01   9.1747129e-03
9.5775098e-01   7.2125657e-03
9.6392000e-01   5.5048964e-03
9.6961600e-01   4.0915417e-03
9.7483599e-01   2.9535468e-03
9.7957498e-01   2.0054597e-03
9.8383099e-01   1.1872513e-03
9.8759800e-01   5.3046079e-04
9.9087399e-01   1.8186867e-05
9.9365300e-01   -4.0679795e-04
9.9593401e-01   -7.8210310e-04
9.9771100e-01   -1.0995273e-03
9.9898201e-01   -1.3592161e-03
9.9974501e-01   -1.5294931e-03
1.0000000e+00   -1.5885836e-03
