1.0000000e+00   5.3820368e-03
9.9974501e-01   5.7357163e-03
9.9898201e-01   6.7777471e-03
9.9771100e-01   8.3654094e-03
9.9593300e-01   1.0331745e-02
9.9365300e-01   1.2846991e-02
9.9087399e-01   1.6052648e-02
9.8759800e-01   1.9819258e-02
9.8382998e-01   2.4103183e-02
9.7957498e-01   2.8941404e-02
9.7483599e-01   3.4325361e-02
9.6961600e-01   4.0223654e-02
9.6392000e-01   4.6646420e-02
9.5775098e-01   5.3623199e-02
9.5111603e-01   6.1157588e-02
9.4401902e-01   6.9235682e-02
9.3646699e-01   7.7847257e-02
9.2846799e-01   8.6992122e-02
9.2003101e-01   9.6673794e-02
9.1116500e-01   1.0687497e-01
9.0187901e-01   1.1760427e-01
8.9218301e-01   1.2882797e-01
8.8208699e-01   1.4050721e-01
8.7160099e-01   1.5262505e-01
8.6073500e-01   1.6515878e-01
8.4950101e-01   1.7811212e-01
8.3791000e-01   1.9157284e-01
8.2597399e-01   2.0552310e-01
8.1370401e-01   2.1986955e-01
8.0111301e-01   2.3463231e-01
7.8821403e-01   2.4975805e-01
7.7501899e-01   2.6513213e-01
7.6154101e-01   2.8064233e-01
7.4779499e-01   2.9620498e-01
7.3379201e-01   3.1176564e-01
7.1954799e-01   3.2720172e-01
7.0507699e-01   3.4241861e-01
6.9039202e-01   3.5741121e-01
6.7550898e-01   3.7211594e-01
6.6044199e-01   3.8641149e-01
6.4520597e-01   4.0023103e-01
6.2981701e-01   4.1352767e-01
6.1429000e-01   4.2623290e-01
5.9864002e-01   4.3828470e-01
5.8288401e-01   4.4960740e-01
5.6703597e-01   4.6013263e-01
5.5111301e-01   4.6980482e-01
5.3513098e-01   4.7856793e-01
5.1910597e-01   4.8636445e-01
5.0305402e-01   4.9314919e-01
4.8699099e-01   4.9890703e-01
4.7093400e-01   5.0362575e-01
4.5489800e-01   5.0730395e-01
4.3889999e-01   5.0993568e-01
4.2295599e-01   5.1152098e-01
4.0708300e-01   5.1203668e-01
3.9129499e-01   5.1149154e-01
3.7560999e-01   5.0990433e-01
3.6004400e-01   5.0732839e-01
3.4461200e-01   5.0377786e-01
3.2933000e-01   4.9928153e-01
3.1421301e-01   4.9388134e-01
2.9927900e-01   4.8762920e-01
2.8454101e-01   4.8053977e-01
2.7001500e-01   4.7255725e-01
2.5571701e-01   4.6363387e-01
2.4166100e-01   4.5383239e-01
2.2786200e-01   4.4319403e-01
2.1433599e-01   4.3164298e-01
2.0109500e-01   4.1928574e-01
1.8815500e-01   4.0618294e-01
1.7553000e-01   3.9233455e-01
1.6323400e-01   3.7778425e-01
1.5128000e-01   3.6257428e-01
1.3968100e-01   3.4681314e-01
1.2845200e-01   3.3060139e-01
1.1760600e-01   3.1393003e-01
1.0715500e-01   2.9684868e-01
9.7112998e-02   2.7949587e-01
8.7493002e-02   2.6190484e-01
7.8305997e-02   2.4407262e-01
6.9565997e-02   2.2603375e-01
6.1285000e-02   2.0780078e-01
5.3474002e-02   1.8939337e-01
4.6149999e-02   1.7094885e-01
3.9326001e-02   1.5276912e-01
3.3013999e-02   1.3516755e-01
2.7230000e-02   1.1845750e-01
2.1980001e-02   1.0275241e-01
1.7277000e-02   8.7489866e-02
1.3141000e-02   7.2642103e-02
9.5729996e-03   5.8625199e-02
6.5830001e-03   4.5762915e-02
4.1880002e-03   3.4234960e-02
2.3540000e-03   2.4207106e-02
1.0810000e-03   1.5728472e-02
3.7100000e-04   8.9412350e-03
7.6999997e-05   4.0011695e-03
4.9999999e-06   1.0047203e-03
0.0000000e+00   -2.4135225e-06
4.9999999e-06   -9.6035091e-04
7.6999997e-05   -3.8002029e-03
3.7100000e-04   -8.3898967e-03
1.0810000e-03   -1.4437465e-02
2.3530000e-03   -2.1446174e-02
4.1880002e-03   -2.9009093e-02
6.5850001e-03   -3.6928780e-02
9.5760003e-03   -4.5592733e-02
1.3145000e-02   -5.5167302e-02
1.7281000e-02   -6.4072125e-02
2.1983000e-02   -7.1811371e-02
2.7232001e-02   -7.8468665e-02
3.3016000e-02   -8.4270619e-02
3.9328001e-02   -8.9462183e-02
4.6151999e-02   -9.4181426e-02
5.3475998e-02   -9.8507561e-02
6.1287001e-02   -1.0245728e-01
6.9568001e-02   -1.0606553e-01
7.8308001e-02   -1.0942759e-01
8.7494999e-02   -1.1251619e-01
9.7115003e-02   -1.1518155e-01
1.0715700e-01   -1.1743957e-01
1.1760800e-01   -1.1933547e-01
1.2845400e-01   -1.2082028e-01
1.3968299e-01   -1.2187590e-01
1.5128200e-01   -1.2255791e-01
1.6323499e-01   -1.2295441e-01
1.7553200e-01   -1.2307215e-01
1.8815701e-01   -1.2289084e-01
2.0109700e-01   -1.2249370e-01
2.1433701e-01   -1.2192961e-01
2.2786400e-01   -1.2110811e-01
2.4166299e-01   -1.2006105e-01
2.5571901e-01   -1.1889434e-01
2.7001700e-01   -1.1764353e-01
2.8454199e-01   -1.1628439e-01
2.9927999e-01   -1.1482663e-01
3.1421500e-01   -1.1333510e-01
3.2933101e-01   -1.1182112e-01
3.4461299e-01   -1.1025180e-01
3.6004499e-01   -1.0862569e-01
3.7561101e-01   -1.0697930e-01
3.9129600e-01   -1.0533749e-01
4.0708300e-01   -1.0366803e-01
4.2295700e-01   -1.0194153e-01
4.3890101e-01   -1.0019143e-01
4.5489901e-01   -9.8431602e-02
4.7093499e-01   -9.6606091e-02
4.8699200e-01   -9.4670169e-02
5.0305498e-01   -9.2642248e-02
5.1910698e-01   -9.0517491e-02
5.3513199e-01   -8.8268310e-02
5.5111402e-01   -8.5871853e-02
5.6703597e-01   -8.3324581e-02
5.8288401e-01   -8.0617882e-02
5.9864002e-01   -7.7727765e-02
6.1429000e-01   -7.4647292e-02
6.2981701e-01   -7.1405768e-02
6.4520597e-01   -6.8017751e-02
6.6044199e-01   -6.4471163e-02
6.7550898e-01   -6.0761597e-02
6.9039297e-01   -5.6937672e-02
7.0507699e-01   -5.3029045e-02
7.1954900e-01   -4.9021050e-02
7.3379302e-01   -4.4909898e-02
7.4779499e-01   -4.0791292e-02
7.6154202e-01   -3.6670491e-02
7.7501899e-01   -3.2591101e-02
7.8821403e-01   -2.8561095e-02
8.0111301e-01   -2.4585620e-02
8.1370401e-01   -2.0715265e-02
8.2597297e-01   -1.7038453e-02
8.3791000e-01   -1.3598073e-02
8.4950101e-01   -1.0429649e-02
8.6073500e-01   -7.5675729e-03
8.7160099e-01   -5.0338665e-03
8.8208801e-01   -2.8286166e-03
8.9218402e-01   -9.5721119e-04
9.0188003e-01   5.8753364e-04
9.1116500e-01   1.8132495e-03
9.2003101e-01   2.7505001e-03
9.2846799e-01   3.4275218e-03
9.3646699e-01   3.8693019e-03
9.4401902e-01   4.0926919e-03
9.5111603e-01   4.1270275e-03
9.5775098e-01   4.0227105e-03
9.6392000e-01   3.8413496e-03
9.6961600e-01   3.6689250e-03
9.7483599e-01   3.5447553e-03
9.7957498e-01   3.4109817e-03
9.8383099e-01   3.2222504e-03
9.8759800e-01   3.0521562e-03
9.9087399e-01   2.9214239e-03
9.9365300e-01   2.7562329e-03
9.9593401e-01   2.4968325e-03
9.9771100e-01   2.2618060e-03
9.9898201e-01   2.1679255e-03
9.9974501e-01   2.1510483e-03
1.0000000e+00   2.1465593e-03
