1.0000000e+00   3.0679607e-03
9.9974501e-01   3.1524075e-03
9.9898201e-01   3.4029027e-03
9.9771100e-01   3.7335560e-03
9.9593300e-01   4.0570507e-03
9.9365300e-01   4.5055677e-03
9.9087399e-01   5.1754103e-03
9.8759800e-01   5.9840209e-03
9.8382998e-01   6.9239610e-03
9.7957498e-01   8.0303503e-03
9.7483599e-01   9.2970235e-03
9.6961600e-01   1.0731086e-02
9.6392000e-01   1.2376948e-02
9.5775098e-01   1.4249939e-02
9.5111603e-01   1.6363868e-02
9.4401902e-01   1.8724008e-02
9.3646699e-01   2.1333510e-02
9.2846799e-01   2.4200281e-02
9.2003101e-01   2.7368259e-02
9.1116500e-01   3.0870728e-02
9.0187901e-01   3.4750912e-02
8.9218301e-01   3.8988136e-02
8.8208699e-01   4.3559141e-02
8.7160099e-01   4.8507936e-02
8.6073500e-01   5.3848557e-02
8.4950101e-01   5.9558310e-02
8.3791000e-01   6.5629907e-02
8.2597399e-01   7.2057731e-02
8.1370401e-01   7.8828052e-02
8.0111301e-01   8.5906476e-02
7.8821403e-01   9.3250372e-02
7.7501899e-01   1.0086137e-01
7.6154101e-01   1.0875979e-01
7.4779499e-01   1.1695527e-01
7.3379201e-01   1.2541266e-01
7.1954799e-01   1.3405658e-01
7.0507699e-01   1.4283186e-01
6.9039202e-01   1.5179339e-01
6.7550898e-01   1.6099691e-01
6.6044199e-01   1.7047811e-01
6.4520597e-01   1.8024270e-01
6.2981701e-01   1.9021113e-01
6.1429000e-01   2.0027044e-01
5.9864002e-01   2.1036713e-01
5.8288401e-01   2.2048287e-01
5.6703597e-01   2.3060332e-01
5.5111301e-01   2.4071598e-01
5.3513098e-01   2.5081688e-01
5.1910597e-01   2.6090458e-01
5.0305402e-01   2.7091897e-01
4.8699099e-01   2.8070131e-01
4.7093400e-01   2.9005197e-01
4.5489800e-01   2.9882407e-01
4.3889999e-01   3.0697292e-01
4.2295599e-01   3.1452596e-01
4.0708300e-01   3.2148755e-01
3.9129499e-01   3.2778692e-01
3.7560999e-01   3.3326569e-01
3.6004400e-01   3.3780831e-01
3.4461200e-01   3.4138551e-01
3.2933000e-01   3.4397393e-01
3.1421301e-01   3.4552720e-01
2.9927900e-01   3.4608015e-01
2.8454101e-01   3.4571335e-01
2.7001500e-01   3.4443259e-01
2.5571701e-01   3.4219813e-01
2.4166100e-01   3.3906302e-01
2.2786200e-01   3.3507493e-01
2.1433599e-01   3.3015004e-01
2.0109500e-01   3.2438377e-01
1.8815500e-01   3.1776419e-01
1.7553000e-01   3.1018999e-01
1.6323400e-01   3.0163723e-01
1.5128000e-01   2.9214948e-01
1.3968100e-01   2.8184831e-01
1.2845200e-01   2.7086952e-01
1.1760600e-01   2.5928211e-01
1.0715500e-01   2.4712195e-01
9.7112998e-02   2.3441790e-01
8.7493002e-02   2.2117528e-01
7.8305997e-02   2.0745595e-01
6.9565997e-02   1.9333334e-01
6.1285000e-02   1.7882821e-01
5.3474002e-02   1.6400886e-01
4.6149999e-02   1.4910369e-01
3.9326001e-02   1.3433041e-01
3.3013999e-02   1.1984631e-01
2.7230000e-02   1.0593202e-01
2.1980001e-02   9.2751488e-02
1.7277000e-02   7.9848699e-02
1.3141000e-02   6.7173749e-02
9.5729996e-03   5.5009160e-02
6.5830001e-03   4.3565508e-02
4.1880002e-03   3.3037167e-02
2.3540000e-03   2.3651417e-02
1.0810000e-03   1.5591172e-02
3.7100000e-04   9.0821460e-03
7.6999997e-05   4.3045902e-03
4.9999999e-06   1.3868710e-03
0.0000000e+00   4.0871787e-04
4.9999999e-06   -5.4038985e-04
7.6999997e-05   -3.2986526e-03
3.7100000e-04   -7.5839120e-03
1.0810000e-03   -1.2887206e-02
2.3530000e-03   -1.8457694e-02
4.1880002e-03   -2.3608599e-02
6.5850001e-03   -2.8186096e-02
9.5760003e-03   -3.2790717e-02
1.3145000e-02   -3.7685145e-02
1.7281000e-02   -4.1572448e-02
2.1983000e-02   -4.4252124e-02
2.7232001e-02   -4.5913275e-02
3.3016000e-02   -4.6639457e-02
3.9328001e-02   -4.6598494e-02
4.6151999e-02   -4.5965422e-02
5.3475998e-02   -4.4935573e-02
6.1287001e-02   -4.3604244e-02
6.9568001e-02   -4.1856095e-02
7.8308001e-02   -3.9644890e-02
8.7494999e-02   -3.7107479e-02
9.7115003e-02   -3.4401737e-02
1.0715700e-01   -3.1637479e-02
1.1760800e-01   -2.8802201e-02
1.2845400e-01   -2.5886979e-02
1.3968299e-01   -2.2898765e-02
1.5128200e-01   -1.9838160e-02
1.6323499e-01   -1.6749674e-02
1.7553200e-01   -1.3703777e-02
1.8815701e-01   -1.0716978e-02
2.0109700e-01   -7.8436686e-03
2.1433701e-01   -5.1273741e-03
2.2786400e-01   -2.5398640e-03
2.4166299e-01   -1.2200698e-04
2.5571901e-01   2.0773045e-03
2.7001700e-01   4.0775086e-03
2.8454199e-01   5.8756466e-03
2.9927999e-01   7.4843112e-03
3.1421500e-01   8.9332098e-03
3.2933101e-01   1.0224097e-02
3.4461299e-01   1.1318375e-02
3.6004499e-01   1.2198227e-02
3.7561101e-01   1.2864476e-02
3.9129600e-01   1.3345149e-02
4.0708300e-01   1.3666948e-02
4.2295700e-01   1.3865875e-02
4.3890101e-01   1.3939067e-02
4.5489901e-01   1.3865365e-02
4.7093499e-01   1.3643297e-02
4.8699200e-01   1.3307467e-02
5.0305498e-01   1.2905202e-02
5.1910698e-01   1.2483452e-02
5.3513199e-01   1.2018072e-02
5.5111402e-01   1.1492372e-02
5.6703597e-01   1.0902695e-02
5.8288401e-01   1.0257894e-02
5.9864002e-01   9.5601967e-03
6.1429000e-01   8.8136857e-03
6.2981701e-01   8.0316598e-03
6.4520597e-01   7.2262967e-03
6.6044199e-01   6.3940180e-03
6.7550898e-01   5.5487277e-03
6.9039297e-01   4.7008442e-03
7.0507699e-01   3.8743087e-03
7.1954900e-01   3.0793506e-03
7.3379302e-01   2.3198533e-03
7.4779499e-01   1.5712358e-03
7.6154202e-01   8.3883555e-04
7.7501899e-01   1.2139138e-04
7.8821403e-01   -5.5191194e-04
8.0111301e-01   -1.1706337e-03
8.1370401e-01   -1.7541080e-03
8.2597297e-01   -2.3175906e-03
8.3791000e-01   -2.8676288e-03
8.4950101e-01   -3.3929679e-03
8.6073500e-01   -3.8908864e-03
8.7160099e-01   -4.3536271e-03
8.8208801e-01   -4.7753933e-03
8.9218402e-01   -5.1523750e-03
9.0188003e-01   -5.4597440e-03
9.1116500e-01   -5.6821820e-03
9.2003101e-01   -5.8169663e-03
9.2846799e-01   -5.8620730e-03
9.3646699e-01   -5.8146962e-03
9.4401902e-01   -5.6849383e-03
9.5111603e-01   -5.4870904e-03
9.5775098e-01   -5.2065835e-03
9.6392000e-01   -4.8035965e-03
9.6961600e-01   -4.2378707e-03
9.7483599e-01   -3.5387867e-03
9.7957498e-01   -2.8345685e-03
9.8383099e-01   -2.2087221e-03
9.8759800e-01   -1.6023046e-03
9.9087399e-01   -9.8914711e-04
9.9365300e-01   -4.6367847e-04
9.9593401e-01   -1.5184283e-04
9.9771100e-01   7.3465519e-05
9.9898201e-01   3.4676399e-04
9.9974501e-01   5.7262549e-04
1.0000000e+00   6.5183348e-04
