1.0000000e+00   2.2604002e-03
9.9974501e-01   2.4184599e-03
9.9898201e-01   2.7963903e-03
9.9771100e-01   3.2379709e-03
9.9593300e-01   3.9267675e-03
9.9365300e-01   4.8160451e-03
9.9087399e-01   5.9630275e-03
9.8759800e-01   7.3936456e-03
9.8382998e-01   9.0571037e-03
9.7957498e-01   1.1032832e-02
9.7483599e-01   1.2828996e-02
9.6961600e-01   1.5219896e-02
9.6392000e-01   1.7567012e-02
9.5775098e-01   2.0203950e-02
9.5111603e-01   2.3141552e-02
9.4401902e-01   2.6288934e-02
9.3646699e-01   2.9355884e-02
9.2846799e-01   3.2971110e-02
9.2003101e-01   3.6404468e-02
9.1116500e-01   4.0214006e-02
9.0187901e-01   4.4081155e-02
8.9218301e-01   4.8259575e-02
8.8208699e-01   5.2594636e-02
8.7160099e-01   5.7089668e-02
8.6073500e-01   6.1675698e-02
8.4950101e-01   6.6414766e-02
8.3791000e-01   7.1396984e-02
8.2597399e-01   7.6742142e-02
8.1370401e-01   8.1930451e-02
8.0111301e-01   8.6875238e-02
7.8821403e-01   9.2553280e-02
7.7501899e-01   9.7905137e-02
7.6154101e-01   1.0297079e-01
7.4779499e-01   1.0836264e-01
7.3379201e-01   1.1413189e-01
7.1954799e-01   1.1988153e-01
7.0507699e-01   1.2542997e-01
6.9039202e-01   1.3081022e-01
6.7550898e-01   1.3652796e-01
6.6044199e-01   1.4206861e-01
6.4520597e-01   1.4760140e-01
6.2981701e-01   1.5295185e-01
6.1429000e-01   1.5821598e-01
5.9864002e-01   1.6310030e-01
5.8288401e-01   1.6779007e-01
5.6703597e-01   1.7276733e-01
5.5111301e-01   1.7738888e-01
5.3513098e-01   1.8147327e-01
5.1910597e-01   1.8512167e-01
5.0305402e-01   1.8903865e-01
4.8699099e-01   1.9266146e-01
4.7093400e-01   1.9532299e-01
4.5489800e-01   1.9851305e-01
4.3889999e-01   2.0088942e-01
4.2295599e-01   2.0365112e-01
4.0708300e-01   2.0527275e-01
3.9129499e-01   2.0675011e-01
3.7560999e-01   2.0784676e-01
3.6004400e-01   2.0887762e-01
3.4461200e-01   2.0941323e-01
3.2933000e-01   2.0960139e-01
3.1421301e-01   2.0938818e-01
2.9927900e-01   2.0862073e-01
2.8454101e-01   2.0779110e-01
2.7001500e-01   2.0633316e-01
2.5571701e-01   2.0471735e-01
2.4166100e-01   2.0269983e-01
2.2786200e-01   1.9992973e-01
2.1433599e-01   1.9677839e-01
2.0109500e-01   1.9374348e-01
1.8815500e-01   1.8988851e-01
1.7553000e-01   1.8568209e-01
1.6323400e-01   1.8105249e-01
1.5128000e-01   1.7623879e-01
1.3968100e-01   1.7096213e-01
1.2845200e-01   1.6497351e-01
1.1760600e-01   1.5907076e-01
1.0715500e-01   1.5252133e-01
9.7112998e-02   1.4576729e-01
8.7493002e-02   1.3862020e-01
7.8305997e-02   1.3116506e-01
6.9565997e-02   1.2372298e-01
6.1285000e-02   1.1581519e-01
5.3474002e-02   1.0784855e-01
4.6149999e-02   9.9631622e-02
3.9326001e-02   9.1308571e-02
3.3013999e-02   8.2730487e-02
2.7230000e-02   7.4245229e-02
2.1980001e-02   6.5694645e-02
1.7277000e-02   5.7120349e-02
1.3141000e-02   4.8607614e-02
9.5729996e-03   4.0186092e-02
6.5830001e-03   3.2233149e-02
4.1880002e-03   2.4603989e-02
2.3540000e-03   1.7637648e-02
1.0810000e-03   1.1490392e-02
3.7100000e-04   6.5651177e-03
7.6999997e-05   2.9033592e-03
4.9999999e-06   7.1705237e-04
0.0000000e+00   -2.3600878e-05
4.9999999e-06   -8.3823368e-04
7.6999997e-05   -2.9184218e-03
3.7100000e-04   -6.3964962e-03
1.0810000e-03   -1.0674685e-02
2.3530000e-03   -1.5611864e-02
4.1880002e-03   -2.0709911e-02
6.5850001e-03   -2.5717655e-02
9.5760003e-03   -3.0555004e-02
1.3145000e-02   -3.5098147e-02
1.7281000e-02   -3.9393824e-02
2.1983000e-02   -4.3417610e-02
2.7232001e-02   -4.6991594e-02
3.3016000e-02   -5.0379995e-02
3.9328001e-02   -5.3522427e-02
4.6151999e-02   -5.6431875e-02
5.3475998e-02   -5.9020974e-02
6.1287001e-02   -6.1410349e-02
6.9568001e-02   -6.3621901e-02
7.8308001e-02   -6.5303721e-02
8.7494999e-02   -6.7258939e-02
9.7115003e-02   -6.8489529e-02
1.0715700e-01   -6.9665834e-02
1.1760800e-01   -7.0910357e-02
1.2845400e-01   -7.1436100e-02
1.3968299e-01   -7.2212994e-02
1.5128200e-01   -7.2724573e-02
1.6323499e-01   -7.2736762e-02
1.7553200e-01   -7.2586387e-02
1.8815701e-01   -7.2572939e-02
2.0109700e-01   -7.2335251e-02
2.1433701e-01   -7.1705222e-02
2.2786400e-01   -7.1181856e-02
2.4166299e-01   -7.0387959e-02
2.5571901e-01   -6.9182746e-02
2.7001700e-01   -6.8150289e-02
2.8454199e-01   -6.7117587e-02
2.9927999e-01   -6.5504991e-02
3.1421500e-01   -6.4135812e-02
3.2933101e-01   -6.2715128e-02
3.4461299e-01   -6.1206955e-02
3.6004499e-01   -5.9363626e-02
3.7561101e-01   -5.7676967e-02
3.9129600e-01   -5.5710264e-02
4.0708300e-01   -5.3684384e-02
4.2295700e-01   -5.1549651e-02
4.3890101e-01   -4.9449053e-02
4.5489901e-01   -4.7655169e-02
4.7093499e-01   -4.5730207e-02
4.8699200e-01   -4.3254483e-02
5.0305498e-01   -4.1050524e-02
5.1910698e-01   -3.8878936e-02
5.3513199e-01   -3.6931567e-02
5.5111402e-01   -3.4608554e-02
5.6703597e-01   -3.2875087e-02
5.8288401e-01   -3.0838011e-02
5.9864002e-01   -2.8715430e-02
6.1429000e-01   -2.7123600e-02
6.2981701e-01   -2.4987550e-02
6.4520597e-01   -2.3047157e-02
6.6044199e-01   -2.1266051e-02
6.7550898e-01   -1.9660931e-02
6.9039297e-01   -1.7793432e-02
7.0507699e-01   -1.6170738e-02
7.1954900e-01   -1.4945936e-02
7.3379302e-01   -1.3186532e-02
7.4779499e-01   -1.1836592e-02
7.6154202e-01   -1.0476304e-02
7.7501899e-01   -9.5826527e-03
7.8821403e-01   -8.2780654e-03
8.0111301e-01   -6.7913868e-03
8.1370401e-01   -5.9573376e-03
8.2597297e-01   -5.0403420e-03
8.3791000e-01   -4.2597991e-03
8.4950101e-01   -3.3833853e-03
8.6073500e-01   -2.9465349e-03
8.7160099e-01   -2.6235343e-03
8.8208801e-01   -1.7639315e-03
8.9218402e-01   -1.6877886e-03
9.0188003e-01   -1.0868371e-03
9.1116500e-01   -9.2150620e-04
9.2003101e-01   -7.5332762e-04
9.2846799e-01   -5.2447844e-04
9.3646699e-01   -4.3044283e-04
9.4401902e-01   -4.1726741e-04
9.5111603e-01   -4.1492839e-04
9.5775098e-01   -3.7321213e-04
9.6392000e-01   -5.3485524e-04
9.6961600e-01   -5.4054690e-04
9.7483599e-01   -6.9719483e-04
9.7957498e-01   -7.3546474e-04
9.8383099e-01   -7.4963452e-04
9.8759800e-01   -8.8664540e-04
9.9087399e-01   -9.9070522e-04
9.9365300e-01   -1.0776905e-03
9.9593401e-01   -1.1617322e-03
9.9771100e-01   -1.2040007e-03
9.9898201e-01   -1.2122852e-03
9.9974501e-01   -1.2278567e-03
1.0000000e+00   -1.2556484e-03
