1.0000000e+00   -1.0770404e-05
9.9974501e-01   9.8044962e-05
9.9898201e-01   5.1269680e-04
9.9771100e-01   1.1963967e-03
9.9593300e-01   1.9773904e-03
9.9365300e-01   3.0993947e-03
9.9087399e-01   4.5971824e-03
9.8759800e-01   6.3167787e-03
9.8382998e-01   8.1891054e-03
9.7957498e-01   1.0280279e-02
9.7483599e-01   1.2783082e-02
9.6961600e-01   1.5315586e-02
9.6392000e-01   1.8141849e-02
9.5775098e-01   2.1181753e-02
9.5111603e-01   2.4415256e-02
9.4401902e-01   2.7942067e-02
9.3646699e-01   3.1800956e-02
9.2846799e-01   3.5963830e-02
9.2003101e-01   4.0273298e-02
9.1116500e-01   4.4706557e-02
9.0187901e-01   4.9587931e-02
8.9218301e-01   5.4542717e-02
8.8208699e-01   5.9768282e-02
8.7160099e-01   6.5362006e-02
8.6073500e-01   7.1086124e-02
8.4950101e-01   7.6873317e-02
8.3791000e-01   8.3006807e-02
8.2597399e-01   8.9195542e-02
8.1370401e-01   9.5698692e-02
8.0111301e-01   1.0205550e-01
7.8821403e-01   1.0856083e-01
7.7501899e-01   1.1507910e-01
7.6154101e-01   1.2165216e-01
7.4779499e-01   1.2833887e-01
7.3379201e-01   1.3487577e-01
7.1954799e-01   1.4144635e-01
7.0507699e-01   1.4808118e-01
6.9039202e-01   1.5463603e-01
6.7550898e-01   1.6145858e-01
6.6044199e-01   1.6785210e-01
6.4520597e-01   1.7421511e-01
6.2981701e-01   1.8040191e-01
6.1429000e-01   1.8648779e-01
5.9864002e-01   1.9207273e-01
5.8288401e-01   1.9758788e-01
5.6703597e-01   2.0252800e-01
5.5111301e-01   2.0748016e-01
5.3513098e-01   2.1209785e-01
5.1910597e-01   2.1655552e-01
5.0305402e-01   2.2043826e-01
4.8699099e-01   2.2421750e-01
4.7093400e-01   2.2748995e-01
4.5489800e-01   2.3048747e-01
4.3889999e-01   2.3316708e-01
4.2295599e-01   2.3537090e-01
4.0708300e-01   2.3714846e-01
3.9129499e-01   2.3836365e-01
3.7560999e-01   2.3942111e-01
3.6004400e-01   2.4009183e-01
3.4461200e-01   2.4069674e-01
3.2933000e-01   2.4065419e-01
3.1421301e-01   2.4000257e-01
2.9927900e-01   2.3918480e-01
2.8454101e-01   2.3815599e-01
2.7001500e-01   2.3654731e-01
2.5571701e-01   2.3467395e-01
2.4166100e-01   2.3232602e-01
2.2786200e-01   2.2984582e-01
2.1433599e-01   2.2677599e-01
2.0109500e-01   2.2321929e-01
1.8815500e-01   2.1936737e-01
1.7553000e-01   2.1486722e-01
1.6323400e-01   2.1022454e-01
1.5128000e-01   2.0491502e-01
1.3968100e-01   1.9940288e-01
1.2845200e-01   1.9348110e-01
1.1760600e-01   1.8715596e-01
1.0715500e-01   1.8014111e-01
9.7112998e-02   1.7313136e-01
8.7493002e-02   1.6546440e-01
7.8305997e-02   1.5745708e-01
6.9565997e-02   1.4907782e-01
6.1285000e-02   1.4038736e-01
5.3474002e-02   1.3122669e-01
4.6149999e-02   1.2191544e-01
3.9326001e-02   1.1224914e-01
3.3013999e-02   1.0245972e-01
2.7230000e-02   9.2539340e-02
2.1980001e-02   8.2431704e-02
1.7277000e-02   7.2234064e-02
1.3141000e-02   6.1797451e-02
9.5729996e-03   5.1468033e-02
6.5830001e-03   4.1415140e-02
4.1880002e-03   3.1867124e-02
2.3540000e-03   2.2925150e-02
1.0810000e-03   1.5115956e-02
3.7100000e-04   8.5587846e-03
7.6999997e-05   3.8632106e-03
4.9999999e-06   9.6541410e-04
0.0000000e+00   4.7682406e-06
4.9999999e-06   -9.4383454e-04
7.6999997e-05   -3.8367389e-03
3.7100000e-04   -8.3506098e-03
1.0810000e-03   -1.4330431e-02
2.3530000e-03   -2.1174243e-02
4.1880002e-03   -2.8552761e-02
6.5850001e-03   -3.5691332e-02
9.5760003e-03   -4.2805675e-02
1.3145000e-02   -4.9710769e-02
1.7281000e-02   -5.6539848e-02
2.1983000e-02   -6.3018858e-02
2.7232001e-02   -6.9264404e-02
3.3016000e-02   -7.5256698e-02
3.9328001e-02   -8.1019536e-02
4.6151999e-02   -8.6682044e-02
5.3475998e-02   -9.1975652e-02
6.1287001e-02   -9.7055197e-02
6.9568001e-02   -1.0195249e-01
7.8308001e-02   -1.0658062e-01
8.7494999e-02   -1.1103666e-01
9.7115003e-02   -1.1513144e-01
1.0715700e-01   -1.1919036e-01
1.1760800e-01   -1.2295166e-01
1.2845400e-01   -1.2669684e-01
1.3968299e-01   -1.3007852e-01
1.5128200e-01   -1.3306262e-01
1.6323499e-01   -1.3600169e-01
1.7553200e-01   -1.3875470e-01
1.8815701e-01   -1.4135985e-01
2.0109700e-01   -1.4362285e-01
2.1433701e-01   -1.4557701e-01
2.2786400e-01   -1.4776209e-01
2.4166299e-01   -1.4950682e-01
2.5571901e-01   -1.5084989e-01
2.7001700e-01   -1.5219310e-01
2.8454199e-01   -1.5293722e-01
2.9927999e-01   -1.5372840e-01
3.1421500e-01   -1.5425251e-01
3.2933101e-01   -1.5474869e-01
3.4461299e-01   -1.5484737e-01
3.6004499e-01   -1.5468189e-01
3.7561101e-01   -1.5420225e-01
3.9129600e-01   -1.5346016e-01
4.0708300e-01   -1.5267228e-01
4.2295700e-01   -1.5153091e-01
4.3890101e-01   -1.5038058e-01
4.5489901e-01   -1.4878693e-01
4.7093499e-01   -1.4708559e-01
4.8699200e-01   -1.4496370e-01
5.0305498e-01   -1.4251679e-01
5.1910698e-01   -1.3966614e-01
5.3513199e-01   -1.3694341e-01
5.5111402e-01   -1.3375697e-01
5.6703597e-01   -1.3042182e-01
5.8288401e-01   -1.2653773e-01
5.9864002e-01   -1.2265780e-01
6.1429000e-01   -1.1852483e-01
6.2981701e-01   -1.1442605e-01
6.4520597e-01   -1.1005666e-01
6.6044199e-01   -1.0582409e-01
6.7550898e-01   -1.0149050e-01
6.9039297e-01   -9.7028479e-02
7.0507699e-01   -9.2567869e-02
7.1954900e-01   -8.8149004e-02
7.3379302e-01   -8.3845466e-02
7.4779499e-01   -7.9432182e-02
7.6154202e-01   -7.5176135e-02
7.7501899e-01   -7.1096480e-02
7.8821403e-01   -6.7084938e-02
8.0111301e-01   -6.2971398e-02
8.1370401e-01   -5.8971871e-02
8.2597297e-01   -5.5202570e-02
8.3791000e-01   -5.1297273e-02
8.4950101e-01   -4.7728404e-02
8.6073500e-01   -4.4085715e-02
8.7160099e-01   -4.0673416e-02
8.8208801e-01   -3.7341293e-02
8.9218402e-01   -3.3972245e-02
9.0188003e-01   -3.0984610e-02
9.1116500e-01   -2.8030938e-02
9.2003101e-01   -2.5232349e-02
9.2846799e-01   -2.2573365e-02
9.3646699e-01   -2.0056868e-02
9.4401902e-01   -1.7685464e-02
9.5111603e-01   -1.5602637e-02
9.5775098e-01   -1.3771486e-02
9.6392000e-01   -1.1845292e-02
9.6961600e-01   -1.0118610e-02
9.7483599e-01   -8.4210206e-03
9.7957498e-01   -6.8481751e-03
9.8383099e-01   -5.5189440e-03
9.8759800e-01   -4.2213285e-03
9.9087399e-01   -3.1195956e-03
9.9365300e-01   -2.1444079e-03
9.9593401e-01   -1.4230881e-03
9.9771100e-01   -7.6608238e-04
9.9898201e-01   -3.0978699e-04
9.9974501e-01   -1.0489457e-04
1.0000000e+00   6.9519037e-06
