1.0000000e+00   2.9821810e-03
9.9974501e-01   3.4959232e-03
9.9898201e-01   3.4491443e-03
9.9771100e-01   3.9072908e-03
9.9593300e-01   4.3766578e-03
9.9365300e-01   4.6559628e-03
9.9087399e-01   5.5604428e-03
9.8759800e-01   6.5355408e-03
9.8382998e-01   7.7206655e-03
9.7957498e-01   8.7952148e-03
9.7483599e-01   1.0387500e-02
9.6961600e-01   1.2116070e-02
9.6392000e-01   1.3508417e-02
9.5775098e-01   1.5883625e-02
9.5111603e-01   1.8015957e-02
9.4401902e-01   2.0488074e-02
9.3646699e-01   2.2610193e-02
9.2846799e-01   2.5573563e-02
9.2003101e-01   2.7992504e-02
9.1116500e-01   3.1232782e-02
9.0187901e-01   3.4541212e-02
8.9218301e-01   3.7442677e-02
8.8208699e-01   4.1045964e-02
8.7160099e-01   4.4322912e-02
8.6073500e-01   4.8162211e-02
8.4950101e-01   5.2636519e-02
8.3791000e-01   5.6205202e-02
8.2597399e-01   6.1043225e-02
8.1370401e-01   6.5197736e-02
8.0111301e-01   6.9623806e-02
7.8821403e-01   7.4330688e-02
7.7501899e-01   7.9000950e-02
7.6154101e-01   8.3964422e-02
7.4779499e-01   8.8779062e-02
7.3379201e-01   9.3976565e-02
7.1954799e-01   9.8662108e-02
7.0507699e-01   1.0351825e-01
6.9039202e-01   1.0871709e-01
6.7550898e-01   1.1403337e-01
6.6044199e-01   1.1922123e-01
6.4520597e-01   1.2459122e-01
6.2981701e-01   1.2940560e-01
6.1429000e-01   1.3468087e-01
5.9864002e-01   1.3933261e-01
5.8288401e-01   1.4390843e-01
5.6703597e-01   1.4893544e-01
5.5111301e-01   1.5333325e-01
5.3513098e-01   1.5796502e-01
5.1910597e-01   1.6156651e-01
5.0305402e-01   1.6576493e-01
4.8699099e-01   1.6944616e-01
4.7093400e-01   1.7283165e-01
4.5489800e-01   1.7582956e-01
4.3889999e-01   1.7882593e-01
4.2295599e-01   1.8158318e-01
4.0708300e-01   1.8426481e-01
3.9129499e-01   1.8680248e-01
3.7560999e-01   1.8846272e-01
3.6004400e-01   1.9002625e-01
3.4461200e-01   1.9113016e-01
3.2933000e-01   1.9221219e-01
3.1421301e-01   1.9320978e-01
2.9927900e-01   1.9263002e-01
2.8454101e-01   1.9331630e-01
2.7001500e-01   1.9277066e-01
2.5571701e-01   1.9220620e-01
2.4166100e-01   1.9093508e-01
2.2786200e-01   1.8891203e-01
2.1433599e-01   1.8742172e-01
2.0109500e-01   1.8519656e-01
1.8815500e-01   1.8215683e-01
1.7553000e-01   1.7873950e-01
1.6323400e-01   1.7559934e-01
1.5128000e-01   1.7210615e-01
1.3968100e-01   1.6723014e-01
1.2845200e-01   1.6284871e-01
1.1760600e-01   1.5729384e-01
1.0715500e-01   1.5154399e-01
9.7112998e-02   1.4514004e-01
8.7493002e-02   1.3887420e-01
7.8305997e-02   1.3196784e-01
6.9565997e-02   1.2437971e-01
6.1285000e-02   1.1683770e-01
5.3474002e-02   1.0900409e-01
4.6149999e-02   1.0063031e-01
3.9326001e-02   9.2368878e-02
3.3013999e-02   8.3853215e-02
2.7230000e-02   7.5245447e-02
2.1980001e-02   6.6561073e-02
1.7277000e-02   5.7767659e-02
1.3141000e-02   4.8933189e-02
9.5729996e-03   4.0528785e-02
6.5830001e-03   3.2345805e-02
4.1880002e-03   2.4509763e-02
2.3540000e-03   1.7653158e-02
1.0810000e-03   1.1344252e-02
3.7100000e-04   6.3100401e-03
7.6999997e-05   2.9260982e-03
4.9999999e-06   5.9907668e-04
0.0000000e+00   -2.3452489e-04
4.9999999e-06   -9.1224769e-04
7.6999997e-05   -2.9880328e-03
3.7100000e-04   -6.5797251e-03
1.0810000e-03   -1.1501375e-02
2.3530000e-03   -1.6991507e-02
4.1880002e-03   -2.2711368e-02
6.5850001e-03   -2.8630544e-02
9.5760003e-03   -3.4623399e-02
1.3145000e-02   -4.0145379e-02
1.7281000e-02   -4.5815222e-02
2.1983000e-02   -5.0992955e-02
2.7232001e-02   -5.6279037e-02
3.3016000e-02   -6.0905196e-02
3.9328001e-02   -6.5566771e-02
4.6151999e-02   -7.0267409e-02
5.3475998e-02   -7.4779160e-02
6.1287001e-02   -7.8935221e-02
6.9568001e-02   -8.2869686e-02
7.8308001e-02   -8.6983010e-02
8.7494999e-02   -9.0555027e-02
9.7115003e-02   -9.4112970e-02
1.0715700e-01   -9.7212397e-02
1.1760800e-01   -1.0101753e-01
1.2845400e-01   -1.0364815e-01
1.3968299e-01   -1.0610571e-01
1.5128200e-01   -1.0914108e-01
1.6323499e-01   -1.1112140e-01
1.7553200e-01   -1.1382738e-01
1.8815701e-01   -1.1569365e-01
2.0109700e-01   -1.1762366e-01
2.1433701e-01   -1.1947154e-01
2.2786400e-01   -1.2106661e-01
2.4166299e-01   -1.2243394e-01
2.5571901e-01   -1.2378697e-01
2.7001700e-01   -1.2507568e-01
2.8454199e-01   -1.2615696e-01
2.9927999e-01   -1.2628844e-01
3.1421500e-01   -1.2744433e-01
3.2933101e-01   -1.2782398e-01
3.4461299e-01   -1.2763661e-01
3.6004499e-01   -1.2832336e-01
3.7561101e-01   -1.2810583e-01
3.9129600e-01   -1.2767886e-01
4.0708300e-01   -1.2690975e-01
4.2295700e-01   -1.2684228e-01
4.3890101e-01   -1.2552615e-01
4.5489901e-01   -1.2464842e-01
4.7093499e-01   -1.2310804e-01
4.8699200e-01   -1.2201466e-01
5.0305498e-01   -1.2037152e-01
5.1910698e-01   -1.1846132e-01
5.3513199e-01   -1.1660700e-01
5.5111402e-01   -1.1459111e-01
5.6703597e-01   -1.1240517e-01
5.8288401e-01   -1.1042224e-01
5.9864002e-01   -1.0753627e-01
6.1429000e-01   -1.0476787e-01
6.2981701e-01   -1.0216032e-01
6.4520597e-01   -9.9461079e-02
6.6044199e-01   -9.6447073e-02
6.7550898e-01   -9.3534380e-02
6.9039297e-01   -9.0767324e-02
7.0507699e-01   -8.7355673e-02
7.1954900e-01   -8.4550917e-02
7.3379302e-01   -8.1053600e-02
7.4779499e-01   -7.7766649e-02
7.6154202e-01   -7.4401073e-02
7.7501899e-01   -7.0907466e-02
7.8821403e-01   -6.8011597e-02
8.0111301e-01   -6.4505517e-02
8.1370401e-01   -6.1177280e-02
8.2597297e-01   -5.8127116e-02
8.3791000e-01   -5.4810047e-02
8.4950101e-01   -5.1244497e-02
8.6073500e-01   -4.8136868e-02
8.7160099e-01   -4.4678207e-02
8.8208801e-01   -4.1289926e-02
8.9218402e-01   -3.8390968e-02
9.0188003e-01   -3.5284247e-02
9.1116500e-01   -3.2532923e-02
9.2003101e-01   -2.9613188e-02
9.2846799e-01   -2.6621819e-02
9.3646699e-01   -2.4177017e-02
9.4401902e-01   -2.1392472e-02
9.5111603e-01   -1.9010736e-02
9.5775098e-01   -1.6571121e-02
9.6392000e-01   -1.4138856e-02
9.6961600e-01   -1.2046551e-02
9.7483599e-01   -1.0060758e-02
9.7957498e-01   -8.2464935e-03
9.8383099e-01   -6.4557963e-03
9.8759800e-01   -5.2137407e-03
9.9087399e-01   -3.9609661e-03
9.9365300e-01   -2.8666372e-03
9.9593401e-01   -1.9392817e-03
9.9771100e-01   -1.4952464e-03
9.9898201e-01   -8.9528086e-04
9.9974501e-01   -5.5015570e-04
1.0000000e+00   -3.4505408e-04
