1.0000000e+00   7.7370657e-03
9.9974501e-01   7.9143764e-03
9.9898201e-01   8.4372452e-03
9.9771100e-01   9.2588477e-03
9.9593300e-01   1.0318815e-02
9.9365300e-01   1.1654250e-02
9.9087399e-01   1.3323043e-02
9.8759800e-01   1.5289166e-02
9.8382998e-01   1.7541757e-02
9.7957498e-01   2.0084456e-02
9.7483599e-01   2.2902694e-02
9.6961600e-01   2.5999276e-02
9.6392000e-01   2.9411213e-02
9.5775098e-01   3.3157486e-02
9.5111603e-01   3.7220992e-02
9.4401902e-01   4.1557405e-02
9.3646699e-01   4.6157770e-02
9.2846799e-01   5.1034041e-02
9.2003101e-01   5.6165688e-02
9.1116500e-01   6.1519578e-02
9.0187901e-01   6.7120656e-02
8.9218301e-01   7.2980665e-02
8.8208699e-01   7.9050109e-02
8.7160099e-01   8.5280851e-02
8.6073500e-01   9.1659866e-02
8.4950101e-01   9.8199002e-02
8.3791000e-01   1.0489496e-01
8.2597399e-01   1.1170693e-01
8.1370401e-01   1.1859412e-01
8.0111301e-01   1.2554982e-01
7.8821403e-01   1.3254800e-01
7.7501899e-01   1.3956599e-01
7.6154101e-01   1.4655837e-01
7.4779499e-01   1.5346134e-01
7.3379201e-01   1.6025910e-01
7.1954799e-01   1.6694312e-01
7.0507699e-01   1.7349464e-01
6.9039202e-01   1.7992613e-01
6.7550898e-01   1.8620946e-01
6.6044199e-01   1.9230635e-01
6.4520597e-01   1.9818068e-01
6.2981701e-01   2.0379430e-01
6.1429000e-01   2.0913385e-01
5.9864002e-01   2.1418601e-01
5.8288401e-01   2.1891692e-01
5.6703597e-01   2.2329064e-01
5.5111301e-01   2.2731060e-01
5.3513098e-01   2.3097907e-01
5.1910597e-01   2.3425902e-01
5.0305402e-01   2.3711640e-01
4.8699099e-01   2.3957103e-01
4.7093400e-01   2.4163857e-01
4.5489800e-01   2.4332429e-01
4.3889999e-01   2.4462691e-01
4.2295599e-01   2.4556884e-01
4.0708300e-01   2.4613519e-01
3.9129499e-01   2.4632050e-01
3.7560999e-01   2.4612129e-01
3.6004400e-01   2.4554399e-01
3.4461200e-01   2.4458897e-01
3.2933000e-01   2.4327728e-01
3.1421301e-01   2.4164952e-01
2.9927900e-01   2.3974723e-01
2.8454101e-01   2.3757997e-01
2.7001500e-01   2.3510654e-01
2.5571701e-01   2.3230177e-01
2.4166100e-01   2.2917041e-01
2.2786200e-01   2.2569558e-01
2.1433599e-01   2.2180578e-01
2.0109500e-01   2.1755680e-01
1.8815500e-01   2.1294092e-01
1.7553000e-01   2.0791511e-01
1.6323400e-01   2.0248838e-01
1.5128000e-01   1.9667028e-01
1.3968100e-01   1.9047126e-01
1.2845200e-01   1.8389547e-01
1.1760600e-01   1.7698088e-01
1.0715500e-01   1.6976583e-01
9.7112998e-02   1.6221990e-01
8.7493002e-02   1.5430315e-01
7.8305997e-02   1.4605628e-01
6.9565997e-02   1.3750559e-01
6.1285000e-02   1.2859452e-01
5.3474002e-02   1.1934540e-01
4.6149999e-02   1.0989790e-01
3.9326001e-02   1.0039130e-01
3.3013999e-02   9.0958327e-02
2.7230000e-02   8.1802025e-02
2.1980001e-02   7.2989710e-02
1.7277000e-02   6.4111762e-02
1.3141000e-02   5.5106979e-02
9.5729996e-03   4.6186637e-02
6.5830001e-03   3.7537895e-02
4.1880002e-03   2.9247349e-02
2.3540000e-03   2.1420950e-02
1.0810000e-03   1.4333924e-02
3.7100000e-04   8.3411112e-03
7.6999997e-05   3.7884670e-03
4.9999999e-06   9.4967760e-04
0.0000000e+00   -1.2812205e-05
4.9999999e-06   -9.5483469e-04
7.6999997e-05   -3.6971332e-03
3.7100000e-04   -7.9491064e-03
1.0810000e-03   -1.3197661e-02
2.3530000e-03   -1.8848035e-02
4.1880002e-03   -2.4328267e-02
6.5850001e-03   -2.9309258e-02
9.5760003e-03   -3.4074761e-02
1.3145000e-02   -3.8761009e-02
1.7281000e-02   -4.2529929e-02
2.1983000e-02   -4.5453753e-02
2.7232001e-02   -4.7873423e-02
3.3016000e-02   -4.9890429e-02
3.9328001e-02   -5.1604833e-02
4.6151999e-02   -5.3106088e-02
5.3475998e-02   -5.4431286e-02
6.1287001e-02   -5.5574998e-02
6.9568001e-02   -5.6548730e-02
7.8308001e-02   -5.7414860e-02
8.7494999e-02   -5.8184560e-02
9.7115003e-02   -5.8800872e-02
1.0715700e-01   -5.9248880e-02
1.1760800e-01   -5.9567071e-02
1.2845400e-01   -5.9783585e-02
1.3968299e-01   -5.9883382e-02
1.5128200e-01   -5.9849579e-02
1.6323499e-01   -5.9693556e-02
1.7553200e-01   -5.9430819e-02
1.8815701e-01   -5.9037805e-02
2.0109700e-01   -5.8485299e-02
2.1433701e-01   -5.7787996e-02
2.2786400e-01   -5.6946985e-02
2.4166299e-01   -5.5971421e-02
2.5571901e-01   -5.4868631e-02
2.7001700e-01   -5.3670678e-02
2.8454199e-01   -5.2428164e-02
2.9927999e-01   -5.1159509e-02
3.1421500e-01   -4.9868118e-02
3.2933101e-01   -4.8558567e-02
3.4461299e-01   -4.7240373e-02
3.6004499e-01   -4.5909718e-02
3.7561101e-01   -4.4552296e-02
3.9129600e-01   -4.3176726e-02
4.0708300e-01   -4.1803267e-02
4.2295700e-01   -4.0431771e-02
4.3890101e-01   -3.9057367e-02
4.5489901e-01   -3.7674535e-02
4.7093499e-01   -3.6281195e-02
4.8699200e-01   -3.4875009e-02
5.0305498e-01   -3.3454455e-02
5.1910698e-01   -3.2021753e-02
5.3513199e-01   -3.0587681e-02
5.5111402e-01   -2.9129302e-02
5.6703597e-01   -2.7627859e-02
5.8288401e-01   -2.6129656e-02
5.9864002e-01   -2.4677042e-02
6.1429000e-01   -2.3243364e-02
6.2981701e-01   -2.1806000e-02
6.4520597e-01   -2.0395780e-02
6.6044199e-01   -1.9035321e-02
6.7550898e-01   -1.7720317e-02
6.9039297e-01   -1.6452409e-02
7.0507699e-01   -1.5211705e-02
7.1954900e-01   -1.3999166e-02
7.3379302e-01   -1.2852371e-02
7.4779499e-01   -1.1794878e-02
7.6154202e-01   -1.0806666e-02
7.7501899e-01   -9.8860553e-03
7.8821403e-01   -9.0462454e-03
8.0111301e-01   -8.2942974e-03
8.1370401e-01   -7.6241498e-03
8.2597297e-01   -7.0165861e-03
8.3791000e-01   -6.4696618e-03
8.4950101e-01   -5.9807352e-03
8.6073500e-01   -5.5503529e-03
8.7160099e-01   -5.1741390e-03
8.8208801e-01   -4.8438786e-03
8.9218402e-01   -4.5558596e-03
9.0188003e-01   -4.3182434e-03
9.1116500e-01   -4.1335369e-03
9.2003101e-01   -3.9699008e-03
9.2846799e-01   -3.7913835e-03
9.3646699e-01   -3.6000677e-03
9.4401902e-01   -3.4144938e-03
9.5111603e-01   -3.2403280e-03
9.5775098e-01   -3.0570643e-03
9.6392000e-01   -2.8334993e-03
9.6961600e-01   -2.5423858e-03
9.7483599e-01   -2.1831749e-03
9.7957498e-01   -1.8165818e-03
9.8383099e-01   -1.4935134e-03
9.8759800e-01   -1.1913100e-03
9.9087399e-01   -9.0797315e-04
9.9365300e-01   -6.7455310e-04
9.9593401e-01   -5.1919272e-04
9.9771100e-01   -4.1862574e-04
9.9898201e-01   -3.5507974e-04
9.9974501e-01   -3.1966064e-04
1.0000000e+00   -3.0950923e-04
