1.0000000e+00   3.5505071e-03
9.9974501e-01   3.7937716e-03
9.9898201e-01   3.8144162e-03
9.9771100e-01   4.9089543e-03
9.9593300e-01   5.7905917e-03
9.9365300e-01   7.3668621e-03
9.9087399e-01   9.7678397e-03
9.8759800e-01   1.1782465e-02
9.8382998e-01   1.4658877e-02
9.7957498e-01   1.7152546e-02
9.7483599e-01   2.0542700e-02
9.6961600e-01   2.3903660e-02
9.6392000e-01   2.7512683e-02
9.5775098e-01   3.1643774e-02
9.5111603e-01   3.6204085e-02
9.4401902e-01   4.0449694e-02
9.3646699e-01   4.5271177e-02
9.2846799e-01   5.0065614e-02
9.2003101e-01   5.4982077e-02
9.1116500e-01   6.0301978e-02
9.0187901e-01   6.5227762e-02
8.9218301e-01   7.1286872e-02
8.8208699e-01   7.6628365e-02
8.7160099e-01   8.2474865e-02
8.6073500e-01   8.8561207e-02
8.4950101e-01   9.4855160e-02
8.3791000e-01   1.0165089e-01
8.2597399e-01   1.0734215e-01
8.1370401e-01   1.1355331e-01
8.0111301e-01   1.2098544e-01
7.8821403e-01   1.2711126e-01
7.7501899e-01   1.3369943e-01
7.6154101e-01   1.4097179e-01
7.4779499e-01   1.4734234e-01
7.3379201e-01   1.5452646e-01
7.1954799e-01   1.6113979e-01
7.0507699e-01   1.6790187e-01
6.9039202e-01   1.7450537e-01
6.7550898e-01   1.8123299e-01
6.6044199e-01   1.8835174e-01
6.4520597e-01   1.9439833e-01
6.2981701e-01   2.0145467e-01
6.1429000e-01   2.0743300e-01
5.9864002e-01   2.1369654e-01
5.8288401e-01   2.1957512e-01
5.6703597e-01   2.2533996e-01
5.5111301e-01   2.3022513e-01
5.3513098e-01   2.3615709e-01
5.1910597e-01   2.4078193e-01
5.0305402e-01   2.4542005e-01
4.8699099e-01   2.4998075e-01
4.7093400e-01   2.5373742e-01
4.5489800e-01   2.5701118e-01
4.3889999e-01   2.6106066e-01
4.2295599e-01   2.6368102e-01
4.0708300e-01   2.6623091e-01
3.9129499e-01   2.6863828e-01
3.7560999e-01   2.6991865e-01
3.6004400e-01   2.7070397e-01
3.4461200e-01   2.7206746e-01
3.2933000e-01   2.7159935e-01
3.1421301e-01   2.7223474e-01
2.9927900e-01   2.7126223e-01
2.8454101e-01   2.7027908e-01
2.7001500e-01   2.6861611e-01
2.5571701e-01   2.6594397e-01
2.4166100e-01   2.6354194e-01
2.2786200e-01   2.5992575e-01
2.1433599e-01   2.5555408e-01
2.0109500e-01   2.5076646e-01
1.8815500e-01   2.4514861e-01
1.7553000e-01   2.3930176e-01
1.6323400e-01   2.3224403e-01
1.5128000e-01   2.2486807e-01
1.3968100e-01   2.1732093e-01
1.2845200e-01   2.0832562e-01
1.1760600e-01   1.9996075e-01
1.0715500e-01   1.9001533e-01
9.7112998e-02   1.8097284e-01
8.7493002e-02   1.7137609e-01
7.8305997e-02   1.6064127e-01
6.9565997e-02   1.5034437e-01
6.1285000e-02   1.3892448e-01
5.3474002e-02   1.2791447e-01
4.6149999e-02   1.1734356e-01
3.9326001e-02   1.0642818e-01
3.3013999e-02   9.5408775e-02
2.7230000e-02   8.4596910e-02
2.1980001e-02   7.4102469e-02
1.7277000e-02   6.3456476e-02
1.3141000e-02   5.3493280e-02
9.5729996e-03   4.4003312e-02
6.5830001e-03   3.4942362e-02
4.1880002e-03   2.6612638e-02
2.3540000e-03   1.9649249e-02
1.0810000e-03   1.3447808e-02
3.7100000e-04   8.0407532e-03
7.6999997e-05   4.3635499e-03
4.9999999e-06   2.4522219e-03
0.0000000e+00   1.6118402e-03
4.9999999e-06   1.1102799e-03
7.6999997e-05   -1.1508702e-03
3.7100000e-04   -4.0539913e-03
1.0810000e-03   -7.7010887e-03
2.3530000e-03   -1.1796753e-02
4.1880002e-03   -1.5381428e-02
6.5850001e-03   -1.8307090e-02
9.5760003e-03   -2.0271234e-02
1.3145000e-02   -2.0733267e-02
1.7281000e-02   -1.9471381e-02
2.1983000e-02   -1.7107736e-02
2.7232001e-02   -1.4700132e-02
3.3016000e-02   -1.1855502e-02
3.9328001e-02   -8.8049434e-03
4.6151999e-02   -4.6028020e-03
5.3475998e-02   -7.3449302e-04
6.1287001e-02   3.0350816e-03
6.9568001e-02   8.1477705e-03
7.8308001e-02   1.3108512e-02
8.7494999e-02   1.7986860e-02
9.7115003e-02   2.3355706e-02
1.0715700e-01   2.8113965e-02
1.1760800e-01   3.3263776e-02
1.2845400e-01   3.7248917e-02
1.3968299e-01   4.2045608e-02
1.5128200e-01   4.6392627e-02
1.6323499e-01   5.1255424e-02
1.7553200e-01   5.5246357e-02
1.8815701e-01   5.9277404e-02
2.0109700e-01   6.3664153e-02
2.1433701e-01   6.7135431e-02
2.2786400e-01   7.0470579e-02
2.4166299e-01   7.3022366e-02
2.5571901e-01   7.6013513e-02
2.7001700e-01   7.8422181e-02
2.8454199e-01   8.1162877e-02
2.9927999e-01   8.3613634e-02
3.1421500e-01   8.4593900e-02
3.2933101e-01   8.6378351e-02
3.4461299e-01   8.8004783e-02
3.6004499e-01   8.9261897e-02
3.7561101e-01   8.9574724e-02
3.9129600e-01   9.0584099e-02
4.0708300e-01   8.9595966e-02
4.2295700e-01   9.0268373e-02
4.3890101e-01   8.9333452e-02
4.5489901e-01   8.8491358e-02
4.7093499e-01   8.8036805e-02
4.8699200e-01   8.6340517e-02
5.0305498e-01   8.5768990e-02
5.1910698e-01   8.3720587e-02
5.3513199e-01   8.2619905e-02
5.5111402e-01   8.1268825e-02
5.6703597e-01   7.9151347e-02
5.8288401e-01   7.7482596e-02
5.9864002e-01   7.5002059e-02
6.1429000e-01   7.3011577e-02
6.2981701e-01   7.0120759e-02
6.4520597e-01   6.7645133e-02
6.6044199e-01   6.5226443e-02
6.7550898e-01   6.2085118e-02
6.9039297e-01   5.9142970e-02
7.0507699e-01   5.6405824e-02
7.1954900e-01   5.3635754e-02
7.3379302e-01   5.1291004e-02
7.4779499e-01   4.8054636e-02
7.6154202e-01   4.4962317e-02
7.7501899e-01   4.2101100e-02
7.8821403e-01   3.9959136e-02
8.0111301e-01   3.7055492e-02
8.1370401e-01   3.4366354e-02
8.2597297e-01   3.1551898e-02
8.3791000e-01   2.9352566e-02
8.4950101e-01   2.6478132e-02
8.6073500e-01   2.4577083e-02
8.7160099e-01   2.1527525e-02
8.8208801e-01   1.9298891e-02
8.9218402e-01   1.7256733e-02
9.0188003e-01   1.5284724e-02
9.1116500e-01   1.3383652e-02
9.2003101e-01   1.0892903e-02
9.2846799e-01   8.8996626e-03
9.3646699e-01   7.1664294e-03
9.4401902e-01   5.8131227e-03
9.5111603e-01   3.8265446e-03
9.5775098e-01   2.7007370e-03
9.6392000e-01   1.3983876e-03
9.6961600e-01   2.6119442e-04
9.7483599e-01   -1.0433025e-03
9.7957498e-01   -1.4382272e-03
9.8383099e-01   -2.5576619e-03
9.8759800e-01   -3.3073393e-03
9.9087399e-01   -4.0131495e-03
9.9365300e-01   -4.1827983e-03
9.9593401e-01   -4.4118250e-03
9.9771100e-01   -4.8645064e-03
9.9898201e-01   -5.3016883e-03
9.9974501e-01   -5.1194718e-03
1.0000000e+00   -5.1582344e-03
