1.0000000e+00   2.5654512e-03
9.9974501e-01   2.5159938e-03
9.9898201e-01   2.9973788e-03
9.9771100e-01   2.9343651e-03
9.9593300e-01   3.3996576e-03
9.9365300e-01   4.2783972e-03
9.9087399e-01   4.8470972e-03
9.8759800e-01   5.7256026e-03
9.8382998e-01   6.7979190e-03
9.7957498e-01   7.8537809e-03
9.7483599e-01   9.2490753e-03
9.6961600e-01   1.0607663e-02
9.6392000e-01   1.2437432e-02
9.5775098e-01   1.4227944e-02
9.5111603e-01   1.5943361e-02
9.4401902e-01   1.8185597e-02
9.3646699e-01   2.0706309e-02
9.2846799e-01   2.3336755e-02
9.2003101e-01   2.5944350e-02
9.1116500e-01   2.8536439e-02
9.0187901e-01   3.1301796e-02
8.9218301e-01   3.4957755e-02
8.8208699e-01   3.8157079e-02
8.7160099e-01   4.1541018e-02
8.6073500e-01   4.5438610e-02
8.4950101e-01   4.9321182e-02
8.3791000e-01   5.3165149e-02
8.2597399e-01   5.7071738e-02
8.1370401e-01   6.1174493e-02
8.0111301e-01   6.5921381e-02
7.8821403e-01   7.0262603e-02
7.7501899e-01   7.5086504e-02
7.6154101e-01   7.9567395e-02
7.4779499e-01   8.4297866e-02
7.3379201e-01   8.9300990e-02
7.1954799e-01   9.4025306e-02
7.0507699e-01   9.8714471e-02
6.9039202e-01   1.0370608e-01
6.7550898e-01   1.0835545e-01
6.6044199e-01   1.1328777e-01
6.4520597e-01   1.1768248e-01
6.2981701e-01   1.2263371e-01
6.1429000e-01   1.2691936e-01
5.9864002e-01   1.3160577e-01
5.8288401e-01   1.3603391e-01
5.6703597e-01   1.4032938e-01
5.5111301e-01   1.4408879e-01
5.3513098e-01   1.4799088e-01
5.1910597e-01   1.5139851e-01
5.0305402e-01   1.5544790e-01
4.8699099e-01   1.5855901e-01
4.7093400e-01   1.6183595e-01
4.5489800e-01   1.6407444e-01
4.3889999e-01   1.6703761e-01
4.2295599e-01   1.6915430e-01
4.0708300e-01   1.7101195e-01
3.9129499e-01   1.7276348e-01
3.7560999e-01   1.7430203e-01
3.6004400e-01   1.7537175e-01
3.4461200e-01   1.7599726e-01
3.2933000e-01   1.7650501e-01
3.1421301e-01   1.7652184e-01
2.9927900e-01   1.7646283e-01
2.8454101e-01   1.7619887e-01
2.7001500e-01   1.7531845e-01
2.5571701e-01   1.7407107e-01
2.4166100e-01   1.7229973e-01
2.2786200e-01   1.7097646e-01
2.1433599e-01   1.6896942e-01
2.0109500e-01   1.6615294e-01
1.8815500e-01   1.6342515e-01
1.7553000e-01   1.6030030e-01
1.6323400e-01   1.5675291e-01
1.5128000e-01   1.5268798e-01
1.3968100e-01   1.4895274e-01
1.2845200e-01   1.4430274e-01
1.1760600e-01   1.3960463e-01
1.0715500e-01   1.3456692e-01
9.7112998e-02   1.2867454e-01
8.7493002e-02   1.2314030e-01
7.8305997e-02   1.1684120e-01
6.9565997e-02   1.1042821e-01
6.1285000e-02   1.0362195e-01
5.3474002e-02   9.6653081e-02
4.6149999e-02   8.9683756e-02
3.9326001e-02   8.2440309e-02
3.3013999e-02   7.5145185e-02
2.7230000e-02   6.7370459e-02
2.1980001e-02   5.9844263e-02
1.7277000e-02   5.2211463e-02
1.3141000e-02   4.4762325e-02
9.5729996e-03   3.7468538e-02
6.5830001e-03   3.0151837e-02
4.1880002e-03   2.3148179e-02
2.3540000e-03   1.6578052e-02
1.0810000e-03   1.0902898e-02
3.7100000e-04   6.0018399e-03
7.6999997e-05   2.3158065e-03
4.9999999e-06   2.4359813e-04
0.0000000e+00   -4.6692372e-04
4.9999999e-06   -1.2561175e-03
7.6999997e-05   -3.4268061e-03
3.7100000e-04   -6.9069839e-03
1.0810000e-03   -1.1309204e-02
2.3530000e-03   -1.6440388e-02
4.1880002e-03   -2.1889102e-02
6.5850001e-03   -2.6896140e-02
9.5760003e-03   -3.1590309e-02
1.3145000e-02   -3.6093991e-02
1.7281000e-02   -3.9822042e-02
2.1983000e-02   -4.3707706e-02
2.7232001e-02   -4.6961803e-02
3.3016000e-02   -5.0200351e-02
3.9328001e-02   -5.3308539e-02
4.6151999e-02   -5.5800941e-02
5.3475998e-02   -5.8732651e-02
6.1287001e-02   -6.1343428e-02
6.9568001e-02   -6.3686721e-02
7.8308001e-02   -6.6245385e-02
8.7494999e-02   -6.8463966e-02
9.7115003e-02   -7.0245504e-02
1.0715700e-01   -7.2293416e-02
1.1760800e-01   -7.3877387e-02
1.2845400e-01   -7.5370416e-02
1.3968299e-01   -7.6661855e-02
1.5128200e-01   -7.8023091e-02
1.6323499e-01   -7.9124674e-02
1.7553200e-01   -8.0441125e-02
1.8815701e-01   -8.1512041e-02
2.0109700e-01   -8.2178965e-02
2.1433701e-01   -8.3270296e-02
2.2786400e-01   -8.4019765e-02
2.4166299e-01   -8.4740773e-02
2.5571901e-01   -8.5027702e-02
2.7001700e-01   -8.5461527e-02
2.8454199e-01   -8.6185962e-02
2.9927999e-01   -8.6427256e-02
3.1421500e-01   -8.6457849e-02
3.2933101e-01   -8.6975142e-02
3.4461299e-01   -8.7215066e-02
3.6004499e-01   -8.7314382e-02
3.7561101e-01   -8.7369867e-02
3.9129600e-01   -8.7105773e-02
4.0708300e-01   -8.6740747e-02
4.2295700e-01   -8.6189032e-02
4.3890101e-01   -8.5404053e-02
4.5489901e-01   -8.4563382e-02
4.7093499e-01   -8.3869360e-02
4.8699200e-01   -8.3232939e-02
5.0305498e-01   -8.2164951e-02
5.1910698e-01   -8.0971003e-02
5.3513199e-01   -7.9466149e-02
5.5111402e-01   -7.8199320e-02
5.6703597e-01   -7.6585360e-02
5.8288401e-01   -7.4568845e-02
5.9864002e-01   -7.3332466e-02
6.1429000e-01   -7.1537770e-02
6.2981701e-01   -6.8975650e-02
6.4520597e-01   -6.7260206e-02
6.6044199e-01   -6.5299399e-02
6.7550898e-01   -6.2816940e-02
6.9039297e-01   -6.0838100e-02
7.0507699e-01   -5.8048271e-02
7.1954900e-01   -5.6043684e-02
7.3379302e-01   -5.3512100e-02
7.4779499e-01   -5.1130254e-02
7.6154202e-01   -4.8971482e-02
7.7501899e-01   -4.6545386e-02
7.8821403e-01   -4.3940600e-02
8.0111301e-01   -4.1873332e-02
8.1370401e-01   -3.9176334e-02
8.2597297e-01   -3.6821183e-02
8.3791000e-01   -3.4406569e-02
8.4950101e-01   -3.2282710e-02
8.6073500e-01   -3.0026723e-02
8.7160099e-01   -2.7856713e-02
8.8208801e-01   -2.5939794e-02
8.9218402e-01   -2.3905229e-02
9.0188003e-01   -2.1760426e-02
9.1116500e-01   -2.0171529e-02
9.2003101e-01   -1.8480010e-02
9.2846799e-01   -1.6676692e-02
9.3646699e-01   -1.5049538e-02
9.4401902e-01   -1.3499311e-02
9.5111603e-01   -1.2018644e-02
9.5775098e-01   -1.0866006e-02
9.6392000e-01   -9.6148672e-03
9.6961600e-01   -8.3504785e-03
9.7483599e-01   -7.1964604e-03
9.7957498e-01   -6.1365580e-03
9.8383099e-01   -5.2907281e-03
9.8759800e-01   -4.3234108e-03
9.9087399e-01   -3.5766000e-03
9.9365300e-01   -2.9584530e-03
9.9593401e-01   -2.5807316e-03
9.9771100e-01   -2.1038873e-03
9.9898201e-01   -1.9540747e-03
9.9974501e-01   -1.5657012e-03
1.0000000e+00   -1.5958226e-03
