1.0000000e+00   -1.5645837e-05
9.9974501e-01   3.4364796e-04
9.9898201e-01   1.2712365e-03
9.9771100e-01   2.7221849e-03
9.9593300e-01   4.5767599e-03
9.9365300e-01   7.0295362e-03
9.9087399e-01   1.0018062e-02
9.8759800e-01   1.3565566e-02
9.8382998e-01   1.7588202e-02
9.7957498e-01   2.2035990e-02
9.7483599e-01   2.7028430e-02
9.6961600e-01   3.2220196e-02
9.6392000e-01   3.7842486e-02
9.5775098e-01   4.3693200e-02
9.5111603e-01   5.0046880e-02
9.4401902e-01   5.6673605e-02
9.3646699e-01   6.3799456e-02
9.2846799e-01   7.1359716e-02
9.2003101e-01   7.9057783e-02
9.1116500e-01   8.7104298e-02
9.0187901e-01   9.5544323e-02
8.9218301e-01   1.0405117e-01
8.8208699e-01   1.1287166e-01
8.7160099e-01   1.2214946e-01
8.6073500e-01   1.3171543e-01
8.4950101e-01   1.4145559e-01
8.3791000e-01   1.5155497e-01
8.2597399e-01   1.6175230e-01
8.1370401e-01   1.7229666e-01
8.0111301e-01   1.8286502e-01
7.8821403e-01   1.9350517e-01
7.7501899e-01   2.0432660e-01
7.6154101e-01   2.1512210e-01
7.4779499e-01   2.2600798e-01
7.3379201e-01   2.3664823e-01
7.1954799e-01   2.4767734e-01
7.0507699e-01   2.5830179e-01
6.9039202e-01   2.6891443e-01
6.7550898e-01   2.7957985e-01
6.6044199e-01   2.9011154e-01
6.4520597e-01   3.0039796e-01
6.2981701e-01   3.1057420e-01
6.1429000e-01   3.2030648e-01
5.9864002e-01   3.2981211e-01
5.8288401e-01   3.3907798e-01
5.6703597e-01   3.4758362e-01
5.5111301e-01   3.5571578e-01
5.3513098e-01   3.6343008e-01
5.1910597e-01   3.7082526e-01
5.0305402e-01   3.7748742e-01
4.8699099e-01   3.8366714e-01
4.7093400e-01   3.8906628e-01
4.5489800e-01   3.9381531e-01
4.3889999e-01   3.9785638e-01
4.2295599e-01   4.0108794e-01
4.0708300e-01   4.0349948e-01
3.9129499e-01   4.0520045e-01
3.7560999e-01   4.0627918e-01
3.6004400e-01   4.0636730e-01
3.4461200e-01   4.0601596e-01
3.2933000e-01   4.0477642e-01
3.1421301e-01   4.0248203e-01
2.9927900e-01   3.9951783e-01
2.8454101e-01   3.9594129e-01
2.7001500e-01   3.9135844e-01
2.5571701e-01   3.8611042e-01
2.4166100e-01   3.8009000e-01
2.2786200e-01   3.7359923e-01
2.1433599e-01   3.6606833e-01
2.0109500e-01   3.5747194e-01
1.8815500e-01   3.4833178e-01
1.7553000e-01   3.3830646e-01
1.6323400e-01   3.2773677e-01
1.5128000e-01   3.1633139e-01
1.3968100e-01   3.0439642e-01
1.2845200e-01   2.9197517e-01
1.1760600e-01   2.7894390e-01
1.0715500e-01   2.6521364e-01
9.7112998e-02   2.5166097e-01
8.7493002e-02   2.3739146e-01
7.8305997e-02   2.2274472e-01
6.9565997e-02   2.0771234e-01
6.1285000e-02   1.9255742e-01
5.3474002e-02   1.7719744e-01
4.6149999e-02   1.6182393e-01
3.9326001e-02   1.4633405e-01
3.3013999e-02   1.3100269e-01
2.7230000e-02   1.1586374e-01
2.1980001e-02   1.0092384e-01
1.7277000e-02   8.6487532e-02
1.3141000e-02   7.2352588e-02
9.5729996e-03   5.8746878e-02
6.5830001e-03   4.5962922e-02
4.1880002e-03   3.4437452e-02
2.3540000e-03   2.4230028e-02
1.0810000e-03   1.5763553e-02
3.7100000e-04   8.8381395e-03
7.6999997e-05   3.9731129e-03
4.9999999e-06   9.8002108e-04
0.0000000e+00   2.9078997e-06
4.9999999e-06   -9.1389637e-04
7.6999997e-05   -3.8520931e-03
3.7100000e-04   -8.3268788e-03
1.0810000e-03   -1.4496997e-02
2.3530000e-03   -2.1784987e-02
4.1880002e-03   -3.0031128e-02
6.5850001e-03   -3.8081691e-02
9.5760003e-03   -4.5915149e-02
1.3145000e-02   -5.3282246e-02
1.7281000e-02   -5.9902534e-02
2.1983000e-02   -6.5775894e-02
2.7232001e-02   -7.1435258e-02
3.3016000e-02   -7.6466203e-02
3.9328001e-02   -8.0958642e-02
4.6151999e-02   -8.5431114e-02
5.3475998e-02   -8.9247316e-02
6.1287001e-02   -9.2556797e-02
6.9568001e-02   -9.5567390e-02
7.8308001e-02   -9.8210350e-02
8.7494999e-02   -1.0057229e-01
9.7115003e-02   -1.0233555e-01
1.0715700e-01   -1.0407604e-01
1.1760800e-01   -1.0534035e-01
1.2845400e-01   -1.0651592e-01
1.3968299e-01   -1.0712282e-01
1.5128200e-01   -1.0741743e-01
1.6323499e-01   -1.0744588e-01
1.7553200e-01   -1.0732862e-01
1.8815701e-01   -1.0692866e-01
2.0109700e-01   -1.0615164e-01
2.1433701e-01   -1.0506209e-01
2.2786400e-01   -1.0447807e-01
2.4166299e-01   -1.0345007e-01
2.5571901e-01   -1.0182431e-01
2.7001700e-01   -1.0056694e-01
2.8454199e-01   -9.8636597e-02
2.9927999e-01   -9.6680537e-02
3.1421500e-01   -9.4663963e-02
3.2933101e-01   -9.2701159e-02
3.4461299e-01   -9.0363622e-02
3.6004499e-01   -8.7799780e-02
3.7561101e-01   -8.5227951e-02
3.9129600e-01   -8.2570337e-02
4.0708300e-01   -7.9874456e-02
4.2295700e-01   -7.7036053e-02
4.3890101e-01   -7.4446723e-02
4.5489901e-01   -7.1541883e-02
4.7093499e-01   -6.8544991e-02
4.8699200e-01   -6.5705515e-02
5.0305498e-01   -6.2818713e-02
5.1910698e-01   -5.9960119e-02
5.3513199e-01   -5.7388067e-02
5.5111402e-01   -5.4333273e-02
5.6703597e-01   -5.1586576e-02
5.8288401e-01   -4.8378188e-02
5.9864002e-01   -4.5356903e-02
6.1429000e-01   -4.2320997e-02
6.2981701e-01   -3.9455075e-02
6.4520597e-01   -3.6458235e-02
6.6044199e-01   -3.3799142e-02
6.7550898e-01   -3.1088047e-02
6.9039297e-01   -2.8413145e-02
7.0507699e-01   -2.5748499e-02
7.1954900e-01   -2.3412576e-02
7.3379302e-01   -2.1062229e-02
7.4779499e-01   -1.8826762e-02
7.6154202e-01   -1.6713031e-02
7.7501899e-01   -1.4939004e-02
7.8821403e-01   -1.3286613e-02
8.0111301e-01   -1.1484822e-02
8.1370401e-01   -9.7447662e-03
8.2597297e-01   -8.2683135e-03
8.3791000e-01   -6.3791396e-03
8.4950101e-01   -5.0670574e-03
8.6073500e-01   -3.8072302e-03
8.7160099e-01   -2.9421011e-03
8.8208801e-01   -2.0519150e-03
8.9218402e-01   -1.4330922e-03
9.0188003e-01   -9.9449570e-04
9.1116500e-01   -4.4879687e-04
9.2003101e-01   -1.1237059e-04
9.2846799e-01   8.4740110e-05
9.3646699e-01   3.6371590e-04
9.4401902e-01   4.7665086e-04
9.5111603e-01   6.2267197e-04
9.5775098e-01   5.0540076e-04
9.6392000e-01   4.5723977e-04
9.6961600e-01   3.1624688e-04
9.7483599e-01   3.4602126e-04
9.7957498e-01   3.2633753e-04
9.8383099e-01   2.2165733e-04
9.8759800e-01   1.4438084e-04
9.9087399e-01   1.2755778e-04
9.9365300e-01   4.0336978e-05
9.9593401e-01   -3.7156278e-06
9.9771100e-01   4.9993803e-05
9.9898201e-01   1.1708203e-04
9.9974501e-01   -6.5765242e-05
1.0000000e+00   1.7355140e-05
