1.0000000e+00   4.9670013e-03
9.9974501e-01   4.8494958e-03
9.9898201e-01   4.9290019e-03
9.9771100e-01   5.6642788e-03
9.9593300e-01   6.1304821e-03
9.9365300e-01   7.2248112e-03
9.9087399e-01   8.5389540e-03
9.8759800e-01   9.7421454e-03
9.8382998e-01   1.0996752e-02
9.7957498e-01   1.2072749e-02
9.7483599e-01   1.3986384e-02
9.6961600e-01   1.5705133e-02
9.6392000e-01   1.7584451e-02
9.5775098e-01   1.9404322e-02
9.5111603e-01   2.1455400e-02
9.4401902e-01   2.3772627e-02
9.3646699e-01   2.5649356e-02
9.2846799e-01   2.7964646e-02
9.2003101e-01   3.0627616e-02
9.1116500e-01   3.3090964e-02
9.0187901e-01   3.5294034e-02
8.9218301e-01   3.7996046e-02
8.8208699e-01   4.0560119e-02
8.7160099e-01   4.2657662e-02
8.6073500e-01   4.6077121e-02
8.4950101e-01   4.8089970e-02
8.3791000e-01   5.1603094e-02
8.2597399e-01   5.3774863e-02
8.1370401e-01   5.5925127e-02
8.0111301e-01   5.9267286e-02
7.8821403e-01   6.0915578e-02
7.7501899e-01   6.3721873e-02
7.6154101e-01   6.6625975e-02
7.4779499e-01   6.8147108e-02
7.3379201e-01   7.1108617e-02
7.1954799e-01   7.2974436e-02
7.0507699e-01   7.5309321e-02
6.9039202e-01   7.6857798e-02
6.7550898e-01   7.8868248e-02
6.6044199e-01   8.1469893e-02
6.4520597e-01   8.2567886e-02
6.2981701e-01   8.4872901e-02
6.1429000e-01   8.6522989e-02
5.9864002e-01   8.8448934e-02
5.8288401e-01   9.0040527e-02
5.6703597e-01   9.1396116e-02
5.5111301e-01   9.2886470e-02
5.3513098e-01   9.4612680e-02
5.1910597e-01   9.5308281e-02
5.0305402e-01   9.7303547e-02
4.8699099e-01   9.8803006e-02
4.7093400e-01   9.9676356e-02
4.5489800e-01   1.0020687e-01
4.3889999e-01   1.0185496e-01
4.2295599e-01   1.0301077e-01
4.0708300e-01   1.0354929e-01
3.9129499e-01   1.0515381e-01
3.7560999e-01   1.0560765e-01
3.6004400e-01   1.0582981e-01
3.4461200e-01   1.0658637e-01
3.2933000e-01   1.0676070e-01
3.1421301e-01   1.0702799e-01
2.9927900e-01   1.0632570e-01
2.8454101e-01   1.0605190e-01
2.7001500e-01   1.0590412e-01
2.5571701e-01   1.0518897e-01
2.4166100e-01   1.0433398e-01
2.2786200e-01   1.0330272e-01
2.1433599e-01   1.0227029e-01
2.0109500e-01   1.0109276e-01
1.8815500e-01   9.9448554e-02
1.7553000e-01   9.7978517e-02
1.6323400e-01   9.5940985e-02
1.5128000e-01   9.4408914e-02
1.3968100e-01   9.2445903e-02
1.2845200e-01   9.0081416e-02
1.1760600e-01   8.8039637e-02
1.0715500e-01   8.4905989e-02
9.7112998e-02   8.2520477e-02
8.7493002e-02   7.9987012e-02
7.8305997e-02   7.7179998e-02
6.9565997e-02   7.4367531e-02
6.1285000e-02   7.0816249e-02
5.3474002e-02   6.7197412e-02
4.6149999e-02   6.4006172e-02
3.9326001e-02   6.0345940e-02
3.3013999e-02   5.6218050e-02
2.7230000e-02   5.2132234e-02
2.1980001e-02   4.7749523e-02
1.7277000e-02   4.2692434e-02
1.3141000e-02   3.7650920e-02
9.5729996e-03   3.2489076e-02
6.5830001e-03   2.7039520e-02
4.1880002e-03   2.1222087e-02
2.3540000e-03   1.5941916e-02
1.0810000e-03   1.0950100e-02
3.7100000e-04   6.1104260e-03
7.6999997e-05   2.7608520e-03
4.9999999e-06   5.6589249e-04
0.0000000e+00   -1.2460607e-04
4.9999999e-06   -9.5278857e-04
7.6999997e-05   -3.1120994e-03
3.7100000e-04   -6.3494062e-03
1.0810000e-03   -1.0643449e-02
2.3530000e-03   -1.6072229e-02
4.1880002e-03   -2.1427991e-02
6.5850001e-03   -2.7192891e-02
9.5760003e-03   -3.3056900e-02
1.3145000e-02   -3.8223948e-02
1.7281000e-02   -4.3221947e-02
2.1983000e-02   -4.7935598e-02
2.7232001e-02   -5.2667174e-02
3.3016000e-02   -5.7066791e-02
3.9328001e-02   -6.1449371e-02
4.6151999e-02   -6.5243065e-02
5.3475998e-02   -6.9169141e-02
6.1287001e-02   -7.3012024e-02
6.9568001e-02   -7.7051580e-02
7.8308001e-02   -8.0635265e-02
8.7494999e-02   -8.4783897e-02
9.7115003e-02   -8.7899163e-02
1.0715700e-01   -9.1304943e-02
1.1760800e-01   -9.4344743e-02
1.2845400e-01   -9.7606994e-02
1.3968299e-01   -1.0054969e-01
1.5128200e-01   -1.0350939e-01
1.6323499e-01   -1.0604285e-01
1.7553200e-01   -1.0827190e-01
1.8815701e-01   -1.0975453e-01
2.0109700e-01   -1.1237211e-01
2.1433701e-01   -1.1390882e-01
2.2786400e-01   -1.1562004e-01
2.4166299e-01   -1.1691730e-01
2.5571901e-01   -1.1800577e-01
2.7001700e-01   -1.1898208e-01
2.8454199e-01   -1.1863212e-01
2.9927999e-01   -1.1942953e-01
3.1421500e-01   -1.1964424e-01
3.2933101e-01   -1.1925580e-01
3.4461299e-01   -1.1867661e-01
3.6004499e-01   -1.1860643e-01
3.7561101e-01   -1.1700146e-01
3.9129600e-01   -1.1624986e-01
4.0708300e-01   -1.1563674e-01
4.2295700e-01   -1.1324283e-01
4.3890101e-01   -1.1189361e-01
4.5489901e-01   -1.1026955e-01
4.7093499e-01   -1.0741713e-01
4.8699200e-01   -1.0559877e-01
5.0305498e-01   -1.0248946e-01
5.1910698e-01   -9.9613242e-02
5.3513199e-01   -9.6420646e-02
5.5111402e-01   -9.3216240e-02
5.6703597e-01   -9.0316921e-02
5.8288401e-01   -8.6448289e-02
5.9864002e-01   -8.2334928e-02
6.1429000e-01   -7.8347467e-02
6.2981701e-01   -7.3844418e-02
6.4520597e-01   -6.9057792e-02
6.6044199e-01   -6.4819120e-02
6.7550898e-01   -6.0749125e-02
6.9039297e-01   -5.5959754e-02
7.0507699e-01   -5.1394302e-02
7.1954900e-01   -4.7154021e-02
7.3379302e-01   -4.2650241e-02
7.4779499e-01   -3.8324680e-02
7.6154202e-01   -3.5068881e-02
7.7501899e-01   -3.1519298e-02
7.8821403e-01   -2.7209882e-02
8.0111301e-01   -2.4120696e-02
8.1370401e-01   -2.1076862e-02
8.2597297e-01   -1.8717770e-02
8.3791000e-01   -1.5379545e-02
8.4950101e-01   -1.3222490e-02
8.6073500e-01   -1.0572572e-02
8.7160099e-01   -9.3168681e-03
8.8208801e-01   -7.4379682e-03
8.9218402e-01   -5.7122302e-03
9.0188003e-01   -4.3362938e-03
9.1116500e-01   -3.1461006e-03
9.2003101e-01   -2.6933090e-03
9.2846799e-01   -2.2014503e-03
9.3646699e-01   -1.5336669e-03
9.4401902e-01   -9.1356947e-04
9.5111603e-01   -1.2377634e-03
9.5775098e-01   -1.4735517e-03
9.6392000e-01   -1.3147037e-03
9.6961600e-01   -1.3984464e-03
9.7483599e-01   -1.9565707e-03
9.7957498e-01   -2.0878760e-03
9.8383099e-01   -2.5774722e-03
9.8759800e-01   -3.0378718e-03
9.9087399e-01   -3.5766265e-03
9.9365300e-01   -3.7493652e-03
9.9593401e-01   -3.7537958e-03
9.9771100e-01   -4.1179219e-03
9.9898201e-01   -4.4115917e-03
9.9974501e-01   -4.2291498e-03
1.0000000e+00   -4.2565740e-03
