1.0000000e+00   4.2503366e-06
9.9974501e-01   3.2139494e-04
9.9898201e-01   1.2416734e-03
9.9771100e-01   2.6743810e-03
9.9593300e-01   4.2123431e-03
9.9365300e-01   6.1812396e-03
9.9087399e-01   8.5288957e-03
9.8759800e-01   1.1108757e-02
9.8382998e-01   1.4050764e-02
9.7957498e-01   1.7376984e-02
9.7483599e-01   2.1239614e-02
9.6961600e-01   2.5134385e-02
9.6392000e-01   2.9393464e-02
9.5775098e-01   3.3909425e-02
9.5111603e-01   3.8715702e-02
9.4401902e-01   4.3809734e-02
9.3646699e-01   4.9123056e-02
9.2846799e-01   5.4718792e-02
9.2003101e-01   6.0516775e-02
9.1116500e-01   6.6551797e-02
9.0187901e-01   7.2956897e-02
8.9218301e-01   7.9341546e-02
8.8208699e-01   8.5991010e-02
8.7160099e-01   9.2971586e-02
8.6073500e-01   1.0018295e-01
8.4950101e-01   1.0742038e-01
8.3791000e-01   1.1504039e-01
8.2597399e-01   1.2272605e-01
8.1370401e-01   1.3058639e-01
8.0111301e-01   1.3843079e-01
7.8821403e-01   1.4627106e-01
7.7501899e-01   1.5419219e-01
7.6154101e-01   1.6195539e-01
7.4779499e-01   1.6985531e-01
7.3379201e-01   1.7757381e-01
7.1954799e-01   1.8549597e-01
7.0507699e-01   1.9322073e-01
6.9039202e-01   2.0086613e-01
6.7550898e-01   2.0867567e-01
6.6044199e-01   2.1633984e-01
6.4520597e-01   2.2384787e-01
6.2981701e-01   2.3114261e-01
6.1429000e-01   2.3824306e-01
5.9864002e-01   2.4503760e-01
5.8288401e-01   2.5174990e-01
5.6703597e-01   2.5778180e-01
5.5111301e-01   2.6362482e-01
5.3513098e-01   2.6912868e-01
5.1910597e-01   2.7453911e-01
5.0305402e-01   2.7931225e-01
4.8699099e-01   2.8397828e-01
4.7093400e-01   2.8800371e-01
4.5489800e-01   2.9158571e-01
4.3889999e-01   2.9488838e-01
4.2295599e-01   2.9744360e-01
4.0708300e-01   2.9973683e-01
3.9129499e-01   3.0128589e-01
3.7560999e-01   3.0246025e-01
3.6004400e-01   3.0311054e-01
3.4461200e-01   3.0353808e-01
3.2933000e-01   3.0330560e-01
3.1421301e-01   3.0232319e-01
2.9927900e-01   3.0087891e-01
2.8454101e-01   2.9902080e-01
2.7001500e-01   2.9661459e-01
2.5571701e-01   2.9369292e-01
2.4166100e-01   2.9007548e-01
2.2786200e-01   2.8614914e-01
2.1433599e-01   2.8148487e-01
2.0109500e-01   2.7607474e-01
1.8815500e-01   2.7000546e-01
1.7553000e-01   2.6334548e-01
1.6323400e-01   2.5630873e-01
1.5128000e-01   2.4860646e-01
1.3968100e-01   2.4050812e-01
1.2845200e-01   2.3196416e-01
1.1760600e-01   2.2275805e-01
1.0715500e-01   2.1290645e-01
9.7112998e-02   2.0305137e-01
8.7493002e-02   1.9260062e-01
7.8305997e-02   1.8168083e-01
6.9565997e-02   1.7050643e-01
6.1285000e-02   1.5910561e-01
5.3474002e-02   1.4726681e-01
4.6149999e-02   1.3542227e-01
3.9326001e-02   1.2339665e-01
3.3013999e-02   1.1130533e-01
2.7230000e-02   9.9317014e-02
2.1980001e-02   8.7436430e-02
1.7277000e-02   7.5803347e-02
1.3141000e-02   6.4144678e-02
9.5729996e-03   5.2848354e-02
6.5830001e-03   4.2021707e-02
4.1880002e-03   3.2025862e-02
2.3540000e-03   2.2858363e-02
1.0810000e-03   1.5062658e-02
3.7100000e-04   8.5846577e-03
7.6999997e-05   3.9018618e-03
4.9999999e-06   9.7233977e-04
0.0000000e+00   1.1235574e-05
4.9999999e-06   -9.0130232e-04
7.6999997e-05   -3.7570875e-03
3.7100000e-04   -7.9641500e-03
1.0810000e-03   -1.3392407e-02
2.3530000e-03   -1.9212035e-02
4.1880002e-03   -2.5032312e-02
6.5850001e-03   -3.0017801e-02
9.5760003e-03   -3.4154117e-02
1.3145000e-02   -3.7384052e-02
1.7281000e-02   -3.9646510e-02
2.1983000e-02   -4.1169073e-02
2.7232001e-02   -4.2502049e-02
3.3016000e-02   -4.3340661e-02
3.9328001e-02   -4.3731600e-02
4.6151999e-02   -4.3853354e-02
5.3475998e-02   -4.3642864e-02
6.1287001e-02   -4.3080799e-02
6.9568001e-02   -4.2216733e-02
7.8308001e-02   -4.1202303e-02
8.7494999e-02   -3.9846823e-02
9.7115003e-02   -3.8302790e-02
1.0715700e-01   -3.6821779e-02
1.1760800e-01   -3.5120498e-02
1.2845400e-01   -3.3522092e-02
1.3968299e-01   -3.1773169e-02
1.5128200e-01   -2.9670717e-02
1.6323499e-01   -2.7541380e-02
1.7553200e-01   -2.5508242e-02
1.8815701e-01   -2.3421630e-02
2.0109700e-01   -2.1408722e-02
2.1433701e-01   -1.9157866e-02
2.2786400e-01   -1.7398754e-02
2.4166299e-01   -1.5561449e-02
2.5571901e-01   -1.3561162e-02
2.7001700e-01   -1.1900445e-02
2.8454199e-01   -9.8544145e-03
2.9927999e-01   -7.9792310e-03
3.1421500e-01   -6.2244846e-03
3.2933101e-01   -4.5768223e-03
3.4461299e-01   -2.9378748e-03
3.6004499e-01   -1.3556472e-03
3.7561101e-01   1.9509345e-04
3.9129600e-01   1.5675189e-03
4.0708300e-01   2.7743059e-03
4.2295700e-01   3.9201328e-03
4.3890101e-01   4.6572126e-03
4.5489901e-01   5.5566826e-03
4.7093499e-01   6.3751149e-03
4.8699200e-01   7.0408462e-03
5.0305498e-01   7.7315071e-03
5.1910698e-01   8.2985861e-03
5.3513199e-01   8.4186364e-03
5.5111402e-01   9.0060113e-03
5.6703597e-01   9.2953974e-03
5.8288401e-01   1.0004314e-02
5.9864002e-01   1.0249763e-02
6.1429000e-01   1.0592340e-02
6.2981701e-01   1.0652601e-02
6.4520597e-01   1.1048955e-02
6.6044199e-01   1.0893718e-02
6.7550898e-01   1.1052490e-02
6.9039297e-01   1.1025812e-02
7.0507699e-01   1.1128834e-02
7.1954900e-01   1.0966837e-02
7.3379302e-01   1.0890147e-02
7.4779499e-01   1.0807894e-02
7.6154202e-01   1.0468726e-02
7.7501899e-01   9.9772783e-03
7.8821403e-01   9.3480274e-03
8.0111301e-01   8.9772167e-03
8.1370401e-01   8.5927220e-03
8.2597297e-01   7.9371529e-03
8.3791000e-01   7.5920350e-03
8.4950101e-01   7.0205349e-03
8.6073500e-01   6.4916573e-03
8.7160099e-01   5.7324343e-03
8.8208801e-01   5.2016950e-03
8.9218402e-01   4.7251116e-03
9.0188003e-01   4.0031960e-03
9.1116500e-01   3.4390180e-03
9.2003101e-01   2.8946905e-03
9.2846799e-01   2.3660811e-03
9.3646699e-01   2.0470219e-03
9.4401902e-01   1.6130931e-03
9.5111603e-01   1.2622981e-03
9.5775098e-01   9.5332850e-04
9.6392000e-01   7.6133787e-04
9.6961600e-01   4.4966998e-04
9.7483599e-01   2.9005902e-04
9.7957498e-01   1.1900696e-04
9.8383099e-01   -7.1973307e-05
9.8759800e-01   -1.0788487e-04
9.9087399e-01   -8.8965870e-05
9.9365300e-01   -7.3777745e-05
9.9593401e-01   -1.0178582e-04
9.9771100e-01   -5.9653248e-06
9.9898201e-01   7.1519637e-05
9.9974501e-01   -3.5453835e-05
1.0000000e+00   2.4576952e-05
