1.0000000e+00   2.7899027e-03
9.9974501e-01   2.5593750e-03
9.9898201e-01   3.3592901e-03
9.9771100e-01   3.8742661e-03
9.9593300e-01   5.1280772e-03
9.9365300e-01   6.9983657e-03
9.9087399e-01   8.4099732e-03
9.8759800e-01   1.0276185e-02
9.8382998e-01   1.2408821e-02
9.7957498e-01   1.5420654e-02
9.7483599e-01   1.8252470e-02
9.6961600e-01   2.1363817e-02
9.6392000e-01   2.5092024e-02
9.5775098e-01   2.8492736e-02
9.5111603e-01   3.2102503e-02
9.4401902e-01   3.6015838e-02
9.3646699e-01   4.0396221e-02
9.2846799e-01   4.4786483e-02
9.2003101e-01   4.9378064e-02
9.1116500e-01   5.3490385e-02
9.0187901e-01   5.8253814e-02
8.9218301e-01   6.3979417e-02
8.8208699e-01   6.8774439e-02
8.7160099e-01   7.4356422e-02
8.6073500e-01   7.9996280e-02
8.4950101e-01   8.5644938e-02
8.3791000e-01   9.1652006e-02
8.2597399e-01   9.7284764e-02
8.1370401e-01   1.0339738e-01
8.0111301e-01   1.0981712e-01
7.8821403e-01   1.1588407e-01
7.7501899e-01   1.2184738e-01
7.6154101e-01   1.2825800e-01
7.4779499e-01   1.3415512e-01
7.3379201e-01   1.4010479e-01
7.1954799e-01   1.4620058e-01
7.0507699e-01   1.5222068e-01
6.9039202e-01   1.5797974e-01
6.7550898e-01   1.6309063e-01
6.6044199e-01   1.6884731e-01
6.4520597e-01   1.7330101e-01
6.2981701e-01   1.7886215e-01
6.1429000e-01   1.8337598e-01
5.9864002e-01   1.8811423e-01
5.8288401e-01   1.9240336e-01
5.6703597e-01   1.9634590e-01
5.5111301e-01   1.9984742e-01
5.3513098e-01   2.0319799e-01
5.1910597e-01   2.0608321e-01
5.0305402e-01   2.0904455e-01
4.8699099e-01   2.1171367e-01
4.7093400e-01   2.1422724e-01
4.5489800e-01   2.1566816e-01
4.3889999e-01   2.1809590e-01
4.2295599e-01   2.1917829e-01
4.0708300e-01   2.2019841e-01
3.9129499e-01   2.2032605e-01
3.7560999e-01   2.2067758e-01
3.6004400e-01   2.2089583e-01
3.4461200e-01   2.2019917e-01
3.2933000e-01   2.1968383e-01
3.1421301e-01   2.1797019e-01
2.9927900e-01   2.1747750e-01
2.8454101e-01   2.1502176e-01
2.7001500e-01   2.1257988e-01
2.5571701e-01   2.0990501e-01
2.4166100e-01   2.0708077e-01
2.2786200e-01   2.0389095e-01
2.1433599e-01   2.0025882e-01
2.0109500e-01   1.9563381e-01
1.8815500e-01   1.9123766e-01
1.7553000e-01   1.8665247e-01
1.6323400e-01   1.8131319e-01
1.5128000e-01   1.7542453e-01
1.3968100e-01   1.6978616e-01
1.2845200e-01   1.6291457e-01
1.1760600e-01   1.5683755e-01
1.0715500e-01   1.5003705e-01
9.7112998e-02   1.4281294e-01
8.7493002e-02   1.3514143e-01
7.8305997e-02   1.2753046e-01
6.9565997e-02   1.1949287e-01
6.1285000e-02   1.1134499e-01
5.3474002e-02   1.0303703e-01
4.6149999e-02   9.5065594e-02
3.9326001e-02   8.6349919e-02
3.3013999e-02   7.8171469e-02
2.7230000e-02   6.9504179e-02
2.1980001e-02   6.1274871e-02
1.7277000e-02   5.3130373e-02
1.3141000e-02   4.5486048e-02
9.5729996e-03   3.7646502e-02
6.5830001e-03   3.0225530e-02
4.1880002e-03   2.3245862e-02
2.3540000e-03   1.6672075e-02
1.0810000e-03   1.1254049e-02
3.7100000e-04   6.4237593e-03
7.6999997e-05   2.5504162e-03
4.9999999e-06   5.4629747e-04
0.0000000e+00   -9.0240501e-05
4.9999999e-06   -8.1921899e-04
7.6999997e-05   -2.9948619e-03
3.7100000e-04   -6.3123913e-03
1.0810000e-03   -1.0086475e-02
2.3530000e-03   -1.4341095e-02
4.1880002e-03   -1.8454598e-02
6.5850001e-03   -2.1993998e-02
9.5760003e-03   -2.5055978e-02
1.3145000e-02   -2.7807342e-02
1.7281000e-02   -2.9746018e-02
2.1983000e-02   -3.1736612e-02
2.7232001e-02   -3.2865528e-02
3.3016000e-02   -3.4391280e-02
3.9328001e-02   -3.5804581e-02
4.6151999e-02   -3.6145393e-02
5.3475998e-02   -3.7302900e-02
6.1287001e-02   -3.7702780e-02
6.9568001e-02   -3.8041640e-02
7.8308001e-02   -3.7957579e-02
8.7494999e-02   -3.7651803e-02
9.7115003e-02   -3.7142318e-02
1.0715700e-01   -3.6572315e-02
1.1760800e-01   -3.5300251e-02
1.2845400e-01   -3.4596756e-02
1.3968299e-01   -3.3642929e-02
1.5128200e-01   -3.2298844e-02
1.6323499e-01   -3.0837808e-02
1.7553200e-01   -2.9594216e-02
1.8815701e-01   -2.8374083e-02
2.0109700e-01   -2.6691593e-02
2.1433701e-01   -2.5306044e-02
2.2786400e-01   -2.3456007e-02
2.4166299e-01   -2.1974696e-02
2.5571901e-01   -2.0115720e-02
2.7001700e-01   -1.8140765e-02
2.8454199e-01   -1.6549392e-02
2.9927999e-01   -1.5408689e-02
3.1421500e-01   -1.3445390e-02
3.2933101e-01   -1.1947712e-02
3.4461299e-01   -1.0993648e-02
3.6004499e-01   -9.2556775e-03
3.7561101e-01   -7.6907435e-03
3.9129600e-01   -6.4045731e-03
4.0708300e-01   -5.2272649e-03
4.2295700e-01   -3.4895062e-03
4.3890101e-01   -2.3458260e-03
4.5489901e-01   -7.3317054e-04
4.7093499e-01   -1.1465326e-04
4.8699200e-01   1.0361146e-03
5.0305498e-01   2.1719525e-03
5.1910698e-01   2.9848204e-03
5.3513199e-01   4.1042599e-03
5.5111402e-01   5.2272649e-03
5.6703597e-01   6.1283312e-03
5.8288401e-01   7.5854771e-03
5.9864002e-01   7.7072605e-03
6.1429000e-01   8.2709091e-03
6.2981701e-01   9.2973597e-03
6.4520597e-01   9.6501131e-03
6.6044199e-01   9.9328989e-03
6.7550898e-01   1.0547563e-02
6.9039297e-01   1.0887926e-02
7.0507699e-01   1.1288841e-02
7.1954900e-01   1.1384338e-02
7.3379302e-01   1.1230004e-02
7.4779499e-01   1.1494689e-02
7.6154202e-01   1.1162521e-02
7.7501899e-01   1.1267778e-02
7.8821403e-01   1.1769098e-02
8.0111301e-01   1.0851829e-02
8.1370401e-01   1.0708386e-02
8.2597297e-01   1.0609136e-02
8.3791000e-01   1.0657399e-02
8.4950101e-01   9.9375015e-03
8.6073500e-01   9.4575984e-03
8.7160099e-01   8.8728741e-03
8.8208801e-01   8.1040990e-03
8.9218402e-01   7.3654996e-03
9.0188003e-01   7.0112669e-03
9.1116500e-01   6.1463956e-03
9.2003101e-01   5.4946826e-03
9.2846799e-01   4.7790240e-03
9.3646699e-01   4.3097832e-03
9.4401902e-01   3.4795040e-03
9.5111603e-01   3.0094518e-03
9.5775098e-01   2.4787623e-03
9.6392000e-01   1.4140485e-03
9.6961600e-01   1.1530062e-03
9.7483599e-01   8.9488411e-04
9.7957498e-01   3.0933530e-04
9.8383099e-01   7.5777411e-05
9.8759800e-01   6.5770000e-05
9.9087399e-01   -1.6463117e-04
9.9365300e-01   -5.7959644e-04
9.9593401e-01   -7.3347904e-04
9.9771100e-01   -7.1448111e-04
9.9898201e-01   -1.0478505e-03
9.9974501e-01   -8.8195712e-04
1.0000000e+00   -1.1170518e-03
