1.0000000e+00   3.6481549e-03
9.9974501e-01   3.7908603e-03
9.9898201e-01   4.2662295e-03
9.9771100e-01   4.7955415e-03
9.9593300e-01   5.7588867e-03
9.9365300e-01   6.8356921e-03
9.9087399e-01   8.2934210e-03
9.8759800e-01   9.9808387e-03
9.8382998e-01   1.2191473e-02
9.7957498e-01   1.4433680e-02
9.7483599e-01   1.6980834e-02
9.6961600e-01   1.9570727e-02
9.6392000e-01   2.2453925e-02
9.5775098e-01   2.5479723e-02
9.5111603e-01   2.8804036e-02
9.4401902e-01   3.2111779e-02
9.3646699e-01   3.5902761e-02
9.2846799e-01   3.9853901e-02
9.2003101e-01   4.3464299e-02
9.1116500e-01   4.7509536e-02
9.0187901e-01   5.1705662e-02
8.9218301e-01   5.6155097e-02
8.8208699e-01   6.0753051e-02
8.7160099e-01   6.5543123e-02
8.6073500e-01   7.0143461e-02
8.4950101e-01   7.5082988e-02
8.3791000e-01   8.0008104e-02
8.2597399e-01   8.4966145e-02
8.1370401e-01   9.0176836e-02
8.0111301e-01   9.5439158e-02
7.8821403e-01   1.0090987e-01
7.7501899e-01   1.0608125e-01
7.6154101e-01   1.1155427e-01
7.4779499e-01   1.1714181e-01
7.3379201e-01   1.2198048e-01
7.1954799e-01   1.2735525e-01
7.0507699e-01   1.3260038e-01
6.9039202e-01   1.3818480e-01
6.7550898e-01   1.4359953e-01
6.6044199e-01   1.4821804e-01
6.4520597e-01   1.5383187e-01
6.2981701e-01   1.5860304e-01
6.1429000e-01   1.6318917e-01
5.9864002e-01   1.6779639e-01
5.8288401e-01   1.7247970e-01
5.6703597e-01   1.7700565e-01
5.5111301e-01   1.8090531e-01
5.3513098e-01   1.8479650e-01
5.1910597e-01   1.8889841e-01
5.0305402e-01   1.9172955e-01
4.8699099e-01   1.9504702e-01
4.7093400e-01   1.9820102e-01
4.5489800e-01   2.0078191e-01
4.3889999e-01   2.0326623e-01
4.2295599e-01   2.0505826e-01
4.0708300e-01   2.0732363e-01
3.9129499e-01   2.0786022e-01
3.7560999e-01   2.0917167e-01
3.6004400e-01   2.0998706e-01
3.4461200e-01   2.1046375e-01
3.2933000e-01   2.1041983e-01
3.1421301e-01   2.1033770e-01
2.9927900e-01   2.0903720e-01
2.8454101e-01   2.0849697e-01
2.7001500e-01   2.0665096e-01
2.5571701e-01   2.0505826e-01
2.4166100e-01   2.0257106e-01
2.2786200e-01   2.0003013e-01
2.1433599e-01   1.9680429e-01
2.0109500e-01   1.9255070e-01
1.8815500e-01   1.8857560e-01
1.7553000e-01   1.8433402e-01
1.6323400e-01   1.7933135e-01
1.5128000e-01   1.7401215e-01
1.3968100e-01   1.6827059e-01
1.2845200e-01   1.6240177e-01
1.1760600e-01   1.5634200e-01
1.0715500e-01   1.4984103e-01
9.7112998e-02   1.4262113e-01
8.7493002e-02   1.3550472e-01
7.8305997e-02   1.2805168e-01
6.9565997e-02   1.2036277e-01
6.1285000e-02   1.1252277e-01
5.3474002e-02   1.0465539e-01
4.6149999e-02   9.6323356e-02
3.9326001e-02   8.8283516e-02
3.3013999e-02   8.0157116e-02
2.7230000e-02   7.1939364e-02
2.1980001e-02   6.3827276e-02
1.7277000e-02   5.5784978e-02
1.3141000e-02   4.7770523e-02
9.5729996e-03   3.9931525e-02
6.5830001e-03   3.2451056e-02
4.1880002e-03   2.5395079e-02
2.3540000e-03   1.8841593e-02
1.0810000e-03   1.3060645e-02
3.7100000e-04   8.3642993e-03
7.6999997e-05   4.8009721e-03
4.9999999e-06   2.6289891e-03
0.0000000e+00   1.7724035e-03
4.9999999e-06   1.0557548e-03
7.6999997e-05   -9.3947462e-04
3.7100000e-04   -4.0525030e-03
1.0810000e-03   -7.7844625e-03
2.3530000e-03   -1.1561591e-02
4.1880002e-03   -1.5172007e-02
6.5850001e-03   -1.8289512e-02
9.5760003e-03   -2.0445121e-02
1.3145000e-02   -2.1863705e-02
1.7281000e-02   -2.1880496e-02
2.1983000e-02   -2.1370310e-02
2.7232001e-02   -2.0755224e-02
3.3016000e-02   -1.9993370e-02
3.9328001e-02   -1.8778827e-02
4.6151999e-02   -1.7644132e-02
5.3475998e-02   -1.5870966e-02
6.1287001e-02   -1.4114958e-02
6.9568001e-02   -1.2001303e-02
7.8308001e-02   -9.5743705e-03
8.7494999e-02   -6.9466308e-03
9.7115003e-02   -5.2871136e-03
1.0715700e-01   -2.4694749e-03
1.1760800e-01   -3.1013787e-04
1.2845400e-01   1.9858826e-03
1.3968299e-01   3.9606560e-03
1.5128200e-01   6.2395418e-03
1.6323499e-01   8.4688654e-03
1.7553200e-01   1.0397991e-02
1.8815701e-01   1.2235306e-02
2.0109700e-01   1.4349049e-02
2.1433701e-01   1.6290527e-02
2.2786400e-01   1.7952524e-02
2.4166299e-01   1.9439185e-02
2.5571901e-01   2.1157386e-02
2.7001700e-01   2.2176087e-02
2.8454199e-01   2.3354821e-02
2.9927999e-01   2.4511278e-02
3.1421500e-01   2.5630604e-02
3.2933101e-01   2.7083730e-02
3.4461299e-01   2.7684124e-02
3.6004499e-01   2.8502312e-02
3.7561101e-01   2.8775569e-02
3.9129600e-01   2.9275989e-02
4.0708300e-01   3.0167960e-02
4.2295700e-01   2.9922118e-02
4.3890101e-01   2.9901931e-02
4.5489901e-01   3.0670356e-02
4.7093499e-01   3.0286107e-02
4.8699200e-01   2.9518602e-02
5.0305498e-01   2.8749684e-02
5.1910698e-01   2.8467346e-02
5.3513199e-01   2.7910208e-02
5.5111402e-01   2.7387120e-02
5.6703597e-01   2.6832605e-02
5.8288401e-01   2.5972718e-02
5.9864002e-01   2.5067650e-02
6.1429000e-01   2.4300219e-02
6.2981701e-01   2.3253741e-02
6.4520597e-01   2.2164816e-02
6.6044199e-01   2.0675015e-02
6.7550898e-01   1.9874306e-02
6.9039297e-01   1.8849058e-02
7.0507699e-01   1.7363274e-02
7.1954900e-01   1.6436907e-02
7.3379302e-01   1.5121629e-02
7.4779499e-01   1.3858247e-02
7.6154202e-01   1.2523935e-02
7.7501899e-01   1.1627673e-02
7.8821403e-01   1.0575471e-02
8.0111301e-01   9.3534132e-03
8.1370401e-01   8.2870480e-03
8.2597297e-01   7.4351421e-03
8.3791000e-01   6.4536221e-03
8.4950101e-01   5.5783857e-03
8.6073500e-01   4.6238829e-03
8.7160099e-01   3.9373906e-03
8.8208801e-01   3.0883723e-03
8.9218402e-01   2.2209724e-03
9.0188003e-01   1.4728660e-03
9.1116500e-01   8.5517834e-04
9.2003101e-01   3.9618553e-04
9.2846799e-01   -1.2148032e-04
9.3646699e-01   -6.0252886e-04
9.4401902e-01   -1.2141521e-03
9.5111603e-01   -1.3514868e-03
9.5775098e-01   -1.5914815e-03
9.6392000e-01   -1.8224205e-03
9.6961600e-01   -2.1432261e-03
9.7483599e-01   -2.2116622e-03
9.7957498e-01   -2.3349603e-03
9.8383099e-01   -2.2050908e-03
9.8759800e-01   -2.2903571e-03
9.9087399e-01   -2.2193636e-03
9.9365300e-01   -2.2099616e-03
9.9593401e-01   -2.2934459e-03
9.9771100e-01   -2.1788934e-03
9.9898201e-01   -2.1569072e-03
9.9974501e-01   -2.1699076e-03
1.0000000e+00   -2.1875412e-03
