1.0000000e+00   4.2713946e-03
9.9974501e-01   4.2868485e-03
9.9898201e-01   5.1903501e-03
9.9771100e-01   5.7970714e-03
9.9593300e-01   7.0631467e-03
9.9365300e-01   8.3580101e-03
9.9087399e-01   1.0170492e-02
9.8759800e-01   1.2574397e-02
9.8382998e-01   1.5108964e-02
9.7957498e-01   1.8033775e-02
9.7483599e-01   2.1092158e-02
9.6961600e-01   2.5033526e-02
9.6392000e-01   2.9031610e-02
9.5775098e-01   3.3348981e-02
9.5111603e-01   3.7632953e-02
9.4401902e-01   4.2540327e-02
9.3646699e-01   4.7062594e-02
9.2846799e-01   5.2849866e-02
9.2003101e-01   5.7900824e-02
9.1116500e-01   6.3345306e-02
9.0187901e-01   6.9630638e-02
8.9218301e-01   7.5342879e-02
8.8208699e-01   8.1680782e-02
8.7160099e-01   8.8138551e-02
8.6073500e-01   9.4765179e-02
8.4950101e-01   1.0132513e-01
8.3791000e-01   1.0804549e-01
8.2597399e-01   1.1560120e-01
8.1370401e-01   1.2244076e-01
8.0111301e-01   1.2976752e-01
7.8821403e-01   1.3681929e-01
7.7501899e-01   1.4390817e-01
7.6154101e-01   1.5150829e-01
7.4779499e-01   1.5840295e-01
7.3379201e-01   1.6595055e-01
7.1954799e-01   1.7325780e-01
7.0507699e-01   1.8006064e-01
6.9039202e-01   1.8720357e-01
6.7550898e-01   1.9414242e-01
6.6044199e-01   2.0126368e-01
6.4520597e-01   2.0754556e-01
6.2981701e-01   2.1394044e-01
6.1429000e-01   2.2062047e-01
5.9864002e-01   2.2675593e-01
5.8288401e-01   2.3255731e-01
5.6703597e-01   2.3831123e-01
5.5111301e-01   2.4403521e-01
5.3513098e-01   2.4915913e-01
5.1910597e-01   2.5378466e-01
5.0305402e-01   2.5884950e-01
4.8699099e-01   2.6282305e-01
4.7093400e-01   2.6711702e-01
4.5489800e-01   2.7028564e-01
4.3889999e-01   2.7422407e-01
4.2295599e-01   2.7652645e-01
4.0708300e-01   2.7873960e-01
3.9129499e-01   2.8114575e-01
3.7560999e-01   2.8220680e-01
3.6004400e-01   2.8357881e-01
3.4461200e-01   2.8397137e-01
3.2933000e-01   2.8384867e-01
3.1421301e-01   2.8278872e-01
2.9927900e-01   2.8195870e-01
2.8454101e-01   2.8053898e-01
2.7001500e-01   2.7840376e-01
2.5571701e-01   2.7537319e-01
2.4166100e-01   2.7279618e-01
2.2786200e-01   2.6822999e-01
2.1433599e-01   2.6397884e-01
2.0109500e-01   2.5941989e-01
1.8815500e-01   2.5373608e-01
1.7553000e-01   2.4803023e-01
1.6323400e-01   2.4181113e-01
1.5128000e-01   2.3446701e-01
1.3968100e-01   2.2681788e-01
1.2845200e-01   2.1860400e-01
1.1760600e-01   2.1003261e-01
1.0715500e-01   2.0079111e-01
9.7112998e-02   1.9117592e-01
8.7493002e-02   1.8169989e-01
7.8305997e-02   1.7127798e-01
6.9565997e-02   1.6115840e-01
6.1285000e-02   1.5062751e-01
5.3474002e-02   1.3919099e-01
4.6149999e-02   1.2823465e-01
3.9326001e-02   1.1674287e-01
3.3013999e-02   1.0557107e-01
2.7230000e-02   9.4324030e-02
2.1980001e-02   8.3032206e-02
1.7277000e-02   7.2082810e-02
1.3141000e-02   6.1013501e-02
9.5729996e-03   5.0072804e-02
6.5830001e-03   4.0091231e-02
4.1880002e-03   3.0563222e-02
2.3540000e-03   2.1950461e-02
1.0810000e-03   1.4625600e-02
3.7100000e-04   8.4383702e-03
7.6999997e-05   3.9567929e-03
4.9999999e-06   1.1170602e-03
0.0000000e+00   1.0643923e-04
4.9999999e-06   -7.3497545e-04
7.6999997e-05   -3.3926179e-03
3.7100000e-04   -7.4440516e-03
1.0810000e-03   -1.2489405e-02
2.3530000e-03   -1.8447364e-02
4.1880002e-03   -2.4005106e-02
6.5850001e-03   -2.8868198e-02
9.5760003e-03   -3.3071239e-02
1.3145000e-02   -3.6248710e-02
1.7281000e-02   -3.8393550e-02
2.1983000e-02   -4.0095065e-02
2.7232001e-02   -4.1356973e-02
3.3016000e-02   -4.2562805e-02
3.9328001e-02   -4.3584622e-02
4.6151999e-02   -4.4173662e-02
5.3475998e-02   -4.4282515e-02
6.1287001e-02   -4.4490349e-02
6.9568001e-02   -4.4228464e-02
7.8308001e-02   -4.4117153e-02
8.7494999e-02   -4.3109667e-02
9.7115003e-02   -4.3171357e-02
1.0715700e-01   -4.2316705e-02
1.1760800e-01   -4.1265279e-02
1.2845400e-01   -4.0341802e-02
1.3968299e-01   -3.8962733e-02
1.5128200e-01   -3.8268011e-02
1.6323499e-01   -3.6915526e-02
1.7553200e-01   -3.5750240e-02
1.8815701e-01   -3.5139874e-02
2.0109700e-01   -3.3620868e-02
2.1433701e-01   -3.2335836e-02
2.2786400e-01   -3.0896923e-02
2.4166299e-01   -2.9477963e-02
2.5571901e-01   -2.8664842e-02
2.7001700e-01   -2.7091702e-02
2.8454199e-01   -2.5886381e-02
2.9927999e-01   -2.4278067e-02
3.1421500e-01   -2.3329725e-02
3.2933101e-01   -2.2322385e-02
3.4461299e-01   -2.1058626e-02
3.6004499e-01   -2.0480562e-02
3.7561101e-01   -1.8647669e-02
3.9129600e-01   -1.7609911e-02
4.0708300e-01   -1.6584968e-02
4.2295700e-01   -1.5394321e-02
4.3890101e-01   -1.4217711e-02
4.5489901e-01   -1.2824525e-02
4.7093499e-01   -1.2194513e-02
4.8699200e-01   -1.1146870e-02
5.0305498e-01   -1.0387293e-02
5.1910698e-01   -9.3982955e-03
5.3513199e-01   -8.5689565e-03
5.5111402e-01   -7.6907473e-03
5.6703597e-01   -7.2465166e-03
5.8288401e-01   -6.6698957e-03
5.9864002e-01   -5.6510787e-03
6.1429000e-01   -5.1660226e-03
6.2981701e-01   -4.2013689e-03
6.4520597e-01   -3.5366232e-03
6.6044199e-01   -3.1816834e-03
6.7550898e-01   -2.6461792e-03
6.9039297e-01   -1.8832065e-03
7.0507699e-01   -1.7532018e-03
7.1954900e-01   -1.2183072e-03
7.3379302e-01   -7.0741761e-04
7.4779499e-01   -3.6337596e-04
7.6154202e-01   -6.3455099e-04
7.7501899e-01   -2.3273565e-04
7.8821403e-01   -2.1197088e-04
8.0111301e-01   -3.8043220e-04
8.1370401e-01   -1.3440661e-04
8.2597297e-01   -2.7388334e-04
8.3791000e-01   1.9735564e-04
8.4950101e-01   -2.9681064e-04
8.6073500e-01   -3.9752011e-04
8.7160099e-01   -6.2755862e-04
8.8208801e-01   -9.0156612e-04
8.9218402e-01   -9.7435544e-04
9.0188003e-01   -1.5493423e-03
9.1116500e-01   -1.6897556e-03
9.2003101e-01   -2.1628570e-03
9.2846799e-01   -2.2930715e-03
9.3646699e-01   -2.3941477e-03
9.4401902e-01   -2.8948139e-03
9.5111603e-01   -2.6803876e-03
9.5775098e-01   -2.6380736e-03
9.6392000e-01   -3.1485858e-03
9.6961600e-01   -3.1121129e-03
9.7483599e-01   -2.9849231e-03
9.7957498e-01   -2.8572739e-03
9.8383099e-01   -3.2338994e-03
9.8759800e-01   -2.8521351e-03
9.9087399e-01   -3.3691677e-03
9.9365300e-01   -3.2626814e-03
9.9593401e-01   -3.3785200e-03
9.9771100e-01   -3.7682920e-03
9.9898201e-01   -3.4571250e-03
9.9974501e-01   -3.6213472e-03
1.0000000e+00   -3.4490537e-03
