1.0000000e+00   5.5239485e-03
9.9974501e-01   5.4817274e-03
9.9898201e-01   6.4011822e-03
9.9771100e-01   6.9149784e-03
9.9593300e-01   8.0247475e-03
9.9365300e-01   1.0012663e-02
9.9087399e-01   1.1749840e-02
9.8759800e-01   1.3996477e-02
9.8382998e-01   1.6706610e-02
9.7957498e-01   1.9520946e-02
9.7483599e-01   2.2776267e-02
9.6961600e-01   2.6264630e-02
9.6392000e-01   3.0395698e-02
9.5775098e-01   3.4212086e-02
9.5111603e-01   3.8378764e-02
9.4401902e-01   4.3034717e-02
9.3646699e-01   4.8287004e-02
9.2846799e-01   5.2910134e-02
9.2003101e-01   5.8236636e-02
9.1116500e-01   6.3244641e-02
9.0187901e-01   6.8449050e-02
8.9218301e-01   7.4675523e-02
8.8208699e-01   8.0413625e-02
8.7160099e-01   8.6634144e-02
8.6073500e-01   9.2928439e-02
8.4950101e-01   9.9071860e-02
8.3791000e-01   1.0568065e-01
8.2597399e-01   1.1228745e-01
8.1370401e-01   1.1854978e-01
8.0111301e-01   1.2565295e-01
7.8821403e-01   1.3244846e-01
7.7501899e-01   1.3982140e-01
7.6154101e-01   1.4639747e-01
7.4779499e-01   1.5316118e-01
7.3379201e-01   1.6018271e-01
7.1954799e-01   1.6712981e-01
7.0507699e-01   1.7337225e-01
6.9039202e-01   1.8038239e-01
6.7550898e-01   1.8667053e-01
6.6044199e-01   1.9303909e-01
6.4520597e-01   1.9946036e-01
6.2981701e-01   2.0561749e-01
6.1429000e-01   2.1108559e-01
5.9864002e-01   2.1738155e-01
5.8288401e-01   2.2328591e-01
5.6703597e-01   2.2860688e-01
5.5111301e-01   2.3369256e-01
5.3513098e-01   2.3825240e-01
5.1910597e-01   2.4307458e-01
5.0305402e-01   2.4745616e-01
4.8699099e-01   2.5117347e-01
4.7093400e-01   2.5562936e-01
4.5489800e-01   2.5835663e-01
4.3889999e-01   2.6158103e-01
4.2295599e-01   2.6381904e-01
4.0708300e-01   2.6603150e-01
3.9129499e-01   2.6749563e-01
3.7560999e-01   2.6933861e-01
3.6004400e-01   2.7020779e-01
3.4461200e-01   2.7093455e-01
3.2933000e-01   2.7064940e-01
3.1421301e-01   2.7015656e-01
2.9927900e-01   2.6932955e-01
2.8454101e-01   2.6779062e-01
2.7001500e-01   2.6588115e-01
2.5571701e-01   2.6247111e-01
2.4166100e-01   2.5919986e-01
2.2786200e-01   2.5602534e-01
2.1433599e-01   2.5159249e-01
2.0109500e-01   2.4648345e-01
1.8815500e-01   2.4130405e-01
1.7553000e-01   2.3520400e-01
1.6323400e-01   2.2842737e-01
1.5128000e-01   2.2096956e-01
1.3968100e-01   2.1370272e-01
1.2845200e-01   2.0537743e-01
1.1760600e-01   1.9668023e-01
1.0715500e-01   1.8778738e-01
9.7112998e-02   1.7792314e-01
8.7493002e-02   1.6830058e-01
7.8305997e-02   1.5773669e-01
6.9565997e-02   1.4737304e-01
6.1285000e-02   1.3647823e-01
5.3474002e-02   1.2540206e-01
4.6149999e-02   1.1467963e-01
3.9326001e-02   1.0375401e-01
3.3013999e-02   9.3007177e-02
2.7230000e-02   8.2033738e-02
2.1980001e-02   7.1610391e-02
1.7277000e-02   6.1339699e-02
1.3141000e-02   5.1506091e-02
9.5729996e-03   4.2033780e-02
6.5830001e-03   3.2962020e-02
4.1880002e-03   2.4889925e-02
2.3540000e-03   1.7474597e-02
1.0810000e-03   1.1415673e-02
3.7100000e-04   6.3811755e-03
7.6999997e-05   2.5480264e-03
4.9999999e-06   5.3905690e-04
0.0000000e+00   -2.5802432e-04
4.9999999e-06   -1.0399474e-03
7.6999997e-05   -3.2511449e-03
3.7100000e-04   -6.6286344e-03
1.0810000e-03   -1.0842821e-02
2.3530000e-03   -1.5777493e-02
4.1880002e-03   -2.1091321e-02
6.5850001e-03   -2.5885578e-02
9.5760003e-03   -2.9812394e-02
1.3145000e-02   -3.3289380e-02
1.7281000e-02   -3.5223726e-02
2.1983000e-02   -3.6952619e-02
2.7232001e-02   -3.8089614e-02
3.3016000e-02   -3.9089780e-02
3.9328001e-02   -4.0138237e-02
4.6151999e-02   -4.0514614e-02
5.3475998e-02   -4.0851265e-02
6.1287001e-02   -4.1241810e-02
6.9568001e-02   -4.0905565e-02
7.8308001e-02   -4.0972915e-02
8.7494999e-02   -4.0519491e-02
9.7115003e-02   -3.9415851e-02
1.0715700e-01   -3.8936332e-02
1.1760800e-01   -3.7736144e-02
1.2845400e-01   -3.6603242e-02
1.3968299e-01   -3.5568185e-02
1.5128200e-01   -3.4210809e-02
1.6323499e-01   -3.3092514e-02
1.7553200e-01   -3.1224942e-02
1.8815701e-01   -3.0007135e-02
2.0109700e-01   -2.8517026e-02
2.1433701e-01   -2.6961008e-02
2.2786400e-01   -2.5513014e-02
2.4166299e-01   -2.3736767e-02
2.5571901e-01   -2.2024382e-02
2.7001700e-01   -2.0494817e-02
2.8454199e-01   -1.9550001e-02
2.9927999e-01   -1.7976653e-02
3.1421500e-01   -1.6419638e-02
3.2933101e-01   -1.5482700e-02
3.4461299e-01   -1.4390272e-02
3.6004499e-01   -1.3185906e-02
3.7561101e-01   -1.2474419e-02
3.9129600e-01   -1.1519709e-02
4.0708300e-01   -1.0551315e-02
4.2295700e-01   -9.5209060e-03
4.3890101e-01   -8.7488033e-03
4.5489901e-01   -8.1311762e-03
4.7093499e-01   -7.7592032e-03
4.8699200e-01   -7.3233428e-03
5.0305498e-01   -6.9870148e-03
5.1910698e-01   -6.2275580e-03
5.3513199e-01   -5.6705200e-03
5.5111402e-01   -5.6193327e-03
5.6703597e-01   -5.4007019e-03
5.8288401e-01   -4.5238761e-03
5.9864002e-01   -4.4801421e-03
6.1429000e-01   -4.8334892e-03
6.2981701e-01   -3.8377268e-03
6.4520597e-01   -4.2238915e-03
6.6044199e-01   -3.9975727e-03
6.7550898e-01   -3.8424393e-03
6.9039297e-01   -3.6180569e-03
7.0507699e-01   -3.3343423e-03
7.1954900e-01   -3.5397487e-03
7.3379302e-01   -3.4416406e-03
7.4779499e-01   -3.0732579e-03
7.6154202e-01   -3.2832653e-03
7.7501899e-01   -3.5719608e-03
7.8821403e-01   -3.0539313e-03
8.0111301e-01   -3.4836053e-03
8.1370401e-01   -3.1514473e-03
8.2597297e-01   -3.1286897e-03
8.3791000e-01   -3.1031158e-03
8.4950101e-01   -3.6252299e-03
8.6073500e-01   -3.4004617e-03
8.7160099e-01   -3.2200878e-03
8.8208801e-01   -3.9451020e-03
8.9218402e-01   -3.8252976e-03
9.0188003e-01   -3.8988523e-03
9.1116500e-01   -3.7866901e-03
9.2003101e-01   -3.8463457e-03
9.2846799e-01   -3.9188410e-03
9.3646699e-01   -3.9230981e-03
9.4401902e-01   -3.9128778e-03
9.5111603e-01   -3.6746406e-03
9.5775098e-01   -3.6211510e-03
9.6392000e-01   -3.6600053e-03
9.6961600e-01   -3.4386138e-03
9.7483599e-01   -3.3879313e-03
9.7957498e-01   -3.0772500e-03
9.8383099e-01   -3.0557660e-03
9.8759800e-01   -2.6763561e-03
9.9087399e-01   -2.5056771e-03
9.9365300e-01   -2.3686485e-03
9.9593401e-01   -2.4016772e-03
9.9771100e-01   -2.2111607e-03
9.9898201e-01   -2.3103009e-03
9.9974501e-01   -2.1125686e-03
1.0000000e+00   -2.1542092e-03
