1.0000000e+00   -2.6977828e-05
9.9974501e-01   5.1131425e-04
9.9898201e-01   1.7573587e-03
9.9771100e-01   3.6512255e-03
9.9593300e-01   6.5141441e-03
9.9365300e-01   1.0031438e-02
9.9087399e-01   1.4008687e-02
9.8759800e-01   1.8755766e-02
9.8382998e-01   2.4189658e-02
9.7957498e-01   3.0232070e-02
9.7483599e-01   3.6819413e-02
9.6961600e-01   4.3987624e-02
9.6392000e-01   5.1871989e-02
9.5775098e-01   6.0129136e-02
9.5111603e-01   6.9096550e-02
9.4401902e-01   7.8486584e-02
9.3646699e-01   8.8468038e-02
9.2846799e-01   9.9309549e-02
9.2003101e-01   1.1034887e-01
9.1116500e-01   1.2184827e-01
9.0187901e-01   1.3396534e-01
8.9218301e-01   1.4603059e-01
8.8208699e-01   1.5852065e-01
8.7160099e-01   1.7152384e-01
8.6073500e-01   1.8489040e-01
8.4950101e-01   1.9846980e-01
8.3791000e-01   2.1234588e-01
8.2597399e-01   2.2639690e-01
8.1370401e-01   2.4082641e-01
8.0111301e-01   2.5538751e-01
7.8821403e-01   2.7000046e-01
7.7501899e-01   2.8495339e-01
7.6154101e-01   2.9998425e-01
7.4779499e-01   3.1492049e-01
7.3379201e-01   3.2970196e-01
7.1954799e-01   3.4488899e-01
7.0507699e-01   3.5974967e-01
6.9039202e-01   3.7463966e-01
6.7550898e-01   3.8961947e-01
6.6044199e-01   4.0433085e-01
6.4520597e-01   4.1842842e-01
6.2981701e-01   4.3222401e-01
6.1429000e-01   4.4555175e-01
5.9864002e-01   4.5878717e-01
5.8288401e-01   4.7150120e-01
5.6703597e-01   4.8329416e-01
5.5111301e-01   4.9461785e-01
5.3513098e-01   5.0532413e-01
5.1910597e-01   5.1549655e-01
5.0305402e-01   5.2484524e-01
4.8699099e-01   5.3332210e-01
4.7093400e-01   5.4097313e-01
4.5489800e-01   5.4742080e-01
4.3889999e-01   5.5270123e-01
4.2295599e-01   5.5723143e-01
4.0708300e-01   5.6054795e-01
3.9129499e-01   5.6281990e-01
3.7560999e-01   5.6442875e-01
3.6004400e-01   5.6435990e-01
3.4461200e-01   5.6368482e-01
3.2933000e-01   5.6191659e-01
3.1421301e-01   5.5874825e-01
2.9927900e-01   5.5441916e-01
2.8454101e-01   5.4917920e-01
2.7001500e-01   5.4215527e-01
2.5571701e-01   5.3429735e-01
2.4166100e-01   5.2539676e-01
2.2786200e-01   5.1562452e-01
2.1433599e-01   5.0448000e-01
2.0109500e-01   4.9170849e-01
1.8815500e-01   4.7821215e-01
1.7553000e-01   4.6323884e-01
1.6323400e-01   4.4708753e-01
1.5128000e-01   4.2974269e-01
1.3968100e-01   4.1139859e-01
1.2845200e-01   3.9226979e-01
1.1760600e-01   3.7239432e-01
1.0715500e-01   3.5162702e-01
9.7112998e-02   3.3103332e-01
8.7493002e-02   3.0949265e-01
7.8305997e-02   2.8768197e-01
6.9565997e-02   2.6541492e-01
6.1285000e-02   2.4337660e-01
5.3474002e-02   2.2138070e-01
4.6149999e-02   1.9966342e-01
3.9326001e-02   1.7828864e-01
3.3013999e-02   1.5742356e-01
2.7230000e-02   1.3719293e-01
2.1980001e-02   1.1740643e-01
1.7277000e-02   9.8830655e-02
1.3141000e-02   8.1086263e-02
9.5729996e-03   6.4519271e-02
6.5830001e-03   4.9575925e-02
4.1880002e-03   3.6586039e-02
2.3540000e-03   2.5496487e-02
1.0810000e-03   1.6432531e-02
3.7100000e-04   9.1766939e-03
7.6999997e-05   4.1181757e-03
4.9999999e-06   1.0095142e-03
0.0000000e+00   4.2269330e-06
4.9999999e-06   -9.1152295e-04
7.6999997e-05   -3.9711301e-03
3.7100000e-04   -8.5840058e-03
1.0810000e-03   -1.5311360e-02
2.3530000e-03   -2.3702890e-02
4.1880002e-03   -3.3987183e-02
6.5850001e-03   -4.5122165e-02
9.5760003e-03   -5.7321519e-02
1.3145000e-02   -7.0194297e-02
1.7281000e-02   -8.2819998e-02
2.1983000e-02   -9.4493695e-02
2.7232001e-02   -1.0568324e-01
3.3016000e-02   -1.1601255e-01
3.9328001e-02   -1.2558179e-01
4.6151999e-02   -1.3525014e-01
5.3475998e-02   -1.4387438e-01
6.1287001e-02   -1.5152174e-01
6.9568001e-02   -1.5880217e-01
7.8308001e-02   -1.6506353e-01
8.7494999e-02   -1.7088418e-01
9.7115003e-02   -1.7578609e-01
1.0715700e-01   -1.8051718e-01
1.1760800e-01   -1.8434617e-01
1.2845400e-01   -1.8778011e-01
1.3968299e-01   -1.9025019e-01
1.5128200e-01   -1.9207205e-01
1.6323499e-01   -1.9340673e-01
1.7553200e-01   -1.9419925e-01
1.8815701e-01   -1.9457760e-01
2.0109700e-01   -1.9412483e-01
2.1433701e-01   -1.9331761e-01
2.2786400e-01   -1.9292060e-01
2.4166299e-01   -1.9196664e-01
2.5571901e-01   -1.9012249e-01
2.7001700e-01   -1.8873428e-01
2.8454199e-01   -1.8625449e-01
2.9927999e-01   -1.8397807e-01
3.1421500e-01   -1.8141627e-01
3.2933101e-01   -1.7914864e-01
3.4461299e-01   -1.7604916e-01
3.6004499e-01   -1.7228509e-01
3.7561101e-01   -1.6859712e-01
3.9129600e-01   -1.6454716e-01
4.0708300e-01   -1.6026060e-01
4.2295700e-01   -1.5581760e-01
4.3890101e-01   -1.5151234e-01
4.5489901e-01   -1.4681318e-01
4.7093499e-01   -1.4218819e-01
4.8699200e-01   -1.3731630e-01
5.0305498e-01   -1.3261499e-01
5.1910698e-01   -1.2777306e-01
5.3513199e-01   -1.2338354e-01
5.5111402e-01   -1.1819925e-01
5.6703597e-01   -1.1360571e-01
5.8288401e-01   -1.0813525e-01
5.9864002e-01   -1.0292624e-01
6.1429000e-01   -9.7779498e-02
6.2981701e-01   -9.2808485e-02
6.4520597e-01   -8.8059023e-02
6.6044199e-01   -8.3634444e-02
6.7550898e-01   -7.9279549e-02
6.9039297e-01   -7.5105295e-02
7.0507699e-01   -7.0561744e-02
7.1954900e-01   -6.6908829e-02
7.3379302e-01   -6.2873766e-02
7.4779499e-01   -5.9186071e-02
7.6154202e-01   -5.5300817e-02
7.7501899e-01   -5.1911186e-02
7.8821403e-01   -4.8767623e-02
8.0111301e-01   -4.5345318e-02
8.1370401e-01   -4.2320188e-02
8.2597297e-01   -3.9470140e-02
8.3791000e-01   -3.5658531e-02
8.4950101e-01   -3.2494068e-02
8.6073500e-01   -2.9489487e-02
8.7160099e-01   -2.7085910e-02
8.8208801e-01   -2.4664242e-02
8.9218402e-01   -2.2490444e-02
9.0188003e-01   -2.0399008e-02
9.1116500e-01   -1.8254727e-02
9.2003101e-01   -1.6359190e-02
9.2846799e-01   -1.4542900e-02
9.3646699e-01   -1.2824833e-02
9.4401902e-01   -1.1221711e-02
9.5111603e-01   -9.6251918e-03
9.5775098e-01   -8.5076913e-03
9.6392000e-01   -7.3333015e-03
9.6961600e-01   -6.4353817e-03
9.7483599e-01   -5.3234347e-03
9.7957498e-01   -4.3465919e-03
9.8383099e-01   -3.5051801e-03
9.8759800e-01   -2.8456347e-03
9.9087399e-01   -2.3179287e-03
9.9365300e-01   -1.9589297e-03
9.9593401e-01   -1.2989229e-03
9.9771100e-01   -6.7559199e-04
9.9898201e-01   -1.7052976e-04
9.9974501e-01   -1.4317119e-04
1.0000000e+00   4.9504539e-05
