1.0000000e+00   5.0396863e-03
9.9974501e-01   5.6102318e-03
9.9898201e-01   5.4191360e-03
9.9771100e-01   6.0005598e-03
9.9593300e-01   6.3411770e-03
9.9365300e-01   7.0107863e-03
9.9087399e-01   8.3924150e-03
9.8759800e-01   9.2011103e-03
9.8382998e-01   1.0001479e-02
9.7957498e-01   1.1261157e-02
9.7483599e-01   1.3437008e-02
9.6961600e-01   1.4710448e-02
9.6392000e-01   1.6103664e-02
9.5775098e-01   1.8935682e-02
9.5111603e-01   2.1252315e-02
9.4401902e-01   2.3711663e-02
9.3646699e-01   2.6362946e-02
9.2846799e-01   2.9049687e-02
9.2003101e-01   3.2231413e-02
9.1116500e-01   3.5779856e-02
9.0187901e-01   3.9259847e-02
8.9218301e-01   4.2513505e-02
8.8208699e-01   4.5925569e-02
8.7160099e-01   4.9987096e-02
8.6073500e-01   5.4067966e-02
8.4950101e-01   5.8570076e-02
8.3791000e-01   6.3260995e-02
8.2597399e-01   6.7375571e-02
8.1370401e-01   7.2556295e-02
8.0111301e-01   7.6790273e-02
7.8821403e-01   8.1015103e-02
7.7501899e-01   8.6929448e-02
7.6154101e-01   9.1378056e-02
7.4779499e-01   9.6197061e-02
7.3379201e-01   1.0096403e-01
7.1954799e-01   1.0587449e-01
7.0507699e-01   1.1170285e-01
6.9039202e-01   1.1636292e-01
6.7550898e-01   1.2142450e-01
6.6044199e-01   1.2651531e-01
6.4520597e-01   1.3140424e-01
6.2981701e-01   1.3567433e-01
6.1429000e-01   1.4044747e-01
5.9864002e-01   1.4456759e-01
5.8288401e-01   1.4912188e-01
5.6703597e-01   1.5392324e-01
5.5111301e-01   1.5721726e-01
5.3513098e-01   1.6163664e-01
5.1910597e-01   1.6510375e-01
5.0305402e-01   1.6799042e-01
4.8699099e-01   1.7165120e-01
4.7093400e-01   1.7390229e-01
4.5489800e-01   1.7761344e-01
4.3889999e-01   1.7943090e-01
4.2295599e-01   1.8157504e-01
4.0708300e-01   1.8280120e-01
3.9129499e-01   1.8444720e-01
3.7560999e-01   1.8555799e-01
3.6004400e-01   1.8566184e-01
3.4461200e-01   1.8673529e-01
3.2933000e-01   1.8579276e-01
3.1421301e-01   1.8639839e-01
2.9927900e-01   1.8583402e-01
2.8454101e-01   1.8404184e-01
2.7001500e-01   1.8345283e-01
2.5571701e-01   1.8252310e-01
2.4166100e-01   1.7991446e-01
2.2786200e-01   1.7803849e-01
2.1433599e-01   1.7539638e-01
2.0109500e-01   1.7260127e-01
1.8815500e-01   1.6884917e-01
1.7553000e-01   1.6535375e-01
1.6323400e-01   1.6190614e-01
1.5128000e-01   1.5784915e-01
1.3968100e-01   1.5365784e-01
1.2845200e-01   1.4899209e-01
1.1760600e-01   1.4424598e-01
1.0715500e-01   1.3846181e-01
9.7112998e-02   1.3309675e-01
8.7493002e-02   1.2736769e-01
7.8305997e-02   1.2092831e-01
6.9565997e-02   1.1417775e-01
6.1285000e-02   1.0801841e-01
5.3474002e-02   1.0174696e-01
4.6149999e-02   9.4066471e-02
3.9326001e-02   8.7935023e-02
3.3013999e-02   8.0754921e-02
2.7230000e-02   7.3419228e-02
2.1980001e-02   6.6173144e-02
1.7277000e-02   5.8185119e-02
1.3141000e-02   5.0608288e-02
9.5729996e-03   4.2897113e-02
6.5830001e-03   3.5660032e-02
4.1880002e-03   2.7741501e-02
2.3540000e-03   2.0850357e-02
1.0810000e-03   1.4361628e-02
3.7100000e-04   8.6021526e-03
7.6999997e-05   4.1404283e-03
4.9999999e-06   1.0734934e-03
0.0000000e+00   2.1020183e-04
4.9999999e-06   -4.6863404e-04
7.6999997e-05   -3.2525437e-03
3.7100000e-04   -7.7858460e-03
1.0810000e-03   -1.3315518e-02
2.3530000e-03   -1.8123575e-02
4.1880002e-03   -2.3611516e-02
6.5850001e-03   -2.8372549e-02
9.5760003e-03   -3.3184588e-02
1.3145000e-02   -3.6715269e-02
1.7281000e-02   -4.0666189e-02
2.1983000e-02   -4.3575481e-02
2.7232001e-02   -4.6587083e-02
3.3016000e-02   -4.9067572e-02
3.9328001e-02   -5.1468376e-02
4.6151999e-02   -5.3666908e-02
5.3475998e-02   -5.5839766e-02
6.1287001e-02   -5.7644956e-02
6.9568001e-02   -5.9037659e-02
7.8308001e-02   -6.0872205e-02
8.7494999e-02   -6.2752344e-02
9.7115003e-02   -6.4232238e-02
1.0715700e-01   -6.5179318e-02
1.1760800e-01   -6.7076355e-02
1.2845400e-01   -6.7831919e-02
1.3968299e-01   -7.0101835e-02
1.5128200e-01   -6.9739550e-02
1.6323499e-01   -7.1632870e-02
1.7553200e-01   -7.3119909e-02
1.8815701e-01   -7.3584661e-02
2.0109700e-01   -7.4785821e-02
2.1433701e-01   -7.4967757e-02
2.2786400e-01   -7.5162522e-02
2.4166299e-01   -7.6206125e-02
2.5571901e-01   -7.6352775e-02
2.7001700e-01   -7.7222034e-02
2.8454199e-01   -7.8024842e-02
2.9927999e-01   -7.7975303e-02
3.1421500e-01   -7.8193009e-02
3.2933101e-01   -7.8957312e-02
3.4461299e-01   -7.8790493e-02
3.6004499e-01   -7.8776106e-02
3.7561101e-01   -7.9794928e-02
3.9129600e-01   -8.0397308e-02
4.0708300e-01   -7.9566441e-02
4.2295700e-01   -8.0522992e-02
4.3890101e-01   -8.0176018e-02
4.5489901e-01   -8.0533132e-02
4.7093499e-01   -8.0089718e-02
4.8699200e-01   -8.0228001e-02
5.0305498e-01   -7.9387330e-02
5.1910698e-01   -7.9463251e-02
5.3513199e-01   -7.9117708e-02
5.5111402e-01   -7.8986317e-02
5.6703597e-01   -7.7465072e-02
5.8288401e-01   -7.6622121e-02
5.9864002e-01   -7.5683229e-02
6.1429000e-01   -7.5352050e-02
6.2981701e-01   -7.3573828e-02
6.4520597e-01   -7.2498344e-02
6.6044199e-01   -7.0867680e-02
6.7550898e-01   -6.9487140e-02
6.9039297e-01   -6.8843119e-02
7.0507699e-01   -6.6812009e-02
7.1954900e-01   -6.4963609e-02
7.3379302e-01   -6.2939554e-02
7.4779499e-01   -6.0947657e-02
7.6154202e-01   -5.9475739e-02
7.7501899e-01   -5.7103869e-02
7.8821403e-01   -5.5968504e-02
8.0111301e-01   -5.3856879e-02
8.1370401e-01   -5.1292542e-02
8.2597297e-01   -4.8974171e-02
8.3791000e-01   -4.7068361e-02
8.4950101e-01   -4.3904137e-02
8.6073500e-01   -4.2232122e-02
8.7160099e-01   -3.9509252e-02
8.8208801e-01   -3.7410725e-02
8.9218402e-01   -3.5117842e-02
9.0188003e-01   -3.2524679e-02
9.1116500e-01   -3.0411158e-02
9.2003101e-01   -2.7621953e-02
9.2846799e-01   -2.5809798e-02
9.3646699e-01   -2.3444887e-02
9.4401902e-01   -2.1077216e-02
9.5111603e-01   -1.9229064e-02
9.5775098e-01   -1.7650964e-02
9.6392000e-01   -1.5429795e-02
9.6961600e-01   -1.3342387e-02
9.7483599e-01   -1.1912755e-02
9.7957498e-01   -1.1025898e-02
9.8383099e-01   -8.9735575e-03
9.8759800e-01   -8.4887259e-03
9.9087399e-01   -7.0692585e-03
9.9365300e-01   -6.3459170e-03
9.9593401e-01   -6.1514252e-03
9.9771100e-01   -4.5117587e-03
9.9898201e-01   -4.7920169e-03
9.9974501e-01   -4.3670740e-03
1.0000000e+00   -4.6967398e-03
