1.0000000e+00   -8.6733606e-05
9.9974501e-01   2.1434025e-05
9.9898201e-01   6.1687810e-04
9.9771100e-01   1.5533696e-03
9.9593300e-01   2.7727468e-03
9.9365300e-01   4.4431132e-03
9.9087399e-01   6.4849448e-03
9.8759800e-01   8.8510280e-03
9.8382998e-01   1.1603944e-02
9.7957498e-01   1.4659505e-02
9.7483599e-01   1.8255850e-02
9.6961600e-01   2.2044867e-02
9.6392000e-01   2.6245305e-02
9.5775098e-01   3.0677190e-02
9.5111603e-01   3.5322551e-02
9.4401902e-01   4.0254232e-02
9.3646699e-01   4.5327246e-02
9.2846799e-01   5.0553001e-02
9.2003101e-01   5.6123398e-02
9.1116500e-01   6.1759263e-02
9.0187901e-01   6.7584902e-02
8.9218301e-01   7.3649377e-02
8.8208699e-01   7.9902038e-02
8.7160099e-01   8.6343780e-02
8.6073500e-01   9.3038775e-02
8.4950101e-01   9.9663332e-02
8.3791000e-01   1.0658712e-01
8.2597399e-01   1.1343223e-01
8.1370401e-01   1.2038045e-01
8.0111301e-01   1.2755515e-01
7.8821403e-01   1.3455284e-01
7.7501899e-01   1.4146349e-01
7.6154101e-01   1.4864817e-01
7.4779499e-01   1.5554304e-01
7.3379201e-01   1.6222461e-01
7.1954799e-01   1.6888633e-01
7.0507699e-01   1.7559709e-01
6.9039202e-01   1.8189028e-01
6.7550898e-01   1.8800458e-01
6.6044199e-01   1.9396088e-01
6.4520597e-01   1.9981919e-01
6.2981701e-01   2.0517702e-01
6.1429000e-01   2.1038720e-01
5.9864002e-01   2.1522813e-01
5.8288401e-01   2.1968855e-01
5.6703597e-01   2.2376513e-01
5.5111301e-01   2.2754319e-01
5.3513098e-01   2.3086183e-01
5.1910597e-01   2.3390312e-01
5.0305402e-01   2.3637757e-01
4.8699099e-01   2.3863561e-01
4.7093400e-01   2.4045655e-01
4.5489800e-01   2.4182568e-01
4.3889999e-01   2.4273103e-01
4.2295599e-01   2.4311964e-01
4.0708300e-01   2.4365903e-01
3.9129499e-01   2.4329023e-01
3.7560999e-01   2.4294837e-01
3.6004400e-01   2.4219903e-01
3.4461200e-01   2.4072596e-01
3.2933000e-01   2.3904040e-01
3.1421301e-01   2.3729050e-01
2.9927900e-01   2.3463994e-01
2.8454101e-01   2.3197393e-01
2.7001500e-01   2.2889286e-01
2.5571701e-01   2.2555359e-01
2.4166100e-01   2.2153734e-01
2.2786200e-01   2.1746117e-01
2.1433599e-01   2.1317929e-01
2.0109500e-01   2.0813452e-01
1.8815500e-01   2.0282489e-01
1.7553000e-01   1.9731253e-01
1.6323400e-01   1.9121394e-01
1.5128000e-01   1.8511805e-01
1.3968100e-01   1.7825431e-01
1.2845200e-01   1.7167515e-01
1.1760600e-01   1.6446424e-01
1.0715500e-01   1.5715957e-01
9.7112998e-02   1.4955294e-01
8.7493002e-02   1.4177103e-01
7.8305997e-02   1.3391727e-01
6.9565997e-02   1.2577543e-01
6.1285000e-02   1.1751123e-01
5.3474002e-02   1.0907255e-01
4.6149999e-02   1.0056309e-01
3.9326001e-02   9.1906235e-02
3.3013999e-02   8.3262987e-02
2.7230000e-02   7.4507438e-02
2.1980001e-02   6.5820284e-02
1.7277000e-02   5.7245791e-02
1.3141000e-02   4.8790909e-02
9.5729996e-03   4.0569887e-02
6.5830001e-03   3.2586448e-02
4.1880002e-03   2.5066629e-02
2.3540000e-03   1.8163344e-02
1.0810000e-03   1.2200564e-02
3.7100000e-04   7.2403178e-03
7.6999997e-05   3.6365893e-03
4.9999999e-06   1.3380119e-03
0.0000000e+00   6.0049485e-04
4.9999999e-06   -1.2739468e-04
7.6999997e-05   -2.2659313e-03
3.7100000e-04   -5.6310426e-03
1.0810000e-03   -1.0027901e-02
2.3530000e-03   -1.4971475e-02
4.1880002e-03   -2.0150211e-02
6.5850001e-03   -2.5410084e-02
9.5760003e-03   -3.0464048e-02
1.3145000e-02   -3.5274461e-02
1.7281000e-02   -3.9837599e-02
2.1983000e-02   -4.4166896e-02
2.7232001e-02   -4.8451446e-02
3.3016000e-02   -5.2315596e-02
3.9328001e-02   -5.5897780e-02
4.6151999e-02   -5.9354868e-02
5.3475998e-02   -6.2419362e-02
6.1287001e-02   -6.5286480e-02
6.9568001e-02   -6.7982428e-02
7.8308001e-02   -7.0394635e-02
8.7494999e-02   -7.2306350e-02
9.7115003e-02   -7.4369982e-02
1.0715700e-01   -7.6048814e-02
1.1760800e-01   -7.7566147e-02
1.2845400e-01   -7.8978583e-02
1.3968299e-01   -8.0135249e-02
1.5128200e-01   -8.1169926e-02
1.6323499e-01   -8.2164869e-02
1.7553200e-01   -8.2691707e-02
1.8815701e-01   -8.3072938e-02
2.0109700e-01   -8.3348230e-02
2.1433701e-01   -8.3516710e-02
2.2786400e-01   -8.3369464e-02
2.4166299e-01   -8.3163410e-02
2.5571901e-01   -8.2772702e-02
2.7001700e-01   -8.2393743e-02
2.8454199e-01   -8.1654765e-02
2.9927999e-01   -8.1051022e-02
3.1421500e-01   -8.0157183e-02
3.2933101e-01   -7.9020232e-02
3.4461299e-01   -7.7911824e-02
3.6004499e-01   -7.6984413e-02
3.7561101e-01   -7.5478278e-02
3.9129600e-01   -7.4173756e-02
4.0708300e-01   -7.2521374e-02
4.2295700e-01   -7.0761941e-02
4.3890101e-01   -6.8945229e-02
4.5489901e-01   -6.6696055e-02
4.7093499e-01   -6.4547464e-02
4.8699200e-01   -6.2626339e-02
5.0305498e-01   -6.0268674e-02
5.1910698e-01   -5.7734955e-02
5.3513199e-01   -5.5179812e-02
5.5111402e-01   -5.2671656e-02
5.6703597e-01   -4.9914673e-02
5.8288401e-01   -4.7193475e-02
5.9864002e-01   -4.4367187e-02
6.1429000e-01   -4.1618269e-02
6.2981701e-01   -3.8819108e-02
6.4520597e-01   -3.6144622e-02
6.6044199e-01   -3.3575904e-02
6.7550898e-01   -3.1031741e-02
6.9039297e-01   -2.8437719e-02
7.0507699e-01   -2.5983673e-02
7.1954900e-01   -2.3249567e-02
7.3379302e-01   -2.0947462e-02
7.4779499e-01   -1.8370152e-02
7.6154202e-01   -1.6183648e-02
7.7501899e-01   -1.3783203e-02
7.8821403e-01   -1.1655507e-02
8.0111301e-01   -9.8044546e-03
8.1370401e-01   -8.0493595e-03
8.2597297e-01   -6.2986766e-03
8.3791000e-01   -4.7801649e-03
8.4950101e-01   -3.3860905e-03
8.6073500e-01   -2.0466587e-03
8.7160099e-01   -9.5729780e-04
8.8208801e-01   -1.3254303e-04
8.9218402e-01   8.3063339e-04
9.0188003e-01   1.3607583e-03
9.1116500e-01   1.8077985e-03
9.2003101e-01   2.1918651e-03
9.2846799e-01   2.3258599e-03
9.3646699e-01   2.5119625e-03
9.4401902e-01   2.5788734e-03
9.5111603e-01   2.4301268e-03
9.5775098e-01   2.0765928e-03
9.6392000e-01   1.8744877e-03
9.6961600e-01   1.4814278e-03
9.7483599e-01   1.0070384e-03
9.7957498e-01   4.6712215e-04
9.8383099e-01   -1.3215278e-05
9.8759800e-01   -4.4948605e-04
9.9087399e-01   -8.7914267e-04
9.9365300e-01   -1.2689451e-03
9.9593401e-01   -1.5526960e-03
9.9771100e-01   -1.7929688e-03
9.9898201e-01   -1.9841089e-03
9.9974501e-01   -2.1065818e-03
1.0000000e+00   -2.1206958e-03
