1.0000000e+00   2.2597818e-03
9.9974501e-01   2.6692650e-03
9.9898201e-01   3.5302942e-03
9.9771100e-01   4.8423451e-03
9.9593300e-01   6.9762147e-03
9.9365300e-01   9.4203083e-03
9.9087399e-01   1.2511940e-02
9.8759800e-01   1.6342914e-02
9.8382998e-01   2.0408614e-02
9.7957498e-01   2.5259851e-02
9.7483599e-01   3.0373285e-02
9.6961600e-01   3.6171861e-02
9.6392000e-01   4.2417236e-02
9.5775098e-01   4.9055815e-02
9.5111603e-01   5.5858407e-02
9.4401902e-01   6.3243829e-02
9.3646699e-01   7.0652582e-02
9.2846799e-01   7.8333855e-02
9.2003101e-01   8.6570166e-02
9.1116500e-01   9.4843201e-02
9.0187901e-01   1.0350031e-01
8.9218301e-01   1.1208955e-01
8.8208699e-01   1.2114199e-01
8.7160099e-01   1.3037457e-01
8.6073500e-01   1.4002565e-01
8.4950101e-01   1.4963596e-01
8.3791000e-01   1.5959004e-01
8.2597399e-01   1.6972484e-01
8.1370401e-01   1.7980146e-01
8.0111301e-01   1.9025829e-01
7.8821403e-01   2.0040275e-01
7.7501899e-01   2.1112898e-01
7.6154101e-01   2.2132385e-01
7.4779499e-01   2.3172617e-01
7.3379201e-01   2.4258906e-01
7.1954799e-01   2.5300318e-01
7.0507699e-01   2.6360771e-01
6.9039202e-01   2.7364412e-01
6.7550898e-01   2.8371662e-01
6.6044199e-01   2.9398575e-01
6.4520597e-01   3.0347368e-01
6.2981701e-01   3.1294572e-01
6.1429000e-01   3.2265788e-01
5.9864002e-01   3.3161092e-01
5.8288401e-01   3.4000209e-01
5.6703597e-01   3.4844059e-01
5.5111301e-01   3.5615283e-01
5.3513098e-01   3.6350530e-01
5.1910597e-01   3.7000775e-01
5.0305402e-01   3.7651262e-01
4.8699099e-01   3.8207862e-01
4.7093400e-01   3.8737878e-01
4.5489800e-01   3.9144865e-01
4.3889999e-01   3.9493862e-01
4.2295599e-01   3.9811563e-01
4.0708300e-01   3.9997599e-01
3.9129499e-01   4.0203646e-01
3.7560999e-01   4.0259159e-01
3.6004400e-01   4.0255833e-01
3.4461200e-01   4.0129507e-01
3.2933000e-01   3.9976785e-01
3.1421301e-01   3.9677557e-01
2.9927900e-01   3.9337373e-01
2.8454101e-01   3.8873139e-01
2.7001500e-01   3.8358408e-01
2.5571701e-01   3.7732577e-01
2.4166100e-01   3.7019569e-01
2.2786200e-01   3.6214152e-01
2.1433599e-01   3.5349897e-01
2.0109500e-01   3.4449455e-01
1.8815500e-01   3.3432779e-01
1.7553000e-01   3.2337853e-01
1.6323400e-01   3.1186083e-01
1.5128000e-01   2.9972470e-01
1.3968100e-01   2.8714070e-01
1.2845200e-01   2.7391335e-01
1.1760600e-01   2.5998938e-01
1.0715500e-01   2.4599499e-01
9.7112998e-02   2.3173237e-01
8.7493002e-02   2.1693680e-01
7.8305997e-02   2.0218001e-01
6.9565997e-02   1.8723190e-01
6.1285000e-02   1.7230183e-01
5.3474002e-02   1.5737233e-01
4.6149999e-02   1.4274079e-01
3.9326001e-02   1.2806407e-01
3.3013999e-02   1.1357900e-01
2.7230000e-02   9.9449284e-02
2.1980001e-02   8.5573077e-02
1.7277000e-02   7.2257116e-02
1.3141000e-02   5.9569199e-02
9.5729996e-03   4.7737591e-02
6.5830001e-03   3.6984429e-02
4.1880002e-03   2.7434684e-02
2.3540000e-03   1.9224184e-02
1.0810000e-03   1.2350250e-02
3.7100000e-04   7.0109586e-03
7.6999997e-05   3.1257484e-03
4.9999999e-06   7.6311530e-04
0.0000000e+00   7.3486008e-05
4.9999999e-06   -6.8013708e-04
7.6999997e-05   -2.8913475e-03
3.7100000e-04   -6.5736300e-03
1.0810000e-03   -1.1540162e-02
2.3530000e-03   -1.7725971e-02
4.1880002e-03   -2.5030928e-02
6.5850001e-03   -3.3004101e-02
9.5760003e-03   -4.1424673e-02
1.3145000e-02   -4.9573477e-02
1.7281000e-02   -5.7471354e-02
2.1983000e-02   -6.4761318e-02
2.7232001e-02   -7.1323641e-02
3.3016000e-02   -7.7238165e-02
3.9328001e-02   -8.3030187e-02
4.6151999e-02   -8.8102043e-02
5.3475998e-02   -9.3037121e-02
6.1287001e-02   -9.7156450e-02
6.9568001e-02   -1.0117083e-01
7.8308001e-02   -1.0477701e-01
8.7494999e-02   -1.0785504e-01
9.7115003e-02   -1.0995781e-01
1.0715700e-01   -1.1225529e-01
1.1760800e-01   -1.1402361e-01
1.2845400e-01   -1.1552931e-01
1.3968299e-01   -1.1613145e-01
1.5128200e-01   -1.1698681e-01
1.6323499e-01   -1.1707697e-01
1.7553200e-01   -1.1695299e-01
1.8815701e-01   -1.1609199e-01
2.0109700e-01   -1.1538801e-01
2.1433701e-01   -1.1385655e-01
2.2786400e-01   -1.1223313e-01
2.4166299e-01   -1.0991953e-01
2.5571901e-01   -1.0743327e-01
2.7001700e-01   -1.0433543e-01
2.8454199e-01   -1.0120674e-01
2.9927999e-01   -9.7327366e-02
3.1421500e-01   -9.3236163e-02
3.2933101e-01   -8.9306079e-02
3.4461299e-01   -8.4810160e-02
3.6004499e-01   -7.9965241e-02
3.7561101e-01   -7.4770257e-02
3.9129600e-01   -6.9562353e-02
4.0708300e-01   -6.4781182e-02
4.2295700e-01   -5.9172876e-02
4.3890101e-01   -5.3485990e-02
4.5489901e-01   -4.8531011e-02
4.7093499e-01   -4.3214358e-02
4.8699200e-01   -3.7274495e-02
5.0305498e-01   -3.1770352e-02
5.1910698e-01   -2.6320910e-02
5.3513199e-01   -2.1307781e-02
5.5111402e-01   -1.6169848e-02
5.6703597e-01   -1.1332060e-02
5.8288401e-01   -6.7984569e-03
5.9864002e-01   -2.2724157e-03
6.1429000e-01   1.8430927e-03
6.2981701e-01   5.7117990e-03
6.4520597e-01   9.2406925e-03
6.6044199e-01   1.2852050e-02
6.7550898e-01   1.5537401e-02
6.9039297e-01   1.8054938e-02
7.0507699e-01   2.0685252e-02
7.1954900e-01   2.2522850e-02
7.3379302e-01   2.4600582e-02
7.4779499e-01   2.6215250e-02
7.6154202e-01   2.7701970e-02
7.7501899e-01   2.8400265e-02
7.8821403e-01   2.9139087e-02
8.0111301e-01   2.9834649e-02
8.1370401e-01   3.0093899e-02
8.2597297e-01   2.9850787e-02
8.3791000e-01   2.9737800e-02
8.4950101e-01   2.9333169e-02
8.6073500e-01   2.8491024e-02
8.7160099e-01   2.7614292e-02
8.8208801e-01   2.6631508e-02
8.9218402e-01   2.5574245e-02
9.0188003e-01   2.4177182e-02
9.1116500e-01   2.2731481e-02
9.2003101e-01   2.1193024e-02
9.2846799e-01   1.9609205e-02
9.3646699e-01   1.7889788e-02
9.4401902e-01   1.6234571e-02
9.5111603e-01   1.4285265e-02
9.5775098e-01   1.2486878e-02
9.6392000e-01   1.0544160e-02
9.6961600e-01   8.6973878e-03
9.7483599e-01   6.9474764e-03
9.7957498e-01   5.2379281e-03
9.8383099e-01   3.5148105e-03
9.8759800e-01   2.1161782e-03
9.9087399e-01   8.6719659e-04
9.9365300e-01   -2.4161825e-04
9.9593401e-01   -1.0915992e-03
9.9771100e-01   -1.8106179e-03
9.9898201e-01   -2.2506895e-03
9.9974501e-01   -2.5977637e-03
1.0000000e+00   -2.7095352e-03
