1.0000000e+00   -1.3063536e-05
9.9974501e-01   1.0742952e-04
9.9898201e-01   5.3324306e-04
9.9771100e-01   1.2895687e-03
9.9593300e-01   2.0448896e-03
9.9365300e-01   3.1413152e-03
9.9087399e-01   4.5354250e-03
9.8759800e-01   6.1065620e-03
9.8382998e-01   7.7363388e-03
9.7957498e-01   9.6220700e-03
9.7483599e-01   1.1852223e-02
9.6961600e-01   1.4081932e-02
9.6392000e-01   1.6608896e-02
9.5775098e-01   1.9315014e-02
9.5111603e-01   2.2192340e-02
9.4401902e-01   2.5381511e-02
9.3646699e-01   2.8783279e-02
9.2846799e-01   3.2461423e-02
9.2003101e-01   3.6244813e-02
9.1116500e-01   4.0142152e-02
9.0187901e-01   4.4457458e-02
8.9218301e-01   4.8787002e-02
8.8208699e-01   5.3372111e-02
8.7160099e-01   5.8286607e-02
8.6073500e-01   6.3344583e-02
8.4950101e-01   6.8461284e-02
8.3791000e-01   7.3842719e-02
8.2597399e-01   7.9365775e-02
8.1370401e-01   8.5097209e-02
8.0111301e-01   9.0752073e-02
7.8821403e-01   9.6527673e-02
7.7501899e-01   1.0232937e-01
7.6154101e-01   1.0814185e-01
7.4779499e-01   1.1406450e-01
7.3379201e-01   1.1989156e-01
7.1954799e-01   1.2577370e-01
7.0507699e-01   1.3163108e-01
6.9039202e-01   1.3747253e-01
6.7550898e-01   1.4359345e-01
6.6044199e-01   1.4934954e-01
6.4520597e-01   1.5502904e-01
6.2981701e-01   1.6052282e-01
6.1429000e-01   1.6600652e-01
5.9864002e-01   1.7105557e-01
5.8288401e-01   1.7611778e-01
5.6703597e-01   1.8055372e-01
5.5111301e-01   1.8510602e-01
5.3513098e-01   1.8931164e-01
5.1910597e-01   1.9344778e-01
5.0305402e-01   1.9708103e-01
4.8699099e-01   2.0059973e-01
4.7093400e-01   2.0367855e-01
4.5489800e-01   2.0639436e-01
4.3889999e-01   2.0895495e-01
4.2295599e-01   2.1114001e-01
4.0708300e-01   2.1290664e-01
3.9129499e-01   2.1413012e-01
3.7560999e-01   2.1518576e-01
3.6004400e-01   2.1582574e-01
3.4461200e-01   2.1656983e-01
3.2933000e-01   2.1671498e-01
3.1421301e-01   2.1625692e-01
2.9927900e-01   2.1562356e-01
2.8454101e-01   2.1481374e-01
2.7001500e-01   2.1348245e-01
2.5571701e-01   2.1185571e-01
2.4166100e-01   2.0974115e-01
2.2786200e-01   2.0752549e-01
2.1433599e-01   2.0478079e-01
2.0109500e-01   2.0159465e-01
1.8815500e-01   1.9812979e-01
1.7553000e-01   1.9404441e-01
1.6323400e-01   1.8991400e-01
1.5128000e-01   1.8517962e-01
1.3968100e-01   1.8017544e-01
1.2845200e-01   1.7486855e-01
1.1760600e-01   1.6914915e-01
1.0715500e-01   1.6285148e-01
9.7112998e-02   1.5649478e-01
8.7493002e-02   1.4965662e-01
7.8305997e-02   1.4241825e-01
6.9565997e-02   1.3491035e-01
6.1285000e-02   1.2712291e-01
5.3474002e-02   1.1883049e-01
4.6149999e-02   1.1045145e-01
3.9326001e-02   1.0179438e-01
3.3013999e-02   9.3088076e-02
2.7230000e-02   8.4334187e-02
2.1980001e-02   7.5379938e-02
1.7277000e-02   6.6415757e-02
1.3141000e-02   5.7179090e-02
9.5729996e-03   4.8073351e-02
6.5830001e-03   3.9186236e-02
4.1880002e-03   3.0577665e-02
2.3540000e-03   2.2271363e-02
1.0810000e-03   1.4857956e-02
3.7100000e-04   8.4848925e-03
7.6999997e-05   3.8407776e-03
4.9999999e-06   9.6346176e-04
0.0000000e+00   -2.1500828e-06
4.9999999e-06   -9.4363681e-04
7.6999997e-05   -3.8079310e-03
3.7100000e-04   -8.2413452e-03
1.0810000e-03   -1.4008420e-02
2.3530000e-03   -2.0405546e-02
4.1880002e-03   -2.7069429e-02
6.5850001e-03   -3.3186268e-02
9.5760003e-03   -3.9070640e-02
1.3145000e-02   -4.4713110e-02
1.7281000e-02   -5.0187342e-02
2.1983000e-02   -5.5317324e-02
2.7232001e-02   -6.0247239e-02
3.3016000e-02   -6.4944342e-02
3.9328001e-02   -6.9384255e-02
4.6151999e-02   -7.3675282e-02
5.3475998e-02   -7.7697784e-02
6.1287001e-02   -8.1591263e-02
6.9568001e-02   -8.5268363e-02
7.8308001e-02   -8.8796720e-02
8.7494999e-02   -9.2206225e-02
9.7115003e-02   -9.5369898e-02
1.0715700e-01   -9.8480538e-02
1.1760800e-01   -1.0136456e-01
1.2845400e-01   -1.0426226e-01
1.3968299e-01   -1.0684927e-01
1.5128200e-01   -1.0911369e-01
1.6323499e-01   -1.1128911e-01
1.7553200e-01   -1.1340531e-01
1.8815701e-01   -1.1541741e-01
2.0109700e-01   -1.1712436e-01
2.1433701e-01   -1.1859894e-01
2.2786400e-01   -1.2038609e-01
2.4166299e-01   -1.2166981e-01
2.5571901e-01   -1.2267391e-01
2.7001700e-01   -1.2376373e-01
2.8454199e-01   -1.2429507e-01
2.9927999e-01   -1.2486604e-01
3.1421500e-01   -1.2527379e-01
3.2933101e-01   -1.2559213e-01
3.4461299e-01   -1.2564076e-01
3.6004499e-01   -1.2545192e-01
3.7561101e-01   -1.2502745e-01
3.9129600e-01   -1.2437078e-01
4.0708300e-01   -1.2371840e-01
4.2295700e-01   -1.2281582e-01
4.3890101e-01   -1.2192930e-01
4.5489901e-01   -1.2065861e-01
4.7093499e-01   -1.1936656e-01
4.8699200e-01   -1.1762996e-01
5.0305498e-01   -1.1570116e-01
5.1910698e-01   -1.1338039e-01
5.3513199e-01   -1.1119703e-01
5.5111402e-01   -1.0871793e-01
5.6703597e-01   -1.0598364e-01
5.8288401e-01   -1.0278064e-01
5.9864002e-01   -9.9665612e-02
6.1429000e-01   -9.6360713e-02
6.2981701e-01   -9.3135603e-02
6.4520597e-01   -8.9572184e-02
6.6044199e-01   -8.6275652e-02
6.7550898e-01   -8.2649872e-02
6.9039297e-01   -7.9020530e-02
7.0507699e-01   -7.5358994e-02
7.1954900e-01   -7.1719103e-02
7.3379302e-01   -6.8108350e-02
7.4779499e-01   -6.4375669e-02
7.6154202e-01   -6.0864829e-02
7.7501899e-01   -5.7456747e-02
7.8821403e-01   -5.4172654e-02
8.0111301e-01   -5.0799958e-02
8.1370401e-01   -4.7514815e-02
8.2597297e-01   -4.4439666e-02
8.3791000e-01   -4.1369222e-02
8.4950101e-01   -3.8585410e-02
8.6073500e-01   -3.5705999e-02
8.7160099e-01   -3.2966893e-02
8.8208801e-01   -3.0295871e-02
8.9218402e-01   -2.7523160e-02
9.0188003e-01   -2.5136592e-02
9.1116500e-01   -2.2744389e-02
9.2003101e-01   -2.0526642e-02
9.2846799e-01   -1.8430594e-02
9.3646699e-01   -1.6417455e-02
9.4401902e-01   -1.4524091e-02
9.5111603e-01   -1.2885861e-02
9.5775098e-01   -1.1322772e-02
9.6392000e-01   -9.7766686e-03
9.6961600e-01   -8.4222546e-03
9.7483599e-01   -7.1031372e-03
9.7957498e-01   -5.8302376e-03
9.8383099e-01   -4.8233345e-03
9.8759800e-01   -3.7901653e-03
9.9087399e-01   -2.8940781e-03
9.9365300e-01   -2.0599386e-03
9.9593401e-01   -1.4584680e-03
9.9771100e-01   -8.7627303e-04
9.9898201e-01   -4.2823001e-04
9.9974501e-01   -1.5760260e-04
1.0000000e+00   -1.3301378e-06
