1.0000000e+00   7.1813946e-04
9.9974501e-01   8.2302495e-04
9.9898201e-01   1.0284249e-03
9.9771100e-01   1.8041385e-03
9.9593300e-01   2.6603357e-03
9.9365300e-01   3.3776427e-03
9.9087399e-01   4.4993619e-03
9.8759800e-01   5.8260290e-03
9.8382998e-01   7.2321268e-03
9.7957498e-01   9.1814036e-03
9.7483599e-01   1.1009699e-02
9.6961600e-01   1.3327665e-02
9.6392000e-01   1.5920080e-02
9.5775098e-01   1.8523673e-02
9.5111603e-01   2.1524562e-02
9.4401902e-01   2.4476433e-02
9.3646699e-01   2.7704882e-02
9.2846799e-01   3.0882215e-02
9.2003101e-01   3.4717519e-02
9.1116500e-01   3.8726546e-02
9.0187901e-01   4.3106191e-02
8.9218301e-01   4.6986856e-02
8.8208699e-01   5.1422924e-02
8.7160099e-01   5.6171644e-02
8.6073500e-01   6.0556907e-02
8.4950101e-01   6.5119237e-02
8.3791000e-01   7.0677198e-02
8.2597399e-01   7.5236060e-02
8.1370401e-01   8.0856599e-02
8.0111301e-01   8.5918322e-02
7.8821403e-01   9.1210082e-02
7.7501899e-01   9.6264660e-02
7.6154101e-01   1.0154253e-01
7.4779499e-01   1.0731389e-01
7.3379201e-01   1.1216568e-01
7.1954799e-01   1.1727457e-01
7.0507699e-01   1.2287755e-01
6.9039202e-01   1.2711826e-01
6.7550898e-01   1.3238449e-01
6.6044199e-01   1.3671792e-01
6.4520597e-01   1.4091229e-01
6.2981701e-01   1.4507352e-01
6.1429000e-01   1.4923957e-01
5.9864002e-01   1.5265948e-01
5.8288401e-01   1.5597473e-01
5.6703597e-01   1.5906622e-01
5.5111301e-01   1.6223812e-01
5.3513098e-01   1.6477790e-01
5.1910597e-01   1.6742185e-01
5.0305402e-01   1.6924815e-01
4.8699099e-01   1.7127995e-01
4.7093400e-01   1.7250620e-01
4.5489800e-01   1.7418131e-01
4.3889999e-01   1.7505829e-01
4.2295599e-01   1.7583603e-01
4.0708300e-01   1.7652357e-01
3.9129499e-01   1.7629600e-01
3.7560999e-01   1.7550656e-01
3.6004400e-01   1.7552100e-01
3.4461200e-01   1.7466824e-01
3.2933000e-01   1.7383718e-01
3.1421301e-01   1.7230739e-01
2.9927900e-01   1.7111146e-01
2.8454101e-01   1.6947588e-01
2.7001500e-01   1.6735710e-01
2.5571701e-01   1.6500480e-01
2.4166100e-01   1.6314358e-01
2.2786200e-01   1.6001400e-01
2.1433599e-01   1.5744604e-01
2.0109500e-01   1.5441321e-01
1.8815500e-01   1.5082759e-01
1.7553000e-01   1.4781351e-01
1.6323400e-01   1.4375487e-01
1.5128000e-01   1.3999268e-01
1.3968100e-01   1.3566436e-01
1.2845200e-01   1.3128769e-01
1.1760600e-01   1.2687215e-01
1.0715500e-01   1.2177178e-01
9.7112998e-02   1.1707972e-01
8.7493002e-02   1.1166595e-01
7.8305997e-02   1.0627229e-01
6.9565997e-02   1.0099694e-01
6.1285000e-02   9.4976261e-02
5.3474002e-02   8.9307621e-02
4.6149999e-02   8.3103873e-02
3.9326001e-02   7.6902136e-02
3.3013999e-02   7.0224553e-02
2.7230000e-02   6.3943438e-02
2.1980001e-02   5.7203207e-02
1.7277000e-02   5.0757583e-02
1.3141000e-02   4.3833371e-02
9.5729996e-03   3.6807649e-02
6.5830001e-03   3.0123252e-02
4.1880002e-03   2.3324925e-02
2.3540000e-03   1.6801253e-02
1.0810000e-03   1.1075949e-02
3.7100000e-04   6.3153515e-03
7.6999997e-05   2.6502823e-03
4.9999999e-06   3.0617265e-04
0.0000000e+00   -2.7508521e-04
4.9999999e-06   -1.0410788e-03
7.6999997e-05   -3.2350619e-03
3.7100000e-04   -6.8072090e-03
1.0810000e-03   -1.1527235e-02
2.3530000e-03   -1.7066089e-02
4.1880002e-03   -2.2845233e-02
6.5850001e-03   -2.8681088e-02
9.5760003e-03   -3.4362800e-02
1.3145000e-02   -3.9579030e-02
1.7281000e-02   -4.4932101e-02
2.1983000e-02   -4.9574230e-02
2.7232001e-02   -5.4353166e-02
3.3016000e-02   -5.8909509e-02
3.9328001e-02   -6.3297547e-02
4.6151999e-02   -6.7860112e-02
5.3475998e-02   -7.2163261e-02
6.1287001e-02   -7.5921401e-02
6.9568001e-02   -8.0182783e-02
7.8308001e-02   -8.3808005e-02
8.7494999e-02   -8.7706238e-02
9.7115003e-02   -9.1299646e-02
1.0715700e-01   -9.4545275e-02
1.1760800e-01   -9.7797312e-02
1.2845400e-01   -1.0109746e-01
1.3968299e-01   -1.0442685e-01
1.5128200e-01   -1.0699285e-01
1.6323499e-01   -1.0960600e-01
1.7553200e-01   -1.1229007e-01
1.8815701e-01   -1.1468264e-01
2.0109700e-01   -1.1734553e-01
2.1433701e-01   -1.1936793e-01
2.2786400e-01   -1.2135168e-01
2.4166299e-01   -1.2372053e-01
2.5571901e-01   -1.2550062e-01
2.7001700e-01   -1.2718700e-01
2.8454199e-01   -1.2753037e-01
2.9927999e-01   -1.2959263e-01
3.1421500e-01   -1.3056403e-01
3.2933101e-01   -1.3110091e-01
3.4461299e-01   -1.3181651e-01
3.6004499e-01   -1.3211091e-01
3.7561101e-01   -1.3198917e-01
3.9129600e-01   -1.3198905e-01
4.0708300e-01   -1.3207400e-01
4.2295700e-01   -1.3141581e-01
4.3890101e-01   -1.3081729e-01
4.5489901e-01   -1.2933856e-01
4.7093499e-01   -1.2805007e-01
4.8699200e-01   -1.2667590e-01
5.0305498e-01   -1.2447548e-01
5.1910698e-01   -1.2254211e-01
5.3513199e-01   -1.2051515e-01
5.5111402e-01   -1.1788384e-01
5.6703597e-01   -1.1470193e-01
5.8288401e-01   -1.1243877e-01
5.9864002e-01   -1.0886762e-01
6.1429000e-01   -1.0546194e-01
6.2981701e-01   -1.0214075e-01
6.4520597e-01   -9.8232895e-02
6.6044199e-01   -9.4339348e-02
6.7550898e-01   -9.0436526e-02
6.9039297e-01   -8.6393163e-02
7.0507699e-01   -8.2526140e-02
7.1954900e-01   -7.8366369e-02
7.3379302e-01   -7.4312359e-02
7.4779499e-01   -7.0532836e-02
7.6154202e-01   -6.6226460e-02
7.7501899e-01   -6.2022772e-02
7.8821403e-01   -5.8098834e-02
8.0111301e-01   -5.3947471e-02
8.1370401e-01   -5.0398655e-02
8.2597297e-01   -4.6923377e-02
8.3791000e-01   -4.3008298e-02
8.4950101e-01   -3.9614737e-02
8.6073500e-01   -3.6574949e-02
8.7160099e-01   -3.3305608e-02
8.8208801e-01   -2.9790118e-02
8.9218402e-01   -2.7323864e-02
9.0188003e-01   -2.4681006e-02
9.1116500e-01   -2.1989034e-02
9.2003101e-01   -1.9965159e-02
9.2846799e-01   -1.8065671e-02
9.3646699e-01   -1.5960969e-02
9.4401902e-01   -1.4323053e-02
9.5111603e-01   -1.2497126e-02
9.5775098e-01   -1.0993076e-02
9.6392000e-01   -9.6945781e-03
9.6961600e-01   -8.6199706e-03
9.7483599e-01   -7.2659082e-03
9.7957498e-01   -6.5579070e-03
9.8383099e-01   -5.6820461e-03
9.8759800e-01   -4.9908939e-03
9.9087399e-01   -4.3457896e-03
9.9365300e-01   -3.8452551e-03
9.9593401e-01   -3.4471955e-03
9.9771100e-01   -3.1330078e-03
9.9898201e-01   -2.8030078e-03
9.9974501e-01   -2.7801390e-03
1.0000000e+00   -2.8028020e-03
