1.0000000e+00   4.3336712e-03
9.9974501e-01   4.3987976e-03
9.9898201e-01   5.3262720e-03
9.9771100e-01   5.7426882e-03
9.9593300e-01   7.0662214e-03
9.9365300e-01   8.4927967e-03
9.9087399e-01   1.0109507e-02
9.8759800e-01   1.2557953e-02
9.8382998e-01   1.4666430e-02
9.7957498e-01   1.7366730e-02
9.7483599e-01   2.0711899e-02
9.6961600e-01   2.4327945e-02
9.6392000e-01   2.8510848e-02
9.5775098e-01   3.2481324e-02
9.5111603e-01   3.7396703e-02
9.4401902e-01   4.2557877e-02
9.3646699e-01   4.7797464e-02
9.2846799e-01   5.3119451e-02
9.2003101e-01   5.8703639e-02
9.1116500e-01   6.5106452e-02
9.0187901e-01   7.1318842e-02
8.9218301e-01   7.7806190e-02
8.8208699e-01   8.4340692e-02
8.7160099e-01   9.2037790e-02
8.6073500e-01   9.8856300e-02
8.4950101e-01   1.0689417e-01
8.3791000e-01   1.1528926e-01
8.2597399e-01   1.2364835e-01
8.1370401e-01   1.3282137e-01
8.0111301e-01   1.4138532e-01
7.8821403e-01   1.5081997e-01
7.7501899e-01   1.6056187e-01
7.6154101e-01   1.6998529e-01
7.4779499e-01   1.8020284e-01
7.3379201e-01   1.8999003e-01
7.1954799e-01   2.0002957e-01
7.0507699e-01   2.0965780e-01
6.9039202e-01   2.2029948e-01
6.7550898e-01   2.2968251e-01
6.6044199e-01   2.3949353e-01
6.4520597e-01   2.5007519e-01
6.2981701e-01   2.5932238e-01
6.1429000e-01   2.6886636e-01
5.9864002e-01   2.7885842e-01
5.8288401e-01   2.8759408e-01
5.6703597e-01   2.9659361e-01
5.5111301e-01   3.0486274e-01
5.3513098e-01   3.1358466e-01
5.1910597e-01   3.2095057e-01
5.0305402e-01   3.2821709e-01
4.8699099e-01   3.3515552e-01
4.7093400e-01   3.4098095e-01
4.5489800e-01   3.4680662e-01
4.3889999e-01   3.5131535e-01
4.2295599e-01   3.5573438e-01
4.0708300e-01   3.5935593e-01
3.9129499e-01   3.6171860e-01
3.7560999e-01   3.6378348e-01
3.6004400e-01   3.6505854e-01
3.4461200e-01   3.6645877e-01
3.2933000e-01   3.6734810e-01
3.1421301e-01   3.6639017e-01
2.9927900e-01   3.6544850e-01
2.8454101e-01   3.6379707e-01
2.7001500e-01   3.6167070e-01
2.5571701e-01   3.5767648e-01
2.4166100e-01   3.5313860e-01
2.2786200e-01   3.4835789e-01
2.1433599e-01   3.4228683e-01
2.0109500e-01   3.3507729e-01
1.8815500e-01   3.2778293e-01
1.7553000e-01   3.1923363e-01
1.6323400e-01   3.1013671e-01
1.5128000e-01   2.9941884e-01
1.3968100e-01   2.8897643e-01
1.2845200e-01   2.7798042e-01
1.1760600e-01   2.6656622e-01
1.0715500e-01   2.5333589e-01
9.7112998e-02   2.4055082e-01
8.7493002e-02   2.2684671e-01
7.8305997e-02   2.1316604e-01
6.9565997e-02   1.9878846e-01
6.1285000e-02   1.8427604e-01
5.3474002e-02   1.6951267e-01
4.6149999e-02   1.5523276e-01
3.9326001e-02   1.4084521e-01
3.3013999e-02   1.2579203e-01
2.7230000e-02   1.1150727e-01
2.1980001e-02   9.7602732e-02
1.7277000e-02   8.3182499e-02
1.3141000e-02   6.9185518e-02
9.5729996e-03   5.6200396e-02
6.5830001e-03   4.4042613e-02
4.1880002e-03   3.2740444e-02
2.3540000e-03   2.3422189e-02
1.0810000e-03   1.5021098e-02
3.7100000e-04   8.5687349e-03
7.6999997e-05   3.6061001e-03
4.9999999e-06   8.1535371e-04
0.0000000e+00   -2.7443538e-04
4.9999999e-06   -1.2054903e-03
7.6999997e-05   -3.4881865e-03
3.7100000e-04   -8.3719371e-03
1.0810000e-03   -1.4245331e-02
2.3530000e-03   -2.1122640e-02
4.1880002e-03   -2.7949477e-02
6.5850001e-03   -3.4999069e-02
9.5760003e-03   -4.1691374e-02
1.3145000e-02   -4.6801794e-02
1.7281000e-02   -5.1887762e-02
2.1983000e-02   -5.5601582e-02
2.7232001e-02   -5.8783017e-02
3.3016000e-02   -6.1664481e-02
3.9328001e-02   -6.4010933e-02
4.6151999e-02   -6.6086434e-02
5.3475998e-02   -6.8061717e-02
6.1287001e-02   -6.9778174e-02
6.9568001e-02   -7.1819931e-02
7.8308001e-02   -7.2845414e-02
8.7494999e-02   -7.3926426e-02
9.7115003e-02   -7.5282961e-02
1.0715700e-01   -7.6216526e-02
1.1760800e-01   -7.6775551e-02
1.2845400e-01   -7.7574462e-02
1.3968299e-01   -7.8336999e-02
1.5128200e-01   -7.8435540e-02
1.6323499e-01   -7.8914434e-02
1.7553200e-01   -7.9392776e-02
1.8815701e-01   -7.9259753e-02
2.0109700e-01   -7.9945765e-02
2.1433701e-01   -7.9948805e-02
2.2786400e-01   -8.0407925e-02
2.4166299e-01   -8.0623448e-02
2.5571901e-01   -8.0290131e-02
2.7001700e-01   -7.9694279e-02
2.8454199e-01   -8.0005728e-02
2.9927999e-01   -7.9595067e-02
3.1421500e-01   -8.0012999e-02
3.2933101e-01   -7.9504654e-02
3.4461299e-01   -7.8982204e-02
3.6004499e-01   -7.9687707e-02
3.7561101e-01   -7.9234637e-02
3.9129600e-01   -7.9584420e-02
4.0708300e-01   -7.8730561e-02
4.2295700e-01   -7.9254620e-02
4.3890101e-01   -7.9449013e-02
4.5489901e-01   -7.9390891e-02
4.7093499e-01   -7.9175800e-02
4.8699200e-01   -7.8825101e-02
5.0305498e-01   -7.8991018e-02
5.1910698e-01   -7.8895055e-02
5.3513199e-01   -7.8678891e-02
5.5111402e-01   -7.8557074e-02
5.6703597e-01   -7.8422785e-02
5.8288401e-01   -7.8227088e-02
5.9864002e-01   -7.7959426e-02
6.1429000e-01   -7.6997280e-02
6.2981701e-01   -7.6377809e-02
6.4520597e-01   -7.5654365e-02
6.6044199e-01   -7.4484847e-02
6.7550898e-01   -7.4023664e-02
6.9039297e-01   -7.2753780e-02
7.0507699e-01   -7.1460411e-02
7.1954900e-01   -7.0092075e-02
7.3379302e-01   -6.8819083e-02
7.4779499e-01   -6.7122221e-02
7.6154202e-01   -6.5020539e-02
7.7501899e-01   -6.3095979e-02
7.8821403e-01   -6.0422815e-02
8.0111301e-01   -5.9008278e-02
8.1370401e-01   -5.6553088e-02
8.2597297e-01   -5.3870805e-02
8.3791000e-01   -5.1413961e-02
8.4950101e-01   -4.8419751e-02
8.6073500e-01   -4.6085846e-02
8.7160099e-01   -4.2927280e-02
8.8208801e-01   -3.9766751e-02
8.9218402e-01   -3.7431892e-02
9.0188003e-01   -3.4784220e-02
9.1116500e-01   -3.1853095e-02
9.2003101e-01   -2.9190680e-02
9.2846799e-01   -2.6726909e-02
9.3646699e-01   -2.4281073e-02
9.4401902e-01   -2.1695798e-02
9.5111603e-01   -1.9091332e-02
9.5775098e-01   -1.6703440e-02
9.6392000e-01   -1.4735386e-02
9.6961600e-01   -1.2121368e-02
9.7483599e-01   -1.0527960e-02
9.7957498e-01   -9.0079112e-03
9.8383099e-01   -7.5383321e-03
9.8759800e-01   -6.1939768e-03
9.9087399e-01   -5.4543642e-03
9.9365300e-01   -4.3503609e-03
9.9593401e-01   -3.7591755e-03
9.9771100e-01   -3.2792445e-03
9.9898201e-01   -2.8142394e-03
9.9974501e-01   -2.6894202e-03
1.0000000e+00   -2.4921424e-03
