1.0000000e+00   7.6135788e-03
9.9974501e-01   7.4902354e-03
9.9898201e-01   8.3360774e-03
9.9771100e-01   9.2735188e-03
9.9593300e-01   1.0485198e-02
9.9365300e-01   1.1606721e-02
9.9087399e-01   1.3245078e-02
9.8759800e-01   1.5232840e-02
9.8382998e-01   1.7901795e-02
9.7957498e-01   2.0808084e-02
9.7483599e-01   2.3553930e-02
9.6961600e-01   2.7308509e-02
9.6392000e-01   3.1305302e-02
9.5775098e-01   3.5391148e-02
9.5111603e-01   3.9626360e-02
9.4401902e-01   4.4716373e-02
9.3646699e-01   4.9504530e-02
9.2846799e-01   5.5270080e-02
9.2003101e-01   6.0861602e-02
9.1116500e-01   6.7137010e-02
9.0187901e-01   7.3156781e-02
8.9218301e-01   7.9707749e-02
8.8208699e-01   8.7302476e-02
8.7160099e-01   9.4540194e-02
8.6073500e-01   1.0290308e-01
8.4950101e-01   1.0970714e-01
8.3791000e-01   1.1819299e-01
8.2597399e-01   1.2675282e-01
8.1370401e-01   1.3498072e-01
8.0111301e-01   1.4448695e-01
7.8821403e-01   1.5414922e-01
7.7501899e-01   1.6293463e-01
7.6154101e-01   1.7325009e-01
7.4779499e-01   1.8309280e-01
7.3379201e-01   1.9336076e-01
7.1954799e-01   2.0345420e-01
7.0507699e-01   2.1373279e-01
6.9039202e-01   2.2383614e-01
6.7550898e-01   2.3398417e-01
6.6044199e-01   2.4419768e-01
6.4520597e-01   2.5375125e-01
6.2981701e-01   2.6430464e-01
6.1429000e-01   2.7433261e-01
5.9864002e-01   2.8373989e-01
5.8288401e-01   2.9307193e-01
5.6703597e-01   3.0145547e-01
5.5111301e-01   3.1120679e-01
5.3513098e-01   3.1931603e-01
5.1910597e-01   3.2775402e-01
5.0305402e-01   3.3514881e-01
4.8699099e-01   3.4180662e-01
4.7093400e-01   3.4967563e-01
4.5489800e-01   3.5455087e-01
4.3889999e-01   3.6028278e-01
4.2295599e-01   3.6543930e-01
4.0708300e-01   3.6964190e-01
3.9129499e-01   3.7293878e-01
3.7560999e-01   3.7480611e-01
3.6004400e-01   3.7661815e-01
3.4461200e-01   3.7736410e-01
3.2933000e-01   3.7701479e-01
3.1421301e-01   3.7680846e-01
2.9927900e-01   3.7433815e-01
2.8454101e-01   3.7225780e-01
2.7001500e-01   3.6885777e-01
2.5571701e-01   3.6387739e-01
2.4166100e-01   3.5960183e-01
2.2786200e-01   3.5253710e-01
2.1433599e-01   3.4514466e-01
2.0109500e-01   3.3768752e-01
1.8815500e-01   3.2900548e-01
1.7553000e-01   3.1993806e-01
1.6323400e-01   3.0871737e-01
1.5128000e-01   2.9842415e-01
1.3968100e-01   2.8670490e-01
1.2845200e-01   2.7421513e-01
1.1760600e-01   2.6136521e-01
1.0715500e-01   2.4840564e-01
9.7112998e-02   2.3424242e-01
8.7493002e-02   2.2053930e-01
7.8305997e-02   2.0590337e-01
6.9565997e-02   1.9181003e-01
6.1285000e-02   1.7786591e-01
5.3474002e-02   1.6263375e-01
4.6149999e-02   1.4870183e-01
3.9326001e-02   1.3360818e-01
3.3013999e-02   1.1940233e-01
2.7230000e-02   1.0583097e-01
2.1980001e-02   9.1917478e-02
1.7277000e-02   7.8860871e-02
1.3141000e-02   6.6131234e-02
9.5729996e-03   5.3796403e-02
6.5830001e-03   4.2247705e-02
4.1880002e-03   3.1864192e-02
2.3540000e-03   2.2403914e-02
1.0810000e-03   1.4455304e-02
3.7100000e-04   8.1910556e-03
7.6999997e-05   3.6433286e-03
4.9999999e-06   7.5473945e-04
0.0000000e+00   -5.3398078e-05
4.9999999e-06   -1.0722089e-03
7.6999997e-05   -3.9140061e-03
3.7100000e-04   -7.7689067e-03
1.0810000e-03   -1.2620561e-02
2.3530000e-03   -1.8291442e-02
4.1880002e-03   -2.3268724e-02
6.5850001e-03   -2.7205113e-02
9.5760003e-03   -2.8893167e-02
1.3145000e-02   -2.9043265e-02
1.7281000e-02   -2.5995893e-02
2.1983000e-02   -2.1845810e-02
2.7232001e-02   -1.6812587e-02
3.3016000e-02   -1.2355098e-02
3.9328001e-02   -7.5382688e-03
4.6151999e-02   -2.3227925e-03
5.3475998e-02   3.9104172e-03
6.1287001e-02   9.6154418e-03
6.9568001e-02   1.6290113e-02
7.8308001e-02   2.2560095e-02
8.7494999e-02   2.8893476e-02
9.7115003e-02   3.4590840e-02
1.0715700e-01   4.0133830e-02
1.1760800e-01   4.6080366e-02
1.2845400e-01   5.1508620e-02
1.3968299e-01   5.7608876e-02
1.5128200e-01   6.1518114e-02
1.6323499e-01   6.6447571e-02
1.7553200e-01   7.0759729e-02
1.8815701e-01   7.4031264e-02
2.0109700e-01   7.7651002e-02
2.1433701e-01   8.0253236e-02
2.2786400e-01   8.2766257e-02
2.4166299e-01   8.5312515e-02
2.5571901e-01   8.7117232e-02
2.7001700e-01   8.8277578e-02
2.8454199e-01   8.9892045e-02
2.9927999e-01   8.9519218e-02
3.1421500e-01   8.9604095e-02
3.2933101e-01   8.9710355e-02
3.4461299e-01   8.8715002e-02
3.6004499e-01   8.7138034e-02
3.7561101e-01   8.6265758e-02
3.9129600e-01   8.4422112e-02
4.0708300e-01   8.1861436e-02
4.2295700e-01   8.0382697e-02
4.3890101e-01   7.6999806e-02
4.5489901e-01   7.3960088e-02
4.7093499e-01   6.9851272e-02
4.8699200e-01   6.7188323e-02
5.0305498e-01   6.3350670e-02
5.1910698e-01   5.9492756e-02
5.3513199e-01   5.5656161e-02
5.5111402e-01   5.2310113e-02
5.6703597e-01   4.7952939e-02
5.8288401e-01   4.3536503e-02
5.9864002e-01   3.9846290e-02
6.1429000e-01   3.6465935e-02
6.2981701e-01   3.2338914e-02
6.4520597e-01   2.8516717e-02
6.6044199e-01   2.5207868e-02
6.7550898e-01   2.1758731e-02
6.9039297e-01   1.9248284e-02
7.0507699e-01   1.5676539e-02
7.1954900e-01   1.3048190e-02
7.3379302e-01   9.7046262e-03
7.4779499e-01   7.2081517e-03
7.6154202e-01   4.4437931e-03
7.7501899e-01   1.6659967e-03
7.8821403e-01   -2.0397268e-04
8.0111301e-01   -1.8116868e-03
8.1370401e-01   -3.7944191e-03
8.2597297e-01   -5.8674323e-03
8.3791000e-01   -6.9480147e-03
8.4950101e-01   -8.5199317e-03
8.6073500e-01   -9.8335538e-03
8.7160099e-01   -1.0476748e-02
8.8208801e-01   -1.1720218e-02
8.9218402e-01   -1.2098872e-02
9.0188003e-01   -1.2499811e-02
9.1116500e-01   -1.2404530e-02
9.2003101e-01   -1.3079895e-02
9.2846799e-01   -1.2586305e-02
9.3646699e-01   -1.2869434e-02
9.4401902e-01   -1.2238914e-02
9.5111603e-01   -1.1857895e-02
9.5775098e-01   -1.1406422e-02
9.6392000e-01   -1.0458158e-02
9.6961600e-01   -1.0335326e-02
9.7483599e-01   -9.6976077e-03
9.7957498e-01   -8.8759232e-03
9.8383099e-01   -8.9193974e-03
9.8759800e-01   -7.7117486e-03
9.9087399e-01   -8.1143873e-03
9.9365300e-01   -7.9744942e-03
9.9593401e-01   -7.4353870e-03
9.9771100e-01   -7.8006126e-03
9.9898201e-01   -7.4389847e-03
9.9974501e-01   -7.6209954e-03
1.0000000e+00   -7.1852943e-03
