1.0000000e+00   5.8145490e-03
9.9974501e-01   6.2688007e-03
9.9898201e-01   6.7193019e-03
9.9771100e-01   7.5240005e-03
9.9593300e-01   8.7860618e-03
9.9365300e-01   1.0036263e-02
9.9087399e-01   1.1613923e-02
9.8759800e-01   1.3578994e-02
9.8382998e-01   1.5844584e-02
9.7957498e-01   1.8457770e-02
9.7483599e-01   2.1270595e-02
9.6961600e-01   2.4698049e-02
9.6392000e-01   2.8896026e-02
9.5775098e-01   3.2857195e-02
9.5111603e-01   3.7202936e-02
9.4401902e-01   4.2467583e-02
9.3646699e-01   4.7239404e-02
9.2846799e-01   5.2623432e-02
9.2003101e-01   5.8292728e-02
9.1116500e-01   6.4378791e-02
9.0187901e-01   7.0159569e-02
8.9218301e-01   7.6748528e-02
8.8208699e-01   8.3979145e-02
8.7160099e-01   9.1847248e-02
8.6073500e-01   9.9293597e-02
8.4950101e-01   1.0715897e-01
8.3791000e-01   1.1613912e-01
8.2597399e-01   1.2546158e-01
8.1370401e-01   1.3408637e-01
8.0111301e-01   1.4381988e-01
7.8821403e-01   1.5379436e-01
7.7501899e-01   1.6370396e-01
7.6154101e-01   1.7404515e-01
7.4779499e-01   1.8510973e-01
7.3379201e-01   1.9568127e-01
7.1954799e-01   2.0721807e-01
7.0507699e-01   2.1788669e-01
6.9039202e-01   2.2949104e-01
6.7550898e-01   2.4069871e-01
6.6044199e-01   2.5255406e-01
6.4520597e-01   2.6434329e-01
6.2981701e-01   2.7614751e-01
6.1429000e-01   2.8827131e-01
5.9864002e-01   3.0027810e-01
5.8288401e-01   3.1186068e-01
5.6703597e-01   3.2266855e-01
5.5111301e-01   3.3437529e-01
5.3513098e-01   3.4657794e-01
5.1910597e-01   3.5663149e-01
5.0305402e-01   3.6667004e-01
4.8699099e-01   3.7671474e-01
4.7093400e-01   3.8659269e-01
4.5489800e-01   3.9470983e-01
4.3889999e-01   4.0194905e-01
4.2295599e-01   4.0909812e-01
4.0708300e-01   4.1490543e-01
3.9129499e-01   4.1935894e-01
3.7560999e-01   4.2296290e-01
3.6004400e-01   4.2626864e-01
3.4461200e-01   4.2824927e-01
3.2933000e-01   4.2907533e-01
3.1421301e-01   4.2879730e-01
2.9927900e-01   4.2733324e-01
2.8454101e-01   4.2513478e-01
2.7001500e-01   4.2149046e-01
2.5571701e-01   4.1569319e-01
2.4166100e-01   4.0981567e-01
2.2786200e-01   4.0267992e-01
2.1433599e-01   3.9465922e-01
2.0109500e-01   3.8499838e-01
1.8815500e-01   3.7528700e-01
1.7553000e-01   3.6433670e-01
1.6323400e-01   3.5191599e-01
1.5128000e-01   3.3871678e-01
1.3968100e-01   3.2538864e-01
1.2845200e-01   3.1129223e-01
1.1760600e-01   2.9677409e-01
1.0715500e-01   2.8106639e-01
9.7112998e-02   2.6538500e-01
8.7493002e-02   2.4911930e-01
7.8305997e-02   2.3248863e-01
6.9565997e-02   2.1573736e-01
6.1285000e-02   1.9932035e-01
5.3474002e-02   1.8265972e-01
4.6149999e-02   1.6634265e-01
3.9326001e-02   1.4990905e-01
3.3013999e-02   1.3335095e-01
2.7230000e-02   1.1733880e-01
2.1980001e-02   1.0200202e-01
1.7277000e-02   8.6471476e-02
1.3141000e-02   7.1659923e-02
9.5729996e-03   5.7404187e-02
6.5830001e-03   4.4320110e-02
4.1880002e-03   3.2863725e-02
2.3540000e-03   2.2845091e-02
1.0810000e-03   1.4178671e-02
3.7100000e-04   7.6933182e-03
7.6999997e-05   2.8665913e-03
4.9999999e-06   -1.4488428e-04
0.0000000e+00   -9.3112508e-04
4.9999999e-06   -1.6349036e-03
7.6999997e-05   -4.7076480e-03
3.7100000e-04   -9.2315655e-03
1.0810000e-03   -1.5044332e-02
2.3530000e-03   -2.1835841e-02
4.1880002e-03   -2.8436754e-02
6.5850001e-03   -3.5403181e-02
9.5760003e-03   -4.1227799e-02
1.3145000e-02   -4.5283299e-02
1.7281000e-02   -4.7546595e-02
2.1983000e-02   -4.8078053e-02
2.7232001e-02   -4.7707755e-02
3.3016000e-02   -4.7692828e-02
3.9328001e-02   -4.6433754e-02
4.6151999e-02   -4.5515455e-02
5.3475998e-02   -4.3395400e-02
6.1287001e-02   -4.1435130e-02
6.9568001e-02   -3.9429646e-02
7.8308001e-02   -3.6514655e-02
8.7494999e-02   -3.4534454e-02
9.7115003e-02   -3.2596383e-02
1.0715700e-01   -3.0308504e-02
1.1760800e-01   -2.8100124e-02
1.2845400e-01   -2.6353801e-02
1.3968299e-01   -2.4243349e-02
1.5128200e-01   -2.2330640e-02
1.6323499e-01   -2.0698806e-02
1.7553200e-01   -1.9480320e-02
1.8815701e-01   -1.8073929e-02
2.0109700e-01   -1.7592689e-02
2.1433701e-01   -1.6130628e-02
2.2786400e-01   -1.6828654e-02
2.4166299e-01   -1.6791807e-02
2.5571901e-01   -1.5901461e-02
2.7001700e-01   -1.5719512e-02
2.8454199e-01   -1.6371464e-02
2.9927999e-01   -1.6622845e-02
3.1421500e-01   -1.7582094e-02
3.2933101e-01   -1.8334562e-02
3.4461299e-01   -1.8549178e-02
3.6004499e-01   -2.0237446e-02
3.7561101e-01   -2.0720005e-02
3.9129600e-01   -2.2668922e-02
4.0708300e-01   -2.4187805e-02
4.2295700e-01   -2.5860440e-02
4.3890101e-01   -2.8440377e-02
4.5489901e-01   -3.0013936e-02
4.7093499e-01   -3.2919206e-02
4.8699200e-01   -3.3920232e-02
5.0305498e-01   -3.5910506e-02
5.1910698e-01   -3.8590398e-02
5.3513199e-01   -4.0446468e-02
5.5111402e-01   -4.2577855e-02
5.6703597e-01   -4.4817612e-02
5.8288401e-01   -4.6814892e-02
5.9864002e-01   -4.8382241e-02
6.1429000e-01   -4.9714241e-02
6.2981701e-01   -5.1022515e-02
6.4520597e-01   -5.2404892e-02
6.6044199e-01   -5.3059820e-02
6.7550898e-01   -5.4385576e-02
6.9039297e-01   -5.4684866e-02
7.0507699e-01   -5.5570792e-02
7.1954900e-01   -5.5845466e-02
7.3379302e-01   -5.5866551e-02
7.4779499e-01   -5.6148753e-02
7.6154202e-01   -5.5313613e-02
7.7501899e-01   -5.5215556e-02
7.8821403e-01   -5.4231137e-02
8.0111301e-01   -5.3286854e-02
8.1370401e-01   -5.2408855e-02
8.2597297e-01   -5.0840508e-02
8.3791000e-01   -4.9189057e-02
8.4950101e-01   -4.7258731e-02
8.6073500e-01   -4.5734189e-02
8.7160099e-01   -4.3632153e-02
8.8208801e-01   -4.1328188e-02
8.9218402e-01   -3.9246500e-02
9.0188003e-01   -3.6786281e-02
9.1116500e-01   -3.4494027e-02
9.2003101e-01   -3.2073770e-02
9.2846799e-01   -2.9801240e-02
9.3646699e-01   -2.7619049e-02
9.4401902e-01   -2.4724232e-02
9.5111603e-01   -2.2312591e-02
9.5775098e-01   -1.9708356e-02
9.6392000e-01   -1.7038856e-02
9.6961600e-01   -1.4501265e-02
9.7483599e-01   -1.2641917e-02
9.7957498e-01   -1.0758375e-02
9.8383099e-01   -8.9350091e-03
9.8759800e-01   -7.2615528e-03
9.9087399e-01   -6.3300878e-03
9.9365300e-01   -5.2758907e-03
9.9593401e-01   -4.3942011e-03
9.9771100e-01   -3.6788771e-03
9.9898201e-01   -3.5885945e-03
9.9974501e-01   -3.1165911e-03
1.0000000e+00   -2.8427800e-03
