1.0000000e+00   -5.9472112e-04
9.9974501e-01   -1.5170606e-04
9.9898201e-01   -2.1930260e-04
9.9771100e-01   3.0408497e-04
9.9593300e-01   1.1295762e-03
9.9365300e-01   1.6746974e-03
9.9087399e-01   2.9107814e-03
9.8759800e-01   4.3955422e-03
9.8382998e-01   6.0021034e-03
9.7957498e-01   7.9761110e-03
9.7483599e-01   9.9100126e-03
9.6961600e-01   1.2248366e-02
9.6392000e-01   1.4671551e-02
9.5775098e-01   1.7654885e-02
9.5111603e-01   2.0742064e-02
9.4401902e-01   2.3565399e-02
9.3646699e-01   2.7468953e-02
9.2846799e-01   3.0834679e-02
9.2003101e-01   3.4453519e-02
9.1116500e-01   3.8498588e-02
9.0187901e-01   4.2721387e-02
8.9218301e-01   4.7128420e-02
8.8208699e-01   5.1892847e-02
8.7160099e-01   5.7010792e-02
8.6073500e-01   6.2284105e-02
8.4950101e-01   6.8537444e-02
8.3791000e-01   7.4420936e-02
8.2597399e-01   8.0612794e-02
8.1370401e-01   8.6780317e-02
8.0111301e-01   9.4042167e-02
7.8821403e-01   1.0055009e-01
7.7501899e-01   1.0827888e-01
7.6154101e-01   1.1542787e-01
7.4779499e-01   1.2312683e-01
7.3379201e-01   1.3160621e-01
7.1954799e-01   1.3944103e-01
7.0507699e-01   1.4776742e-01
6.9039202e-01   1.5608610e-01
6.7550898e-01   1.6468295e-01
6.6044199e-01   1.7364575e-01
6.4520597e-01   1.8212943e-01
6.2981701e-01   1.9113964e-01
6.1429000e-01   2.0011191e-01
5.9864002e-01   2.0874922e-01
5.8288401e-01   2.1734567e-01
5.6703597e-01   2.2573923e-01
5.5111301e-01   2.3354402e-01
5.3513098e-01   2.4251775e-01
5.1910597e-01   2.5000545e-01
5.0305402e-01   2.5806251e-01
4.8699099e-01   2.6585963e-01
4.7093400e-01   2.7352709e-01
4.5489800e-01   2.7974269e-01
4.3889999e-01   2.8697500e-01
4.2295599e-01   2.9337847e-01
4.0708300e-01   2.9802281e-01
3.9129499e-01   3.0359182e-01
3.7560999e-01   3.0752817e-01
3.6004400e-01   3.1077111e-01
3.4461200e-01   3.1436533e-01
3.2933000e-01   3.1671795e-01
3.1421301e-01   3.1847221e-01
2.9927900e-01   3.1928515e-01
2.8454101e-01   3.1915817e-01
2.7001500e-01   3.1767935e-01
2.5571701e-01   3.1518391e-01
2.4166100e-01   3.1299287e-01
2.2786200e-01   3.0887914e-01
2.1433599e-01   3.0364501e-01
2.0109500e-01   2.9820630e-01
1.8815500e-01   2.9215997e-01
1.7553000e-01   2.8452167e-01
1.6323400e-01   2.7623901e-01
1.5128000e-01   2.6640013e-01
1.3968100e-01   2.5703621e-01
1.2845200e-01   2.4507234e-01
1.1760600e-01   2.3397000e-01
1.0715500e-01   2.2179256e-01
9.7112998e-02   2.1005261e-01
8.7493002e-02   1.9753040e-01
7.8305997e-02   1.8424973e-01
6.9565997e-02   1.7117175e-01
6.1285000e-02   1.5758711e-01
5.3474002e-02   1.4414887e-01
4.6149999e-02   1.3102157e-01
3.9326001e-02   1.1787506e-01
3.3013999e-02   1.0454226e-01
2.7230000e-02   9.1635071e-02
2.1980001e-02   7.9045363e-02
1.7277000e-02   6.6824839e-02
1.3141000e-02   5.5266492e-02
9.5729996e-03   4.4214223e-02
6.5830001e-03   3.4049992e-02
4.1880002e-03   2.4796365e-02
2.3540000e-03   1.6892998e-02
1.0810000e-03   9.7871684e-03
3.7100000e-04   4.3704952e-03
7.6999997e-05   3.7446257e-04
4.9999999e-06   -1.5411448e-03
0.0000000e+00   -2.3094981e-03
4.9999999e-06   -2.9269203e-03
7.6999997e-05   -5.2067232e-03
3.7100000e-04   -8.7207314e-03
1.0810000e-03   -1.2939643e-02
2.3530000e-03   -1.7746033e-02
4.1880002e-03   -2.2846002e-02
6.5850001e-03   -2.7153363e-02
9.5760003e-03   -3.0984560e-02
1.3145000e-02   -3.3968169e-02
1.7281000e-02   -3.5712246e-02
2.1983000e-02   -3.6576804e-02
2.7232001e-02   -3.6739558e-02
3.3016000e-02   -3.6342099e-02
3.9328001e-02   -3.5535648e-02
4.6151999e-02   -3.2884050e-02
5.3475998e-02   -3.0229473e-02
6.1287001e-02   -2.6805701e-02
6.9568001e-02   -2.2048885e-02
7.8308001e-02   -1.6991802e-02
8.7494999e-02   -1.1941442e-02
9.7115003e-02   -5.6612035e-03
1.0715700e-01   3.0480325e-04
1.1760800e-01   6.3514677e-03
1.2845400e-01   1.2377159e-02
1.3968299e-01   1.9541837e-02
1.5128200e-01   2.6210904e-02
1.6323499e-01   3.4028605e-02
1.7553200e-01   4.0806793e-02
1.8815701e-01   4.7777288e-02
2.0109700e-01   5.5603448e-02
2.1433701e-01   6.3000984e-02
2.2786400e-01   6.9697157e-02
2.4166299e-01   7.5800210e-02
2.5571901e-01   8.1695400e-02
2.7001700e-01   8.7240018e-02
2.8454199e-01   9.1426887e-02
2.9927999e-01   9.6512303e-02
3.1421500e-01   9.9560253e-02
3.2933101e-01   1.0246695e-01
3.4461299e-01   1.0506290e-01
3.6004499e-01   1.0785884e-01
3.7561101e-01   1.0859735e-01
3.9129600e-01   1.1038479e-01
4.0708300e-01   1.1025714e-01
4.2295700e-01   1.1041798e-01
4.3890101e-01   1.1004994e-01
4.5489901e-01   1.0867136e-01
4.7093499e-01   1.0736579e-01
4.8699200e-01   1.0622665e-01
5.0305498e-01   1.0445437e-01
5.1910698e-01   1.0197668e-01
5.3513199e-01   9.9810570e-02
5.5111402e-01   9.7594582e-02
5.6703597e-01   9.4332181e-02
5.8288401e-01   9.1478705e-02
5.9864002e-01   8.7538660e-02
6.1429000e-01   8.4610946e-02
6.2981701e-01   8.0219559e-02
6.4520597e-01   7.6343976e-02
6.6044199e-01   7.3116139e-02
6.7550898e-01   6.9065325e-02
6.9039297e-01   6.4758211e-02
7.0507699e-01   6.1246794e-02
7.1954900e-01   5.7076797e-02
7.3379302e-01   5.3801224e-02
7.4779499e-01   4.9141761e-02
7.6154202e-01   4.5890618e-02
7.7501899e-01   4.2164903e-02
7.8821403e-01   3.8824573e-02
8.0111301e-01   3.5558317e-02
8.1370401e-01   3.2658558e-02
8.2597297e-01   2.9553950e-02
8.3791000e-01   2.7194712e-02
8.4950101e-01   2.4477070e-02
8.6073500e-01   2.1912463e-02
8.7160099e-01   1.9456647e-02
8.8208801e-01   1.7182883e-02
8.9218402e-01   1.4868708e-02
9.0188003e-01   1.3148478e-02
9.1116500e-01   1.1558484e-02
9.2003101e-01   9.4383974e-03
9.2846799e-01   8.0135223e-03
9.3646699e-01   6.4401813e-03
9.4401902e-01   5.1187552e-03
9.5111603e-01   3.7151349e-03
9.5775098e-01   3.2705788e-03
9.6392000e-01   1.9893167e-03
9.6961600e-01   1.2276960e-03
9.7483599e-01   7.0640072e-04
9.7957498e-01   3.5253409e-04
9.8383099e-01   -4.3806902e-04
9.8759800e-01   -9.4577315e-04
9.9087399e-01   -1.3203939e-03
9.9365300e-01   -1.4921933e-03
9.9593401e-01   -1.9339951e-03
9.9771100e-01   -2.2813189e-03
9.9898201e-01   -2.4869493e-03
9.9974501e-01   -2.4827381e-03
1.0000000e+00   -2.5414808e-03
