1.0000000e+00   4.3140442e-04
9.9974501e-01   4.8600647e-04
9.9898201e-01   3.6167866e-03
9.9771100e-01   8.5497089e-03
9.9593300e-01   1.4672890e-02
9.9365300e-01   2.1055188e-02
9.9087399e-01   2.8731214e-02
9.8759800e-01   3.6951516e-02
9.8382998e-01   4.6611335e-02
9.7957498e-01   5.5860087e-02
9.7483599e-01   6.6103481e-02
9.6961600e-01   7.7336594e-02
9.6392000e-01   8.7995395e-02
9.5775098e-01   1.0027912e-01
9.5111603e-01   1.1271036e-01
9.4401902e-01   1.2518074e-01
9.3646699e-01   1.3802880e-01
9.2846799e-01   1.5173796e-01
9.2003101e-01   1.6571818e-01
9.1116500e-01   1.8006000e-01
9.0187901e-01   1.9458787e-01
8.9218301e-01   2.1007358e-01
8.8208699e-01   2.2593273e-01
8.7160099e-01   2.4131809e-01
8.6073500e-01   2.5797477e-01
8.4950101e-01   2.7526906e-01
8.3791000e-01   2.9244170e-01
8.2597399e-01   3.0988222e-01
8.1370401e-01   3.2747915e-01
8.0111301e-01   3.4586090e-01
7.8821403e-01   3.6452144e-01
7.7501899e-01   3.8297388e-01
7.6154101e-01   4.0195698e-01
7.4779499e-01   4.2185557e-01
7.3379201e-01   4.4157344e-01
7.1954799e-01   4.6255472e-01
7.0507699e-01   4.8299018e-01
6.9039202e-01   5.0492662e-01
6.7550898e-01   5.2633423e-01
6.6044199e-01   5.4816663e-01
6.4520597e-01   5.7070470e-01
6.2981701e-01   5.9340066e-01
6.1429000e-01   6.1579591e-01
5.9864002e-01   6.3876247e-01
5.8288401e-01   6.6082418e-01
5.6703597e-01   6.8438184e-01
5.5111301e-01   7.0681721e-01
5.3513098e-01   7.2929871e-01
5.1910597e-01   7.5172913e-01
5.0305402e-01   7.7245736e-01
4.8699099e-01   7.9371917e-01
4.7093400e-01   8.1282264e-01
4.5489800e-01   8.3145428e-01
4.3889999e-01   8.4709692e-01
4.2295599e-01   8.6009318e-01
4.0708300e-01   8.7025714e-01
3.9129499e-01   8.7505621e-01
3.7560999e-01   8.7710118e-01
3.6004400e-01   8.7682283e-01
3.4461200e-01   8.7442601e-01
3.2933000e-01   8.6948425e-01
3.1421301e-01   8.6198246e-01
2.9927900e-01   8.5147035e-01
2.8454101e-01   8.3829528e-01
2.7001500e-01   8.2399803e-01
2.5571701e-01   8.0588615e-01
2.4166100e-01   7.8580630e-01
2.2786200e-01   7.6463860e-01
2.1433599e-01   7.4154818e-01
2.0109500e-01   7.1624321e-01
1.8815500e-01   6.9001424e-01
1.7553000e-01   6.6394103e-01
1.6323400e-01   6.3577247e-01
1.5128000e-01   6.0790735e-01
1.3968100e-01   5.7948792e-01
1.2845200e-01   5.4955447e-01
1.1760600e-01   5.1938069e-01
1.0715500e-01   4.8924318e-01
9.7112998e-02   4.6028912e-01
8.7493002e-02   4.3106768e-01
7.8305997e-02   4.0230498e-01
6.9565997e-02   3.7415141e-01
6.1285000e-02   3.4614840e-01
5.3474002e-02   3.1958449e-01
4.6149999e-02   2.9375100e-01
3.9326001e-02   2.6858601e-01
3.3013999e-02   2.4367763e-01
2.7230000e-02   2.2082640e-01
2.1980001e-02   1.9869871e-01
1.7277000e-02   1.7803738e-01
1.3141000e-02   1.5862747e-01
9.5729996e-03   1.4019495e-01
6.5830001e-03   1.2436090e-01
4.1880002e-03   1.1020181e-01
2.3540000e-03   9.8415293e-02
1.0810000e-03   8.9280196e-02
3.7100000e-04   8.1559628e-02
7.6999997e-05   7.7006936e-02
4.9999999e-06   7.3642530e-02
0.0000000e+00   7.2252698e-02
4.9999999e-06   7.0348814e-02
7.6999997e-05   6.8374157e-02
3.7100000e-04   6.3521713e-02
1.0810000e-03   5.6624379e-02
2.3530000e-03   4.7616899e-02
4.1880002e-03   3.7577629e-02
6.5850001e-03   2.5618652e-02
9.5760003e-03   1.1782088e-02
1.3145000e-02   -3.6957040e-03
1.7281000e-02   -2.1379653e-02
2.1983000e-02   -3.8631931e-02
2.7232001e-02   -5.8176365e-02
3.3016000e-02   -7.8486718e-02
3.9328001e-02   -9.7756900e-02
4.6151999e-02   -1.1699890e-01
5.3475998e-02   -1.3200656e-01
6.1287001e-02   -1.4314552e-01
6.9568001e-02   -1.5074490e-01
7.8308001e-02   -1.5556607e-01
8.7494999e-02   -1.6087194e-01
9.7115003e-02   -1.6465314e-01
1.0715700e-01   -1.6817459e-01
1.1760800e-01   -1.7236575e-01
1.2845400e-01   -1.7394711e-01
1.3968299e-01   -1.7640130e-01
1.5128200e-01   -1.7770028e-01
1.6323499e-01   -1.7854132e-01
1.7553200e-01   -1.7833301e-01
1.8815701e-01   -1.7774604e-01
2.0109700e-01   -1.7805569e-01
2.1433701e-01   -1.7771122e-01
2.2786400e-01   -1.7648271e-01
2.4166299e-01   -1.7484942e-01
2.5571901e-01   -1.7379442e-01
2.7001700e-01   -1.7319131e-01
2.8454199e-01   -1.7015272e-01
2.9927999e-01   -1.6766542e-01
3.1421500e-01   -1.6550106e-01
3.2933101e-01   -1.6149186e-01
3.4461299e-01   -1.5917109e-01
3.6004499e-01   -1.5556186e-01
3.7561101e-01   -1.5200540e-01
3.9129600e-01   -1.4923216e-01
4.0708300e-01   -1.4606211e-01
4.2295700e-01   -1.4162520e-01
4.3890101e-01   -1.3779503e-01
4.5489901e-01   -1.3260986e-01
4.7093499e-01   -1.2849729e-01
4.8699200e-01   -1.2368040e-01
5.0305498e-01   -1.1793938e-01
5.1910698e-01   -1.1092054e-01
5.3513199e-01   -1.0398107e-01
5.5111402e-01   -9.7074918e-02
5.6703597e-01   -8.9571573e-02
5.8288401e-01   -7.9694085e-02
5.9864002e-01   -7.0460834e-02
6.1429000e-01   -5.9301801e-02
6.2981701e-01   -4.8239004e-02
6.4520597e-01   -3.7039325e-02
6.6044199e-01   -2.4709955e-02
6.7550898e-01   -1.2547550e-02
6.9039297e-01   1.9565225e-05
7.0507699e-01   1.2568989e-02
7.1954900e-01   2.4028078e-02
7.3379302e-01   3.5876777e-02
7.4779499e-01   4.6988580e-02
7.6154202e-01   5.7287782e-02
7.7501899e-01   6.5880194e-02
7.8821403e-01   7.3903732e-02
8.0111301e-01   8.0687553e-02
8.1370401e-01   8.6552195e-02
8.2597297e-01   9.1160737e-02
8.3791000e-01   9.3396485e-02
8.4950101e-01   9.6797131e-02
8.6073500e-01   9.8109156e-02
8.7160099e-01   9.8938391e-02
8.8208801e-01   9.9249654e-02
8.9218402e-01   9.9695034e-02
9.0188003e-01   9.7637117e-02
9.1116500e-01   9.5889673e-02
9.2003101e-01   9.4182953e-02
9.2846799e-01   9.0428501e-02
9.3646699e-01   8.7865293e-02
9.4401902e-01   8.2795754e-02
9.5111603e-01   7.8897722e-02
9.5775098e-01   7.4680969e-02
9.6392000e-01   6.9443211e-02
9.6961600e-01   6.2552877e-02
9.7483599e-01   5.6586482e-02
9.7957498e-01   5.0157439e-02
9.8383099e-01   4.2623032e-02
9.8759800e-01   3.6262933e-02
9.9087399e-01   2.9655542e-02
9.9365300e-01   2.3635752e-02
9.9593401e-01   1.6599175e-02
9.9771100e-01   1.2371567e-02
9.9898201e-01   7.5627607e-03
9.9974501e-01   4.4332920e-03
1.0000000e+00   4.6926537e-03
