1.0000000e+00   2.6279022e-03
9.9974501e-01   3.1907703e-03
9.9898201e-01   3.9580092e-03
9.9771100e-01   4.8984764e-03
9.9593300e-01   6.8970709e-03
9.9365300e-01   8.6270738e-03
9.9087399e-01   1.1089764e-02
9.8759800e-01   1.4424396e-02
9.8382998e-01   1.8035647e-02
9.7957498e-01   2.2557003e-02
9.7483599e-01   2.6671348e-02
9.6961600e-01   3.1475145e-02
9.6392000e-01   3.6528111e-02
9.5775098e-01   4.2166065e-02
9.5111603e-01   4.7999062e-02
9.4401902e-01   5.3889938e-02
9.3646699e-01   6.0512800e-02
9.2846799e-01   6.7129016e-02
9.2003101e-01   7.3773324e-02
9.1116500e-01   8.0914587e-02
9.0187901e-01   8.8493392e-02
8.9218301e-01   9.6080408e-02
8.8208699e-01   1.0383769e-01
8.7160099e-01   1.1217953e-01
8.6073500e-01   1.1996707e-01
8.4950101e-01   1.2900545e-01
8.3791000e-01   1.3718395e-01
8.2597399e-01   1.4636554e-01
8.1370401e-01   1.5557866e-01
8.0111301e-01   1.6410299e-01
7.8821403e-01   1.7377836e-01
7.7501899e-01   1.8296576e-01
7.6154101e-01   1.9144903e-01
7.4779499e-01   2.0086503e-01
7.3379201e-01   2.1009578e-01
7.1954799e-01   2.1905576e-01
7.0507699e-01   2.2755852e-01
6.9039202e-01   2.3676026e-01
6.7550898e-01   2.4508046e-01
6.6044199e-01   2.5310725e-01
6.4520597e-01   2.6097861e-01
6.2981701e-01   2.6844138e-01
6.1429000e-01   2.7563670e-01
5.9864002e-01   2.8242004e-01
5.8288401e-01   2.8881234e-01
5.6703597e-01   2.9512635e-01
5.5111301e-01   3.0026844e-01
5.3513098e-01   3.0558321e-01
5.1910597e-01   3.1052974e-01
5.0305402e-01   3.1430605e-01
4.8699099e-01   3.1752729e-01
4.7093400e-01   3.2088995e-01
4.5489800e-01   3.2362163e-01
4.3889999e-01   3.2517588e-01
4.2295599e-01   3.2672304e-01
4.0708300e-01   3.2736149e-01
3.9129499e-01   3.2773960e-01
3.7560999e-01   3.2724914e-01
3.6004400e-01   3.2615316e-01
3.4461200e-01   3.2485709e-01
3.2933000e-01   3.2280147e-01
3.1421301e-01   3.1955820e-01
2.9927900e-01   3.1709188e-01
2.8454101e-01   3.1345570e-01
2.7001500e-01   3.0879185e-01
2.5571701e-01   3.0348834e-01
2.4166100e-01   2.9789430e-01
2.2786200e-01   2.9162210e-01
2.1433599e-01   2.8426397e-01
2.0109500e-01   2.7749726e-01
1.8815500e-01   2.6945668e-01
1.7553000e-01   2.6089671e-01
1.6323400e-01   2.5234100e-01
1.5128000e-01   2.4261403e-01
1.3968100e-01   2.3330279e-01
1.2845200e-01   2.2268248e-01
1.1760600e-01   2.1231975e-01
1.0715500e-01   2.0182204e-01
9.7112998e-02   1.9084883e-01
8.7493002e-02   1.7941688e-01
7.8305997e-02   1.6785322e-01
6.9565997e-02   1.5634727e-01
6.1285000e-02   1.4491899e-01
5.3474002e-02   1.3357732e-01
4.6149999e-02   1.2194486e-01
3.9326001e-02   1.1056361e-01
3.3013999e-02   9.9230424e-02
2.7230000e-02   8.8102899e-02
2.1980001e-02   7.6996870e-02
1.7277000e-02   6.6248663e-02
1.3141000e-02   5.5606101e-02
9.5729996e-03   4.5252830e-02
6.5830001e-03   3.5838138e-02
4.1880002e-03   2.7323032e-02
2.3540000e-03   1.9559758e-02
1.0810000e-03   1.2651298e-02
3.7100000e-04   7.7115968e-03
7.6999997e-05   3.7440113e-03
4.9999999e-06   1.7592274e-03
0.0000000e+00   9.5343351e-04
4.9999999e-06   3.1652069e-04
7.6999997e-05   -1.8942418e-03
3.7100000e-04   -5.5286200e-03
1.0810000e-03   -1.0032084e-02
2.3530000e-03   -1.5193952e-02
4.1880002e-03   -2.1160336e-02
6.5850001e-03   -2.6371062e-02
9.5760003e-03   -3.0878935e-02
1.3145000e-02   -3.4704700e-02
1.7281000e-02   -3.7514746e-02
2.1983000e-02   -3.9398771e-02
2.7232001e-02   -4.0391147e-02
3.3016000e-02   -4.1400332e-02
3.9328001e-02   -4.2124338e-02
4.6151999e-02   -4.2072821e-02
5.3475998e-02   -4.2115781e-02
6.1287001e-02   -4.1517112e-02
6.9568001e-02   -4.0322654e-02
7.8308001e-02   -3.9110392e-02
8.7494999e-02   -3.7657022e-02
9.7115003e-02   -3.5555471e-02
1.0715700e-01   -3.3810262e-02
1.1760800e-01   -3.1705845e-02
1.2845400e-01   -2.9507279e-02
1.3968299e-01   -2.6720792e-02
1.5128200e-01   -2.3840833e-02
1.6323499e-01   -2.0558836e-02
1.7553200e-01   -1.8036209e-02
1.8815701e-01   -1.5481897e-02
2.0109700e-01   -1.1992543e-02
2.1433701e-01   -8.9043779e-03
2.2786400e-01   -5.6435834e-03
2.4166299e-01   -2.5493521e-03
2.5571901e-01   3.7238744e-04
2.7001700e-01   3.8224049e-03
2.8454199e-01   6.3617714e-03
2.9927999e-01   9.9246372e-03
3.1421500e-01   1.3165741e-02
3.2933101e-01   1.5526202e-02
3.4461299e-01   1.8353323e-02
3.6004499e-01   2.2349115e-02
3.7561101e-01   2.4121506e-02
3.9129600e-01   2.7319582e-02
4.0708300e-01   2.9518222e-02
4.2295700e-01   3.1238195e-02
4.3890101e-01   3.3480756e-02
4.5489901e-01   3.5023596e-02
4.7093499e-01   3.6216117e-02
4.8699200e-01   3.8363002e-02
5.0305498e-01   3.9439254e-02
5.1910698e-01   4.0310953e-02
5.3513199e-01   4.1160449e-02
5.5111402e-01   4.2249791e-02
5.6703597e-01   4.3173458e-02
5.8288401e-01   4.3815650e-02
5.9864002e-01   4.3683488e-02
6.1429000e-01   4.4114806e-02
6.2981701e-01   4.3777816e-02
6.4520597e-01   4.3539848e-02
6.6044199e-01   4.3807779e-02
6.7550898e-01   4.3719836e-02
6.9039297e-01   4.3024391e-02
7.0507699e-01   4.2721320e-02
7.1954900e-01   4.1667514e-02
7.3379302e-01   4.1131951e-02
7.4779499e-01   3.9752338e-02
7.6154202e-01   3.9407216e-02
7.7501899e-01   3.8123168e-02
7.8821403e-01   3.6431368e-02
8.0111301e-01   3.5496406e-02
8.1370401e-01   3.4399781e-02
8.2597297e-01   3.3081423e-02
8.3791000e-01   3.1381462e-02
8.4950101e-01   2.9794738e-02
8.6073500e-01   2.7922535e-02
8.7160099e-01   2.6462413e-02
8.8208801e-01   2.4920443e-02
8.9218402e-01   2.2930879e-02
9.0188003e-01   2.1328734e-02
9.1116500e-01   1.9649606e-02
9.2003101e-01   1.7967805e-02
9.2846799e-01   1.6472103e-02
9.3646699e-01   1.4470971e-02
9.4401902e-01   1.2529939e-02
9.5111603e-01   1.1060321e-02
9.5775098e-01   9.8636420e-03
9.6392000e-01   7.8312317e-03
9.6961600e-01   6.3220733e-03
9.7483599e-01   5.0871065e-03
9.7957498e-01   3.8856436e-03
9.8383099e-01   2.6824139e-03
9.8759800e-01   1.6709451e-03
9.9087399e-01   8.8615227e-04
9.9365300e-01   1.1231529e-04
9.9593401e-01   -7.0631248e-04
9.9771100e-01   -1.1641093e-03
9.9898201e-01   -1.4280686e-03
9.9974501e-01   -1.7258426e-03
1.0000000e+00   -1.8236019e-03
