1.0000000e+00   1.4138978e-03
9.9974501e-01   1.5458730e-03
9.9898201e-01   1.7738905e-03
9.9771100e-01   2.4927997e-03
9.9593300e-01   3.2154203e-03
9.9365300e-01   3.9495048e-03
9.9087399e-01   5.4561775e-03
9.8759800e-01   6.9165523e-03
9.8382998e-01   8.8207833e-03
9.7957498e-01   1.0725844e-02
9.7483599e-01   1.2847407e-02
9.6961600e-01   1.5496486e-02
9.6392000e-01   1.8028757e-02
9.5775098e-01   2.1019649e-02
9.5111603e-01   2.4296466e-02
9.4401902e-01   2.7687695e-02
9.3646699e-01   3.1019216e-02
9.2846799e-01   3.4967110e-02
9.2003101e-01   3.8630482e-02
9.1116500e-01   4.2861801e-02
9.0187901e-01   4.6945766e-02
8.9218301e-01   5.1646069e-02
8.8208699e-01   5.6202061e-02
8.7160099e-01   6.0913105e-02
8.6073500e-01   6.5778024e-02
8.4950101e-01   7.0878193e-02
8.3791000e-01   7.6360323e-02
8.2597399e-01   8.1862606e-02
8.1370401e-01   8.7576352e-02
8.0111301e-01   9.3047783e-02
7.8821403e-01   9.8999202e-02
7.7501899e-01   1.0475224e-01
7.6154101e-01   1.1052189e-01
7.4779499e-01   1.1604586e-01
7.3379201e-01   1.2219515e-01
7.1954799e-01   1.2803310e-01
7.0507699e-01   1.3333729e-01
6.9039202e-01   1.3884804e-01
6.7550898e-01   1.4431895e-01
6.6044199e-01   1.4978297e-01
6.4520597e-01   1.5462092e-01
6.2981701e-01   1.6003349e-01
6.1429000e-01   1.6432169e-01
5.9864002e-01   1.6886862e-01
5.8288401e-01   1.7312601e-01
5.6703597e-01   1.7714569e-01
5.5111301e-01   1.8104190e-01
5.3513098e-01   1.8452466e-01
5.1910597e-01   1.8753907e-01
5.0305402e-01   1.9070518e-01
4.8699099e-01   1.9348672e-01
4.7093400e-01   1.9496693e-01
4.5489800e-01   1.9744042e-01
4.3889999e-01   1.9937506e-01
4.2295599e-01   2.0093291e-01
4.0708300e-01   2.0186047e-01
3.9129499e-01   2.0279743e-01
3.7560999e-01   2.0292030e-01
3.6004400e-01   2.0279902e-01
3.4461200e-01   2.0314056e-01
3.2933000e-01   2.0226912e-01
3.1421301e-01   2.0139103e-01
2.9927900e-01   2.0024599e-01
2.8454101e-01   1.9859527e-01
2.7001500e-01   1.9673699e-01
2.5571701e-01   1.9435276e-01
2.4166100e-01   1.9210599e-01
2.2786200e-01   1.8909182e-01
2.1433599e-01   1.8562827e-01
2.0109500e-01   1.8227446e-01
1.8815500e-01   1.7812748e-01
1.7553000e-01   1.7392798e-01
1.6323400e-01   1.6940568e-01
1.5128000e-01   1.6461228e-01
1.3968100e-01   1.5970694e-01
1.2845200e-01   1.5384179e-01
1.1760600e-01   1.4843714e-01
1.0715500e-01   1.4195982e-01
9.7112998e-02   1.3585556e-01
8.7493002e-02   1.2959102e-01
7.8305997e-02   1.2263841e-01
6.9565997e-02   1.1586117e-01
6.1285000e-02   1.0846955e-01
5.3474002e-02   1.0116772e-01
4.6149999e-02   9.3728952e-02
3.9326001e-02   8.6136088e-02
3.3013999e-02   7.8230813e-02
2.7230000e-02   7.0439875e-02
2.1980001e-02   6.2593430e-02
1.7277000e-02   5.4604352e-02
1.3141000e-02   4.6706662e-02
9.5729996e-03   3.8916022e-02
6.5830001e-03   3.1468008e-02
4.1880002e-03   2.4202190e-02
2.3540000e-03   1.7602338e-02
1.0810000e-03   1.1643774e-02
3.7100000e-04   6.7319442e-03
7.6999997e-05   3.1036644e-03
4.9999999e-06   1.0273609e-03
0.0000000e+00   2.6332424e-04
4.9999999e-06   -5.3487433e-04
7.6999997e-05   -2.6782914e-03
3.7100000e-04   -6.0851467e-03
1.0810000e-03   -1.0332956e-02
2.3530000e-03   -1.5482635e-02
4.1880002e-03   -2.0706292e-02
6.5850001e-03   -2.5847189e-02
9.5760003e-03   -3.0883310e-02
1.3145000e-02   -3.5588026e-02
1.7281000e-02   -4.0134154e-02
2.1983000e-02   -4.4347785e-02
2.7232001e-02   -4.8236545e-02
3.3016000e-02   -5.2049831e-02
3.9328001e-02   -5.5516202e-02
4.6151999e-02   -5.8663793e-02
5.3475998e-02   -6.1743814e-02
6.1287001e-02   -6.4815134e-02
6.9568001e-02   -6.7418680e-02
7.8308001e-02   -6.9639370e-02
8.7494999e-02   -7.2245963e-02
9.7115003e-02   -7.3920973e-02
1.0715700e-01   -7.6032966e-02
1.1760800e-01   -7.7777311e-02
1.2845400e-01   -7.9170503e-02
1.3968299e-01   -8.0905363e-02
1.5128200e-01   -8.1954449e-02
1.6323499e-01   -8.2895368e-02
1.7553200e-01   -8.3576515e-02
1.8815701e-01   -8.4412932e-02
2.0109700e-01   -8.5026525e-02
2.1433701e-01   -8.5560367e-02
2.2786400e-01   -8.5870504e-02
2.4166299e-01   -8.6059116e-02
2.5571901e-01   -8.5957356e-02
2.7001700e-01   -8.5745595e-02
2.8454199e-01   -8.5092828e-02
2.9927999e-01   -8.4567502e-02
3.1421500e-01   -8.4215432e-02
3.2933101e-01   -8.3500497e-02
3.4461299e-01   -8.2418084e-02
3.6004499e-01   -8.1250444e-02
3.7561101e-01   -8.0153883e-02
3.9129600e-01   -7.8781836e-02
4.0708300e-01   -7.7532910e-02
4.2295700e-01   -7.5603977e-02
4.3890101e-01   -7.4066631e-02
4.5489901e-01   -7.2706088e-02
4.7093499e-01   -7.0529424e-02
4.8699200e-01   -6.8518594e-02
5.0305498e-01   -6.6037454e-02
5.1910698e-01   -6.4202636e-02
5.3513199e-01   -6.1826635e-02
5.5111402e-01   -5.9305683e-02
5.6703597e-01   -5.7204045e-02
5.8288401e-01   -5.4572668e-02
5.9864002e-01   -5.2113440e-02
6.1429000e-01   -4.9847376e-02
6.2981701e-01   -4.7179244e-02
6.4520597e-01   -4.4499226e-02
6.6044199e-01   -4.2080216e-02
6.7550898e-01   -3.9688881e-02
6.9039297e-01   -3.7025183e-02
7.0507699e-01   -3.4590941e-02
7.1954900e-01   -3.2506522e-02
7.3379302e-01   -2.9899584e-02
7.4779499e-01   -2.7700000e-02
7.6154202e-01   -2.5674714e-02
7.7501899e-01   -2.3897855e-02
7.8821403e-01   -2.1622006e-02
8.0111301e-01   -1.9532025e-02
8.1370401e-01   -1.7739275e-02
8.2597297e-01   -1.6269067e-02
8.3791000e-01   -1.4602019e-02
8.4950101e-01   -1.3271837e-02
8.6073500e-01   -1.1805096e-02
8.7160099e-01   -1.0957339e-02
8.8208801e-01   -9.4162906e-03
8.9218402e-01   -8.6102793e-03
9.0188003e-01   -7.3311776e-03
9.1116500e-01   -6.5034525e-03
9.2003101e-01   -6.0535711e-03
9.2846799e-01   -5.3841807e-03
9.3646699e-01   -4.8288577e-03
9.4401902e-01   -4.3162792e-03
9.5111603e-01   -4.0456997e-03
9.5775098e-01   -3.6095595e-03
9.6392000e-01   -3.4904885e-03
9.6961600e-01   -3.3424485e-03
9.7483599e-01   -3.3944706e-03
9.7957498e-01   -3.1486552e-03
9.8383099e-01   -3.1117757e-03
9.8759800e-01   -3.1865640e-03
9.9087399e-01   -3.2990060e-03
9.9365300e-01   -3.2548525e-03
9.9593401e-01   -3.2378056e-03
9.9771100e-01   -3.3441836e-03
9.9898201e-01   -3.3991961e-03
9.9974501e-01   -3.2829284e-03
1.0000000e+00   -3.2918812e-03
