1.0000000e+00   -5.8042438e-04
9.9974501e-01   4.6223003e-04
9.9898201e-01   1.3275457e-03
9.9771100e-01   3.2516816e-03
9.9593300e-01   5.9650471e-03
9.9365300e-01   8.6118886e-03
9.9087399e-01   1.2421203e-02
9.8759800e-01   1.6638733e-02
9.8382998e-01   2.1548880e-02
9.7957498e-01   2.6395172e-02
9.7483599e-01   3.2237545e-02
9.6961600e-01   3.8387794e-02
9.6392000e-01   4.5229305e-02
9.5775098e-01   5.2661613e-02
9.5111603e-01   5.9828509e-02
9.4401902e-01   6.7760676e-02
9.3646699e-01   7.6032504e-02
9.2846799e-01   8.4653616e-02
9.2003101e-01   9.3462922e-02
9.1116500e-01   1.0320714e-01
9.0187901e-01   1.1265296e-01
8.9218301e-01   1.2191477e-01
8.8208699e-01   1.3211450e-01
8.7160099e-01   1.4205085e-01
8.6073500e-01   1.5261613e-01
8.4950101e-01   1.6357580e-01
8.3791000e-01   1.7438219e-01
8.2597399e-01   1.8539277e-01
8.1370401e-01   1.9712350e-01
8.0111301e-01   2.0840381e-01
7.8821403e-01   2.2026025e-01
7.7501899e-01   2.3244566e-01
7.6154101e-01   2.4432850e-01
7.4779499e-01   2.5650901e-01
7.3379201e-01   2.6933685e-01
7.1954799e-01   2.8154609e-01
7.0507699e-01   2.9402381e-01
6.9039202e-01   3.0618560e-01
6.7550898e-01   3.1934401e-01
6.6044199e-01   3.3171251e-01
6.4520597e-01   3.4457833e-01
6.2981701e-01   3.5619557e-01
6.1429000e-01   3.6821893e-01
5.9864002e-01   3.8007066e-01
5.8288401e-01   3.9107367e-01
5.6703597e-01   4.0208954e-01
5.5111301e-01   4.1239452e-01
5.3513098e-01   4.2294800e-01
5.1910597e-01   4.3219391e-01
5.0305402e-01   4.4137865e-01
4.8699099e-01   4.4995216e-01
4.7093400e-01   4.5756084e-01
4.5489800e-01   4.6447232e-01
4.3889999e-01   4.7055814e-01
4.2295599e-01   4.7585073e-01
4.0708300e-01   4.7886479e-01
3.9129499e-01   4.8074588e-01
3.7560999e-01   4.8096785e-01
3.6004400e-01   4.8023877e-01
3.4461200e-01   4.7835743e-01
3.2933000e-01   4.7466540e-01
3.1421301e-01   4.7015277e-01
2.9927900e-01   4.6378958e-01
2.8454101e-01   4.5737970e-01
2.7001500e-01   4.4948208e-01
2.5571701e-01   4.4057050e-01
2.4166100e-01   4.3078449e-01
2.2786200e-01   4.1983256e-01
2.1433599e-01   4.0824658e-01
2.0109500e-01   3.9605832e-01
1.8815500e-01   3.8303944e-01
1.7553000e-01   3.6915937e-01
1.6323400e-01   3.5485795e-01
1.5128000e-01   3.4043849e-01
1.3968100e-01   3.2476646e-01
1.2845200e-01   3.0910587e-01
1.1760600e-01   2.9272896e-01
1.0715500e-01   2.7598202e-01
9.7112998e-02   2.5891730e-01
8.7493002e-02   2.4171375e-01
7.8305997e-02   2.2434652e-01
6.9565997e-02   2.0702453e-01
6.1285000e-02   1.8908738e-01
5.3474002e-02   1.7207497e-01
4.6149999e-02   1.5481721e-01
3.9326001e-02   1.3824251e-01
3.3013999e-02   1.2132587e-01
2.7230000e-02   1.0574830e-01
2.1980001e-02   9.0448916e-02
1.7277000e-02   7.6264158e-02
1.3141000e-02   6.2536605e-02
9.5729996e-03   5.0420832e-02
6.5830001e-03   3.9584953e-02
4.1880002e-03   2.9710237e-02
2.3540000e-03   2.1549126e-02
1.0810000e-03   1.4404610e-02
3.7100000e-04   8.9275409e-03
7.6999997e-05   5.3384011e-03
4.9999999e-06   2.5991700e-03
0.0000000e+00   2.0001538e-03
4.9999999e-06   1.1119512e-03
7.6999997e-05   -1.1209308e-03
3.7100000e-04   -4.5928811e-03
1.0810000e-03   -9.9124815e-03
2.3530000e-03   -1.6525272e-02
4.1880002e-03   -2.4078649e-02
6.5850001e-03   -3.3078954e-02
9.5760003e-03   -4.3261267e-02
1.3145000e-02   -5.3791318e-02
1.7281000e-02   -6.5201245e-02
2.1983000e-02   -7.6565526e-02
2.7232001e-02   -8.8515349e-02
3.3016000e-02   -1.0067553e-01
3.9328001e-02   -1.1192758e-01
4.6151999e-02   -1.2351449e-01
5.3475998e-02   -1.3432088e-01
6.1287001e-02   -1.4357610e-01
6.9568001e-02   -1.5306999e-01
7.8308001e-02   -1.6143975e-01
8.7494999e-02   -1.6954280e-01
9.7115003e-02   -1.7696805e-01
1.0715700e-01   -1.8423668e-01
1.1760800e-01   -1.9072250e-01
1.2845400e-01   -1.9676417e-01
1.3968299e-01   -2.0238678e-01
1.5128200e-01   -2.0719960e-01
1.6323499e-01   -2.1130787e-01
1.7553200e-01   -2.1516439e-01
1.8815701e-01   -2.1781537e-01
2.0109700e-01   -2.2010791e-01
2.1433701e-01   -2.2208938e-01
2.2786400e-01   -2.2339436e-01
2.4166299e-01   -2.2407186e-01
2.5571901e-01   -2.2457606e-01
2.7001700e-01   -2.2433625e-01
2.8454199e-01   -2.2300895e-01
2.9927999e-01   -2.2141962e-01
3.1421500e-01   -2.1906592e-01
3.2933101e-01   -2.1596521e-01
3.4461299e-01   -2.1190199e-01
3.6004499e-01   -2.0712245e-01
3.7561101e-01   -2.0132928e-01
3.9129600e-01   -1.9489129e-01
4.0708300e-01   -1.8786684e-01
4.2295700e-01   -1.8004280e-01
4.3890101e-01   -1.7154455e-01
4.5489901e-01   -1.6224289e-01
4.7093499e-01   -1.5274745e-01
4.8699200e-01   -1.4329623e-01
5.0305498e-01   -1.3347894e-01
5.1910698e-01   -1.2350694e-01
5.3513199e-01   -1.1337756e-01
5.5111402e-01   -1.0314573e-01
5.6703597e-01   -9.2857294e-02
5.8288401e-01   -8.3667733e-02
5.9864002e-01   -7.3780313e-02
6.1429000e-01   -6.4357296e-02
6.2981701e-01   -5.5648677e-02
6.4520597e-01   -4.7183782e-02
6.6044199e-01   -3.9194576e-02
6.7550898e-01   -3.1265460e-02
6.9039297e-01   -2.4092715e-02
7.0507699e-01   -1.6766857e-02
7.1954900e-01   -1.0226206e-02
7.3379302e-01   -3.5694686e-03
7.4779499e-01   1.9077673e-03
7.6154202e-01   7.6531018e-03
7.7501899e-01   1.2740985e-02
7.8821403e-01   1.7506573e-02
8.0111301e-01   2.1934079e-02
8.1370401e-01   2.5358465e-02
8.2597297e-01   2.8505409e-02
8.3791000e-01   3.1469643e-02
8.4950101e-01   3.3658192e-02
8.6073500e-01   3.5837118e-02
8.7160099e-01   3.6761556e-02
8.8208801e-01   3.8386237e-02
8.9218402e-01   3.8538896e-02
9.0188003e-01   3.8505524e-02
9.1116500e-01   3.8143922e-02
9.2003101e-01   3.6857896e-02
9.2846799e-01   3.6133394e-02
9.3646699e-01   3.4646183e-02
9.4401902e-01   3.2552816e-02
9.5111603e-01   3.0362466e-02
9.5775098e-01   2.7344499e-02
9.6392000e-01   2.5125159e-02
9.6961600e-01   2.2243626e-02
9.7483599e-01   1.9322114e-02
9.7957498e-01   1.6380243e-02
9.8383099e-01   1.3744351e-02
9.8759800e-01   1.0813049e-02
9.9087399e-01   8.6240936e-03
9.9365300e-01   6.5035764e-03
9.9593401e-01   4.6440549e-03
9.9771100e-01   3.1423387e-03
9.9898201e-01   2.0459995e-03
9.9974501e-01   1.2720725e-03
1.0000000e+00   1.0847880e-03
