1.0000000e+00   -5.5758748e-05
9.9974501e-01   1.0232754e-04
9.9898201e-01   7.3989038e-04
9.9771100e-01   1.6820065e-03
9.9593300e-01   2.9976389e-03
9.9365300e-01   4.3273144e-03
9.9087399e-01   6.2845289e-03
9.8759800e-01   8.5567888e-03
9.8382998e-01   1.1176708e-02
9.7957498e-01   1.4138442e-02
9.7483599e-01   1.7303715e-02
9.6961600e-01   2.0882558e-02
9.6392000e-01   2.4717076e-02
9.5775098e-01   2.8757228e-02
9.5111603e-01   3.3015419e-02
9.4401902e-01   3.7555549e-02
9.3646699e-01   4.2264793e-02
9.2846799e-01   4.7268417e-02
9.2003101e-01   5.2289177e-02
9.1116500e-01   5.7683446e-02
9.0187901e-01   6.3332103e-02
8.9218301e-01   6.9090769e-02
8.8208699e-01   7.5215548e-02
8.7160099e-01   8.1452347e-02
8.6073500e-01   8.7755173e-02
8.4950101e-01   9.4289564e-02
8.3791000e-01   1.0100430e-01
8.2597399e-01   1.0814575e-01
8.1370401e-01   1.1531582e-01
8.0111301e-01   1.2236976e-01
7.8821403e-01   1.3004985e-01
7.7501899e-01   1.3741305e-01
7.6154101e-01   1.4500867e-01
7.4779499e-01   1.5260719e-01
7.3379201e-01   1.5993148e-01
7.1954799e-01   1.6745383e-01
7.0507699e-01   1.7483622e-01
6.9039202e-01   1.8225923e-01
6.7550898e-01   1.8947884e-01
6.6044199e-01   1.9609097e-01
6.4520597e-01   2.0328054e-01
6.2981701e-01   2.0978515e-01
6.1429000e-01   2.1589169e-01
5.9864002e-01   2.2190513e-01
5.8288401e-01   2.2782335e-01
5.6703597e-01   2.3323610e-01
5.5111301e-01   2.3841658e-01
5.3513098e-01   2.4293692e-01
5.1910597e-01   2.4740110e-01
5.0305402e-01   2.5108498e-01
4.8699099e-01   2.5450212e-01
4.7093400e-01   2.5742540e-01
4.5489800e-01   2.6019433e-01
4.3889999e-01   2.6229227e-01
4.2295599e-01   2.6381466e-01
4.0708300e-01   2.6527950e-01
3.9129499e-01   2.6547426e-01
3.7560999e-01   2.6590008e-01
3.6004400e-01   2.6561776e-01
3.4461200e-01   2.6504549e-01
3.2933000e-01   2.6378453e-01
3.1421301e-01   2.6216128e-01
2.9927900e-01   2.5976831e-01
2.8454101e-01   2.5740656e-01
2.7001500e-01   2.5420466e-01
2.5571701e-01   2.5093570e-01
2.4166100e-01   2.4682869e-01
2.2786200e-01   2.4265632e-01
2.1433599e-01   2.3789032e-01
2.0109500e-01   2.3231587e-01
1.8815500e-01   2.2661804e-01
1.7553000e-01   2.2060584e-01
1.6323400e-01   2.1406558e-01
1.5128000e-01   2.0721757e-01
1.3968100e-01   1.9973993e-01
1.2845200e-01   1.9226465e-01
1.1760600e-01   1.8443504e-01
1.0715500e-01   1.7619513e-01
9.7112998e-02   1.6742805e-01
8.7493002e-02   1.5873799e-01
7.8305997e-02   1.4981686e-01
6.9565997e-02   1.4051451e-01
6.1285000e-02   1.3116153e-01
5.3474002e-02   1.2163079e-01
4.6149999e-02   1.1174984e-01
3.9326001e-02   1.0190976e-01
3.3013999e-02   9.1970101e-02
2.7230000e-02   8.2071729e-02
2.1980001e-02   7.2227970e-02
1.7277000e-02   6.2555306e-02
1.3141000e-02   5.2913737e-02
9.5729996e-03   4.3574557e-02
6.5830001e-03   3.4736797e-02
4.1880002e-03   2.6493846e-02
2.3540000e-03   1.9026821e-02
1.0810000e-03   1.2694346e-02
3.7100000e-04   7.7371402e-03
7.6999997e-05   4.0365024e-03
4.9999999e-06   1.7494137e-03
0.0000000e+00   9.7181177e-04
4.9999999e-06   1.4349166e-04
7.6999997e-05   -1.9523398e-03
3.7100000e-04   -5.5425791e-03
1.0810000e-03   -1.0266886e-02
2.3530000e-03   -1.5872730e-02
4.1880002e-03   -2.2158593e-02
6.5850001e-03   -2.8654041e-02
9.5760003e-03   -3.4998499e-02
1.3145000e-02   -4.1064270e-02
1.7281000e-02   -4.6749234e-02
2.1983000e-02   -5.2200131e-02
2.7232001e-02   -5.7370123e-02
3.3016000e-02   -6.2325593e-02
3.9328001e-02   -6.6937581e-02
4.6151999e-02   -7.1617052e-02
5.3475998e-02   -7.5710431e-02
6.1287001e-02   -7.9726435e-02
6.9568001e-02   -8.3632119e-02
7.8308001e-02   -8.7062351e-02
8.7494999e-02   -9.0391137e-02
9.7115003e-02   -9.3869254e-02
1.0715700e-01   -9.6760638e-02
1.1760800e-01   -9.9750534e-02
1.2845400e-01   -1.0225832e-01
1.3968299e-01   -1.0503899e-01
1.5128200e-01   -1.0726976e-01
1.6323499e-01   -1.0960343e-01
1.7553200e-01   -1.1150593e-01
1.8815701e-01   -1.1334621e-01
2.0109700e-01   -1.1502358e-01
2.1433701e-01   -1.1642350e-01
2.2786400e-01   -1.1753761e-01
2.4166299e-01   -1.1843539e-01
2.5571901e-01   -1.1896410e-01
2.7001700e-01   -1.1968637e-01
2.8454199e-01   -1.1975173e-01
2.9927999e-01   -1.2000617e-01
3.1421500e-01   -1.1969860e-01
3.2933101e-01   -1.1900468e-01
3.4461299e-01   -1.1839361e-01
3.6004499e-01   -1.1750747e-01
3.7561101e-01   -1.1634391e-01
3.9129600e-01   -1.1508887e-01
4.0708300e-01   -1.1285650e-01
4.2295700e-01   -1.1114892e-01
4.3890101e-01   -1.0881704e-01
4.5489901e-01   -1.0604255e-01
4.7093499e-01   -1.0336848e-01
4.8699200e-01   -1.0059225e-01
5.0305498e-01   -9.7673059e-02
5.1910698e-01   -9.4136015e-02
5.3513199e-01   -9.0759322e-02
5.5111402e-01   -8.7076306e-02
5.6703597e-01   -8.3170377e-02
5.8288401e-01   -7.9162084e-02
5.9864002e-01   -7.4976034e-02
6.1429000e-01   -7.0797913e-02
6.2981701e-01   -6.6467695e-02
6.4520597e-01   -6.2219143e-02
6.6044199e-01   -5.8298595e-02
6.7550898e-01   -5.3889204e-02
6.9039297e-01   -4.9427848e-02
7.0507699e-01   -4.5412302e-02
7.1954900e-01   -4.1140351e-02
7.3379302e-01   -3.7309032e-02
7.4779499e-01   -3.3237167e-02
7.6154202e-01   -2.9586205e-02
7.7501899e-01   -2.5946531e-02
7.8821403e-01   -2.2568362e-02
8.0111301e-01   -1.9409716e-02
8.1370401e-01   -1.6372083e-02
8.2597297e-01   -1.3641310e-02
8.3791000e-01   -1.1216222e-02
8.4950101e-01   -8.8788988e-03
8.6073500e-01   -6.8668360e-03
8.7160099e-01   -5.0417362e-03
8.8208801e-01   -3.3402534e-03
8.9218402e-01   -1.9764949e-03
9.0188003e-01   -7.4133545e-04
9.1116500e-01   2.8817169e-04
9.2003101e-01   1.1335057e-03
9.2846799e-01   1.7675576e-03
9.3646699e-01   2.2799659e-03
9.4401902e-01   2.3544428e-03
9.5111603e-01   2.5639222e-03
9.5775098e-01   2.4251228e-03
9.6392000e-01   2.1206148e-03
9.6961600e-01   1.7148358e-03
9.7483599e-01   1.2638428e-03
9.7957498e-01   6.1338587e-04
9.8383099e-01   2.5172898e-04
9.8759800e-01   -2.5063346e-04
9.9087399e-01   -7.3080009e-04
9.9365300e-01   -1.2247269e-03
9.9593401e-01   -1.6703730e-03
9.9771100e-01   -1.9384554e-03
9.9898201e-01   -2.1322877e-03
9.9974501e-01   -2.2856211e-03
1.0000000e+00   -2.3116793e-03
