1.0000000e+00   6.1394455e-04
9.9974501e-01   9.4911567e-04
9.9898201e-01   1.0510277e-03
9.9771100e-01   2.1322265e-03
9.9593300e-01   3.1412831e-03
9.9365300e-01   4.0597399e-03
9.9087399e-01   5.6694900e-03
9.8759800e-01   7.4333581e-03
9.8382998e-01   9.3520759e-03
9.7957498e-01   1.1774413e-02
9.7483599e-01   1.4352328e-02
9.6961600e-01   1.7303353e-02
9.6392000e-01   1.9874623e-02
9.5775098e-01   2.3372756e-02
9.5111603e-01   2.7028808e-02
9.4401902e-01   3.0669579e-02
9.3646699e-01   3.4049485e-02
9.2846799e-01   3.8239148e-02
9.2003101e-01   4.2231210e-02
9.1116500e-01   4.6604868e-02
9.0187901e-01   5.1470883e-02
8.9218301e-01   5.5705458e-02
8.8208699e-01   6.0626607e-02
8.7160099e-01   6.5703474e-02
8.6073500e-01   7.0833266e-02
8.4950101e-01   7.6504387e-02
8.3791000e-01   8.1732325e-02
8.2597399e-01   8.7942362e-02
8.1370401e-01   9.3506105e-02
8.0111301e-01   9.9323019e-02
7.8821403e-01   1.0546041e-01
7.7501899e-01   1.1107957e-01
7.6154101e-01   1.1752784e-01
7.4779499e-01   1.2365899e-01
7.3379201e-01   1.2943976e-01
7.1954799e-01   1.3555308e-01
7.0507699e-01   1.4183459e-01
6.9039202e-01   1.4797506e-01
6.7550898e-01   1.5391956e-01
6.6044199e-01   1.5981615e-01
6.4520597e-01   1.6594714e-01
6.2981701e-01   1.7139600e-01
6.1429000e-01   1.7734852e-01
5.9864002e-01   1.8252936e-01
5.8288401e-01   1.8727432e-01
5.6703597e-01   1.9264503e-01
5.5111301e-01   1.9730210e-01
5.3513098e-01   2.0159364e-01
5.1910597e-01   2.0580891e-01
5.0305402e-01   2.0939861e-01
4.8699099e-01   2.1290195e-01
4.7093400e-01   2.1603328e-01
4.5489800e-01   2.1946768e-01
4.3889999e-01   2.2140132e-01
4.2295599e-01   2.2357956e-01
4.0708300e-01   2.2548011e-01
3.9129499e-01   2.2700690e-01
3.7560999e-01   2.2751839e-01
3.6004400e-01   2.2775547e-01
3.4461200e-01   2.2745381e-01
3.2933000e-01   2.2710063e-01
3.1421301e-01   2.2643763e-01
2.9927900e-01   2.2522080e-01
2.8454101e-01   2.2326243e-01
2.7001500e-01   2.2104421e-01
2.5571701e-01   2.1878734e-01
2.4166100e-01   2.1599573e-01
2.2786200e-01   2.1213584e-01
2.1433599e-01   2.0869707e-01
2.0109500e-01   2.0470768e-01
1.8815500e-01   2.0032418e-01
1.7553000e-01   1.9546022e-01
1.6323400e-01   1.9066153e-01
1.5128000e-01   1.8556750e-01
1.3968100e-01   1.7911921e-01
1.2845200e-01   1.7338176e-01
1.1760600e-01   1.6676627e-01
1.0715500e-01   1.5991589e-01
9.7112998e-02   1.5308221e-01
8.7493002e-02   1.4565548e-01
7.8305997e-02   1.3817041e-01
6.9565997e-02   1.2979080e-01
6.1285000e-02   1.2195321e-01
5.3474002e-02   1.1351442e-01
4.6149999e-02   1.0462265e-01
3.9326001e-02   9.5554247e-02
3.3013999e-02   8.6569138e-02
2.7230000e-02   7.7771828e-02
2.1980001e-02   6.8665959e-02
1.7277000e-02   5.9557002e-02
1.3141000e-02   5.0617367e-02
9.5729996e-03   4.1765988e-02
6.5830001e-03   3.3521723e-02
4.1880002e-03   2.5713194e-02
2.3540000e-03   1.8766932e-02
1.0810000e-03   1.2425815e-02
3.7100000e-04   7.4442802e-03
7.6999997e-05   3.9122971e-03
4.9999999e-06   1.5750186e-03
0.0000000e+00   7.4582850e-04
4.9999999e-06   1.3949256e-04
7.6999997e-05   -2.0161432e-03
3.7100000e-04   -5.6331856e-03
1.0810000e-03   -1.0431909e-02
2.3530000e-03   -1.5747748e-02
4.1880002e-03   -2.1240601e-02
6.5850001e-03   -2.7242687e-02
9.5760003e-03   -3.3201177e-02
1.3145000e-02   -3.8808521e-02
1.7281000e-02   -4.4917211e-02
2.1983000e-02   -5.0448962e-02
2.7232001e-02   -5.5946514e-02
3.3016000e-02   -6.0959894e-02
3.9328001e-02   -6.6126801e-02
4.6151999e-02   -7.1276620e-02
5.3475998e-02   -7.5672045e-02
6.1287001e-02   -8.0197245e-02
6.9568001e-02   -8.4415205e-02
7.8308001e-02   -8.8528991e-02
8.7494999e-02   -9.2033818e-02
9.7115003e-02   -9.5973201e-02
1.0715700e-01   -9.9055625e-02
1.1760800e-01   -1.0270432e-01
1.2845400e-01   -1.0585007e-01
1.3968299e-01   -1.0838594e-01
1.5128200e-01   -1.1095915e-01
1.6323499e-01   -1.1330445e-01
1.7553200e-01   -1.1556724e-01
1.8815701e-01   -1.1738877e-01
2.0109700e-01   -1.1947165e-01
2.1433701e-01   -1.2080198e-01
2.2786400e-01   -1.2205137e-01
2.4166299e-01   -1.2332711e-01
2.5571901e-01   -1.2432132e-01
2.7001700e-01   -1.2523873e-01
2.8454199e-01   -1.2556495e-01
2.9927999e-01   -1.2569228e-01
3.1421500e-01   -1.2604791e-01
3.2933101e-01   -1.2558846e-01
3.4461299e-01   -1.2493429e-01
3.6004499e-01   -1.2416346e-01
3.7561101e-01   -1.2296406e-01
3.9129600e-01   -1.2173280e-01
4.0708300e-01   -1.2049795e-01
4.2295700e-01   -1.1888857e-01
4.3890101e-01   -1.1693528e-01
4.5489901e-01   -1.1495791e-01
4.7093499e-01   -1.1240777e-01
4.8699200e-01   -1.0969324e-01
5.0305498e-01   -1.0667443e-01
5.1910698e-01   -1.0404179e-01
5.3513199e-01   -1.0073484e-01
5.5111402e-01   -9.7343229e-02
5.6703597e-01   -9.4494402e-02
5.8288401e-01   -9.0871826e-02
5.9864002e-01   -8.7128147e-02
6.1429000e-01   -8.3263427e-02
6.2981701e-01   -8.0040842e-02
6.4520597e-01   -7.5972661e-02
6.6044199e-01   -7.2214074e-02
6.7550898e-01   -6.8779901e-02
6.9039297e-01   -6.4850263e-02
7.0507699e-01   -6.1592713e-02
7.1954900e-01   -5.7943746e-02
7.3379302e-01   -5.4620091e-02
7.4779499e-01   -5.0698671e-02
7.6154202e-01   -4.7224611e-02
7.7501899e-01   -4.3519080e-02
7.8821403e-01   -4.0750660e-02
8.0111301e-01   -3.7352789e-02
8.1370401e-01   -3.4516014e-02
8.2597297e-01   -3.1959694e-02
8.3791000e-01   -2.9136021e-02
8.4950101e-01   -2.6106896e-02
8.6073500e-01   -2.4015469e-02
8.7160099e-01   -2.1415748e-02
8.8208801e-01   -1.9138092e-02
8.9218402e-01   -1.7330348e-02
9.0188003e-01   -1.5330369e-02
9.1116500e-01   -1.3687886e-02
9.2003101e-01   -1.1722527e-02
9.2846799e-01   -1.0473736e-02
9.3646699e-01   -9.2771081e-03
9.4401902e-01   -7.9984376e-03
9.5111603e-01   -7.0285583e-03
9.5775098e-01   -5.8245561e-03
9.6392000e-01   -5.1528993e-03
9.6961600e-01   -4.4074161e-03
9.7483599e-01   -3.7114180e-03
9.7957498e-01   -3.2370684e-03
9.8383099e-01   -2.5817829e-03
9.8759800e-01   -2.3434279e-03
9.9087399e-01   -2.0350050e-03
9.9365300e-01   -1.8128896e-03
9.9593401e-01   -1.4747466e-03
9.9771100e-01   -1.6070417e-03
9.9898201e-01   -1.3024509e-03
9.9974501e-01   -1.2979112e-03
1.0000000e+00   -1.1914744e-03
