1.0000000e+00   7.1424630e-04
9.9974501e-01   6.0180359e-04
9.9898201e-01   1.3093876e-03
9.9771100e-01   1.1269125e-03
9.9593300e-01   9.2362397e-04
9.9365300e-01   2.1989911e-03
9.9087399e-01   2.3752155e-03
9.8759800e-01   2.9639290e-03
9.8382998e-01   3.9824648e-03
9.7957498e-01   4.4870195e-03
9.7483599e-01   5.6196149e-03
9.6961600e-01   6.3905888e-03
9.6392000e-01   8.2416208e-03
9.5775098e-01   9.1402130e-03
9.5111603e-01   1.0567491e-02
9.4401902e-01   1.2781155e-02
9.3646699e-01   1.5378907e-02
9.2846799e-01   1.6748875e-02
9.2003101e-01   1.9058093e-02
9.1116500e-01   2.0605914e-02
9.0187901e-01   2.3193887e-02
8.9218301e-01   2.6383299e-02
8.8208699e-01   2.9090274e-02
8.7160099e-01   3.1982679e-02
8.6073500e-01   3.5204336e-02
8.4950101e-01   3.8870037e-02
8.3791000e-01   4.2506907e-02
8.2597399e-01   4.6456851e-02
8.1370401e-01   4.9216185e-02
8.0111301e-01   5.4178320e-02
7.8821403e-01   5.8441438e-02
7.7501899e-01   6.3181974e-02
7.6154101e-01   6.7251399e-02
7.4779499e-01   7.2315313e-02
7.3379201e-01   7.7044614e-02
7.1954799e-01   8.1334189e-02
7.0507699e-01   8.5700810e-02
6.9039202e-01   9.1350883e-02
6.7550898e-01   9.6266657e-02
6.6044199e-01   1.0110793e-01
6.4520597e-01   1.0624086e-01
6.2981701e-01   1.1177783e-01
6.1429000e-01   1.1593771e-01
5.9864002e-01   1.2165082e-01
5.8288401e-01   1.2760070e-01
5.6703597e-01   1.3255122e-01
5.5111301e-01   1.3767852e-01
5.3513098e-01   1.4167553e-01
5.1910597e-01   1.4653006e-01
5.0305402e-01   1.5095896e-01
4.8699099e-01   1.5489379e-01
4.7093400e-01   1.6091557e-01
4.5489800e-01   1.6331543e-01
4.3889999e-01   1.6774590e-01
4.2295599e-01   1.6975914e-01
4.0708300e-01   1.7381808e-01
3.9129499e-01   1.7596824e-01
3.7560999e-01   1.7847709e-01
3.6004400e-01   1.8059863e-01
3.4461200e-01   1.8201022e-01
3.2933000e-01   1.8353590e-01
3.1421301e-01   1.8425822e-01
2.9927900e-01   1.8513301e-01
2.8454101e-01   1.8611816e-01
2.7001500e-01   1.8529582e-01
2.5571701e-01   1.8409573e-01
2.4166100e-01   1.8317886e-01
2.2786200e-01   1.8171971e-01
2.1433599e-01   1.8085431e-01
2.0109500e-01   1.7804582e-01
1.8815500e-01   1.7575368e-01
1.7553000e-01   1.7306757e-01
1.6323400e-01   1.6909701e-01
1.5128000e-01   1.6491480e-01
1.3968100e-01   1.6081221e-01
1.2845200e-01   1.5633224e-01
1.1760600e-01   1.5127398e-01
1.0715500e-01   1.4603093e-01
9.7112998e-02   1.3948040e-01
8.7493002e-02   1.3380136e-01
7.8305997e-02   1.2664106e-01
6.9565997e-02   1.1994264e-01
6.1285000e-02   1.1218107e-01
5.3474002e-02   1.0442431e-01
4.6149999e-02   9.6674241e-02
3.9326001e-02   8.8846654e-02
3.3013999e-02   8.0785558e-02
2.7230000e-02   7.1934879e-02
2.1980001e-02   6.3416362e-02
1.7277000e-02   5.5369072e-02
1.3141000e-02   4.7229942e-02
9.5729996e-03   3.9256543e-02
6.5830001e-03   3.1171676e-02
4.1880002e-03   2.3952560e-02
2.3540000e-03   1.6775446e-02
1.0810000e-03   1.1245356e-02
3.7100000e-04   6.3297446e-03
7.6999997e-05   2.4366097e-03
4.9999999e-06   6.4166985e-04
0.0000000e+00   -3.4244370e-04
4.9999999e-06   -1.1161306e-03
7.6999997e-05   -3.3565599e-03
3.7100000e-04   -6.9679730e-03
1.0810000e-03   -1.1326784e-02
2.3530000e-03   -1.6526693e-02
4.1880002e-03   -2.2645060e-02
6.5850001e-03   -2.8349126e-02
9.5760003e-03   -3.3417266e-02
1.3145000e-02   -3.8936615e-02
1.7281000e-02   -4.3696530e-02
2.1983000e-02   -4.8877869e-02
2.7232001e-02   -5.3764276e-02
3.3016000e-02   -5.7559885e-02
3.9328001e-02   -6.2557720e-02
4.6151999e-02   -6.6073880e-02
5.3475998e-02   -7.0022345e-02
6.1287001e-02   -7.3951751e-02
6.9568001e-02   -7.6577336e-02
7.8308001e-02   -8.0514297e-02
8.7494999e-02   -8.3727859e-02
9.7115003e-02   -8.5469797e-02
1.0715700e-01   -8.7824859e-02
1.1760800e-01   -9.0185776e-02
1.2845400e-01   -9.2250697e-02
1.3968299e-01   -9.3993030e-02
1.5128200e-01   -9.5889881e-02
1.6323499e-01   -9.7490534e-02
1.7553200e-01   -9.8412737e-02
1.8815701e-01   -9.9971101e-02
2.0109700e-01   -1.0147773e-01
2.1433701e-01   -1.0205270e-01
2.2786400e-01   -1.0276220e-01
2.4166299e-01   -1.0362735e-01
2.5571901e-01   -1.0331655e-01
2.7001700e-01   -1.0406022e-01
2.8454199e-01   -1.0388181e-01
2.9927999e-01   -1.0413224e-01
3.1421500e-01   -1.0398926e-01
3.2933101e-01   -1.0363462e-01
3.4461299e-01   -1.0323550e-01
3.6004499e-01   -1.0310118e-01
3.7561101e-01   -1.0270225e-01
3.9129600e-01   -1.0165736e-01
4.0708300e-01   -1.0084729e-01
4.2295700e-01   -9.9579774e-02
4.3890101e-01   -9.7743437e-02
4.5489901e-01   -9.6515790e-02
4.7093499e-01   -9.4892204e-02
4.8699200e-01   -9.3558788e-02
5.0305498e-01   -9.1255844e-02
5.1910698e-01   -8.9054316e-02
5.3513199e-01   -8.6348586e-02
5.5111402e-01   -8.4988289e-02
5.6703597e-01   -8.2914181e-02
5.8288401e-01   -8.0094509e-02
5.9864002e-01   -7.7851065e-02
6.1429000e-01   -7.6381311e-02
6.2981701e-01   -7.2205417e-02
6.4520597e-01   -7.0920020e-02
6.6044199e-01   -6.7852311e-02
6.7550898e-01   -6.4762279e-02
6.9039297e-01   -6.1751410e-02
7.0507699e-01   -5.8399811e-02
7.1954900e-01   -5.6851681e-02
7.3379302e-01   -5.3890258e-02
7.4779499e-01   -5.0392829e-02
7.6154202e-01   -4.8115071e-02
7.7501899e-01   -4.5330919e-02
7.8821403e-01   -4.2441931e-02
8.0111301e-01   -4.0339496e-02
8.1370401e-01   -3.6866266e-02
8.2597297e-01   -3.5016775e-02
8.3791000e-01   -3.1931296e-02
8.4950101e-01   -3.0122891e-02
8.6073500e-01   -2.7863396e-02
8.7160099e-01   -2.4738275e-02
8.8208801e-01   -2.3581650e-02
8.9218402e-01   -2.1506492e-02
9.0188003e-01   -1.9320803e-02
9.1116500e-01   -1.7119005e-02
9.2003101e-01   -1.5576195e-02
9.2846799e-01   -1.4110510e-02
9.3646699e-01   -1.2640350e-02
9.4401902e-01   -1.1093643e-02
9.5111603e-01   -9.3003716e-03
9.5775098e-01   -7.9058781e-03
9.6392000e-01   -7.3131830e-03
9.6961600e-01   -6.3941665e-03
9.7483599e-01   -5.6209774e-03
9.7957498e-01   -4.4090026e-03
9.8383099e-01   -3.8400691e-03
9.8759800e-01   -2.6398811e-03
9.9087399e-01   -1.9211458e-03
9.9365300e-01   -1.2736532e-03
9.9593401e-01   -1.0806222e-03
9.9771100e-01   -6.7540654e-04
9.9898201e-01   -4.8900786e-04
9.9974501e-01   -3.7852442e-05
1.0000000e+00   -7.6169381e-05
