1.0000000e+00   3.4689680e-03
9.9974501e-01   3.5564257e-03
9.9898201e-01   3.8073028e-03
9.9771100e-01   4.1588875e-03
9.9593300e-01   4.5518996e-03
9.9365300e-01   5.0766822e-03
9.9087399e-01   5.8182557e-03
9.8759800e-01   6.7206412e-03
9.8382998e-01   7.7707120e-03
9.7957498e-01   8.9943409e-03
9.7483599e-01   1.0387667e-02
9.6961600e-01   1.1958512e-02
9.6392000e-01   1.3750392e-02
9.5775098e-01   1.5788579e-02
9.5111603e-01   1.8071920e-02
9.4401902e-01   2.0587722e-02
9.3646699e-01   2.3338800e-02
9.2846799e-01   2.6335482e-02
9.2003101e-01   2.9585550e-02
9.1116500e-01   3.3090729e-02
9.0187901e-01   3.6872249e-02
8.9218301e-01   4.0935576e-02
8.8208699e-01   4.5265671e-02
8.7160099e-01   4.9848441e-02
8.6073500e-01   5.4667365e-02
8.4950101e-01   5.9712958e-02
8.3791000e-01   6.5000281e-02
8.2597399e-01   7.0516564e-02
8.1370401e-01   7.6238379e-02
8.0111301e-01   8.2162179e-02
7.8821403e-01   8.8264696e-02
7.7501899e-01   9.4530277e-02
7.6154101e-01   1.0092948e-01
7.4779499e-01   1.0742907e-01
7.3379201e-01   1.1401855e-01
7.1954799e-01   1.2068225e-01
7.0507699e-01   1.2740324e-01
6.9039202e-01   1.3421112e-01
6.7550898e-01   1.4104462e-01
6.6044199e-01   1.4786381e-01
6.4520597e-01   1.5464200e-01
6.2981701e-01   1.6133948e-01
6.1429000e-01   1.6790450e-01
5.9864002e-01   1.7432661e-01
5.8288401e-01   1.8058051e-01
5.6703597e-01   1.8662564e-01
5.5111301e-01   1.9242969e-01
5.3513098e-01   1.9796064e-01
5.1910597e-01   2.0318010e-01
5.0305402e-01   2.0804225e-01
4.8699099e-01   2.1253917e-01
4.7093400e-01   2.1666171e-01
4.5489800e-01   2.2042628e-01
4.3889999e-01   2.2381456e-01
4.2295599e-01   2.2682162e-01
4.0708300e-01   2.2943680e-01
3.9129499e-01   2.3165320e-01
3.7560999e-01   2.3344958e-01
3.6004400e-01   2.3482932e-01
3.4461200e-01   2.3579122e-01
3.2933000e-01   2.3634197e-01
3.1421301e-01   2.3646204e-01
2.9927900e-01   2.3617376e-01
2.8454101e-01   2.3552224e-01
2.7001500e-01   2.3448555e-01
2.5571701e-01   2.3302801e-01
2.4166100e-01   2.3116152e-01
2.2786200e-01   2.2889341e-01
2.1433599e-01   2.2617856e-01
2.0109500e-01   2.2304071e-01
1.8815500e-01   2.1948405e-01
1.7553000e-01   2.1547079e-01
1.6323400e-01   2.1097079e-01
1.5128000e-01   2.0595479e-01
1.3968100e-01   2.0045091e-01
1.2845200e-01   1.9448985e-01
1.1760600e-01   1.8806203e-01
1.0715500e-01   1.8116482e-01
9.7112998e-02   1.7382526e-01
8.7493002e-02   1.6603565e-01
7.8305997e-02   1.5777878e-01
6.9565997e-02   1.4904936e-01
6.1285000e-02   1.3984473e-01
5.3474002e-02   1.3018128e-01
4.6149999e-02   1.2014113e-01
3.9326001e-02   1.0988826e-01
3.3013999e-02   9.9589966e-02
2.7230000e-02   8.9436501e-02
2.1980001e-02   7.9467952e-02
1.7277000e-02   6.9386758e-02
1.3141000e-02   5.9229236e-02
9.5729996e-03   4.9194209e-02
6.5830001e-03   3.9438933e-02
4.1880002e-03   3.0148679e-02
2.3540000e-03   2.1521328e-02
1.0810000e-03   1.3873750e-02
3.7100000e-04   7.5531364e-03
7.6999997e-05   2.8585941e-03
4.9999999e-06   -1.7081271e-05
0.0000000e+00   -9.8206697e-04
4.9999999e-06   -1.9367448e-03
7.6999997e-05   -4.7690896e-03
3.7100000e-04   -9.2552397e-03
1.0810000e-03   -1.4955360e-02
2.3530000e-03   -2.1306969e-02
4.1880002e-03   -2.7811481e-02
6.5850001e-03   -3.4265734e-02
9.5760003e-03   -4.0907349e-02
1.3145000e-02   -4.7949582e-02
1.7281000e-02   -5.4642074e-02
2.1983000e-02   -6.0751971e-02
2.7232001e-02   -6.6310592e-02
3.3016000e-02   -7.1420975e-02
3.9328001e-02   -7.6236762e-02
4.6151999e-02   -8.0841184e-02
5.3475998e-02   -8.5263602e-02
6.1287001e-02   -8.9520954e-02
6.9568001e-02   -9.3608998e-02
7.8308001e-02   -9.7524874e-02
8.7494999e-02   -1.0123600e-01
9.7115003e-02   -1.0469562e-01
1.0715700e-01   -1.0788037e-01
1.1760800e-01   -1.1079124e-01
1.2845400e-01   -1.1342618e-01
1.3968299e-01   -1.1581130e-01
1.5128200e-01   -1.1795871e-01
1.6323499e-01   -1.1988019e-01
1.7553200e-01   -1.2157483e-01
1.8815701e-01   -1.2303755e-01
2.0109700e-01   -1.2426247e-01
2.1433701e-01   -1.2526843e-01
2.2786400e-01   -1.2603274e-01
2.4166299e-01   -1.2657671e-01
2.5571901e-01   -1.2692365e-01
2.7001700e-01   -1.2709375e-01
2.8454199e-01   -1.2709486e-01
2.9927999e-01   -1.2693101e-01
3.1421500e-01   -1.2660486e-01
3.2933101e-01   -1.2611231e-01
3.4461299e-01   -1.2545383e-01
3.6004499e-01   -1.2462004e-01
3.7561101e-01   -1.2360453e-01
3.9129600e-01   -1.2240425e-01
4.0708300e-01   -1.2102132e-01
4.2295700e-01   -1.1946027e-01
4.3890101e-01   -1.1774004e-01
4.5489901e-01   -1.1587559e-01
4.7093499e-01   -1.1386350e-01
4.8699200e-01   -1.1171619e-01
5.0305498e-01   -1.0944736e-01
5.1910698e-01   -1.0706083e-01
5.3513199e-01   -1.0456948e-01
5.5111402e-01   -1.0197096e-01
5.6703597e-01   -9.9270962e-02
5.8288401e-01   -9.6489355e-02
5.9864002e-01   -9.3659639e-02
6.1429000e-01   -9.0786137e-02
6.2981701e-01   -8.7872498e-02
6.4520597e-01   -8.4928162e-02
6.6044199e-01   -8.1960663e-02
6.7550898e-01   -7.8962244e-02
6.9039297e-01   -7.5932525e-02
7.0507699e-01   -7.2853900e-02
7.1954900e-01   -6.9746964e-02
7.3379302e-01   -6.6635609e-02
7.4779499e-01   -6.3572027e-02
7.6154202e-01   -6.0528167e-02
7.7501899e-01   -5.7526652e-02
7.8821403e-01   -5.4557230e-02
8.0111301e-01   -5.1623341e-02
8.1370401e-01   -4.8730940e-02
8.2597297e-01   -4.5866542e-02
8.3791000e-01   -4.3049581e-02
8.4950101e-01   -4.0291518e-02
8.6073500e-01   -3.7590448e-02
8.7160099e-01   -3.4953244e-02
8.8208801e-01   -3.2389622e-02
8.9218402e-01   -2.9909242e-02
9.0188003e-01   -2.7509131e-02
9.1116500e-01   -2.5197648e-02
9.2003101e-01   -2.2962064e-02
9.2846799e-01   -2.0794159e-02
9.3646699e-01   -1.8692790e-02
9.4401902e-01   -1.6669344e-02
9.5111603e-01   -1.4726761e-02
9.5775098e-01   -1.2845442e-02
9.6392000e-01   -1.1008669e-02
9.6961600e-01   -9.2034480e-03
9.7483599e-01   -7.4312110e-03
9.7957498e-01   -5.7532168e-03
9.8383099e-01   -4.2243563e-03
9.8759800e-01   -2.8314237e-03
9.9087399e-01   -1.5878925e-03
9.9365300e-01   -5.5496854e-04
9.9593401e-01   2.1232571e-04
9.9771100e-01   7.8035035e-04
9.9898201e-01   1.2200972e-03
9.9974501e-01   1.5036899e-03
1.0000000e+00   1.5982934e-03
