1.0000000e+00   -1.1985940e-05
9.9974501e-01   1.3524134e-04
9.9898201e-01   6.4135849e-04
9.9771100e-01   1.5018688e-03
9.9593300e-01   2.3015677e-03
9.9365300e-01   3.4196761e-03
9.9087399e-01   4.7984943e-03
9.8759800e-01   6.2990552e-03
9.8382998e-01   7.8941183e-03
9.7957498e-01   9.7607505e-03
9.7483599e-01   1.2006829e-02
9.6961600e-01   1.4213587e-02
9.6392000e-01   1.6754575e-02
9.5775098e-01   1.9473726e-02
9.5111603e-01   2.2328377e-02
9.4401902e-01   2.5514614e-02
9.3646699e-01   2.8815059e-02
9.2846799e-01   3.2367058e-02
9.2003101e-01   3.6066361e-02
9.1116500e-01   3.9852623e-02
9.0187901e-01   4.4055440e-02
8.9218301e-01   4.8224747e-02
8.8208699e-01   5.2633330e-02
8.7160099e-01   5.7330936e-02
8.6073500e-01   6.2182844e-02
8.4950101e-01   6.7050278e-02
8.3791000e-01   7.2173148e-02
8.2597399e-01   7.7442579e-02
8.1370401e-01   8.2855068e-02
8.0111301e-01   8.8214308e-02
7.8821403e-01   9.3638092e-02
7.7501899e-01   9.9079080e-02
7.6154101e-01   1.0447151e-01
7.4779499e-01   1.0998385e-01
7.3379201e-01   1.1542303e-01
7.1954799e-01   1.2090901e-01
7.0507699e-01   1.2636596e-01
6.9039202e-01   1.3179947e-01
6.7550898e-01   1.3756545e-01
6.6044199e-01   1.4301698e-01
6.4520597e-01   1.4835252e-01
6.2981701e-01   1.5347153e-01
6.1429000e-01   1.5861005e-01
5.9864002e-01   1.6334176e-01
5.8288401e-01   1.6808212e-01
5.6703597e-01   1.7218933e-01
5.5111301e-01   1.7641471e-01
5.3513098e-01   1.8026394e-01
5.1910597e-01   1.8415491e-01
5.0305402e-01   1.8748878e-01
4.8699099e-01   1.9080937e-01
4.7093400e-01   1.9368213e-01
4.5489800e-01   1.9619162e-01
4.3889999e-01   1.9863424e-01
4.2295599e-01   2.0064631e-01
4.0708300e-01   2.0239004e-01
3.9129499e-01   2.0355693e-01
3.7560999e-01   2.0455176e-01
3.6004400e-01   2.0517546e-01
3.4461200e-01   2.0590365e-01
3.2933000e-01   2.0608398e-01
3.1421301e-01   2.0571418e-01
2.9927900e-01   2.0514067e-01
2.8454101e-01   2.0437601e-01
2.7001500e-01   2.0315626e-01
2.5571701e-01   2.0163675e-01
2.4166100e-01   1.9960824e-01
2.2786200e-01   1.9745158e-01
2.1433599e-01   1.9486663e-01
2.0109500e-01   1.9186805e-01
1.8815500e-01   1.8851292e-01
1.7553000e-01   1.8458475e-01
1.6323400e-01   1.8062307e-01
1.5128000e-01   1.7609014e-01
1.3968100e-01   1.7131293e-01
1.2845200e-01   1.6625483e-01
1.1760600e-01   1.6074049e-01
1.0715500e-01   1.5468615e-01
9.7112998e-02   1.4856812e-01
8.7493002e-02   1.4202410e-01
7.8305997e-02   1.3508916e-01
6.9565997e-02   1.2796114e-01
6.1285000e-02   1.2058087e-01
5.3474002e-02   1.1267897e-01
4.6149999e-02   1.0471933e-01
3.9326001e-02   9.6529588e-02
3.3013999e-02   8.8253289e-02
2.7230000e-02   7.9998821e-02
2.1980001e-02   7.1593389e-02
1.7277000e-02   6.3218504e-02
1.3141000e-02   5.4581679e-02
9.5729996e-03   4.6090797e-02
6.5830001e-03   3.7766643e-02
4.1880002e-03   2.9653220e-02
2.3540000e-03   2.1740969e-02
1.0810000e-03   1.4596584e-02
3.7100000e-04   8.4005529e-03
7.6999997e-05   3.8278094e-03
4.9999999e-06   9.6378248e-04
0.0000000e+00   2.3746688e-06
4.9999999e-06   -9.3353709e-04
7.6999997e-05   -3.7722697e-03
3.7100000e-04   -8.0594495e-03
1.0810000e-03   -1.3471481e-02
2.3530000e-03   -1.9198762e-02
4.1880002e-03   -2.4841672e-02
6.5850001e-03   -2.9765660e-02
9.5760003e-03   -3.4319971e-02
1.3145000e-02   -3.8594741e-02
1.7281000e-02   -4.2613819e-02
2.1983000e-02   -4.6309397e-02
2.7232001e-02   -4.9827605e-02
3.3016000e-02   -5.3112980e-02
3.9328001e-02   -5.6137886e-02
4.6151999e-02   -5.8873057e-02
5.3475998e-02   -6.1437123e-02
6.1287001e-02   -6.3856348e-02
6.9568001e-02   -6.6042006e-02
7.8308001e-02   -6.8104781e-02
8.7494999e-02   -6.9977239e-02
9.7115003e-02   -7.1706101e-02
1.0715700e-01   -7.3376179e-02
1.1760800e-01   -7.4870810e-02
1.2845400e-01   -7.6433204e-02
1.3968299e-01   -7.7764660e-02
1.5128200e-01   -7.8736521e-02
1.6323499e-01   -7.9611868e-02
1.7553200e-01   -8.0526359e-02
1.8815701e-01   -8.1389666e-02
2.0109700e-01   -8.2088284e-02
2.1433701e-01   -8.2539208e-02
2.2786400e-01   -8.3373457e-02
2.4166299e-01   -8.3816521e-02
2.5571901e-01   -8.4079690e-02
2.7001700e-01   -8.4493034e-02
2.8454199e-01   -8.4408350e-02
2.9927999e-01   -8.4450558e-02
3.1421500e-01   -8.4401488e-02
3.2933101e-01   -8.4312245e-02
3.4461299e-01   -8.4089577e-02
3.6004499e-01   -8.3715081e-02
3.7561101e-01   -8.3139174e-02
3.9129600e-01   -8.2458451e-02
4.0708300e-01   -8.1880473e-02
4.2295700e-01   -8.1106365e-02
4.3890101e-01   -8.0430627e-02
4.5489901e-01   -7.9459079e-02
4.7093499e-01   -7.8562759e-02
4.8699200e-01   -7.7277735e-02
5.0305498e-01   -7.5866953e-02
5.1910698e-01   -7.4165307e-02
5.3513199e-01   -7.2721556e-02
5.5111402e-01   -7.0933193e-02
5.6703597e-01   -6.8993412e-02
5.8288401e-01   -6.6623084e-02
5.9864002e-01   -6.4490214e-02
6.1429000e-01   -6.2186606e-02
6.2981701e-01   -6.0048573e-02
6.4520597e-01   -5.7531916e-02
6.6044199e-01   -5.5442553e-02
6.7550898e-01   -5.2957855e-02
6.9039297e-01   -5.0556999e-02
7.0507699e-01   -4.8098728e-02
7.1954900e-01   -4.5678187e-02
7.3379302e-01   -4.3224458e-02
7.4779499e-01   -4.0642049e-02
7.6154202e-01   -3.8366012e-02
7.7501899e-01   -3.6155742e-02
7.8821403e-01   -3.4117743e-02
8.0111301e-01   -3.1923242e-02
8.1370401e-01   -2.9843224e-02
8.2597297e-01   -2.7958741e-02
8.3791000e-01   -2.6058856e-02
8.4950101e-01   -2.4396786e-02
8.6073500e-01   -2.2615543e-02
8.7160099e-01   -2.0991327e-02
8.8208801e-01   -1.9385623e-02
8.9218402e-01   -1.7597325e-02
9.0188003e-01   -1.6227176e-02
9.1116500e-01   -1.4801755e-02
9.2003101e-01   -1.3452164e-02
9.2846799e-01   -1.2154805e-02
9.3646699e-01   -1.0879016e-02
9.4401902e-01   -9.6942941e-03
9.5111603e-01   -8.6927079e-03
9.5775098e-01   -7.6429644e-03
9.6392000e-01   -6.6124694e-03
9.6961600e-01   -5.7810815e-03
9.7483599e-01   -4.9322918e-03
9.7957498e-01   -4.1082916e-03
9.8383099e-01   -3.4989358e-03
9.8759800e-01   -2.8072104e-03
9.9087399e-01   -2.2261078e-03
9.9365300e-01   -1.6275649e-03
9.9593401e-01   -1.2101188e-03
9.9771100e-01   -7.5047917e-04
9.9898201e-01   -3.6972150e-04
9.9974501e-01   -1.4280442e-04
1.0000000e+00   3.2171502e-06
