1.0000000e+00   8.3946233e-04
9.9974501e-01   1.0132220e-03
9.9898201e-01   1.5280423e-03
9.9771100e-01   2.1729320e-03
9.9593300e-01   3.1605286e-03
9.9365300e-01   4.1947425e-03
9.9087399e-01   5.3270976e-03
9.8759800e-01   6.9970093e-03
9.8382998e-01   8.8183070e-03
9.7957498e-01   1.0927499e-02
9.7483599e-01   1.3442620e-02
9.6961600e-01   1.6146401e-02
9.6392000e-01   1.9147115e-02
9.5775098e-01   2.2110716e-02
9.5111603e-01   2.5348943e-02
9.4401902e-01   2.9018546e-02
9.3646699e-01   3.2550666e-02
9.2846799e-01   3.6475979e-02
9.2003101e-01   4.0816721e-02
9.1116500e-01   4.5261875e-02
9.0187901e-01   5.0188173e-02
8.9218301e-01   5.4978676e-02
8.8208699e-01   6.0279708e-02
8.7160099e-01   6.5849677e-02
8.6073500e-01   7.1760714e-02
8.4950101e-01   7.7790923e-02
8.3791000e-01   8.4082410e-02
8.2597399e-01   9.0945013e-02
8.1370401e-01   9.8102458e-02
8.0111301e-01   1.0513348e-01
7.8821403e-01   1.1287166e-01
7.7501899e-01   1.2049498e-01
7.6154101e-01   1.2856637e-01
7.4779499e-01   1.3695189e-01
7.3379201e-01   1.4530188e-01
7.1954799e-01   1.5388006e-01
7.0507699e-01   1.6283517e-01
6.9039202e-01   1.7172232e-01
6.7550898e-01   1.8061863e-01
6.6044199e-01   1.8961385e-01
6.4520597e-01   1.9920142e-01
6.2981701e-01   2.0838192e-01
6.1429000e-01   2.1776234e-01
5.9864002e-01   2.2707872e-01
5.8288401e-01   2.3629619e-01
5.6703597e-01   2.4527267e-01
5.5111301e-01   2.5447842e-01
5.3513098e-01   2.6299098e-01
5.1910597e-01   2.7170897e-01
5.0305402e-01   2.8000855e-01
4.8699099e-01   2.8790772e-01
4.7093400e-01   2.9538292e-01
4.5489800e-01   3.0277082e-01
4.3889999e-01   3.0888304e-01
4.2295599e-01   3.1471950e-01
4.0708300e-01   3.2027957e-01
3.9129499e-01   3.2471496e-01
3.7560999e-01   3.2894352e-01
3.6004400e-01   3.3223125e-01
3.4461200e-01   3.3442274e-01
3.2933000e-01   3.3614540e-01
3.1421301e-01   3.3680317e-01
2.9927900e-01   3.3661532e-01
2.8454101e-01   3.3544955e-01
2.7001500e-01   3.3345500e-01
2.5571701e-01   3.3064884e-01
2.4166100e-01   3.2645091e-01
2.2786200e-01   3.2191679e-01
2.1433599e-01   3.1661168e-01
2.0109500e-01   3.1024233e-01
1.8815500e-01   3.0280900e-01
1.7553000e-01   2.9465678e-01
1.6323400e-01   2.8555572e-01
1.5128000e-01   2.7589682e-01
1.3968100e-01   2.6490656e-01
1.2845200e-01   2.5405520e-01
1.1760600e-01   2.4204718e-01
1.0715500e-01   2.2987327e-01
9.7112998e-02   2.1694541e-01
8.7493002e-02   2.0366427e-01
7.8305997e-02   1.9041564e-01
6.9565997e-02   1.7667267e-01
6.1285000e-02   1.6311686e-01
5.3474002e-02   1.4937474e-01
4.6149999e-02   1.3562912e-01
3.9326001e-02   1.2202214e-01
3.3013999e-02   1.0874810e-01
2.7230000e-02   9.5556147e-02
2.1980001e-02   8.2593299e-02
1.7277000e-02   7.0120074e-02
1.3141000e-02   5.8053747e-02
9.5729996e-03   4.6783838e-02
6.5830001e-03   3.6317654e-02
4.1880002e-03   2.6976772e-02
2.3540000e-03   1.8811818e-02
1.0810000e-03   1.2139651e-02
3.7100000e-04   6.9086985e-03
7.6999997e-05   3.1330732e-03
4.9999999e-06   7.1077130e-04
0.0000000e+00   5.6417193e-06
4.9999999e-06   -7.6493138e-04
7.6999997e-05   -2.9195393e-03
3.7100000e-04   -6.5569403e-03
1.0810000e-03   -1.1548199e-02
2.3530000e-03   -1.7605020e-02
4.1880002e-03   -2.4478871e-02
6.5850001e-03   -3.1605992e-02
9.5760003e-03   -3.8262416e-02
1.3145000e-02   -4.3731257e-02
1.7281000e-02   -4.7797173e-02
2.1983000e-02   -5.0589979e-02
2.7232001e-02   -5.2633937e-02
3.3016000e-02   -5.3951032e-02
3.9328001e-02   -5.4599110e-02
4.6151999e-02   -5.4868840e-02
5.3475998e-02   -5.4186102e-02
6.1287001e-02   -5.2938689e-02
6.9568001e-02   -5.1697586e-02
7.8308001e-02   -4.9989019e-02
8.7494999e-02   -4.7771588e-02
9.7115003e-02   -4.5768846e-02
1.0715700e-01   -4.3727830e-02
1.1760800e-01   -4.1584026e-02
1.2845400e-01   -3.9159615e-02
1.3968299e-01   -3.6930267e-02
1.5128200e-01   -3.4617398e-02
1.6323499e-01   -3.2701146e-02
1.7553200e-01   -3.0190686e-02
1.8815701e-01   -2.7899545e-02
2.0109700e-01   -2.5808228e-02
2.1433701e-01   -2.3748960e-02
2.2786400e-01   -2.1467401e-02
2.4166299e-01   -1.9318473e-02
2.5571901e-01   -1.7548854e-02
2.7001700e-01   -1.5955077e-02
2.8454199e-01   -1.4406020e-02
2.9927999e-01   -1.3256764e-02
3.1421500e-01   -1.1717848e-02
3.2933101e-01   -1.0533756e-02
3.4461299e-01   -9.5959716e-03
3.6004499e-01   -8.9817243e-03
3.7561101e-01   -8.0760000e-03
3.9129600e-01   -7.8954995e-03
4.0708300e-01   -7.3200348e-03
4.2295700e-01   -7.3845237e-03
4.3890101e-01   -7.0533925e-03
4.5489901e-01   -6.9772364e-03
4.7093499e-01   -7.3047918e-03
4.8699200e-01   -7.6000644e-03
5.0305498e-01   -8.0555426e-03
5.1910698e-01   -8.3129946e-03
5.3513199e-01   -8.8518746e-03
5.5111402e-01   -9.5795998e-03
5.6703597e-01   -9.9977124e-03
5.8288401e-01   -1.0652314e-02
5.9864002e-01   -1.1152699e-02
6.1429000e-01   -1.1897423e-02
6.2981701e-01   -1.2392751e-02
6.4520597e-01   -1.3182707e-02
6.6044199e-01   -1.3996064e-02
6.7550898e-01   -1.4558918e-02
6.9039297e-01   -1.5147962e-02
7.0507699e-01   -1.5666727e-02
7.1954900e-01   -1.5906369e-02
7.3379302e-01   -1.6521698e-02
7.4779499e-01   -1.6295915e-02
7.6154202e-01   -1.6320419e-02
7.7501899e-01   -1.6057869e-02
7.8821403e-01   -1.6221067e-02
8.0111301e-01   -1.5910672e-02
8.1370401e-01   -1.5451427e-02
8.2597297e-01   -1.4983768e-02
8.3791000e-01   -1.4491308e-02
8.4950101e-01   -1.3891731e-02
8.6073500e-01   -1.3209391e-02
8.7160099e-01   -1.2248890e-02
8.8208801e-01   -1.1721605e-02
8.9218402e-01   -1.0747825e-02
9.0188003e-01   -1.0198852e-02
9.1116500e-01   -9.5363725e-03
9.2003101e-01   -8.6652804e-03
9.2846799e-01   -8.0253156e-03
9.3646699e-01   -7.3230597e-03
9.4401902e-01   -6.6486211e-03
9.5111603e-01   -5.9114080e-03
9.5775098e-01   -5.3970437e-03
9.6392000e-01   -4.7760503e-03
9.6961600e-01   -4.3631378e-03
9.7483599e-01   -3.7787815e-03
9.7957498e-01   -3.5643980e-03
9.8383099e-01   -3.3009162e-03
9.8759800e-01   -3.0044045e-03
9.9087399e-01   -2.6649765e-03
9.9365300e-01   -2.5153414e-03
9.9593401e-01   -2.3331125e-03
9.9771100e-01   -2.1915659e-03
9.9898201e-01   -1.8665470e-03
9.9974501e-01   -1.7048162e-03
1.0000000e+00   -1.6245807e-03
