1.0000000e+00   -1.8518349e-05
9.9974501e-01   3.4246000e-04
9.9898201e-01   1.2594248e-03
9.9771100e-01   2.6775768e-03
9.9593300e-01   4.5154355e-03
9.9365300e-01   6.9604213e-03
9.9087399e-01   9.9635534e-03
9.8759800e-01   1.3551762e-02
9.8382998e-01   1.7653413e-02
9.7957498e-01   2.2189278e-02
9.7483599e-01   2.7265688e-02
9.6961600e-01   3.2550115e-02
9.6392000e-01   3.8292840e-02
9.5775098e-01   4.4222467e-02
9.5111603e-01   5.0650656e-02
9.4401902e-01   5.7348337e-02
9.3646699e-01   6.4559102e-02
9.2846799e-01   7.2196051e-02
9.2003101e-01   7.9980023e-02
9.1116500e-01   8.8128865e-02
9.0187901e-01   9.6699007e-02
8.9218301e-01   1.0536928e-01
8.8208699e-01   1.1434890e-01
8.7160099e-01   1.2380024e-01
8.6073500e-01   1.3356464e-01
8.4950101e-01   1.4351021e-01
8.3791000e-01   1.5381892e-01
8.2597399e-01   1.6425152e-01
8.1370401e-01   1.7508654e-01
8.0111301e-01   1.8595994e-01
7.8821403e-01   1.9690549e-01
7.7501899e-01   2.0805976e-01
7.6154101e-01   2.1923243e-01
7.4779499e-01   2.3050930e-01
7.3379201e-01   2.4152169e-01
7.1954799e-01   2.5293460e-01
7.0507699e-01   2.6391003e-01
6.9039202e-01   2.7489012e-01
6.7550898e-01   2.8593448e-01
6.6044199e-01   2.9685366e-01
6.4520597e-01   3.0744684e-01
6.2981701e-01   3.1795397e-01
6.1429000e-01   3.2795849e-01
5.9864002e-01   3.3773583e-01
5.8288401e-01   3.4721810e-01
5.6703597e-01   3.5595113e-01
5.5111301e-01   3.6425164e-01
5.3513098e-01   3.7211475e-01
5.1910597e-01   3.7966141e-01
5.0305402e-01   3.8640997e-01
4.8699099e-01   3.9265662e-01
4.7093400e-01   3.9808434e-01
4.5489800e-01   4.0286505e-01
4.3889999e-01   4.0687394e-01
4.2295599e-01   4.1002840e-01
4.0708300e-01   4.1232088e-01
3.9129499e-01   4.1392174e-01
3.7560999e-01   4.1485012e-01
3.6004400e-01   4.1474116e-01
3.4461200e-01   4.1414857e-01
3.2933000e-01   4.1264230e-01
3.1421301e-01   4.1006693e-01
2.9927900e-01   4.0680939e-01
2.8454101e-01   4.0290958e-01
2.7001500e-01   3.9794984e-01
2.5571701e-01   3.9233190e-01
2.4166100e-01   3.8594818e-01
2.2786200e-01   3.7906051e-01
2.1433599e-01   3.7114668e-01
2.0109500e-01   3.6215091e-01
1.8815500e-01   3.5266933e-01
1.7553000e-01   3.4227705e-01
1.6323400e-01   3.3137974e-01
1.5128000e-01   3.1960702e-01
1.3968100e-01   3.0734870e-01
1.2845200e-01   2.9460973e-01
1.1760600e-01   2.8129658e-01
1.0715500e-01   2.6727387e-01
9.7112998e-02   2.5348333e-01
8.7493002e-02   2.3894159e-01
7.8305997e-02   2.2408609e-01
6.9565997e-02   2.0882584e-01
6.1285000e-02   1.9345361e-01
5.3474002e-02   1.7793314e-01
4.6149999e-02   1.6238485e-01
3.9326001e-02   1.4671996e-01
3.3013999e-02   1.3124017e-01
2.7230000e-02   1.1598822e-01
2.1980001e-02   1.0096864e-01
1.7277000e-02   8.6484686e-02
1.3141000e-02   7.2373837e-02
9.5729996e-03   5.8781583e-02
6.5830001e-03   4.6002612e-02
4.1880002e-03   3.4473199e-02
2.3540000e-03   2.4281543e-02
1.0810000e-03   1.5803898e-02
3.7100000e-04   8.8463183e-03
7.6999997e-05   3.9766394e-03
4.9999999e-06   9.8177465e-04
0.0000000e+00   4.4919257e-06
4.9999999e-06   -9.1539486e-04
7.6999997e-05   -3.8537793e-03
3.7100000e-04   -8.3466955e-03
1.0810000e-03   -1.4519494e-02
2.3530000e-03   -2.1820068e-02
4.1880002e-03   -3.0059492e-02
6.5850001e-03   -3.8146153e-02
9.5760003e-03   -4.6112005e-02
1.3145000e-02   -5.3727724e-02
1.7281000e-02   -6.0730793e-02
2.1983000e-02   -6.7088634e-02
2.7232001e-02   -7.3244788e-02
3.3016000e-02   -7.8781165e-02
3.9328001e-02   -8.3809726e-02
4.6151999e-02   -8.8800162e-02
5.3475998e-02   -9.3197174e-02
6.1287001e-02   -9.7108550e-02
6.9568001e-02   -1.0075113e-01
7.8308001e-02   -1.0403828e-01
8.7494999e-02   -1.0708164e-01
9.7115003e-02   -1.0950369e-01
1.0715700e-01   -1.1190271e-01
1.1760800e-01   -1.1384349e-01
1.2845400e-01   -1.1568998e-01
1.3968299e-01   -1.1692914e-01
1.5128200e-01   -1.1789015e-01
1.6323499e-01   -1.1854345e-01
1.7553200e-01   -1.1906774e-01
1.8815701e-01   -1.1927766e-01
2.0109700e-01   -1.1907299e-01
2.1433701e-01   -1.1851510e-01
2.2786400e-01   -1.1851161e-01
2.4166299e-01   -1.1797976e-01
2.5571901e-01   -1.1680209e-01
2.7001700e-01   -1.1600670e-01
2.8454199e-01   -1.1447289e-01
2.9927999e-01   -1.1288237e-01
3.1421500e-01   -1.1122721e-01
3.2933101e-01   -1.0962085e-01
3.4461299e-01   -1.0758580e-01
3.6004499e-01   -1.0528440e-01
3.7561101e-01   -1.0289817e-01
3.9129600e-01   -1.0038480e-01
4.0708300e-01   -9.7813703e-02
4.2295700e-01   -9.4966866e-02
4.3890101e-01   -9.2318542e-02
4.5489901e-01   -8.9308225e-02
4.7093499e-01   -8.6157419e-02
4.8699200e-01   -8.3103552e-02
5.0305498e-01   -7.9939112e-02
5.1910698e-01   -7.6744571e-02
5.3513199e-01   -7.3751256e-02
5.5111402e-01   -7.0218094e-02
5.6703597e-01   -6.6954724e-02
5.8288401e-01   -6.3213766e-02
5.9864002e-01   -5.9585933e-02
6.1429000e-01   -5.5885304e-02
6.2981701e-01   -5.2296616e-02
6.4520597e-01   -4.8582889e-02
6.6044199e-01   -4.5157757e-02
6.7550898e-01   -4.1719221e-02
6.9039297e-01   -3.8243715e-02
7.0507699e-01   -3.4863114e-02
7.1954900e-01   -3.1740457e-02
7.3379302e-01   -2.8635237e-02
7.4779499e-01   -2.5615884e-02
7.6154202e-01   -2.2757543e-02
7.7501899e-01   -2.0260654e-02
7.8821403e-01   -1.7894235e-02
8.0111301e-01   -1.5397082e-02
8.1370401e-01   -1.3008358e-02
8.2597297e-01   -1.0904767e-02
8.3791000e-01   -8.4238537e-03
8.4950101e-01   -6.6452334e-03
8.6073500e-01   -4.8870295e-03
8.7160099e-01   -3.5792044e-03
8.8208801e-01   -2.2977756e-03
8.9218402e-01   -1.3495396e-03
9.0188003e-01   -6.4250629e-04
9.1116500e-01   1.3939850e-04
9.2003101e-01   6.8840466e-04
9.2846799e-01   1.0526074e-03
9.3646699e-01   1.4166795e-03
9.4401902e-01   1.5802576e-03
9.5111603e-01   1.7512656e-03
9.5775098e-01   1.6101175e-03
9.6392000e-01   1.5141943e-03
9.6961600e-01   1.2708276e-03
9.7483599e-01   1.2113577e-03
9.7957498e-01   1.0903685e-03
9.8383099e-01   8.7890564e-04
9.8759800e-01   6.7979202e-04
9.9087399e-01   5.1422842e-04
9.9365300e-01   3.1168538e-04
9.9593401e-01   1.5915348e-04
9.9771100e-01   1.2460124e-04
9.9898201e-01   1.5122502e-04
9.9974501e-01   -6.7290021e-05
1.0000000e+00   1.1742763e-05
