1.0000000e+00   1.8024299e-02
9.9974501e-01   1.7935893e-02
9.9898201e-01   1.8856313e-02
9.9771100e-01   2.0694494e-02
9.9593300e-01   2.2222338e-02
9.9365300e-01   2.4833923e-02
9.9087399e-01   2.8047100e-02
9.8759800e-01   3.1456318e-02
9.8382998e-01   3.5292406e-02
9.7957498e-01   3.8625855e-02
9.7483599e-01   4.3019425e-02
9.6961600e-01   4.7913581e-02
9.6392000e-01   5.2829247e-02
9.5775098e-01   5.8726810e-02
9.5111603e-01   6.4977050e-02
9.4401902e-01   7.1876884e-02
9.3646699e-01   7.8366026e-02
9.2846799e-01   8.6067490e-02
9.2003101e-01   9.3801282e-02
9.1116500e-01   1.0210724e-01
9.0187901e-01   1.1054402e-01
8.9218301e-01   1.1949264e-01
8.8208699e-01   1.2896733e-01
8.7160099e-01   1.3796726e-01
8.6073500e-01   1.4833851e-01
8.4950101e-01   1.5802012e-01
8.3791000e-01   1.6879094e-01
8.2597399e-01   1.7932418e-01
8.1370401e-01   1.9010048e-01
8.0111301e-01   2.0184980e-01
7.8821403e-01   2.1282724e-01
7.7501899e-01   2.2526923e-01
7.6154101e-01   2.3714243e-01
7.4779499e-01   2.4848717e-01
7.3379201e-01   2.6159295e-01
7.1954799e-01   2.7367967e-01
7.0507699e-01   2.8583798e-01
6.9039202e-01   2.9811710e-01
6.7550898e-01   3.1075564e-01
6.6044199e-01   3.2427296e-01
6.4520597e-01   3.3612344e-01
6.2981701e-01   3.4887543e-01
6.1429000e-01   3.6131033e-01
5.9864002e-01   3.7349358e-01
5.8288401e-01   3.8572839e-01
5.6703597e-01   3.9672601e-01
5.5111301e-01   4.0871990e-01
5.3513098e-01   4.1992059e-01
5.1910597e-01   4.3003413e-01
5.0305402e-01   4.4111162e-01
4.8699099e-01   4.5128661e-01
4.7093400e-01   4.5934933e-01
4.5489800e-01   4.6778461e-01
4.3889999e-01   4.7613537e-01
4.2295599e-01   4.8376071e-01
4.0708300e-01   4.8850164e-01
3.9129499e-01   4.9390224e-01
3.7560999e-01   4.9676940e-01
3.6004400e-01   4.9895883e-01
3.4461200e-01   5.0033778e-01
3.2933000e-01   5.0029606e-01
3.1421301e-01   4.9828795e-01
2.9927900e-01   4.9524197e-01
2.8454101e-01   4.9034378e-01
2.7001500e-01   4.8450056e-01
2.5571701e-01   4.7730032e-01
2.4166100e-01   4.6967515e-01
2.2786200e-01   4.5954111e-01
2.1433599e-01   4.4860420e-01
2.0109500e-01   4.3678236e-01
1.8815500e-01   4.2375934e-01
1.7553000e-01   4.0914017e-01
1.6323400e-01   3.9425999e-01
1.5128000e-01   3.7833291e-01
1.3968100e-01   3.6120978e-01
1.2845200e-01   3.4266070e-01
1.1760600e-01   3.2449239e-01
1.0715500e-01   3.0482581e-01
9.7112998e-02   2.8540429e-01
8.7493002e-02   2.6598141e-01
7.8305997e-02   2.4616736e-01
6.9565997e-02   2.2601536e-01
6.1285000e-02   2.0585045e-01
5.3474002e-02   1.8560806e-01
4.6149999e-02   1.6574821e-01
3.9326001e-02   1.4699577e-01
3.3013999e-02   1.2871794e-01
2.7230000e-02   1.1081203e-01
2.1980001e-02   9.4151400e-02
1.7277000e-02   7.8263395e-02
1.3141000e-02   6.3704617e-02
9.5729996e-03   5.0422676e-02
6.5830001e-03   3.9133526e-02
4.1880002e-03   2.8851729e-02
2.3540000e-03   2.0158395e-02
1.0810000e-03   1.3308961e-02
3.7100000e-04   7.6214960e-03
7.6999997e-05   3.6221764e-03
4.9999999e-06   9.7726576e-04
0.0000000e+00   1.5375088e-04
4.9999999e-06   -8.8729034e-04
7.6999997e-05   -3.1339279e-03
3.7100000e-04   -7.0469347e-03
1.0810000e-03   -1.2535095e-02
2.3530000e-03   -2.0108296e-02
4.1880002e-03   -2.8665571e-02
6.5850001e-03   -3.9323602e-02
9.5760003e-03   -5.1330883e-02
1.3145000e-02   -6.4911127e-02
1.7281000e-02   -7.9665713e-02
2.1983000e-02   -9.5911413e-02
2.7232001e-02   -1.1450912e-01
3.3016000e-02   -1.3368686e-01
3.9328001e-02   -1.5308008e-01
4.6151999e-02   -1.7357071e-01
5.3475998e-02   -1.9439197e-01
6.1287001e-02   -2.1493034e-01
6.9568001e-02   -2.3683000e-01
7.8308001e-02   -2.5782949e-01
8.7494999e-02   -2.7938604e-01
9.7115003e-02   -2.9934260e-01
1.0715700e-01   -3.1944418e-01
1.1760800e-01   -3.3982122e-01
1.2845400e-01   -3.5832059e-01
1.3968299e-01   -3.7747398e-01
1.5128200e-01   -3.9464357e-01
1.6323499e-01   -4.1183934e-01
1.7553200e-01   -4.2668781e-01
1.8815701e-01   -4.4090354e-01
2.0109700e-01   -4.5471632e-01
2.1433701e-01   -4.6618715e-01
2.2786400e-01   -4.7723013e-01
2.4166299e-01   -4.8636428e-01
2.5571901e-01   -4.9482304e-01
2.7001700e-01   -5.0105780e-01
2.8454199e-01   -5.0609720e-01
2.9927999e-01   -5.0983322e-01
3.1421500e-01   -5.1211542e-01
3.2933101e-01   -5.1320851e-01
3.4461299e-01   -5.1257235e-01
3.6004499e-01   -5.1097918e-01
3.7561101e-01   -5.0713271e-01
3.9129600e-01   -5.0250959e-01
4.0708300e-01   -4.9698219e-01
4.2295700e-01   -4.8932645e-01
4.3890101e-01   -4.8179427e-01
4.5489901e-01   -4.7376421e-01
4.7093499e-01   -4.6379369e-01
4.8699200e-01   -4.5396617e-01
5.0305498e-01   -4.4277069e-01
5.1910698e-01   -4.3212780e-01
5.3513199e-01   -4.1959152e-01
5.5111402e-01   -4.0763387e-01
5.6703597e-01   -3.9623281e-01
5.8288401e-01   -3.8347918e-01
5.9864002e-01   -3.7108767e-01
6.1429000e-01   -3.5866544e-01
6.2981701e-01   -3.4537724e-01
6.4520597e-01   -3.3231607e-01
6.6044199e-01   -3.1960741e-01
6.7550898e-01   -3.0727142e-01
6.9039297e-01   -2.9419214e-01
7.0507699e-01   -2.8160682e-01
7.1954900e-01   -2.6921344e-01
7.3379302e-01   -2.5575873e-01
7.4779499e-01   -2.4361885e-01
7.6154202e-01   -2.3171557e-01
7.7501899e-01   -2.1935280e-01
7.8821403e-01   -2.0650190e-01
8.0111301e-01   -1.9504674e-01
8.1370401e-01   -1.8356213e-01
8.2597297e-01   -1.7285608e-01
8.3791000e-01   -1.6105089e-01
8.4950101e-01   -1.5076131e-01
8.6073500e-01   -1.4048485e-01
8.7160099e-01   -1.3073167e-01
8.8208801e-01   -1.2136547e-01
8.9218402e-01   -1.1281419e-01
9.0188003e-01   -1.0349218e-01
9.1116500e-01   -9.5473163e-02
9.2003101e-01   -8.8120185e-02
9.2846799e-01   -8.1071511e-02
9.3646699e-01   -7.4589655e-02
9.4401902e-01   -6.7266859e-02
9.5111603e-01   -6.2547773e-02
9.5775098e-01   -5.7831805e-02
9.6392000e-01   -5.2657187e-02
9.6961600e-01   -4.8752449e-02
9.7483599e-01   -4.5248877e-02
9.7957498e-01   -4.2010430e-02
9.8383099e-01   -3.8858436e-02
9.8759800e-01   -3.6593631e-02
9.9087399e-01   -3.4357592e-02
9.9365300e-01   -3.2315414e-02
9.9593401e-01   -3.0226829e-02
9.9771100e-01   -2.9077966e-02
9.9898201e-01   -2.8054705e-02
9.9974501e-01   -2.7376555e-02
1.0000000e+00   -2.7045533e-02
