1.0000000e+00   7.6552556e-04
9.9974501e-01   9.2076312e-04
9.9898201e-01   1.3109756e-03
9.9771100e-01   1.6106763e-03
9.9593300e-01   2.3326036e-03
9.9365300e-01   3.3385428e-03
9.9087399e-01   4.0931511e-03
9.8759800e-01   5.4344363e-03
9.8382998e-01   6.8195523e-03
9.7957498e-01   8.5036345e-03
9.7483599e-01   1.0577943e-02
9.6961600e-01   1.2752961e-02
9.6392000e-01   1.5234558e-02
9.5775098e-01   1.7839130e-02
9.5111603e-01   2.0562600e-02
9.4401902e-01   2.3604881e-02
9.3646699e-01   2.6902396e-02
9.2846799e-01   3.0173792e-02
9.2003101e-01   3.4027122e-02
9.1116500e-01   3.7924167e-02
9.0187901e-01   4.2298537e-02
8.9218301e-01   4.6509136e-02
8.8208699e-01   5.1275562e-02
8.7160099e-01   5.6557707e-02
8.6073500e-01   6.1786000e-02
8.4950101e-01   6.7535214e-02
8.3791000e-01   7.3039070e-02
8.2597399e-01   7.9260848e-02
8.1370401e-01   8.5918196e-02
8.0111301e-01   9.2705205e-02
7.8821403e-01   9.9841990e-02
7.7501899e-01   1.0710562e-01
7.6154101e-01   1.1441536e-01
7.4779499e-01   1.2261618e-01
7.3379201e-01   1.3018958e-01
7.1954799e-01   1.3830549e-01
7.0507699e-01   1.4664052e-01
6.9039202e-01   1.5488547e-01
6.7550898e-01   1.6313960e-01
6.6044199e-01   1.7154655e-01
6.4520597e-01   1.8023920e-01
6.2981701e-01   1.8841912e-01
6.1429000e-01   1.9729936e-01
5.9864002e-01   2.0563172e-01
5.8288401e-01   2.1375570e-01
5.6703597e-01   2.2183485e-01
5.5111301e-01   2.2993751e-01
5.3513098e-01   2.3753989e-01
5.1910597e-01   2.4522959e-01
5.0305402e-01   2.5216767e-01
4.8699099e-01   2.5885892e-01
4.7093400e-01   2.6545730e-01
4.5489800e-01   2.7125928e-01
4.3889999e-01   2.7616829e-01
4.2295599e-01   2.8088272e-01
4.0708300e-01   2.8501374e-01
3.9129499e-01   2.8843504e-01
3.7560999e-01   2.9149961e-01
3.6004400e-01   2.9423365e-01
3.4461200e-01   2.9519388e-01
3.2933000e-01   2.9647699e-01
3.1421301e-01   2.9661763e-01
2.9927900e-01   2.9635349e-01
2.8454101e-01   2.9473802e-01
2.7001500e-01   2.9265642e-01
2.5571701e-01   2.8981435e-01
2.4166100e-01   2.8619704e-01
2.2786200e-01   2.8164032e-01
2.1433599e-01   2.7670830e-01
2.0109500e-01   2.7101490e-01
1.8815500e-01   2.6483902e-01
1.7553000e-01   2.5757048e-01
1.6323400e-01   2.4986929e-01
1.5128000e-01   2.4132821e-01
1.3968100e-01   2.3220541e-01
1.2845200e-01   2.2297941e-01
1.1760600e-01   2.1256492e-01
1.0715500e-01   2.0250721e-01
9.7112998e-02   1.9175564e-01
8.7493002e-02   1.8055834e-01
7.8305997e-02   1.6936558e-01
6.9565997e-02   1.5766624e-01
6.1285000e-02   1.4624982e-01
5.3474002e-02   1.3454245e-01
4.6149999e-02   1.2270531e-01
3.9326001e-02   1.1093940e-01
3.3013999e-02   9.9565856e-02
2.7230000e-02   8.7963298e-02
2.1980001e-02   7.6540574e-02
1.7277000e-02   6.5520741e-02
1.3141000e-02   5.4822374e-02
9.5729996e-03   4.4670444e-02
6.5830001e-03   3.5079207e-02
4.1880002e-03   2.6511349e-02
2.3540000e-03   1.8793529e-02
1.0810000e-03   1.2400061e-02
3.7100000e-04   7.3229051e-03
7.6999997e-05   3.6203668e-03
4.9999999e-06   1.1941170e-03
0.0000000e+00   5.1780388e-04
4.9999999e-06   -1.5110848e-04
7.6999997e-05   -2.3225190e-03
3.7100000e-04   -5.8687697e-03
1.0810000e-03   -1.0607583e-02
2.3530000e-03   -1.5832553e-02
4.1880002e-03   -2.1399934e-02
6.5850001e-03   -2.6798183e-02
9.5760003e-03   -3.1363416e-02
1.3145000e-02   -3.5043005e-02
1.7281000e-02   -3.7495937e-02
2.1983000e-02   -3.9084543e-02
2.7232001e-02   -4.0306699e-02
3.3016000e-02   -4.0953066e-02
3.9328001e-02   -4.1103344e-02
4.6151999e-02   -4.1140888e-02
5.3475998e-02   -4.0673893e-02
6.1287001e-02   -3.9771765e-02
6.9568001e-02   -3.8900420e-02
7.8308001e-02   -3.8291894e-02
8.7494999e-02   -3.6744952e-02
9.7115003e-02   -3.5847262e-02
1.0715700e-01   -3.4839977e-02
1.1760800e-01   -3.3899318e-02
1.2845400e-01   -3.2874789e-02
1.3968299e-01   -3.1763434e-02
1.5128200e-01   -3.1034075e-02
1.6323499e-01   -3.0415084e-02
1.7553200e-01   -2.9706985e-02
1.8815701e-01   -2.9374227e-02
2.0109700e-01   -2.8538289e-02
2.1433701e-01   -2.8113995e-02
2.2786400e-01   -2.7756263e-02
2.4166299e-01   -2.7463717e-02
2.5571901e-01   -2.7565520e-02
2.7001700e-01   -2.7324451e-02
2.8454199e-01   -2.8297199e-02
2.9927999e-01   -2.8171176e-02
3.1421500e-01   -2.8321961e-02
3.2933101e-01   -2.8688848e-02
3.4461299e-01   -2.9122980e-02
3.6004499e-01   -2.9710092e-02
3.7561101e-01   -3.0075902e-02
3.9129600e-01   -3.0594774e-02
4.0708300e-01   -3.1033168e-02
4.2295700e-01   -3.1899724e-02
4.3890101e-01   -3.2370429e-02
4.5489901e-01   -3.2865964e-02
4.7093499e-01   -3.3936154e-02
4.8699200e-01   -3.4358196e-02
5.0305498e-01   -3.5167489e-02
5.1910698e-01   -3.5753094e-02
5.3513199e-01   -3.6065232e-02
5.5111402e-01   -3.6753289e-02
5.6703597e-01   -3.6910832e-02
5.8288401e-01   -3.7675787e-02
5.9864002e-01   -3.8112063e-02
6.1429000e-01   -3.8474150e-02
6.2981701e-01   -3.8876489e-02
6.4520597e-01   -3.9384369e-02
6.6044199e-01   -3.9258018e-02
6.7550898e-01   -3.9275639e-02
6.9039297e-01   -3.9741576e-02
7.0507699e-01   -3.9658803e-02
7.1954900e-01   -3.9348956e-02
7.3379302e-01   -3.9291061e-02
7.4779499e-01   -3.8791794e-02
7.6154202e-01   -3.7809689e-02
7.7501899e-01   -3.6658943e-02
7.8821403e-01   -3.6148719e-02
8.0111301e-01   -3.5016883e-02
8.1370401e-01   -3.3785060e-02
8.2597297e-01   -3.2071304e-02
8.3791000e-01   -3.0658424e-02
8.4950101e-01   -2.8921129e-02
8.6073500e-01   -2.7457848e-02
8.7160099e-01   -2.5086328e-02
8.8208801e-01   -2.3844482e-02
8.9218402e-01   -2.1989850e-02
9.0188003e-01   -2.0534180e-02
9.1116500e-01   -1.9026557e-02
9.2003101e-01   -1.7143212e-02
9.2846799e-01   -1.5757849e-02
9.3646699e-01   -1.4527434e-02
9.4401902e-01   -1.3014837e-02
9.5111603e-01   -1.1777632e-02
9.5775098e-01   -1.0659755e-02
9.6392000e-01   -9.4643477e-03
9.6961600e-01   -8.6888205e-03
9.7483599e-01   -7.5571318e-03
9.7957498e-01   -7.0087281e-03
9.8383099e-01   -6.5280944e-03
9.8759800e-01   -5.9739291e-03
9.9087399e-01   -5.3203083e-03
9.9365300e-01   -4.9755541e-03
9.9593401e-01   -4.6719969e-03
9.9771100e-01   -4.4243876e-03
9.9898201e-01   -4.0220302e-03
9.9974501e-01   -3.9350968e-03
1.0000000e+00   -3.8290282e-03
