1.0000000e+00   5.4555287e-04
9.9974501e-01   7.4387004e-04
9.9898201e-01   1.1679867e-03
9.9771100e-01   1.9211114e-03
9.9593300e-01   2.9863745e-03
9.9365300e-01   4.0595070e-03
9.9087399e-01   5.5853799e-03
9.8759800e-01   7.5813434e-03
9.8382998e-01   9.6158199e-03
9.7957498e-01   1.1876008e-02
9.7483599e-01   1.4300250e-02
9.6961600e-01   1.7233424e-02
9.6392000e-01   2.0476827e-02
9.5775098e-01   2.3918509e-02
9.5111603e-01   2.7598903e-02
9.4401902e-01   3.1683046e-02
9.3646699e-01   3.5713855e-02
9.2846799e-01   3.9989673e-02
9.2003101e-01   4.4776037e-02
9.1116500e-01   4.9680315e-02
9.0187901e-01   5.5052456e-02
8.9218301e-01   6.0203325e-02
8.8208699e-01   6.5868542e-02
8.7160099e-01   7.1637467e-02
8.6073500e-01   7.7785827e-02
8.4950101e-01   8.3834037e-02
8.3791000e-01   9.0406731e-02
8.2597399e-01   9.7004041e-02
8.1370401e-01   1.0380685e-01
8.0111301e-01   1.1093467e-01
7.8821403e-01   1.1786466e-01
7.7501899e-01   1.2507819e-01
7.6154101e-01   1.3227455e-01
7.4779499e-01   1.3997936e-01
7.3379201e-01   1.4714342e-01
7.1954799e-01   1.5430675e-01
7.0507699e-01   1.6134749e-01
6.9039202e-01   1.6826755e-01
6.7550898e-01   1.7505310e-01
6.6044199e-01   1.8158913e-01
6.4520597e-01   1.8796594e-01
6.2981701e-01   1.9375086e-01
6.1429000e-01   1.9972865e-01
5.9864002e-01   2.0518310e-01
5.8288401e-01   2.1026523e-01
5.6703597e-01   2.1502495e-01
5.5111301e-01   2.1926893e-01
5.3513098e-01   2.2310828e-01
5.1910597e-01   2.2657330e-01
5.0305402e-01   2.2946934e-01
4.8699099e-01   2.3226821e-01
4.7093400e-01   2.3466194e-01
4.5489800e-01   2.3653862e-01
4.3889999e-01   2.3817466e-01
4.2295599e-01   2.3888020e-01
4.0708300e-01   2.3957090e-01
3.9129499e-01   2.3967178e-01
3.7560999e-01   2.3933230e-01
3.6004400e-01   2.3863536e-01
3.4461200e-01   2.3752891e-01
3.2933000e-01   2.3634276e-01
3.1421301e-01   2.3418230e-01
2.9927900e-01   2.3234077e-01
2.8454101e-01   2.2985332e-01
2.7001500e-01   2.2698458e-01
2.5571701e-01   2.2389893e-01
2.4166100e-01   2.2054678e-01
2.2786200e-01   2.1659601e-01
2.1433599e-01   2.1253289e-01
2.0109500e-01   2.0820600e-01
1.8815500e-01   2.0318232e-01
1.7553000e-01   1.9805969e-01
1.6323400e-01   1.9244203e-01
1.5128000e-01   1.8686219e-01
1.3968100e-01   1.8084431e-01
1.2845200e-01   1.7446692e-01
1.1760600e-01   1.6774249e-01
1.0715500e-01   1.6061196e-01
9.7112998e-02   1.5310639e-01
8.7493002e-02   1.4566277e-01
7.8305997e-02   1.3782516e-01
6.9565997e-02   1.2985910e-01
6.1285000e-02   1.2129751e-01
5.3474002e-02   1.1287156e-01
4.6149999e-02   1.0413745e-01
3.9326001e-02   9.5193885e-02
3.3013999e-02   8.6007006e-02
2.7230000e-02   7.6923229e-02
2.1980001e-02   6.7914732e-02
1.7277000e-02   5.9043549e-02
1.3141000e-02   5.0036937e-02
9.5729996e-03   4.1276488e-02
6.5830001e-03   3.2983497e-02
4.1880002e-03   2.4963832e-02
2.3540000e-03   1.7684577e-02
1.0810000e-03   1.1390671e-02
3.7100000e-04   6.3593648e-03
7.6999997e-05   2.7880843e-03
4.9999999e-06   4.0684183e-04
0.0000000e+00   -3.0554412e-04
4.9999999e-06   -1.1272347e-03
7.6999997e-05   -3.2715125e-03
3.7100000e-04   -6.8260143e-03
1.0810000e-03   -1.1516024e-02
2.3530000e-03   -1.7188560e-02
4.1880002e-03   -2.3283144e-02
6.5850001e-03   -2.9614761e-02
9.5760003e-03   -3.5836145e-02
1.3145000e-02   -4.1803811e-02
1.7281000e-02   -4.7852159e-02
2.1983000e-02   -5.3420909e-02
2.7232001e-02   -5.9209026e-02
3.3016000e-02   -6.4775988e-02
3.9328001e-02   -7.0192158e-02
4.6151999e-02   -7.5751007e-02
5.3475998e-02   -8.1090815e-02
6.1287001e-02   -8.6211063e-02
6.9568001e-02   -9.0976521e-02
7.8308001e-02   -9.6000277e-02
8.7494999e-02   -1.0053922e-01
9.7115003e-02   -1.0522933e-01
1.0715700e-01   -1.0918143e-01
1.1760800e-01   -1.1371552e-01
1.2845400e-01   -1.1750899e-01
1.3968299e-01   -1.2119138e-01
1.5128200e-01   -1.2498321e-01
1.6323499e-01   -1.2819186e-01
1.7553200e-01   -1.3164602e-01
1.8815701e-01   -1.3457473e-01
2.0109700e-01   -1.3764115e-01
2.1433701e-01   -1.4045113e-01
2.2786400e-01   -1.4292158e-01
2.4166299e-01   -1.4526501e-01
2.5571901e-01   -1.4722818e-01
2.7001700e-01   -1.4925662e-01
2.8454199e-01   -1.5038545e-01
2.9927999e-01   -1.5206465e-01
3.1421500e-01   -1.5336387e-01
3.2933101e-01   -1.5407228e-01
3.4461299e-01   -1.5477712e-01
3.6004499e-01   -1.5543474e-01
3.7561101e-01   -1.5541489e-01
3.9129600e-01   -1.5526401e-01
4.0708300e-01   -1.5506153e-01
4.2295700e-01   -1.5414998e-01
4.3890101e-01   -1.5264632e-01
4.5489901e-01   -1.5109055e-01
4.7093499e-01   -1.4902857e-01
4.8699200e-01   -1.4716209e-01
5.0305498e-01   -1.4435168e-01
5.1910698e-01   -1.4147237e-01
5.3513199e-01   -1.3814364e-01
5.5111402e-01   -1.3473904e-01
5.6703597e-01   -1.3087247e-01
5.8288401e-01   -1.2672913e-01
5.9864002e-01   -1.2221929e-01
6.1429000e-01   -1.1771709e-01
6.2981701e-01   -1.1247848e-01
6.4520597e-01   -1.0754050e-01
6.6044199e-01   -1.0232654e-01
6.7550898e-01   -9.6976653e-02
6.9039297e-01   -9.1564976e-02
7.0507699e-01   -8.5859537e-02
7.1954900e-01   -8.0655299e-02
7.3379302e-01   -7.5051107e-02
7.4779499e-01   -6.9811888e-02
7.6154202e-01   -6.4387575e-02
7.7501899e-01   -5.9098288e-02
7.8821403e-01   -5.4189492e-02
8.0111301e-01   -4.9021851e-02
8.1370401e-01   -4.4212021e-02
8.2597297e-01   -4.0349483e-02
8.3791000e-01   -3.5895489e-02
8.4950101e-01   -3.1770114e-02
8.6073500e-01   -2.8378796e-02
8.7160099e-01   -2.4697391e-02
8.8208801e-01   -2.1410696e-02
8.9218402e-01   -1.8827047e-02
9.0188003e-01   -1.6072599e-02
9.1116500e-01   -1.3773133e-02
9.2003101e-01   -1.1831797e-02
9.2846799e-01   -1.0123623e-02
9.3646699e-01   -8.5687963e-03
9.4401902e-01   -7.1590100e-03
9.5111603e-01   -6.0551320e-03
9.5775098e-01   -5.2972259e-03
9.6392000e-01   -4.5261094e-03
9.6961600e-01   -4.0453877e-03
9.7483599e-01   -3.4766472e-03
9.7957498e-01   -3.2965078e-03
9.8383099e-01   -3.1127960e-03
9.8759800e-01   -3.1400782e-03
9.9087399e-01   -2.9179440e-03
9.9365300e-01   -2.9007222e-03
9.9593401e-01   -2.9408312e-03
9.9771100e-01   -2.9528893e-03
9.9898201e-01   -2.8940644e-03
9.9974501e-01   -3.0326766e-03
1.0000000e+00   -3.0226542e-03
