1.0000000e+00   4.4518639e-03
9.9974501e-01   4.6791085e-03
9.9898201e-01   5.3468668e-03
9.9771100e-01   6.3741351e-03
9.9593300e-01   7.6680244e-03
9.9365300e-01   9.3047721e-03
9.9087399e-01   1.1367759e-02
9.8759800e-01   1.3810263e-02
9.8382998e-01   1.6619071e-02
9.7957498e-01   1.9781847e-02
9.7483599e-01   2.3264164e-02
9.6961600e-01   2.7072726e-02
9.6392000e-01   3.1265106e-02
9.5775098e-01   3.5885647e-02
9.5111603e-01   4.0909193e-02
9.4401902e-01   4.6268519e-02
9.3646699e-01   5.1964480e-02
9.2846799e-01   5.8033701e-02
9.2003101e-01   6.4454101e-02
9.1116500e-01   7.1176574e-02
9.0187901e-01   7.8220360e-02
8.9218301e-01   8.5606873e-02
8.8208699e-01   9.3292311e-02
8.7160099e-01   1.0121667e-01
8.6073500e-01   1.0937933e-01
8.4950101e-01   1.1780600e-01
8.3791000e-01   1.2651618e-01
8.2597399e-01   1.3547017e-01
8.1370401e-01   1.4460668e-01
8.0111301e-01   1.5393208e-01
7.8821403e-01   1.6342294e-01
7.7501899e-01   1.7306690e-01
7.6154101e-01   1.8282619e-01
7.4779499e-01   1.9263737e-01
7.3379201e-01   2.0250890e-01
7.1954799e-01   2.1244274e-01
7.0507699e-01   2.2239585e-01
6.9039202e-01   2.3232663e-01
6.7550898e-01   2.4225447e-01
6.6044199e-01   2.5217506e-01
6.4520597e-01   2.6205948e-01
6.2981701e-01   2.7183124e-01
6.1429000e-01   2.8142571e-01
5.9864002e-01   2.9084152e-01
5.8288401e-01   3.0002505e-01
5.6703597e-01   3.0890852e-01
5.5111301e-01   3.1751162e-01
5.3513098e-01   3.2583985e-01
5.1910597e-01   3.3383960e-01
5.0305402e-01   3.4145042e-01
4.8699099e-01   3.4865388e-01
4.7093400e-01   3.5543871e-01
4.5489800e-01   3.6174455e-01
4.3889999e-01   3.6752832e-01
4.2295599e-01   3.7280872e-01
4.0708300e-01   3.7759820e-01
3.9129499e-01   3.8185742e-01
3.7560999e-01   3.8551217e-01
3.6004400e-01   3.8849252e-01
3.4461200e-01   3.9078027e-01
3.2933000e-01   3.9237386e-01
3.1421301e-01   3.9322868e-01
2.9927900e-01   3.9331031e-01
2.8454101e-01   3.9260831e-01
2.7001500e-01   3.9106506e-01
2.5571701e-01   3.8858837e-01
2.4166100e-01   3.8512781e-01
2.2786200e-01   3.8071296e-01
2.1433599e-01   3.7529027e-01
2.0109500e-01   3.6878124e-01
1.8815500e-01   3.6118835e-01
1.7553000e-01   3.5258177e-01
1.6323400e-01   3.4299028e-01
1.5128000e-01   3.3239588e-01
1.3968100e-01   3.2085311e-01
1.2845200e-01   3.0847290e-01
1.1760600e-01   2.9534286e-01
1.0715500e-01   2.8153816e-01
9.7112998e-02   2.6707363e-01
8.7493002e-02   2.5195447e-01
7.8305997e-02   2.3626383e-01
6.9565997e-02   2.2008123e-01
6.1285000e-02   2.0345803e-01
5.3474002e-02   1.8650186e-01
4.6149999e-02   1.6937436e-01
3.9326001e-02   1.5227596e-01
3.3013999e-02   1.3542588e-01
2.7230000e-02   1.1914705e-01
2.1980001e-02   1.0359092e-01
1.7277000e-02   8.8327773e-02
1.3141000e-02   7.3384658e-02
9.5729996e-03   5.9200138e-02
6.5830001e-03   4.6136014e-02
4.1880002e-03   3.4409791e-02
2.3540000e-03   2.4200941e-02
1.0810000e-03   1.5646378e-02
3.7100000e-04   8.8797854e-03
7.6999997e-05   3.9884117e-03
4.9999999e-06   1.0302144e-03
0.0000000e+00   4.2498112e-05
4.9999999e-06   -9.1803586e-04
7.6999997e-05   -3.7959020e-03
3.7100000e-04   -8.5026771e-03
1.0810000e-03   -1.4881514e-02
2.3530000e-03   -2.2687575e-02
4.1880002e-03   -3.1534947e-02
6.5850001e-03   -4.1111730e-02
9.5760003e-03   -5.1583666e-02
1.3145000e-02   -6.2886685e-02
1.7281000e-02   -7.3482923e-02
2.1983000e-02   -8.2832679e-02
2.7232001e-02   -9.1065146e-02
3.3016000e-02   -9.8405622e-02
3.9328001e-02   -1.0501448e-01
4.6151999e-02   -1.1093357e-01
5.3475998e-02   -1.1623999e-01
6.1287001e-02   -1.2097041e-01
6.9568001e-02   -1.2508228e-01
7.8308001e-02   -1.2858662e-01
8.7494999e-02   -1.3151962e-01
9.7115003e-02   -1.3384429e-01
1.0715700e-01   -1.3559885e-01
1.1760800e-01   -1.3682099e-01
1.2845400e-01   -1.3747688e-01
1.3968299e-01   -1.3753404e-01
1.5128200e-01   -1.3699462e-01
1.6323499e-01   -1.3587078e-01
1.7553200e-01   -1.3419135e-01
1.8815701e-01   -1.3195682e-01
2.0109700e-01   -1.2916967e-01
2.1433701e-01   -1.2587960e-01
2.2786400e-01   -1.2212875e-01
2.4166299e-01   -1.1795112e-01
2.5571901e-01   -1.1339723e-01
2.7001700e-01   -1.0852617e-01
2.8454199e-01   -1.0341102e-01
2.9927999e-01   -9.8129779e-02
3.1421500e-01   -9.2765689e-02
3.2933101e-01   -8.7356508e-02
3.4461299e-01   -8.1927009e-02
3.6004499e-01   -7.6503195e-02
3.7561101e-01   -7.1126349e-02
3.9129600e-01   -6.5830231e-02
4.0708300e-01   -6.0650822e-02
4.2295700e-01   -5.5629805e-02
4.3890101e-01   -5.0802588e-02
4.5489901e-01   -4.6172831e-02
4.7093499e-01   -4.1738253e-02
4.8699200e-01   -3.7526127e-02
5.0305498e-01   -3.3570442e-02
5.1910698e-01   -2.9872471e-02
5.3513199e-01   -2.6424350e-02
5.5111402e-01   -2.3175895e-02
5.6703597e-01   -2.0108478e-02
5.8288401e-01   -1.7304612e-02
5.9864002e-01   -1.4815312e-02
6.1429000e-01   -1.2582983e-02
6.2981701e-01   -1.0570600e-02
6.4520597e-01   -8.7995790e-03
6.6044199e-01   -7.2769262e-03
6.7550898e-01   -5.9538507e-03
6.9039297e-01   -4.7933818e-03
7.0507699e-01   -3.7317662e-03
7.1954900e-01   -2.7472512e-03
7.3379302e-01   -1.8960251e-03
7.4779499e-01   -1.2071248e-03
7.6154202e-01   -6.4729794e-04
7.7501899e-01   -1.8468220e-04
7.8821403e-01   1.6978104e-04
8.0111301e-01   3.8727836e-04
8.1370401e-01   4.6752856e-04
8.2597297e-01   4.5275452e-04
8.3791000e-01   3.6293871e-04
8.4950101e-01   2.1616230e-04
8.6073500e-01   7.1316026e-06
8.7160099e-01   -2.6528817e-04
8.8208801e-01   -5.8387261e-04
8.9218402e-01   -9.4087439e-04
9.0188003e-01   -1.3467098e-03
9.1116500e-01   -1.8051652e-03
9.2003101e-01   -2.2631728e-03
9.2846799e-01   -2.6510574e-03
9.3646699e-01   -2.9522579e-03
9.4401902e-01   -3.1844554e-03
9.5111603e-01   -3.3492893e-03
9.5775098e-01   -3.4310305e-03
9.6392000e-01   -3.4195522e-03
9.6961600e-01   -3.2845617e-03
9.7483599e-01   -3.0194700e-03
9.7957498e-01   -2.6951926e-03
9.8383099e-01   -2.3691405e-03
9.8759800e-01   -2.0101033e-03
9.9087399e-01   -1.6284785e-03
9.9365300e-01   -1.3098766e-03
9.9593401e-01   -1.1312352e-03
9.9771100e-01   -1.0277625e-03
9.9898201e-01   -9.2676625e-04
9.9974501e-01   -8.4915827e-04
1.0000000e+00   -8.2355906e-04
