1.0000000e+00   1.1093055e-02
9.9974501e-01   1.1375854e-02
9.9898201e-01   1.1992502e-02
9.9771100e-01   1.3759371e-02
9.9593300e-01   1.5972583e-02
9.9365300e-01   1.8104222e-02
9.9087399e-01   2.0965306e-02
9.8759800e-01   2.4378655e-02
9.8382998e-01   2.8113153e-02
9.7957498e-01   3.3477541e-02
9.7483599e-01   3.7636388e-02
9.6961600e-01   4.3725658e-02
9.6392000e-01   4.9438920e-02
9.5775098e-01   5.5449776e-02
9.5111603e-01   6.2416188e-02
9.4401902e-01   7.0015818e-02
9.3646699e-01   7.7133000e-02
9.2846799e-01   8.4829159e-02
9.2003101e-01   9.3515418e-02
9.1116500e-01   1.0217885e-01
9.0187901e-01   1.1132121e-01
8.9218301e-01   1.2088029e-01
8.8208699e-01   1.3034342e-01
8.7160099e-01   1.4208634e-01
8.6073500e-01   1.5228552e-01
8.4950101e-01   1.6208270e-01
8.3791000e-01   1.7468575e-01
8.2597399e-01   1.8614192e-01
8.1370401e-01   1.9843262e-01
8.0111301e-01   2.0941694e-01
7.8821403e-01   2.2232090e-01
7.7501899e-01   2.3441872e-01
7.6154101e-01   2.4747297e-01
7.4779499e-01   2.5876129e-01
7.3379201e-01   2.7084181e-01
7.1954799e-01   2.8417012e-01
7.0507699e-01   2.9613349e-01
6.9039202e-01   3.0766299e-01
6.7550898e-01   3.1997007e-01
6.6044199e-01   3.3150795e-01
6.4520597e-01   3.4350091e-01
6.2981701e-01   3.5359937e-01
6.1429000e-01   3.6538973e-01
5.9864002e-01   3.7578526e-01
5.8288401e-01   3.8560972e-01
5.6703597e-01   3.9675099e-01
5.5111301e-01   4.0639874e-01
5.3513098e-01   4.1527084e-01
5.1910597e-01   4.2363983e-01
5.0305402e-01   4.3181536e-01
4.8699099e-01   4.3890104e-01
4.7093400e-01   4.4508588e-01
4.5489800e-01   4.5095447e-01
4.3889999e-01   4.5748952e-01
4.2295599e-01   4.6154520e-01
4.0708300e-01   4.6681836e-01
3.9129499e-01   4.6941152e-01
3.7560999e-01   4.7157782e-01
3.6004400e-01   4.7529832e-01
3.4461200e-01   4.7795594e-01
3.2933000e-01   4.7910908e-01
3.1421301e-01   4.7940317e-01
2.9927900e-01   4.8045784e-01
2.8454101e-01   4.8020691e-01
2.7001500e-01   4.7942576e-01
2.5571701e-01   4.7569922e-01
2.4166100e-01   4.7401816e-01
2.2786200e-01   4.6943477e-01
2.1433599e-01   4.6446308e-01
2.0109500e-01   4.5865476e-01
1.8815500e-01   4.5077217e-01
1.7553000e-01   4.4303900e-01
1.6323400e-01   4.3401337e-01
1.5128000e-01   4.2467791e-01
1.3968100e-01   4.1363695e-01
1.2845200e-01   4.0252700e-01
1.1760600e-01   3.9059070e-01
1.0715500e-01   3.7817973e-01
9.7112998e-02   3.6547989e-01
8.7493002e-02   3.5117608e-01
7.8305997e-02   3.3649307e-01
6.9565997e-02   3.2196623e-01
6.1285000e-02   3.0724204e-01
5.3474002e-02   2.9272267e-01
4.6149999e-02   2.7810541e-01
3.9326001e-02   2.6254067e-01
3.3013999e-02   2.4771549e-01
2.7230000e-02   2.3365425e-01
2.1980001e-02   2.1965046e-01
1.7277000e-02   2.0576955e-01
1.3141000e-02   1.9308105e-01
9.5729996e-03   1.8051215e-01
6.5830001e-03   1.6957338e-01
4.1880002e-03   1.6009015e-01
2.3540000e-03   1.5197434e-01
1.0810000e-03   1.4464162e-01
3.7100000e-04   1.3931558e-01
7.6999997e-05   1.3560157e-01
4.9999999e-06   1.3324749e-01
0.0000000e+00   1.3217595e-01
4.9999999e-06   1.3160740e-01
7.6999997e-05   1.2912922e-01
3.7100000e-04   1.2534732e-01
1.0810000e-03   1.2035972e-01
2.3530000e-03   1.1342870e-01
4.1880002e-03   1.0551785e-01
6.5850001e-03   9.5304199e-02
9.5760003e-03   8.5248105e-02
1.3145000e-02   7.4962355e-02
1.7281000e-02   6.4320289e-02
2.1983000e-02   5.6017037e-02
2.7232001e-02   4.8687112e-02
3.3016000e-02   4.1966498e-02
3.9328001e-02   3.5714403e-02
4.6151999e-02   2.9242842e-02
5.3475998e-02   2.3633184e-02
6.1287001e-02   1.8877588e-02
6.9568001e-02   1.5081588e-02
7.8308001e-02   1.0966346e-02
8.7494999e-02   8.0188876e-03
9.7115003e-02   5.2359630e-03
1.0715700e-01   2.3298035e-03
1.1760800e-01   -2.9566139e-04
1.2845400e-01   -1.7887112e-03
1.3968299e-01   -3.7579099e-03
1.5128200e-01   -4.3655317e-03
1.6323499e-01   -3.9785071e-03
1.7553200e-01   -3.3594170e-03
1.8815701e-01   -4.3588453e-03
2.0109700e-01   -4.9477709e-03
2.1433701e-01   -2.7841108e-03
2.2786400e-01   -1.9677107e-03
2.4166299e-01   -1.1229883e-03
2.5571901e-01   -3.9978322e-04
2.7001700e-01   1.1772731e-03
2.8454199e-01   3.7226356e-03
2.9927999e-01   4.4979337e-03
3.1421500e-01   5.5863201e-03
3.2933101e-01   8.2119349e-03
3.4461299e-01   9.7284894e-03
3.6004499e-01   1.1185589e-02
3.7561101e-01   1.2986906e-02
3.9129600e-01   1.4571418e-02
4.0708300e-01   1.4582196e-02
4.2295700e-01   1.5538813e-02
4.3890101e-01   1.6353169e-02
4.5489901e-01   1.6159197e-02
4.7093499e-01   1.6986845e-02
4.8699200e-01   1.7111382e-02
5.0305498e-01   1.7594451e-02
5.1910698e-01   1.7822055e-02
5.3513199e-01   1.7576668e-02
5.5111402e-01   1.8961541e-02
5.6703597e-01   1.7791748e-02
5.8288401e-01   1.7668949e-02
5.9864002e-01   1.8009314e-02
6.1429000e-01   1.6124275e-02
6.2981701e-01   1.4554340e-02
6.4520597e-01   1.2931263e-02
6.6044199e-01   1.2391708e-02
6.7550898e-01   9.3593812e-03
6.9039297e-01   8.5962983e-03
7.0507699e-01   6.2145162e-03
7.1954900e-01   5.1286551e-03
7.3379302e-01   3.9042409e-03
7.4779499e-01   2.6654091e-03
7.6154202e-01   2.2880731e-03
7.7501899e-01   1.1975797e-03
7.8821403e-01   1.4658932e-03
8.0111301e-01   6.9630507e-04
8.1370401e-01   -8.1407820e-04
8.2597297e-01   -1.8008816e-03
8.3791000e-01   -1.1270526e-03
8.4950101e-01   -2.2860353e-03
8.6073500e-01   -2.1304605e-03
8.7160099e-01   -2.2622028e-03
8.8208801e-01   -2.9416066e-03
8.9218402e-01   -4.1519604e-03
9.0188003e-01   -4.7947108e-03
9.1116500e-01   -3.9416803e-03
9.2003101e-01   -3.9299731e-03
9.2846799e-01   -4.9688276e-03
9.3646699e-01   -4.5894640e-03
9.4401902e-01   -4.9953596e-03
9.5111603e-01   -4.3498860e-03
9.5775098e-01   -3.2057506e-03
9.6392000e-01   -3.2997851e-03
9.6961600e-01   -1.9950762e-03
9.7483599e-01   -1.5517072e-03
9.7957498e-01   -8.4243651e-04
9.8383099e-01   3.7587140e-04
9.8759800e-01   1.0268165e-03
9.9087399e-01   2.2058345e-03
9.9365300e-01   2.5294109e-03
9.9593401e-01   3.4432372e-03
9.9771100e-01   4.0862886e-03
9.9898201e-01   4.3537007e-03
9.9974501e-01   4.3759821e-03
1.0000000e+00   4.4866703e-03
