1.0000000e+00   -9.1920429e-06
9.9974501e-01   1.1342229e-04
9.9898201e-01   5.5751397e-04
9.9771100e-01   1.3010482e-03
9.9593300e-01   2.1537635e-03
9.9365300e-01   3.3415344e-03
9.9087399e-01   4.8615476e-03
9.8759800e-01   6.5879459e-03
9.8382998e-01   8.4588164e-03
9.7957498e-01   1.0618648e-02
9.7483599e-01   1.3179788e-02
9.6961600e-01   1.5779264e-02
9.6392000e-01   1.8693035e-02
9.5775098e-01   2.1839429e-02
9.5111603e-01   2.5167661e-02
9.4401902e-01   2.8797762e-02
9.3646699e-01   3.2722738e-02
9.2846799e-01   3.6927298e-02
9.2003101e-01   4.1282035e-02
9.1116500e-01   4.5804426e-02
9.0187901e-01   5.0752744e-02
8.9218301e-01   5.5778302e-02
8.8208699e-01   6.1067235e-02
8.7160099e-01   6.6701129e-02
8.6073500e-01   7.2489984e-02
8.4950101e-01   7.8308739e-02
8.3791000e-01   8.4460452e-02
8.2597399e-01   9.0703592e-02
8.1370401e-01   9.7229101e-02
8.0111301e-01   1.0364965e-01
7.8821403e-01   1.1017527e-01
7.7501899e-01   1.1674534e-01
7.6154101e-01   1.2333319e-01
7.4779499e-01   1.3003558e-01
7.3379201e-01   1.3659124e-01
7.1954799e-01   1.4321736e-01
7.0507699e-01   1.4988261e-01
6.9039202e-01   1.5649088e-01
6.7550898e-01   1.6333018e-01
6.6044199e-01   1.6978142e-01
6.4520597e-01   1.7612563e-01
6.2981701e-01   1.8227062e-01
6.1429000e-01   1.8833531e-01
5.9864002e-01   1.9393766e-01
5.8288401e-01   1.9946362e-01
5.6703597e-01   2.0443715e-01
5.5111301e-01   2.0936786e-01
5.3513098e-01   2.1402465e-01
5.1910597e-01   2.1848390e-01
5.0305402e-01   2.2242251e-01
4.8699099e-01   2.2621775e-01
4.7093400e-01   2.2951519e-01
4.5489800e-01   2.3247209e-01
4.3889999e-01   2.3513857e-01
4.2295599e-01   2.3735948e-01
4.0708300e-01   2.3919985e-01
3.9129499e-01   2.4042682e-01
3.7560999e-01   2.4147066e-01
3.6004400e-01   2.4209297e-01
3.4461200e-01   2.4270220e-01
3.2933000e-01   2.4267977e-01
3.1421301e-01   2.4203575e-01
2.9927900e-01   2.4118401e-01
2.8454101e-01   2.4009843e-01
2.7001500e-01   2.3845986e-01
2.5571701e-01   2.3653938e-01
2.4166100e-01   2.3412351e-01
2.2786200e-01   2.3156795e-01
2.1433599e-01   2.2839446e-01
2.0109500e-01   2.2474858e-01
1.8815500e-01   2.2080246e-01
1.7553000e-01   2.1621636e-01
1.6323400e-01   2.1149141e-01
1.5128000e-01   2.0611510e-01
1.3968100e-01   2.0047043e-01
1.2845200e-01   1.9441819e-01
1.1760600e-01   1.8791656e-01
1.0715500e-01   1.8075731e-01
9.7112998e-02   1.7356786e-01
8.7493002e-02   1.6574946e-01
7.8305997e-02   1.5758356e-01
6.9565997e-02   1.4905755e-01
6.1285000e-02   1.4018552e-01
5.3474002e-02   1.3086376e-01
4.6149999e-02   1.2140477e-01
3.9326001e-02   1.1161639e-01
3.3013999e-02   1.0172565e-01
2.7230000e-02   9.1737449e-02
2.1980001e-02   8.1621036e-02
1.7277000e-02   7.1482271e-02
1.3141000e-02   6.1135974e-02
9.5729996e-03   5.0945457e-02
6.5830001e-03   4.1040055e-02
4.1880002e-03   3.1631052e-02
2.3540000e-03   2.2789551e-02
1.0810000e-03   1.5056996e-02
3.7100000e-04   8.5481331e-03
7.6999997e-05   3.8622722e-03
4.9999999e-06   9.6665719e-04
0.0000000e+00   3.2800704e-06
4.9999999e-06   -9.3510398e-04
7.6999997e-05   -3.8082397e-03
3.7100000e-04   -8.2636736e-03
1.0810000e-03   -1.4081797e-02
2.3530000e-03   -2.0574108e-02
4.1880002e-03   -2.7372347e-02
6.5850001e-03   -3.3755530e-02
9.5760003e-03   -3.9966535e-02
1.3145000e-02   -4.5912400e-02
1.7281000e-02   -5.1727008e-02
2.1983000e-02   -5.7151571e-02
2.7232001e-02   -6.2377363e-02
3.3016000e-02   -6.7326613e-02
3.9328001e-02   -7.2002187e-02
4.6151999e-02   -7.6574422e-02
5.3475998e-02   -8.0863319e-02
6.1287001e-02   -8.4950589e-02
6.9568001e-02   -8.8823773e-02
7.8308001e-02   -9.2498332e-02
8.7494999e-02   -9.5989160e-02
9.7115003e-02   -9.9200733e-02
1.0715700e-01   -1.0240865e-01
1.1760800e-01   -1.0535549e-01
1.2845400e-01   -1.0832111e-01
1.3968299e-01   -1.1099292e-01
1.5128200e-01   -1.1329405e-01
1.6323499e-01   -1.1558794e-01
1.7553200e-01   -1.1776895e-01
1.8815701e-01   -1.1978716e-01
2.0109700e-01   -1.2153815e-01
2.1433701e-01   -1.2303558e-01
2.2786400e-01   -1.2478303e-01
2.4166299e-01   -1.2614101e-01
2.5571901e-01   -1.2719294e-01
2.7001700e-01   -1.2826441e-01
2.8454199e-01   -1.2879767e-01
2.9927999e-01   -1.2939170e-01
3.1421500e-01   -1.2979543e-01
3.2933101e-01   -1.3016732e-01
3.4461299e-01   -1.3022815e-01
3.6004499e-01   -1.3009486e-01
3.7561101e-01   -1.2971283e-01
3.9129600e-01   -1.2910409e-01
4.0708300e-01   -1.2845294e-01
4.2295700e-01   -1.2753747e-01
4.3890101e-01   -1.2665710e-01
4.5489901e-01   -1.2536380e-01
4.7093499e-01   -1.2397675e-01
4.8699200e-01   -1.2221295e-01
5.0305498e-01   -1.2015563e-01
5.1910698e-01   -1.1776847e-01
5.3513199e-01   -1.1554093e-01
5.5111402e-01   -1.1285900e-01
5.6703597e-01   -1.1004654e-01
5.8288401e-01   -1.0669564e-01
5.9864002e-01   -1.0341988e-01
6.1429000e-01   -9.9917874e-02
6.2981701e-01   -9.6470259e-02
6.4520597e-01   -9.2729852e-02
6.6044199e-01   -8.9156985e-02
6.7550898e-01   -8.5418828e-02
6.9039297e-01   -8.1586905e-02
7.0507699e-01   -7.7702165e-02
7.1954900e-01   -7.3907360e-02
7.3379302e-01   -7.0172720e-02
7.4779499e-01   -6.6330917e-02
7.6154202e-01   -6.2697291e-02
7.7501899e-01   -5.9207037e-02
7.8821403e-01   -5.5808529e-02
8.0111301e-01   -5.2324984e-02
8.1370401e-01   -4.8940606e-02
8.2597297e-01   -4.5820039e-02
8.3791000e-01   -4.2569026e-02
8.4950101e-01   -3.9633144e-02
8.6073500e-01   -3.6601443e-02
8.7160099e-01   -3.3768106e-02
8.8208801e-01   -3.0953439e-02
8.9218402e-01   -2.8095914e-02
9.0188003e-01   -2.5568463e-02
9.1116500e-01   -2.3081020e-02
9.2003101e-01   -2.0744313e-02
9.2846799e-01   -1.8542826e-02
9.3646699e-01   -1.6452609e-02
9.4401902e-01   -1.4504844e-02
9.5111603e-01   -1.2770115e-02
9.5775098e-01   -1.1224126e-02
9.6392000e-01   -9.5947031e-03
9.6961600e-01   -8.1871022e-03
9.7483599e-01   -6.7871041e-03
9.7957498e-01   -5.4788003e-03
9.8383099e-01   -4.4174781e-03
9.8759800e-01   -3.3629835e-03
9.9087399e-01   -2.4817027e-03
9.9365300e-01   -1.6893354e-03
9.9593401e-01   -1.1095726e-03
9.9771100e-01   -5.7129923e-04
9.9898201e-01   -2.1147121e-04
9.9974501e-01   -7.8895959e-05
1.0000000e+00   1.3363215e-05
