1.0000000e+00   7.6416862e-04
9.9974501e-01   9.1942470e-04
9.9898201e-01   1.3569902e-03
9.9771100e-01   1.8293343e-03
9.9593300e-01   2.0233029e-03
9.9365300e-01   2.2158055e-03
9.9087399e-01   2.6714050e-03
9.8759800e-01   3.2503044e-03
9.8382998e-01   3.9445604e-03
9.7957498e-01   4.7979788e-03
9.7483599e-01   5.8077229e-03
9.6961600e-01   6.9863722e-03
9.6392000e-01   8.4242998e-03
9.5775098e-01   1.0225420e-02
9.5111603e-01   1.2421236e-02
9.4401902e-01   1.5037957e-02
9.3646699e-01   1.8146433e-02
9.2846799e-01   2.1840567e-02
9.2003101e-01   2.6158771e-02
9.1116500e-01   3.1130500e-02
9.0187901e-01   3.6757756e-02
8.9218301e-01   4.3042760e-02
8.8208699e-01   5.0013207e-02
8.7160099e-01   5.7674434e-02
8.6073500e-01   6.6065580e-02
8.4950101e-01   7.5361080e-02
8.3791000e-01   8.5836455e-02
8.2597399e-01   9.7423263e-02
8.1370401e-01   1.0989185e-01
8.0111301e-01   1.2342118e-01
7.8821403e-01   1.3796180e-01
7.7501899e-01   1.5322705e-01
7.6154101e-01   1.6901742e-01
7.4779499e-01   1.8526395e-01
7.3379201e-01   2.0192845e-01
7.1954799e-01   2.1887371e-01
7.0507699e-01   2.3593940e-01
6.9039202e-01   2.5304663e-01
6.7550898e-01   2.7010033e-01
6.6044199e-01   2.8694054e-01
6.4520597e-01   3.0346194e-01
6.2981701e-01   3.1963104e-01
6.1429000e-01   3.3537224e-01
5.9864002e-01   3.5056520e-01
5.8288401e-01   3.6504871e-01
5.6703597e-01   3.7873128e-01
5.5111301e-01   3.9155632e-01
5.3513098e-01   4.0345091e-01
5.1910597e-01   4.1426879e-01
5.0305402e-01   4.2391062e-01
4.8699099e-01   4.3234587e-01
4.7093400e-01   4.3956503e-01
4.5489800e-01   4.4555771e-01
4.3889999e-01   4.5031217e-01
4.2295599e-01   4.5388496e-01
4.0708300e-01   4.5627606e-01
3.9129499e-01   4.5749211e-01
3.7560999e-01   4.5759043e-01
3.6004400e-01   4.5666593e-01
3.4461200e-01   4.5478937e-01
3.2933000e-01   4.5202291e-01
3.1421301e-01   4.4836885e-01
2.9927900e-01   4.4379658e-01
2.8454101e-01   4.3819910e-01
2.7001500e-01   4.3150538e-01
2.5571701e-01   4.2373300e-01
2.4166100e-01   4.1491067e-01
2.2786200e-01   4.0513298e-01
2.1433599e-01   3.9456233e-01
2.0109500e-01   3.8320816e-01
1.8815500e-01   3.7101403e-01
1.7553000e-01   3.5796666e-01
1.6323400e-01   3.4413996e-01
1.5128000e-01   3.2966414e-01
1.3968100e-01   3.1463298e-01
1.2845200e-01   2.9915410e-01
1.1760600e-01   2.8344357e-01
1.0715500e-01   2.6758206e-01
9.7112998e-02   2.5143400e-01
8.7493002e-02   2.3500462e-01
7.8305997e-02   2.1854088e-01
6.9565997e-02   2.0213856e-01
6.1285000e-02   1.8567014e-01
5.3474002e-02   1.6911419e-01
4.6149999e-02   1.5266716e-01
3.9326001e-02   1.3655990e-01
3.3013999e-02   1.2099528e-01
2.7230000e-02   1.0626284e-01
2.1980001e-02   9.2493206e-02
1.7277000e-02   7.9057612e-02
1.3141000e-02   6.5873884e-02
9.5729996e-03   5.3321097e-02
6.5830001e-03   4.1712146e-02
4.1880002e-03   3.1202178e-02
2.3540000e-03   2.1923669e-02
1.0810000e-03   1.3922619e-02
3.7100000e-04   7.3747821e-03
7.6999997e-05   2.5385446e-03
4.9999999e-06   -4.2018612e-04
0.0000000e+00   -1.4215950e-03
4.9999999e-06   -2.3758812e-03
7.6999997e-05   -5.1864013e-03
3.7100000e-04   -9.6755438e-03
1.0810000e-03   -1.5439342e-02
2.3530000e-03   -2.1832457e-02
4.1880002e-03   -2.8389899e-02
6.5850001e-03   -3.4986954e-02
9.5760003e-03   -4.2076323e-02
1.3145000e-02   -4.9433276e-02
1.7281000e-02   -5.5238102e-02
2.1983000e-02   -5.9352331e-02
2.7232001e-02   -6.2386673e-02
3.3016000e-02   -6.4761847e-02
3.9328001e-02   -6.6680521e-02
4.6151999e-02   -6.8262488e-02
5.3475998e-02   -6.9646522e-02
6.1287001e-02   -7.0952743e-02
6.9568001e-02   -7.2239779e-02
7.8308001e-02   -7.3662601e-02
8.7494999e-02   -7.5282685e-02
9.7115003e-02   -7.6973401e-02
1.0715700e-01   -7.8583971e-02
1.1760800e-01   -8.0110341e-02
1.2845400e-01   -8.1600629e-02
1.3968299e-01   -8.3061293e-02
1.5128200e-01   -8.4468655e-02
1.6323499e-01   -8.5875049e-02
1.7553200e-01   -8.7321937e-02
1.8815701e-01   -8.8762827e-02
2.0109700e-01   -9.0099983e-02
2.1433701e-01   -9.1349505e-02
2.2786400e-01   -9.2573859e-02
2.4166299e-01   -9.3747079e-02
2.5571901e-01   -9.4844319e-02
2.7001700e-01   -9.5916890e-02
2.8454199e-01   -9.6995547e-02
2.9927999e-01   -9.8086432e-02
3.1421500e-01   -9.9190995e-02
3.2933101e-01   -1.0033583e-01
3.4461299e-01   -1.0156218e-01
3.6004499e-01   -1.0290848e-01
3.7561101e-01   -1.0438912e-01
3.9129600e-01   -1.0604084e-01
4.0708300e-01   -1.0793504e-01
4.2295700e-01   -1.1006865e-01
4.3890101e-01   -1.1243822e-01
4.5489901e-01   -1.1502046e-01
4.7093499e-01   -1.1777709e-01
4.8699200e-01   -1.2068141e-01
5.0305498e-01   -1.2371925e-01
5.1910698e-01   -1.2685251e-01
5.3513199e-01   -1.3002145e-01
5.5111402e-01   -1.3315123e-01
5.6703597e-01   -1.3614964e-01
5.8288401e-01   -1.3898510e-01
5.9864002e-01   -1.4162482e-01
6.1429000e-01   -1.4396842e-01
6.2981701e-01   -1.4595403e-01
6.4520597e-01   -1.4759426e-01
6.6044199e-01   -1.4882258e-01
6.7550898e-01   -1.4953981e-01
6.9039297e-01   -1.4968242e-01
7.0507699e-01   -1.4915203e-01
7.1954900e-01   -1.4786316e-01
7.3379302e-01   -1.4579615e-01
7.4779499e-01   -1.4301737e-01
7.6154202e-01   -1.3946873e-01
7.7501899e-01   -1.3515200e-01
7.8821403e-01   -1.3012184e-01
8.0111301e-01   -1.2440048e-01
8.1370401e-01   -1.1810914e-01
8.2597297e-01   -1.1143976e-01
8.3791000e-01   -1.0453158e-01
8.4950101e-01   -9.7492173e-02
8.6073500e-01   -9.0437211e-02
8.7160099e-01   -8.3477698e-02
8.8208801e-01   -7.6696098e-02
8.9218402e-01   -7.0157275e-02
9.0188003e-01   -6.3906841e-02
9.1116500e-01   -5.7979304e-02
9.2003101e-01   -5.2366018e-02
9.2846799e-01   -4.7057368e-02
9.3646699e-01   -4.2048205e-02
9.4401902e-01   -3.7333690e-02
9.5111603e-01   -3.2890145e-02
9.5775098e-01   -2.8689982e-02
9.6392000e-01   -2.4755381e-02
9.6961600e-01   -2.1068068e-02
9.7483599e-01   -1.7611336e-02
9.7957498e-01   -1.4461054e-02
9.8383099e-01   -1.1681926e-02
9.8759800e-01   -9.2088701e-03
9.9087399e-01   -7.0040887e-03
9.9365300e-01   -5.1693828e-03
9.9593401e-01   -3.8634280e-03
9.9771100e-01   -2.8369704e-03
9.9898201e-01   -1.8500702e-03
9.9974501e-01   -1.1299015e-03
1.0000000e+00   -8.8132801e-04
