1.0000000e+00   4.6403003e-03
9.9974501e-01   4.4392007e-03
9.9898201e-01   4.9275709e-03
9.9771100e-01   4.6429508e-03
9.9593300e-01   5.4487102e-03
9.9365300e-01   6.0473285e-03
9.9087399e-01   6.3198572e-03
9.8759800e-01   7.1251118e-03
9.8382998e-01   7.7669001e-03
9.7957498e-01   9.0411855e-03
9.7483599e-01   9.8690260e-03
9.6961600e-01   1.1169272e-02
9.6392000e-01   1.3129894e-02
9.5775098e-01   1.4727016e-02
9.5111603e-01   1.6106291e-02
9.4401902e-01   1.8097129e-02
9.3646699e-01   2.0301662e-02
9.2846799e-01   2.2982851e-02
9.2003101e-01   2.5626136e-02
9.1116500e-01   2.8220583e-02
9.0187901e-01   3.1468444e-02
8.9218301e-01   3.5220932e-02
8.8208699e-01   3.8557559e-02
8.7160099e-01   4.2476792e-02
8.6073500e-01   4.7205973e-02
8.4950101e-01   5.1344365e-02
8.3791000e-01   5.6401893e-02
8.2597399e-01   6.0454365e-02
8.1370401e-01   6.6683650e-02
8.0111301e-01   7.2603226e-02
7.8821403e-01   7.7687882e-02
7.7501899e-01   8.3667614e-02
7.6154101e-01   8.9890674e-02
7.4779499e-01   9.6548043e-02
7.3379201e-01   1.0321832e-01
7.1954799e-01   1.0981126e-01
7.0507699e-01   1.1701019e-01
6.9039202e-01   1.2371520e-01
6.7550898e-01   1.3055426e-01
6.6044199e-01   1.3834828e-01
6.4520597e-01   1.4428207e-01
6.2981701e-01   1.5216511e-01
6.1429000e-01   1.5973417e-01
5.9864002e-01   1.6683105e-01
5.8288401e-01   1.7425527e-01
5.6703597e-01   1.8090840e-01
5.5111301e-01   1.8745191e-01
5.3513098e-01   1.9520792e-01
5.1910597e-01   2.0042546e-01
5.0305402e-01   2.0683977e-01
4.8699099e-01   2.1341676e-01
4.7093400e-01   2.1812142e-01
4.5489800e-01   2.2240822e-01
4.3889999e-01   2.2918241e-01
4.2295599e-01   2.3329476e-01
4.0708300e-01   2.3661385e-01
3.9129499e-01   2.3940568e-01
3.7560999e-01   2.4135850e-01
3.6004400e-01   2.4450624e-01
3.4461200e-01   2.4554177e-01
3.2933000e-01   2.4739340e-01
3.1421301e-01   2.4606864e-01
2.9927900e-01   2.4696064e-01
2.8454101e-01   2.4563776e-01
2.7001500e-01   2.4424210e-01
2.5571701e-01   2.4192476e-01
2.4166100e-01   2.3918425e-01
2.2786200e-01   2.3587669e-01
2.1433599e-01   2.3245929e-01
2.0109500e-01   2.2744599e-01
1.8815500e-01   2.2166373e-01
1.7553000e-01   2.1658058e-01
1.6323400e-01   2.1049304e-01
1.5128000e-01   2.0411962e-01
1.3968100e-01   1.9791268e-01
1.2845200e-01   1.8965778e-01
1.1760600e-01   1.8229786e-01
1.0715500e-01   1.7398421e-01
9.7112998e-02   1.6449487e-01
8.7493002e-02   1.5541042e-01
7.8305997e-02   1.4620444e-01
6.9565997e-02   1.3674623e-01
6.1285000e-02   1.2628293e-01
5.3474002e-02   1.1666927e-01
4.6149999e-02   1.0712287e-01
3.9326001e-02   9.6800447e-02
3.3013999e-02   8.6707443e-02
2.7230000e-02   7.6245621e-02
2.1980001e-02   6.6629536e-02
1.7277000e-02   5.7303533e-02
1.3141000e-02   4.8086036e-02
9.5729996e-03   3.9335150e-02
6.5830001e-03   3.1207746e-02
4.1880002e-03   2.3223970e-02
2.3540000e-03   1.6140826e-02
1.0810000e-03   1.0376346e-02
3.7100000e-04   5.3236466e-03
7.6999997e-05   1.5911837e-03
4.9999999e-06   -7.1722514e-04
0.0000000e+00   -1.1661063e-03
4.9999999e-06   -2.0829323e-03
7.6999997e-05   -4.0940768e-03
3.7100000e-04   -7.4738581e-03
1.0810000e-03   -1.1466503e-02
2.3530000e-03   -1.6388500e-02
4.1880002e-03   -2.0768624e-02
6.5850001e-03   -2.4134744e-02
9.5760003e-03   -2.7027896e-02
1.3145000e-02   -2.8930560e-02
1.7281000e-02   -2.9714357e-02
2.1983000e-02   -3.0139666e-02
2.7232001e-02   -2.9845191e-02
3.3016000e-02   -3.0080596e-02
3.9328001e-02   -2.9450867e-02
4.6151999e-02   -2.8241320e-02
5.3475998e-02   -2.8867351e-02
6.1287001e-02   -2.7865758e-02
6.9568001e-02   -2.7292253e-02
7.8308001e-02   -2.6336137e-02
8.7494999e-02   -2.5678111e-02
9.7115003e-02   -2.4859887e-02
1.0715700e-01   -2.3779979e-02
1.1760800e-01   -2.3098389e-02
1.2845400e-01   -2.1539450e-02
1.3968299e-01   -2.0712869e-02
1.5128200e-01   -2.0403825e-02
1.6323499e-01   -1.8475154e-02
1.7553200e-01   -1.9002002e-02
1.8815701e-01   -1.8223708e-02
2.0109700e-01   -1.7179579e-02
2.1433701e-01   -1.7805703e-02
2.2786400e-01   -1.6719395e-02
2.4166299e-01   -1.6622763e-02
2.5571901e-01   -1.6032498e-02
2.7001700e-01   -1.5528612e-02
2.8454199e-01   -1.5489923e-02
2.9927999e-01   -1.6022455e-02
3.1421500e-01   -1.5921384e-02
3.2933101e-01   -1.6374733e-02
3.4461299e-01   -1.7330699e-02
3.6004499e-01   -1.8136688e-02
3.7561101e-01   -1.8319692e-02
3.9129600e-01   -1.9314233e-02
4.0708300e-01   -1.9761389e-02
4.2295700e-01   -2.0634038e-02
4.3890101e-01   -2.0832587e-02
4.5489901e-01   -2.0827634e-02
4.7093499e-01   -2.2034118e-02
4.8699200e-01   -2.3898914e-02
5.0305498e-01   -2.4820054e-02
5.1910698e-01   -2.5701137e-02
5.3513199e-01   -2.6890548e-02
5.5111402e-01   -2.7867088e-02
5.6703597e-01   -2.7874900e-02
5.8288401e-01   -2.8991079e-02
5.9864002e-01   -3.0290194e-02
6.1429000e-01   -3.1405877e-02
6.2981701e-01   -3.1268034e-02
6.4520597e-01   -3.2652397e-02
6.6044199e-01   -3.4027804e-02
6.7550898e-01   -3.4316130e-02
6.9039297e-01   -3.5728697e-02
7.0507699e-01   -3.4969047e-02
7.1954900e-01   -3.5771620e-02
7.3379302e-01   -3.6135182e-02
7.4779499e-01   -3.7100550e-02
7.6154202e-01   -3.7528522e-02
7.7501899e-01   -3.7111074e-02
7.8821403e-01   -3.6402542e-02
8.0111301e-01   -3.6566284e-02
8.1370401e-01   -3.5836641e-02
8.2597297e-01   -3.5246268e-02
8.3791000e-01   -3.3905968e-02
8.4950101e-01   -3.2822933e-02
8.6073500e-01   -3.1634204e-02
8.7160099e-01   -3.0553749e-02
8.8208801e-01   -2.8312862e-02
8.9218402e-01   -2.7619358e-02
9.0188003e-01   -2.5375061e-02
9.1116500e-01   -2.4429655e-02
9.2003101e-01   -2.3157647e-02
9.2846799e-01   -2.1075174e-02
9.3646699e-01   -1.9047616e-02
9.4401902e-01   -1.7195273e-02
9.5111603e-01   -1.5489726e-02
9.5775098e-01   -1.4188539e-02
9.6392000e-01   -1.2573907e-02
9.6961600e-01   -1.0691660e-02
9.7483599e-01   -8.6638657e-03
9.7957498e-01   -7.6067066e-03
9.8383099e-01   -6.1021047e-03
9.8759800e-01   -4.8090015e-03
9.9087399e-01   -3.4625416e-03
9.9365300e-01   -2.6875651e-03
9.9593401e-01   -1.8792505e-03
9.9771100e-01   -8.4209739e-04
9.9898201e-01   -6.0683553e-04
9.9974501e-01   -1.6516331e-04
1.0000000e+00   -2.8521311e-04
