1.0000000e+00   -9.0306312e-06
9.9974501e-01   1.1817246e-04
9.9898201e-01   5.7024759e-04
9.9771100e-01   1.3361272e-03
9.9593300e-01   2.1998018e-03
9.9365300e-01   3.3968871e-03
9.9087399e-01   4.9082460e-03
9.8759800e-01   6.6151773e-03
9.8382998e-01   8.4532890e-03
9.7957498e-01   1.0598326e-02
9.7483599e-01   1.3133067e-02
9.6961600e-01   1.5704781e-02
9.6392000e-01   1.8596087e-02
9.5775098e-01   2.1718483e-02
9.5111603e-01   2.5017206e-02
9.4401902e-01   2.8622640e-02
9.3646699e-01   3.2499243e-02
9.2846799e-01   3.6647629e-02
9.2003101e-01   4.0941209e-02
9.1116500e-01   4.5409881e-02
9.0187901e-01   5.0296281e-02
8.9218301e-01   5.5253472e-02
8.8208699e-01   6.0470551e-02
8.7160099e-01   6.6023193e-02
8.6073500e-01   7.1737066e-02
8.4950101e-01   7.7473767e-02
8.3791000e-01   8.3531037e-02
8.2597399e-01   8.9698881e-02
8.1370401e-01   9.6129693e-02
8.0111301e-01   1.0247356e-01
7.8821403e-01   1.0891099e-01
7.7501899e-01   1.1540093e-01
7.6154101e-01   1.2189785e-01
7.4779499e-01   1.2850823e-01
7.3379201e-01   1.3497771e-01
7.1954799e-01   1.4152649e-01
7.0507699e-01   1.4809804e-01
6.9039202e-01   1.5462489e-01
6.7550898e-01   1.6137809e-01
6.6044199e-01   1.6775873e-01
6.4520597e-01   1.7401110e-01
6.2981701e-01   1.8006065e-01
6.1429000e-01   1.8604572e-01
5.9864002e-01   1.9158523e-01
5.8288401e-01   1.9705833e-01
5.6703597e-01   2.0197771e-01
5.5111301e-01   2.0685826e-01
5.3513098e-01   2.1147442e-01
5.1910597e-01   2.1589956e-01
5.0305402e-01   2.1982348e-01
4.8699099e-01   2.2359486e-01
4.7093400e-01   2.2687940e-01
4.5489800e-01   2.2980131e-01
4.3889999e-01   2.3245788e-01
4.2295599e-01   2.3468626e-01
4.0708300e-01   2.3654342e-01
3.9129499e-01   2.3778185e-01
3.7560999e-01   2.3882942e-01
3.6004400e-01   2.3944551e-01
3.4461200e-01   2.4007995e-01
3.2933000e-01   2.4008952e-01
3.1421301e-01   2.3947538e-01
2.9927900e-01   2.3864430e-01
2.8454101e-01   2.3757902e-01
2.7001500e-01   2.3597144e-01
2.5571701e-01   2.3407492e-01
2.4166100e-01   2.3167640e-01
2.2786200e-01   2.2913918e-01
2.1433599e-01   2.2598672e-01
2.0109500e-01   2.2236907e-01
1.8815500e-01   2.1845199e-01
1.7553000e-01   2.1389982e-01
1.6323400e-01   2.0922177e-01
1.5128000e-01   2.0390093e-01
1.3968100e-01   1.9829100e-01
1.2845200e-01   1.9228584e-01
1.1760600e-01   1.8582194e-01
1.0715500e-01   1.7871971e-01
9.7112998e-02   1.7157252e-01
8.7493002e-02   1.6382454e-01
7.8305997e-02   1.5572041e-01
6.9565997e-02   1.4727202e-01
6.1285000e-02   1.3847587e-01
5.3474002e-02   1.2922937e-01
4.6149999e-02   1.1985888e-01
3.9326001e-02   1.1017373e-01
3.3013999e-02   1.0040043e-01
2.7230000e-02   9.0547569e-02
2.1980001e-02   8.0575585e-02
1.7277000e-02   7.0604131e-02
1.3141000e-02   6.0426965e-02
9.5729996e-03   5.0417896e-02
6.5830001e-03   4.0688377e-02
4.1880002e-03   3.1424958e-02
2.3540000e-03   2.2682967e-02
1.0810000e-03   1.5014675e-02
3.7100000e-04   8.5373651e-03
7.6999997e-05   3.8594429e-03
4.9999999e-06   9.6673460e-04
0.0000000e+00   2.1534797e-06
4.9999999e-06   -9.3344878e-04
7.6999997e-05   -3.7992762e-03
3.7100000e-04   -8.2344403e-03
1.0810000e-03   -1.3996800e-02
2.3530000e-03   -2.0369671e-02
4.1880002e-03   -2.6970208e-02
6.5850001e-03   -3.3081390e-02
9.5760003e-03   -3.8965929e-02
1.3145000e-02   -4.4571303e-02
1.7281000e-02   -5.0022967e-02
2.1983000e-02   -5.5076271e-02
2.7232001e-02   -5.9939951e-02
3.3016000e-02   -6.4526200e-02
3.9328001e-02   -6.8825312e-02
4.6151999e-02   -7.3012896e-02
5.3475998e-02   -7.6945677e-02
6.1287001e-02   -8.0691390e-02
6.9568001e-02   -8.4210806e-02
7.8308001e-02   -8.7560095e-02
8.7494999e-02   -9.0731345e-02
9.7115003e-02   -9.3652904e-02
1.0715700e-01   -9.6574731e-02
1.1760800e-01   -9.9251881e-02
1.2845400e-01   -1.0195737e-01
1.3968299e-01   -1.0439046e-01
1.5128200e-01   -1.0646808e-01
1.6323499e-01   -1.0853828e-01
1.7553200e-01   -1.1052904e-01
1.8815701e-01   -1.1236025e-01
2.0109700e-01   -1.1394366e-01
2.1433701e-01   -1.1529341e-01
2.2786400e-01   -1.1690862e-01
2.4166299e-01   -1.1813571e-01
2.5571901e-01   -1.1908986e-01
2.7001700e-01   -1.2008085e-01
2.8454199e-01   -1.2054995e-01
2.9927999e-01   -1.2108124e-01
3.1421500e-01   -1.2145253e-01
3.2933101e-01   -1.2178404e-01
3.4461299e-01   -1.2183755e-01
3.6004499e-01   -1.2171388e-01
3.7561101e-01   -1.2136415e-01
3.9129600e-01   -1.2079906e-01
4.0708300e-01   -1.2019861e-01
4.2295700e-01   -1.1936457e-01
4.3890101e-01   -1.1857818e-01
4.5489901e-01   -1.1739334e-01
4.7093499e-01   -1.1612891e-01
4.8699200e-01   -1.1449168e-01
5.0305498e-01   -1.1258536e-01
5.1910698e-01   -1.1036427e-01
5.3513199e-01   -1.0830807e-01
5.5111402e-01   -1.0582301e-01
5.6703597e-01   -1.0319640e-01
5.8288401e-01   -1.0004342e-01
5.9864002e-01   -9.6990176e-02
6.1429000e-01   -9.3721911e-02
6.2981701e-01   -9.0516701e-02
6.4520597e-01   -8.7004878e-02
6.6044199e-01   -8.3683692e-02
6.7550898e-01   -8.0153890e-02
6.9039297e-01   -7.6552823e-02
7.0507699e-01   -7.2886012e-02
7.1954900e-01   -6.9312535e-02
7.3379302e-01   -6.5778419e-02
7.4779499e-01   -6.2134065e-02
7.6154202e-01   -5.8713987e-02
7.7501899e-01   -5.5421919e-02
7.8821403e-01   -5.2232314e-02
8.0111301e-01   -4.8962206e-02
8.1370401e-01   -4.5783196e-02
8.2597297e-01   -4.2872373e-02
8.3791000e-01   -3.9850466e-02
8.4950101e-01   -3.7131704e-02
8.6073500e-01   -3.4308050e-02
8.7160099e-01   -3.1664252e-02
8.8208801e-01   -2.9024392e-02
8.9218402e-01   -2.6330955e-02
9.0188003e-01   -2.3959201e-02
9.1116500e-01   -2.1622460e-02
9.2003101e-01   -1.9436710e-02
9.2846799e-01   -1.7383128e-02
9.3646699e-01   -1.5427666e-02
9.4401902e-01   -1.3610669e-02
9.5111603e-01   -1.1987581e-02
9.5775098e-01   -1.0519846e-02
9.6392000e-01   -8.9852866e-03
9.6961600e-01   -7.6757292e-03
9.7483599e-01   -6.3712923e-03
9.7957498e-01   -5.1425998e-03
9.8383099e-01   -4.1632839e-03
9.8759800e-01   -3.1789639e-03
9.9087399e-01   -2.3571786e-03
9.9365300e-01   -1.6112279e-03
9.9593401e-01   -1.0682677e-03
9.9771100e-01   -5.5778620e-04
9.9898201e-01   -2.1280596e-04
9.9974501e-01   -8.1982769e-05
1.0000000e+00   1.3241930e-05
