1.0000000e+00   1.8288449e-03
9.9974501e-01   1.6905253e-03
9.9898201e-01   2.7779099e-03
9.9771100e-01   3.7444278e-03
9.9593300e-01   5.0864127e-03
9.9365300e-01   7.1491823e-03
9.9087399e-01   9.2235059e-03
9.8759800e-01   1.1513066e-02
9.8382998e-01   1.4997985e-02
9.7957498e-01   1.8112252e-02
9.7483599e-01   2.1489291e-02
9.6961600e-01   2.5599703e-02
9.6392000e-01   3.0461801e-02
9.5775098e-01   3.5034958e-02
9.5111603e-01   4.0138658e-02
9.4401902e-01   4.5135666e-02
9.3646699e-01   5.1066115e-02
9.2846799e-01   5.6947429e-02
9.2003101e-01   6.3503943e-02
9.1116500e-01   6.9269538e-02
9.0187901e-01   7.6381803e-02
8.9218301e-01   8.3610758e-02
8.8208699e-01   9.0913109e-02
8.7160099e-01   9.8312266e-02
8.6073500e-01   1.0575543e-01
8.4950101e-01   1.1383619e-01
8.3791000e-01   1.2161148e-01
8.2597399e-01   1.3037081e-01
8.1370401e-01   1.3918868e-01
8.0111301e-01   1.4765349e-01
7.8821403e-01   1.5682919e-01
7.7501899e-01   1.6567633e-01
7.6154101e-01   1.7502126e-01
7.4779499e-01   1.8406671e-01
7.3379201e-01   1.9310795e-01
7.1954799e-01   2.0252962e-01
7.0507699e-01   2.1149874e-01
6.9039202e-01   2.2058828e-01
6.7550898e-01   2.2990836e-01
6.6044199e-01   2.3913778e-01
6.4520597e-01   2.4792719e-01
6.2981701e-01   2.5668067e-01
6.1429000e-01   2.6474023e-01
5.9864002e-01   2.7306607e-01
5.8288401e-01   2.8089291e-01
5.6703597e-01   2.8852388e-01
5.5111301e-01   2.9542431e-01
5.3513098e-01   3.0146444e-01
5.1910597e-01   3.0753917e-01
5.0305402e-01   3.1359497e-01
4.8699099e-01   3.1826445e-01
4.7093400e-01   3.2228887e-01
4.5489800e-01   3.2604390e-01
4.3889999e-01   3.2965884e-01
4.2295599e-01   3.3137849e-01
4.0708300e-01   3.3298033e-01
3.9129499e-01   3.3464661e-01
3.7560999e-01   3.3473861e-01
3.6004400e-01   3.3433864e-01
3.4461200e-01   3.3324111e-01
3.2933000e-01   3.3191741e-01
3.1421301e-01   3.2901105e-01
2.9927900e-01   3.2628751e-01
2.8454101e-01   3.2297871e-01
2.7001500e-01   3.1847495e-01
2.5571701e-01   3.1420967e-01
2.4166100e-01   3.0881283e-01
2.2786200e-01   3.0360347e-01
2.1433599e-01   2.9713669e-01
2.0109500e-01   2.9050323e-01
1.8815500e-01   2.8334418e-01
1.7553000e-01   2.7558473e-01
1.6323400e-01   2.6787999e-01
1.5128000e-01   2.5907531e-01
1.3968100e-01   2.5014850e-01
1.2845200e-01   2.4069937e-01
1.1760600e-01   2.3093495e-01
1.0715500e-01   2.2099377e-01
9.7112998e-02   2.1042992e-01
8.7493002e-02   1.9945350e-01
7.8305997e-02   1.8897192e-01
6.9565997e-02   1.7777738e-01
6.1285000e-02   1.6570951e-01
5.3474002e-02   1.5395725e-01
4.6149999e-02   1.4189859e-01
3.9326001e-02   1.2916447e-01
3.3013999e-02   1.1711362e-01
2.7230000e-02   1.0406831e-01
2.1980001e-02   9.1595680e-02
1.7277000e-02   7.9159990e-02
1.3141000e-02   6.6738352e-02
9.5729996e-03   5.4957341e-02
6.5830001e-03   4.3421764e-02
4.1880002e-03   3.2956485e-02
2.3540000e-03   2.3078326e-02
1.0810000e-03   1.4887721e-02
3.7100000e-04   8.3581554e-03
7.6999997e-05   3.6571566e-03
4.9999999e-06   8.3526480e-04
0.0000000e+00   -1.0676845e-04
4.9999999e-06   -1.2623800e-03
7.6999997e-05   -3.8830840e-03
3.7100000e-04   -8.2830414e-03
1.0810000e-03   -1.3960209e-02
2.3530000e-03   -2.1517674e-02
4.1880002e-03   -2.9437603e-02
6.5850001e-03   -3.7327647e-02
9.5760003e-03   -4.5280378e-02
1.3145000e-02   -5.3201776e-02
1.7281000e-02   -6.0646478e-02
2.1983000e-02   -6.8377472e-02
2.7232001e-02   -7.5504422e-02
3.3016000e-02   -8.2540974e-02
3.9328001e-02   -8.9798033e-02
4.6151999e-02   -9.6172631e-02
5.3475998e-02   -1.0362346e-01
6.1287001e-02   -1.0982447e-01
6.9568001e-02   -1.1641564e-01
7.8308001e-02   -1.2313598e-01
8.7494999e-02   -1.2874976e-01
9.7115003e-02   -1.3496937e-01
1.0715700e-01   -1.4041533e-01
1.1760800e-01   -1.4592443e-01
1.2845400e-01   -1.5141168e-01
1.3968299e-01   -1.5622392e-01
1.5128200e-01   -1.6149360e-01
1.6323499e-01   -1.6628742e-01
1.7553200e-01   -1.7063211e-01
1.8815701e-01   -1.7487715e-01
2.0109700e-01   -1.7816620e-01
2.1433701e-01   -1.8221866e-01
2.2786400e-01   -1.8527870e-01
2.4166299e-01   -1.8774506e-01
2.5571901e-01   -1.9068401e-01
2.7001700e-01   -1.9235413e-01
2.8454199e-01   -1.9399683e-01
2.9927999e-01   -1.9537127e-01
3.1421500e-01   -1.9610219e-01
3.2933101e-01   -1.9655262e-01
3.4461299e-01   -1.9657303e-01
3.6004499e-01   -1.9608700e-01
3.7561101e-01   -1.9522339e-01
3.9129600e-01   -1.9312681e-01
4.0708300e-01   -1.9144441e-01
4.2295700e-01   -1.8897144e-01
4.3890101e-01   -1.8519758e-01
4.5489901e-01   -1.8112171e-01
4.7093499e-01   -1.7695993e-01
4.8699200e-01   -1.7306191e-01
5.0305498e-01   -1.6818133e-01
5.1910698e-01   -1.6246210e-01
5.3513199e-01   -1.5654506e-01
5.5111402e-01   -1.4988801e-01
5.6703597e-01   -1.4359148e-01
5.8288401e-01   -1.3641572e-01
5.9864002e-01   -1.2968773e-01
6.1429000e-01   -1.2262765e-01
6.2981701e-01   -1.1525591e-01
6.4520597e-01   -1.0739344e-01
6.6044199e-01   -1.0007426e-01
6.7550898e-01   -9.2586786e-02
6.9039297e-01   -8.5221946e-02
7.0507699e-01   -7.7819355e-02
7.1954900e-01   -7.0691630e-02
7.3379302e-01   -6.3861266e-02
7.4779499e-01   -5.6999259e-02
7.6154202e-01   -5.0577309e-02
7.7501899e-01   -4.4379201e-02
7.8821403e-01   -3.8525615e-02
8.0111301e-01   -3.3230603e-02
8.1370401e-01   -2.8007301e-02
8.2597297e-01   -2.3641633e-02
8.3791000e-01   -1.9175645e-02
8.4950101e-01   -1.6048722e-02
8.6073500e-01   -1.1526771e-02
8.7160099e-01   -8.8674193e-03
8.8208801e-01   -5.7010069e-03
8.9218402e-01   -3.4323661e-03
9.0188003e-01   -1.3610177e-03
9.1116500e-01   4.0927759e-04
9.2003101e-01   1.6578411e-03
9.2846799e-01   3.0597656e-03
9.3646699e-01   4.2116619e-03
9.4401902e-01   4.0890248e-03
9.5111603e-01   4.8577790e-03
9.5775098e-01   4.7447500e-03
9.6392000e-01   4.2040632e-03
9.6961600e-01   3.3804008e-03
9.7483599e-01   3.1112453e-03
9.7957498e-01   2.5669050e-03
9.8383099e-01   1.4944149e-03
9.8759800e-01   7.6406338e-04
9.9087399e-01   1.1630822e-05
9.9365300e-01   -7.3707371e-04
9.9593401e-01   -1.4380439e-03
9.9771100e-01   -2.4041086e-03
9.9898201e-01   -2.5017736e-03
9.9974501e-01   -2.6421431e-03
1.0000000e+00   -2.6542370e-03
