1.0000000e+00   1.8916893e-03
9.9974501e-01   1.5560974e-03
9.9898201e-01   2.0193977e-03
9.9771100e-01   2.3162996e-03
9.9593300e-01   2.6814383e-03
9.9365300e-01   3.8432472e-03
9.9087399e-01   4.7876383e-03
9.8759800e-01   6.0112835e-03
9.8382998e-01   7.3399371e-03
9.7957498e-01   8.7628765e-03
9.7483599e-01   1.0273491e-02
9.6961600e-01   1.2052805e-02
9.6392000e-01   1.4564333e-02
9.5775098e-01   1.6233509e-02
9.5111603e-01   1.8641343e-02
9.4401902e-01   2.1286186e-02
9.3646699e-01   2.4344925e-02
9.2846799e-01   2.6759645e-02
9.2003101e-01   3.0007321e-02
9.1116500e-01   3.2724202e-02
9.0187901e-01   3.5920117e-02
8.9218301e-01   3.9488178e-02
8.8208699e-01   4.2943198e-02
8.7160099e-01   4.6723340e-02
8.6073500e-01   5.0746843e-02
8.4950101e-01   5.4048140e-02
8.3791000e-01   5.8346521e-02
8.2597399e-01   6.1861150e-02
8.1370401e-01   6.6190176e-02
8.0111301e-01   7.0945144e-02
7.8821403e-01   7.4671142e-02
7.7501899e-01   7.9655230e-02
7.6154101e-01   8.3652921e-02
7.4779499e-01   8.8337176e-02
7.3379201e-01   9.2766427e-02
7.1954799e-01   9.7211033e-02
7.0507699e-01   1.0111509e-01
6.9039202e-01   1.0575989e-01
6.7550898e-01   1.0963954e-01
6.6044199e-01   1.1349198e-01
6.4520597e-01   1.1731154e-01
6.2981701e-01   1.2129076e-01
6.1429000e-01   1.2446325e-01
5.9864002e-01   1.2836483e-01
5.8288401e-01   1.3226821e-01
5.6703597e-01   1.3478032e-01
5.5111301e-01   1.3790198e-01
5.3513098e-01   1.4049365e-01
5.1910597e-01   1.4302431e-01
5.0305402e-01   1.4490864e-01
4.8699099e-01   1.4710256e-01
4.7093400e-01   1.4956328e-01
4.5489800e-01   1.5077741e-01
4.3889999e-01   1.5290858e-01
4.2295599e-01   1.5345100e-01
4.0708300e-01   1.5417235e-01
3.9129499e-01   1.5462473e-01
3.7560999e-01   1.5527235e-01
3.6004400e-01   1.5548800e-01
3.4461200e-01   1.5558256e-01
3.2933000e-01   1.5569094e-01
3.1421301e-01   1.5426534e-01
2.9927900e-01   1.5431127e-01
2.8454101e-01   1.5306570e-01
2.7001500e-01   1.5228106e-01
2.5571701e-01   1.5070215e-01
2.4166100e-01   1.4896171e-01
2.2786200e-01   1.4799513e-01
2.1433599e-01   1.4583878e-01
2.0109500e-01   1.4337651e-01
1.8815500e-01   1.4103000e-01
1.7553000e-01   1.3833964e-01
1.6323400e-01   1.3511829e-01
1.5128000e-01   1.3156214e-01
1.3968100e-01   1.2892038e-01
1.2845200e-01   1.2505433e-01
1.1760600e-01   1.2105524e-01
1.0715500e-01   1.1701470e-01
9.7112998e-02   1.1215676e-01
8.7493002e-02   1.0761567e-01
7.8305997e-02   1.0261548e-01
6.9565997e-02   9.7857013e-02
6.1285000e-02   9.2055731e-02
5.3474002e-02   8.6329982e-02
4.6149999e-02   8.0723837e-02
3.9326001e-02   7.4598402e-02
3.3013999e-02   6.8273619e-02
2.7230000e-02   6.1459165e-02
2.1980001e-02   5.4878201e-02
1.7277000e-02   4.8342463e-02
1.3141000e-02   4.1551430e-02
9.5729996e-03   3.4790590e-02
6.5830001e-03   2.8005671e-02
4.1880002e-03   2.1413550e-02
2.3540000e-03   1.4796816e-02
1.0810000e-03   9.3121724e-03
3.7100000e-04   4.5495024e-03
7.6999997e-05   8.0350466e-04
4.9999999e-06   -1.3318717e-03
0.0000000e+00   -2.0489481e-03
4.9999999e-06   -2.9014011e-03
7.6999997e-05   -5.0235861e-03
3.7100000e-04   -8.4389653e-03
1.0810000e-03   -1.2431338e-02
2.3530000e-03   -1.7262919e-02
4.1880002e-03   -2.2434266e-02
6.5850001e-03   -2.7264694e-02
9.5760003e-03   -3.1820398e-02
1.3145000e-02   -3.6629748e-02
1.7281000e-02   -4.0770020e-02
2.1983000e-02   -4.5102287e-02
2.7232001e-02   -4.9100697e-02
3.3016000e-02   -5.3006273e-02
3.9328001e-02   -5.6859255e-02
4.6151999e-02   -6.0109619e-02
5.3475998e-02   -6.3529529e-02
6.1287001e-02   -6.7069784e-02
6.9568001e-02   -6.9622390e-02
7.8308001e-02   -7.2616883e-02
8.7494999e-02   -7.5467616e-02
9.7115003e-02   -7.7663086e-02
1.0715700e-01   -7.9965107e-02
1.1760800e-01   -8.2208306e-02
1.2845400e-01   -8.3893634e-02
1.3968299e-01   -8.5625522e-02
1.5128200e-01   -8.7543778e-02
1.6323499e-01   -8.9128837e-02
1.7553200e-01   -9.0005048e-02
1.8815701e-01   -9.1273934e-02
2.0109700e-01   -9.2077054e-02
2.1433701e-01   -9.3260862e-02
2.2786400e-01   -9.3664616e-02
2.4166299e-01   -9.4112776e-02
2.5571901e-01   -9.4126992e-02
2.7001700e-01   -9.4398201e-02
2.8454199e-01   -9.4696738e-02
2.9927999e-01   -9.4647117e-02
3.1421500e-01   -9.4195336e-02
3.2933101e-01   -9.4057232e-02
3.4461299e-01   -9.3604900e-02
3.6004499e-01   -9.2743173e-02
3.7561101e-01   -9.2310220e-02
3.9129600e-01   -9.1359854e-02
4.0708300e-01   -9.0025641e-02
4.2295700e-01   -8.8385589e-02
4.3890101e-01   -8.6404115e-02
4.5489901e-01   -8.4751114e-02
4.7093499e-01   -8.2867973e-02
4.8699200e-01   -8.0893591e-02
5.0305498e-01   -7.8855224e-02
5.1910698e-01   -7.6323532e-02
5.3513199e-01   -7.3342063e-02
5.5111402e-01   -7.1291901e-02
5.6703597e-01   -6.8530187e-02
5.8288401e-01   -6.5098926e-02
5.9864002e-01   -6.2233835e-02
6.1429000e-01   -6.0152397e-02
6.2981701e-01   -5.5866122e-02
6.4520597e-01   -5.3341527e-02
6.6044199e-01   -5.0324950e-02
6.7550898e-01   -4.6875544e-02
6.9039297e-01   -4.3694653e-02
7.0507699e-01   -3.9850019e-02
7.1954900e-01   -3.6915608e-02
7.3379302e-01   -3.3925515e-02
7.4779499e-01   -3.1013539e-02
7.6154202e-01   -2.8393878e-02
7.7501899e-01   -2.5489431e-02
7.8821403e-01   -2.2805495e-02
8.0111301e-01   -2.0193052e-02
8.1370401e-01   -1.7491784e-02
8.2597297e-01   -1.5561766e-02
8.3791000e-01   -1.3568249e-02
8.4950101e-01   -1.1780049e-02
8.6073500e-01   -9.7414050e-03
8.7160099e-01   -8.3959568e-03
8.8208801e-01   -7.2391843e-03
8.9218402e-01   -5.9800358e-03
9.0188003e-01   -4.6487488e-03
9.1116500e-01   -3.7251883e-03
9.2003101e-01   -3.1324038e-03
9.2846799e-01   -2.5199011e-03
9.3646699e-01   -1.8942232e-03
9.4401902e-01   -1.2041604e-03
9.5111603e-01   -8.9032273e-04
9.5775098e-01   -7.7744626e-04
9.6392000e-01   -6.4877619e-04
9.6961600e-01   -4.5915574e-04
9.7483599e-01   -4.4397122e-04
9.7957498e-01   -2.4958048e-04
9.8383099e-01   -5.6236685e-04
9.8759800e-01   -4.5225138e-04
9.9087399e-01   -4.2320610e-04
9.9365300e-01   -4.7189600e-04
9.9593401e-01   -6.7613076e-04
9.9771100e-01   -5.1334716e-04
9.9898201e-01   -6.2813162e-04
9.9974501e-01   -8.0895453e-04
1.0000000e+00   -8.5117621e-04
