1.0000000e+00   4.5294957e-03
9.9974501e-01   4.9596070e-03
9.9898201e-01   4.9081496e-03
9.9771100e-01   5.8366614e-03
9.9593300e-01   6.5595042e-03
9.9365300e-01   7.3331580e-03
9.9087399e-01   8.9034839e-03
9.8759800e-01   1.0366450e-02
9.8382998e-01   1.2187707e-02
9.7957498e-01   1.4137981e-02
9.7483599e-01   1.6630122e-02
9.6961600e-01   1.9044520e-02
9.6392000e-01   2.1171140e-02
9.5775098e-01   2.4278164e-02
9.5111603e-01   2.7284227e-02
9.4401902e-01   3.0250367e-02
9.3646699e-01   3.2990288e-02
9.2846799e-01   3.6781531e-02
9.2003101e-01   3.9731801e-02
9.1116500e-01   4.3495737e-02
9.0187901e-01   4.7333900e-02
8.9218301e-01   5.0584491e-02
8.8208699e-01   5.4558720e-02
8.7160099e-01   5.8018196e-02
8.6073500e-01   6.2086098e-02
8.4950101e-01   6.6754356e-02
8.3791000e-01   7.0168480e-02
8.2597399e-01   7.4632429e-02
8.1370401e-01   7.8790464e-02
8.0111301e-01   8.3085671e-02
7.8821403e-01   8.7030560e-02
7.7501899e-01   9.1184780e-02
7.6154101e-01   9.5429890e-02
7.4779499e-01   9.9364147e-02
7.3379201e-01   1.0342216e-01
7.1954799e-01   1.0696989e-01
7.0507699e-01   1.1057802e-01
6.9039202e-01   1.1431581e-01
6.7550898e-01   1.1776627e-01
6.6044199e-01   1.2109634e-01
6.4520597e-01   1.2441730e-01
6.2981701e-01   1.2746619e-01
6.1429000e-01   1.3050100e-01
5.9864002e-01   1.3291898e-01
5.8288401e-01   1.3518962e-01
5.6703597e-01   1.3765231e-01
5.5111301e-01   1.3992603e-01
5.3513098e-01   1.4197528e-01
5.1910597e-01   1.4350379e-01
5.0305402e-01   1.4522454e-01
4.8699099e-01   1.4652984e-01
4.7093400e-01   1.4769863e-01
4.5489800e-01   1.4883506e-01
4.3889999e-01   1.4919761e-01
4.2295599e-01   1.5001465e-01
4.0708300e-01   1.5025689e-01
3.9129499e-01   1.5110151e-01
3.7560999e-01   1.5106840e-01
3.6004400e-01   1.5060601e-01
3.4461200e-01   1.4989871e-01
3.2933000e-01   1.4965279e-01
3.1421301e-01   1.4921649e-01
2.9927900e-01   1.4764743e-01
2.8454101e-01   1.4698288e-01
2.7001500e-01   1.4543386e-01
2.5571701e-01   1.4477375e-01
2.4166100e-01   1.4263397e-01
2.2786200e-01   1.4047198e-01
2.1433599e-01   1.3855228e-01
2.0109500e-01   1.3616991e-01
1.8815500e-01   1.3353570e-01
1.7553000e-01   1.3027541e-01
1.6323400e-01   1.2765221e-01
1.5128000e-01   1.2454753e-01
1.3968100e-01   1.2057015e-01
1.2845200e-01   1.1733363e-01
1.1760600e-01   1.1305403e-01
1.0715500e-01   1.0881968e-01
9.7112998e-02   1.0443578e-01
8.7493002e-02   9.9993646e-02
7.8305997e-02   9.5454328e-02
6.9565997e-02   9.0022072e-02
6.1285000e-02   8.5168682e-02
5.3474002e-02   7.9837911e-02
4.6149999e-02   7.4076317e-02
3.9326001e-02   6.8563037e-02
3.3013999e-02   6.2981188e-02
2.7230000e-02   5.7241764e-02
2.1980001e-02   5.1350638e-02
1.7277000e-02   4.5333397e-02
1.3141000e-02   3.9237771e-02
9.5729996e-03   3.3287704e-02
6.5830001e-03   2.7272357e-02
4.1880002e-03   2.1215508e-02
2.3540000e-03   1.5560245e-02
1.0810000e-03   1.0080625e-02
3.7100000e-04   5.4523228e-03
7.6999997e-05   2.1313126e-03
4.9999999e-06   -1.1343719e-04
0.0000000e+00   -9.3921088e-04
4.9999999e-06   -1.5477021e-03
7.6999997e-05   -3.5396924e-03
3.7100000e-04   -6.9202385e-03
1.0810000e-03   -1.1159822e-02
2.3530000e-03   -1.5548931e-02
4.1880002e-03   -1.9859683e-02
6.5850001e-03   -2.4051489e-02
9.5760003e-03   -2.8310645e-02
1.3145000e-02   -3.2028224e-02
1.7281000e-02   -3.5690408e-02
2.1983000e-02   -3.9170146e-02
2.7232001e-02   -4.2649880e-02
3.3016000e-02   -4.5693297e-02
3.9328001e-02   -4.8977423e-02
4.6151999e-02   -5.2052293e-02
5.3475998e-02   -5.4966178e-02
6.1287001e-02   -5.7888087e-02
6.9568001e-02   -6.0532968e-02
7.8308001e-02   -6.3263774e-02
8.7494999e-02   -6.5711625e-02
9.7115003e-02   -6.8345428e-02
1.0715700e-01   -7.0236012e-02
1.1760800e-01   -7.2887965e-02
1.2845400e-01   -7.4747019e-02
1.3968299e-01   -7.5952381e-02
1.5128200e-01   -7.7917412e-02
1.6323499e-01   -7.9312764e-02
1.7553200e-01   -8.0974139e-02
1.8815701e-01   -8.1748262e-02
2.0109700e-01   -8.2271144e-02
2.1433701e-01   -8.3323345e-02
2.2786400e-01   -8.3815828e-02
2.4166299e-01   -8.4328480e-02
2.5571901e-01   -8.4695779e-02
2.7001700e-01   -8.5048109e-02
2.8454199e-01   -8.5421473e-02
2.9927999e-01   -8.4537394e-02
3.1421500e-01   -8.4844418e-02
3.2933101e-01   -8.4707469e-02
3.4461299e-01   -8.3831511e-02
3.6004499e-01   -8.3338901e-02
3.7561101e-01   -8.2760237e-02
3.9129600e-01   -8.1552498e-02
4.0708300e-01   -8.0192111e-02
4.2295700e-01   -7.9240061e-02
4.3890101e-01   -7.7304035e-02
4.5489901e-01   -7.5834475e-02
4.7093499e-01   -7.3839873e-02
4.8699200e-01   -7.1603701e-02
5.0305498e-01   -6.9518656e-02
5.1910698e-01   -6.7506410e-02
5.3513199e-01   -6.4769126e-02
5.5111402e-01   -6.2269107e-02
5.6703597e-01   -5.9824612e-02
5.8288401e-01   -5.7006225e-02
5.9864002e-01   -5.4152474e-02
6.1429000e-01   -5.0855022e-02
6.2981701e-01   -4.7978036e-02
6.4520597e-01   -4.4623122e-02
6.6044199e-01   -4.1599374e-02
6.7550898e-01   -3.8223837e-02
6.9039297e-01   -3.5320032e-02
7.0507699e-01   -3.1971723e-02
7.1954900e-01   -2.8953174e-02
7.3379302e-01   -2.5892863e-02
7.4779499e-01   -2.2939481e-02
7.6154202e-01   -2.0100210e-02
7.7501899e-01   -1.6819311e-02
7.8821403e-01   -1.5084662e-02
8.0111301e-01   -1.2141556e-02
8.1370401e-01   -9.9508362e-03
8.2597297e-01   -7.8918003e-03
8.3791000e-01   -6.1700139e-03
8.4950101e-01   -3.7532607e-03
8.6073500e-01   -2.1771064e-03
8.7160099e-01   -1.0219651e-03
8.8208801e-01   5.6987902e-04
8.9218402e-01   1.7715674e-03
9.0188003e-01   2.8438733e-03
9.1116500e-01   3.0772467e-03
9.2003101e-01   3.7854970e-03
9.2846799e-01   4.4229934e-03
9.3646699e-01   4.6192990e-03
9.4401902e-01   5.1715276e-03
9.5111603e-01   5.0732153e-03
9.5775098e-01   5.1676822e-03
9.6392000e-01   5.3756456e-03
9.6961600e-01   5.2716369e-03
9.7483599e-01   5.3065368e-03
9.7957498e-01   5.2159908e-03
9.8383099e-01   5.0808340e-03
9.8759800e-01   4.7276374e-03
9.9087399e-01   4.3547088e-03
9.9365300e-01   4.1889115e-03
9.9593401e-01   4.0798024e-03
9.9771100e-01   3.6493507e-03
9.9898201e-01   3.7757780e-03
9.9974501e-01   3.7197776e-03
1.0000000e+00   3.7815718e-03
