1.0000000e+00   3.0891635e-03
9.9974501e-01   3.0284256e-03
9.9898201e-01   3.6073546e-03
9.9771100e-01   4.1793496e-03
9.9593300e-01   5.1990761e-03
9.9365300e-01   6.8897079e-03
9.9087399e-01   8.2799643e-03
9.8759800e-01   9.8952902e-03
9.8382998e-01   1.1875263e-02
9.7957498e-01   1.4517787e-02
9.7483599e-01   1.7366083e-02
9.6961600e-01   2.0126639e-02
9.6392000e-01   2.3240296e-02
9.5775098e-01   2.6660683e-02
9.5111603e-01   2.9997008e-02
9.4401902e-01   3.3470351e-02
9.3646699e-01   3.7645511e-02
9.2846799e-01   4.2268246e-02
9.2003101e-01   4.6568733e-02
9.1116500e-01   5.0998878e-02
9.0187901e-01   5.5943094e-02
8.9218301e-01   6.1632186e-02
8.8208699e-01   6.6877276e-02
8.7160099e-01   7.2436780e-02
8.6073500e-01   7.8356646e-02
8.4950101e-01   8.5067056e-02
8.3791000e-01   9.1015048e-02
8.2597399e-01   9.7689435e-02
8.1370401e-01   1.0445214e-01
8.0111301e-01   1.1194589e-01
7.8821403e-01   1.1904662e-01
7.7501899e-01   1.2629148e-01
7.6154101e-01   1.3394417e-01
7.4779499e-01   1.4144087e-01
7.3379201e-01   1.4901710e-01
7.1954799e-01   1.5669218e-01
7.0507699e-01   1.6478993e-01
6.9039202e-01   1.7269728e-01
6.7550898e-01   1.7982739e-01
6.6044199e-01   1.8783776e-01
6.4520597e-01   1.9467542e-01
6.2981701e-01   2.0273657e-01
6.1429000e-01   2.0962738e-01
5.9864002e-01   2.1658246e-01
5.8288401e-01   2.2317417e-01
5.6703597e-01   2.2937799e-01
5.5111301e-01   2.3526229e-01
5.3513098e-01   2.4084681e-01
5.1910597e-01   2.4608523e-01
5.0305402e-01   2.5093374e-01
4.8699099e-01   2.5534588e-01
4.7093400e-01   2.5983566e-01
4.5489800e-01   2.6307890e-01
4.3889999e-01   2.6589748e-01
4.2295599e-01   2.6885232e-01
4.0708300e-01   2.7044809e-01
3.9129499e-01   2.7180091e-01
3.7560999e-01   2.7317742e-01
3.6004400e-01   2.7317801e-01
3.4461200e-01   2.7268955e-01
3.2933000e-01   2.7223977e-01
3.1421301e-01   2.7111992e-01
2.9927900e-01   2.7006823e-01
2.8454101e-01   2.6724976e-01
2.7001500e-01   2.6415882e-01
2.5571701e-01   2.6162404e-01
2.4166100e-01   2.5792626e-01
2.2786200e-01   2.5383872e-01
2.1433599e-01   2.4924698e-01
2.0109500e-01   2.4340987e-01
1.8815500e-01   2.3822868e-01
1.7553000e-01   2.3226836e-01
1.6323400e-01   2.2583570e-01
1.5128000e-01   2.1857262e-01
1.3968100e-01   2.1105902e-01
1.2845200e-01   2.0286904e-01
1.1760600e-01   1.9500914e-01
1.0715500e-01   1.8639930e-01
9.7112998e-02   1.7749006e-01
8.7493002e-02   1.6794030e-01
7.8305997e-02   1.5849069e-01
6.9565997e-02   1.4797065e-01
6.1285000e-02   1.3781859e-01
5.3474002e-02   1.2704408e-01
4.6149999e-02   1.1640495e-01
3.9326001e-02   1.0540920e-01
3.3013999e-02   9.4861388e-02
2.7230000e-02   8.3910033e-02
2.1980001e-02   7.3358491e-02
1.7277000e-02   6.2938400e-02
1.3141000e-02   5.3078078e-02
9.5729996e-03   4.3421470e-02
6.5830001e-03   3.4149352e-02
4.1880002e-03   2.5631038e-02
2.3540000e-03   1.7950945e-02
1.0810000e-03   1.1771140e-02
3.7100000e-04   6.5113194e-03
7.6999997e-05   2.4482815e-03
4.9999999e-06   4.0092863e-04
0.0000000e+00   -2.1004514e-04
4.9999999e-06   -9.0275076e-04
7.6999997e-05   -3.1399021e-03
3.7100000e-04   -6.8722693e-03
1.0810000e-03   -1.1679647e-02
2.3530000e-03   -1.7408244e-02
4.1880002e-03   -2.3761766e-02
6.5850001e-03   -3.0124236e-02
9.5760003e-03   -3.6892790e-02
1.3145000e-02   -4.3633439e-02
1.7281000e-02   -4.9759611e-02
2.1983000e-02   -5.6626882e-02
2.7232001e-02   -6.2515996e-02
3.3016000e-02   -6.8742134e-02
3.9328001e-02   -7.5282313e-02
4.6151999e-02   -8.0778219e-02
5.3475998e-02   -8.6855344e-02
6.1287001e-02   -9.2607677e-02
6.9568001e-02   -9.8443866e-02
7.8308001e-02   -1.0350519e-01
8.7494999e-02   -1.0866793e-01
9.7115003e-02   -1.1377552e-01
1.0715700e-01   -1.1842137e-01
1.1760800e-01   -1.2240545e-01
1.2845400e-01   -1.2711887e-01
1.3968299e-01   -1.3097167e-01
1.5128200e-01   -1.3453020e-01
1.6323499e-01   -1.3837256e-01
1.7553200e-01   -1.4197472e-01
1.8815701e-01   -1.4505948e-01
2.0109700e-01   -1.4750722e-01
2.1433701e-01   -1.5069380e-01
2.2786400e-01   -1.5266865e-01
2.4166299e-01   -1.5491408e-01
2.5571901e-01   -1.5656841e-01
2.7001700e-01   -1.5780121e-01
2.8454199e-01   -1.5961407e-01
2.9927999e-01   -1.6038729e-01
3.1421500e-01   -1.6067861e-01
3.2933101e-01   -1.6141909e-01
3.4461299e-01   -1.6181360e-01
3.6004499e-01   -1.6116075e-01
3.7561101e-01   -1.6059189e-01
3.9129600e-01   -1.5985359e-01
4.0708300e-01   -1.5838206e-01
4.2295700e-01   -1.5645400e-01
4.3890101e-01   -1.5499131e-01
4.5489901e-01   -1.5223725e-01
4.7093499e-01   -1.5041637e-01
4.8699200e-01   -1.4698577e-01
5.0305498e-01   -1.4398170e-01
5.1910698e-01   -1.4106911e-01
5.3513199e-01   -1.3711815e-01
5.5111402e-01   -1.3321197e-01
5.6703597e-01   -1.2902012e-01
5.8288401e-01   -1.2412319e-01
5.9864002e-01   -1.2048202e-01
6.1429000e-01   -1.1545946e-01
6.2981701e-01   -1.1076713e-01
6.4520597e-01   -1.0579550e-01
6.6044199e-01   -1.0128399e-01
6.7550898e-01   -9.5821619e-02
6.9039297e-01   -9.0992883e-02
7.0507699e-01   -8.6053647e-02
7.1954900e-01   -8.0968551e-02
7.3379302e-01   -7.6387294e-02
7.4779499e-01   -7.0944645e-02
7.6154202e-01   -6.6496298e-02
7.7501899e-01   -6.1418638e-02
7.8821403e-01   -5.6585532e-02
8.0111301e-01   -5.2677069e-02
8.1370401e-01   -4.8189964e-02
8.2597297e-01   -4.3575693e-02
8.3791000e-01   -3.9522931e-02
8.4950101e-01   -3.5787649e-02
8.6073500e-01   -3.2291967e-02
8.7160099e-01   -2.9155139e-02
8.8208801e-01   -2.6103511e-02
8.9218402e-01   -2.2845611e-02
9.0188003e-01   -1.9926738e-02
9.1116500e-01   -1.7774450e-02
9.2003101e-01   -1.5373716e-02
9.2846799e-01   -1.3025424e-02
9.3646699e-01   -1.1181020e-02
9.4401902e-01   -9.6657528e-03
9.5111603e-01   -8.2180211e-03
9.5775098e-01   -6.9435788e-03
9.6392000e-01   -6.2006810e-03
9.6961600e-01   -5.1644281e-03
9.7483599e-01   -3.9770617e-03
9.7957498e-01   -3.3126846e-03
9.8383099e-01   -2.5396023e-03
9.8759800e-01   -1.6858797e-03
9.9087399e-01   -1.3808251e-03
9.9365300e-01   -1.0546820e-03
9.9593401e-01   -7.4780930e-04
9.9771100e-01   -5.7634927e-04
9.9898201e-01   -4.7466878e-04
9.9974501e-01   -6.9534406e-05
1.0000000e+00   -1.8352643e-04
