1.0000000e+00   6.4985948e-03
9.9974501e-01   6.8122065e-03
9.9898201e-01   7.7389106e-03
9.9771100e-01   9.1991732e-03
9.9593300e-01   1.1105290e-02
9.9365300e-01   1.3531994e-02
9.9087399e-01   1.6543828e-02
9.8759800e-01   2.0078281e-02
9.8382998e-01   2.4121804e-02
9.7957498e-01   2.8680697e-02
9.7483599e-01   3.3716314e-02
9.6961600e-01   3.9216593e-02
9.6392000e-01   4.5214210e-02
9.5775098e-01   5.1729556e-02
9.5111603e-01   5.8745913e-02
9.4401902e-01   6.6212200e-02
9.3646699e-01   7.4104883e-02
9.2846799e-01   8.2419880e-02
9.2003101e-01   9.1127478e-02
9.1116500e-01   1.0019365e-01
9.0187901e-01   1.0963105e-01
8.9218301e-01   1.1942872e-01
8.8208699e-01   1.2955078e-01
8.7160099e-01   1.3995606e-01
8.6073500e-01   1.5062270e-01
8.4950101e-01   1.6154046e-01
8.3791000e-01   1.7270903e-01
8.2597399e-01   1.8408591e-01
8.1370401e-01   1.9562465e-01
8.0111301e-01   2.0732780e-01
7.8821403e-01   2.1919623e-01
7.7501899e-01   2.3125173e-01
7.6154101e-01   2.4345720e-01
7.4779499e-01   2.5570667e-01
7.3379201e-01   2.6795980e-01
7.1954799e-01   2.8018486e-01
7.0507699e-01   2.9234779e-01
6.9039202e-01   3.0442703e-01
6.7550898e-01   3.1638339e-01
6.6044199e-01   3.2816568e-01
6.4520597e-01   3.3973688e-01
6.2981701e-01   3.5103330e-01
6.1429000e-01   3.6198717e-01
5.9864002e-01   3.7256798e-01
5.8288401e-01   3.8271487e-01
5.6703597e-01   3.9235193e-01
5.5111301e-01   4.0144175e-01
5.3513098e-01   4.0995100e-01
5.1910597e-01   4.1782516e-01
5.0305402e-01   4.2498845e-01
4.8699099e-01   4.3141562e-01
4.7093400e-01   4.3711102e-01
4.5489800e-01   4.4205308e-01
4.3889999e-01   4.4619146e-01
4.2295599e-01   4.4951022e-01
4.0708300e-01   4.5201188e-01
3.9129499e-01   4.5369247e-01
3.7560999e-01   4.5451152e-01
3.6004400e-01   4.5446011e-01
3.4461200e-01   4.5356494e-01
3.2933000e-01   4.5185950e-01
3.1421301e-01   4.4933665e-01
2.9927900e-01   4.4600740e-01
2.8454101e-01   4.4185805e-01
2.7001500e-01   4.3682051e-01
2.5571701e-01   4.3083239e-01
2.4166100e-01   4.2388976e-01
2.2786200e-01   4.1602424e-01
2.1433599e-01   4.0721297e-01
2.0109500e-01   3.9747718e-01
1.8815500e-01   3.8685608e-01
1.7553000e-01   3.7537932e-01
1.6323400e-01   3.6308703e-01
1.5128000e-01   3.4999669e-01
1.3968100e-01   3.3616310e-01
1.2845200e-01   3.2166895e-01
1.1760600e-01   3.0658010e-01
1.0715500e-01   2.9096976e-01
9.7112998e-02   2.7488092e-01
8.7493002e-02   2.5830486e-01
7.8305997e-02   2.4131611e-01
6.9565997e-02   2.2399643e-01
6.1285000e-02   2.0634153e-01
5.3474002e-02   1.8842475e-01
4.6149999e-02   1.7043599e-01
3.9326001e-02   1.5262799e-01
3.3013999e-02   1.3527858e-01
2.7230000e-02   1.1871268e-01
2.1980001e-02   1.0305304e-01
1.7277000e-02   8.7686136e-02
1.3141000e-02   7.2565220e-02
9.5729996e-03   5.8188651e-02
6.5830001e-03   4.4963464e-02
4.1880002e-03   3.3135068e-02
2.3540000e-03   2.2899907e-02
1.0810000e-03   1.4342876e-02
3.7100000e-04   7.5679850e-03
7.6999997e-05   2.6605178e-03
4.9999999e-06   -3.1243020e-04
0.0000000e+00   -1.3104896e-03
4.9999999e-06   -2.2583825e-03
7.6999997e-05   -5.0549479e-03
3.7100000e-04   -9.5694438e-03
1.0810000e-03   -1.5536094e-02
2.3530000e-03   -2.2492837e-02
4.1880002e-03   -2.9834216e-02
6.5850001e-03   -3.7004612e-02
9.5760003e-03   -4.4050012e-02
1.3145000e-02   -5.0768580e-02
1.7281000e-02   -5.5502012e-02
2.1983000e-02   -5.8196068e-02
2.7232001e-02   -5.9524905e-02
3.3016000e-02   -5.9852805e-02
3.9328001e-02   -5.9404589e-02
4.6151999e-02   -5.8334071e-02
5.3475998e-02   -5.6733381e-02
6.1287001e-02   -5.4688066e-02
6.9568001e-02   -5.2258123e-02
7.8308001e-02   -4.9586538e-02
8.7494999e-02   -4.6710521e-02
9.7115003e-02   -4.3562438e-02
1.0715700e-01   -4.0151209e-02
1.1760800e-01   -3.6536030e-02
1.2845400e-01   -3.2747842e-02
1.3968299e-01   -2.8800594e-02
1.5128200e-01   -2.4712700e-02
1.6323499e-01   -2.0531679e-02
1.7553200e-01   -1.6299257e-02
1.8815701e-01   -1.2005844e-02
2.0109700e-01   -7.6568122e-03
2.1433701e-01   -3.3083698e-03
2.2786400e-01   1.0216940e-03
2.4166299e-01   5.2895462e-03
2.5571901e-01   9.4488170e-03
2.7001700e-01   1.3443062e-02
2.8454199e-01   1.7249020e-02
2.9927999e-01   2.0855017e-02
3.1421500e-01   2.4232412e-02
3.2933101e-01   2.7366383e-02
3.4461299e-01   3.0248616e-02
3.6004499e-01   3.2874778e-02
3.7561101e-01   3.5240892e-02
3.9129600e-01   3.7329115e-02
4.0708300e-01   3.9137740e-02
4.2295700e-01   4.0681887e-02
4.3890101e-01   4.1954618e-02
4.5489901e-01   4.2957824e-02
4.7093499e-01   4.3723397e-02
4.8699200e-01   4.4274926e-02
5.0305498e-01   4.4617202e-02
5.1910698e-01   4.4758335e-02
5.3513199e-01   4.4709623e-02
5.5111402e-01   4.4505063e-02
5.6703597e-01   4.4155754e-02
5.8288401e-01   4.3620028e-02
5.9864002e-01   4.2872559e-02
6.1429000e-01   4.1957285e-02
6.2981701e-01   4.0908828e-02
6.4520597e-01   3.9731573e-02
6.6044199e-01   3.8427554e-02
6.7550898e-01   3.7039243e-02
6.9039297e-01   3.5589982e-02
7.0507699e-01   3.4103747e-02
7.1954900e-01   3.2584317e-02
7.3379302e-01   3.1009080e-02
7.4779499e-01   2.9347293e-02
7.6154202e-01   2.7629830e-02
7.7501899e-01   2.5851557e-02
7.8821403e-01   2.4015011e-02
8.0111301e-01   2.2141634e-02
8.1370401e-01   2.0282786e-02
8.2597297e-01   1.8488787e-02
8.3791000e-01   1.6761947e-02
8.4950101e-01   1.5111676e-02
8.6073500e-01   1.3531002e-02
8.7160099e-01   1.1993635e-02
8.8208801e-01   1.0481061e-02
8.9218402e-01   8.9955190e-03
9.0188003e-01   7.5471471e-03
9.1116500e-01   6.1486168e-03
9.2003101e-01   4.8292475e-03
9.2846799e-01   3.6194231e-03
9.3646699e-01   2.5290262e-03
9.4401902e-01   1.5438270e-03
9.5111603e-01   6.5943215e-04
9.5775098e-01   -1.1115894e-04
9.6392000e-01   -7.3341175e-04
9.6961600e-01   -1.1588740e-03
9.7483599e-01   -1.3871724e-03
9.7957498e-01   -1.5051195e-03
9.8383099e-01   -1.5833998e-03
9.8759800e-01   -1.5718552e-03
9.9087399e-01   -1.4790565e-03
9.9365300e-01   -1.4072126e-03
9.9593401e-01   -1.4157230e-03
9.9771100e-01   -1.4437138e-03
9.9898201e-01   -1.4253883e-03
9.9974501e-01   -1.3935296e-03
1.0000000e+00   -1.3829404e-03
