1.0000000e+00   1.2773748e-03
9.9974501e-01   1.4442161e-03
9.9898201e-01   1.8607433e-03
9.9771100e-01   2.4956546e-03
9.9593300e-01   3.5118270e-03
9.9365300e-01   4.6570301e-03
9.9087399e-01   6.2376396e-03
9.8759800e-01   8.1561040e-03
9.8382998e-01   1.0148311e-02
9.7957498e-01   1.2503296e-02
9.7483599e-01   1.4958456e-02
9.6961600e-01   1.7908670e-02
9.6392000e-01   2.0963205e-02
9.5775098e-01   2.4554610e-02
9.5111603e-01   2.8266294e-02
9.4401902e-01   3.2271650e-02
9.3646699e-01   3.6621317e-02
9.2846799e-01   4.1162446e-02
9.2003101e-01   4.5831904e-02
9.1116500e-01   5.0822165e-02
9.0187901e-01   5.5944066e-02
8.9218301e-01   6.1190069e-02
8.8208699e-01   6.6763833e-02
8.7160099e-01   7.2380498e-02
8.6073500e-01   7.8159258e-02
8.4950101e-01   8.4062420e-02
8.3791000e-01   8.9871928e-02
8.2597399e-01   9.5899470e-02
8.1370401e-01   1.0176112e-01
8.0111301e-01   1.0770005e-01
7.8821403e-01   1.1362638e-01
7.7501899e-01   1.1990064e-01
7.6154101e-01   1.2527223e-01
7.4779499e-01   1.3107860e-01
7.3379201e-01   1.3715783e-01
7.1954799e-01   1.4276299e-01
7.0507699e-01   1.4821951e-01
6.9039202e-01   1.5356794e-01
6.7550898e-01   1.5880117e-01
6.6044199e-01   1.6399272e-01
6.4520597e-01   1.6861472e-01
6.2981701e-01   1.7319219e-01
6.1429000e-01   1.7770225e-01
5.9864002e-01   1.8161000e-01
5.8288401e-01   1.8522304e-01
5.6703597e-01   1.8870120e-01
5.5111301e-01   1.9182388e-01
5.3513098e-01   1.9485083e-01
5.1910597e-01   1.9722752e-01
5.0305402e-01   1.9955365e-01
4.8699099e-01   2.0152980e-01
4.7093400e-01   2.0308903e-01
4.5489800e-01   2.0427708e-01
4.3889999e-01   2.0524354e-01
4.2295599e-01   2.0650946e-01
4.0708300e-01   2.0619708e-01
3.9129499e-01   2.0634682e-01
3.7560999e-01   2.0574492e-01
3.6004400e-01   2.0526312e-01
3.4461200e-01   2.0440470e-01
3.2933000e-01   2.0355055e-01
3.1421301e-01   2.0167141e-01
2.9927900e-01   1.9997346e-01
2.8454101e-01   1.9789512e-01
2.7001500e-01   1.9533329e-01
2.5571701e-01   1.9261673e-01
2.4166100e-01   1.9002733e-01
2.2786200e-01   1.8650702e-01
2.1433599e-01   1.8269604e-01
2.0109500e-01   1.7940231e-01
1.8815500e-01   1.7556164e-01
1.7553000e-01   1.7111920e-01
1.6323400e-01   1.6675951e-01
1.5128000e-01   1.6189107e-01
1.3968100e-01   1.5715434e-01
1.2845200e-01   1.5139052e-01
1.1760600e-01   1.4610662e-01
1.0715500e-01   1.4033106e-01
9.7112998e-02   1.3457909e-01
8.7493002e-02   1.2854631e-01
7.8305997e-02   1.2227773e-01
6.9565997e-02   1.1579324e-01
6.1285000e-02   1.0907912e-01
5.3474002e-02   1.0222440e-01
4.6149999e-02   9.5090136e-02
3.9326001e-02   8.7889545e-02
3.3013999e-02   8.0436759e-02
2.7230000e-02   7.2891593e-02
2.1980001e-02   6.5243334e-02
1.7277000e-02   5.7412289e-02
1.3141000e-02   4.9522389e-02
9.5729996e-03   4.1516561e-02
6.5830001e-03   3.3747848e-02
4.1880002e-03   2.6125155e-02
2.3540000e-03   1.9075297e-02
1.0810000e-03   1.2815004e-02
3.7100000e-04   7.7863238e-03
7.6999997e-05   4.0879706e-03
4.9999999e-06   1.9077109e-03
0.0000000e+00   1.1825716e-03
4.9999999e-06   4.4043080e-04
7.6999997e-05   -1.7510258e-03
3.7100000e-04   -5.3790393e-03
1.0810000e-03   -1.0141015e-02
2.3530000e-03   -1.5956583e-02
4.1880002e-03   -2.2368645e-02
6.5850001e-03   -2.8922187e-02
9.5760003e-03   -3.5228822e-02
1.3145000e-02   -4.1351315e-02
1.7281000e-02   -4.7136661e-02
2.1983000e-02   -5.2674133e-02
2.7232001e-02   -5.8041245e-02
3.3016000e-02   -6.3375100e-02
3.9328001e-02   -6.8562582e-02
4.6151999e-02   -7.3440202e-02
5.3475998e-02   -7.8306012e-02
6.1287001e-02   -8.2765862e-02
6.9568001e-02   -8.7203965e-02
7.8308001e-02   -9.1354109e-02
8.7494999e-02   -9.5558263e-02
9.7115003e-02   -9.9102065e-02
1.0715700e-01   -1.0271811e-01
1.1760800e-01   -1.0647939e-01
1.2845400e-01   -1.0970868e-01
1.3968299e-01   -1.1288635e-01
1.5128200e-01   -1.1607625e-01
1.6323499e-01   -1.1876758e-01
1.7553200e-01   -1.2155531e-01
1.8815701e-01   -1.2435894e-01
2.0109700e-01   -1.2679137e-01
2.1433701e-01   -1.2874961e-01
2.2786400e-01   -1.3098578e-01
2.4166299e-01   -1.3277042e-01
2.5571901e-01   -1.3451141e-01
2.7001700e-01   -1.3570166e-01
2.8454199e-01   -1.3750276e-01
2.9927999e-01   -1.3815257e-01
3.1421500e-01   -1.3903032e-01
3.2933101e-01   -1.3997288e-01
3.4461299e-01   -1.4057902e-01
3.6004499e-01   -1.4057320e-01
3.7561101e-01   -1.4078325e-01
3.9129600e-01   -1.4035650e-01
4.0708300e-01   -1.4003298e-01
4.2295700e-01   -1.3930124e-01
4.3890101e-01   -1.3842171e-01
4.5489901e-01   -1.3766104e-01
4.7093499e-01   -1.3644229e-01
4.8699200e-01   -1.3448887e-01
5.0305498e-01   -1.3269575e-01
5.1910698e-01   -1.3061990e-01
5.3513199e-01   -1.2807423e-01
5.5111402e-01   -1.2528087e-01
5.6703597e-01   -1.2267984e-01
5.8288401e-01   -1.1962625e-01
5.9864002e-01   -1.1647031e-01
6.1429000e-01   -1.1300015e-01
6.2981701e-01   -1.0929358e-01
6.4520597e-01   -1.0533399e-01
6.6044199e-01   -1.0101440e-01
6.7550898e-01   -9.6887991e-02
6.9039297e-01   -9.2599742e-02
7.0507699e-01   -8.8048123e-02
7.1954900e-01   -8.3861634e-02
7.3379302e-01   -7.8966863e-02
7.4779499e-01   -7.4826472e-02
7.6154202e-01   -7.0134476e-02
7.7501899e-01   -6.5908514e-02
7.8821403e-01   -6.1537560e-02
8.0111301e-01   -5.7285726e-02
8.1370401e-01   -5.3327832e-02
8.2597297e-01   -4.9519379e-02
8.3791000e-01   -4.5520104e-02
8.4950101e-01   -4.1825376e-02
8.6073500e-01   -3.8540598e-02
8.7160099e-01   -3.5051145e-02
8.8208801e-01   -3.1677801e-02
8.9218402e-01   -2.8850408e-02
9.0188003e-01   -2.5606845e-02
9.1116500e-01   -2.2801060e-02
9.2003101e-01   -2.0163706e-02
9.2846799e-01   -1.7697109e-02
9.3646699e-01   -1.5601248e-02
9.4401902e-01   -1.3401135e-02
9.5111603e-01   -1.1835162e-02
9.5775098e-01   -1.0154216e-02
9.6392000e-01   -8.8496432e-03
9.6961600e-01   -7.7450830e-03
9.7483599e-01   -6.6517903e-03
9.7957498e-01   -5.7207444e-03
9.8383099e-01   -4.9718493e-03
9.8759800e-01   -4.3895449e-03
9.9087399e-01   -3.7985183e-03
9.9365300e-01   -3.3003066e-03
9.9593401e-01   -2.9353863e-03
9.9771100e-01   -2.7433855e-03
9.9898201e-01   -2.5649029e-03
9.9974501e-01   -2.4900150e-03
1.0000000e+00   -2.4495749e-03
