1.0000000e+00   2.4437401e-03
9.9974501e-01   2.3532151e-03
9.9898201e-01   2.6478514e-03
9.9771100e-01   3.3239750e-03
9.9593300e-01   3.7247331e-03
9.9365300e-01   5.0706095e-03
9.9087399e-01   6.1940188e-03
9.8759800e-01   7.4653840e-03
9.8382998e-01   8.9213289e-03
9.7957498e-01   1.0459336e-02
9.7483599e-01   1.2724018e-02
9.6961600e-01   1.4671804e-02
9.6392000e-01   1.7232612e-02
9.5775098e-01   1.9811019e-02
9.5111603e-01   2.2635806e-02
9.4401902e-01   2.5595382e-02
9.3646699e-01   2.9015427e-02
9.2846799e-01   3.2049630e-02
9.2003101e-01   3.6036648e-02
9.1116500e-01   3.9713781e-02
9.0187901e-01   4.3732569e-02
8.9218301e-01   4.7732998e-02
8.8208699e-01   5.1995914e-02
8.7160099e-01   5.6366719e-02
8.6073500e-01   6.1272409e-02
8.4950101e-01   6.5801710e-02
8.3791000e-01   7.0599094e-02
8.2597399e-01   7.5229101e-02
8.1370401e-01   7.9675972e-02
8.0111301e-01   8.5272908e-02
7.8821403e-01   8.9908987e-02
7.7501899e-01   9.4958581e-02
7.6154101e-01   1.0082947e-01
7.4779499e-01   1.0594346e-01
7.3379201e-01   1.1090443e-01
7.1954799e-01   1.1566436e-01
7.0507699e-01   1.2131706e-01
6.9039202e-01   1.2623340e-01
6.7550898e-01   1.3109709e-01
6.6044199e-01   1.3615419e-01
6.4520597e-01   1.4125358e-01
6.2981701e-01   1.4578074e-01
6.1429000e-01   1.5061931e-01
5.9864002e-01   1.5519422e-01
5.8288401e-01   1.5969197e-01
5.6703597e-01   1.6320945e-01
5.5111301e-01   1.6725342e-01
5.3513098e-01   1.7118901e-01
5.1910597e-01   1.7455706e-01
5.0305402e-01   1.7769660e-01
4.8699099e-01   1.8062723e-01
4.7093400e-01   1.8365240e-01
4.5489800e-01   1.8554685e-01
4.3889999e-01   1.8795292e-01
4.2295599e-01   1.8938404e-01
4.0708300e-01   1.9121043e-01
3.9129499e-01   1.9219877e-01
3.7560999e-01   1.9344123e-01
3.6004400e-01   1.9385672e-01
3.4461200e-01   1.9390938e-01
3.2933000e-01   1.9358575e-01
3.1421301e-01   1.9368993e-01
2.9927900e-01   1.9244762e-01
2.8454101e-01   1.9134019e-01
2.7001500e-01   1.8970323e-01
2.5571701e-01   1.8781903e-01
2.4166100e-01   1.8547007e-01
2.2786200e-01   1.8333399e-01
2.1433599e-01   1.8104808e-01
2.0109500e-01   1.7742471e-01
1.8815500e-01   1.7415272e-01
1.7553000e-01   1.7038634e-01
1.6323400e-01   1.6612411e-01
1.5128000e-01   1.6199674e-01
1.3968100e-01   1.5680972e-01
1.2845200e-01   1.5224995e-01
1.1760600e-01   1.4688809e-01
1.0715500e-01   1.4128628e-01
9.7112998e-02   1.3552327e-01
8.7493002e-02   1.2952104e-01
7.8305997e-02   1.2352761e-01
6.9565997e-02   1.1688785e-01
6.1285000e-02   1.1022396e-01
5.3474002e-02   1.0299968e-01
4.6149999e-02   9.5850691e-02
3.9326001e-02   8.8409171e-02
3.3013999e-02   8.0971852e-02
2.7230000e-02   7.3010504e-02
2.1980001e-02   6.5069251e-02
1.7277000e-02   5.6954421e-02
1.3141000e-02   4.8893072e-02
9.5729996e-03   4.0881440e-02
6.5830001e-03   3.2842673e-02
4.1880002e-03   2.5221981e-02
2.3540000e-03   1.8204009e-02
1.0810000e-03   1.2234145e-02
3.7100000e-04   7.0913113e-03
7.6999997e-05   3.4880496e-03
4.9999999e-06   1.1549827e-03
0.0000000e+00   4.1000100e-04
4.9999999e-06   -2.6530586e-04
7.6999997e-05   -2.5328652e-03
3.7100000e-04   -6.0763131e-03
1.0810000e-03   -1.1162221e-02
2.3530000e-03   -1.7260375e-02
4.1880002e-03   -2.4220502e-02
6.5850001e-03   -3.1899270e-02
9.5760003e-03   -3.9714236e-02
1.3145000e-02   -4.7567014e-02
1.7281000e-02   -5.5215728e-02
2.1983000e-02   -6.2812589e-02
2.7232001e-02   -7.0795581e-02
3.3016000e-02   -7.8197181e-02
3.9328001e-02   -8.5511431e-02
4.6151999e-02   -9.2647165e-02
5.3475998e-02   -9.9419810e-02
6.1287001e-02   -1.0600006e-01
6.9568001e-02   -1.1258859e-01
7.8308001e-02   -1.1886832e-01
8.7494999e-02   -1.2440236e-01
9.7115003e-02   -1.3020755e-01
1.0715700e-01   -1.3537045e-01
1.1760800e-01   -1.4038576e-01
1.2845400e-01   -1.4539962e-01
1.3968299e-01   -1.4966485e-01
1.5128200e-01   -1.5397017e-01
1.6323499e-01   -1.5848073e-01
1.7553200e-01   -1.6205800e-01
1.8815701e-01   -1.6535792e-01
2.0109700e-01   -1.6851939e-01
2.1433701e-01   -1.7156713e-01
2.2786400e-01   -1.7393921e-01
2.4166299e-01   -1.7632753e-01
2.5571901e-01   -1.7846631e-01
2.7001700e-01   -1.8036354e-01
2.8454199e-01   -1.8141606e-01
2.9927999e-01   -1.8294133e-01
3.1421500e-01   -1.8375488e-01
3.2933101e-01   -1.8388619e-01
3.4461299e-01   -1.8399380e-01
3.6004499e-01   -1.8440263e-01
3.7561101e-01   -1.8377072e-01
3.9129600e-01   -1.8334177e-01
4.0708300e-01   -1.8231742e-01
4.2295700e-01   -1.8112352e-01
4.3890101e-01   -1.7973180e-01
4.5489901e-01   -1.7748529e-01
4.7093499e-01   -1.7514808e-01
4.8699200e-01   -1.7341211e-01
5.0305498e-01   -1.7074303e-01
5.1910698e-01   -1.6756362e-01
5.3513199e-01   -1.6401264e-01
5.5111402e-01   -1.6078955e-01
5.6703597e-01   -1.5694250e-01
5.8288401e-01   -1.5270443e-01
5.9864002e-01   -1.4853646e-01
6.1429000e-01   -1.4363705e-01
6.2981701e-01   -1.3916376e-01
6.4520597e-01   -1.3447805e-01
6.6044199e-01   -1.2958103e-01
6.7550898e-01   -1.2468012e-01
6.9039297e-01   -1.1955106e-01
7.0507699e-01   -1.1436252e-01
7.1954900e-01   -1.0840155e-01
7.3379302e-01   -1.0349109e-01
7.4779499e-01   -9.8012090e-02
7.6154202e-01   -9.2955932e-02
7.7501899e-01   -8.7062150e-02
7.8821403e-01   -8.1930131e-02
8.0111301e-01   -7.7482611e-02
8.1370401e-01   -7.2517663e-02
8.2597297e-01   -6.7531846e-02
8.3791000e-01   -6.2710032e-02
8.4950101e-01   -5.8183104e-02
8.6073500e-01   -5.3361434e-02
8.7160099e-01   -4.9029168e-02
8.8208801e-01   -4.5427408e-02
8.9218402e-01   -4.1011054e-02
9.0188003e-01   -3.7382260e-02
9.1116500e-01   -3.3626080e-02
9.2003101e-01   -3.0178158e-02
9.2846799e-01   -2.7113616e-02
9.3646699e-01   -2.3942040e-02
9.4401902e-01   -2.0992652e-02
9.5111603e-01   -1.8694580e-02
9.5775098e-01   -1.6786939e-02
9.6392000e-01   -1.4464475e-02
9.6961600e-01   -1.2570214e-02
9.7483599e-01   -1.1060008e-02
9.7957498e-01   -9.8262839e-03
9.8383099e-01   -8.5867634e-03
9.8759800e-01   -7.4197059e-03
9.9087399e-01   -6.4344844e-03
9.9365300e-01   -5.5642263e-03
9.9593401e-01   -4.8510856e-03
9.9771100e-01   -4.3417527e-03
9.9898201e-01   -3.9878790e-03
9.9974501e-01   -3.6690482e-03
1.0000000e+00   -3.4913803e-03
