1.0000000e+00   1.5981402e-03
9.9974501e-01   2.2620696e-03
9.9898201e-01   2.1357215e-03
9.9771100e-01   3.2443721e-03
9.9593300e-01   4.2032464e-03
9.9365300e-01   5.0905361e-03
9.9087399e-01   6.4680874e-03
9.8759800e-01   8.3292676e-03
9.8382998e-01   1.0597495e-02
9.7957498e-01   1.2578720e-02
9.7483599e-01   1.5110753e-02
9.6961600e-01   1.8057371e-02
9.6392000e-01   2.0875096e-02
9.5775098e-01   2.4716837e-02
9.5111603e-01   2.8438821e-02
9.4401902e-01   3.2741647e-02
9.3646699e-01   3.6654860e-02
9.2846799e-01   4.1069929e-02
9.2003101e-01   4.5338549e-02
9.1116500e-01   5.0528381e-02
9.0187901e-01   5.6288887e-02
8.9218301e-01   6.0907718e-02
8.8208699e-01   6.6666268e-02
8.7160099e-01   7.2069377e-02
8.6073500e-01   7.7661946e-02
8.4950101e-01   8.4517583e-02
8.3791000e-01   9.0499915e-02
8.2597399e-01   9.7372808e-02
8.1370401e-01   1.0347717e-01
8.0111301e-01   1.1055565e-01
7.8821403e-01   1.1705035e-01
7.7501899e-01   1.2354057e-01
7.6154101e-01   1.3003851e-01
7.4779499e-01   1.3766067e-01
7.3379201e-01   1.4380597e-01
7.1954799e-01   1.4971566e-01
7.0507699e-01   1.5643491e-01
6.9039202e-01   1.6221781e-01
6.7550898e-01   1.6835982e-01
6.6044199e-01   1.7403832e-01
6.4520597e-01   1.7954201e-01
6.2981701e-01   1.8427217e-01
6.1429000e-01   1.8980615e-01
5.9864002e-01   1.9387276e-01
5.8288401e-01   1.9760507e-01
5.6703597e-01   2.0220228e-01
5.5111301e-01   2.0566699e-01
5.3513098e-01   2.0840676e-01
5.1910597e-01   2.1130075e-01
5.0305402e-01   2.1385735e-01
4.8699099e-01   2.1542268e-01
4.7093400e-01   2.1797104e-01
4.5489800e-01   2.1950558e-01
4.3889999e-01   2.1974024e-01
4.2295599e-01   2.2077599e-01
4.0708300e-01   2.2148250e-01
3.9129499e-01   2.2181861e-01
3.7560999e-01   2.2128445e-01
3.6004400e-01   2.2003761e-01
3.4461200e-01   2.1833698e-01
3.2933000e-01   2.1712770e-01
3.1421301e-01   2.1606870e-01
2.9927900e-01   2.1374907e-01
2.8454101e-01   2.1234404e-01
2.7001500e-01   2.0865561e-01
2.5571701e-01   2.0623638e-01
2.4166100e-01   2.0331366e-01
2.2786200e-01   1.9837525e-01
2.1433599e-01   1.9498733e-01
2.0109500e-01   1.9074151e-01
1.8815500e-01   1.8560308e-01
1.7553000e-01   1.8099631e-01
1.6323400e-01   1.7588975e-01
1.5128000e-01   1.7094593e-01
1.3968100e-01   1.6427208e-01
1.2845200e-01   1.5887554e-01
1.1760600e-01   1.5253873e-01
1.0715500e-01   1.4574200e-01
9.7112998e-02   1.3906920e-01
8.7493002e-02   1.3258380e-01
7.8305997e-02   1.2557673e-01
6.9565997e-02   1.1820236e-01
6.1285000e-02   1.1077744e-01
5.3474002e-02   1.0359602e-01
4.6149999e-02   9.5385879e-02
3.9326001e-02   8.8055290e-02
3.3013999e-02   8.0042355e-02
2.7230000e-02   7.2482675e-02
2.1980001e-02   6.4295888e-02
1.7277000e-02   5.6565464e-02
1.3141000e-02   4.8156179e-02
9.5729996e-03   4.0177796e-02
6.5830001e-03   3.2288887e-02
4.1880002e-03   2.4629829e-02
2.3540000e-03   1.7638346e-02
1.0810000e-03   1.1377512e-02
3.7100000e-04   6.4281295e-03
7.6999997e-05   2.9925129e-03
4.9999999e-06   6.5927452e-04
0.0000000e+00   -2.6960159e-04
4.9999999e-06   -8.7186438e-04
7.6999997e-05   -2.9875122e-03
3.7100000e-04   -6.7648478e-03
1.0810000e-03   -1.1910426e-02
2.3530000e-03   -1.7788030e-02
4.1880002e-03   -2.4336305e-02
6.5850001e-03   -3.1360120e-02
9.5760003e-03   -3.8367860e-02
1.3145000e-02   -4.4572245e-02
1.7281000e-02   -5.0920784e-02
2.1983000e-02   -5.6511153e-02
2.7232001e-02   -6.2707826e-02
3.3016000e-02   -6.7719884e-02
3.9328001e-02   -7.3627017e-02
4.6151999e-02   -7.9503179e-02
5.3475998e-02   -8.4841639e-02
6.1287001e-02   -9.0042099e-02
6.9568001e-02   -9.4959535e-02
7.8308001e-02   -1.0038627e-01
8.7494999e-02   -1.0528184e-01
9.7115003e-02   -1.1052630e-01
1.0715700e-01   -1.1416750e-01
1.1760800e-01   -1.1955556e-01
1.2845400e-01   -1.2401207e-01
1.3968299e-01   -1.2779135e-01
1.5128200e-01   -1.3177447e-01
1.6323499e-01   -1.3542409e-01
1.7553200e-01   -1.3987781e-01
1.8815701e-01   -1.4295240e-01
2.0109700e-01   -1.4676093e-01
2.1433701e-01   -1.5015489e-01
2.2786400e-01   -1.5288232e-01
2.4166299e-01   -1.5646258e-01
2.5571901e-01   -1.5899417e-01
2.7001700e-01   -1.6201377e-01
2.8454199e-01   -1.6334474e-01
2.9927999e-01   -1.6544084e-01
3.1421500e-01   -1.6796538e-01
3.2933101e-01   -1.6929887e-01
3.4461299e-01   -1.7056233e-01
3.6004499e-01   -1.7231251e-01
3.7561101e-01   -1.7296627e-01
3.9129600e-01   -1.7327152e-01
4.0708300e-01   -1.7419128e-01
4.2295700e-01   -1.7459837e-01
4.3890101e-01   -1.7416960e-01
4.5489901e-01   -1.7351580e-01
4.7093499e-01   -1.7265597e-01
4.8699200e-01   -1.7179349e-01
5.0305498e-01   -1.6985807e-01
5.1910698e-01   -1.6862436e-01
5.3513199e-01   -1.6657859e-01
5.5111402e-01   -1.6441391e-01
5.6703597e-01   -1.6194661e-01
5.8288401e-01   -1.5946680e-01
5.9864002e-01   -1.5629649e-01
6.1429000e-01   -1.5243189e-01
6.2981701e-01   -1.4852971e-01
6.4520597e-01   -1.4454789e-01
6.6044199e-01   -1.4010303e-01
6.7550898e-01   -1.3513000e-01
6.9039297e-01   -1.3060024e-01
7.0507699e-01   -1.2562145e-01
7.1954900e-01   -1.2113757e-01
7.3379302e-01   -1.1546419e-01
7.4779499e-01   -1.0995103e-01
7.6154202e-01   -1.0422722e-01
7.7501899e-01   -9.8263696e-02
7.8821403e-01   -9.3531109e-02
8.0111301e-01   -8.7738574e-02
8.1370401e-01   -8.2174934e-02
8.2597297e-01   -7.7881649e-02
8.3791000e-01   -7.1870148e-02
8.4950101e-01   -6.6401184e-02
8.6073500e-01   -6.2157273e-02
8.7160099e-01   -5.6622196e-02
8.8208801e-01   -5.1798608e-02
8.9218402e-01   -4.7647085e-02
9.0188003e-01   -4.3350868e-02
9.1116500e-01   -3.9426014e-02
9.2003101e-01   -3.6054969e-02
9.2846799e-01   -3.2428656e-02
9.3646699e-01   -2.9256234e-02
9.4401902e-01   -2.6027599e-02
9.5111603e-01   -2.2789475e-02
9.5775098e-01   -2.0035723e-02
9.6392000e-01   -1.7583493e-02
9.6961600e-01   -1.5564973e-02
9.7483599e-01   -1.3037252e-02
9.7957498e-01   -1.1347995e-02
9.8383099e-01   -9.7451136e-03
9.8759800e-01   -8.3958050e-03
9.9087399e-01   -7.2026108e-03
9.9365300e-01   -6.1653480e-03
9.9593401e-01   -5.3322786e-03
9.9771100e-01   -5.0752391e-03
9.9898201e-01   -4.2154314e-03
9.9974501e-01   -3.8864564e-03
1.0000000e+00   -3.7740958e-03
