1.0000000e+00   4.1989144e-03
9.9974501e-01   4.6507092e-03
9.9898201e-01   5.1773773e-03
9.9771100e-01   5.7179905e-03
9.9593300e-01   6.8711522e-03
9.9365300e-01   8.0503775e-03
9.9087399e-01   9.8496545e-03
9.8759800e-01   1.1654130e-02
9.8382998e-01   1.4054498e-02
9.7957498e-01   1.6151639e-02
9.7483599e-01   1.8839486e-02
9.6961600e-01   2.1746965e-02
9.6392000e-01   2.4814134e-02
9.5775098e-01   2.8234307e-02
9.5111603e-01   3.1719957e-02
9.4401902e-01   3.5739701e-02
9.3646699e-01   3.9998520e-02
9.2846799e-01   4.4540402e-02
9.2003101e-01   4.8932087e-02
9.1116500e-01   5.4043457e-02
9.0187901e-01   5.8766153e-02
8.9218301e-01   6.4446159e-02
8.8208699e-01   7.0168190e-02
8.7160099e-01   7.5951681e-02
8.6073500e-01   8.2443237e-02
8.4950101e-01   8.8965133e-02
8.3791000e-01   9.5383793e-02
8.2597399e-01   1.0252831e-01
8.1370401e-01   1.0938875e-01
8.0111301e-01   1.1655889e-01
7.8821403e-01   1.2428734e-01
7.7501899e-01   1.3239373e-01
7.6154101e-01   1.4014307e-01
7.4779499e-01   1.4724220e-01
7.3379201e-01   1.5565027e-01
7.1954799e-01   1.6346054e-01
7.0507699e-01   1.7057127e-01
6.9039202e-01   1.7891787e-01
6.7550898e-01   1.8660182e-01
6.6044199e-01   1.9443788e-01
6.4520597e-01   2.0258418e-01
6.2981701e-01   2.0967026e-01
6.1429000e-01   2.1692786e-01
5.9864002e-01   2.2423677e-01
5.8288401e-01   2.3108917e-01
5.6703597e-01   2.3817551e-01
5.5111301e-01   2.4437211e-01
5.3513098e-01   2.5088346e-01
5.1910597e-01   2.5610626e-01
5.0305402e-01   2.6253825e-01
4.8699099e-01   2.6747516e-01
4.7093400e-01   2.7220380e-01
4.5489800e-01   2.7597445e-01
4.3889999e-01   2.8091580e-01
4.2295599e-01   2.8443754e-01
4.0708300e-01   2.8759602e-01
3.9129499e-01   2.9070058e-01
3.7560999e-01   2.9307744e-01
3.6004400e-01   2.9517052e-01
3.4461200e-01   2.9696360e-01
3.2933000e-01   2.9755014e-01
3.1421301e-01   2.9821518e-01
2.9927900e-01   2.9722092e-01
2.8454101e-01   2.9722717e-01
2.7001500e-01   2.9621941e-01
2.5571701e-01   2.9365635e-01
2.4166100e-01   2.9063383e-01
2.2786200e-01   2.8774220e-01
2.1433599e-01   2.8374454e-01
2.0109500e-01   2.7906108e-01
1.8815500e-01   2.7372521e-01
1.7553000e-01   2.6706442e-01
1.6323400e-01   2.6053041e-01
1.5128000e-01   2.5345975e-01
1.3968100e-01   2.4546111e-01
1.2845200e-01   2.3702282e-01
1.1760600e-01   2.2740853e-01
1.0715500e-01   2.1790536e-01
9.7112998e-02   2.0681047e-01
8.7493002e-02   1.9610269e-01
7.8305997e-02   1.8418007e-01
6.9565997e-02   1.7198598e-01
6.1285000e-02   1.5958799e-01
5.3474002e-02   1.4687164e-01
4.6149999e-02   1.3404259e-01
3.9326001e-02   1.2093266e-01
3.3013999e-02   1.0791402e-01
2.7230000e-02   9.4713509e-02
2.1980001e-02   8.2079284e-02
1.7277000e-02   6.9361314e-02
1.3141000e-02   5.7544999e-02
9.5729996e-03   4.6643950e-02
6.5830001e-03   3.6432080e-02
4.1880002e-03   2.7291235e-02
2.3540000e-03   1.9715592e-02
1.0810000e-03   1.2841518e-02
3.7100000e-04   7.5589274e-03
7.6999997e-05   4.0916721e-03
4.9999999e-06   1.8198184e-03
0.0000000e+00   9.3347830e-04
4.9999999e-06   1.6024057e-04
7.6999997e-05   -2.0666579e-03
3.7100000e-04   -5.7103634e-03
1.0810000e-03   -1.0934424e-02
2.3530000e-03   -1.7483018e-02
4.1880002e-03   -2.5156986e-02
6.5850001e-03   -3.3931702e-02
9.5760003e-03   -4.3266688e-02
1.3145000e-02   -5.3216688e-02
1.7281000e-02   -6.3537739e-02
2.1983000e-02   -7.4180417e-02
2.7232001e-02   -8.4860153e-02
3.3016000e-02   -9.5470972e-02
3.9328001e-02   -1.0576697e-01
4.6151999e-02   -1.1621030e-01
5.3475998e-02   -1.2652066e-01
6.1287001e-02   -1.3666971e-01
6.9568001e-02   -1.4640445e-01
7.8308001e-02   -1.5661971e-01
8.7494999e-02   -1.6583350e-01
9.7115003e-02   -1.7433885e-01
1.0715700e-01   -1.8338302e-01
1.1760800e-01   -1.9164450e-01
1.2845400e-01   -1.9870973e-01
1.3968299e-01   -2.0582181e-01
1.5128200e-01   -2.1285877e-01
1.6323499e-01   -2.1889193e-01
1.7553200e-01   -2.2455516e-01
1.8815701e-01   -2.2993734e-01
2.0109700e-01   -2.3448722e-01
2.1433701e-01   -2.3844716e-01
2.2786400e-01   -2.4215978e-01
2.4166299e-01   -2.4485423e-01
2.5571901e-01   -2.4761680e-01
2.7001700e-01   -2.4963108e-01
2.8454199e-01   -2.5203663e-01
2.9927999e-01   -2.5225151e-01
3.1421500e-01   -2.5317767e-01
3.2933101e-01   -2.5353536e-01
3.4461299e-01   -2.5300309e-01
3.6004499e-01   -2.5260723e-01
3.7561101e-01   -2.5158083e-01
3.9129600e-01   -2.4968618e-01
4.0708300e-01   -2.4734990e-01
4.2295700e-01   -2.4526699e-01
4.3890101e-01   -2.4182412e-01
4.5489901e-01   -2.3909624e-01
4.7093499e-01   -2.3514208e-01
4.8699200e-01   -2.3149459e-01
5.0305498e-01   -2.2776002e-01
5.1910698e-01   -2.2286688e-01
5.3513199e-01   -2.1807490e-01
5.5111402e-01   -2.1304210e-01
5.6703597e-01   -2.0811902e-01
5.8288401e-01   -2.0245120e-01
5.9864002e-01   -1.9672908e-01
6.1429000e-01   -1.9098154e-01
6.2981701e-01   -1.8468703e-01
6.4520597e-01   -1.7907919e-01
6.6044199e-01   -1.7267385e-01
6.7550898e-01   -1.6662988e-01
6.9039297e-01   -1.6052313e-01
7.0507699e-01   -1.5349866e-01
7.1954900e-01   -1.4720200e-01
7.3379302e-01   -1.4038755e-01
7.4779499e-01   -1.3380688e-01
7.6154202e-01   -1.2713799e-01
7.7501899e-01   -1.2086038e-01
7.8821403e-01   -1.1387791e-01
8.0111301e-01   -1.0774948e-01
8.1370401e-01   -1.0133021e-01
8.2597297e-01   -9.4805367e-02
8.3791000e-01   -8.8804707e-02
8.4950101e-01   -8.2931273e-02
8.6073500e-01   -7.6425448e-02
8.7160099e-01   -7.0938915e-02
8.8208801e-01   -6.5548927e-02
8.9218402e-01   -6.0348023e-02
9.0188003e-01   -5.5253919e-02
9.1116500e-01   -5.0402049e-02
9.2003101e-01   -4.5863364e-02
9.2846799e-01   -4.1064311e-02
9.3646699e-01   -3.6940150e-02
9.4401902e-01   -3.2964122e-02
9.5111603e-01   -2.9472733e-02
9.5775098e-01   -2.6112782e-02
9.6392000e-01   -2.2593141e-02
9.6961600e-01   -1.9287800e-02
9.7483599e-01   -1.6806250e-02
9.7957498e-01   -1.3957339e-02
9.8383099e-01   -1.1421431e-02
9.8759800e-01   -9.2887999e-03
9.9087399e-01   -7.2626476e-03
9.9365300e-01   -5.6089568e-03
9.9593401e-01   -4.2226911e-03
9.9771100e-01   -3.1193781e-03
9.9898201e-01   -2.5818930e-03
9.9974501e-01   -1.9471975e-03
1.0000000e+00   -1.6850000e-03
