1.0000000e+00   -3.0056608e-06
9.9974501e-01   2.4276189e-04
9.9898201e-01   9.2567550e-04
9.9771100e-01   1.8915328e-03
9.9593300e-01   3.2157754e-03
9.9365300e-01   4.9914955e-03
9.9087399e-01   7.2848056e-03
9.8759800e-01   1.0014365e-02
9.8382998e-01   1.3201472e-02
9.7957498e-01   1.6686875e-02
9.7483599e-01   2.0635804e-02
9.6961600e-01   2.4733318e-02
9.6392000e-01   2.9177474e-02
9.5775098e-01   3.3743497e-02
9.5111603e-01   3.8616940e-02
9.4401902e-01   4.3698918e-02
9.3646699e-01   4.9303230e-02
9.2846799e-01   5.5275951e-02
9.2003101e-01   6.1472282e-02
9.1116500e-01   6.7949526e-02
9.0187901e-01   7.5086370e-02
8.9218301e-01   8.2393512e-02
8.8208699e-01   9.0025842e-02
8.7160099e-01   9.8161660e-02
8.6073500e-01   1.0658114e-01
8.4950101e-01   1.1515830e-01
8.3791000e-01   1.2421269e-01
8.2597399e-01   1.3333647e-01
8.1370401e-01   1.4308000e-01
8.0111301e-01   1.5269403e-01
7.8821403e-01   1.6249323e-01
7.7501899e-01   1.7247468e-01
7.6154101e-01   1.8265621e-01
7.4779499e-01   1.9305889e-01
7.3379201e-01   2.0328529e-01
7.1954799e-01   2.1362762e-01
7.0507699e-01   2.2392553e-01
6.9039202e-01   2.3420073e-01
6.7550898e-01   2.4470814e-01
6.6044199e-01   2.5487816e-01
6.4520597e-01   2.6468149e-01
6.2981701e-01   2.7429402e-01
6.1429000e-01   2.8347683e-01
5.9864002e-01   2.9216295e-01
5.8288401e-01   3.0049971e-01
5.6703597e-01   3.0817366e-01
5.5111301e-01   3.1549236e-01
5.3513098e-01   3.2237580e-01
5.1910597e-01   3.2892111e-01
5.0305402e-01   3.3458456e-01
4.8699099e-01   3.3997038e-01
4.7093400e-01   3.4456116e-01
4.5489800e-01   3.4868845e-01
4.3889999e-01   3.5202548e-01
4.2295599e-01   3.5455140e-01
4.0708300e-01   3.5637119e-01
3.9129499e-01   3.5740429e-01
3.7560999e-01   3.5809198e-01
3.6004400e-01   3.5794875e-01
3.4461200e-01   3.5731283e-01
3.2933000e-01   3.5586050e-01
3.1421301e-01   3.5351893e-01
2.9927900e-01   3.5072684e-01
2.8454101e-01   3.4747139e-01
2.7001500e-01   3.4322029e-01
2.5571701e-01   3.3858645e-01
2.4166100e-01   3.3337167e-01
2.2786200e-01   3.2779229e-01
2.1433599e-01   3.2138672e-01
2.0109500e-01   3.1411442e-01
1.8815500e-01   3.0659437e-01
1.7553000e-01   2.9824680e-01
1.6323400e-01   2.8959733e-01
1.5128000e-01   2.8007156e-01
1.3968100e-01   2.7039486e-01
1.2845200e-01   2.6024714e-01
1.1760600e-01   2.4977060e-01
1.0715500e-01   2.3844753e-01
9.7112998e-02   2.2736891e-01
8.7493002e-02   2.1527995e-01
7.8305997e-02   2.0301758e-01
6.9565997e-02   1.9021635e-01
6.1285000e-02   1.7726180e-01
5.3474002e-02   1.6409281e-01
4.6149999e-02   1.5076293e-01
3.9326001e-02   1.3718031e-01
3.3013999e-02   1.2365817e-01
2.7230000e-02   1.1019895e-01
2.1980001e-02   9.6811436e-02
1.7277000e-02   8.3635747e-02
1.3141000e-02   7.0621707e-02
9.5729996e-03   5.7880405e-02
6.5830001e-03   4.5711305e-02
4.1880002e-03   3.4474652e-02
2.3540000e-03   2.4400147e-02
1.0810000e-03   1.5849933e-02
3.7100000e-04   8.8183722e-03
7.6999997e-05   3.9555226e-03
4.9999999e-06   9.7998010e-04
0.0000000e+00   1.6639664e-05
4.9999999e-06   -9.4168953e-04
7.6999997e-05   -3.8845921e-03
3.7100000e-04   -8.5296091e-03
1.0810000e-03   -1.4879080e-02
2.3530000e-03   -2.2506606e-02
4.1880002e-03   -3.1079844e-02
6.5850001e-03   -3.9766274e-02
9.5760003e-03   -4.8612859e-02
1.3145000e-02   -5.7246413e-02
1.7281000e-02   -6.5919220e-02
2.1983000e-02   -7.4345082e-02
2.7232001e-02   -8.2486682e-02
3.3016000e-02   -9.0195514e-02
3.9328001e-02   -9.7787812e-02
4.6151999e-02   -1.0536385e-01
5.3475998e-02   -1.1266740e-01
6.1287001e-02   -1.1967050e-01
6.9568001e-02   -1.2671569e-01
7.8308001e-02   -1.3344686e-01
8.7494999e-02   -1.4013635e-01
9.7115003e-02   -1.4635466e-01
1.0715700e-01   -1.5265957e-01
1.1760800e-01   -1.5868735e-01
1.2845400e-01   -1.6465531e-01
1.3968299e-01   -1.7009409e-01
1.5128200e-01   -1.7525254e-01
1.6323499e-01   -1.8037595e-01
1.7553200e-01   -1.8515939e-01
1.8815701e-01   -1.8973443e-01
2.0109700e-01   -1.9385745e-01
2.1433701e-01   -1.9755448e-01
2.2786400e-01   -2.0163296e-01
2.4166299e-01   -2.0506798e-01
2.5571901e-01   -2.0794328e-01
2.7001700e-01   -2.1089157e-01
2.8454199e-01   -2.1292958e-01
2.9927999e-01   -2.1495755e-01
3.1421500e-01   -2.1672951e-01
3.2933101e-01   -2.1856019e-01
3.4461299e-01   -2.1969709e-01
3.6004499e-01   -2.2038206e-01
3.7561101e-01   -2.2053674e-01
3.9129600e-01   -2.2030957e-01
4.0708300e-01   -2.1993880e-01
4.2295700e-01   -2.1876949e-01
4.3890101e-01   -2.1749145e-01
4.5489901e-01   -2.1552411e-01
4.7093499e-01   -2.1324469e-01
4.8699200e-01   -2.1046069e-01
5.0305498e-01   -2.0707183e-01
5.1910698e-01   -2.0309366e-01
5.3513199e-01   -1.9894226e-01
5.5111402e-01   -1.9393857e-01
5.6703597e-01   -1.8880421e-01
5.8288401e-01   -1.8287790e-01
5.9864002e-01   -1.7668438e-01
6.1429000e-01   -1.6996688e-01
6.2981701e-01   -1.6303508e-01
6.4520597e-01   -1.5593696e-01
6.6044199e-01   -1.4869437e-01
6.7550898e-01   -1.4153272e-01
6.9039297e-01   -1.3401122e-01
7.0507699e-01   -1.2661140e-01
7.1954900e-01   -1.1926243e-01
7.3379302e-01   -1.1204978e-01
7.4779499e-01   -1.0477893e-01
7.6154202e-01   -9.7669028e-02
7.7501899e-01   -9.0872504e-02
7.8821403e-01   -8.4144369e-02
8.0111301e-01   -7.7290259e-02
8.1370401e-01   -7.0799537e-02
8.2597297e-01   -6.4649083e-02
8.3791000e-01   -5.8284663e-02
8.4950101e-01   -5.2774772e-02
8.6073500e-01   -4.7213614e-02
8.7160099e-01   -4.2142857e-02
8.8208801e-01   -3.7220463e-02
8.9218402e-01   -3.2598969e-02
9.0188003e-01   -2.8533729e-02
9.1116500e-01   -2.4663718e-02
9.2003101e-01   -2.1082314e-02
9.2846799e-01   -1.7788598e-02
9.3646699e-01   -1.4912221e-02
9.4401902e-01   -1.2403425e-02
9.5111603e-01   -1.0316019e-02
9.5775098e-01   -8.7157292e-03
9.6392000e-01   -7.0344335e-03
9.6961600e-01   -5.8253761e-03
9.7483599e-01   -4.5720148e-03
9.7957498e-01   -3.5108591e-03
9.8383099e-01   -2.6409852e-03
9.8759800e-01   -1.8658339e-03
9.9087399e-01   -1.3341391e-03
9.9365300e-01   -8.3886943e-04
9.9593401e-01   -5.4945535e-04
9.9771100e-01   -2.5071023e-04
9.9898201e-01   -3.0466566e-05
9.9974501e-01   -7.6170218e-05
1.0000000e+00   2.6606176e-07
