1.0000000e+00   1.5335064e-04
9.9974501e-01   4.3821058e-04
9.9898201e-01   1.2794710e-03
9.9771100e-01   2.4431464e-03
9.9593300e-01   4.0416559e-03
9.9365300e-01   6.0029891e-03
9.9087399e-01   8.4943762e-03
9.8759800e-01   1.1320711e-02
9.8382998e-01   1.4581797e-02
9.7957498e-01   1.8246096e-02
9.7483599e-01   2.2493461e-02
9.6961600e-01   2.7006231e-02
9.6392000e-01   3.1885926e-02
9.5775098e-01   3.7141055e-02
9.5111603e-01   4.2692002e-02
9.4401902e-01   4.8751082e-02
9.3646699e-01   5.5081509e-02
9.2846799e-01   6.2027991e-02
9.2003101e-01   6.9052778e-02
9.1116500e-01   7.6468021e-02
9.0187901e-01   8.3868593e-02
8.9218301e-01   9.2514209e-02
8.8208699e-01   1.0082395e-01
8.7160099e-01   1.0984948e-01
8.6073500e-01   1.1904198e-01
8.4950101e-01   1.2846370e-01
8.3791000e-01   1.3834076e-01
8.2597399e-01   1.4858572e-01
8.1370401e-01   1.5932381e-01
8.0111301e-01   1.7025976e-01
7.8821403e-01   1.8202724e-01
7.7501899e-01   1.9390388e-01
7.6154101e-01   2.0577633e-01
7.4779499e-01   2.1676710e-01
7.3379201e-01   2.2893925e-01
7.1954799e-01   2.4074805e-01
7.0507699e-01   2.5177795e-01
6.9039202e-01   2.6309291e-01
6.7550898e-01   2.7395377e-01
6.6044199e-01   2.8438464e-01
6.4520597e-01   2.9460138e-01
6.2981701e-01   3.0402467e-01
6.1429000e-01   3.1278962e-01
5.9864002e-01   3.2128215e-01
5.8288401e-01   3.2899821e-01
5.6703597e-01   3.3637381e-01
5.5111301e-01   3.4263793e-01
5.3513098e-01   3.4856391e-01
5.1910597e-01   3.5344294e-01
5.0305402e-01   3.5867640e-01
4.8699099e-01   3.6207342e-01
4.7093400e-01   3.6518255e-01
4.5489800e-01   3.6724448e-01
4.3889999e-01   3.6903965e-01
4.2295599e-01   3.6969322e-01
4.0708300e-01   3.6980358e-01
3.9129499e-01   3.6929759e-01
3.7560999e-01   3.6778381e-01
3.6004400e-01   3.6568013e-01
3.4461200e-01   3.6330825e-01
3.2933000e-01   3.5948196e-01
3.1421301e-01   3.5568878e-01
2.9927900e-01   3.5070357e-01
2.8454101e-01   3.4571946e-01
2.7001500e-01   3.3995095e-01
2.5571701e-01   3.3328524e-01
2.4166100e-01   3.2615378e-01
2.2786200e-01   3.1893075e-01
2.1433599e-01   3.1055620e-01
2.0109500e-01   3.0153283e-01
1.8815500e-01   2.9254106e-01
1.7553000e-01   2.8256807e-01
1.6323400e-01   2.7257603e-01
1.5128000e-01   2.6195887e-01
1.3968100e-01   2.5105655e-01
1.2845200e-01   2.3988129e-01
1.1760600e-01   2.2810020e-01
1.0715500e-01   2.1639965e-01
9.7112998e-02   2.0412998e-01
8.7493002e-02   1.9175988e-01
7.8305997e-02   1.7899530e-01
6.9565997e-02   1.6608810e-01
6.1285000e-02   1.5343371e-01
5.3474002e-02   1.4059898e-01
4.6149999e-02   1.2785177e-01
3.9326001e-02   1.1495770e-01
3.3013999e-02   1.0245748e-01
2.7230000e-02   9.0073302e-02
2.1980001e-02   7.8086182e-02
1.7277000e-02   6.6270992e-02
1.3141000e-02   5.5216312e-02
9.5729996e-03   4.4808358e-02
6.5830001e-03   3.4971207e-02
4.1880002e-03   2.6029499e-02
2.3540000e-03   1.8376529e-02
1.0810000e-03   1.1641498e-02
3.7100000e-04   6.3273786e-03
7.6999997e-05   2.5916349e-03
4.9999999e-06   3.1723105e-04
0.0000000e+00   -4.8817319e-04
4.9999999e-06   -1.2044254e-03
7.6999997e-05   -3.4454293e-03
3.7100000e-04   -7.1136891e-03
1.0810000e-03   -1.2160709e-02
2.3530000e-03   -1.8035600e-02
4.1880002e-03   -2.4623292e-02
6.5850001e-03   -3.1721789e-02
9.5760003e-03   -3.9005000e-02
1.3145000e-02   -4.6422817e-02
1.7281000e-02   -5.3972494e-02
2.1983000e-02   -6.1733540e-02
2.7232001e-02   -6.9157347e-02
3.3016000e-02   -7.6662101e-02
3.9328001e-02   -8.3913364e-02
4.6151999e-02   -9.1087431e-02
5.3475998e-02   -9.8141037e-02
6.1287001e-02   -1.0497387e-01
6.9568001e-02   -1.1193776e-01
7.8308001e-02   -1.1881973e-01
8.7494999e-02   -1.2515739e-01
9.7115003e-02   -1.3109067e-01
1.0715700e-01   -1.3786478e-01
1.1760800e-01   -1.4349538e-01
1.2845400e-01   -1.4904264e-01
1.3968299e-01   -1.5442069e-01
1.5128200e-01   -1.5946680e-01
1.6323499e-01   -1.6444960e-01
1.7553200e-01   -1.6884845e-01
1.8815701e-01   -1.7359801e-01
2.0109700e-01   -1.7753777e-01
2.1433701e-01   -1.8101756e-01
2.2786400e-01   -1.8495928e-01
2.4166299e-01   -1.8823525e-01
2.5571901e-01   -1.9156121e-01
2.7001700e-01   -1.9440077e-01
2.8454199e-01   -1.9766633e-01
2.9927999e-01   -1.9993769e-01
3.1421500e-01   -2.0207873e-01
3.2933101e-01   -2.0417526e-01
3.4461299e-01   -2.0579398e-01
3.6004499e-01   -2.0684431e-01
3.7561101e-01   -2.0793615e-01
3.9129600e-01   -2.0816106e-01
4.0708300e-01   -2.0841192e-01
4.2295700e-01   -2.0797630e-01
4.3890101e-01   -2.0704852e-01
4.5489901e-01   -2.0633861e-01
4.7093499e-01   -2.0460360e-01
4.8699200e-01   -2.0251092e-01
5.0305498e-01   -2.0019281e-01
5.1910698e-01   -1.9721188e-01
5.3513199e-01   -1.9337606e-01
5.5111402e-01   -1.8907893e-01
5.6703597e-01   -1.8510918e-01
5.8288401e-01   -1.7979054e-01
5.9864002e-01   -1.7450050e-01
6.1429000e-01   -1.6858953e-01
6.2981701e-01   -1.6211851e-01
6.4520597e-01   -1.5525101e-01
6.6044199e-01   -1.4799671e-01
6.7550898e-01   -1.4040387e-01
6.9039297e-01   -1.3270976e-01
7.0507699e-01   -1.2494433e-01
7.1954900e-01   -1.1682873e-01
7.3379302e-01   -1.0872111e-01
7.4779499e-01   -1.0049827e-01
7.6154202e-01   -9.2455313e-02
7.7501899e-01   -8.4315889e-02
7.8821403e-01   -7.5962774e-02
8.0111301e-01   -6.8352319e-02
8.1370401e-01   -6.0921770e-02
8.2597297e-01   -5.3285535e-02
8.3791000e-01   -4.6490081e-02
8.4950101e-01   -4.0439364e-02
8.6073500e-01   -3.4099571e-02
8.7160099e-01   -2.9259888e-02
8.8208801e-01   -2.4557779e-02
8.9218402e-01   -1.9978872e-02
9.0188003e-01   -1.6036060e-02
9.1116500e-01   -1.2478113e-02
9.2003101e-01   -9.3719354e-03
9.2846799e-01   -6.7946329e-03
9.3646699e-01   -4.5109196e-03
9.4401902e-01   -2.9704948e-03
9.5111603e-01   -1.7973207e-03
9.5775098e-01   -8.6532719e-04
9.6392000e-01   -1.8481072e-04
9.6961600e-01   5.9877004e-04
9.7483599e-01   6.4539688e-04
9.7957498e-01   9.3764596e-04
9.8383099e-01   9.0414530e-04
9.8759800e-01   8.2415162e-04
9.9087399e-01   5.9660134e-04
9.9365300e-01   2.8099678e-04
9.9593401e-01   -5.9542479e-05
9.9771100e-01   -3.5749501e-04
9.9898201e-01   -6.2070944e-04
9.9974501e-01   -5.0169340e-04
1.0000000e+00   -5.0220982e-04
