1.0000000e+00   1.4656623e-03
9.9974501e-01   1.2240828e-03
9.9898201e-01   2.1792948e-03
9.9771100e-01   2.9819999e-03
9.9593300e-01   3.6056342e-03
9.9365300e-01   5.0328863e-03
9.9087399e-01   6.4219637e-03
9.8759800e-01   8.0671813e-03
9.8382998e-01   1.0077234e-02
9.7957498e-01   1.2150867e-02
9.7483599e-01   1.4729707e-02
9.6961600e-01   1.7513350e-02
9.6392000e-01   2.0636091e-02
9.5775098e-01   2.4086336e-02
9.5111603e-01   2.7999714e-02
9.4401902e-01   3.1801850e-02
9.3646699e-01   3.5659004e-02
9.2846799e-01   4.0363446e-02
9.2003101e-01   4.5335315e-02
9.1116500e-01   4.9521264e-02
9.0187901e-01   5.5264659e-02
8.9218301e-01   6.0114209e-02
8.8208699e-01   6.4998932e-02
8.7160099e-01   7.1195379e-02
8.6073500e-01   7.6912388e-02
8.4950101e-01   8.2523964e-02
8.3791000e-01   8.7860033e-02
8.2597399e-01   9.4721839e-02
8.1370401e-01   1.0097969e-01
8.0111301e-01   1.0657094e-01
7.8821403e-01   1.1316442e-01
7.7501899e-01   1.1921182e-01
7.6154101e-01   1.2518543e-01
7.4779499e-01   1.3045949e-01
7.3379201e-01   1.3760331e-01
7.1954799e-01   1.4352299e-01
7.0507699e-01   1.4879274e-01
6.9039202e-01   1.5505894e-01
6.7550898e-01   1.5984873e-01
6.6044199e-01   1.6635938e-01
6.4520597e-01   1.7059149e-01
6.2981701e-01   1.7525458e-01
6.1429000e-01   1.7986757e-01
5.9864002e-01   1.8400738e-01
5.8288401e-01   1.8813920e-01
5.6703597e-01   1.9210209e-01
5.5111301e-01   1.9561476e-01
5.3513098e-01   1.9851251e-01
5.1910597e-01   2.0062201e-01
5.0305402e-01   2.0448495e-01
4.8699099e-01   2.0527464e-01
4.7093400e-01   2.0758067e-01
4.5489800e-01   2.0870236e-01
4.3889999e-01   2.1049854e-01
4.2295599e-01   2.1041225e-01
4.0708300e-01   2.1057039e-01
3.9129499e-01   2.1119961e-01
3.7560999e-01   2.1055196e-01
3.6004400e-01   2.0992988e-01
3.4461200e-01   2.0913489e-01
3.2933000e-01   2.0781299e-01
3.1421301e-01   2.0511545e-01
2.9927900e-01   2.0423859e-01
2.8454101e-01   2.0216063e-01
2.7001500e-01   2.0061606e-01
2.5571701e-01   1.9779868e-01
2.4166100e-01   1.9497198e-01
2.2786200e-01   1.9203424e-01
2.1433599e-01   1.8867935e-01
2.0109500e-01   1.8522839e-01
1.8815500e-01   1.8096867e-01
1.7553000e-01   1.7672166e-01
1.6323400e-01   1.7395578e-01
1.5128000e-01   1.6828339e-01
1.3968100e-01   1.6347173e-01
1.2845200e-01   1.5819119e-01
1.1760600e-01   1.5268177e-01
1.0715500e-01   1.4733079e-01
9.7112998e-02   1.4126709e-01
8.7493002e-02   1.3560283e-01
7.8305997e-02   1.2959172e-01
6.9565997e-02   1.2376672e-01
6.1285000e-02   1.1773564e-01
5.3474002e-02   1.1078800e-01
4.6149999e-02   1.0357428e-01
3.9326001e-02   9.6549295e-02
3.3013999e-02   8.9385375e-02
2.7230000e-02   8.0778740e-02
2.1980001e-02   7.3306918e-02
1.7277000e-02   6.5179959e-02
1.3141000e-02   5.6265295e-02
9.5729996e-03   4.7053389e-02
6.5830001e-03   3.8391463e-02
4.1880002e-03   2.9661614e-02
2.3540000e-03   2.1183006e-02
1.0810000e-03   1.3898985e-02
3.7100000e-04   7.8705354e-03
7.6999997e-05   3.3561457e-03
4.9999999e-06   9.1508788e-05
0.0000000e+00   -6.2182330e-04
4.9999999e-06   -1.4354344e-03
7.6999997e-05   -4.1381172e-03
3.7100000e-04   -8.6765680e-03
1.0810000e-03   -1.4797903e-02
2.3530000e-03   -2.2508109e-02
4.1880002e-03   -3.1249166e-02
6.5850001e-03   -4.0459551e-02
9.5760003e-03   -4.9970582e-02
1.3145000e-02   -5.8796067e-02
1.7281000e-02   -6.7280807e-02
2.1983000e-02   -7.6308876e-02
2.7232001e-02   -8.4167778e-02
3.3016000e-02   -9.2317380e-02
3.9328001e-02   -1.0062439e-01
4.6151999e-02   -1.0744607e-01
5.3475998e-02   -1.1554664e-01
6.1287001e-02   -1.2291583e-01
6.9568001e-02   -1.2963185e-01
7.8308001e-02   -1.3699913e-01
8.7494999e-02   -1.4188072e-01
9.7115003e-02   -1.4946617e-01
1.0715700e-01   -1.5509090e-01
1.1760800e-01   -1.6117002e-01
1.2845400e-01   -1.6604595e-01
1.3968299e-01   -1.7099522e-01
1.5128200e-01   -1.7613490e-01
1.6323499e-01   -1.8038380e-01
1.7553200e-01   -1.8523638e-01
1.8815701e-01   -1.8952984e-01
2.0109700e-01   -1.9337845e-01
2.1433701e-01   -1.9702493e-01
2.2786400e-01   -2.0056926e-01
2.4166299e-01   -2.0359689e-01
2.5571901e-01   -2.0697196e-01
2.7001700e-01   -2.0915575e-01
2.8454199e-01   -2.1125004e-01
2.9927999e-01   -2.1269418e-01
3.1421500e-01   -2.1499974e-01
3.2933101e-01   -2.1693899e-01
3.4461299e-01   -2.1791939e-01
3.6004499e-01   -2.1936965e-01
3.7561101e-01   -2.1881141e-01
3.9129600e-01   -2.1817221e-01
4.0708300e-01   -2.1796265e-01
4.2295700e-01   -2.1783838e-01
4.3890101e-01   -2.1548361e-01
4.5489901e-01   -2.1364208e-01
4.7093499e-01   -2.1248931e-01
4.8699200e-01   -2.1009883e-01
5.0305498e-01   -2.0813699e-01
5.1910698e-01   -2.0495930e-01
5.3513199e-01   -2.0217915e-01
5.5111402e-01   -1.9809940e-01
5.6703597e-01   -1.9484085e-01
5.8288401e-01   -1.9112211e-01
5.9864002e-01   -1.8652558e-01
6.1429000e-01   -1.8256702e-01
6.2981701e-01   -1.7742941e-01
6.4520597e-01   -1.7174318e-01
6.6044199e-01   -1.6691190e-01
6.7550898e-01   -1.6213189e-01
6.9039297e-01   -1.5594386e-01
7.0507699e-01   -1.5062775e-01
7.1954900e-01   -1.4399898e-01
7.3379302e-01   -1.3815163e-01
7.4779499e-01   -1.3170743e-01
7.6154202e-01   -1.2575862e-01
7.7501899e-01   -1.1922516e-01
7.8821403e-01   -1.1305051e-01
8.0111301e-01   -1.0770351e-01
8.1370401e-01   -1.0096516e-01
8.2597297e-01   -9.5148347e-02
8.3791000e-01   -8.9009859e-02
8.4950101e-01   -8.3710887e-02
8.6073500e-01   -7.7709720e-02
8.7160099e-01   -7.1736895e-02
8.8208801e-01   -6.6325031e-02
8.9218402e-01   -6.1447106e-02
9.0188003e-01   -5.6616120e-02
9.1116500e-01   -5.1741704e-02
9.2003101e-01   -4.6675239e-02
9.2846799e-01   -4.2587146e-02
9.3646699e-01   -3.7296936e-02
9.4401902e-01   -3.4304824e-02
9.5111603e-01   -2.9443806e-02
9.5775098e-01   -2.6361698e-02
9.6392000e-01   -2.3290534e-02
9.6961600e-01   -2.0206403e-02
9.7483599e-01   -1.7180154e-02
9.7957498e-01   -1.4763177e-02
9.8383099e-01   -1.2267726e-02
9.8759800e-01   -1.0149383e-02
9.9087399e-01   -8.4287766e-03
9.9365300e-01   -6.4657782e-03
9.9593401e-01   -6.1795269e-03
9.9771100e-01   -4.6790340e-03
9.9898201e-01   -3.7266780e-03
9.9974501e-01   -3.4586315e-03
1.0000000e+00   -2.9925355e-03
