1.0000000e+00   3.5806731e-03
9.9974501e-01   3.4433508e-03
9.9898201e-01   3.8196819e-03
9.9771100e-01   4.6944297e-03
9.9593300e-01   5.4753134e-03
9.9365300e-01   7.4179997e-03
9.9087399e-01   8.9563383e-03
9.8759800e-01   1.0360025e-02
9.8382998e-01   1.2418997e-02
9.7957498e-01   1.5162079e-02
9.7483599e-01   1.7829997e-02
9.6961600e-01   2.0388490e-02
9.6392000e-01   2.3364658e-02
9.5775098e-01   2.6454786e-02
9.5111603e-01   2.9950770e-02
9.4401902e-01   3.3904675e-02
9.3646699e-01   3.8022015e-02
9.2846799e-01   4.2815719e-02
9.2003101e-01   4.7166996e-02
9.1116500e-01   5.1588614e-02
9.0187901e-01   5.6688283e-02
8.9218301e-01   6.2409464e-02
8.8208699e-01   6.7860365e-02
8.7160099e-01   7.3790453e-02
8.6073500e-01   7.9869926e-02
8.4950101e-01   8.6812243e-02
8.3791000e-01   9.3014330e-02
8.2597399e-01   1.0009927e-01
8.1370401e-01   1.0706485e-01
8.0111301e-01   1.1495541e-01
7.8821403e-01   1.2225016e-01
7.7501899e-01   1.3014746e-01
7.6154101e-01   1.3855013e-01
7.4779499e-01   1.4639543e-01
7.3379201e-01   1.5498596e-01
7.1954799e-01   1.6368939e-01
7.0507699e-01   1.7262428e-01
6.9039202e-01   1.8168323e-01
6.7550898e-01   1.9021001e-01
6.6044199e-01   1.9955477e-01
6.4520597e-01   2.0786111e-01
6.2981701e-01   2.1763445e-01
6.1429000e-01   2.2617066e-01
5.9864002e-01   2.3529445e-01
5.8288401e-01   2.4384983e-01
5.6703597e-01   2.5246704e-01
5.5111301e-01   2.6089245e-01
5.3513098e-01   2.6785159e-01
5.1910597e-01   2.7575153e-01
5.0305402e-01   2.8288391e-01
4.8699099e-01   2.8943482e-01
4.7093400e-01   2.9691795e-01
4.5489800e-01   3.0225638e-01
4.3889999e-01   3.0757403e-01
4.2295599e-01   3.1202891e-01
4.0708300e-01   3.1645533e-01
3.9129499e-01   3.1920019e-01
3.7560999e-01   3.2271129e-01
3.6004400e-01   3.2393602e-01
3.4461200e-01   3.2426089e-01
3.2933000e-01   3.2485095e-01
3.1421301e-01   3.2418525e-01
2.9927900e-01   3.2339191e-01
2.8454101e-01   3.2081187e-01
2.7001500e-01   3.1706086e-01
2.5571701e-01   3.1412548e-01
2.4166100e-01   3.0995959e-01
2.2786200e-01   3.0498016e-01
2.1433599e-01   2.9924279e-01
2.0109500e-01   2.9229113e-01
1.8815500e-01   2.8531298e-01
1.7553000e-01   2.7776501e-01
1.6323400e-01   2.6963273e-01
1.5128000e-01   2.5998187e-01
1.3968100e-01   2.5029451e-01
1.2845200e-01   2.4000016e-01
1.1760600e-01   2.2962387e-01
1.0715500e-01   2.1835288e-01
9.7112998e-02   2.0698959e-01
8.7493002e-02   1.9466583e-01
7.8305997e-02   1.8270434e-01
6.9565997e-02   1.6974562e-01
6.1285000e-02   1.5691093e-01
5.3474002e-02   1.4349307e-01
4.6149999e-02   1.3022505e-01
3.9326001e-02   1.1667365e-01
3.3013999e-02   1.0397305e-01
2.7230000e-02   9.0854213e-02
2.1980001e-02   7.8282289e-02
1.7277000e-02   6.6261217e-02
1.3141000e-02   5.5274911e-02
9.5729996e-03   4.4575289e-02
6.5830001e-03   3.4380514e-02
4.1880002e-03   2.5444252e-02
2.3540000e-03   1.7190060e-02
1.0810000e-03   1.0814895e-02
3.7100000e-04   5.4363245e-03
7.6999997e-05   1.2144317e-03
4.9999999e-06   -7.2128547e-04
0.0000000e+00   -1.5678656e-03
4.9999999e-06   -2.1704861e-03
7.6999997e-05   -4.5247842e-03
3.7100000e-04   -8.5178902e-03
1.0810000e-03   -1.3509190e-02
2.3530000e-03   -1.9907419e-02
4.1880002e-03   -2.7381087e-02
6.5850001e-03   -3.5406653e-02
9.5760003e-03   -4.3902472e-02
1.3145000e-02   -5.3003345e-02
1.7281000e-02   -6.1915640e-02
2.1983000e-02   -7.2027266e-02
2.7232001e-02   -8.1483394e-02
3.3016000e-02   -9.1425732e-02
3.9328001e-02   -1.0254021e-01
4.6151999e-02   -1.1198593e-01
5.3475998e-02   -1.2244561e-01
6.1287001e-02   -1.3260184e-01
6.9568001e-02   -1.4194126e-01
7.8308001e-02   -1.5122530e-01
8.7494999e-02   -1.6038962e-01
9.7115003e-02   -1.6953452e-01
1.0715700e-01   -1.7756628e-01
1.1760800e-01   -1.8530427e-01
1.2845400e-01   -1.9381781e-01
1.3968299e-01   -2.0060748e-01
1.5128200e-01   -2.0737794e-01
1.6323499e-01   -2.1396710e-01
1.7553200e-01   -2.1956871e-01
1.8815701e-01   -2.2532350e-01
2.0109700e-01   -2.2976889e-01
2.1433701e-01   -2.3427384e-01
2.2786400e-01   -2.3756838e-01
2.4166299e-01   -2.4099489e-01
2.5571901e-01   -2.4329650e-01
2.7001700e-01   -2.4512050e-01
2.8454199e-01   -2.4638340e-01
2.9927999e-01   -2.4694270e-01
3.1421500e-01   -2.4686004e-01
3.2933101e-01   -2.4637391e-01
3.4461299e-01   -2.4518368e-01
3.6004499e-01   -2.4313053e-01
3.7561101e-01   -2.4088752e-01
3.9129600e-01   -2.3752366e-01
4.0708300e-01   -2.3387180e-01
4.2295700e-01   -2.2917111e-01
4.3890101e-01   -2.2457559e-01
4.5489901e-01   -2.1908848e-01
4.7093499e-01   -2.1391287e-01
4.8699200e-01   -2.0659801e-01
5.0305498e-01   -1.9985278e-01
5.1910698e-01   -1.9323532e-01
5.3513199e-01   -1.8569939e-01
5.5111402e-01   -1.7786020e-01
5.6703597e-01   -1.7066994e-01
5.8288401e-01   -1.6171904e-01
5.9864002e-01   -1.5475588e-01
6.1429000e-01   -1.4703487e-01
6.2981701e-01   -1.3898270e-01
6.4520597e-01   -1.3122974e-01
6.6044199e-01   -1.2338749e-01
6.7550898e-01   -1.1563377e-01
6.9039297e-01   -1.0787024e-01
7.0507699e-01   -1.0081393e-01
7.1954900e-01   -9.3782179e-02
7.3379302e-01   -8.7045580e-02
7.4779499e-01   -7.9860166e-02
7.6154202e-01   -7.3635317e-02
7.7501899e-01   -6.7062154e-02
7.8821403e-01   -6.1284624e-02
8.0111301e-01   -5.5970252e-02
8.1370401e-01   -5.0553475e-02
8.2597297e-01   -4.5567028e-02
8.3791000e-01   -4.0454537e-02
8.4950101e-01   -3.6374047e-02
8.6073500e-01   -3.2129355e-02
8.7160099e-01   -2.8520545e-02
8.8208801e-01   -2.5684046e-02
8.9218402e-01   -2.1909652e-02
9.0188003e-01   -1.8977014e-02
9.1116500e-01   -1.6451413e-02
9.2003101e-01   -1.3998271e-02
9.2846799e-01   -1.2028923e-02
9.3646699e-01   -1.0359686e-02
9.4401902e-01   -8.9892587e-03
9.5111603e-01   -7.7339937e-03
9.5775098e-01   -6.6665486e-03
9.6392000e-01   -6.5829773e-03
9.6961600e-01   -6.0351137e-03
9.7483599e-01   -5.2951444e-03
9.7957498e-01   -4.6412372e-03
9.8383099e-01   -4.2293784e-03
9.8759800e-01   -3.4486097e-03
9.9087399e-01   -3.1430707e-03
9.9365300e-01   -2.9376270e-03
9.9593401e-01   -2.6639402e-03
9.9771100e-01   -2.5401122e-03
9.9898201e-01   -2.3201008e-03
9.9974501e-01   -2.0230468e-03
1.0000000e+00   -2.1668668e-03
