1.0000000e+00   -2.7256341e-05
9.9974501e-01   3.1570124e-04
9.9898201e-01   1.1417670e-03
9.9771100e-01   2.3275407e-03
9.9593300e-01   3.9721266e-03
9.9365300e-01   6.2456112e-03
9.9087399e-01   9.1776410e-03
9.8759800e-01   1.2799448e-02
9.8382998e-01   1.7084232e-02
9.7957498e-01   2.1801906e-02
9.7483599e-01   2.7042188e-02
9.6961600e-01   3.2485671e-02
9.6392000e-01   3.8447827e-02
9.5775098e-01   4.4400964e-02
9.5111603e-01   5.0802086e-02
9.4401902e-01   5.7417858e-02
9.3646699e-01   6.4627118e-02
9.2846799e-01   7.2192036e-02
9.2003101e-01   7.9957411e-02
9.1116500e-01   8.8134363e-02
9.0187901e-01   9.6893638e-02
8.9218301e-01   1.0590627e-01
8.8208699e-01   1.1521214e-01
8.7160099e-01   1.2506297e-01
8.6073500e-01   1.3532749e-01
8.4950101e-01   1.4580968e-01
8.3791000e-01   1.5669838e-01
8.2597399e-01   1.6778585e-01
8.1370401e-01   1.7955565e-01
8.0111301e-01   1.9136721e-01
7.8821403e-01   2.0327722e-01
7.7501899e-01   2.1549302e-01
7.6154101e-01   2.2792137e-01
7.4779499e-01   2.4055775e-01
7.3379201e-01   2.5287604e-01
7.1954799e-01   2.6559445e-01
7.0507699e-01   2.7779254e-01
6.9039202e-01   2.9005367e-01
6.7550898e-01   3.0243799e-01
6.6044199e-01   3.1470793e-01
6.4520597e-01   3.2633373e-01
6.2981701e-01   3.3793870e-01
6.1429000e-01   3.4878898e-01
5.9864002e-01   3.5933465e-01
5.8288401e-01   3.6935210e-01
5.6703597e-01   3.7866291e-01
5.5111301e-01   3.8729963e-01
5.3513098e-01   3.9542216e-01
5.1910597e-01   4.0322503e-01
5.0305402e-01   4.0994057e-01
4.8699099e-01   4.1614145e-01
4.7093400e-01   4.2135486e-01
4.5489800e-01   4.2598617e-01
4.3889999e-01   4.2961046e-01
4.2295599e-01   4.3219438e-01
4.0708300e-01   4.3379271e-01
3.9129499e-01   4.3475878e-01
3.7560999e-01   4.3492219e-01
3.6004400e-01   4.3392855e-01
3.4461200e-01   4.3226039e-01
3.2933000e-01   4.2962492e-01
3.1421301e-01   4.2590979e-01
2.9927900e-01   4.2152825e-01
2.8454101e-01   4.1643018e-01
2.7001500e-01   4.1011977e-01
2.5571701e-01   4.0322500e-01
2.4166100e-01   3.9564303e-01
2.2786200e-01   3.8747400e-01
2.1433599e-01   3.7837422e-01
2.0109500e-01   3.6818308e-01
1.8815500e-01   3.5779315e-01
1.7553000e-01   3.4643453e-01
1.6323400e-01   3.3479804e-01
1.5128000e-01   3.2215333e-01
1.3968100e-01   3.0929276e-01
1.2845200e-01   2.9600826e-01
1.1760600e-01   2.8234613e-01
1.0715500e-01   2.6791227e-01
9.7112998e-02   2.5394547e-01
8.7493002e-02   2.3902439e-01
7.8305997e-02   2.2406060e-01
6.9565997e-02   2.0857514e-01
6.1285000e-02   1.9299740e-01
5.3474002e-02   1.7748334e-01
4.6149999e-02   1.6181211e-01
3.9326001e-02   1.4597490e-01
3.3013999e-02   1.3039197e-01
2.7230000e-02   1.1512668e-01
2.1980001e-02   1.0019946e-01
1.7277000e-02   8.5853525e-02
1.3141000e-02   7.2120361e-02
9.5729996e-03   5.8782473e-02
6.5830001e-03   4.6145111e-02
4.1880002e-03   3.4639779e-02
2.3540000e-03   2.4516214e-02
1.0810000e-03   1.5972925e-02
3.7100000e-04   8.8657718e-03
7.6999997e-05   3.9822655e-03
4.9999999e-06   9.8648004e-04
0.0000000e+00   1.3415340e-05
4.9999999e-06   -9.2715258e-04
7.6999997e-05   -3.8633107e-03
3.7100000e-04   -8.4510772e-03
1.0810000e-03   -1.4653199e-02
2.3530000e-03   -2.2043485e-02
4.1880002e-03   -3.0294076e-02
6.5850001e-03   -3.8588516e-02
9.5760003e-03   -4.7117561e-02
1.3145000e-02   -5.5688020e-02
1.7281000e-02   -6.4267188e-02
2.1983000e-02   -7.2720557e-02
2.7232001e-02   -8.1032291e-02
3.3016000e-02   -8.8782594e-02
3.9328001e-02   -9.6263409e-02
4.6151999e-02   -1.0364611e-01
5.3475998e-02   -1.1077797e-01
6.1287001e-02   -1.1755539e-01
6.9568001e-02   -1.2428489e-01
7.8308001e-02   -1.3075773e-01
8.7494999e-02   -1.3718718e-01
9.7115003e-02   -1.4294760e-01
1.0715700e-01   -1.4871831e-01
1.1760800e-01   -1.5416199e-01
1.2845400e-01   -1.5951583e-01
1.3968299e-01   -1.6411565e-01
1.5128200e-01   -1.6860317e-01
1.6323499e-01   -1.7269513e-01
1.7553200e-01   -1.7666137e-01
1.8815701e-01   -1.8021272e-01
2.0109700e-01   -1.8320762e-01
2.1433701e-01   -1.8567184e-01
2.2786400e-01   -1.8885653e-01
2.4166299e-01   -1.9114399e-01
2.5571901e-01   -1.9262850e-01
2.7001700e-01   -1.9446884e-01
2.8454199e-01   -1.9528885e-01
2.9927999e-01   -1.9591826e-01
3.1421500e-01   -1.9642581e-01
3.2933101e-01   -1.9694501e-01
3.4461299e-01   -1.9678144e-01
3.6004499e-01   -1.9616932e-01
3.7561101e-01   -1.9506294e-01
3.9129600e-01   -1.9362424e-01
4.0708300e-01   -1.9204608e-01
4.2295700e-01   -1.8953055e-01
4.3890101e-01   -1.8694465e-01
4.5489901e-01   -1.8372805e-01
4.7093499e-01   -1.8011890e-01
4.8699200e-01   -1.7628713e-01
5.0305498e-01   -1.7195350e-01
5.1910698e-01   -1.6724703e-01
5.3513199e-01   -1.6230759e-01
5.5111402e-01   -1.5652019e-01
5.6703597e-01   -1.5075156e-01
5.8288401e-01   -1.4439443e-01
5.9864002e-01   -1.3774423e-01
6.1429000e-01   -1.3069095e-01
6.2981701e-01   -1.2343937e-01
6.4520597e-01   -1.1606461e-01
6.6044199e-01   -1.0866962e-01
6.7550898e-01   -1.0144395e-01
6.9039297e-01   -9.3800269e-02
7.0507699e-01   -8.6613640e-02
7.1954900e-01   -7.9346642e-02
7.3379302e-01   -7.2264157e-02
7.4779499e-01   -6.5131359e-02
7.6154202e-01   -5.8351174e-02
7.7501899e-01   -5.2006029e-02
7.8821403e-01   -4.5813750e-02
8.0111301e-01   -3.9572999e-02
8.1370401e-01   -3.3691388e-02
8.2597297e-01   -2.8194960e-02
8.3791000e-01   -2.2530954e-02
8.4950101e-01   -1.8158505e-02
8.6073500e-01   -1.3685486e-02
8.7160099e-01   -9.9096568e-03
8.8208801e-01   -6.4162561e-03
8.9218402e-01   -3.5429187e-03
9.0188003e-01   -1.2368535e-03
9.1116500e-01   9.4754965e-04
9.2003101e-01   2.7669254e-03
9.2846799e-01   4.1838838e-03
9.3646699e-01   5.1887324e-03
9.4401902e-01   5.7969796e-03
9.5111603e-01   6.2069525e-03
9.5775098e-01   6.0870587e-03
9.6392000e-01   5.9169000e-03
9.6961600e-01   5.3119818e-03
9.7483599e-01   4.9264557e-03
9.7957498e-01   4.4123312e-03
9.8383099e-01   3.7653237e-03
9.8759800e-01   3.0646659e-03
9.9087399e-01   2.2638494e-03
9.9365300e-01   1.5985091e-03
9.9593401e-01   9.5392525e-04
9.9771100e-01   5.1713828e-04
9.9898201e-01   3.2866769e-04
9.9974501e-01   -6.1872619e-05
1.0000000e+00   -1.4658808e-05
