1.0000000e+00   9.5123105e-04
9.9974501e-01   6.4538012e-04
9.9898201e-01   1.2167863e-03
9.9771100e-01   1.7573346e-03
9.9593300e-01   2.4613801e-03
9.9365300e-01   3.7831750e-03
9.9087399e-01   4.5013381e-03
9.8759800e-01   5.7682861e-03
9.8382998e-01   7.0443237e-03
9.7957498e-01   9.1005992e-03
9.7483599e-01   1.0722767e-02
9.6961600e-01   1.2864692e-02
9.6392000e-01   1.5347923e-02
9.5775098e-01   1.7399332e-02
9.5111603e-01   2.0165298e-02
9.4401902e-01   2.3217268e-02
9.3646699e-01   2.6380101e-02
9.2846799e-01   2.9158773e-02
9.2003101e-01   3.2764021e-02
9.1116500e-01   3.5347681e-02
9.0187901e-01   3.9140426e-02
8.9218301e-01   4.3041471e-02
8.8208699e-01   4.6297122e-02
8.7160099e-01   5.0643325e-02
8.6073500e-01   5.4437086e-02
8.4950101e-01   5.7855587e-02
8.3791000e-01   6.2353402e-02
8.2597399e-01   6.6205367e-02
8.1370401e-01   6.9803298e-02
8.0111301e-01   7.4203700e-02
7.8821403e-01   7.8259908e-02
7.7501899e-01   8.2127087e-02
7.6154101e-01   8.6411528e-02
7.4779499e-01   9.0518482e-02
7.3379201e-01   9.3846120e-02
7.1954799e-01   9.7911544e-02
7.0507699e-01   1.0161805e-01
6.9039202e-01   1.0539848e-01
6.7550898e-01   1.0841189e-01
6.6044199e-01   1.1158113e-01
6.4520597e-01   1.1453062e-01
6.2981701e-01   1.1755075e-01
6.1429000e-01   1.2016288e-01
5.9864002e-01   1.2296759e-01
5.8288401e-01   1.2550396e-01
5.6703597e-01   1.2779537e-01
5.5111301e-01   1.2979889e-01
5.3513098e-01   1.3114846e-01
5.1910597e-01   1.3289401e-01
5.0305402e-01   1.3388076e-01
4.8699099e-01   1.3510932e-01
4.7093400e-01   1.3686921e-01
4.5489800e-01   1.3762273e-01
4.3889999e-01   1.3921955e-01
4.2295599e-01   1.3901953e-01
4.0708300e-01   1.4021267e-01
3.9129499e-01   1.3979292e-01
3.7560999e-01   1.3928071e-01
3.6004400e-01   1.3960129e-01
3.4461200e-01   1.3879450e-01
3.2933000e-01   1.3845354e-01
3.1421301e-01   1.3671659e-01
2.9927900e-01   1.3722612e-01
2.8454101e-01   1.3545676e-01
2.7001500e-01   1.3407262e-01
2.5571701e-01   1.3167436e-01
2.4166100e-01   1.3043839e-01
2.2786200e-01   1.2840037e-01
2.1433599e-01   1.2691568e-01
2.0109500e-01   1.2430765e-01
1.8815500e-01   1.2195271e-01
1.7553000e-01   1.1979168e-01
1.6323400e-01   1.1678936e-01
1.5128000e-01   1.1369742e-01
1.3968100e-01   1.1058415e-01
1.2845200e-01   1.0703084e-01
1.1760600e-01   1.0362620e-01
1.0715500e-01   1.0013977e-01
9.7112998e-02   9.6257158e-02
8.7493002e-02   9.2239238e-02
7.8305997e-02   8.7906867e-02
6.9565997e-02   8.3647683e-02
6.1285000e-02   7.9261877e-02
5.3474002e-02   7.4617423e-02
4.6149999e-02   7.0188999e-02
3.9326001e-02   6.4926825e-02
3.3013999e-02   6.0195688e-02
2.7230000e-02   5.4912992e-02
2.1980001e-02   4.9652521e-02
1.7277000e-02   4.4436421e-02
1.3141000e-02   3.9246269e-02
9.5729996e-03   3.3313371e-02
6.5830001e-03   2.7481450e-02
4.1880002e-03   2.1824965e-02
2.3540000e-03   1.5882835e-02
1.0810000e-03   1.0857214e-02
3.7100000e-04   6.2607643e-03
7.6999997e-05   2.4707043e-03
4.9999999e-06   5.4228603e-04
0.0000000e+00   -3.4541031e-04
4.9999999e-06   -9.7901479e-04
7.6999997e-05   -3.2206683e-03
3.7100000e-04   -6.9559622e-03
1.0810000e-03   -1.1260282e-02
2.3530000e-03   -1.6594386e-02
4.1880002e-03   -2.2205317e-02
6.5850001e-03   -2.7772095e-02
9.5760003e-03   -3.2657042e-02
1.3145000e-02   -3.7573248e-02
1.7281000e-02   -4.2320222e-02
2.1983000e-02   -4.7067747e-02
2.7232001e-02   -5.1460695e-02
3.3016000e-02   -5.5605520e-02
3.9328001e-02   -6.0426772e-02
4.6151999e-02   -6.4297169e-02
5.3475998e-02   -6.8494812e-02
6.1287001e-02   -7.2741337e-02
6.9568001e-02   -7.6166689e-02
7.8308001e-02   -8.0370188e-02
8.7494999e-02   -8.3893038e-02
9.7115003e-02   -8.7017201e-02
1.0715700e-01   -9.0208404e-02
1.1760800e-01   -9.3656629e-02
1.2845400e-01   -9.6824095e-02
1.3968299e-01   -9.9992841e-02
1.5128200e-01   -1.0289598e-01
1.6323499e-01   -1.0552435e-01
1.7553200e-01   -1.0782726e-01
1.8815701e-01   -1.1087105e-01
2.0109700e-01   -1.1411780e-01
2.1433701e-01   -1.1616389e-01
2.2786400e-01   -1.1823576e-01
2.4166299e-01   -1.2074900e-01
2.5571901e-01   -1.2232625e-01
2.7001700e-01   -1.2434667e-01
2.8454199e-01   -1.2566696e-01
2.9927999e-01   -1.2789331e-01
3.1421500e-01   -1.2922573e-01
3.2933101e-01   -1.3010813e-01
3.4461299e-01   -1.3151112e-01
3.6004499e-01   -1.3212585e-01
3.7561101e-01   -1.3276835e-01
3.9129600e-01   -1.3337851e-01
4.0708300e-01   -1.3426958e-01
4.2295700e-01   -1.3403980e-01
4.3890101e-01   -1.3365944e-01
4.5489901e-01   -1.3354616e-01
4.7093499e-01   -1.3301875e-01
4.8699200e-01   -1.3249652e-01
5.0305498e-01   -1.3098998e-01
5.1910698e-01   -1.2981233e-01
5.3513199e-01   -1.2783995e-01
5.5111402e-01   -1.2616511e-01
5.6703597e-01   -1.2475813e-01
5.8288401e-01   -1.2178385e-01
5.9864002e-01   -1.1947934e-01
6.1429000e-01   -1.1779073e-01
6.2981701e-01   -1.1410417e-01
6.4520597e-01   -1.1160377e-01
6.6044199e-01   -1.0821750e-01
6.7550898e-01   -1.0516430e-01
6.9039297e-01   -1.0109060e-01
7.0507699e-01   -9.7600386e-02
7.1954900e-01   -9.4336748e-02
7.3379302e-01   -9.1083273e-02
7.4779499e-01   -8.6680964e-02
7.6154202e-01   -8.3253950e-02
7.7501899e-01   -7.9046786e-02
7.8821403e-01   -7.4907526e-02
8.0111301e-01   -7.1539260e-02
8.1370401e-01   -6.7602955e-02
8.2597297e-01   -6.4370565e-02
8.3791000e-01   -6.0026005e-02
8.4950101e-01   -5.6388099e-02
8.6073500e-01   -5.2829977e-02
8.7160099e-01   -4.8524044e-02
8.8208801e-01   -4.5412488e-02
8.9218402e-01   -4.2451303e-02
9.0188003e-01   -3.8589787e-02
9.1116500e-01   -3.5122033e-02
9.2003101e-01   -3.1593535e-02
9.2846799e-01   -2.9217243e-02
9.3646699e-01   -2.6169088e-02
9.4401902e-01   -2.3458106e-02
9.5111603e-01   -2.0651028e-02
9.5775098e-01   -1.7904164e-02
9.6392000e-01   -1.6555585e-02
9.6961600e-01   -1.4266792e-02
9.7483599e-01   -1.2386087e-02
9.7957498e-01   -1.0773418e-02
9.8383099e-01   -9.2545515e-03
9.8759800e-01   -7.6794997e-03
9.9087399e-01   -6.4073042e-03
9.9365300e-01   -5.6375153e-03
9.9593401e-01   -4.8246514e-03
9.9771100e-01   -4.1611427e-03
9.9898201e-01   -3.7675188e-03
9.9974501e-01   -3.4496323e-03
1.0000000e+00   -3.4760574e-03
