1.0000000e+00   2.2434471e-03
9.9974501e-01   2.3789436e-03
9.9898201e-01   2.7765485e-03
9.9771100e-01   3.3794495e-03
9.9593300e-01   4.1377409e-03
9.9365300e-01   5.1280963e-03
9.9087399e-01   6.4051449e-03
9.8759800e-01   7.8949435e-03
9.8382998e-01   9.5786275e-03
9.7957498e-01   1.1479346e-02
9.7483599e-01   1.3587032e-02
9.6961600e-01   1.5895840e-02
9.6392000e-01   1.8430525e-02
9.5775098e-01   2.1210406e-02
9.5111603e-01   2.4240853e-02
9.4401902e-01   2.7508169e-02
9.3646699e-01   3.1004237e-02
9.2846799e-01   3.4723934e-02
9.2003101e-01   3.8656544e-02
9.1116500e-01   4.2798154e-02
9.0187901e-01   4.7131248e-02
8.9218301e-01   5.1646888e-02
8.8208699e-01   5.6324799e-02
8.7160099e-01   6.1143141e-02
8.6073500e-01   6.6064447e-02
8.4950101e-01   7.1071818e-02
8.3791000e-01   7.6176353e-02
8.2597399e-01   8.1357107e-02
8.1370401e-01   8.6565122e-02
8.0111301e-01   9.1804244e-02
7.8821403e-01   9.7064264e-02
7.7501899e-01   1.0232010e-01
7.6154101e-01   1.0755459e-01
7.4779499e-01   1.1274192e-01
7.3379201e-01   1.1785299e-01
7.1954799e-01   1.2285993e-01
7.0507699e-01   1.2772818e-01
6.9039202e-01   1.3246320e-01
6.7550898e-01   1.3705775e-01
6.6044199e-01   1.4149413e-01
6.4520597e-01   1.4572856e-01
6.2981701e-01   1.4974242e-01
6.1429000e-01   1.5354575e-01
5.9864002e-01   1.5707876e-01
5.8288401e-01   1.6032755e-01
5.6703597e-01   1.6331069e-01
5.5111301e-01   1.6602890e-01
5.3513098e-01   1.6847220e-01
5.1910597e-01   1.7063124e-01
5.0305402e-01   1.7250602e-01
4.8699099e-01   1.7409961e-01
4.7093400e-01   1.7539087e-01
4.5489800e-01   1.7637585e-01
4.3889999e-01   1.7706762e-01
4.2295599e-01   1.7748486e-01
4.0708300e-01   1.7761832e-01
3.9129499e-01   1.7747101e-01
3.7560999e-01   1.7707632e-01
3.6004400e-01   1.7643648e-01
3.4461200e-01   1.7552297e-01
3.2933000e-01   1.7435394e-01
3.1421301e-01   1.7294967e-01
2.9927900e-01   1.7134367e-01
2.8454101e-01   1.6954000e-01
2.7001500e-01   1.6750473e-01
2.5571701e-01   1.6521831e-01
2.4166100e-01   1.6269520e-01
2.2786200e-01   1.5991533e-01
2.1433599e-01   1.5686418e-01
2.0109500e-01   1.5355633e-01
1.8815500e-01   1.4999324e-01
1.7553000e-01   1.4617944e-01
1.6323400e-01   1.4213978e-01
1.5128000e-01   1.3787410e-01
1.3968100e-01   1.3342209e-01
1.2845200e-01   1.2881221e-01
1.1760600e-01   1.2410022e-01
1.0715500e-01   1.1928452e-01
9.7112998e-02   1.1430985e-01
8.7493002e-02   1.0914876e-01
7.8305997e-02   1.0384157e-01
6.9565997e-02   9.8417282e-02
6.1285000e-02   9.2828736e-02
5.3474002e-02   8.7038174e-02
4.6149999e-02   8.1138767e-02
3.9326001e-02   7.5188443e-02
3.3013999e-02   6.9232486e-02
2.7230000e-02   6.3404404e-02
2.1980001e-02   5.7751630e-02
1.7277000e-02   5.1912807e-02
1.3141000e-02   4.5771707e-02
9.5729996e-03   3.9395314e-02
6.5830001e-03   3.2883476e-02
4.1880002e-03   2.6206139e-02
2.3540000e-03   1.9481491e-02
1.0810000e-03   1.3043613e-02
3.7100000e-04   7.3743220e-03
7.6999997e-05   2.9612565e-03
4.9999999e-06   1.7136743e-04
0.0000000e+00   -7.8132580e-04
4.9999999e-06   -1.7292724e-03
7.6999997e-05   -4.5021279e-03
3.7100000e-04   -8.8334810e-03
1.0810000e-03   -1.4240093e-02
2.3530000e-03   -2.0149019e-02
4.1880002e-03   -2.6060950e-02
6.5850001e-03   -3.1707712e-02
9.5760003e-03   -3.7337225e-02
1.3145000e-02   -4.3199651e-02
1.7281000e-02   -4.8642632e-02
2.1983000e-02   -5.3528216e-02
2.7232001e-02   -5.8047891e-02
3.3016000e-02   -6.2372759e-02
3.9328001e-02   -6.6585325e-02
4.6151999e-02   -7.0738494e-02
5.3475998e-02   -7.4935354e-02
6.1287001e-02   -7.9190657e-02
6.9568001e-02   -8.3391830e-02
7.8308001e-02   -8.7506026e-02
8.7494999e-02   -9.1586873e-02
9.7115003e-02   -9.5623463e-02
1.0715700e-01   -9.9568568e-02
1.1760800e-01   -1.0342922e-01
1.2845400e-01   -1.0723098e-01
1.3968299e-01   -1.1093940e-01
1.5128200e-01   -1.1449986e-01
1.6323499e-01   -1.1792671e-01
1.7553200e-01   -1.2121134e-01
1.8815701e-01   -1.2438269e-01
2.0109700e-01   -1.2741785e-01
2.1433701e-01   -1.3031279e-01
2.2786400e-01   -1.3302781e-01
2.4166299e-01   -1.3550678e-01
2.5571901e-01   -1.3774435e-01
2.7001700e-01   -1.3975638e-01
2.8454199e-01   -1.4156079e-01
2.9927999e-01   -1.4317168e-01
3.1421500e-01   -1.4458147e-01
3.2933101e-01   -1.4580376e-01
3.4461299e-01   -1.4682437e-01
3.6004499e-01   -1.4765072e-01
3.7561101e-01   -1.4826991e-01
3.9129600e-01   -1.4865451e-01
4.0708300e-01   -1.4882240e-01
4.2295700e-01   -1.4876421e-01
4.3890101e-01   -1.4850442e-01
4.5489901e-01   -1.4803459e-01
4.7093499e-01   -1.4736573e-01
4.8699200e-01   -1.4649580e-01
5.0305498e-01   -1.4544193e-01
5.1910698e-01   -1.4419232e-01
5.3513199e-01   -1.4274734e-01
5.5111402e-01   -1.4111127e-01
5.6703597e-01   -1.3927346e-01
5.8288401e-01   -1.3722245e-01
5.9864002e-01   -1.3497522e-01
6.1429000e-01   -1.3253768e-01
6.2981701e-01   -1.2991941e-01
6.4520597e-01   -1.2715350e-01
6.6044199e-01   -1.2420940e-01
6.7550898e-01   -1.2109906e-01
6.9039297e-01   -1.1783226e-01
7.0507699e-01   -1.1441053e-01
7.1954900e-01   -1.1084419e-01
7.3379302e-01   -1.0712421e-01
7.4779499e-01   -1.0324572e-01
7.6154202e-01   -9.9232703e-02
7.7501899e-01   -9.5140256e-02
7.8821403e-01   -9.0981968e-02
8.0111301e-01   -8.6785004e-02
8.1370401e-01   -8.2537428e-02
8.2597297e-01   -7.8222506e-02
8.3791000e-01   -7.3853664e-02
8.4950101e-01   -6.9452569e-02
8.6073500e-01   -6.5045752e-02
8.7160099e-01   -6.0664918e-02
8.8208801e-01   -5.6348704e-02
8.9218402e-01   -5.2124627e-02
9.0188003e-01   -4.8018180e-02
9.1116500e-01   -4.4048440e-02
9.2003101e-01   -4.0211424e-02
9.2846799e-01   -3.6502559e-02
9.3646699e-01   -3.2926843e-02
9.4401902e-01   -2.9502898e-02
9.5111603e-01   -2.6257308e-02
9.5775098e-01   -2.3201242e-02
9.6392000e-01   -2.0314351e-02
9.6961600e-01   -1.7575661e-02
9.7483599e-01   -1.4986823e-02
9.7957498e-01   -1.2595320e-02
9.8383099e-01   -1.0437516e-02
9.8759800e-01   -8.4854439e-03
9.9087399e-01   -6.7431242e-03
9.9365300e-01   -5.2793748e-03
9.9593401e-01   -4.1630119e-03
9.9771100e-01   -3.3132480e-03
9.9898201e-01   -2.6477624e-03
9.9974501e-01   -2.2197366e-03
1.0000000e+00   -2.0765511e-03
