1.0000000e+00   2.8465360e-03
9.9974501e-01   2.9941532e-03
9.9898201e-01   3.4264880e-03
9.9771100e-01   4.0867864e-03
9.9593300e-01   4.9266806e-03
9.9365300e-01   6.0272231e-03
9.9087399e-01   7.4601057e-03
9.8759800e-01   9.1629960e-03
9.8382998e-01   1.1114501e-02
9.7957498e-01   1.3330255e-02
9.7483599e-01   1.5798466e-02
9.6961600e-01   1.8516866e-02
9.6392000e-01   2.1519396e-02
9.5775098e-01   2.4826081e-02
9.5111603e-01   2.8438823e-02
9.4401902e-01   3.2345131e-02
9.3646699e-01   3.6538169e-02
9.2846799e-01   4.1015830e-02
9.2003101e-01   4.5781896e-02
9.1116500e-01   5.0836556e-02
9.0187901e-01   5.6186397e-02
8.9218301e-01   6.1821982e-02
8.8208699e-01   6.7727648e-02
8.7160099e-01   7.3886760e-02
8.6073500e-01   8.0266446e-02
8.4950101e-01   8.6836517e-02
8.3791000e-01   9.3625590e-02
8.2597399e-01   1.0062389e-01
8.1370401e-01   1.0777916e-01
8.0111301e-01   1.1508999e-01
7.8821403e-01   1.2253996e-01
7.7501899e-01   1.3010646e-01
7.6154101e-01   1.3775970e-01
7.4779499e-01   1.4547381e-01
7.3379201e-01   1.5322669e-01
7.1954799e-01   1.6098824e-01
7.0507699e-01   1.6873482e-01
6.9039202e-01   1.7646883e-01
6.7550898e-01   1.8414994e-01
6.6044199e-01   1.9174428e-01
6.4520597e-01   1.9922121e-01
6.2981701e-01   2.0652533e-01
6.1429000e-01   2.1358255e-01
5.9864002e-01   2.2039744e-01
5.8288401e-01   2.2695291e-01
5.6703597e-01   2.3320764e-01
5.5111301e-01   2.3912127e-01
5.3513098e-01   2.4466904e-01
5.1910597e-01   2.4983168e-01
5.0305402e-01   2.5455925e-01
4.8699099e-01   2.5883061e-01
4.7093400e-01   2.6264498e-01
4.5489800e-01   2.6600578e-01
4.3889999e-01   2.6888800e-01
4.2295599e-01   2.7128017e-01
4.0708300e-01   2.7318415e-01
3.9129499e-01   2.7461192e-01
3.7560999e-01   2.7555242e-01
3.6004400e-01   2.7601054e-01
3.4461200e-01   2.7599716e-01
3.2933000e-01   2.7550817e-01
3.1421301e-01   2.7452654e-01
2.9927900e-01   2.7308118e-01
2.8454101e-01   2.7123311e-01
2.7001500e-01   2.6895815e-01
2.5571701e-01   2.6620576e-01
2.4166100e-01   2.6299113e-01
2.2786200e-01   2.5934702e-01
2.1433599e-01   2.5523877e-01
2.0109500e-01   2.5064486e-01
1.8815500e-01   2.4558972e-01
1.7553000e-01   2.4009654e-01
1.6323400e-01   2.3415197e-01
1.5128000e-01   2.2771952e-01
1.3968100e-01   2.2082734e-01
1.2845200e-01   2.1354175e-01
1.1760600e-01   2.0582351e-01
1.0715500e-01   1.9764471e-01
9.7112998e-02   1.8905403e-01
8.7493002e-02   1.8006855e-01
7.8305997e-02   1.7066486e-01
6.9565997e-02   1.6082045e-01
6.1285000e-02   1.5053646e-01
5.3474002e-02   1.3982920e-01
4.6149999e-02   1.2877180e-01
3.9326001e-02   1.1751350e-01
3.3013999e-02   1.0623661e-01
2.7230000e-02   9.5190421e-02
2.1980001e-02   8.4465422e-02
1.7277000e-02   7.3674425e-02
1.3141000e-02   6.2764734e-02
9.5729996e-03   5.1987577e-02
6.5830001e-03   4.1590393e-02
4.1880002e-03   3.1752288e-02
2.3540000e-03   2.2731705e-02
1.0810000e-03   1.4840296e-02
3.7100000e-04   8.4059248e-03
7.6999997e-05   3.6706263e-03
4.9999999e-06   7.8269065e-04
0.0000000e+00   -1.8485228e-04
4.9999999e-06   -1.1405488e-03
7.6999997e-05   -3.9833249e-03
3.7100000e-04   -8.5248752e-03
1.0810000e-03   -1.4385656e-02
2.3530000e-03   -2.1027662e-02
4.1880002e-03   -2.7907902e-02
6.5850001e-03   -3.4769762e-02
9.5760003e-03   -4.1878033e-02
1.3145000e-02   -4.9444765e-02
1.7281000e-02   -5.6584593e-02
2.1983000e-02   -6.3040085e-02
2.7232001e-02   -6.8901658e-02
3.3016000e-02   -7.4301265e-02
3.9328001e-02   -7.9401799e-02
4.6151999e-02   -8.4272221e-02
5.3475998e-02   -8.8945806e-02
6.1287001e-02   -9.3441032e-02
6.9568001e-02   -9.7751632e-02
7.8308001e-02   -1.0186068e-01
8.7494999e-02   -1.0574707e-01
9.7115003e-02   -1.0939471e-01
1.0715700e-01   -1.1281229e-01
1.1760800e-01   -1.1600291e-01
1.2845400e-01   -1.1895039e-01
1.3968299e-01   -1.2165918e-01
1.5128200e-01   -1.2414718e-01
1.6323499e-01   -1.2642024e-01
1.7553200e-01   -1.2845542e-01
1.8815701e-01   -1.3025306e-01
2.0109700e-01   -1.3183710e-01
2.1433701e-01   -1.3320364e-01
2.2786400e-01   -1.3429599e-01
2.4166299e-01   -1.3511457e-01
2.5571901e-01   -1.3569331e-01
2.7001700e-01   -1.3603294e-01
2.8454199e-01   -1.3612641e-01
2.9927999e-01   -1.3599756e-01
3.1421500e-01   -1.3568234e-01
3.2933101e-01   -1.3517755e-01
3.4461299e-01   -1.3446042e-01
3.6004499e-01   -1.3351209e-01
3.7561101e-01   -1.3234076e-01
3.9129600e-01   -1.3094263e-01
4.0708300e-01   -1.2930071e-01
4.2295700e-01   -1.2741534e-01
4.3890101e-01   -1.2531556e-01
4.5489901e-01   -1.2302769e-01
4.7093499e-01   -1.2054259e-01
4.8699200e-01   -1.1786260e-01
5.0305498e-01   -1.1501402e-01
5.1910698e-01   -1.1201161e-01
5.3513199e-01   -1.0886362e-01
5.5111402e-01   -1.0556369e-01
5.6703597e-01   -1.0213026e-01
5.8288401e-01   -9.8578647e-02
5.9864002e-01   -9.4925717e-02
6.1429000e-01   -9.1187038e-02
6.2981701e-01   -8.7391540e-02
6.4520597e-01   -8.3542883e-02
6.6044199e-01   -7.9653710e-02
6.7550898e-01   -7.5728521e-02
6.9039297e-01   -7.1797460e-02
7.0507699e-01   -6.7880288e-02
7.1954900e-01   -6.3992791e-02
7.3379302e-01   -6.0131356e-02
7.4779499e-01   -5.6314610e-02
7.6154202e-01   -5.2579034e-02
7.7501899e-01   -4.8965864e-02
7.8821403e-01   -4.5463052e-02
8.0111301e-01   -4.2086188e-02
8.1370401e-01   -3.8835999e-02
8.2597297e-01   -3.5681725e-02
8.3791000e-01   -3.2628331e-02
8.4950101e-01   -2.9688850e-02
8.6073500e-01   -2.6885066e-02
8.7160099e-01   -2.4229106e-02
8.8208801e-01   -2.1727307e-02
8.9218402e-01   -1.9398438e-02
9.0188003e-01   -1.7249001e-02
9.1116500e-01   -1.5279060e-02
9.2003101e-01   -1.3466526e-02
9.2846799e-01   -1.1789293e-02
9.3646699e-01   -1.0236712e-02
9.4401902e-01   -8.8159861e-03
9.5111603e-01   -7.5325165e-03
9.5775098e-01   -6.3726804e-03
9.6392000e-01   -5.3040693e-03
9.6961600e-01   -4.2881202e-03
9.7483599e-01   -3.3100639e-03
9.7957498e-01   -2.4146056e-03
9.8383099e-01   -1.6358694e-03
9.8759800e-01   -9.3638309e-04
9.9087399e-01   -3.1692348e-04
9.9365300e-01   1.6895961e-04
9.9593401e-01   4.7489160e-04
9.9771100e-01   6.7405577e-04
9.9898201e-01   8.4253011e-04
9.9974501e-01   9.6042053e-04
1.0000000e+00   9.9953229e-04
