1.0000000e+00   7.3549920e-03
9.9974501e-01   7.6026195e-03
9.9898201e-01   8.3320504e-03
9.9771100e-01   9.4668753e-03
9.9593300e-01   1.0925696e-02
9.9365300e-01   1.2796449e-02
9.9087399e-01   1.5167438e-02
9.8759800e-01   1.7978750e-02
9.8382998e-01   2.1204859e-02
9.7957498e-01   2.4851676e-02
9.7483599e-01   2.8895067e-02
9.6961600e-01   3.3322643e-02
9.6392000e-01   3.8160577e-02
9.5775098e-01   4.3423105e-02
9.5111603e-01   4.9086928e-02
9.4401902e-01   5.5097707e-02
9.3646699e-01   6.1434012e-02
9.2846799e-01   6.8101645e-02
9.2003101e-01   7.5082414e-02
9.1116500e-01   8.2347117e-02
9.0187901e-01   8.9917615e-02
8.9218301e-01   9.7797953e-02
8.8208699e-01   1.0595630e-01
8.7160099e-01   1.1434684e-01
8.6073500e-01   1.2294104e-01
8.4950101e-01   1.3172944e-01
8.3791000e-01   1.4073095e-01
8.2597399e-01   1.4990388e-01
8.1370401e-01   1.5918328e-01
8.0111301e-01   1.6857114e-01
7.8821403e-01   1.7806019e-01
7.7501899e-01   1.8765271e-01
7.6154101e-01   1.9730070e-01
7.4779499e-01   2.0692134e-01
7.3379201e-01   2.1649483e-01
7.1954799e-01   2.2600237e-01
7.0507699e-01   2.3541652e-01
6.9039202e-01   2.4472864e-01
6.7550898e-01   2.5389987e-01
6.6044199e-01   2.6287669e-01
6.4520597e-01   2.7162546e-01
6.2981701e-01   2.8009185e-01
6.1429000e-01   2.8822288e-01
5.9864002e-01   2.9602805e-01
5.8288401e-01   3.0346876e-01
5.6703597e-01   3.1048170e-01
5.5111301e-01   3.1705225e-01
5.3513098e-01   3.2316113e-01
5.1910597e-01   3.2876307e-01
5.0305402e-01   3.3381015e-01
4.8699099e-01   3.3830792e-01
4.7093400e-01   3.4226486e-01
4.5489800e-01   3.4568807e-01
4.3889999e-01   3.4856942e-01
4.2295599e-01   3.5091966e-01
4.0708300e-01   3.5273451e-01
3.9129499e-01   3.5400867e-01
3.7560999e-01   3.5472441e-01
3.6004400e-01   3.5487705e-01
3.4461200e-01   3.5446769e-01
3.2933000e-01   3.5350665e-01
3.1421301e-01   3.5200131e-01
2.9927900e-01   3.4996963e-01
2.8454101e-01   3.4742048e-01
2.7001500e-01   3.4430486e-01
2.5571701e-01   3.4056675e-01
2.4166100e-01   3.3619076e-01
2.2786200e-01   3.3118460e-01
2.1433599e-01   3.2548493e-01
2.0109500e-01   3.1910029e-01
1.8815500e-01   3.1205615e-01
1.7553000e-01   3.0436605e-01
1.6323400e-01   2.9602760e-01
1.5128000e-01   2.8702417e-01
1.3968100e-01   2.7738655e-01
1.2845200e-01   2.6716217e-01
1.1760600e-01   2.5634912e-01
1.0715500e-01   2.4497479e-01
9.7112998e-02   2.3310244e-01
8.7493002e-02   2.2074009e-01
7.8305997e-02   2.0790786e-01
6.9565997e-02   1.9462067e-01
6.1285000e-02   1.8087597e-01
5.3474002e-02   1.6673708e-01
4.6149999e-02   1.5231431e-01
3.9326001e-02   1.3780788e-01
3.3013999e-02   1.2345216e-01
2.7230000e-02   1.0951407e-01
2.1980001e-02   9.6086659e-02
1.7277000e-02   8.2724363e-02
1.3141000e-02   6.9421977e-02
9.5729996e-03   5.6572400e-02
6.5830001e-03   4.4532321e-02
4.1880002e-03   3.3538900e-02
2.3540000e-03   2.3796720e-02
1.0810000e-03   1.5505699e-02
3.7100000e-04   8.8673923e-03
7.6999997e-05   4.0341313e-03
4.9999999e-06   1.1027771e-03
0.0000000e+00   1.2165471e-04
4.9999999e-06   -8.3058636e-04
7.6999997e-05   -3.6603250e-03
3.7100000e-04   -8.2258023e-03
1.0810000e-03   -1.4231448e-02
2.3530000e-03   -2.1232780e-02
4.1880002e-03   -2.8757453e-02
6.5850001e-03   -3.6510434e-02
9.5760003e-03   -4.4663675e-02
1.3145000e-02   -5.3218424e-02
1.7281000e-02   -6.0930133e-02
2.1983000e-02   -6.7518666e-02
2.7232001e-02   -7.3196888e-02
3.3016000e-02   -7.8133553e-02
3.9328001e-02   -8.2506783e-02
4.6151999e-02   -8.6435191e-02
5.3475998e-02   -8.9971095e-02
6.1287001e-02   -9.3155161e-02
6.9568001e-02   -9.6028231e-02
7.8308001e-02   -9.8622322e-02
8.7494999e-02   -1.0089299e-01
9.7115003e-02   -1.0274433e-01
1.0715700e-01   -1.0417373e-01
1.1760800e-01   -1.0523325e-01
1.2845400e-01   -1.0592589e-01
1.3968299e-01   -1.0626573e-01
1.5128200e-01   -1.0629911e-01
1.6323499e-01   -1.0605643e-01
1.7553200e-01   -1.0553855e-01
1.8815701e-01   -1.0471983e-01
2.0109700e-01   -1.0360556e-01
2.1433701e-01   -1.0222067e-01
2.2786400e-01   -1.0055502e-01
2.4166299e-01   -9.8640300e-02
2.5571901e-01   -9.6518449e-02
2.7001700e-01   -9.4238952e-02
2.8454199e-01   -9.1838382e-02
2.9927999e-01   -8.9349486e-02
3.1421500e-01   -8.6817153e-02
3.2933101e-01   -8.4254175e-02
3.4461299e-01   -8.1666514e-02
3.6004499e-01   -7.9050958e-02
3.7561101e-01   -7.6420583e-02
3.9129600e-01   -7.3801368e-02
4.0708300e-01   -7.1197301e-02
4.2295700e-01   -6.8623163e-02
4.3890101e-01   -6.6094317e-02
4.5489901e-01   -6.3622251e-02
4.7093499e-01   -6.1190818e-02
4.8699200e-01   -5.8806747e-02
5.0305498e-01   -5.6486480e-02
5.1910698e-01   -5.4237690e-02
5.3513199e-01   -5.2051846e-02
5.5111402e-01   -4.9891356e-02
5.6703597e-01   -4.7742743e-02
5.8288401e-01   -4.5645054e-02
5.9864002e-01   -4.3630414e-02
6.1429000e-01   -4.1670799e-02
6.2981701e-01   -3.9751880e-02
6.4520597e-01   -3.7879750e-02
6.6044199e-01   -3.6064897e-02
6.7550898e-01   -3.4280758e-02
6.9039297e-01   -3.2526139e-02
7.0507699e-01   -3.0787358e-02
7.1954900e-01   -2.9073583e-02
7.3379302e-01   -2.7414216e-02
7.4779499e-01   -2.5853872e-02
7.6154202e-01   -2.4373636e-02
7.7501899e-01   -2.2976389e-02
7.8821403e-01   -2.1662891e-02
8.0111301e-01   -2.0432619e-02
8.1370401e-01   -1.9267760e-02
8.2597297e-01   -1.8125042e-02
8.3791000e-01   -1.7003957e-02
8.4950101e-01   -1.5908264e-02
8.6073500e-01   -1.4849622e-02
8.7160099e-01   -1.3840390e-02
8.8208801e-01   -1.2883176e-02
8.9218402e-01   -1.1987767e-02
9.0188003e-01   -1.1168380e-02
9.1116500e-01   -1.0425219e-02
9.2003101e-01   -9.7175455e-03
9.2846799e-01   -9.0035703e-03
9.3646699e-01   -8.2732253e-03
9.4401902e-01   -7.5461110e-03
9.5111603e-01   -6.8255793e-03
9.5775098e-01   -6.0967319e-03
9.6392000e-01   -5.3424714e-03
9.6961600e-01   -4.5338185e-03
9.7483599e-01   -3.6656477e-03
9.7957498e-01   -2.8082812e-03
9.8383099e-01   -2.0256219e-03
9.8759800e-01   -1.2882485e-03
9.9087399e-01   -6.0498057e-04
9.9365300e-01   -4.7812238e-05
9.9593401e-01   3.2800995e-04
9.9771100e-01   5.8329379e-04
9.9898201e-01   7.8559836e-04
9.9974501e-01   9.2054694e-04
1.0000000e+00   9.6494675e-04
