1.0000000e+00   1.0780583e-04
9.9974501e-01   2.5169778e-04
9.9898201e-01   6.8080332e-04
9.9771100e-01   9.7226916e-04
9.9593300e-01   1.7215057e-03
9.9365300e-01   2.0641012e-03
9.9087399e-01   2.6596147e-03
9.8759800e-01   3.6489805e-03
9.8382998e-01   4.5436178e-03
9.7957498e-01   6.0541057e-03
9.7483599e-01   7.1328077e-03
9.6961600e-01   8.5788378e-03
9.6392000e-01   1.0269709e-02
9.5775098e-01   1.1829427e-02
9.5111603e-01   1.3421886e-02
9.4401902e-01   1.5305985e-02
9.3646699e-01   1.7245097e-02
9.2846799e-01   1.9241497e-02
9.2003101e-01   2.1348955e-02
9.1116500e-01   2.3501407e-02
9.0187901e-01   2.6114253e-02
8.9218301e-01   2.8322183e-02
8.8208699e-01   3.0943017e-02
8.7160099e-01   3.3678256e-02
8.6073500e-01   3.6249198e-02
8.4950101e-01   3.9097708e-02
8.3791000e-01   4.1869503e-02
8.2597399e-01   4.5419000e-02
8.1370401e-01   4.8719261e-02
8.0111301e-01   5.1394917e-02
7.8821403e-01   5.5205278e-02
7.7501899e-01   5.8401152e-02
7.6154101e-01   6.1549239e-02
7.4779499e-01   6.5120757e-02
7.3379201e-01   6.8187743e-02
7.1954799e-01   7.1674742e-02
7.0507699e-01   7.5065114e-02
6.9039202e-01   7.8660689e-02
6.7550898e-01   8.1915282e-02
6.6044199e-01   8.4460676e-02
6.4520597e-01   8.8086694e-02
6.2981701e-01   9.0864092e-02
6.1429000e-01   9.3749173e-02
5.9864002e-01   9.6496224e-02
5.8288401e-01   9.9289514e-02
5.6703597e-01   1.0215645e-01
5.5111301e-01   1.0468150e-01
5.3513098e-01   1.0671355e-01
5.1910597e-01   1.0923979e-01
5.0305402e-01   1.1091317e-01
4.8699099e-01   1.1232678e-01
4.7093400e-01   1.1440644e-01
4.5489800e-01   1.1619632e-01
4.3889999e-01   1.1694055e-01
4.2295599e-01   1.1802179e-01
4.0708300e-01   1.1938996e-01
3.9129499e-01   1.1958921e-01
3.7560999e-01   1.2053523e-01
3.6004400e-01   1.2090760e-01
3.4461200e-01   1.2103136e-01
3.2933000e-01   1.2112733e-01
3.1421301e-01   1.2054016e-01
2.9927900e-01   1.2019584e-01
2.8454101e-01   1.1993917e-01
2.7001500e-01   1.1907542e-01
2.5571701e-01   1.1838657e-01
2.4166100e-01   1.1671620e-01
2.2786200e-01   1.1575115e-01
2.1433599e-01   1.1415388e-01
2.0109500e-01   1.1248948e-01
1.8815500e-01   1.1051520e-01
1.7553000e-01   1.0855604e-01
1.6323400e-01   1.0628838e-01
1.5128000e-01   1.0376994e-01
1.3968100e-01   1.0087006e-01
1.2845200e-01   9.8297000e-02
1.1760600e-01   9.5227219e-02
1.0715500e-01   9.2490152e-02
9.7112998e-02   8.8772126e-02
8.7493002e-02   8.5002787e-02
7.8305997e-02   8.1469476e-02
6.9565997e-02   7.7541515e-02
6.1285000e-02   7.3882952e-02
5.3474002e-02   6.9934465e-02
4.6149999e-02   6.5607019e-02
3.9326001e-02   6.1208762e-02
3.3013999e-02   5.6598295e-02
2.7230000e-02   5.1988021e-02
2.1980001e-02   4.7043566e-02
1.7277000e-02   4.2135369e-02
1.3141000e-02   3.6834490e-02
9.5729996e-03   3.1406891e-02
6.5830001e-03   2.5936551e-02
4.1880002e-03   2.0471236e-02
2.3540000e-03   1.4881928e-02
1.0810000e-03   9.6133109e-03
3.7100000e-04   5.4137195e-03
7.6999997e-05   1.9196665e-03
4.9999999e-06   -2.5124522e-04
0.0000000e+00   -9.7520387e-04
4.9999999e-06   -1.8017319e-03
7.6999997e-05   -3.8709946e-03
3.7100000e-04   -7.4083419e-03
1.0810000e-03   -1.1808617e-02
2.3530000e-03   -1.6687997e-02
4.1880002e-03   -2.2241365e-02
6.5850001e-03   -2.7498553e-02
9.5760003e-03   -3.2657146e-02
1.3145000e-02   -3.7575494e-02
1.7281000e-02   -4.2418759e-02
2.1983000e-02   -4.7174420e-02
2.7232001e-02   -5.1371545e-02
3.3016000e-02   -5.5599719e-02
3.9328001e-02   -5.9749734e-02
4.6151999e-02   -6.3954771e-02
5.3475998e-02   -6.7734785e-02
6.1287001e-02   -7.1391985e-02
6.9568001e-02   -7.5077303e-02
7.8308001e-02   -7.8439005e-02
8.7494999e-02   -8.1766300e-02
9.7115003e-02   -8.5338160e-02
1.0715700e-01   -8.8468060e-02
1.1760800e-01   -9.1490917e-02
1.2845400e-01   -9.4265677e-02
1.3968299e-01   -9.7047277e-02
1.5128200e-01   -9.9583499e-02
1.6323499e-01   -1.0198982e-01
1.7553200e-01   -1.0434488e-01
1.8815701e-01   -1.0647602e-01
2.0109700e-01   -1.0858013e-01
2.1433701e-01   -1.1038039e-01
2.2786400e-01   -1.1191728e-01
2.4166299e-01   -1.1318328e-01
2.5571901e-01   -1.1425823e-01
2.7001700e-01   -1.1553180e-01
2.8454199e-01   -1.1638059e-01
2.9927999e-01   -1.1731819e-01
3.1421500e-01   -1.1741139e-01
3.2933101e-01   -1.1768793e-01
3.4461299e-01   -1.1797767e-01
3.6004499e-01   -1.1755418e-01
3.7561101e-01   -1.1737467e-01
3.9129600e-01   -1.1697157e-01
4.0708300e-01   -1.1567816e-01
4.2295700e-01   -1.1528981e-01
4.3890101e-01   -1.1371273e-01
4.5489901e-01   -1.1215652e-01
4.7093499e-01   -1.1094686e-01
4.8699200e-01   -1.0890343e-01
5.0305498e-01   -1.0757101e-01
5.1910698e-01   -1.0509440e-01
5.3513199e-01   -1.0356964e-01
5.5111402e-01   -1.0130037e-01
5.6703597e-01   -9.8484874e-02
5.8288401e-01   -9.6000560e-02
5.9864002e-01   -9.3093537e-02
6.1429000e-01   -9.0253234e-02
6.2981701e-01   -8.7320156e-02
6.4520597e-01   -8.4465295e-02
6.6044199e-01   -8.1655055e-02
6.7550898e-01   -7.8304045e-02
6.9039297e-01   -7.5008482e-02
7.0507699e-01   -7.1833856e-02
7.1954900e-01   -6.8559736e-02
7.3379302e-01   -6.5640919e-02
7.4779499e-01   -6.2098157e-02
7.6154202e-01   -5.8638576e-02
7.7501899e-01   -5.5559997e-02
7.8821403e-01   -5.2715972e-02
8.0111301e-01   -4.9387082e-02
8.1370401e-01   -4.6033826e-02
8.2597297e-01   -4.2998441e-02
8.3791000e-01   -4.0409762e-02
8.4950101e-01   -3.7389819e-02
8.6073500e-01   -3.4861166e-02
8.7160099e-01   -3.2160942e-02
8.8208801e-01   -2.9497569e-02
8.9218402e-01   -2.7141018e-02
9.0188003e-01   -2.5068970e-02
9.1116500e-01   -2.2902410e-02
9.2003101e-01   -2.0708229e-02
9.2846799e-01   -1.8719980e-02
9.3646699e-01   -1.6864410e-02
9.4401902e-01   -1.5672192e-02
9.5111603e-01   -1.3781502e-02
9.5775098e-01   -1.2358669e-02
9.6392000e-01   -1.1302998e-02
9.6961600e-01   -1.0028607e-02
9.7483599e-01   -8.9071319e-03
9.7957498e-01   -8.1448173e-03
9.8383099e-01   -7.1280370e-03
9.8759800e-01   -6.2187337e-03
9.9087399e-01   -5.4918118e-03
9.9365300e-01   -5.0226385e-03
9.9593401e-01   -4.6973480e-03
9.9771100e-01   -4.2330418e-03
9.9898201e-01   -3.8640827e-03
9.9974501e-01   -3.7529177e-03
1.0000000e+00   -3.6970635e-03
