1.0000000e+00   2.6901402e-03
9.9974501e-01   2.7956152e-03
9.9898201e-01   3.2914244e-03
9.9771100e-01   4.0217871e-03
9.9593300e-01   4.7320281e-03
9.9365300e-01   6.1643580e-03
9.9087399e-01   7.8597264e-03
9.8759800e-01   9.5585911e-03
9.8382998e-01   1.1579632e-02
9.7957498e-01   1.3813182e-02
9.7483599e-01   1.6612450e-02
9.6961600e-01   1.9228902e-02
9.6392000e-01   2.2252530e-02
9.5775098e-01   2.5441680e-02
9.5111603e-01   2.8864115e-02
9.4401902e-01   3.2259215e-02
9.3646699e-01   3.6343560e-02
9.2846799e-01   4.0468156e-02
9.2003101e-01   4.4820420e-02
9.1116500e-01   4.9446020e-02
9.0187901e-01   5.4231662e-02
8.9218301e-01   5.9517730e-02
8.8208699e-01   6.4956605e-02
8.7160099e-01   7.0393935e-02
8.6073500e-01   7.6274619e-02
8.4950101e-01   8.2694650e-02
8.3791000e-01   8.8719338e-02
8.2597399e-01   9.5388062e-02
8.1370401e-01   1.0207848e-01
8.0111301e-01   1.0921264e-01
7.8821403e-01   1.1643680e-01
7.7501899e-01   1.2402435e-01
7.6154101e-01   1.3153271e-01
7.4779499e-01   1.3906336e-01
7.3379201e-01   1.4697967e-01
7.1954799e-01   1.5480436e-01
7.0507699e-01   1.6256374e-01
6.9039202e-01   1.7074819e-01
6.7550898e-01   1.7851244e-01
6.6044199e-01   1.8629877e-01
6.4520597e-01   1.9398013e-01
6.2981701e-01   2.0190233e-01
6.1429000e-01   2.0883957e-01
5.9864002e-01   2.1618806e-01
5.8288401e-01   2.2332774e-01
5.6703597e-01   2.2971319e-01
5.5111301e-01   2.3629342e-01
5.3513098e-01   2.4211827e-01
5.1910597e-01   2.4800301e-01
5.0305402e-01   2.5304806e-01
4.8699099e-01   2.5793722e-01
4.7093400e-01   2.6286218e-01
4.5489800e-01   2.6662835e-01
4.3889999e-01   2.6970971e-01
4.2295599e-01   2.7272266e-01
4.0708300e-01   2.7485138e-01
3.9129499e-01   2.7665871e-01
3.7560999e-01   2.7842507e-01
3.6004400e-01   2.7860698e-01
3.4461200e-01   2.7885818e-01
3.2933000e-01   2.7850932e-01
3.1421301e-01   2.7780515e-01
2.9927900e-01   2.7609822e-01
2.8454101e-01   2.7395010e-01
2.7001500e-01   2.7117157e-01
2.5571701e-01   2.6858687e-01
2.4166100e-01   2.6477405e-01
2.2786200e-01   2.6087734e-01
2.1433599e-01   2.5596258e-01
2.0109500e-01   2.5051242e-01
1.8815500e-01   2.4529637e-01
1.7553000e-01   2.3896392e-01
1.6323400e-01   2.3226438e-01
1.5128000e-01   2.2492269e-01
1.3968100e-01   2.1737847e-01
1.2845200e-01   2.0940474e-01
1.1760600e-01   2.0092320e-01
1.0715500e-01   1.9194445e-01
9.7112998e-02   1.8270238e-01
8.7493002e-02   1.7294973e-01
7.8305997e-02   1.6305953e-01
6.9565997e-02   1.5255567e-01
6.1285000e-02   1.4194471e-01
5.3474002e-02   1.3078721e-01
4.6149999e-02   1.1966384e-01
3.9326001e-02   1.0847285e-01
3.3013999e-02   9.7319573e-02
2.7230000e-02   8.6094759e-02
2.1980001e-02   7.5190149e-02
1.7277000e-02   6.4373761e-02
1.3141000e-02   5.3994454e-02
9.5729996e-03   4.4035748e-02
6.5830001e-03   3.4587450e-02
4.1880002e-03   2.5967358e-02
2.3540000e-03   1.8213348e-02
1.0810000e-03   1.1770216e-02
3.7100000e-04   6.5677185e-03
7.6999997e-05   2.7194491e-03
4.9999999e-06   5.2348612e-04
0.0000000e+00   -1.7719972e-04
4.9999999e-06   -9.4192073e-04
7.6999997e-05   -3.1871747e-03
3.7100000e-04   -6.8563852e-03
1.0810000e-03   -1.1822916e-02
2.3530000e-03   -1.7768910e-02
4.1880002e-03   -2.4595492e-02
6.5850001e-03   -3.1768009e-02
9.5760003e-03   -3.9260216e-02
1.3145000e-02   -4.6881437e-02
1.7281000e-02   -5.4166581e-02
2.1983000e-02   -6.1752114e-02
2.7232001e-02   -6.8974562e-02
3.3016000e-02   -7.6200150e-02
3.9328001e-02   -8.3548419e-02
4.6151999e-02   -9.0477861e-02
5.3475998e-02   -9.7225428e-02
6.1287001e-02   -1.0403933e-01
6.9568001e-02   -1.1060571e-01
7.8308001e-02   -1.1671647e-01
8.7494999e-02   -1.2283143e-01
9.7115003e-02   -1.2870015e-01
1.0715700e-01   -1.3427050e-01
1.1760800e-01   -1.3918103e-01
1.2845400e-01   -1.4442553e-01
1.3968299e-01   -1.4901780e-01
1.5128200e-01   -1.5339670e-01
1.6323499e-01   -1.5807177e-01
1.7553200e-01   -1.6172431e-01
1.8815701e-01   -1.6536124e-01
2.0109700e-01   -1.6841680e-01
2.1433701e-01   -1.7174958e-01
2.2786400e-01   -1.7454296e-01
2.4166299e-01   -1.7684740e-01
2.5571901e-01   -1.7907105e-01
2.7001700e-01   -1.8081664e-01
2.8454199e-01   -1.8265133e-01
2.9927999e-01   -1.8349285e-01
3.1421500e-01   -1.8419549e-01
3.2933101e-01   -1.8487923e-01
3.4461299e-01   -1.8489037e-01
3.6004499e-01   -1.8439740e-01
3.7561101e-01   -1.8401043e-01
3.9129600e-01   -1.8299721e-01
4.0708300e-01   -1.8126646e-01
4.2295700e-01   -1.7925641e-01
4.3890101e-01   -1.7728433e-01
4.5489901e-01   -1.7460637e-01
4.7093499e-01   -1.7197728e-01
4.8699200e-01   -1.6806629e-01
5.0305498e-01   -1.6472742e-01
5.1910698e-01   -1.6093017e-01
5.3513199e-01   -1.5651619e-01
5.5111402e-01   -1.5231684e-01
5.6703597e-01   -1.4763643e-01
5.8288401e-01   -1.4258415e-01
5.9864002e-01   -1.3765314e-01
6.1429000e-01   -1.3233033e-01
6.2981701e-01   -1.2714882e-01
6.4520597e-01   -1.2170836e-01
6.6044199e-01   -1.1627390e-01
6.7550898e-01   -1.1054345e-01
6.9039297e-01   -1.0496368e-01
7.0507699e-01   -9.9495955e-02
7.1954900e-01   -9.3776777e-02
7.3379302e-01   -8.8335313e-02
7.4779499e-01   -8.2545266e-02
7.6154202e-01   -7.7151068e-02
7.7501899e-01   -7.1852736e-02
7.8821403e-01   -6.6687971e-02
8.0111301e-01   -6.1567321e-02
8.1370401e-01   -5.6584530e-02
8.2597297e-01   -5.1458787e-02
8.3791000e-01   -4.7146641e-02
8.4950101e-01   -4.2945486e-02
8.6073500e-01   -3.8715351e-02
8.7160099e-01   -3.5137177e-02
8.8208801e-01   -3.1757295e-02
8.9218402e-01   -2.7842777e-02
9.0188003e-01   -2.4846833e-02
9.1116500e-01   -2.1958409e-02
9.2003101e-01   -1.9287389e-02
9.2846799e-01   -1.6669722e-02
9.3646699e-01   -1.4625646e-02
9.4401902e-01   -1.2701703e-02
9.5111603e-01   -1.1046146e-02
9.5775098e-01   -9.4559444e-03
9.6392000e-01   -7.9819364e-03
9.6961600e-01   -6.8330639e-03
9.7483599e-01   -5.6920582e-03
9.7957498e-01   -4.5454507e-03
9.8383099e-01   -3.6754163e-03
9.8759800e-01   -2.8511928e-03
9.9087399e-01   -2.3111347e-03
9.9365300e-01   -1.6709393e-03
9.9593401e-01   -1.3151091e-03
9.9771100e-01   -1.0725613e-03
9.9898201e-01   -7.9959730e-04
9.9974501e-01   -6.0732308e-04
1.0000000e+00   -5.3646433e-04
