1.0000000e+00   4.7030076e-06
9.9974501e-01   2.0564209e-04
9.9898201e-01   8.1514806e-04
9.9771100e-01   1.7676341e-03
9.9593300e-01   2.8598241e-03
9.9365300e-01   4.3032132e-03
9.9087399e-01   6.2274868e-03
9.8759800e-01   8.2921740e-03
9.8382998e-01   1.0691403e-02
9.7957498e-01   1.3372431e-02
9.7483599e-01   1.6446862e-02
9.6961600e-01   1.9673124e-02
9.6392000e-01   2.3312416e-02
9.5775098e-01   2.7111810e-02
9.5111603e-01   3.1129552e-02
9.4401902e-01   3.5481725e-02
9.3646699e-01   4.0156759e-02
9.2846799e-01   4.5162167e-02
9.2003101e-01   5.0320089e-02
9.1116500e-01   5.5733558e-02
9.0187901e-01   6.1589420e-02
8.9218301e-01   6.7629576e-02
8.8208699e-01   7.3934391e-02
8.7160099e-01   8.0642708e-02
8.6073500e-01   8.7533146e-02
8.4950101e-01   9.4472110e-02
8.3791000e-01   1.0187111e-01
8.2597399e-01   1.0940786e-01
8.1370401e-01   1.1738099e-01
8.0111301e-01   1.2532735e-01
7.8821403e-01   1.3341229e-01
7.7501899e-01   1.4160673e-01
7.6154101e-01   1.5001351e-01
7.4779499e-01   1.5848851e-01
7.3379201e-01   1.6659233e-01
7.1954799e-01   1.7474677e-01
7.0507699e-01   1.8285455e-01
6.9039202e-01   1.9085270e-01
6.7550898e-01   1.9908820e-01
6.6044199e-01   2.0692264e-01
6.4520597e-01   2.1453762e-01
6.2981701e-01   2.2216721e-01
6.1429000e-01   2.2954310e-01
5.9864002e-01   2.3652323e-01
5.8288401e-01   2.4335890e-01
5.6703597e-01   2.4972379e-01
5.5111301e-01   2.5594264e-01
5.3513098e-01   2.6182342e-01
5.1910597e-01   2.6759803e-01
5.0305402e-01   2.7269942e-01
4.8699099e-01   2.7759188e-01
4.7093400e-01   2.8190368e-01
4.5489800e-01   2.8604251e-01
4.3889999e-01   2.8959772e-01
4.2295599e-01   2.9241502e-01
4.0708300e-01   2.9472321e-01
3.9129499e-01   2.9657239e-01
3.7560999e-01   2.9799181e-01
3.6004400e-01   2.9893312e-01
3.4461200e-01   2.9959887e-01
3.2933000e-01   2.9935342e-01
3.1421301e-01   2.9836625e-01
2.9927900e-01   2.9709095e-01
2.8454101e-01   2.9544428e-01
2.7001500e-01   2.9297981e-01
2.5571701e-01   2.9020038e-01
2.4166100e-01   2.8682250e-01
2.2786200e-01   2.8308764e-01
2.1433599e-01   2.7865744e-01
2.0109500e-01   2.7350527e-01
1.8815500e-01   2.6800776e-01
1.7553000e-01   2.6180857e-01
1.6323400e-01   2.5535759e-01
1.5128000e-01   2.4796525e-01
1.3968100e-01   2.4037983e-01
1.2845200e-01   2.3216601e-01
1.1760600e-01   2.2354808e-01
1.0715500e-01   2.1408424e-01
9.7112998e-02   2.0471838e-01
8.7493002e-02   1.9456787e-01
7.8305997e-02   1.8415752e-01
6.9565997e-02   1.7332242e-01
6.1285000e-02   1.6220789e-01
5.3474002e-02   1.5072903e-01
4.6149999e-02   1.3926353e-01
3.9326001e-02   1.2741932e-01
3.3013999e-02   1.1553118e-01
2.7230000e-02   1.0360634e-01
2.1980001e-02   9.1604814e-02
1.7277000e-02   7.9591706e-02
1.3141000e-02   6.7534007e-02
9.5729996e-03   5.5652630e-02
6.5830001e-03   4.4184893e-02
4.1880002e-03   3.3536330e-02
2.3540000e-03   2.3851946e-02
1.0810000e-03   1.5578436e-02
3.7100000e-04   8.7213572e-03
7.6999997e-05   3.9183870e-03
4.9999999e-06   9.7845669e-04
0.0000000e+00   1.3444496e-05
4.9999999e-06   -9.3350699e-04
7.6999997e-05   -3.8441583e-03
3.7100000e-04   -8.4644957e-03
1.0810000e-03   -1.4676714e-02
2.3530000e-03   -2.2008821e-02
4.1880002e-03   -2.9874770e-02
6.5850001e-03   -3.7414659e-02
9.5760003e-03   -4.4913076e-02
1.3145000e-02   -5.2165929e-02
1.7281000e-02   -5.9259433e-02
2.1983000e-02   -6.5838441e-02
2.7232001e-02   -7.2076172e-02
3.3016000e-02   -7.8045830e-02
3.9328001e-02   -8.3631150e-02
4.6151999e-02   -8.9047924e-02
5.3475998e-02   -9.4066039e-02
6.1287001e-02   -9.8916098e-02
6.9568001e-02   -1.0346247e-01
7.8308001e-02   -1.0772082e-01
8.7494999e-02   -1.1188171e-01
9.7115003e-02   -1.1556064e-01
1.0715700e-01   -1.1927614e-01
1.1760800e-01   -1.2271645e-01
1.2845400e-01   -1.2608533e-01
1.3968299e-01   -1.2918459e-01
1.5128200e-01   -1.3196424e-01
1.6323499e-01   -1.3457565e-01
1.7553200e-01   -1.3727407e-01
1.8815701e-01   -1.3979189e-01
2.0109700e-01   -1.4203140e-01
2.1433701e-01   -1.4388187e-01
2.2786400e-01   -1.4613545e-01
2.4166299e-01   -1.4795884e-01
2.5571901e-01   -1.4923808e-01
2.7001700e-01   -1.5076944e-01
2.8454199e-01   -1.5162362e-01
2.9927999e-01   -1.5247114e-01
3.1421500e-01   -1.5327871e-01
3.2933101e-01   -1.5416111e-01
3.4461299e-01   -1.5461095e-01
3.6004499e-01   -1.5483914e-01
3.7561101e-01   -1.5474585e-01
3.9129600e-01   -1.5447006e-01
4.0708300e-01   -1.5411095e-01
4.2295700e-01   -1.5336286e-01
4.3890101e-01   -1.5272866e-01
4.5489901e-01   -1.5170346e-01
4.7093499e-01   -1.5050380e-01
4.8699200e-01   -1.4892517e-01
5.0305498e-01   -1.4704952e-01
5.1910698e-01   -1.4482045e-01
5.3513199e-01   -1.4253680e-01
5.5111402e-01   -1.3981591e-01
5.6703597e-01   -1.3702728e-01
5.8288401e-01   -1.3363935e-01
5.9864002e-01   -1.3025990e-01
6.1429000e-01   -1.2643413e-01
6.2981701e-01   -1.2252852e-01
6.4520597e-01   -1.1832544e-01
6.6044199e-01   -1.1424294e-01
6.7550898e-01   -1.1006245e-01
6.9039297e-01   -1.0565817e-01
7.0507699e-01   -1.0146371e-01
7.1954900e-01   -9.7089440e-02
7.3379302e-01   -9.2935972e-02
7.4779499e-01   -8.8537879e-02
7.6154202e-01   -8.4176645e-02
7.7501899e-01   -8.0097027e-02
7.8821403e-01   -7.5996116e-02
8.0111301e-01   -7.1774736e-02
8.1370401e-01   -6.7530409e-02
8.2597297e-01   -6.3646458e-02
8.3791000e-01   -5.9550047e-02
8.4950101e-01   -5.5823896e-02
8.6073500e-01   -5.1850479e-02
8.7160099e-01   -4.8139498e-02
8.8208801e-01   -4.4348054e-02
8.9218402e-01   -4.0573195e-02
9.0188003e-01   -3.7208032e-02
9.1116500e-01   -3.3818532e-02
9.2003101e-01   -3.0477414e-02
9.2846799e-01   -2.7330656e-02
9.3646699e-01   -2.4381781e-02
9.4401902e-01   -2.1617055e-02
9.5111603e-01   -1.9014427e-02
9.5775098e-01   -1.6868791e-02
9.6392000e-01   -1.4576206e-02
9.6961600e-01   -1.2516999e-02
9.7483599e-01   -1.0483384e-02
9.7957498e-01   -8.6269444e-03
9.8383099e-01   -6.8691769e-03
9.8759800e-01   -5.1743523e-03
9.9087399e-01   -3.7490295e-03
9.9365300e-01   -2.6232842e-03
9.9593401e-01   -1.7637579e-03
9.9771100e-01   -1.0176155e-03
9.9898201e-01   -4.0201016e-04
9.9974501e-01   -1.3598762e-04
1.0000000e+00   -8.3209252e-06
