1.0000000e+00   2.3471734e-03
9.9974501e-01   2.5252863e-03
9.9898201e-01   2.5909510e-03
9.9771100e-01   3.1547688e-03
9.9593300e-01   3.8724686e-03
9.9365300e-01   4.6022274e-03
9.9087399e-01   5.6592864e-03
9.8759800e-01   6.8145413e-03
9.8382998e-01   8.1565529e-03
9.7957498e-01   9.7518228e-03
9.7483599e-01   1.1547145e-02
9.6961600e-01   1.3610154e-02
9.6392000e-01   1.5921621e-02
9.5775098e-01   1.8514294e-02
9.5111603e-01   2.1180814e-02
9.4401902e-01   2.3968762e-02
9.3646699e-01   2.7114766e-02
9.2846799e-01   3.0452980e-02
9.2003101e-01   3.3875886e-02
9.1116500e-01   3.7867475e-02
9.0187901e-01   4.2156052e-02
8.9218301e-01   4.6025891e-02
8.8208699e-01   5.0580788e-02
8.7160099e-01   5.5073798e-02
8.6073500e-01   5.9731372e-02
8.4950101e-01   6.4983122e-02
8.3791000e-01   7.0116311e-02
8.2597399e-01   7.5192288e-02
8.1370401e-01   8.1167206e-02
8.0111301e-01   8.6954527e-02
7.8821403e-01   9.2449270e-02
7.7501899e-01   9.8361030e-02
7.6154101e-01   1.0416215e-01
7.4779499e-01   1.1062767e-01
7.3379201e-01   1.1657332e-01
7.1954799e-01   1.2239162e-01
7.0507699e-01   1.2887150e-01
6.9039202e-01   1.3457075e-01
6.7550898e-01   1.4088571e-01
6.6044199e-01   1.4676732e-01
6.4520597e-01   1.5233332e-01
6.2981701e-01   1.5828784e-01
6.1429000e-01   1.6408624e-01
5.9864002e-01   1.6932924e-01
5.8288401e-01   1.7460814e-01
5.6703597e-01   1.7957270e-01
5.5111301e-01   1.8464880e-01
5.3513098e-01   1.8949263e-01
5.1910597e-01   1.9382104e-01
5.0305402e-01   1.9770446e-01
4.8699099e-01   2.0180097e-01
4.7093400e-01   2.0537594e-01
4.5489800e-01   2.0873001e-01
4.3889999e-01   2.1151179e-01
4.2295599e-01   2.1444158e-01
4.0708300e-01   2.1666609e-01
3.9129499e-01   2.1861641e-01
3.7560999e-01   2.1985634e-01
3.6004400e-01   2.2120509e-01
3.4461200e-01   2.2190930e-01
3.2933000e-01   2.2281355e-01
3.1421301e-01   2.2281370e-01
2.9927900e-01   2.2264455e-01
2.8454101e-01   2.2214973e-01
2.7001500e-01   2.2092664e-01
2.5571701e-01   2.1984440e-01
2.4166100e-01   2.1834922e-01
2.2786200e-01   2.1574323e-01
2.1433599e-01   2.1341898e-01
2.0109500e-01   2.1007736e-01
1.8815500e-01   2.0635396e-01
1.7553000e-01   2.0266588e-01
1.6323400e-01   1.9820027e-01
1.5128000e-01   1.9358993e-01
1.3968100e-01   1.8797858e-01
1.2845200e-01   1.8226764e-01
1.1760600e-01   1.7606083e-01
1.0715500e-01   1.6913030e-01
9.7112998e-02   1.6198391e-01
8.7493002e-02   1.5433426e-01
7.8305997e-02   1.4646398e-01
6.9565997e-02   1.3809241e-01
6.1285000e-02   1.2900597e-01
5.3474002e-02   1.2010479e-01
4.6149999e-02   1.1065006e-01
3.9326001e-02   1.0124908e-01
3.3013999e-02   9.1351561e-02
2.7230000e-02   8.1729367e-02
2.1980001e-02   7.1918875e-02
1.7277000e-02   6.2452130e-02
1.3141000e-02   5.2707039e-02
9.5729996e-03   4.3466795e-02
6.5830001e-03   3.4716129e-02
4.1880002e-03   2.6366908e-02
2.3540000e-03   1.8931441e-02
1.0810000e-03   1.2640669e-02
3.7100000e-04   7.5727231e-03
7.6999997e-05   3.8458367e-03
4.9999999e-06   1.4615635e-03
0.0000000e+00   9.0433378e-04
4.9999999e-06   1.1254626e-04
7.6999997e-05   -2.0351778e-03
3.7100000e-04   -5.6189913e-03
1.0810000e-03   -1.0483289e-02
2.3530000e-03   -1.6170047e-02
4.1880002e-03   -2.2173079e-02
6.5850001e-03   -2.8266752e-02
9.5760003e-03   -3.4597810e-02
1.3145000e-02   -4.0597863e-02
1.7281000e-02   -4.6560127e-02
2.1983000e-02   -5.2215558e-02
2.7232001e-02   -5.7691474e-02
3.3016000e-02   -6.2936544e-02
3.9328001e-02   -6.8012267e-02
4.6151999e-02   -7.3074833e-02
5.3475998e-02   -7.8032605e-02
6.1287001e-02   -8.2391910e-02
6.9568001e-02   -8.7125294e-02
7.8308001e-02   -9.1051757e-02
8.7494999e-02   -9.5269166e-02
9.7115003e-02   -9.9247627e-02
1.0715700e-01   -1.0257477e-01
1.1760800e-01   -1.0605079e-01
1.2845400e-01   -1.0921237e-01
1.3968299e-01   -1.1216807e-01
1.5128200e-01   -1.1488394e-01
1.6323499e-01   -1.1740193e-01
1.7553200e-01   -1.2025019e-01
1.8815701e-01   -1.2227822e-01
2.0109700e-01   -1.2427190e-01
2.1433701e-01   -1.2658311e-01
2.2786400e-01   -1.2786877e-01
2.4166299e-01   -1.2971818e-01
2.5571901e-01   -1.3102722e-01
2.7001700e-01   -1.3217615e-01
2.8454199e-01   -1.3272271e-01
2.9927999e-01   -1.3359569e-01
3.1421500e-01   -1.3409767e-01
3.2933101e-01   -1.3450366e-01
3.4461299e-01   -1.3456799e-01
3.6004499e-01   -1.3444659e-01
3.7561101e-01   -1.3397236e-01
3.9129600e-01   -1.3352859e-01
4.0708300e-01   -1.3265504e-01
4.2295700e-01   -1.3179991e-01
4.3890101e-01   -1.3073933e-01
4.5489901e-01   -1.2879747e-01
4.7093499e-01   -1.2744603e-01
4.8699200e-01   -1.2564191e-01
5.0305498e-01   -1.2360133e-01
5.1910698e-01   -1.2155978e-01
5.3513199e-01   -1.1927055e-01
5.5111402e-01   -1.1691647e-01
5.6703597e-01   -1.1370604e-01
5.8288401e-01   -1.1144868e-01
5.9864002e-01   -1.0822280e-01
6.1429000e-01   -1.0505626e-01
6.2981701e-01   -1.0187548e-01
6.4520597e-01   -9.8567732e-02
6.6044199e-01   -9.5427342e-02
6.7550898e-01   -9.1689236e-02
6.9039297e-01   -8.8602230e-02
7.0507699e-01   -8.4911332e-02
7.1954900e-01   -8.1428133e-02
7.3379302e-01   -7.7965356e-02
7.4779499e-01   -7.4597411e-02
7.6154202e-01   -7.1040109e-02
7.7501899e-01   -6.7226499e-02
7.8821403e-01   -6.3980117e-02
8.0111301e-01   -6.0351983e-02
8.1370401e-01   -5.7050314e-02
8.2597297e-01   -5.3850986e-02
8.3791000e-01   -5.0344642e-02
8.4950101e-01   -4.7160737e-02
8.6073500e-01   -4.4118296e-02
8.7160099e-01   -4.1152269e-02
8.8208801e-01   -3.7558742e-02
8.9218402e-01   -3.4806699e-02
9.0188003e-01   -3.1851981e-02
9.1116500e-01   -2.9175730e-02
9.2003101e-01   -2.6907038e-02
9.2846799e-01   -2.4087943e-02
9.3646699e-01   -2.1713782e-02
9.4401902e-01   -1.9426368e-02
9.5111603e-01   -1.7254738e-02
9.5775098e-01   -1.5348930e-02
9.6392000e-01   -1.3379217e-02
9.6961600e-01   -1.1724104e-02
9.7483599e-01   -9.7845411e-03
9.7957498e-01   -8.4418105e-03
9.8383099e-01   -7.0244926e-03
9.8759800e-01   -5.8081793e-03
9.9087399e-01   -4.7539328e-03
9.9365300e-01   -3.8441892e-03
9.9593401e-01   -3.1018029e-03
9.9771100e-01   -2.5596884e-03
9.9898201e-01   -2.0848778e-03
9.9974501e-01   -1.8450134e-03
1.0000000e+00   -1.8130330e-03
