1.0000000e+00   -1.7900902e-05
9.9974501e-01   7.0523696e-05
9.9898201e-01   4.3480887e-04
9.9771100e-01   9.5870224e-04
9.9593300e-01   1.7119404e-03
9.9365300e-01   2.8372060e-03
9.9087399e-01   4.4683889e-03
9.8759800e-01   6.4551849e-03
9.8382998e-01   8.7111527e-03
9.7957498e-01   1.1057733e-02
9.7483599e-01   1.3891572e-02
9.6961600e-01   1.6792096e-02
9.6392000e-01   1.9978175e-02
9.5775098e-01   2.3366086e-02
9.5111603e-01   2.7011152e-02
9.4401902e-01   3.0922169e-02
9.3646699e-01   3.5353698e-02
9.2846799e-01   4.0191747e-02
9.2003101e-01   4.5217015e-02
9.1116500e-01   5.0307706e-02
9.0187901e-01   5.5959366e-02
8.9218301e-01   6.1716743e-02
8.8208699e-01   6.7784995e-02
8.7160099e-01   7.4310169e-02
8.6073500e-01   8.0941997e-02
8.4950101e-01   8.7719999e-02
8.3791000e-01   9.4912089e-02
8.2597399e-01   1.0204797e-01
8.1370401e-01   1.0966918e-01
8.0111301e-01   1.1702950e-01
7.8821403e-01   1.2464038e-01
7.7501899e-01   1.3223673e-01
7.6154101e-01   1.4000650e-01
7.4779499e-01   1.4790328e-01
7.3379201e-01   1.5565144e-01
7.1954799e-01   1.6338861e-01
7.0507699e-01   1.7129900e-01
6.9039202e-01   1.7908171e-01
6.7550898e-01   1.8720996e-01
6.6044199e-01   1.9480383e-01
6.4520597e-01   2.0246238e-01
6.2981701e-01   2.0996219e-01
6.1429000e-01   2.1722968e-01
5.9864002e-01   2.2389883e-01
5.8288401e-01   2.3038401e-01
5.6703597e-01   2.3625728e-01
5.5111301e-01   2.4211515e-01
5.3513098e-01   2.4750683e-01
5.1910597e-01   2.5269333e-01
5.0305402e-01   2.5710264e-01
4.8699099e-01   2.6142073e-01
4.7093400e-01   2.6512149e-01
4.5489800e-01   2.6860362e-01
4.3889999e-01   2.7150375e-01
4.2295599e-01   2.7379331e-01
4.0708300e-01   2.7546513e-01
3.9129499e-01   2.7656767e-01
3.7560999e-01   2.7753657e-01
3.6004400e-01   2.7802643e-01
3.4461200e-01   2.7818272e-01
3.2933000e-01   2.7760491e-01
3.1421301e-01   2.7635807e-01
2.9927900e-01   2.7493045e-01
2.8454101e-01   2.7324316e-01
2.7001500e-01   2.7075014e-01
2.5571701e-01   2.6801708e-01
2.4166100e-01   2.6483521e-01
2.2786200e-01   2.6146528e-01
2.1433599e-01   2.5747600e-01
2.0109500e-01   2.5287819e-01
1.8815500e-01   2.4802102e-01
1.7553000e-01   2.4240041e-01
1.6323400e-01   2.3653330e-01
1.5128000e-01   2.2991863e-01
1.3968100e-01   2.2325294e-01
1.2845200e-01   2.1612908e-01
1.1760600e-01   2.0871732e-01
1.0715500e-01   2.0049755e-01
9.7112998e-02   1.9244893e-01
8.7493002e-02   1.8354400e-01
7.8305997e-02   1.7441966e-01
6.9565997e-02   1.6482610e-01
6.1285000e-02   1.5502143e-01
5.3474002e-02   1.4481124e-01
4.6149999e-02   1.3437968e-01
3.9326001e-02   1.2356155e-01
3.3013999e-02   1.1258772e-01
2.7230000e-02   1.0143311e-01
2.1980001e-02   9.0048417e-02
1.7277000e-02   7.8503951e-02
1.3141000e-02   6.6785783e-02
9.5729996e-03   5.5135451e-02
6.5830001e-03   4.3864042e-02
4.1880002e-03   3.3320423e-02
2.3540000e-03   2.3719374e-02
1.0810000e-03   1.5458970e-02
3.7100000e-04   8.6570568e-03
7.6999997e-05   3.8940897e-03
4.9999999e-06   9.6721458e-04
0.0000000e+00   1.2421075e-05
4.9999999e-06   -9.6100353e-04
7.6999997e-05   -3.9215488e-03
3.7100000e-04   -8.6055044e-03
1.0810000e-03   -1.5054676e-02
2.3530000e-03   -2.2904014e-02
4.1880002e-03   -3.1993505e-02
6.5850001e-03   -4.1544747e-02
9.5760003e-03   -5.1684815e-02
1.3145000e-02   -6.1930802e-02
1.7281000e-02   -7.2409101e-02
2.1983000e-02   -8.2673632e-02
2.7232001e-02   -9.2617735e-02
3.3016000e-02   -1.0229667e-01
3.9328001e-02   -1.1186269e-01
4.6151999e-02   -1.2138260e-01
5.3475998e-02   -1.3031040e-01
6.1287001e-02   -1.3887756e-01
6.9568001e-02   -1.4737776e-01
7.8308001e-02   -1.5533271e-01
8.7494999e-02   -1.6308324e-01
9.7115003e-02   -1.7020631e-01
1.0715700e-01   -1.7721952e-01
1.1760800e-01   -1.8377408e-01
1.2845400e-01   -1.9019711e-01
1.3968299e-01   -1.9599840e-01
1.5128200e-01   -2.0127781e-01
1.6323499e-01   -2.0644398e-01
1.7553200e-01   -2.1111670e-01
1.8815701e-01   -2.1559641e-01
2.0109700e-01   -2.1949217e-01
2.1433701e-01   -2.2291057e-01
2.2786400e-01   -2.2646596e-01
2.4166299e-01   -2.2946769e-01
2.5571901e-01   -2.3177746e-01
2.7001700e-01   -2.3397325e-01
2.8454199e-01   -2.3536198e-01
2.9927999e-01   -2.3678827e-01
3.1421500e-01   -2.3768415e-01
3.2933101e-01   -2.3860922e-01
3.4461299e-01   -2.3882170e-01
3.6004499e-01   -2.3855464e-01
3.7561101e-01   -2.3777273e-01
3.9129600e-01   -2.3658144e-01
4.0708300e-01   -2.3527466e-01
4.2295700e-01   -2.3330398e-01
4.3890101e-01   -2.3116852e-01
4.5489901e-01   -2.2844647e-01
4.7093499e-01   -2.2552112e-01
4.8699200e-01   -2.2204922e-01
5.0305498e-01   -2.1807574e-01
5.1910698e-01   -2.1350864e-01
5.3513199e-01   -2.0899533e-01
5.5111402e-01   -2.0379031e-01
5.6703597e-01   -1.9848175e-01
5.8288401e-01   -1.9249909e-01
5.9864002e-01   -1.8628649e-01
6.1429000e-01   -1.7972936e-01
6.2981701e-01   -1.7311145e-01
6.4520597e-01   -1.6635804e-01
6.6044199e-01   -1.5955001e-01
6.7550898e-01   -1.5296037e-01
6.9039297e-01   -1.4606592e-01
7.0507699e-01   -1.3926603e-01
7.1954900e-01   -1.3249764e-01
7.3379302e-01   -1.2595861e-01
7.4779499e-01   -1.1934981e-01
7.6154202e-01   -1.1277660e-01
7.7501899e-01   -1.0650590e-01
7.8821403e-01   -1.0025540e-01
8.0111301e-01   -9.3862012e-02
8.1370401e-01   -8.7726042e-02
8.2597297e-01   -8.1759222e-02
8.3791000e-01   -7.5511888e-02
8.4950101e-01   -6.9783792e-02
8.6073500e-01   -6.4063080e-02
8.7160099e-01   -5.8760777e-02
8.8208801e-01   -5.3720571e-02
8.9218402e-01   -4.8751701e-02
9.0188003e-01   -4.4274759e-02
9.1116500e-01   -3.9892398e-02
9.2003101e-01   -3.5705667e-02
9.2846799e-01   -3.1698562e-02
9.3646699e-01   -2.7999643e-02
9.4401902e-01   -2.4488488e-02
9.5111603e-01   -2.1464527e-02
9.5775098e-01   -1.8957047e-02
9.6392000e-01   -1.6278693e-02
9.6961600e-01   -1.3823543e-02
9.7483599e-01   -1.1408756e-02
9.7957498e-01   -9.2419395e-03
9.8383099e-01   -7.3282369e-03
9.8759800e-01   -5.5586859e-03
9.9087399e-01   -4.0863701e-03
9.9365300e-01   -2.8011634e-03
9.9593401e-01   -1.8135870e-03
9.9771100e-01   -9.4638788e-04
9.9898201e-01   -3.5337880e-04
9.9974501e-01   -1.0981843e-04
1.0000000e+00   4.8115453e-06
