1.0000000e+00   1.7721374e-02
9.9974501e-01   1.9413851e-02
9.9898201e-01   2.2198953e-02
9.9771100e-01   2.1908073e-02
9.9593300e-01   2.4913481e-02
9.9365300e-01   2.8030314e-02
9.9087399e-01   3.3423632e-02
9.8759800e-01   3.9524045e-02
9.8382998e-01   4.5169577e-02
9.7957498e-01   5.2238386e-02
9.7483599e-01   5.9340235e-02
9.6961600e-01   6.7065120e-02
9.6392000e-01   7.6466478e-02
9.5775098e-01   8.5121021e-02
9.5111603e-01   9.4935156e-02
9.4401902e-01   1.0521320e-01
9.3646699e-01   1.1830931e-01
9.2846799e-01   1.2886481e-01
9.2003101e-01   1.3888016e-01
9.1116500e-01   1.5151866e-01
9.0187901e-01   1.6432957e-01
8.9218301e-01   1.7630646e-01
8.8208699e-01   1.8939202e-01
8.7160099e-01   1.9920030e-01
8.6073500e-01   2.1216823e-01
8.4950101e-01   2.2527215e-01
8.3791000e-01   2.3994537e-01
8.2597399e-01   2.5271407e-01
8.1370401e-01   2.6444012e-01
8.0111301e-01   2.7876303e-01
7.8821403e-01   2.9233447e-01
7.7501899e-01   3.0446729e-01
7.6154101e-01   3.1650415e-01
7.4779499e-01   3.2930508e-01
7.3379201e-01   3.4051439e-01
7.1954799e-01   3.4894767e-01
7.0507699e-01   3.5844511e-01
6.9039202e-01   3.6736122e-01
6.7550898e-01   3.7510765e-01
6.6044199e-01   3.8165453e-01
6.4520597e-01   3.9068726e-01
6.2981701e-01   3.9380962e-01
6.1429000e-01   3.9852214e-01
5.9864002e-01   4.0343037e-01
5.8288401e-01   4.0621206e-01
5.6703597e-01   4.0478319e-01
5.5111301e-01   4.0807444e-01
5.3513098e-01   4.0798250e-01
5.1910597e-01   4.0622649e-01
5.0305402e-01   4.0698257e-01
4.8699099e-01   4.0505496e-01
4.7093400e-01   4.0311599e-01
4.5489800e-01   4.0106943e-01
4.3889999e-01   3.9772314e-01
4.2295599e-01   3.9561638e-01
4.0708300e-01   3.9234799e-01
3.9129499e-01   3.8735211e-01
3.7560999e-01   3.8359502e-01
3.6004400e-01   3.7806264e-01
3.4461200e-01   3.7465963e-01
3.2933000e-01   3.6938947e-01
3.1421301e-01   3.6046618e-01
2.9927900e-01   3.5410011e-01
2.8454101e-01   3.4937412e-01
2.7001500e-01   3.4184086e-01
2.5571701e-01   3.3389887e-01
2.4166100e-01   3.2753071e-01
2.2786200e-01   3.1996042e-01
2.1433599e-01   3.1128448e-01
2.0109500e-01   3.0521756e-01
1.8815500e-01   2.9645526e-01
1.7553000e-01   2.8749919e-01
1.6323400e-01   2.7513003e-01
1.5128000e-01   2.6753694e-01
1.3968100e-01   2.5993896e-01
1.2845200e-01   2.4936409e-01
1.1760600e-01   2.3904943e-01
1.0715500e-01   2.2778392e-01
9.7112998e-02   2.1884012e-01
8.7493002e-02   2.0811516e-01
7.8305997e-02   1.9677640e-01
6.9565997e-02   1.8519616e-01
6.1285000e-02   1.7281739e-01
5.3474002e-02   1.6248095e-01
4.6149999e-02   1.5100835e-01
3.9326001e-02   1.3742095e-01
3.3013999e-02   1.2434074e-01
2.7230000e-02   1.1355677e-01
2.1980001e-02   9.9456288e-02
1.7277000e-02   8.6497121e-02
1.3141000e-02   7.2485752e-02
9.5729996e-03   6.0185213e-02
6.5830001e-03   4.6758194e-02
4.1880002e-03   3.5106257e-02
2.3540000e-03   2.4095735e-02
1.0810000e-03   1.6100598e-02
3.7100000e-04   9.6021648e-03
7.6999997e-05   4.7355462e-03
4.9999999e-06   3.7375914e-03
0.0000000e+00   1.4564452e-03
4.9999999e-06   -2.2520125e-04
7.6999997e-05   -2.8945403e-03
3.7100000e-04   -6.8636336e-03
1.0810000e-03   -1.2874612e-02
2.3530000e-03   -2.2821864e-02
4.1880002e-03   -3.2400858e-02
6.5850001e-03   -4.2827368e-02
9.5760003e-03   -5.5806544e-02
1.3145000e-02   -6.9198169e-02
1.7281000e-02   -8.0825321e-02
2.1983000e-02   -9.1040157e-02
2.7232001e-02   -1.0380542e-01
3.3016000e-02   -1.1375536e-01
3.9328001e-02   -1.2388064e-01
4.6151999e-02   -1.3699840e-01
5.3475998e-02   -1.4652720e-01
6.1287001e-02   -1.5794221e-01
6.9568001e-02   -1.7098747e-01
7.8308001e-02   -1.8020324e-01
8.7494999e-02   -1.9280258e-01
9.7115003e-02   -2.0220418e-01
1.0715700e-01   -2.1203877e-01
1.1760800e-01   -2.1993361e-01
1.2845400e-01   -2.3164277e-01
1.3968299e-01   -2.4136391e-01
1.5128200e-01   -2.5223327e-01
1.6323499e-01   -2.6070398e-01
1.7553200e-01   -2.6935646e-01
1.8815701e-01   -2.7881491e-01
2.0109700e-01   -2.8541675e-01
2.1433701e-01   -2.9424682e-01
2.2786400e-01   -3.0133218e-01
2.4166299e-01   -3.0803421e-01
2.5571901e-01   -3.1654456e-01
2.7001700e-01   -3.2192093e-01
2.8454199e-01   -3.2938823e-01
2.9927999e-01   -3.3423722e-01
3.1421500e-01   -3.4077942e-01
3.2933101e-01   -3.4496248e-01
3.4461299e-01   -3.5211042e-01
3.6004499e-01   -3.5581490e-01
3.7561101e-01   -3.5990763e-01
3.9129600e-01   -3.6335993e-01
4.0708300e-01   -3.6795521e-01
4.2295700e-01   -3.7136811e-01
4.3890101e-01   -3.7572277e-01
4.5489901e-01   -3.7828353e-01
4.7093499e-01   -3.8024363e-01
4.8699200e-01   -3.7989315e-01
5.0305498e-01   -3.8214749e-01
5.1910698e-01   -3.8343120e-01
5.3513199e-01   -3.8377342e-01
5.5111402e-01   -3.8364199e-01
5.6703597e-01   -3.8261440e-01
5.8288401e-01   -3.7887341e-01
5.9864002e-01   -3.7947816e-01
6.1429000e-01   -3.7287405e-01
6.2981701e-01   -3.6913598e-01
6.4520597e-01   -3.6498767e-01
6.6044199e-01   -3.5782796e-01
6.7550898e-01   -3.5046443e-01
6.9039297e-01   -3.4321320e-01
7.0507699e-01   -3.3398393e-01
7.1954900e-01   -3.2534790e-01
7.3379302e-01   -3.1474307e-01
7.4779499e-01   -3.0242130e-01
7.6154202e-01   -2.9353592e-01
7.7501899e-01   -2.8264064e-01
7.8821403e-01   -2.6936930e-01
8.0111301e-01   -2.5706995e-01
8.1370401e-01   -2.4599823e-01
8.2597297e-01   -2.3416789e-01
8.3791000e-01   -2.1978477e-01
8.4950101e-01   -2.0812321e-01
8.6073500e-01   -1.9455883e-01
8.7160099e-01   -1.8609567e-01
8.8208801e-01   -1.7401549e-01
8.9218402e-01   -1.6178347e-01
9.0188003e-01   -1.5203312e-01
9.1116500e-01   -1.3871211e-01
9.2003101e-01   -1.3142183e-01
9.2846799e-01   -1.1845526e-01
9.3646699e-01   -1.0910638e-01
9.4401902e-01   -9.7545244e-02
9.5111603e-01   -8.7893546e-02
9.5775098e-01   -7.8253359e-02
9.6392000e-01   -7.0950516e-02
9.6961600e-01   -6.0816064e-02
9.7483599e-01   -5.3184167e-02
9.7957498e-01   -4.5696970e-02
9.8383099e-01   -3.9204828e-02
9.8759800e-01   -3.3066686e-02
9.9087399e-01   -2.9358512e-02
9.9365300e-01   -2.5106182e-02
9.9593401e-01   -1.9534115e-02
9.9771100e-01   -1.8442051e-02
9.9898201e-01   -1.6557969e-02
9.9974501e-01   -1.3752545e-02
1.0000000e+00   -1.6539183e-02
