1.0000000e+00   -1.2990822e-05
9.9974501e-01   9.0775131e-05
9.9898201e-01   4.9002684e-04
9.9771100e-01   1.1608729e-03
9.9593300e-01   1.8923205e-03
9.9365300e-01   2.9699467e-03
9.9087399e-01   4.4182227e-03
9.8759800e-01   6.0889209e-03
9.8382998e-01   7.8827301e-03
9.7957498e-01   9.8713087e-03
9.7483599e-01   1.2257451e-02
9.6961600e-01   1.4654987e-02
9.6392000e-01   1.7333010e-02
9.5775098e-01   2.0205216e-02
9.5111603e-01   2.3271032e-02
9.4401902e-01   2.6628928e-02
9.3646699e-01   3.0302100e-02
9.2846799e-01   3.4281291e-02
9.2003101e-01   3.8392164e-02
9.1116500e-01   4.2598702e-02
9.0187901e-01   4.7255192e-02
8.9218301e-01   5.1960982e-02
8.8208699e-01   5.6936804e-02
8.7160099e-01   6.2279861e-02
8.6073500e-01   6.7745194e-02
8.4950101e-01   7.3290646e-02
8.3791000e-01   7.9159133e-02
8.2597399e-01   8.5089274e-02
8.1370401e-01   9.1313295e-02
8.0111301e-01   9.7388737e-02
7.8821403e-01   1.0362542e-01
7.7501899e-01   1.0986146e-01
7.6154101e-01   1.1615013e-01
7.4779499e-01   1.2255408e-01
7.3379201e-01   1.2883191e-01
7.1954799e-01   1.3513483e-01
7.0507699e-01   1.4148572e-01
6.9039202e-01   1.4776778e-01
6.7550898e-01   1.5433882e-01
6.6044199e-01   1.6048311e-01
6.4520597e-01   1.6662520e-01
6.2981701e-01   1.7259280e-01
6.1429000e-01   1.7847909e-01
5.9864002e-01   1.8386330e-01
5.8288401e-01   1.8920760e-01
5.6703597e-01   1.9394358e-01
5.5111301e-01   1.9875282e-01
5.3513098e-01   2.0319284e-01
5.1910597e-01   2.0751621e-01
5.0305402e-01   2.1126078e-01
4.8699099e-01   2.1491991e-01
4.7093400e-01   2.1808766e-01
4.5489800e-01   2.2097899e-01
4.3889999e-01   2.2359686e-01
4.2295599e-01   2.2576155e-01
4.0708300e-01   2.2747941e-01
3.9129499e-01   2.2866130e-01
3.7560999e-01   2.2970130e-01
3.6004400e-01   2.3036166e-01
3.4461200e-01   2.3098744e-01
3.2933000e-01   2.3098269e-01
3.1421301e-01   2.3037907e-01
2.9927900e-01   2.2962889e-01
2.8454101e-01   2.2869316e-01
2.7001500e-01   2.2719000e-01
2.5571701e-01   2.2542015e-01
2.4166100e-01   2.2318570e-01
2.2786200e-01   2.2083956e-01
2.1433599e-01   2.1793827e-01
2.0109500e-01   2.1456295e-01
1.8815500e-01   2.1090211e-01
1.7553000e-01   2.0659888e-01
1.6323400e-01   2.0218568e-01
1.5128000e-01   1.9712801e-01
1.3968100e-01   1.9187851e-01
1.2845200e-01   1.8626173e-01
1.1760600e-01   1.8026094e-01
1.0715500e-01   1.7359599e-01
9.7112998e-02   1.6693264e-01
8.7493002e-02   1.5965694e-01
7.8305997e-02   1.5202299e-01
6.9565997e-02   1.4404471e-01
6.1285000e-02   1.3578218e-01
5.3474002e-02   1.2702711e-01
4.6149999e-02   1.1812758e-01
3.9326001e-02   1.0888651e-01
3.3013999e-02   9.9534392e-02
2.7230000e-02   9.0059720e-02
2.1980001e-02   8.0363795e-02
1.7277000e-02   7.0570871e-02
1.3141000e-02   6.0510252e-02
9.5729996e-03   5.0539266e-02
6.5830001e-03   4.0819358e-02
4.1880002e-03   3.1528942e-02
2.3540000e-03   2.2758698e-02
1.0810000e-03   1.5050288e-02
3.7100000e-04   8.5360231e-03
7.6999997e-05   3.8550615e-03
4.9999999e-06   9.6372986e-04
0.0000000e+00   2.9927646e-06
4.9999999e-06   -9.4831781e-04
7.6999997e-05   -3.8413799e-03
3.7100000e-04   -8.3541460e-03
1.0810000e-03   -1.4337867e-02
2.3530000e-03   -2.1196557e-02
4.1880002e-03   -2.8620381e-02
6.5850001e-03   -3.5796851e-02
9.5760003e-03   -4.2954121e-02
1.3145000e-02   -4.9917482e-02
1.7281000e-02   -5.6802373e-02
2.1983000e-02   -6.3365653e-02
2.7232001e-02   -6.9694653e-02
3.3016000e-02   -7.5786017e-02
3.9328001e-02   -8.1666872e-02
4.6151999e-02   -8.7436788e-02
5.3475998e-02   -9.2828847e-02
6.1287001e-02   -9.8024547e-02
6.9568001e-02   -1.0304891e-01
7.8308001e-02   -1.0780936e-01
8.7494999e-02   -1.1241772e-01
9.7115003e-02   -1.1666409e-01
1.0715700e-01   -1.2085112e-01
1.1760800e-01   -1.2474414e-01
1.2845400e-01   -1.2861568e-01
1.3968299e-01   -1.3209999e-01
1.5128200e-01   -1.3519657e-01
1.6323499e-01   -1.3821910e-01
1.7553200e-01   -1.4104880e-01
1.8815701e-01   -1.4375159e-01
2.0109700e-01   -1.4608422e-01
2.1433701e-01   -1.4810716e-01
2.2786400e-01   -1.5037386e-01
2.4166299e-01   -1.5215293e-01
2.5571901e-01   -1.5352555e-01
2.7001700e-01   -1.5490796e-01
2.8454199e-01   -1.5567580e-01
2.9927999e-01   -1.5648182e-01
3.1421500e-01   -1.5700808e-01
3.2933101e-01   -1.5748470e-01
3.4461299e-01   -1.5756245e-01
3.6004499e-01   -1.5734838e-01
3.7561101e-01   -1.5681291e-01
3.9129600e-01   -1.5600453e-01
4.0708300e-01   -1.5516596e-01
4.2295700e-01   -1.5396154e-01
4.3890101e-01   -1.5273014e-01
4.5489901e-01   -1.5105617e-01
4.7093499e-01   -1.4929552e-01
4.8699200e-01   -1.4708811e-01
5.0305498e-01   -1.4458001e-01
5.1910698e-01   -1.4163561e-01
5.3513199e-01   -1.3881257e-01
5.5111402e-01   -1.3557099e-01
5.6703597e-01   -1.3213706e-01
5.8288401e-01   -1.2817730e-01
5.9864002e-01   -1.2421171e-01
6.1429000e-01   -1.2000788e-01
6.2981701e-01   -1.1584673e-01
6.4520597e-01   -1.1140637e-01
6.6044199e-01   -1.0712910e-01
6.7550898e-01   -1.0271204e-01
6.9039297e-01   -9.8191604e-02
7.0507699e-01   -9.3683034e-02
7.1954900e-01   -8.9195147e-02
7.3379302e-01   -8.4818833e-02
7.4779499e-01   -8.0334373e-02
7.6154202e-01   -7.6009162e-02
7.7501899e-01   -7.1850680e-02
7.8821403e-01   -6.7770414e-02
8.0111301e-01   -6.3585095e-02
8.1370401e-01   -5.9519120e-02
8.2597297e-01   -5.5656057e-02
8.3791000e-01   -5.1701821e-02
8.4950101e-01   -4.8083611e-02
8.6073500e-01   -4.4403393e-02
8.7160099e-01   -4.0942397e-02
8.8208801e-01   -3.7595589e-02
8.9218402e-01   -3.4197215e-02
9.0188003e-01   -3.1206353e-02
9.1116500e-01   -2.8236354e-02
9.2003101e-01   -2.5435697e-02
9.2846799e-01   -2.2770403e-02
9.3646699e-01   -2.0241918e-02
9.4401902e-01   -1.7851973e-02
9.5111603e-01   -1.5781064e-02
9.5775098e-01   -1.3929444e-02
9.6392000e-01   -1.2015429e-02
9.6961600e-01   -1.0286499e-02
9.7483599e-01   -8.5972855e-03
9.7957498e-01   -7.0216237e-03
9.8383099e-01   -5.6997202e-03
9.8759800e-01   -4.4013886e-03
9.9087399e-01   -3.2862180e-03
9.9365300e-01   -2.2864181e-03
9.9593401e-01   -1.5516105e-03
9.9771100e-01   -8.7351800e-04
9.9898201e-01   -3.8551594e-04
9.9974501e-01   -1.3239792e-04
1.0000000e+00   1.6800841e-06
