1.0000000e+00   -2.0320258e-05
9.9974501e-01   4.0852054e-04
9.9898201e-01   1.4580187e-03
9.9771100e-01   3.0598040e-03
9.9593300e-01   5.2445191e-03
9.9365300e-01   8.0825416e-03
9.9087399e-01   1.1467401e-02
9.8759800e-01   1.5543410e-02
9.8382998e-01   2.0202730e-02
9.7957498e-01   2.5353124e-02
9.7483599e-01   3.1062420e-02
9.6961600e-01   3.7063245e-02
9.6392000e-01   4.3562930e-02
9.5775098e-01   5.0286051e-02
9.5111603e-01   5.7589497e-02
9.4401902e-01   6.5167010e-02
9.3646699e-01   7.3310114e-02
9.2846799e-01   8.1981517e-02
9.2003101e-01   9.0818144e-02
9.1116500e-01   1.0006019e-01
9.0187901e-01   1.0979431e-01
8.9218301e-01   1.1958319e-01
8.8208699e-01   1.2971966e-01
8.7160099e-01   1.4035638e-01
8.6073500e-01   1.5134455e-01
8.4950101e-01   1.6254668e-01
8.3791000e-01   1.7409977e-01
8.2597399e-01   1.8577784e-01
8.1370401e-01   1.9787185e-01
8.0111301e-01   2.1001822e-01
7.8821403e-01   2.2223292e-01
7.7501899e-01   2.3470534e-01
7.6154101e-01   2.4718723e-01
7.4779499e-01   2.5975719e-01
7.3379201e-01   2.7212039e-01
7.1954799e-01   2.8491673e-01
7.0507699e-01   2.9726645e-01
6.9039202e-01   3.0964631e-01
6.7550898e-01   3.2207513e-01
6.6044199e-01   3.3438385e-01
6.4520597e-01   3.4627330e-01
6.2981701e-01   3.5798970e-01
6.1429000e-01   3.6917466e-01
5.9864002e-01   3.8016525e-01
5.8288401e-01   3.9078310e-01
5.6703597e-01   4.0056342e-01
5.5111301e-01   4.0986088e-01
5.3513098e-01   4.1866603e-01
5.1910597e-01   4.2706200e-01
5.0305402e-01   4.3463030e-01
4.8699099e-01   4.4158572e-01
4.7093400e-01   4.4768131e-01
4.5489800e-01   4.5292881e-01
4.3889999e-01   4.5728096e-01
4.2295599e-01   4.6078318e-01
4.0708300e-01   4.6330157e-01
3.9129499e-01   4.6497634e-01
3.7560999e-01   4.6597999e-01
3.6004400e-01   4.6571365e-01
3.4461200e-01   4.6489361e-01
3.2933000e-01   4.6312714e-01
3.1421301e-01   4.6016464e-01
2.9927900e-01   4.5635191e-01
2.8454101e-01   4.5180279e-01
2.7001500e-01   4.4598699e-01
2.5571701e-01   4.3943167e-01
2.4166100e-01   4.3202674e-01
2.2786200e-01   4.2401993e-01
2.1433599e-01   4.1485414e-01
2.0109500e-01   4.0442371e-01
1.8815500e-01   3.9344043e-01
1.7553000e-01   3.8139495e-01
1.6323400e-01   3.6865845e-01
1.5128000e-01   3.5498962e-01
1.3968100e-01   3.4069768e-01
1.2845200e-01   3.2588938e-01
1.1760600e-01   3.1046346e-01
1.0715500e-01   2.9429731e-01
9.7112998e-02   2.7837428e-01
8.7493002e-02   2.6163021e-01
7.8305997e-02   2.4457446e-01
6.9565997e-02   2.2709186e-01
6.1285000e-02   2.0960607e-01
5.3474002e-02   1.9204253e-01
4.6149999e-02   1.7450218e-01
3.9326001e-02   1.5698603e-01
3.3013999e-02   1.3976336e-01
2.7230000e-02   1.2289333e-01
2.1980001e-02   1.0635019e-01
1.7277000e-02   9.0566538e-02
1.3141000e-02   7.5309783e-02
9.5729996e-03   6.0760740e-02
6.5830001e-03   4.7259714e-02
4.1880002e-03   3.5217915e-02
2.3540000e-03   2.4696479e-02
1.0810000e-03   1.6016658e-02
3.7100000e-04   8.9502428e-03
7.6999997e-05   4.0195896e-03
4.9999999e-06   9.8843186e-04
0.0000000e+00   4.2690135e-06
4.9999999e-06   -9.1322075e-04
7.6999997e-05   -3.8830417e-03
3.7100000e-04   -8.3926292e-03
1.0810000e-03   -1.4704837e-02
2.3530000e-03   -2.2285530e-02
4.1880002e-03   -3.1086357e-02
6.5850001e-03   -3.9974991e-02
9.5760003e-03   -4.8942793e-02
1.3145000e-02   -5.7697888e-02
1.7281000e-02   -6.5848298e-02
2.1983000e-02   -7.3283583e-02
2.7232001e-02   -8.0471151e-02
3.3016000e-02   -8.6928800e-02
3.9328001e-02   -9.2849441e-02
4.6151999e-02   -9.8798826e-02
5.3475998e-02   -1.0406792e-01
6.1287001e-02   -1.0871252e-01
6.9568001e-02   -1.1312189e-01
7.8308001e-02   -1.1704446e-01
8.7494999e-02   -1.2068954e-01
9.7115003e-02   -1.2365925e-01
1.0715700e-01   -1.2659562e-01
1.1760800e-01   -1.2897991e-01
1.2845400e-01   -1.3121311e-01
1.3968299e-01   -1.3272390e-01
1.5128200e-01   -1.3390069e-01
1.6323499e-01   -1.3475758e-01
1.7553200e-01   -1.3533348e-01
1.8815701e-01   -1.3557576e-01
2.0109700e-01   -1.3530262e-01
2.1433701e-01   -1.3468680e-01
2.2786400e-01   -1.3461350e-01
2.4166299e-01   -1.3398145e-01
2.5571901e-01   -1.3266331e-01
2.7001700e-01   -1.3174482e-01
2.8454199e-01   -1.2998119e-01
2.9927999e-01   -1.2821479e-01
3.1421500e-01   -1.2633160e-01
3.2933101e-01   -1.2454956e-01
3.4461299e-01   -1.2223021e-01
3.6004499e-01   -1.1953460e-01
3.7561101e-01   -1.1679135e-01
3.9129600e-01   -1.1386205e-01
4.0708300e-01   -1.1083591e-01
4.2295700e-01   -1.0753023e-01
4.3890101e-01   -1.0440472e-01
4.5489901e-01   -1.0087291e-01
4.7093499e-01   -9.7232908e-02
4.8699200e-01   -9.3651086e-02
5.0305498e-01   -8.9996129e-02
5.1910698e-01   -8.6286701e-02
5.3513199e-01   -8.2830213e-02
5.5111402e-01   -7.8723751e-02
5.6703597e-01   -7.4972607e-02
5.8288401e-01   -7.0636138e-02
5.9864002e-01   -6.6427149e-02
6.1429000e-01   -6.2184867e-02
6.2981701e-01   -5.8064513e-02
6.4520597e-01   -5.3916533e-02
6.6044199e-01   -5.0047707e-02
6.7550898e-01   -4.6188463e-02
6.9039297e-01   -4.2349905e-02
7.0507699e-01   -3.8474739e-02
7.1954900e-01   -3.5066254e-02
7.3379302e-01   -3.1555448e-02
7.4779499e-01   -2.8242147e-02
7.6154202e-01   -2.5034329e-02
7.7501899e-01   -2.2223135e-02
7.8821403e-01   -1.9587886e-02
8.0111301e-01   -1.6783332e-02
8.1370401e-01   -1.4202314e-02
8.2597297e-01   -1.1882338e-02
8.3791000e-01   -9.0518901e-03
8.4950101e-01   -6.9921850e-03
8.6073500e-01   -5.0323685e-03
8.7160099e-01   -3.5867929e-03
8.8208801e-01   -2.1734035e-03
8.9218402e-01   -1.1363062e-03
9.0188003e-01   -3.0982308e-04
9.1116500e-01   5.6452112e-04
9.2003101e-01   1.1567404e-03
9.2846799e-01   1.5783185e-03
9.3646699e-01   1.9779105e-03
9.4401902e-01   2.1620593e-03
9.5111603e-01   2.3333100e-03
9.5775098e-01   2.1782073e-03
9.6392000e-01   2.0534005e-03
9.6961600e-01   1.7252244e-03
9.7483599e-01   1.6108276e-03
9.7957498e-01   1.4323841e-03
9.8383099e-01   1.1522230e-03
9.8759800e-01   8.5374061e-04
9.9087399e-01   5.9152587e-04
9.9365300e-01   3.1623372e-04
9.9593401e-01   1.7202948e-04
9.9771100e-01   1.4960725e-04
9.9898201e-01   1.7368278e-04
9.9974501e-01   -7.2087365e-05
1.0000000e+00   2.2065691e-05
