1.0000000e+00   8.9170514e-03
9.9974501e-01   9.1818878e-03
9.9898201e-01   9.9707292e-03
9.9771100e-01   1.1242005e-02
9.9593300e-01   1.2936319e-02
9.9365300e-01   1.5028788e-02
9.9087399e-01   1.7516734e-02
9.8759800e-01   2.0386925e-02
9.8382998e-01   2.3621084e-02
9.7957498e-01   2.7165025e-02
9.7483599e-01   3.0955428e-02
9.6961600e-01   3.4968648e-02
9.6392000e-01   3.9209649e-02
9.5775098e-01   4.3709494e-02
9.5111603e-01   4.8453424e-02
9.4401902e-01   5.3376641e-02
9.3646699e-01   5.8445785e-02
9.2846799e-01   6.3671909e-02
9.2003101e-01   6.9034316e-02
9.1116500e-01   7.4433349e-02
9.0187901e-01   7.9878718e-02
8.9218301e-01   8.5395582e-02
8.8208699e-01   9.0883464e-02
8.7160099e-01   9.6297242e-02
8.6073500e-01   1.0160542e-01
8.4950101e-01   1.0679650e-01
8.3791000e-01   1.1185645e-01
8.2597399e-01   1.1683916e-01
8.1370401e-01   1.2165160e-01
8.0111301e-01   1.2629455e-01
7.8821403e-01   1.3075465e-01
7.7501899e-01   1.3499428e-01
7.6154101e-01   1.3899559e-01
7.4779499e-01   1.4272705e-01
7.3379201e-01   1.4619131e-01
7.1954799e-01   1.4945647e-01
7.0507699e-01   1.5249635e-01
6.9039202e-01   1.5580185e-01
6.7550898e-01   1.5903316e-01
6.6044199e-01   1.6204056e-01
6.4520597e-01   1.6486295e-01
6.2981701e-01   1.6742213e-01
6.1429000e-01   1.6973649e-01
5.9864002e-01   1.7186025e-01
5.8288401e-01   1.7375571e-01
5.6703597e-01   1.7535695e-01
5.5111301e-01   1.7676426e-01
5.3513098e-01   1.7799607e-01
5.1910597e-01   1.7902355e-01
5.0305402e-01   1.7987394e-01
4.8699099e-01   1.8051030e-01
4.7093400e-01   1.8105604e-01
4.5489800e-01   1.8144934e-01
4.3889999e-01   1.8170877e-01
4.2295599e-01   1.8181142e-01
4.0708300e-01   1.8178506e-01
3.9129499e-01   1.8159617e-01
3.7560999e-01   1.8131529e-01
3.6004400e-01   1.8089069e-01
3.4461200e-01   1.8043143e-01
3.2933000e-01   1.7982413e-01
3.1421301e-01   1.7938249e-01
2.9927900e-01   1.7900352e-01
2.8454101e-01   1.7844909e-01
2.7001500e-01   1.7784387e-01
2.5571701e-01   1.7715754e-01
2.4166100e-01   1.7630292e-01
2.2786200e-01   1.7530270e-01
2.1433599e-01   1.7410569e-01
2.0109500e-01   1.7277192e-01
1.8815500e-01   1.7125921e-01
1.7553000e-01   1.6952299e-01
1.6323400e-01   1.6753882e-01
1.5128000e-01   1.6536041e-01
1.3968100e-01   1.6289793e-01
1.2845200e-01   1.6013631e-01
1.1760600e-01   1.5707205e-01
1.0715500e-01   1.5374920e-01
9.7112998e-02   1.5010151e-01
8.7493002e-02   1.4608063e-01
7.8305997e-02   1.4168733e-01
6.9565997e-02   1.3686469e-01
6.1285000e-02   1.3144283e-01
5.3474002e-02   1.2536150e-01
4.6149999e-02   1.1862235e-01
3.9326001e-02   1.1122394e-01
3.3013999e-02   1.0324519e-01
2.7230000e-02   9.4864719e-02
2.1980001e-02   8.6087488e-02
1.7277000e-02   7.6430194e-02
1.3141000e-02   6.5904632e-02
9.5729996e-03   5.4812644e-02
6.5830001e-03   4.3680768e-02
4.1880002e-03   3.2927535e-02
2.3540000e-03   2.3134800e-02
1.0810000e-03   1.4794587e-02
3.7100000e-04   8.1650596e-03
7.6999997e-05   3.3611348e-03
4.9999999e-06   4.5576258e-04
0.0000000e+00   -5.1348360e-04
4.9999999e-06   -1.4845427e-03
7.6999997e-05   -4.4207368e-03
3.7100000e-04   -9.2616696e-03
1.0810000e-03   -1.5813209e-02
2.3530000e-03   -2.4004564e-02
4.1880002e-03   -3.3785664e-02
6.5850001e-03   -4.5006786e-02
9.5760003e-03   -5.7371229e-02
1.3145000e-02   -7.0188835e-02
1.7281000e-02   -8.2212918e-02
2.1983000e-02   -9.3361825e-02
2.7232001e-02   -1.0373513e-01
3.3016000e-02   -1.1342251e-01
3.9328001e-02   -1.2252690e-01
4.6151999e-02   -1.3103056e-01
5.3475998e-02   -1.3882110e-01
6.1287001e-02   -1.4609361e-01
6.9568001e-02   -1.5323693e-01
7.8308001e-02   -1.6038889e-01
8.7494999e-02   -1.6722588e-01
9.7115003e-02   -1.7341018e-01
1.0715700e-01   -1.7906286e-01
1.1760800e-01   -1.8437302e-01
1.2845400e-01   -1.8937871e-01
1.3968299e-01   -1.9396824e-01
1.5128200e-01   -1.9818035e-01
1.6323499e-01   -2.0201117e-01
1.7553200e-01   -2.0551969e-01
1.8815701e-01   -2.0862207e-01
2.0109700e-01   -2.1136270e-01
2.1433701e-01   -2.1369603e-01
2.2786400e-01   -2.1571957e-01
2.4166299e-01   -2.1745829e-01
2.5571901e-01   -2.1892771e-01
2.7001700e-01   -2.2005914e-01
2.8454199e-01   -2.2088565e-01
2.9927999e-01   -2.2140926e-01
3.1421500e-01   -2.2158337e-01
3.2933101e-01   -2.2138582e-01
3.4461299e-01   -2.2083201e-01
3.6004499e-01   -2.1988659e-01
3.7561101e-01   -2.1850473e-01
3.9129600e-01   -2.1669322e-01
4.0708300e-01   -2.1446489e-01
4.2295700e-01   -2.1179636e-01
4.3890101e-01   -2.0867118e-01
4.5489901e-01   -2.0497504e-01
4.7093499e-01   -2.0077157e-01
4.8699200e-01   -1.9599114e-01
5.0305498e-01   -1.9061491e-01
5.1910698e-01   -1.8462685e-01
5.3513199e-01   -1.7802864e-01
5.5111402e-01   -1.7073448e-01
5.6703597e-01   -1.6268741e-01
5.8288401e-01   -1.5404075e-01
5.9864002e-01   -1.4479026e-01
6.1429000e-01   -1.3494267e-01
6.2981701e-01   -1.2450092e-01
6.4520597e-01   -1.1361097e-01
6.6044199e-01   -1.0237367e-01
6.7550898e-01   -9.0887159e-02
6.9039297e-01   -7.9450674e-02
7.0507699e-01   -6.8224974e-02
7.1954900e-01   -5.7317916e-02
7.3379302e-01   -4.6907444e-02
7.4779499e-01   -3.6845893e-02
7.6154202e-01   -2.7393537e-02
7.7501899e-01   -1.8483374e-02
7.8821403e-01   -1.0195160e-02
8.0111301e-01   -2.5472278e-03
8.1370401e-01   4.4138432e-03
8.2597297e-01   1.0623009e-02
8.3791000e-01   1.6029514e-02
8.4950101e-01   2.0655446e-02
8.6073500e-01   2.4418483e-02
8.7160099e-01   2.7352192e-02
8.8208801e-01   2.9492211e-02
8.9218402e-01   3.0865518e-02
9.0188003e-01   3.1478565e-02
9.1116500e-01   3.1420354e-02
9.2003101e-01   3.0663978e-02
9.2846799e-01   2.9296484e-02
9.3646699e-01   2.7394831e-02
9.4401902e-01   2.5060855e-02
9.5111603e-01   2.2411594e-02
9.5775098e-01   1.9493628e-02
9.6392000e-01   1.6364623e-02
9.6961600e-01   1.3145183e-02
9.7483599e-01   9.9758124e-03
9.7957498e-01   6.9339150e-03
9.8383099e-01   4.0192697e-03
9.8759800e-01   1.2677119e-03
9.9087399e-01   -1.2554519e-03
9.9365300e-01   -3.4693656e-03
9.9593401e-01   -5.3694504e-03
9.9771100e-01   -6.9139986e-03
9.9898201e-01   -8.0601545e-03
9.9974501e-01   -8.7604849e-03
1.0000000e+00   -8.9950357e-03
