1.0000000e+00   3.7772038e-03
9.9974501e-01   3.9253910e-03
9.9898201e-01   4.3569901e-03
9.9771100e-01   4.9908883e-03
9.9593300e-01   5.7513183e-03
9.9365300e-01   6.7373686e-03
9.9087399e-01   8.0300253e-03
9.8759800e-01   9.5489174e-03
9.8382998e-01   1.1266805e-02
9.7957498e-01   1.3203392e-02
9.7483599e-01   1.5345390e-02
9.6961600e-01   1.7687786e-02
9.6392000e-01   2.0270390e-02
9.5775098e-01   2.3128521e-02
9.5111603e-01   2.6273420e-02
9.4401902e-01   2.9692911e-02
9.3646699e-01   3.3388104e-02
9.2846799e-01   3.7371576e-02
9.2003101e-01   4.1645609e-02
9.1116500e-01   4.6199434e-02
9.0187901e-01   5.1043071e-02
8.9218301e-01   5.6170560e-02
8.8208699e-01   6.1563138e-02
8.7160099e-01   6.7211002e-02
8.6073500e-01   7.3085621e-02
8.4950101e-01   7.9159483e-02
8.3791000e-01   8.5458852e-02
8.2597399e-01   9.1986828e-02
8.1370401e-01   9.8685339e-02
8.0111301e-01   1.0555859e-01
7.8821403e-01   1.1259334e-01
7.7501899e-01   1.1975862e-01
7.6154101e-01   1.2701906e-01
7.4779499e-01   1.3435410e-01
7.3379201e-01   1.4174899e-01
7.1954799e-01   1.4919004e-01
7.0507699e-01   1.5665473e-01
6.9039202e-01   1.6411276e-01
6.7550898e-01   1.7152140e-01
6.6044199e-01   1.7885515e-01
6.4520597e-01   1.8609412e-01
6.2981701e-01   1.9317438e-01
6.1429000e-01   2.0003343e-01
5.9864002e-01   2.0666505e-01
5.8288401e-01   2.1304083e-01
5.6703597e-01   2.1914133e-01
5.5111301e-01   2.2493933e-01
5.3513098e-01   2.3041289e-01
5.1910597e-01   2.3553574e-01
5.0305402e-01   2.4026892e-01
4.8699099e-01   2.4458498e-01
4.7093400e-01   2.4849442e-01
4.5489800e-01   2.5198725e-01
4.3889999e-01   2.5504908e-01
4.2295599e-01   2.5766158e-01
4.0708300e-01   2.5981197e-01
3.9129499e-01   2.6150998e-01
3.7560999e-01   2.6276481e-01
3.6004400e-01   2.6355779e-01
3.4461200e-01   2.6392832e-01
3.2933000e-01   2.6387486e-01
3.1421301e-01   2.6339236e-01
2.9927900e-01   2.6249743e-01
2.8454101e-01   2.6120985e-01
2.7001500e-01   2.5952494e-01
2.5571701e-01   2.5740510e-01
2.4166100e-01   2.5483224e-01
2.2786200e-01   2.5183254e-01
2.1433599e-01   2.4836910e-01
2.0109500e-01   2.4444480e-01
1.8815500e-01   2.4005705e-01
1.7553000e-01   2.3521410e-01
1.6323400e-01   2.2988981e-01
1.5128000e-01   2.2406945e-01
1.3968100e-01   2.1777301e-01
1.2845200e-01   2.1105848e-01
1.1760600e-01   2.0392573e-01
1.0715500e-01   1.9635420e-01
9.7112998e-02   1.8835399e-01
8.7493002e-02   1.7992704e-01
7.8305997e-02   1.7106171e-01
6.9565997e-02   1.6173948e-01
6.1285000e-02   1.5194274e-01
5.3474002e-02   1.4167075e-01
4.6149999e-02   1.3098195e-01
3.9326001e-02   1.1998365e-01
3.3013999e-02   1.0883860e-01
2.7230000e-02   9.7772054e-02
2.1980001e-02   8.6868331e-02
1.7277000e-02   7.5784057e-02
1.3141000e-02   6.4510845e-02
9.5729996e-03   5.3302120e-02
6.5830001e-03   4.2424597e-02
4.1880002e-03   3.2119989e-02
2.3540000e-03   2.2731388e-02
1.0810000e-03   1.4599970e-02
3.7100000e-04   8.0393692e-03
7.6999997e-05   3.2540800e-03
4.9999999e-06   3.5424970e-04
0.0000000e+00   -6.1445503e-04
4.9999999e-06   -1.5777665e-03
7.6999997e-05   -4.4656177e-03
3.7100000e-04   -9.1713518e-03
1.0810000e-03   -1.5446930e-02
2.3530000e-03   -2.2938671e-02
4.1880002e-03   -3.1229177e-02
6.5850001e-03   -4.0049933e-02
9.5760003e-03   -4.9451098e-02
1.3145000e-02   -5.9469316e-02
1.7281000e-02   -6.9207728e-02
2.1983000e-02   -7.8363433e-02
2.7232001e-02   -8.6979993e-02
3.3016000e-02   -9.5148988e-02
3.9328001e-02   -1.0298946e-01
4.6151999e-02   -1.1053964e-01
5.3475998e-02   -1.1782162e-01
6.1287001e-02   -1.2486754e-01
6.9568001e-02   -1.3168590e-01
7.8308001e-02   -1.3825670e-01
8.7494999e-02   -1.4454798e-01
9.7115003e-02   -1.5051545e-01
1.0715700e-01   -1.5611647e-01
1.1760800e-01   -1.6137277e-01
1.2845400e-01   -1.6629972e-01
1.3968299e-01   -1.7088622e-01
1.5128200e-01   -1.7516914e-01
1.6323499e-01   -1.7914882e-01
1.7553200e-01   -1.8281469e-01
1.8815701e-01   -1.8615615e-01
2.0109700e-01   -1.8919538e-01
2.1433701e-01   -1.9190764e-01
2.2786400e-01   -1.9427301e-01
2.4166299e-01   -1.9630164e-01
2.5571901e-01   -1.9801392e-01
2.7001700e-01   -1.9939910e-01
2.8454199e-01   -2.0046194e-01
2.9927999e-01   -2.0121922e-01
3.1421500e-01   -2.0168111e-01
3.2933101e-01   -2.0183498e-01
3.4461299e-01   -2.0166923e-01
3.6004499e-01   -2.0117508e-01
3.7561101e-01   -2.0033699e-01
3.9129600e-01   -1.9914280e-01
4.0708300e-01   -1.9757539e-01
4.2295700e-01   -1.9564219e-01
4.3890101e-01   -1.9336008e-01
4.5489901e-01   -1.9073837e-01
4.7093499e-01   -1.8778788e-01
4.8699200e-01   -1.8451530e-01
5.0305498e-01   -1.8092693e-01
5.1910698e-01   -1.7704172e-01
5.3513199e-01   -1.7286342e-01
5.5111402e-01   -1.6838984e-01
5.6703597e-01   -1.6362914e-01
5.8288401e-01   -1.5861584e-01
5.9864002e-01   -1.5337582e-01
6.1429000e-01   -1.4792669e-01
6.2981701e-01   -1.4230047e-01
6.4520597e-01   -1.3652447e-01
6.6044199e-01   -1.3062809e-01
6.7550898e-01   -1.2462915e-01
6.9039297e-01   -1.1855971e-01
7.0507699e-01   -1.1244091e-01
7.1954900e-01   -1.0632180e-01
7.3379302e-01   -1.0024343e-01
7.4779499e-01   -9.4204240e-02
7.6154202e-01   -8.8273995e-02
7.7501899e-01   -8.2474016e-02
7.8821403e-01   -7.6825067e-02
8.0111301e-01   -7.1346991e-02
8.1370401e-01   -6.6060878e-02
8.2597297e-01   -6.0950458e-02
8.3791000e-01   -5.6026176e-02
8.4950101e-01   -5.1291745e-02
8.6073500e-01   -4.6773039e-02
8.7160099e-01   -4.2482980e-02
8.8208801e-01   -3.8434844e-02
8.9218402e-01   -3.4639776e-02
9.0188003e-01   -3.1103473e-02
9.1116500e-01   -2.7816119e-02
9.2003101e-01   -2.4787420e-02
9.2846799e-01   -2.2000462e-02
9.3646699e-01   -1.9443320e-02
9.4401902e-01   -1.7117027e-02
9.5111603e-01   -1.5016172e-02
9.5775098e-01   -1.3121758e-02
9.6392000e-01   -1.1391742e-02
9.6961600e-01   -9.7816335e-03
9.7483599e-01   -8.2689896e-03
9.7957498e-01   -6.8868166e-03
9.8383099e-01   -5.6626080e-03
9.8759800e-01   -4.5600319e-03
9.9087399e-01   -3.5782116e-03
9.9365300e-01   -2.7868368e-03
9.9593401e-01   -2.2622317e-03
9.9771100e-01   -1.9039367e-03
9.9898201e-01   -1.5889580e-03
9.9974501e-01   -1.3638540e-03
1.0000000e+00   -1.2875509e-03
