1.0000000e+00   -1.4076901e-02
9.9974501e-01   -1.3839084e-02
9.9898201e-01   -1.3134087e-02
9.9771100e-01   -1.2020140e-02
9.9593300e-01   -1.0565472e-02
9.9365300e-01   -8.7501612e-03
9.9087399e-01   -6.5470184e-03
9.8759800e-01   -3.9966814e-03
9.8382998e-01   -1.1096029e-03
9.7957498e-01   2.1023722e-03
9.7483599e-01   5.5959090e-03
9.6961600e-01   9.3494318e-03
9.6392000e-01   1.3366856e-02
9.5775098e-01   1.7665040e-02
9.5111603e-01   2.2243064e-02
9.4401902e-01   2.7049087e-02
9.3646699e-01   3.2041755e-02
9.2846799e-01   3.7215639e-02
9.2003101e-01   4.2571593e-02
9.1116500e-01   4.8042625e-02
9.0187901e-01   5.3640109e-02
8.9218301e-01   5.9403762e-02
8.8208699e-01   6.5265246e-02
8.7160099e-01   7.1203485e-02
8.6073500e-01   7.7175640e-02
8.4950101e-01   8.3133064e-02
8.3791000e-01   8.9036971e-02
8.2597399e-01   9.4959557e-02
8.1370401e-01   1.0082565e-01
8.0111301e-01   1.0663958e-01
7.8821403e-01   1.1235467e-01
7.7501899e-01   1.1794534e-01
7.6154101e-01   1.2341329e-01
7.4779499e-01   1.2870078e-01
7.3379201e-01   1.3379082e-01
7.1954799e-01   1.3872388e-01
7.0507699e-01   1.4346649e-01
6.9039202e-01   1.4810470e-01
6.7550898e-01   1.5254599e-01
6.6044199e-01   1.5673986e-01
6.4520597e-01   1.6070212e-01
6.2981701e-01   1.6437490e-01
6.1429000e-01   1.6777657e-01
5.9864002e-01   1.7093989e-01
5.8288401e-01   1.7382158e-01
5.6703597e-01   1.7637570e-01
5.5111301e-01   1.7868988e-01
5.3513098e-01   1.8073606e-01
5.1910597e-01   1.8248364e-01
5.0305402e-01   1.8397853e-01
4.8699099e-01   1.8516937e-01
4.7093400e-01   1.8617585e-01
4.5489800e-01   1.8694423e-01
4.3889999e-01   1.8750098e-01
4.2295599e-01   1.8780805e-01
4.0708300e-01   1.8789962e-01
3.9129499e-01   1.8772449e-01
3.7560999e-01   1.8736094e-01
3.6004400e-01   1.8671027e-01
3.4461200e-01   1.8591715e-01
3.2933000e-01   1.8490562e-01
3.1421301e-01   1.8379733e-01
2.9927900e-01   1.8254940e-01
2.8454101e-01   1.8108374e-01
2.7001500e-01   1.7946750e-01
2.5571701e-01   1.7768210e-01
2.4166100e-01   1.7569281e-01
2.2786200e-01   1.7353101e-01
2.1433599e-01   1.7115544e-01
2.0109500e-01   1.6863678e-01
1.8815500e-01   1.6597664e-01
1.7553000e-01   1.6315846e-01
1.6323400e-01   1.6013224e-01
1.5128000e-01   1.5692990e-01
1.3968100e-01   1.5351796e-01
1.2845200e-01   1.4989969e-01
1.1760600e-01   1.4606193e-01
1.0715500e-01   1.4202343e-01
9.7112998e-02   1.3777629e-01
8.7493002e-02   1.3328758e-01
7.8305997e-02   1.2852035e-01
6.9565997e-02   1.2344293e-01
6.1285000e-02   1.1793873e-01
5.3474002e-02   1.1198029e-01
4.6149999e-02   1.0554182e-01
3.9326001e-02   9.8621547e-02
3.3013999e-02   9.1304913e-02
2.7230000e-02   8.3745524e-02
2.1980001e-02   7.5897276e-02
1.7277000e-02   6.7374185e-02
1.3141000e-02   5.8230285e-02
9.5729996e-03   4.8665710e-02
6.5830001e-03   3.8995635e-02
4.1880002e-03   2.9559830e-02
2.3540000e-03   2.0804863e-02
1.0810000e-03   1.3127225e-02
3.7100000e-04   6.8308632e-03
7.6999997e-05   2.1644612e-03
4.9999999e-06   -7.0273958e-04
0.0000000e+00   -1.6671898e-03
4.9999999e-06   -2.6325262e-03
7.6999997e-05   -5.5002081e-03
3.7100000e-04   -1.0094402e-02
1.0810000e-03   -1.6165674e-02
2.3530000e-03   -2.3520997e-02
4.1880002e-03   -3.2001346e-02
6.5850001e-03   -4.1518275e-02
9.5760003e-03   -5.2048262e-02
1.3145000e-02   -6.3228279e-02
1.7281000e-02   -7.3990881e-02
2.1983000e-02   -8.4071457e-02
2.7232001e-02   -9.3434311e-02
3.3016000e-02   -1.0214680e-01
3.9328001e-02   -1.1033895e-01
4.6151999e-02   -1.1801390e-01
5.3475998e-02   -1.2511577e-01
6.1287001e-02   -1.3180439e-01
6.9568001e-02   -1.3829890e-01
7.8308001e-02   -1.4466482e-01
8.7494999e-02   -1.5072483e-01
9.7115003e-02   -1.5629502e-01
1.0715700e-01   -1.6143216e-01
1.1760800e-01   -1.6622855e-01
1.2845400e-01   -1.7069742e-01
1.3968299e-01   -1.7477046e-01
1.5128200e-01   -1.7851762e-01
1.6323499e-01   -1.8192856e-01
1.7553200e-01   -1.8504605e-01
1.8815701e-01   -1.8782757e-01
2.0109700e-01   -1.9034478e-01
2.1433701e-01   -1.9252716e-01
2.2786400e-01   -1.9444023e-01
2.4166299e-01   -1.9609995e-01
2.5571901e-01   -1.9757199e-01
2.7001700e-01   -1.9878526e-01
2.8454199e-01   -1.9973221e-01
2.9927999e-01   -2.0039272e-01
3.1421500e-01   -2.0070955e-01
3.2933101e-01   -2.0067300e-01
3.4461299e-01   -2.0029257e-01
3.6004499e-01   -1.9954497e-01
3.7561101e-01   -1.9840342e-01
3.9129600e-01   -1.9686928e-01
4.0708300e-01   -1.9496310e-01
4.2295700e-01   -1.9265443e-01
4.3890101e-01   -1.8996188e-01
4.5489901e-01   -1.8676992e-01
4.7093499e-01   -1.8314706e-01
4.8699200e-01   -1.7902595e-01
5.0305498e-01   -1.7442220e-01
5.1910698e-01   -1.6929901e-01
5.3513199e-01   -1.6366939e-01
5.5111402e-01   -1.5749884e-01
5.6703597e-01   -1.5074180e-01
5.8288401e-01   -1.4353839e-01
5.9864002e-01   -1.3588972e-01
6.1429000e-01   -1.2784061e-01
6.2981701e-01   -1.1941154e-01
6.4520597e-01   -1.1072568e-01
6.6044199e-01   -1.0182118e-01
6.7550898e-01   -9.2774443e-02
6.9039297e-01   -8.3763853e-02
7.0507699e-01   -7.4895054e-02
7.1954900e-01   -6.6296160e-02
7.3379302e-01   -5.8121618e-02
7.4779499e-01   -5.0253019e-02
7.6154202e-01   -4.2915281e-02
7.7501899e-01   -3.6052369e-02
7.8821403e-01   -2.9694188e-02
8.0111301e-01   -2.3848277e-02
8.1370401e-01   -1.8569488e-02
8.2597297e-01   -1.3917973e-02
8.3791000e-01   -9.9196071e-03
8.4950101e-01   -6.5665934e-03
8.6073500e-01   -3.9380235e-03
8.7160099e-01   -1.9790439e-03
8.8208801e-01   -6.2585849e-04
8.9218402e-01   1.5726080e-04
9.0188003e-01   3.8325039e-04
9.1116500e-01   1.4642719e-04
9.2003101e-01   -5.8939162e-04
9.2846799e-01   -1.7414006e-03
9.3646699e-01   -3.2325136e-03
9.4401902e-01   -4.9888291e-03
9.5111603e-01   -6.9257570e-03
9.5775098e-01   -8.9882696e-03
9.6392000e-01   -1.1112456e-02
9.6961600e-01   -1.3220843e-02
9.7483599e-01   -1.5250074e-02
9.7957498e-01   -1.7179584e-02
9.8383099e-01   -1.9027127e-02
9.8759800e-01   -2.0763177e-02
9.9087399e-01   -2.2348922e-02
9.9365300e-01   -2.3757678e-02
9.9593401e-01   -2.4992893e-02
9.9771100e-01   -2.6005188e-02
9.9898201e-01   -2.6745018e-02
9.9974501e-01   -2.7192375e-02
1.0000000e+00   -2.7342802e-02
