1.0000000e+00   4.9409317e-04
9.9974501e-01   1.1207701e-03
9.9898201e-01   1.0035039e-03
9.9771100e-01   1.2669656e-03
9.9593300e-01   1.9807508e-03
9.9365300e-01   2.0898185e-03
9.9087399e-01   2.7062274e-03
9.8759800e-01   3.5224890e-03
9.8382998e-01   4.4989353e-03
9.7957498e-01   5.2284319e-03
9.7483599e-01   6.4626825e-03
9.6961600e-01   7.8092362e-03
9.6392000e-01   8.3360998e-03
9.5775098e-01   1.0366053e-02
9.5111603e-01   1.1527258e-02
9.4401902e-01   1.3243504e-02
9.3646699e-01   1.4215786e-02
9.2846799e-01   1.6851483e-02
9.2003101e-01   1.7847501e-02
9.1116500e-01   2.0090908e-02
9.0187901e-01   2.2327898e-02
8.9218301e-01   2.3991585e-02
8.8208699e-01   2.6146943e-02
8.7160099e-01   2.7661933e-02
8.6073500e-01   3.0176181e-02
8.4950101e-01   3.3388328e-02
8.3791000e-01   3.4735162e-02
8.2597399e-01   3.7757158e-02
8.1370401e-01   4.0038828e-02
8.0111301e-01   4.2747848e-02
7.8821403e-01   4.5034386e-02
7.7501899e-01   4.7269370e-02
7.6154101e-01   5.0047621e-02
7.4779499e-01   5.2820675e-02
7.3379201e-01   5.5565592e-02
7.1954799e-01   5.7440229e-02
7.0507699e-01   6.0109593e-02
6.9039202e-01   6.2584467e-02
6.7550898e-01   6.5031238e-02
6.6044199e-01   6.8112001e-02
6.4520597e-01   7.0388384e-02
6.2981701e-01   7.2703570e-02
6.1429000e-01   7.6031066e-02
5.9864002e-01   7.7830635e-02
5.8288401e-01   7.9563156e-02
5.6703597e-01   8.2571447e-02
5.5111301e-01   8.4068649e-02
5.3513098e-01   8.7008998e-02
5.1910597e-01   8.7659515e-02
5.0305402e-01   9.0451106e-02
4.8699099e-01   9.1990218e-02
4.7093400e-01   9.2846341e-02
4.5489800e-01   9.3930081e-02
4.3889999e-01   9.5593527e-02
4.2295599e-01   9.7453892e-02
4.0708300e-01   9.8381907e-02
3.9129499e-01   1.0027828e-01
3.7560999e-01   1.0069650e-01
3.6004400e-01   1.0175361e-01
3.4461200e-01   1.0158321e-01
3.2933000e-01   1.0250693e-01
3.1421301e-01   1.0337391e-01
2.9927900e-01   1.0270363e-01
2.8454101e-01   1.0390705e-01
2.7001500e-01   1.0373064e-01
2.5571701e-01   1.0388730e-01
2.4166100e-01   1.0298683e-01
2.2786200e-01   1.0164542e-01
2.1433599e-01   1.0177592e-01
2.0109500e-01   1.0091610e-01
1.8815500e-01   9.8847553e-02
1.7553000e-01   9.7266644e-02
1.6323400e-01   9.6646458e-02
1.5128000e-01   9.5495485e-02
1.3968100e-01   9.3008012e-02
1.2845200e-01   9.1234200e-02
1.1760600e-01   8.8837832e-02
1.0715500e-01   8.6445563e-02
9.7112998e-02   8.3171479e-02
8.7493002e-02   8.0867939e-02
7.8305997e-02   7.7816792e-02
6.9565997e-02   7.3753208e-02
6.1285000e-02   7.0340425e-02
5.3474002e-02   6.6870965e-02
4.6149999e-02   6.2627599e-02
3.9326001e-02   5.8664594e-02
3.3013999e-02   5.4577030e-02
2.7230000e-02   5.0014913e-02
2.1980001e-02   4.5370098e-02
1.7277000e-02   4.0315766e-02
1.3141000e-02   3.5093121e-02
9.5729996e-03   3.0249588e-02
6.5830001e-03   2.5086910e-02
4.1880002e-03   1.9551510e-02
2.3540000e-03   1.4717187e-02
1.0810000e-03   9.6124783e-03
3.7100000e-04   5.0697108e-03
7.6999997e-05   2.0305703e-03
4.9999999e-06   -2.0197313e-04
0.0000000e+00   -1.0287992e-03
4.9999999e-06   -1.6274096e-03
7.6999997e-05   -3.5359161e-03
3.7100000e-04   -6.9563976e-03
1.0810000e-03   -1.1351733e-02
2.3530000e-03   -1.5944378e-02
4.1880002e-03   -2.0351583e-02
6.5850001e-03   -2.4703655e-02
9.5760003e-03   -2.9407458e-02
1.3145000e-02   -3.3291899e-02
1.7281000e-02   -3.7300546e-02
2.1983000e-02   -4.1000050e-02
2.7232001e-02   -4.4638656e-02
3.3016000e-02   -4.7581837e-02
3.9328001e-02   -5.0629690e-02
4.6151999e-02   -5.3400490e-02
5.3475998e-02   -5.6797292e-02
6.1287001e-02   -5.9293251e-02
6.9568001e-02   -6.1582305e-02
7.8308001e-02   -6.4195938e-02
8.7494999e-02   -6.6117167e-02
9.7115003e-02   -6.8266951e-02
1.0715700e-01   -6.9656067e-02
1.1760800e-01   -7.2622672e-02
1.2845400e-01   -7.3570140e-02
1.3968299e-01   -7.4325569e-02
1.5128200e-01   -7.6239750e-02
1.6323499e-01   -7.6106809e-02
1.7553200e-01   -7.8546219e-02
1.8815701e-01   -7.8535944e-02
2.0109700e-01   -7.8821324e-02
2.1433701e-01   -8.0076814e-02
2.2786400e-01   -8.0168851e-02
2.4166299e-01   -8.0715120e-02
2.5571901e-01   -8.0872953e-02
2.7001700e-01   -8.1210740e-02
2.8454199e-01   -8.1906937e-02
2.9927999e-01   -8.0690794e-02
3.1421500e-01   -8.1348389e-02
3.2933101e-01   -8.1344448e-02
3.4461299e-01   -8.0629639e-02
3.6004499e-01   -8.1180908e-02
3.7561101e-01   -8.0314286e-02
3.9129600e-01   -7.9449520e-02
4.0708300e-01   -7.8160591e-02
4.2295700e-01   -7.8398660e-02
4.3890101e-01   -7.6522611e-02
4.5489901e-01   -7.5274162e-02
4.7093499e-01   -7.3770635e-02
4.8699200e-01   -7.3351473e-02
5.0305498e-01   -7.1740761e-02
5.1910698e-01   -7.0171326e-02
5.3513199e-01   -6.8802059e-02
5.5111402e-01   -6.6936731e-02
5.6703597e-01   -6.4857207e-02
5.8288401e-01   -6.3412994e-02
5.9864002e-01   -6.1576672e-02
6.1429000e-01   -5.8847144e-02
6.2981701e-01   -5.6636341e-02
6.4520597e-01   -5.4726534e-02
6.6044199e-01   -5.2896913e-02
6.7550898e-01   -5.0552689e-02
6.9039297e-01   -4.9330976e-02
7.0507699e-01   -4.6126291e-02
7.1954900e-01   -4.4542003e-02
7.3379302e-01   -4.1753303e-02
7.4779499e-01   -3.9729748e-02
7.6154202e-01   -3.7518833e-02
7.7501899e-01   -3.4712825e-02
7.8821403e-01   -3.3181857e-02
8.0111301e-01   -3.1172426e-02
8.1370401e-01   -2.8897461e-02
8.2597297e-01   -2.7232276e-02
8.3791000e-01   -2.5322024e-02
8.4950101e-01   -2.2687275e-02
8.6073500e-01   -2.1476455e-02
8.7160099e-01   -1.9483084e-02
8.8208801e-01   -1.7373411e-02
8.9218402e-01   -1.6500570e-02
9.0188003e-01   -1.4660670e-02
9.1116500e-01   -1.4437065e-02
9.2003101e-01   -1.3113046e-02
9.2846799e-01   -1.1479585e-02
9.3646699e-01   -1.0682226e-02
9.4401902e-01   -9.3034748e-03
9.5111603e-01   -8.5904403e-03
9.5775098e-01   -7.8721056e-03
9.6392000e-01   -6.8992465e-03
9.6961600e-01   -6.0275947e-03
9.7483599e-01   -5.1206318e-03
9.7957498e-01   -4.7065839e-03
9.8383099e-01   -3.8932455e-03
9.8759800e-01   -3.6612384e-03
9.9087399e-01   -3.2875307e-03
9.9365300e-01   -2.9788038e-03
9.9593401e-01   -2.5366934e-03
9.9771100e-01   -2.5391842e-03
9.9898201e-01   -2.2523820e-03
9.9974501e-01   -1.8484364e-03
1.0000000e+00   -1.7268410e-03
