1.0000000e+00   4.1679889e-03
9.9974501e-01   4.3794960e-03
9.9898201e-01   5.0036339e-03
9.9771100e-01   5.9841671e-03
9.9593300e-01   7.2693960e-03
9.9365300e-01   8.9294314e-03
9.9087399e-01   1.1029653e-02
9.8759800e-01   1.3512843e-02
9.8382998e-01   1.6356291e-02
9.7957498e-01   1.9567501e-02
9.7483599e-01   2.3123741e-02
9.6961600e-01   2.7010474e-02
9.6392000e-01   3.1253070e-02
9.5775098e-01   3.5870537e-02
9.5111603e-01   4.0859617e-02
9.4401902e-01   4.6192668e-02
9.3646699e-01   5.1854670e-02
9.2846799e-01   5.7842240e-02
9.2003101e-01   6.4147204e-02
9.1116500e-01   7.0754513e-02
9.0187901e-01   7.7672198e-02
8.9218301e-01   8.4890984e-02
8.8208699e-01   9.2385694e-02
8.7160099e-01   1.0012960e-01
8.6073500e-01   1.0808466e-01
8.4950101e-01   1.1621638e-01
8.3791000e-01   1.2454026e-01
8.2597399e-01   1.3304009e-01
8.1370401e-01   1.4165528e-01
8.0111301e-01   1.5037960e-01
7.8821403e-01   1.5919912e-01
7.7501899e-01   1.6809107e-01
7.6154101e-01   1.7701215e-01
7.4779499e-01   1.8591841e-01
7.3379201e-01   1.9477881e-01
7.1954799e-01   2.0355867e-01
7.0507699e-01   2.1223210e-01
6.9039202e-01   2.2079533e-01
6.7550898e-01   2.2920632e-01
6.6044199e-01   2.3742589e-01
6.4520597e-01   2.4542779e-01
6.2981701e-01   2.5315166e-01
6.1429000e-01   2.6052913e-01
5.9864002e-01   2.6756597e-01
5.8288401e-01   2.7423728e-01
5.6703597e-01   2.8050366e-01
5.5111301e-01   2.8633201e-01
5.3513098e-01   2.9170004e-01
5.1910597e-01   2.9658651e-01
5.0305402e-01   3.0094320e-01
4.8699099e-01   3.0475283e-01
4.7093400e-01   3.0803037e-01
4.5489800e-01   3.1077740e-01
4.3889999e-01   3.1298649e-01
4.2295599e-01   3.1465223e-01
4.0708300e-01   3.1576839e-01
3.9129499e-01   3.1635666e-01
3.7560999e-01   3.1641561e-01
3.6004400e-01   3.1594300e-01
3.4461200e-01   3.1496084e-01
3.2933000e-01   3.1347278e-01
3.1421301e-01   3.1148258e-01
2.9927900e-01   3.0902043e-01
2.8454101e-01   3.0612162e-01
2.7001500e-01   3.0276090e-01
2.5571701e-01   2.9890287e-01
2.4166100e-01   2.9455921e-01
2.2786200e-01   2.8975421e-01
2.1433599e-01   2.8443959e-01
2.0109500e-01   2.7862433e-01
1.8815500e-01   2.7233297e-01
1.7553000e-01   2.6558220e-01
1.6323400e-01   2.5835457e-01
1.5128000e-01   2.5063211e-01
1.3968100e-01   2.4244398e-01
1.2845200e-01   2.3384868e-01
1.1760600e-01   2.2483298e-01
1.0715500e-01   2.1538943e-01
9.7112998e-02   2.0556599e-01
8.7493002e-02   1.9537474e-01
7.8305997e-02   1.8479945e-01
6.9565997e-02   1.7381844e-01
6.1285000e-02   1.6240978e-01
5.3474002e-02   1.5057334e-01
4.6149999e-02   1.3838902e-01
3.9326001e-02   1.2600602e-01
3.3013999e-02   1.1362876e-01
2.7230000e-02   1.0151846e-01
2.1980001e-02   8.9766942e-02
1.7277000e-02   7.7955410e-02
1.3141000e-02   6.6037290e-02
9.5729996e-03   5.4303318e-02
6.5830001e-03   4.3075956e-02
4.1880002e-03   3.2575373e-02
2.3540000e-03   2.3085691e-02
1.0810000e-03   1.4906010e-02
3.7100000e-04   8.3244350e-03
7.6999997e-05   3.5242687e-03
4.9999999e-06   6.1085104e-04
0.0000000e+00   -3.6435595e-04
4.9999999e-06   -1.3215785e-03
7.6999997e-05   -4.1688997e-03
3.7100000e-04   -8.7518133e-03
1.0810000e-03   -1.4755894e-02
2.3530000e-03   -2.1727704e-02
4.1880002e-03   -2.9168952e-02
6.5850001e-03   -3.6790647e-02
9.5760003e-03   -4.4758018e-02
1.3145000e-02   -5.3220857e-02
1.7281000e-02   -6.1179437e-02
2.1983000e-02   -6.8361275e-02
2.7232001e-02   -7.4894063e-02
3.3016000e-02   -8.0910318e-02
3.9328001e-02   -8.6565860e-02
4.6151999e-02   -9.1941215e-02
5.3475998e-02   -9.7081318e-02
6.1287001e-02   -1.0201874e-01
6.9568001e-02   -1.0677162e-01
7.8308001e-02   -1.1134274e-01
8.7494999e-02   -1.1568532e-01
9.7115003e-02   -1.1973476e-01
1.0715700e-01   -1.2347757e-01
1.1760800e-01   -1.2694366e-01
1.2845400e-01   -1.3014090e-01
1.3968299e-01   -1.3307209e-01
1.5128200e-01   -1.3577600e-01
1.6323499e-01   -1.3825677e-01
1.7553200e-01   -1.4049488e-01
1.8815701e-01   -1.4247672e-01
2.0109700e-01   -1.4422677e-01
2.1433701e-01   -1.4573370e-01
2.2786400e-01   -1.4695294e-01
2.4166299e-01   -1.4788879e-01
2.5571901e-01   -1.4857185e-01
2.7001700e-01   -1.4900476e-01
2.8454199e-01   -1.4919804e-01
2.9927999e-01   -1.4917590e-01
3.1421500e-01   -1.4896518e-01
3.2933101e-01   -1.4855419e-01
3.4461299e-01   -1.4792193e-01
3.6004499e-01   -1.4704461e-01
3.7561101e-01   -1.4591694e-01
3.9129600e-01   -1.4453323e-01
4.0708300e-01   -1.4285922e-01
4.2295700e-01   -1.4089511e-01
4.3890101e-01   -1.3866207e-01
4.5489901e-01   -1.3618147e-01
4.7093499e-01   -1.3345057e-01
4.8699200e-01   -1.3046791e-01
5.0305498e-01   -1.2724882e-01
5.1910698e-01   -1.2380999e-01
5.3513199e-01   -1.2015798e-01
5.5111402e-01   -1.1628044e-01
5.6703597e-01   -1.1219144e-01
5.8288401e-01   -1.0792399e-01
5.9864002e-01   -1.0350098e-01
6.1429000e-01   -9.8933309e-02
6.2981701e-01   -9.4246566e-02
6.4520597e-01   -8.9454584e-02
6.6044199e-01   -8.4594764e-02
6.7550898e-01   -7.9685465e-02
6.9039297e-01   -7.4772745e-02
7.0507699e-01   -6.9892511e-02
7.1954900e-01   -6.5074436e-02
7.3379302e-01   -6.0339075e-02
7.4779499e-01   -5.5690840e-02
7.6154202e-01   -5.1195122e-02
7.7501899e-01   -4.6883948e-02
7.8821403e-01   -4.2763032e-02
8.0111301e-01   -3.8846023e-02
8.1370401e-01   -3.5129659e-02
8.2597297e-01   -3.1578783e-02
8.3791000e-01   -2.8194861e-02
8.4950101e-01   -2.4983956e-02
8.6073500e-01   -2.1975258e-02
8.7160099e-01   -1.9178512e-02
8.8208801e-01   -1.6597474e-02
8.9218402e-01   -1.4245314e-02
9.0188003e-01   -1.2136150e-02
9.1116500e-01   -1.0264472e-02
9.2003101e-01   -8.6132353e-03
9.2846799e-01   -7.1528233e-03
9.3646699e-01   -5.8696237e-03
9.4401902e-01   -4.7646658e-03
9.5111603e-01   -3.8334595e-03
9.5775098e-01   -3.0573232e-03
9.6392000e-01   -2.3897942e-03
9.6961600e-01   -1.7777551e-03
9.7483599e-01   -1.1969445e-03
9.7957498e-01   -6.8518228e-04
9.8383099e-01   -2.7053058e-04
9.8759800e-01   9.3193725e-05
9.9087399e-01   4.0637419e-04
9.9365300e-01   6.1429100e-04
9.9593401e-01   6.8087119e-04
9.9771100e-01   6.7948818e-04
9.9898201e-01   6.8871852e-04
9.9974501e-01   7.0465624e-04
1.0000000e+00   7.0922996e-04
