1.0000000e+00   3.1944963e-03
9.9974501e-01   3.4416192e-03
9.9898201e-01   4.1706311e-03
9.9771100e-01   5.3139818e-03
9.9593300e-01   6.8029123e-03
9.9365300e-01   8.7191761e-03
9.9087399e-01   1.1139722e-02
9.8759800e-01   1.3998507e-02
9.8382998e-01   1.7264236e-02
9.7957498e-01   2.0950511e-02
9.7483599e-01   2.5042491e-02
9.6961600e-01   2.9523795e-02
9.6392000e-01   3.4411207e-02
9.5775098e-01   3.9715167e-02
9.5111603e-01   4.5418080e-02
9.4401902e-01   5.1473893e-02
9.3646699e-01   5.7858180e-02
9.2846799e-01   6.4565346e-02
9.2003101e-01   7.1581662e-02
9.1116500e-01   7.8882098e-02
9.0187901e-01   8.6482935e-02
8.9218301e-01   9.4380327e-02
8.8208699e-01   1.0253736e-01
8.7160099e-01   1.1092521e-01
8.6073500e-01   1.1951502e-01
8.4950101e-01   1.2828180e-01
8.3791000e-01   1.3723162e-01
8.2597399e-01   1.4633955e-01
8.1370401e-01   1.5555739e-01
8.0111301e-01   1.6487829e-01
7.8821403e-01   1.7427696e-01
7.7501899e-01   1.8373223e-01
7.6154101e-01   1.9319898e-01
7.4779499e-01   2.0261426e-01
7.3379201e-01   2.1195306e-01
7.1954799e-01   2.2118770e-01
7.0507699e-01   2.3028831e-01
6.9039202e-01   2.3925154e-01
6.7550898e-01   2.4803218e-01
6.6044199e-01   2.5659028e-01
6.4520597e-01   2.6489633e-01
6.2981701e-01   2.7289447e-01
6.1429000e-01   2.8052539e-01
5.9864002e-01   2.8779349e-01
5.8288401e-01   2.9466414e-01
5.6703597e-01   3.0108050e-01
5.5111301e-01   3.0701950e-01
5.3513098e-01   3.1246507e-01
5.1910597e-01   3.1738782e-01
5.0305402e-01   3.2173821e-01
4.8699099e-01   3.2551217e-01
4.7093400e-01   3.2873222e-01
4.5489800e-01   3.3140284e-01
4.3889999e-01   3.3349919e-01
4.2295599e-01   3.3501983e-01
4.0708300e-01   3.3597207e-01
3.9129499e-01   3.3635518e-01
3.7560999e-01   3.3615401e-01
3.6004400e-01   3.3536467e-01
3.4461200e-01   3.3400026e-01
3.2933000e-01   3.3207291e-01
3.1421301e-01   3.2959569e-01
2.9927900e-01   3.2661635e-01
2.8454101e-01   3.2318246e-01
2.7001500e-01   3.1924751e-01
2.5571701e-01   3.1475368e-01
2.4166100e-01   3.0972719e-01
2.2786200e-01   3.0418962e-01
2.1433599e-01   2.9807159e-01
2.0109500e-01   2.9139993e-01
1.8815500e-01   2.8421509e-01
1.7553000e-01   2.7651927e-01
1.6323400e-01   2.6830232e-01
1.5128000e-01   2.5954646e-01
1.3968100e-01   2.5029916e-01
1.2845200e-01   2.4062917e-01
1.1760600e-01   2.3054452e-01
1.0715500e-01   2.2007440e-01
9.7112998e-02   2.0926824e-01
8.7493002e-02   1.9811548e-01
7.8305997e-02   1.8659841e-01
6.9565997e-02   1.7473219e-01
6.1285000e-02   1.6251501e-01
5.3474002e-02   1.4998260e-01
4.6149999e-02   1.3724311e-01
3.9326001e-02   1.2444725e-01
3.3013999e-02   1.1177824e-01
2.7230000e-02   9.9494345e-02
2.1980001e-02   8.7696910e-02
1.7277000e-02   7.5930096e-02
1.3141000e-02   6.4128935e-02
9.5729996e-03   5.2615784e-02
6.5830001e-03   4.1693136e-02
4.1880002e-03   3.1556766e-02
2.3540000e-03   2.2402206e-02
1.0810000e-03   1.4456199e-02
3.7100000e-04   7.9915728e-03
7.6999997e-05   3.2302542e-03
4.9999999e-06   3.2088382e-04
0.0000000e+00   -6.5617508e-04
4.9999999e-06   -1.6049555e-03
7.6999997e-05   -4.3990486e-03
3.7100000e-04   -8.8312607e-03
1.0810000e-03   -1.4509084e-02
2.3530000e-03   -2.0877862e-02
4.1880002e-03   -2.7365224e-02
6.5850001e-03   -3.3624388e-02
9.5760003e-03   -3.9906148e-02
1.3145000e-02   -4.6366941e-02
1.7281000e-02   -5.1968120e-02
2.1983000e-02   -5.6534659e-02
2.7232001e-02   -6.0268674e-02
3.3016000e-02   -6.3318424e-02
3.9328001e-02   -6.5859690e-02
4.6151999e-02   -6.7988582e-02
5.3475998e-02   -6.9757707e-02
6.1287001e-02   -7.1205117e-02
6.9568001e-02   -7.2347105e-02
7.8308001e-02   -7.3216379e-02
8.7494999e-02   -7.3780350e-02
9.7115003e-02   -7.3980480e-02
1.0715700e-01   -7.3823489e-02
1.1760800e-01   -7.3334046e-02
1.2845400e-01   -7.2510377e-02
1.3968299e-01   -7.1375981e-02
1.5128200e-01   -6.9967829e-02
1.6323499e-01   -6.8300985e-02
1.7553200e-01   -6.6372022e-02
1.8815701e-01   -6.4185634e-02
2.0109700e-01   -6.1770894e-02
2.1433701e-01   -5.9144989e-02
2.2786400e-01   -5.6280404e-02
2.4166299e-01   -5.3207442e-02
2.5571901e-01   -4.9978003e-02
2.7001700e-01   -4.6616979e-02
2.8454199e-01   -4.3145053e-02
2.9927999e-01   -3.9594147e-02
3.1421500e-01   -3.6007714e-02
3.2933101e-01   -3.2401763e-02
3.4461299e-01   -2.8776370e-02
3.6004499e-01   -2.5132477e-02
3.7561101e-01   -2.1493023e-02
3.9129600e-01   -1.7877275e-02
4.0708300e-01   -1.4292340e-02
4.2295700e-01   -1.0750166e-02
4.3890101e-01   -7.2804224e-03
4.5489901e-01   -3.8969319e-03
4.7093499e-01   -5.9485430e-04
4.8699200e-01   2.6230789e-03
5.0305498e-01   5.7318700e-03
5.1910698e-01   8.7255072e-03
5.3513199e-01   1.1595877e-02
5.5111402e-01   1.4354919e-02
5.6703597e-01   1.6990069e-02
5.8288401e-01   1.9454382e-02
5.9864002e-01   2.1716101e-02
6.1429000e-01   2.3782302e-02
6.2981701e-01   2.5655571e-02
6.4520597e-01   2.7332567e-02
6.6044199e-01   2.8810939e-02
6.7550898e-01   3.0110421e-02
6.9039297e-01   3.1229874e-02
7.0507699e-01   3.2177921e-02
7.1954900e-01   3.2953687e-02
7.3379302e-01   3.3544432e-02
7.4779499e-01   3.3931211e-02
7.6154202e-01   3.4110546e-02
7.7501899e-01   3.4071896e-02
7.8821403e-01   3.3830583e-02
8.0111301e-01   3.3383291e-02
8.1370401e-01   3.2741830e-02
8.2597297e-01   3.1946570e-02
8.3791000e-01   3.1010276e-02
8.4950101e-01   2.9943151e-02
8.6073500e-01   2.8741505e-02
8.7160099e-01   2.7412824e-02
8.8208801e-01   2.5972649e-02
8.9218402e-01   2.4427185e-02
9.0188003e-01   2.2785228e-02
9.1116500e-01   2.1060640e-02
9.2003101e-01   1.9291362e-02
9.2846799e-01   1.7519284e-02
9.3646699e-01   1.5759848e-02
9.4401902e-01   1.4011154e-02
9.5111603e-01   1.2279978e-02
9.5775098e-01   1.0594657e-02
9.6392000e-01   9.0031102e-03
9.6961600e-01   7.5656166e-03
9.7483599e-01   6.3098744e-03
9.7957498e-01   5.1872786e-03
9.8383099e-01   4.1520721e-03
9.8759800e-01   3.2478811e-03
9.9087399e-01   2.4844469e-03
9.9365300e-01   1.8086414e-03
9.9593401e-01   1.1834943e-03
9.9771100e-01   6.6621217e-04
9.9898201e-01   3.1548180e-04
9.9974501e-01   1.1798367e-04
1.0000000e+00   5.1604584e-05
