1.0000000e+00   5.4242316e-04
9.9974501e-01   8.8625832e-04
9.9898201e-01   1.5601816e-03
9.9771100e-01   2.4873901e-03
9.9593300e-01   3.8858901e-03
9.9365300e-01   5.5908137e-03
9.9087399e-01   7.7391514e-03
9.8759800e-01   1.0194075e-02
9.8382998e-01   1.3041141e-02
9.7957498e-01   1.6295699e-02
9.7483599e-01   1.9724006e-02
9.6961600e-01   2.3444412e-02
9.6392000e-01   2.7594149e-02
9.5775098e-01   3.2156836e-02
9.5111603e-01   3.6863685e-02
9.4401902e-01   4.1744631e-02
9.3646699e-01   4.7172897e-02
9.2846799e-01   5.2604925e-02
9.2003101e-01   5.8338970e-02
9.1116500e-01   6.4296551e-02
9.0187901e-01   7.0524618e-02
8.9218301e-01   7.7064037e-02
8.8208699e-01   8.3721496e-02
8.7160099e-01   9.0883426e-02
8.6073500e-01   9.7836152e-02
8.4950101e-01   1.0543941e-01
8.3791000e-01   1.1293691e-01
8.2597399e-01   1.2061009e-01
8.1370401e-01   1.2864029e-01
8.0111301e-01   1.3698514e-01
7.8821403e-01   1.4528456e-01
7.7501899e-01   1.5371169e-01
7.6154101e-01   1.6210714e-01
7.4779499e-01   1.7083861e-01
7.3379201e-01   1.7919654e-01
7.1954799e-01   1.8782847e-01
7.0507699e-01   1.9609283e-01
6.9039202e-01   2.0435007e-01
6.7550898e-01   2.1240094e-01
6.6044199e-01   2.2023414e-01
6.4520597e-01   2.2764184e-01
6.2981701e-01   2.3489013e-01
6.1429000e-01   2.4199426e-01
5.9864002e-01   2.4856366e-01
5.8288401e-01   2.5459325e-01
5.6703597e-01   2.6062202e-01
5.5111301e-01   2.6561332e-01
5.3513098e-01   2.7052402e-01
5.1910597e-01   2.7504936e-01
5.0305402e-01   2.7873835e-01
4.8699099e-01   2.8203571e-01
4.7093400e-01   2.8529200e-01
4.5489800e-01   2.8730968e-01
4.3889999e-01   2.8907257e-01
4.2295599e-01   2.9007694e-01
4.0708300e-01   2.9078722e-01
3.9129499e-01   2.9113626e-01
3.7560999e-01   2.9065451e-01
3.6004400e-01   2.8981522e-01
3.4461200e-01   2.8819042e-01
3.2933000e-01   2.8620529e-01
3.1421301e-01   2.8377661e-01
2.9927900e-01   2.8117016e-01
2.8454101e-01   2.7770185e-01
2.7001500e-01   2.7394608e-01
2.5571701e-01   2.6950702e-01
2.4166100e-01   2.6487690e-01
2.2786200e-01   2.5956738e-01
2.1433599e-01   2.5379995e-01
2.0109500e-01   2.4769919e-01
1.8815500e-01   2.4133824e-01
1.7553000e-01   2.3443344e-01
1.6323400e-01   2.2716670e-01
1.5128000e-01   2.1904044e-01
1.3968100e-01   2.1119301e-01
1.2845200e-01   2.0265532e-01
1.1760600e-01   1.9368035e-01
1.0715500e-01   1.8491128e-01
9.7112998e-02   1.7582172e-01
8.7493002e-02   1.6634677e-01
7.8305997e-02   1.5657130e-01
6.9565997e-02   1.4671952e-01
6.1285000e-02   1.3666739e-01
5.3474002e-02   1.2646863e-01
4.6149999e-02   1.1619469e-01
3.9326001e-02   1.0571703e-01
3.3013999e-02   9.5312394e-02
2.7230000e-02   8.4954560e-02
2.1980001e-02   7.4656509e-02
1.7277000e-02   6.4579800e-02
1.3141000e-02   5.4712746e-02
9.5729996e-03   4.5108918e-02
6.5830001e-03   3.5936590e-02
4.1880002e-03   2.7484464e-02
2.3540000e-03   1.9910414e-02
1.0810000e-03   1.3354820e-02
3.7100000e-04   8.2127620e-03
7.6999997e-05   4.4149486e-03
4.9999999e-06   2.2231508e-03
0.0000000e+00   1.4684611e-03
4.9999999e-06   8.2811230e-04
7.6999997e-05   -1.4641028e-03
3.7100000e-04   -5.0842054e-03
1.0810000e-03   -9.9099139e-03
2.3530000e-03   -1.5549505e-02
4.1880002e-03   -2.1941902e-02
6.5850001e-03   -2.8455529e-02
9.5760003e-03   -3.4935616e-02
1.3145000e-02   -4.1293148e-02
1.7281000e-02   -4.7492370e-02
2.1983000e-02   -5.3573526e-02
2.7232001e-02   -5.9450682e-02
3.3016000e-02   -6.5159068e-02
3.9328001e-02   -7.0722669e-02
4.6151999e-02   -7.5888373e-02
5.3475998e-02   -8.1116445e-02
6.1287001e-02   -8.6066559e-02
6.9568001e-02   -9.0464465e-02
7.8308001e-02   -9.5120534e-02
8.7494999e-02   -9.9178441e-02
9.7115003e-02   -1.0324370e-01
1.0715700e-01   -1.0720359e-01
1.1760800e-01   -1.1078423e-01
1.2845400e-01   -1.1464993e-01
1.3968299e-01   -1.1783536e-01
1.5128200e-01   -1.2113129e-01
1.6323499e-01   -1.2383142e-01
1.7553200e-01   -1.2701161e-01
1.8815701e-01   -1.2976126e-01
2.0109700e-01   -1.3193388e-01
2.1433701e-01   -1.3415939e-01
2.2786400e-01   -1.3635182e-01
2.4166299e-01   -1.3834389e-01
2.5571901e-01   -1.4001720e-01
2.7001700e-01   -1.4131272e-01
2.8454199e-01   -1.4291529e-01
2.9927999e-01   -1.4355431e-01
3.1421500e-01   -1.4442754e-01
3.2933101e-01   -1.4504515e-01
3.4461299e-01   -1.4525752e-01
3.6004499e-01   -1.4497198e-01
3.7561101e-01   -1.4489278e-01
3.9129600e-01   -1.4397074e-01
4.0708300e-01   -1.4330119e-01
4.2295700e-01   -1.4202987e-01
4.3890101e-01   -1.4041671e-01
4.5489901e-01   -1.3846856e-01
4.7093499e-01   -1.3645644e-01
4.8699200e-01   -1.3362546e-01
5.0305498e-01   -1.3077338e-01
5.1910698e-01   -1.2764157e-01
5.3513199e-01   -1.2423096e-01
5.5111402e-01   -1.2027032e-01
5.6703597e-01   -1.1583143e-01
5.8288401e-01   -1.1164641e-01
5.9864002e-01   -1.0705569e-01
6.1429000e-01   -1.0205502e-01
6.2981701e-01   -9.7230785e-02
6.4520597e-01   -9.2066221e-02
6.6044199e-01   -8.6314134e-02
6.7550898e-01   -8.0803216e-02
6.9039297e-01   -7.5609818e-02
7.0507699e-01   -7.0032164e-02
7.1954900e-01   -6.4604223e-02
7.3379302e-01   -5.9063431e-02
7.4779499e-01   -5.3876862e-02
7.6154202e-01   -4.8403628e-02
7.7501899e-01   -4.3437824e-02
7.8821403e-01   -3.8629454e-02
8.0111301e-01   -3.3875998e-02
8.1370401e-01   -2.9479755e-02
8.2597297e-01   -2.5219286e-02
8.3791000e-01   -2.1598119e-02
8.4950101e-01   -1.7923763e-02
8.6073500e-01   -1.4820294e-02
8.7160099e-01   -1.1764713e-02
8.8208801e-01   -9.0755885e-03
8.9218402e-01   -6.5831039e-03
9.0188003e-01   -4.5613255e-03
9.1116500e-01   -2.7023144e-03
9.2003101e-01   -1.1025746e-03
9.2846799e-01   2.6023993e-04
9.3646699e-01   1.1811907e-03
9.4401902e-01   1.8547869e-03
9.5111603e-01   2.2705251e-03
9.5775098e-01   2.5158226e-03
9.6392000e-01   2.3474647e-03
9.6961600e-01   2.1000172e-03
9.7483599e-01   1.7283962e-03
9.7957498e-01   1.3233579e-03
9.8383099e-01   7.0038583e-04
9.8759800e-01   2.3734500e-04
9.9087399e-01   -2.3024995e-04
9.9365300e-01   -6.8115653e-04
9.9593401e-01   -1.1816820e-03
9.9771100e-01   -1.5427921e-03
9.9898201e-01   -1.7742505e-03
9.9974501e-01   -1.9391921e-03
1.0000000e+00   -1.9724015e-03
