1.0000000e+00   3.3379809e-03
9.9974501e-01   4.1014673e-03
9.9898201e-01   4.4043749e-03
9.9771100e-01   4.8203045e-03
9.9593300e-01   5.5122050e-03
9.9365300e-01   6.1608353e-03
9.9087399e-01   7.7253636e-03
9.8759800e-01   8.7668495e-03
9.8382998e-01   1.0539615e-02
9.7957498e-01   1.1666947e-02
9.7483599e-01   1.4350453e-02
9.6961600e-01   1.5888117e-02
9.6392000e-01   1.8162034e-02
9.5775098e-01   2.1403512e-02
9.5111603e-01   2.4000574e-02
9.4401902e-01   2.7528143e-02
9.3646699e-01   3.0839400e-02
9.2846799e-01   3.4008093e-02
9.2003101e-01   3.7239280e-02
9.1116500e-01   4.2015575e-02
9.0187901e-01   4.5821954e-02
8.9218301e-01   4.9255542e-02
8.8208699e-01   5.3241324e-02
8.7160099e-01   5.8135405e-02
8.6073500e-01   6.2700078e-02
8.4950101e-01   6.7099743e-02
8.3791000e-01   7.3070087e-02
8.2597399e-01   7.7492423e-02
8.1370401e-01   8.2404666e-02
8.0111301e-01   8.7546378e-02
7.8821403e-01   9.3030632e-02
7.7501899e-01   9.8299392e-02
7.6154101e-01   1.0315558e-01
7.4779499e-01   1.0903050e-01
7.3379201e-01   1.1444287e-01
7.1954799e-01   1.1975314e-01
7.0507699e-01   1.2528059e-01
6.9039202e-01   1.3108250e-01
6.7550898e-01   1.3646263e-01
6.6044199e-01   1.4120787e-01
6.4520597e-01   1.4811723e-01
6.2981701e-01   1.5189306e-01
6.1429000e-01   1.5730363e-01
5.9864002e-01   1.6263418e-01
5.8288401e-01   1.6664210e-01
5.6703597e-01   1.7107889e-01
5.5111301e-01   1.7542881e-01
5.3513098e-01   1.8042856e-01
5.1910597e-01   1.8412930e-01
5.0305402e-01   1.8630688e-01
4.8699099e-01   1.8981941e-01
4.7093400e-01   1.9333172e-01
4.5489800e-01   1.9640411e-01
4.3889999e-01   1.9732666e-01
4.2295599e-01   2.0075344e-01
4.0708300e-01   2.0267969e-01
3.9129499e-01   2.0274976e-01
3.7560999e-01   2.0428284e-01
3.6004400e-01   2.0447156e-01
3.4461200e-01   2.0588879e-01
3.2933000e-01   2.0391461e-01
3.1421301e-01   2.0451346e-01
2.9927900e-01   2.0285092e-01
2.8454101e-01   2.0195515e-01
2.7001500e-01   2.0247035e-01
2.5571701e-01   2.0075132e-01
2.4166100e-01   1.9833973e-01
2.2786200e-01   1.9621146e-01
2.1433599e-01   1.9362551e-01
2.0109500e-01   1.9055620e-01
1.8815500e-01   1.8778980e-01
1.7553000e-01   1.8355830e-01
1.6323400e-01   1.7967498e-01
1.5128000e-01   1.7549169e-01
1.3968100e-01   1.7191185e-01
1.2845200e-01   1.6704021e-01
1.1760600e-01   1.6250399e-01
1.0715500e-01   1.5610223e-01
9.7112998e-02   1.5048343e-01
8.7493002e-02   1.4489499e-01
7.8305997e-02   1.3794680e-01
6.9565997e-02   1.3064265e-01
6.1285000e-02   1.2392455e-01
5.3474002e-02   1.1676731e-01
4.6149999e-02   1.0918292e-01
3.9326001e-02   1.0191086e-01
3.3013999e-02   9.2740268e-02
2.7230000e-02   8.5033014e-02
2.1980001e-02   7.6490916e-02
1.7277000e-02   6.6952109e-02
1.3141000e-02   5.7393633e-02
9.5729996e-03   4.8419368e-02
6.5830001e-03   3.9408084e-02
4.1880002e-03   2.9773794e-02
2.3540000e-03   2.2048762e-02
1.0810000e-03   1.4707848e-02
3.7100000e-04   8.7559074e-03
7.6999997e-05   3.8303104e-03
4.9999999e-06   1.0619675e-03
0.0000000e+00   -1.9746670e-04
4.9999999e-06   -9.9230895e-04
7.6999997e-05   -3.4296762e-03
3.7100000e-04   -8.5231019e-03
1.0810000e-03   -1.4773509e-02
2.3530000e-03   -2.1619717e-02
4.1880002e-03   -2.9165363e-02
6.5850001e-03   -3.7752140e-02
9.5760003e-03   -4.7113232e-02
1.3145000e-02   -5.4516867e-02
1.7281000e-02   -6.3205436e-02
2.1983000e-02   -7.0433579e-02
2.7232001e-02   -7.8014739e-02
3.3016000e-02   -8.5487336e-02
3.9328001e-02   -9.2851743e-02
4.6151999e-02   -9.9461637e-02
5.3475998e-02   -1.0581178e-01
6.1287001e-02   -1.1317154e-01
6.9568001e-02   -1.1964451e-01
7.8308001e-02   -1.2440416e-01
8.7494999e-02   -1.3036397e-01
9.7115003e-02   -1.3613476e-01
1.0715700e-01   -1.4134428e-01
1.1760800e-01   -1.4621238e-01
1.2845400e-01   -1.5085751e-01
1.3968299e-01   -1.5653135e-01
1.5128200e-01   -1.5971774e-01
1.6323499e-01   -1.6406836e-01
1.7553200e-01   -1.6858299e-01
1.8815701e-01   -1.7155106e-01
2.0109700e-01   -1.7532602e-01
2.1433701e-01   -1.7811897e-01
2.2786400e-01   -1.8088265e-01
2.4166299e-01   -1.8400447e-01
2.5571901e-01   -1.8633690e-01
2.7001700e-01   -1.8723515e-01
2.8454199e-01   -1.8946426e-01
2.9927999e-01   -1.9023143e-01
3.1421500e-01   -1.9233960e-01
3.2933101e-01   -1.9287422e-01
3.4461299e-01   -1.9280310e-01
3.6004499e-01   -1.9296288e-01
3.7561101e-01   -1.9221377e-01
3.9129600e-01   -1.9229376e-01
4.0708300e-01   -1.9051465e-01
4.2295700e-01   -1.9012159e-01
4.3890101e-01   -1.8901752e-01
4.5489901e-01   -1.8695423e-01
4.7093499e-01   -1.8463142e-01
4.8699200e-01   -1.8087752e-01
5.0305498e-01   -1.7843722e-01
5.1910698e-01   -1.7621464e-01
5.3513199e-01   -1.7226188e-01
5.5111402e-01   -1.6941489e-01
5.6703597e-01   -1.6531830e-01
5.8288401e-01   -1.6124491e-01
5.9864002e-01   -1.5750593e-01
6.1429000e-01   -1.5203802e-01
6.2981701e-01   -1.4754243e-01
6.4520597e-01   -1.4387456e-01
6.6044199e-01   -1.3789347e-01
6.7550898e-01   -1.3284117e-01
6.9039297e-01   -1.2816869e-01
7.0507699e-01   -1.2352552e-01
7.1954900e-01   -1.1807150e-01
7.3379302e-01   -1.1217290e-01
7.4779499e-01   -1.0678994e-01
7.6154202e-01   -1.0218605e-01
7.7501899e-01   -9.6662514e-02
7.8821403e-01   -9.1476813e-02
8.0111301e-01   -8.6842224e-02
8.1370401e-01   -8.1875987e-02
8.2597297e-01   -7.7268265e-02
8.3791000e-01   -7.3373988e-02
8.4950101e-01   -6.7168377e-02
8.6073500e-01   -6.3607961e-02
8.7160099e-01   -5.8331966e-02
8.8208801e-01   -5.3819384e-02
8.9218402e-01   -4.9753789e-02
9.0188003e-01   -4.5729339e-02
9.1116500e-01   -4.1773520e-02
9.2003101e-01   -3.7886664e-02
9.2846799e-01   -3.3886395e-02
9.3646699e-01   -3.0867483e-02
9.4401902e-01   -2.6447028e-02
9.5111603e-01   -2.3217047e-02
9.5775098e-01   -2.0571036e-02
9.6392000e-01   -1.7450428e-02
9.6961600e-01   -1.3692405e-02
9.7483599e-01   -1.2011007e-02
9.7957498e-01   -1.0333306e-02
9.8383099e-01   -7.9235267e-03
9.8759800e-01   -6.3790465e-03
9.9087399e-01   -4.9721715e-03
9.9365300e-01   -3.7922659e-03
9.9593401e-01   -2.6649053e-03
9.9771100e-01   -1.0871734e-03
9.9898201e-01   -5.1819015e-04
9.9974501e-01   -1.5439745e-04
1.0000000e+00   -7.9481566e-04
