1.0000000e+00   8.2364009e-04
9.9974501e-01   -9.8268036e-05
9.9898201e-01   1.3825595e-03
9.9771100e-01   2.1379595e-03
9.9593300e-01   2.3608666e-03
9.9365300e-01   4.4546658e-03
9.9087399e-01   5.7285461e-03
9.8759800e-01   6.5815086e-03
9.8382998e-01   9.3371430e-03
9.7957498e-01   1.1796431e-02
9.7483599e-01   1.3551199e-02
9.6961600e-01   1.6198825e-02
9.6392000e-01   1.9931899e-02
9.5775098e-01   2.2418318e-02
9.5111603e-01   2.5853548e-02
9.4401902e-01   2.9288314e-02
9.3646699e-01   3.3691138e-02
9.2846799e-01   3.7314724e-02
9.2003101e-01   4.2672615e-02
9.1116500e-01   4.5821697e-02
9.0187901e-01   5.0836496e-02
8.9218301e-01   5.5731114e-02
8.8208699e-01   6.1116192e-02
8.7160099e-01   6.5415174e-02
8.6073500e-01   7.0827633e-02
8.4950101e-01   7.5155891e-02
8.3791000e-01   7.8964613e-02
8.2597399e-01   8.5625544e-02
8.1370401e-01   8.9428306e-02
8.0111301e-01   9.5183857e-02
7.8821403e-01   1.0105456e-01
7.7501899e-01   1.0525430e-01
7.6154101e-01   1.1054291e-01
7.4779499e-01   1.1362253e-01
7.3379201e-01   1.2058536e-01
7.1954799e-01   1.2368909e-01
7.0507699e-01   1.2774667e-01
6.9039202e-01   1.3148732e-01
6.7550898e-01   1.3507488e-01
6.6044199e-01   1.4094217e-01
6.4520597e-01   1.4240426e-01
6.2981701e-01   1.4739266e-01
6.1429000e-01   1.4953169e-01
5.9864002e-01   1.5225276e-01
5.8288401e-01   1.5624870e-01
5.6703597e-01   1.5716492e-01
5.5111301e-01   1.6059518e-01
5.3513098e-01   1.6149019e-01
5.1910597e-01   1.6236451e-01
5.0305402e-01   1.6767773e-01
4.8699099e-01   1.6474749e-01
4.7093400e-01   1.6819724e-01
4.5489800e-01   1.6696426e-01
4.3889999e-01   1.6917972e-01
4.2295599e-01   1.6857068e-01
4.0708300e-01   1.6774169e-01
3.9129499e-01   1.6888468e-01
3.7560999e-01   1.6836387e-01
3.6004400e-01   1.6794671e-01
3.4461200e-01   1.6599217e-01
3.2933000e-01   1.6584457e-01
3.1421301e-01   1.6226703e-01
2.9927900e-01   1.6214091e-01
2.8454101e-01   1.6190869e-01
2.7001500e-01   1.5945475e-01
2.5571701e-01   1.5713714e-01
2.4166100e-01   1.5596887e-01
2.2786200e-01   1.5374768e-01
2.1433599e-01   1.5097649e-01
2.0109500e-01   1.4905196e-01
1.8815500e-01   1.4588256e-01
1.7553000e-01   1.4277077e-01
1.6323400e-01   1.3951434e-01
1.5128000e-01   1.3551560e-01
1.3968100e-01   1.3172162e-01
1.2845200e-01   1.2730376e-01
1.1760600e-01   1.2221292e-01
1.0715500e-01   1.1901981e-01
9.7112998e-02   1.1420473e-01
8.7493002e-02   1.0976453e-01
7.8305997e-02   1.0552717e-01
6.9565997e-02   1.0195883e-01
6.1285000e-02   9.7294666e-02
5.3474002e-02   9.1886535e-02
4.6149999e-02   8.6676300e-02
3.9326001e-02   8.0239929e-02
3.3013999e-02   7.6010317e-02
2.7230000e-02   6.8958357e-02
2.1980001e-02   6.2862813e-02
1.7277000e-02   5.6865551e-02
1.3141000e-02   4.9674176e-02
9.5729996e-03   4.2610403e-02
6.5830001e-03   3.4915976e-02
4.1880002e-03   2.8304143e-02
2.3540000e-03   1.9796725e-02
1.0810000e-03   1.2964485e-02
3.7100000e-04   7.4934443e-03
7.6999997e-05   3.2233517e-03
4.9999999e-06   5.5409211e-04
0.0000000e+00   -7.2648982e-05
4.9999999e-06   -1.4967227e-03
7.6999997e-05   -4.5593334e-03
3.7100000e-04   -8.3646672e-03
1.0810000e-03   -1.3458851e-02
2.3530000e-03   -2.1571586e-02
4.1880002e-03   -2.9197572e-02
6.5850001e-03   -3.6499590e-02
9.5760003e-03   -4.4162113e-02
1.3145000e-02   -5.3118054e-02
1.7281000e-02   -5.8705427e-02
2.1983000e-02   -6.6624373e-02
2.7232001e-02   -7.2711743e-02
3.3016000e-02   -7.9086401e-02
3.9328001e-02   -8.6168945e-02
4.6151999e-02   -9.1678493e-02
5.3475998e-02   -9.8870933e-02
6.1287001e-02   -1.0451568e-01
6.9568001e-02   -1.1010414e-01
7.8308001e-02   -1.1672413e-01
8.7494999e-02   -1.2028185e-01
9.7115003e-02   -1.2697394e-01
1.0715700e-01   -1.3175684e-01
1.1760800e-01   -1.3656080e-01
1.2845400e-01   -1.4061671e-01
1.3968299e-01   -1.4321356e-01
1.5128200e-01   -1.4947911e-01
1.6323499e-01   -1.5187496e-01
1.7553200e-01   -1.5533952e-01
1.8815701e-01   -1.5927868e-01
2.0109700e-01   -1.6102464e-01
2.1433701e-01   -1.6504695e-01
2.2786400e-01   -1.6772364e-01
2.4166299e-01   -1.6943282e-01
2.5571901e-01   -1.7289983e-01
2.7001700e-01   -1.7416950e-01
2.8454199e-01   -1.7499460e-01
2.9927999e-01   -1.7705929e-01
3.1421500e-01   -1.7887665e-01
3.2933101e-01   -1.7997397e-01
3.4461299e-01   -1.8225400e-01
3.6004499e-01   -1.8300678e-01
3.7561101e-01   -1.8195343e-01
3.9129600e-01   -1.8000522e-01
4.0708300e-01   -1.8167351e-01
4.2295700e-01   -1.8117706e-01
4.3890101e-01   -1.7885610e-01
4.5489901e-01   -1.7738822e-01
4.7093499e-01   -1.7782122e-01
4.8699200e-01   -1.7513755e-01
5.0305498e-01   -1.7494072e-01
5.1910698e-01   -1.7190161e-01
5.3513199e-01   -1.7075321e-01
5.5111402e-01   -1.6601096e-01
5.6703597e-01   -1.6423365e-01
5.8288401e-01   -1.6132946e-01
5.9864002e-01   -1.5861596e-01
6.1429000e-01   -1.5475623e-01
6.2981701e-01   -1.5259166e-01
6.4520597e-01   -1.4692846e-01
6.6044199e-01   -1.4376585e-01
6.7550898e-01   -1.4020021e-01
6.9039297e-01   -1.3463335e-01
7.0507699e-01   -1.3154213e-01
7.1954900e-01   -1.2542133e-01
7.3379302e-01   -1.2194464e-01
7.4779499e-01   -1.1582459e-01
7.6154202e-01   -1.1133326e-01
7.7501899e-01   -1.0642287e-01
7.8821403e-01   -1.0079885e-01
8.0111301e-01   -9.5433556e-02
8.1370401e-01   -9.0473004e-02
8.2597297e-01   -8.5891582e-02
8.3791000e-01   -7.8821748e-02
8.4950101e-01   -7.6575369e-02
8.6073500e-01   -6.8982810e-02
8.7160099e-01   -6.4808123e-02
8.8208801e-01   -6.0126610e-02
8.9218402e-01   -5.5747513e-02
9.0188003e-01   -5.1709905e-02
9.1116500e-01   -4.6602003e-02
9.2003101e-01   -4.2957786e-02
9.2846799e-01   -3.8654108e-02
9.3646699e-01   -3.3788294e-02
9.4401902e-01   -3.1613518e-02
9.5111603e-01   -2.7222212e-02
9.5775098e-01   -2.4528047e-02
9.6392000e-01   -2.1686237e-02
9.6961600e-01   -1.9908240e-02
9.7483599e-01   -1.6990183e-02
9.7957498e-01   -1.3804867e-02
9.8383099e-01   -1.2232875e-02
9.8759800e-01   -1.0050306e-02
9.9087399e-01   -8.4420517e-03
9.9365300e-01   -7.3447637e-03
9.9593401e-01   -6.6705663e-03
9.9771100e-01   -6.1897989e-03
9.9898201e-01   -5.4471907e-03
9.9974501e-01   -5.0533153e-03
1.0000000e+00   -4.7827810e-03
