1.0000000e+00   -5.2524725e-04
9.9974501e-01   -2.8358120e-04
9.9898201e-01   1.7741078e-04
9.9771100e-01   1.0307136e-03
9.9593300e-01   2.2684925e-03
9.9365300e-01   3.3618349e-03
9.9087399e-01   5.1676668e-03
9.8759800e-01   7.6737348e-03
9.8382998e-01   1.0131529e-02
9.7957498e-01   1.2612524e-02
9.7483599e-01   1.5373952e-02
9.6961600e-01   1.8789057e-02
9.6392000e-01   2.2269348e-02
9.5775098e-01   2.6045917e-02
9.5111603e-01   3.0081190e-02
9.4401902e-01   3.4570143e-02
9.3646699e-01   3.8501274e-02
9.2846799e-01   4.2794969e-02
9.2003101e-01   4.7509506e-02
9.1116500e-01   5.2284889e-02
9.0187901e-01   5.7204355e-02
8.9218301e-01   6.1657514e-02
8.8208699e-01   6.6727176e-02
8.7160099e-01   7.1781337e-02
8.6073500e-01   7.7016108e-02
8.4950101e-01   8.1500433e-02
8.3791000e-01   8.6867735e-02
8.2597399e-01   9.1880806e-02
8.1370401e-01   9.6901909e-02
8.0111301e-01   1.0190181e-01
7.8821403e-01   1.0671648e-01
7.7501899e-01   1.1166159e-01
7.6154101e-01   1.1623996e-01
7.4779499e-01   1.2141777e-01
7.3379201e-01   1.2581730e-01
7.1954799e-01   1.3014686e-01
7.0507699e-01   1.3412713e-01
6.9039202e-01   1.3787016e-01
6.7550898e-01   1.4179245e-01
6.6044199e-01   1.4506730e-01
6.4520597e-01   1.4859691e-01
6.2981701e-01   1.5103300e-01
6.1429000e-01   1.5425076e-01
5.9864002e-01   1.5679055e-01
5.8288401e-01   1.5915769e-01
5.6703597e-01   1.6154562e-01
5.5111301e-01   1.6328281e-01
5.3513098e-01   1.6507229e-01
5.1910597e-01   1.6651003e-01
5.0305402e-01   1.6782188e-01
4.8699099e-01   1.6884799e-01
4.7093400e-01   1.6927226e-01
4.5489800e-01   1.7018779e-01
4.3889999e-01   1.7079233e-01
4.2295599e-01   1.7056863e-01
4.0708300e-01   1.7082845e-01
3.9129499e-01   1.7082389e-01
3.7560999e-01   1.7014819e-01
3.6004400e-01   1.6972925e-01
3.4461200e-01   1.6892594e-01
3.2933000e-01   1.6799784e-01
3.1421301e-01   1.6657716e-01
2.9927900e-01   1.6529985e-01
2.8454101e-01   1.6414936e-01
2.7001500e-01   1.6285634e-01
2.5571701e-01   1.6068602e-01
2.4166100e-01   1.5873110e-01
2.2786200e-01   1.5671258e-01
2.1433599e-01   1.5447007e-01
2.0109500e-01   1.5261258e-01
1.8815500e-01   1.4942482e-01
1.7553000e-01   1.4660256e-01
1.6323400e-01   1.4346506e-01
1.5128000e-01   1.4037438e-01
1.3968100e-01   1.3723974e-01
1.2845200e-01   1.3368838e-01
1.1760600e-01   1.2953919e-01
1.0715500e-01   1.2533656e-01
9.7112998e-02   1.2072182e-01
8.7493002e-02   1.1657394e-01
7.8305997e-02   1.1164449e-01
6.9565997e-02   1.0701756e-01
6.1285000e-02   1.0155486e-01
5.3474002e-02   9.6283004e-02
4.6149999e-02   9.0430617e-02
3.9326001e-02   8.4415123e-02
3.3013999e-02   7.7727161e-02
2.7230000e-02   7.0918426e-02
2.1980001e-02   6.3723885e-02
1.7277000e-02   5.6210957e-02
1.3141000e-02   4.8014760e-02
9.5729996e-03   3.9748341e-02
6.5830001e-03   3.1699136e-02
4.1880002e-03   2.3711052e-02
2.3540000e-03   1.6462997e-02
1.0810000e-03   1.0058683e-02
3.7100000e-04   5.0509623e-03
7.6999997e-05   1.6418539e-03
4.9999999e-06   -7.8751711e-04
0.0000000e+00   -1.5862964e-03
4.9999999e-06   -2.4117446e-03
7.6999997e-05   -4.5381463e-03
3.7100000e-04   -8.2169091e-03
1.0810000e-03   -1.3310214e-02
2.3530000e-03   -1.9788014e-02
4.1880002e-03   -2.7182996e-02
6.5850001e-03   -3.5197977e-02
9.5760003e-03   -4.3227784e-02
1.3145000e-02   -5.0876323e-02
1.7281000e-02   -5.8422010e-02
2.1983000e-02   -6.4894080e-02
2.7232001e-02   -7.1670786e-02
3.3016000e-02   -7.7759355e-02
3.9328001e-02   -8.3272181e-02
4.6151999e-02   -8.9128718e-02
5.3475998e-02   -9.4252288e-02
6.1287001e-02   -9.9241011e-02
6.9568001e-02   -1.0370835e-01
7.8308001e-02   -1.0897812e-01
8.7494999e-02   -1.1353140e-01
9.7115003e-02   -1.1793519e-01
1.0715700e-01   -1.2181048e-01
1.1760800e-01   -1.2638628e-01
1.2845400e-01   -1.2956676e-01
1.3968299e-01   -1.3290367e-01
1.5128200e-01   -1.3643368e-01
1.6323499e-01   -1.3899872e-01
1.7553200e-01   -1.4190330e-01
1.8815701e-01   -1.4435293e-01
2.0109700e-01   -1.4710990e-01
2.1433701e-01   -1.4913616e-01
2.2786400e-01   -1.5139768e-01
2.4166299e-01   -1.5315449e-01
2.5571901e-01   -1.5467364e-01
2.7001700e-01   -1.5641327e-01
2.8454199e-01   -1.5703365e-01
2.9927999e-01   -1.5824945e-01
3.1421500e-01   -1.5920481e-01
3.2933101e-01   -1.5935794e-01
3.4461299e-01   -1.5937865e-01
3.6004499e-01   -1.5976183e-01
3.7561101e-01   -1.5926185e-01
3.9129600e-01   -1.5844493e-01
4.0708300e-01   -1.5765630e-01
4.2295700e-01   -1.5636639e-01
4.3890101e-01   -1.5393572e-01
4.5489901e-01   -1.5199198e-01
4.7093499e-01   -1.4865962e-01
4.8699200e-01   -1.4647083e-01
5.0305498e-01   -1.4261666e-01
5.1910698e-01   -1.3835002e-01
5.3513199e-01   -1.3413927e-01
5.5111402e-01   -1.2944093e-01
5.6703597e-01   -1.2422037e-01
5.8288401e-01   -1.1885082e-01
5.9864002e-01   -1.1248814e-01
6.1429000e-01   -1.0645667e-01
6.2981701e-01   -9.9467024e-02
6.4520597e-01   -9.2683710e-02
6.6044199e-01   -8.5446633e-02
6.7550898e-01   -7.8483634e-02
6.9039297e-01   -7.1221158e-02
7.0507699e-01   -6.3778050e-02
7.1954900e-01   -5.7129525e-02
7.3379302e-01   -5.0047912e-02
7.4779499e-01   -4.4005431e-02
7.6154202e-01   -3.7584428e-02
7.7501899e-01   -3.1786159e-02
7.8821403e-01   -2.6591886e-02
8.0111301e-01   -2.0833755e-02
8.1370401e-01   -1.5891757e-02
8.2597297e-01   -1.2341044e-02
8.3791000e-01   -8.4217601e-03
8.4950101e-01   -4.6229069e-03
8.6073500e-01   -2.0209989e-03
8.7160099e-01   9.4123901e-04
8.8208801e-01   3.1334553e-03
8.9218402e-01   4.2733252e-03
9.0188003e-01   5.5344547e-03
9.1116500e-01   6.2856395e-03
9.2003101e-01   6.6402191e-03
9.2846799e-01   6.2955259e-03
9.3646699e-01   5.9422078e-03
9.4401902e-01   5.5918139e-03
9.5111603e-01   4.7385516e-03
9.5775098e-01   3.5363166e-03
9.6392000e-01   2.6515692e-03
9.6961600e-01   1.2746945e-03
9.7483599e-01   -4.2230822e-05
9.7957498e-01   -1.4787576e-03
9.8383099e-01   -2.9986391e-03
9.8759800e-01   -4.6253549e-03
9.9087399e-01   -5.6565329e-03
9.9365300e-01   -6.6568316e-03
9.9593401e-01   -7.6369378e-03
9.9771100e-01   -8.3553297e-03
9.9898201e-01   -8.7070633e-03
9.9974501e-01   -9.2524057e-03
1.0000000e+00   -9.2581389e-03
