1.0000000e+00   2.0663554e-05
9.9974501e-01   4.3847816e-04
9.9898201e-01   1.6127338e-03
9.9771100e-01   3.3998464e-03
9.9593300e-01   5.2851778e-03
9.9365300e-01   7.6308721e-03
9.9087399e-01   1.0374853e-02
9.8759800e-01   1.3330301e-02
9.8382998e-01   1.6739458e-02
9.7957498e-01   2.0543691e-02
9.7483599e-01   2.4922451e-02
9.6961600e-01   2.9333198e-02
9.6392000e-01   3.4075942e-02
9.5775098e-01   3.9083518e-02
9.5111603e-01   4.4423871e-02
9.4401902e-01   5.0017584e-02
9.3646699e-01   5.5805273e-02
9.2846799e-01   6.1890442e-02
9.2003101e-01   6.8203360e-02
9.1116500e-01   7.4777327e-02
9.0187901e-01   8.1755273e-02
8.9218301e-01   8.8653199e-02
8.8208699e-01   9.5835619e-02
8.7160099e-01   1.0336282e-01
8.6073500e-01   1.1114737e-01
8.4950101e-01   1.1897461e-01
8.3791000e-01   1.2724721e-01
8.2597399e-01   1.3554616e-01
8.1370401e-01   1.4400433e-01
8.0111301e-01   1.5244444e-01
7.8821403e-01   1.6087103e-01
7.7501899e-01   1.6938704e-01
7.6154101e-01   1.7768987e-01
7.4779499e-01   1.8616137e-01
7.3379201e-01   1.9446306e-01
7.1954799e-01   2.0295313e-01
7.0507699e-01   2.1121284e-01
6.9039202e-01   2.1936971e-01
6.7550898e-01   2.2767225e-01
6.6044199e-01   2.3589730e-01
6.4520597e-01   2.4396688e-01
6.2981701e-01   2.5177231e-01
6.1429000e-01   2.5935698e-01
5.9864002e-01   2.6664960e-01
5.8288401e-01   2.7387986e-01
5.6703597e-01   2.8033975e-01
5.5111301e-01   2.8659934e-01
5.3513098e-01   2.9247445e-01
5.1910597e-01   2.9828358e-01
5.0305402e-01   3.0341324e-01
4.8699099e-01   3.0848855e-01
4.7093400e-01   3.1287256e-01
4.5489800e-01   3.1677759e-01
4.3889999e-01   3.2040924e-01
4.2295599e-01   3.2316953e-01
4.0708300e-01   3.2573432e-01
3.9129499e-01   3.2743841e-01
3.7560999e-01   3.2878631e-01
3.6004400e-01   3.2959270e-01
3.4461200e-01   3.3007208e-01
3.2933000e-01   3.2989326e-01
3.1421301e-01   3.2890922e-01
2.9927900e-01   3.2737315e-01
2.8454101e-01   3.2538605e-01
2.7001500e-01   3.2284701e-01
2.5571701e-01   3.1971043e-01
2.4166100e-01   3.1579342e-01
2.2786200e-01   3.1151593e-01
2.1433599e-01   3.0642480e-01
2.0109500e-01   3.0043581e-01
1.8815500e-01   2.9360965e-01
1.7553000e-01   2.8622356e-01
1.6323400e-01   2.7831703e-01
1.5128000e-01   2.6972309e-01
1.3968100e-01   2.6068959e-01
1.2845200e-01   2.5117099e-01
1.1760600e-01   2.4092098e-01
1.0715500e-01   2.2996955e-01
9.7112998e-02   2.1899275e-01
8.7493002e-02   2.0735882e-01
7.8305997e-02   1.9515510e-01
6.9565997e-02   1.8270697e-01
6.1285000e-02   1.7011164e-01
5.3474002e-02   1.5703078e-01
4.6149999e-02   1.4401403e-01
3.9326001e-02   1.3087867e-01
3.3013999e-02   1.1769623e-01
2.7230000e-02   1.0467926e-01
2.1980001e-02   9.1834545e-02
1.7277000e-02   7.9316095e-02
1.3141000e-02   6.6793025e-02
9.5729996e-03   5.4719035e-02
6.5830001e-03   4.3221392e-02
4.1880002e-03   3.2716382e-02
2.3540000e-03   2.3183296e-02
1.0810000e-03   1.5206377e-02
3.7100000e-04   8.6507536e-03
7.6999997e-05   3.9319843e-03
4.9999999e-06   9.7554881e-04
0.0000000e+00   1.6845523e-05
4.9999999e-06   -8.9197967e-04
7.6999997e-05   -3.7536130e-03
3.7100000e-04   -7.9058269e-03
1.0810000e-03   -1.3326488e-02
2.3530000e-03   -1.9175595e-02
4.1880002e-03   -2.5036210e-02
6.5850001e-03   -2.9906077e-02
9.5760003e-03   -3.3556137e-02
1.3145000e-02   -3.5851642e-02
1.7281000e-02   -3.6750577e-02
2.1983000e-02   -3.6711197e-02
2.7232001e-02   -3.6424387e-02
3.3016000e-02   -3.5541557e-02
3.9328001e-02   -3.4196243e-02
4.6151999e-02   -3.2550678e-02
5.3475998e-02   -3.0550905e-02
6.1287001e-02   -2.8157638e-02
6.9568001e-02   -2.5497500e-02
7.8308001e-02   -2.2711789e-02
8.7494999e-02   -1.9580703e-02
9.7115003e-02   -1.6337402e-02
1.0715700e-01   -1.3241948e-02
1.1760800e-01   -9.9835433e-03
1.2845400e-01   -6.8651251e-03
1.3968299e-01   -3.6990326e-03
1.5128200e-01   -2.0490587e-04
1.6323499e-01   3.2301657e-03
1.7553200e-01   6.5424256e-03
1.8815701e-01   9.7833136e-03
2.0109700e-01   1.2787487e-02
2.1433701e-01   1.6004886e-02
2.2786400e-01   1.8655259e-02
2.4166299e-01   2.1243148e-02
2.5571901e-01   2.3888879e-02
2.7001700e-01   2.6076648e-02
2.8454199e-01   2.8621834e-02
2.9927999e-01   3.0928364e-02
3.1421500e-01   3.2977257e-02
3.2933101e-01   3.4838714e-02
3.4461299e-01   3.6605760e-02
3.6004499e-01   3.8251624e-02
3.7561101e-01   3.9787885e-02
3.9129600e-01   4.0995609e-02
4.0708300e-01   4.1956395e-02
4.2295700e-01   4.2759020e-02
4.3890101e-01   4.3007217e-02
4.5489901e-01   4.3372933e-02
4.7093499e-01   4.3596510e-02
4.8699200e-01   4.3519765e-02
5.0305498e-01   4.3414235e-02
5.1910698e-01   4.3098394e-02
5.3513199e-01   4.2287864e-02
5.5111402e-01   4.1974522e-02
5.6703597e-01   4.1246761e-02
5.8288401e-01   4.0977973e-02
5.9864002e-01   4.0128235e-02
6.1429000e-01   3.9414801e-02
6.2981701e-01   3.8378283e-02
6.4520597e-01   3.7703000e-02
6.6044199e-01   3.6380485e-02
6.7550898e-01   3.5475854e-02
6.9039297e-01   3.4268744e-02
7.0507699e-01   3.3273611e-02
7.1954900e-01   3.1924244e-02
7.3379302e-01   3.0726183e-02
7.4779499e-01   2.9464342e-02
7.6154202e-01   2.7991144e-02
7.7501899e-01   2.6366837e-02
7.8821403e-01   2.4613151e-02
8.0111301e-01   2.3222513e-02
8.1370401e-01   2.1827716e-02
8.2597297e-01   2.0149931e-02
8.3791000e-01   1.8850867e-02
8.4950101e-01   1.7384393e-02
8.6073500e-01   1.5914362e-02
8.7160099e-01   1.4226845e-02
8.8208801e-01   1.2907080e-02
8.9218402e-01   1.1663765e-02
9.0188003e-01   1.0167556e-02
9.1116500e-01   8.8823708e-03
9.2003101e-01   7.6755853e-03
9.2846799e-01   6.5507335e-03
9.3646699e-01   5.7397499e-03
9.4401902e-01   4.7820676e-03
9.5111603e-01   3.9411876e-03
9.5775098e-01   3.2285610e-03
9.6392000e-01   2.6588778e-03
9.6961600e-01   1.9638527e-03
9.7483599e-01   1.4462065e-03
9.7957498e-01   9.3439728e-04
9.8383099e-01   5.0993817e-04
9.8759800e-01   3.0204211e-04
9.9087399e-01   2.2403605e-04
9.9365300e-01   1.3868441e-04
9.9593401e-01   1.4641380e-05
9.9771100e-01   5.2439398e-05
9.9898201e-01   9.2733841e-05
9.9974501e-01   -3.9618491e-05
1.0000000e+00   2.6053123e-05
