1.0000000e+00   3.6930968e-03
9.9974501e-01   3.6663839e-03
9.9898201e-01   3.7459254e-03
9.9771100e-01   4.9215732e-03
9.9593300e-01   5.7901097e-03
9.9365300e-01   7.2277477e-03
9.9087399e-01   8.4800543e-03
9.8759800e-01   1.0016583e-02
9.8382998e-01   1.2515334e-02
9.7957498e-01   1.4890886e-02
9.7483599e-01   1.7501760e-02
9.6961600e-01   2.0455815e-02
9.6392000e-01   2.3886856e-02
9.5775098e-01   2.8091552e-02
9.5111603e-01   3.2536857e-02
9.4401902e-01   3.6667220e-02
9.3646699e-01   4.1460440e-02
9.2846799e-01   4.6414975e-02
9.2003101e-01   5.2098755e-02
9.1116500e-01   5.7384070e-02
9.0187901e-01   6.2452968e-02
8.9218301e-01   6.8907574e-02
8.8208699e-01   7.5243533e-02
8.7160099e-01   8.2035027e-02
8.6073500e-01   8.9186884e-02
8.4950101e-01   9.5144406e-02
8.3791000e-01   1.0259795e-01
8.2597399e-01   1.0978445e-01
8.1370401e-01   1.1734320e-01
8.0111301e-01   1.2458468e-01
7.8821403e-01   1.3251333e-01
7.7501899e-01   1.4005949e-01
7.6154101e-01   1.4789411e-01
7.4779499e-01   1.5620866e-01
7.3379201e-01   1.6292801e-01
7.1954799e-01   1.7102109e-01
7.0507699e-01   1.7888655e-01
6.9039202e-01   1.8642208e-01
6.7550898e-01   1.9400859e-01
6.6044199e-01   2.0191233e-01
6.4520597e-01   2.0833537e-01
6.2981701e-01   2.1638602e-01
6.1429000e-01   2.2272517e-01
5.9864002e-01   2.2899953e-01
5.8288401e-01   2.3617403e-01
5.6703597e-01   2.4262099e-01
5.5111301e-01   2.4865679e-01
5.3513098e-01   2.5365037e-01
5.1910597e-01   2.5906634e-01
5.0305402e-01   2.6311040e-01
4.8699099e-01   2.6778984e-01
4.7093400e-01   2.7222180e-01
4.5489800e-01   2.7541611e-01
4.3889999e-01   2.7891329e-01
4.2295599e-01   2.8079143e-01
4.0708300e-01   2.8284642e-01
3.9129499e-01   2.8446698e-01
3.7560999e-01   2.8552058e-01
3.6004400e-01   2.8552020e-01
3.4461200e-01   2.8556487e-01
3.2933000e-01   2.8485751e-01
3.1421301e-01   2.8514400e-01
2.9927900e-01   2.8267029e-01
2.8454101e-01   2.8063512e-01
2.7001500e-01   2.7753678e-01
2.5571701e-01   2.7521190e-01
2.4166100e-01   2.7112189e-01
2.2786200e-01   2.6809534e-01
2.1433599e-01   2.6357266e-01
2.0109500e-01   2.5813958e-01
1.8815500e-01   2.5317875e-01
1.7553000e-01   2.4708140e-01
1.6323400e-01   2.4120118e-01
1.5128000e-01   2.3409037e-01
1.3968100e-01   2.2705287e-01
1.2845200e-01   2.1871595e-01
1.1760600e-01   2.1092355e-01
1.0715500e-01   2.0324717e-01
9.7112998e-02   1.9415002e-01
8.7493002e-02   1.8432623e-01
7.8305997e-02   1.7548989e-01
6.9565997e-02   1.6503927e-01
6.1285000e-02   1.5500255e-01
5.3474002e-02   1.4446822e-01
4.6149999e-02   1.3367704e-01
3.9326001e-02   1.2237505e-01
3.3013999e-02   1.1190479e-01
2.7230000e-02   1.0001729e-01
2.1980001e-02   8.8335432e-02
1.7277000e-02   7.6619811e-02
1.3141000e-02   6.5142564e-02
9.5729996e-03   5.3821050e-02
6.5830001e-03   4.2763457e-02
4.1880002e-03   3.2694016e-02
2.3540000e-03   2.3144444e-02
1.0810000e-03   1.5168571e-02
3.7100000e-04   8.7607829e-03
7.6999997e-05   4.2014890e-03
4.9999999e-06   1.1025276e-03
0.0000000e+00   5.2650616e-04
4.9999999e-06   -5.0350738e-04
7.6999997e-05   -3.5498021e-03
3.7100000e-04   -7.9642432e-03
1.0810000e-03   -1.4469649e-02
2.3530000e-03   -2.1077171e-02
4.1880002e-03   -2.8995434e-02
6.5850001e-03   -3.7012525e-02
9.5760003e-03   -4.4001132e-02
1.3145000e-02   -5.1664438e-02
1.7281000e-02   -5.8508605e-02
2.1983000e-02   -6.5737434e-02
2.7232001e-02   -7.1743928e-02
3.3016000e-02   -7.7916689e-02
3.9328001e-02   -8.4012568e-02
4.6151999e-02   -8.9474618e-02
5.3475998e-02   -9.5364802e-02
6.1287001e-02   -9.9910870e-02
6.9568001e-02   -1.0471575e-01
7.8308001e-02   -1.0998874e-01
8.7494999e-02   -1.1380255e-01
9.7115003e-02   -1.1868339e-01
1.0715700e-01   -1.2287113e-01
1.1760800e-01   -1.2702134e-01
1.2845400e-01   -1.3062388e-01
1.3968299e-01   -1.3358986e-01
1.5128200e-01   -1.3651761e-01
1.6323499e-01   -1.4000162e-01
1.7553200e-01   -1.4221485e-01
1.8815701e-01   -1.4523150e-01
2.0109700e-01   -1.4777571e-01
2.1433701e-01   -1.5022174e-01
2.2786400e-01   -1.5260935e-01
2.4166299e-01   -1.5381651e-01
2.5571901e-01   -1.5505622e-01
2.7001700e-01   -1.5665220e-01
2.8454199e-01   -1.5669635e-01
2.9927999e-01   -1.5823931e-01
3.1421500e-01   -1.5761696e-01
3.2933101e-01   -1.5860926e-01
3.4461299e-01   -1.5736233e-01
3.6004499e-01   -1.5693314e-01
3.7561101e-01   -1.5619253e-01
3.9129600e-01   -1.5514050e-01
4.0708300e-01   -1.5331723e-01
4.2295700e-01   -1.5139647e-01
4.3890101e-01   -1.4837618e-01
4.5489901e-01   -1.4610930e-01
4.7093499e-01   -1.4307874e-01
4.8699200e-01   -1.4088142e-01
5.0305498e-01   -1.3702172e-01
5.1910698e-01   -1.3313067e-01
5.3513199e-01   -1.2938887e-01
5.5111402e-01   -1.2486038e-01
5.6703597e-01   -1.2003574e-01
5.8288401e-01   -1.1546617e-01
5.9864002e-01   -1.1050624e-01
6.1429000e-01   -1.0619910e-01
6.2981701e-01   -1.0111229e-01
6.4520597e-01   -9.6104369e-02
6.6044199e-01   -9.1139875e-02
6.7550898e-01   -8.6149551e-02
6.9039297e-01   -8.0490060e-02
7.0507699e-01   -7.5216919e-02
7.1954900e-01   -7.0457324e-02
7.3379302e-01   -6.6382125e-02
7.4779499e-01   -6.1991174e-02
7.6154202e-01   -5.7240982e-02
7.7501899e-01   -5.3141311e-02
7.8821403e-01   -4.9096145e-02
8.0111301e-01   -4.4896558e-02
8.1370401e-01   -4.1190218e-02
8.2597297e-01   -3.7595604e-02
8.3791000e-01   -3.4882512e-02
8.4950101e-01   -3.1271890e-02
8.6073500e-01   -2.8772334e-02
8.7160099e-01   -2.5751505e-02
8.8208801e-01   -2.3246972e-02
8.9218402e-01   -2.1114813e-02
9.0188003e-01   -1.8392351e-02
9.1116500e-01   -1.6837848e-02
9.2003101e-01   -1.4380446e-02
9.2846799e-01   -1.2813983e-02
9.3646699e-01   -1.1502302e-02
9.4401902e-01   -1.0032577e-02
9.5111603e-01   -8.8372324e-03
9.5775098e-01   -8.3938194e-03
9.6392000e-01   -6.9558951e-03
9.6961600e-01   -6.9016805e-03
9.7483599e-01   -6.1493833e-03
9.7957498e-01   -5.9188576e-03
9.8383099e-01   -5.2346834e-03
9.8759800e-01   -5.4353313e-03
9.9087399e-01   -4.7120326e-03
9.9365300e-01   -4.6588108e-03
9.9593401e-01   -4.7562434e-03
9.9771100e-01   -4.7524157e-03
9.9898201e-01   -4.8220898e-03
9.9974501e-01   -4.7904286e-03
1.0000000e+00   -4.7252346e-03
