1.0000000e+00   1.0174719e-03
9.9974501e-01   9.6835854e-04
9.9898201e-01   1.2708469e-03
9.9771100e-01   1.8108379e-03
9.9593300e-01   2.3258263e-03
9.9365300e-01   3.0058722e-03
9.9087399e-01   3.9943946e-03
9.8759800e-01   4.9885982e-03
9.8382998e-01   6.2874611e-03
9.7957498e-01   7.5508989e-03
9.7483599e-01   9.2653213e-03
9.6961600e-01   1.0979348e-02
9.6392000e-01   1.2916025e-02
9.5775098e-01   1.4940958e-02
9.5111603e-01   1.7090667e-02
9.4401902e-01   1.9385481e-02
9.3646699e-01   2.1872481e-02
9.2846799e-01   2.4507144e-02
9.2003101e-01   2.7208500e-02
9.1116500e-01   3.0097678e-02
9.0187901e-01   3.3154570e-02
8.9218301e-01   3.6341086e-02
8.8208699e-01   3.9706226e-02
8.7160099e-01   4.3026637e-02
8.6073500e-01   4.6599999e-02
8.4950101e-01   5.0169006e-02
8.3791000e-01   5.3927410e-02
8.2597399e-01   5.7588164e-02
8.1370401e-01   6.1576899e-02
8.0111301e-01   6.5563060e-02
7.8821403e-01   6.9512643e-02
7.7501899e-01   7.3555671e-02
7.6154101e-01   7.7977464e-02
7.4779499e-01   8.2033783e-02
7.3379201e-01   8.5801251e-02
7.1954799e-01   8.9860223e-02
7.0507699e-01   9.3721777e-02
6.9039202e-01   9.7872160e-02
6.7550898e-01   1.0181087e-01
6.6044199e-01   1.0549107e-01
6.4520597e-01   1.0932808e-01
6.2981701e-01   1.1309405e-01
6.1429000e-01   1.1636947e-01
5.9864002e-01   1.1989433e-01
5.8288401e-01   1.2339774e-01
5.6703597e-01   1.2622452e-01
5.5111301e-01   1.2936133e-01
5.3513098e-01   1.3200700e-01
5.1910597e-01   1.3487548e-01
5.0305402e-01   1.3708416e-01
4.8699099e-01   1.3912834e-01
4.7093400e-01   1.4099783e-01
4.5489800e-01   1.4274016e-01
4.3889999e-01   1.4430305e-01
4.2295599e-01   1.4526482e-01
4.0708300e-01   1.4663836e-01
3.9129499e-01   1.4710754e-01
3.7560999e-01   1.4783813e-01
3.6004400e-01   1.4811052e-01
3.4461200e-01   1.4835213e-01
3.2933000e-01   1.4811613e-01
3.1421301e-01   1.4768589e-01
2.9927900e-01   1.4698415e-01
2.8454101e-01   1.4608333e-01
2.7001500e-01   1.4506732e-01
2.5571701e-01   1.4379686e-01
2.4166100e-01   1.4213668e-01
2.2786200e-01   1.4060123e-01
2.1433599e-01   1.3878700e-01
2.0109500e-01   1.3615230e-01
1.8815500e-01   1.3365348e-01
1.7553000e-01   1.3099687e-01
1.6323400e-01   1.2804675e-01
1.5128000e-01   1.2487558e-01
1.3968100e-01   1.2126385e-01
1.2845200e-01   1.1791933e-01
1.1760600e-01   1.1405391e-01
1.0715500e-01   1.0993421e-01
9.7112998e-02   1.0544227e-01
8.7493002e-02   1.0108421e-01
7.8305997e-02   9.6526168e-02
6.9565997e-02   9.1525771e-02
6.1285000e-02   8.6596303e-02
5.3474002e-02   8.1377998e-02
4.6149999e-02   7.5884953e-02
3.9326001e-02   7.0389137e-02
3.3013999e-02   6.4811572e-02
2.7230000e-02   5.8964204e-02
2.1980001e-02   5.3020231e-02
1.7277000e-02   4.6949148e-02
1.3141000e-02   4.0739723e-02
9.5729996e-03   3.4538519e-02
6.5830001e-03   2.8302895e-02
4.1880002e-03   2.2143811e-02
2.3540000e-03   1.6133556e-02
1.0810000e-03   1.0725663e-02
3.7100000e-04   6.0960418e-03
7.6999997e-05   2.6109992e-03
4.9999999e-06   3.4855795e-04
0.0000000e+00   -4.1554050e-04
4.9999999e-06   -1.2019168e-03
7.6999997e-05   -3.3081016e-03
3.7100000e-04   -6.6664405e-03
1.0810000e-03   -1.1025690e-02
2.3530000e-03   -1.5943363e-02
4.1880002e-03   -2.1030733e-02
6.5850001e-03   -2.6145898e-02
9.5760003e-03   -3.0934447e-02
1.3145000e-02   -3.5450209e-02
1.7281000e-02   -3.9604973e-02
2.1983000e-02   -4.3541174e-02
2.7232001e-02   -4.7437873e-02
3.3016000e-02   -5.1157389e-02
3.9328001e-02   -5.4462556e-02
4.6151999e-02   -5.7976831e-02
5.3475998e-02   -6.1074357e-02
6.1287001e-02   -6.4112678e-02
6.9568001e-02   -6.7174658e-02
7.8308001e-02   -6.9957890e-02
8.7494999e-02   -7.2437480e-02
9.7115003e-02   -7.5283371e-02
1.0715700e-01   -7.7598363e-02
1.1760800e-01   -7.9835162e-02
1.2845400e-01   -8.1881769e-02
1.3968299e-01   -8.4166594e-02
1.5128200e-01   -8.5890755e-02
1.6323499e-01   -8.8009477e-02
1.7553200e-01   -8.9545064e-02
1.8815701e-01   -9.0953492e-02
2.0109700e-01   -9.2520498e-02
2.1433701e-01   -9.3886763e-02
2.2786400e-01   -9.5011182e-02
2.4166299e-01   -9.5931642e-02
2.5571901e-01   -9.6965417e-02
2.7001700e-01   -9.7820275e-02
2.8454199e-01   -9.8140955e-02
2.9927999e-01   -9.9060528e-02
3.1421500e-01   -9.9306159e-02
3.2933101e-01   -9.9277891e-02
3.4461299e-01   -9.9334657e-02
3.6004499e-01   -9.9531107e-02
3.7561101e-01   -9.9093296e-02
3.9129600e-01   -9.9008285e-02
4.0708300e-01   -9.8165862e-02
4.2295700e-01   -9.7570635e-02
4.3890101e-01   -9.6785173e-02
4.5489901e-01   -9.5440552e-02
4.7093499e-01   -9.4031356e-02
4.8699200e-01   -9.3089737e-02
5.0305498e-01   -9.1714561e-02
5.1910698e-01   -9.0007462e-02
5.3513199e-01   -8.8113531e-02
5.5111402e-01   -8.6371928e-02
5.6703597e-01   -8.4139593e-02
5.8288401e-01   -8.1985250e-02
5.9864002e-01   -7.9608411e-02
6.1429000e-01   -7.7159397e-02
6.2981701e-01   -7.4625559e-02
6.4520597e-01   -7.2077014e-02
6.6044199e-01   -6.9821708e-02
6.7550898e-01   -6.6953599e-02
6.9039297e-01   -6.4144634e-02
7.0507699e-01   -6.1587229e-02
7.1954900e-01   -5.8562718e-02
7.3379302e-01   -5.6017324e-02
7.4779499e-01   -5.3007822e-02
7.6154202e-01   -5.0435394e-02
7.7501899e-01   -4.7410391e-02
7.8821403e-01   -4.4606779e-02
8.0111301e-01   -4.2162105e-02
8.1370401e-01   -3.9361909e-02
8.2597297e-01   -3.6751743e-02
8.3791000e-01   -3.4198508e-02
8.4950101e-01   -3.1807426e-02
8.6073500e-01   -2.9270891e-02
8.7160099e-01   -2.6840772e-02
8.8208801e-01   -2.4759667e-02
8.9218402e-01   -2.2560386e-02
9.0188003e-01   -2.0643257e-02
9.1116500e-01   -1.8719962e-02
9.2003101e-01   -1.6917730e-02
9.2846799e-01   -1.5278566e-02
9.3646699e-01   -1.3648897e-02
9.4401902e-01   -1.2251224e-02
9.5111603e-01   -1.0766411e-02
9.5775098e-01   -9.6511198e-03
9.6392000e-01   -8.3750077e-03
9.6961600e-01   -7.3991781e-03
9.7483599e-01   -6.4774188e-03
9.7957498e-01   -5.7480009e-03
9.8383099e-01   -4.8767277e-03
9.8759800e-01   -4.2271242e-03
9.9087399e-01   -3.6724240e-03
9.9365300e-01   -3.1889239e-03
9.9593401e-01   -2.7899512e-03
9.9771100e-01   -2.4467697e-03
9.9898201e-01   -2.1878614e-03
9.9974501e-01   -2.0170922e-03
1.0000000e+00   -1.9514888e-03
