1.0000000e+00   3.4662301e-03
9.9974501e-01   4.0008789e-03
9.9898201e-01   3.9501116e-03
9.9771100e-01   4.4178939e-03
9.9593300e-01   4.7265650e-03
9.9365300e-01   5.1767183e-03
9.9087399e-01   5.9289746e-03
9.8759800e-01   6.5763285e-03
9.8382998e-01   7.6936199e-03
9.7957498e-01   8.8797836e-03
9.7483599e-01   1.0591178e-02
9.6961600e-01   1.2262184e-02
9.6392000e-01   1.3419867e-02
9.5775098e-01   1.5689077e-02
9.5111603e-01   1.7734386e-02
9.4401902e-01   1.9989906e-02
9.3646699e-01   2.2088690e-02
9.2846799e-01   2.4972800e-02
9.2003101e-01   2.7110046e-02
9.1116500e-01   2.9972320e-02
9.0187901e-01   3.3204440e-02
8.9218301e-01   3.6126092e-02
8.8208699e-01   3.9370716e-02
8.7160099e-01   4.2472757e-02
8.6073500e-01   4.5957025e-02
8.4950101e-01   5.0712973e-02
8.3791000e-01   5.3907037e-02
8.2597399e-01   5.9101578e-02
8.1370401e-01   6.2789083e-02
8.0111301e-01   6.7227840e-02
7.8821403e-01   7.2146498e-02
7.7501899e-01   7.6427676e-02
7.6154101e-01   8.1738852e-02
7.4779499e-01   8.6293995e-02
7.3379201e-01   9.1366388e-02
7.1954799e-01   9.5972650e-02
7.0507699e-01   1.0101263e-01
6.9039202e-01   1.0643911e-01
6.7550898e-01   1.1157261e-01
6.6044199e-01   1.1709085e-01
6.4520597e-01   1.2242930e-01
6.2981701e-01   1.2779929e-01
6.1429000e-01   1.3312949e-01
5.9864002e-01   1.3807191e-01
5.8288401e-01   1.4288430e-01
5.6703597e-01   1.4833407e-01
5.5111301e-01   1.5316826e-01
5.3513098e-01   1.5794104e-01
5.1910597e-01   1.6200413e-01
5.0305402e-01   1.6643025e-01
4.8699099e-01   1.7051709e-01
4.7093400e-01   1.7463642e-01
4.5489800e-01   1.7775893e-01
4.3889999e-01   1.8123691e-01
4.2295599e-01   1.8456770e-01
4.0708300e-01   1.8802713e-01
3.9129499e-01   1.9070643e-01
3.7560999e-01   1.9293420e-01
3.6004400e-01   1.9513024e-01
3.4461200e-01   1.9640303e-01
3.2933000e-01   1.9792430e-01
3.1421301e-01   1.9958372e-01
2.9927900e-01   1.9962175e-01
2.8454101e-01   2.0043330e-01
2.7001500e-01   1.9986844e-01
2.5571701e-01   1.9953369e-01
2.4166100e-01   1.9859058e-01
2.2786200e-01   1.9624902e-01
2.1433599e-01   1.9509520e-01
2.0109500e-01   1.9252746e-01
1.8815500e-01   1.8950008e-01
1.7553000e-01   1.8604061e-01
1.6323400e-01   1.8289386e-01
1.5128000e-01   1.7907152e-01
1.3968100e-01   1.7353080e-01
1.2845200e-01   1.6873708e-01
1.1760600e-01   1.6304477e-01
1.0715500e-01   1.5693228e-01
9.7112998e-02   1.5026386e-01
8.7493002e-02   1.4337020e-01
7.8305997e-02   1.3615064e-01
6.9565997e-02   1.2780644e-01
6.1285000e-02   1.2010869e-01
5.3474002e-02   1.1169384e-01
4.6149999e-02   1.0284464e-01
3.9326001e-02   9.4070360e-02
3.3013999e-02   8.5424885e-02
2.7230000e-02   7.6428622e-02
2.1980001e-02   6.7436926e-02
1.7277000e-02   5.8387954e-02
1.3141000e-02   4.9542990e-02
9.5729996e-03   4.0938616e-02
6.5830001e-03   3.2497387e-02
4.1880002e-03   2.4660017e-02
2.3540000e-03   1.7724542e-02
1.0810000e-03   1.1494203e-02
3.7100000e-04   6.4041433e-03
7.6999997e-05   2.8787365e-03
4.9999999e-06   7.4644439e-04
0.0000000e+00   -1.7455168e-04
4.9999999e-06   -7.2400336e-04
7.6999997e-05   -2.8381597e-03
3.7100000e-04   -6.4608711e-03
1.0810000e-03   -1.1292919e-02
2.3530000e-03   -1.6298382e-02
4.1880002e-03   -2.1330256e-02
6.5850001e-03   -2.6281234e-02
9.5760003e-03   -3.1084910e-02
1.3145000e-02   -3.5293151e-02
1.7281000e-02   -3.9436370e-02
2.1983000e-02   -4.3298423e-02
2.7232001e-02   -4.6952616e-02
3.3016000e-02   -4.9830534e-02
3.9328001e-02   -5.3447139e-02
4.6151999e-02   -5.6374058e-02
5.3475998e-02   -5.9570100e-02
6.1287001e-02   -6.2358070e-02
6.9568001e-02   -6.4981140e-02
7.8308001e-02   -6.7700177e-02
8.7494999e-02   -7.0012428e-02
9.7115003e-02   -7.2250523e-02
1.0715700e-01   -7.4091904e-02
1.1760800e-01   -7.6590359e-02
1.2845400e-01   -7.8553356e-02
1.3968299e-01   -8.0134951e-02
1.5128200e-01   -8.2260177e-02
1.6323499e-01   -8.3557963e-02
1.7553200e-01   -8.5660137e-02
1.8815701e-01   -8.7150261e-02
2.0109700e-01   -8.8853732e-02
2.1433701e-01   -9.0347067e-02
2.2786400e-01   -9.1609903e-02
2.4166299e-01   -9.2958234e-02
2.5571901e-01   -9.4280213e-02
2.7001700e-01   -9.5523797e-02
2.8454199e-01   -9.6921623e-02
2.9927999e-01   -9.7124405e-02
3.1421500e-01   -9.8593943e-02
3.2933101e-01   -9.9291228e-02
3.4461299e-01   -9.9594124e-02
3.6004499e-01   -1.0074033e-01
3.7561101e-01   -1.0096145e-01
3.9129600e-01   -1.0128494e-01
4.0708300e-01   -1.0105339e-01
4.2295700e-01   -1.0180575e-01
4.3890101e-01   -1.0163675e-01
4.5489901e-01   -1.0145777e-01
4.7093499e-01   -1.0121778e-01
4.8699200e-01   -1.0072956e-01
5.0305498e-01   -9.9971101e-02
5.1910698e-01   -9.9093333e-02
5.3513199e-01   -9.8313414e-02
5.5111402e-01   -9.7164780e-02
5.6703597e-01   -9.6091345e-02
5.8288401e-01   -9.4930030e-02
5.9864002e-01   -9.3173258e-02
6.1429000e-01   -9.1306999e-02
6.2981701e-01   -8.9890018e-02
6.4520597e-01   -8.8228725e-02
6.6044199e-01   -8.6085081e-02
6.7550898e-01   -8.4204108e-02
6.9039297e-01   -8.2190759e-02
7.0507699e-01   -8.0016173e-02
7.1954900e-01   -7.8199819e-02
7.3379302e-01   -7.5856633e-02
7.4779499e-01   -7.2786503e-02
7.6154202e-01   -7.0339814e-02
7.7501899e-01   -6.7459896e-02
7.8821403e-01   -6.5010548e-02
8.0111301e-01   -6.2649034e-02
8.1370401e-01   -5.9803016e-02
8.2597297e-01   -5.6924317e-02
8.3791000e-01   -5.3907033e-02
8.4950101e-01   -5.0807498e-02
8.6073500e-01   -4.8091657e-02
8.7160099e-01   -4.4592626e-02
8.8208801e-01   -4.1780226e-02
8.9218402e-01   -3.8941108e-02
9.0188003e-01   -3.5981368e-02
9.1116500e-01   -3.3309534e-02
9.2003101e-01   -3.0161563e-02
9.2846799e-01   -2.7248655e-02
9.3646699e-01   -2.4916952e-02
9.4401902e-01   -2.2229720e-02
9.5111603e-01   -1.9706007e-02
9.5775098e-01   -1.6870117e-02
9.6392000e-01   -1.4800968e-02
9.6961600e-01   -1.2633817e-02
9.7483599e-01   -1.0617667e-02
9.7957498e-01   -8.7713497e-03
9.8383099e-01   -6.7827576e-03
9.8759800e-01   -5.3814882e-03
9.9087399e-01   -4.2634495e-03
9.9365300e-01   -3.2497838e-03
9.9593401e-01   -2.2615234e-03
9.9771100e-01   -1.9820540e-03
9.9898201e-01   -1.4319082e-03
9.9974501e-01   -9.1510126e-04
1.0000000e+00   -7.3841854e-04
