1.0000000e+00   4.2891949e-03
9.9974501e-01   4.4269757e-03
9.9898201e-01   4.8319134e-03
9.9771100e-01   5.4636491e-03
9.9593300e-01   6.2773521e-03
9.9365300e-01   7.3172767e-03
9.9087399e-01   8.6431419e-03
9.8759800e-01   1.0224839e-02
9.8382998e-01   1.2058556e-02
9.7957498e-01   1.4151232e-02
9.7483599e-01   1.6488045e-02
9.6961600e-01   1.9077104e-02
9.6392000e-01   2.1964110e-02
9.5775098e-01   2.5173957e-02
9.5111603e-01   2.8695336e-02
9.4401902e-01   3.2495458e-02
9.3646699e-01   3.6571696e-02
9.2846799e-01   4.0937882e-02
9.2003101e-01   4.5583479e-02
9.1116500e-01   5.0483648e-02
9.0187901e-01   5.5658516e-02
8.9218301e-01   6.1119173e-02
8.8208699e-01   6.6828690e-02
8.7160099e-01   7.2743654e-02
8.6073500e-01   7.8845352e-02
8.4950101e-01   8.5134454e-02
8.3791000e-01   9.1615550e-02
8.2597399e-01   9.8254092e-02
8.1370401e-01   1.0501060e-01
8.0111301e-01   1.1187971e-01
7.8821403e-01   1.1883460e-01
7.7501899e-01   1.2585315e-01
7.6154101e-01   1.3289438e-01
7.4779499e-01   1.3990413e-01
7.3379201e-01   1.4686264e-01
7.1954799e-01   1.5375561e-01
7.0507699e-01   1.6056494e-01
6.9039202e-01   1.6731404e-01
6.7550898e-01   1.7396790e-01
6.6044199e-01   1.8049401e-01
6.4520597e-01   1.8686026e-01
6.2981701e-01   1.9302480e-01
6.1429000e-01   1.9894211e-01
5.9864002e-01   2.0461005e-01
5.8288401e-01   2.1000148e-01
5.6703597e-01   2.1507740e-01
5.5111301e-01   2.1983159e-01
5.3513098e-01   2.2425736e-01
5.1910597e-01   2.2832571e-01
5.0305402e-01   2.3199488e-01
4.8699099e-01   2.3527063e-01
4.7093400e-01   2.3815785e-01
4.5489800e-01   2.4066775e-01
4.3889999e-01   2.4279942e-01
4.2295599e-01   2.4457012e-01
4.0708300e-01   2.4597614e-01
3.9129499e-01   2.4701972e-01
3.7560999e-01   2.4768950e-01
3.6004400e-01   2.4798732e-01
3.4461200e-01   2.4790850e-01
3.2933000e-01   2.4746813e-01
3.1421301e-01   2.4667871e-01
2.9927900e-01   2.4555743e-01
2.8454101e-01   2.4412817e-01
2.7001500e-01   2.4235743e-01
2.5571701e-01   2.4021842e-01
2.4166100e-01   2.3771827e-01
2.2786200e-01   2.3484422e-01
2.1433599e-01   2.3154195e-01
2.0109500e-01   2.2783782e-01
1.8815500e-01   2.2372369e-01
1.7553000e-01   2.1916331e-01
1.6323400e-01   2.1415265e-01
1.5128000e-01   2.0868033e-01
1.3968100e-01   2.0274705e-01
1.2845200e-01   1.9636665e-01
1.1760600e-01   1.8956243e-01
1.0715500e-01   1.8234862e-01
9.7112998e-02   1.7470664e-01
8.7493002e-02   1.6661939e-01
7.8305997e-02   1.5812302e-01
6.9565997e-02   1.4921838e-01
6.1285000e-02   1.3985617e-01
5.3474002e-02   1.3004242e-01
4.6149999e-02   1.1989345e-01
3.9326001e-02   1.0957383e-01
3.3013999e-02   9.9251583e-02
2.7230000e-02   8.9141555e-02
2.1980001e-02   7.9299271e-02
1.7277000e-02   6.9354013e-02
1.3141000e-02   5.9290927e-02
9.5729996e-03   4.9327154e-02
6.5830001e-03   3.9678283e-02
4.1880002e-03   3.0494010e-02
2.3540000e-03   2.1963365e-02
1.0810000e-03   1.4401024e-02
3.7100000e-04   8.1463400e-03
7.6999997e-05   3.4851085e-03
4.9999999e-06   6.1749417e-04
0.0000000e+00   -3.4843467e-04
4.9999999e-06   -1.3014544e-03
7.6999997e-05   -4.1149519e-03
3.7100000e-04   -8.5566482e-03
1.0810000e-03   -1.4192727e-02
2.3530000e-03   -2.0485617e-02
4.1880002e-03   -2.6910366e-02
6.5850001e-03   -3.3201028e-02
9.5760003e-03   -3.9602842e-02
1.3145000e-02   -4.6304900e-02
1.7281000e-02   -5.2445669e-02
2.1983000e-02   -5.7869907e-02
2.7232001e-02   -6.2761791e-02
3.3016000e-02   -6.7241617e-02
3.9328001e-02   -7.1434326e-02
4.6151999e-02   -7.5425677e-02
5.3475998e-02   -7.9251282e-02
6.1287001e-02   -8.2915924e-02
6.9568001e-02   -8.6418353e-02
7.8308001e-02   -8.9782901e-02
8.7494999e-02   -9.2998236e-02
9.7115003e-02   -9.6011534e-02
1.0715700e-01   -9.8797746e-02
1.1760800e-01   -1.0138131e-01
1.2845400e-01   -1.0378449e-01
1.3968299e-01   -1.0601147e-01
1.5128200e-01   -1.0804642e-01
1.6323499e-01   -1.0989471e-01
1.7553200e-01   -1.1156558e-01
1.8815701e-01   -1.1303916e-01
2.0109700e-01   -1.1428330e-01
2.1433701e-01   -1.1531323e-01
2.2786400e-01   -1.1612907e-01
2.4166299e-01   -1.1674107e-01
2.5571901e-01   -1.1715601e-01
2.7001700e-01   -1.1740328e-01
2.8454199e-01   -1.1752795e-01
2.9927999e-01   -1.1754826e-01
3.1421500e-01   -1.1746107e-01
3.2933101e-01   -1.1726388e-01
3.4461299e-01   -1.1696211e-01
3.6004499e-01   -1.1653554e-01
3.7561101e-01   -1.1596607e-01
3.9129600e-01   -1.1525214e-01
4.0708300e-01   -1.1439648e-01
4.2295700e-01   -1.1339810e-01
4.3890101e-01   -1.1225831e-01
4.5489901e-01   -1.1098200e-01
4.7093499e-01   -1.0956454e-01
4.8699200e-01   -1.0800987e-01
5.0305498e-01   -1.0632100e-01
5.1910698e-01   -1.0449720e-01
5.3513199e-01   -1.0255290e-01
5.5111402e-01   -1.0046409e-01
5.6703597e-01   -9.8223791e-02
5.8288401e-01   -9.5865972e-02
5.9864002e-01   -9.3429953e-02
6.1429000e-01   -9.0895161e-02
6.2981701e-01   -8.8247187e-02
6.4520597e-01   -8.5504524e-02
6.6044199e-01   -8.2701042e-02
6.7550898e-01   -7.9837970e-02
6.9039297e-01   -7.6923296e-02
7.0507699e-01   -7.3943943e-02
7.1954900e-01   -7.0914961e-02
7.3379302e-01   -6.7875721e-02
7.4779499e-01   -6.4861953e-02
7.6154202e-01   -6.1861638e-02
7.7501899e-01   -5.8889002e-02
7.8821403e-01   -5.5947337e-02
8.0111301e-01   -5.3049758e-02
8.1370401e-01   -5.0193675e-02
8.2597297e-01   -4.7359038e-02
8.3791000e-01   -4.4560142e-02
8.4950101e-01   -4.1805048e-02
8.6073500e-01   -3.9102752e-02
8.7160099e-01   -3.6458716e-02
8.8208801e-01   -3.3875801e-02
8.9218402e-01   -3.1365424e-02
9.0188003e-01   -2.8946599e-02
9.1116500e-01   -2.6633997e-02
9.2003101e-01   -2.4400651e-02
9.2846799e-01   -2.2222770e-02
9.3646699e-01   -2.0104939e-02
9.4401902e-01   -1.8064663e-02
9.5111603e-01   -1.6106801e-02
9.5775098e-01   -1.4217086e-02
9.6392000e-01   -1.2377714e-02
9.6961600e-01   -1.0575079e-02
9.7483599e-01   -8.8149728e-03
9.7957498e-01   -7.1605765e-03
9.8383099e-01   -5.6629661e-03
9.8759800e-01   -4.3062256e-03
9.9087399e-01   -3.1068253e-03
9.9365300e-01   -2.1137935e-03
9.9593401e-01   -1.3617027e-03
9.9771100e-01   -8.1084372e-04
9.9898201e-01   -4.2421088e-04
9.9974501e-01   -1.9349065e-04
1.0000000e+00   -1.1821557e-04
