1.0000000e+00   1.8770326e-02
9.9974501e-01   1.9027209e-02
9.9898201e-01   1.9655889e-02
9.9771100e-01   1.9879054e-02
9.9593300e-01   2.1532610e-02
9.9365300e-01   2.2876879e-02
9.9087399e-01   2.4243526e-02
9.8759800e-01   2.6406223e-02
9.8382998e-01   2.8749911e-02
9.7957498e-01   3.1257462e-02
9.7483599e-01   3.3798188e-02
9.6961600e-01   3.6805607e-02
9.6392000e-01   4.0553607e-02
9.5775098e-01   4.4504188e-02
9.5111603e-01   4.7650520e-02
9.4401902e-01   5.1679973e-02
9.3646699e-01   5.5847485e-02
9.2846799e-01   6.0329556e-02
9.2003101e-01   6.4747080e-02
9.1116500e-01   6.9390774e-02
9.0187901e-01   7.4149936e-02
8.9218301e-01   7.9217389e-02
8.8208699e-01   8.4389210e-02
8.7160099e-01   8.9609124e-02
8.6073500e-01   9.5349006e-02
8.4950101e-01   1.0105390e-01
8.3791000e-01   1.0696267e-01
8.2597399e-01   1.1250794e-01
8.1370401e-01   1.1895400e-01
8.0111301e-01   1.2577230e-01
7.8821403e-01   1.3154683e-01
7.7501899e-01   1.3836984e-01
7.6154101e-01   1.4429505e-01
7.4779499e-01   1.5126622e-01
7.3379201e-01   1.5781611e-01
7.1954799e-01   1.6414268e-01
7.0507699e-01   1.7058301e-01
6.9039202e-01   1.7637703e-01
6.7550898e-01   1.8212366e-01
6.6044199e-01   1.8815182e-01
6.4520597e-01   1.9313443e-01
6.2981701e-01   1.9842456e-01
6.1429000e-01   2.0384112e-01
5.9864002e-01   2.0880833e-01
5.8288401e-01   2.1351269e-01
5.6703597e-01   2.1799290e-01
5.5111301e-01   2.2197793e-01
5.3513098e-01   2.2653025e-01
5.1910597e-01   2.3043346e-01
5.0305402e-01   2.3444311e-01
4.8699099e-01   2.3795055e-01
4.7093400e-01   2.4160673e-01
4.5489800e-01   2.4446146e-01
4.3889999e-01   2.4752767e-01
4.2295599e-01   2.5028902e-01
4.0708300e-01   2.5192648e-01
3.9129499e-01   2.5398868e-01
3.7560999e-01   2.5602102e-01
3.6004400e-01   2.5709733e-01
3.4461200e-01   2.5805998e-01
3.2933000e-01   2.5894654e-01
3.1421301e-01   2.5890070e-01
2.9927900e-01   2.5969627e-01
2.8454101e-01   2.5940838e-01
2.7001500e-01   2.5876954e-01
2.5571701e-01   2.5816256e-01
2.4166100e-01   2.5698167e-01
2.2786200e-01   2.5558826e-01
2.1433599e-01   2.5325441e-01
2.0109500e-01   2.5021598e-01
1.8815500e-01   2.4668987e-01
1.7553000e-01   2.4322025e-01
1.6323400e-01   2.3859860e-01
1.5128000e-01   2.3402181e-01
1.3968100e-01   2.2936948e-01
1.2845200e-01   2.2337408e-01
1.1760600e-01   2.1768804e-01
1.0715500e-01   2.1106881e-01
9.7112998e-02   2.0367068e-01
8.7493002e-02   1.9637573e-01
7.8305997e-02   1.8843526e-01
6.9565997e-02   1.8023638e-01
6.1285000e-02   1.7117822e-01
5.3474002e-02   1.6252483e-01
4.6149999e-02   1.5375793e-01
3.9326001e-02   1.4486279e-01
3.3013999e-02   1.3553235e-01
2.7230000e-02   1.2617613e-01
2.1980001e-02   1.1700926e-01
1.7277000e-02   1.0816820e-01
1.3141000e-02   9.9304564e-02
9.5729996e-03   9.1178417e-02
6.5830001e-03   8.3462238e-02
4.1880002e-03   7.5979926e-02
2.3540000e-03   6.9161125e-02
1.0810000e-03   6.3452885e-02
3.7100000e-04   5.8480598e-02
7.6999997e-05   5.4768641e-02
4.9999999e-06   5.2493617e-02
0.0000000e+00   5.2040771e-02
4.9999999e-06   5.1134575e-02
7.6999997e-05   4.9059544e-02
3.7100000e-04   4.5740727e-02
1.0810000e-03   4.1564163e-02
2.3530000e-03   3.6469501e-02
4.1880002e-03   3.1404804e-02
6.5850001e-03   2.7021773e-02
9.5760003e-03   2.2672964e-02
1.3145000e-02   1.8833011e-02
1.7281000e-02   1.5988512e-02
2.1983000e-02   1.3369982e-02
2.7232001e-02   1.1462779e-02
3.3016000e-02   9.2438357e-03
3.9328001e-02   7.8128958e-03
4.6151999e-02   6.5250960e-03
5.3475998e-02   4.6855016e-03
6.1287001e-02   3.6901701e-03
6.9568001e-02   2.3906706e-03
7.8308001e-02   1.6217739e-03
8.7494999e-02   9.4453589e-04
9.7115003e-02   -1.0529906e-04
1.0715700e-01   -3.7408245e-04
1.1760800e-01   -8.4576366e-04
1.2845400e-01   -1.0908763e-03
1.3968299e-01   -1.3332471e-03
1.5128200e-01   -1.5629964e-03
1.6323499e-01   -1.4585693e-03
1.7553200e-01   -2.2919511e-03
1.8815701e-01   -1.9119284e-03
2.0109700e-01   -1.2900599e-03
2.1433701e-01   -1.9801010e-03
2.2786400e-01   -1.4951143e-03
2.4166299e-01   -1.3086379e-03
2.5571901e-01   -7.4820209e-04
2.7001700e-01   -3.9006767e-04
2.8454199e-01   -3.1597912e-05
2.9927999e-01   -2.4291873e-04
3.1421500e-01   2.0932406e-04
3.2933101e-01   6.6135079e-05
3.4461299e-01   -4.8975268e-04
3.6004499e-01   -5.4252887e-04
3.7561101e-01   -4.5264509e-04
3.9129600e-01   -5.0790602e-04
4.0708300e-01   -6.7981321e-04
4.2295700e-01   -2.1605939e-04
4.3890101e-01   -1.8756837e-05
4.5489901e-01   8.5185817e-04
4.7093499e-01   5.9153506e-04
4.8699200e-01   2.6725233e-04
5.0305498e-01   6.4022827e-04
5.1910698e-01   5.5868545e-04
5.3513199e-01   1.0805833e-03
5.5111402e-01   1.3470642e-03
5.6703597e-01   2.5441702e-03
5.8288401e-01   3.1036932e-03
5.9864002e-01   2.7879218e-03
6.1429000e-01   3.4697214e-03
6.2981701e-01   4.4854949e-03
6.4520597e-01   4.7731558e-03
6.6044199e-01   4.4174837e-03
6.7550898e-01   5.4155579e-03
6.9039297e-01   5.2258642e-03
7.0507699e-01   5.9813964e-03
7.1954900e-01   5.8194376e-03
7.3379302e-01   6.2561412e-03
7.4779499e-01   5.9389817e-03
7.6154202e-01   5.7775257e-03
7.7501899e-01   5.9495126e-03
7.8821403e-01   6.1261817e-03
8.0111301e-01   6.0635768e-03
8.1370401e-01   6.2783114e-03
8.2597297e-01   5.6138602e-03
8.3791000e-01   5.9889378e-03
8.4950101e-01   5.7457779e-03
8.6073500e-01   5.3548990e-03
8.7160099e-01   5.0454959e-03
8.8208801e-01   5.4165106e-03
8.9218402e-01   4.9020033e-03
9.0188003e-01   4.8749675e-03
9.1116500e-01   4.3985923e-03
9.2003101e-01   3.4855937e-03
9.2846799e-01   3.6583389e-03
9.3646699e-01   3.6972873e-03
9.4401902e-01   3.5371941e-03
9.5111603e-01   3.7778232e-03
9.5775098e-01   3.0939926e-03
9.6392000e-01   3.4211592e-03
9.6961600e-01   3.4319689e-03
9.7483599e-01   4.2664511e-03
9.7957498e-01   3.9997767e-03
9.8383099e-01   4.0841815e-03
9.8759800e-01   4.2826300e-03
9.9087399e-01   4.6429341e-03
9.9365300e-01   4.7578090e-03
9.9593401e-01   4.7790995e-03
9.9771100e-01   5.0623203e-03
9.9898201e-01   5.1540388e-03
9.9974501e-01   5.4022758e-03
1.0000000e+00   5.1795025e-03
