1.0000000e+00   -1.3249461e-04
9.9974501e-01   5.1729876e-04
9.9898201e-01   9.1243023e-04
9.9771100e-01   1.3267545e-03
9.9593300e-01   2.3418677e-03
9.9365300e-01   2.7166347e-03
9.9087399e-01   4.2765308e-03
9.8759800e-01   6.0982821e-03
9.8382998e-01   8.0184331e-03
9.7957498e-01   9.5486632e-03
9.7483599e-01   1.1615385e-02
9.6961600e-01   1.4204530e-02
9.6392000e-01   1.7117411e-02
9.5775098e-01   2.0413281e-02
9.5111603e-01   2.3680521e-02
9.4401902e-01   2.7637921e-02
9.3646699e-01   3.1317353e-02
9.2846799e-01   3.5316512e-02
9.2003101e-01   4.0114235e-02
9.1116500e-01   4.5492537e-02
9.0187901e-01   5.0654814e-02
8.9218301e-01   5.5746328e-02
8.8208699e-01   6.1856888e-02
8.7160099e-01   6.8072960e-02
8.6073500e-01   7.4995711e-02
8.4950101e-01   8.1433974e-02
8.3791000e-01   8.9190111e-02
8.2597399e-01   9.7106673e-02
8.1370401e-01   1.0552568e-01
8.0111301e-01   1.1389515e-01
7.8821403e-01   1.2325886e-01
7.7501899e-01   1.3290277e-01
7.6154101e-01   1.4174978e-01
7.4779499e-01   1.5045944e-01
7.3379201e-01   1.5992224e-01
7.1954799e-01   1.6881621e-01
7.0507699e-01   1.7644536e-01
6.9039202e-01   1.8479413e-01
6.7550898e-01   1.9353078e-01
6.6044199e-01   2.0088941e-01
6.4520597e-01   2.0947964e-01
6.2981701e-01   2.1550500e-01
6.1429000e-01   2.2270933e-01
5.9864002e-01   2.2913903e-01
5.8288401e-01   2.3509951e-01
5.6703597e-01   2.4113572e-01
5.5111301e-01   2.4612002e-01
5.3513098e-01   2.5108346e-01
5.1910597e-01   2.5487775e-01
5.0305402e-01   2.5916764e-01
4.8699099e-01   2.6234892e-01
4.7093400e-01   2.6477507e-01
4.5489800e-01   2.6709214e-01
4.3889999e-01   2.6983780e-01
4.2295599e-01   2.7052644e-01
4.0708300e-01   2.7188596e-01
3.9129499e-01   2.7275637e-01
3.7560999e-01   2.7212808e-01
3.6004400e-01   2.7223450e-01
3.4461200e-01   2.7229017e-01
3.2933000e-01   2.7070582e-01
3.1421301e-01   2.6895228e-01
2.9927900e-01   2.6597139e-01
2.8454101e-01   2.6480868e-01
2.7001500e-01   2.6253051e-01
2.5571701e-01   2.5844902e-01
2.4166100e-01   2.5466478e-01
2.2786200e-01   2.5065249e-01
2.1433599e-01   2.4602726e-01
2.0109500e-01   2.4151474e-01
1.8815500e-01   2.3562810e-01
1.7553000e-01   2.2918415e-01
1.6323400e-01   2.2249183e-01
1.5128000e-01   2.1635975e-01
1.3968100e-01   2.0911121e-01
1.2845200e-01   2.0203839e-01
1.1760600e-01   1.9327340e-01
1.0715500e-01   1.8478934e-01
9.7112998e-02   1.7532524e-01
8.7493002e-02   1.6659211e-01
7.8305997e-02   1.5644938e-01
6.9565997e-02   1.4691442e-01
6.1285000e-02   1.3640288e-01
5.3474002e-02   1.2625174e-01
4.6149999e-02   1.1574354e-01
3.9326001e-02   1.0515039e-01
3.3013999e-02   9.4008610e-02
2.7230000e-02   8.3343104e-02
2.1980001e-02   7.2882302e-02
1.7277000e-02   6.2391624e-02
1.3141000e-02   5.2004002e-02
9.5729996e-03   4.2295467e-02
6.5830001e-03   3.3300467e-02
4.1880002e-03   2.4690580e-02
2.3540000e-03   1.7382778e-02
1.0810000e-03   1.0504306e-02
3.7100000e-04   5.4215118e-03
7.6999997e-05   2.2793959e-03
4.9999999e-06   -3.3270498e-04
0.0000000e+00   -1.1853751e-03
4.9999999e-06   -2.1196380e-03
7.6999997e-05   -4.2984956e-03
3.7100000e-04   -7.7691977e-03
1.0810000e-03   -1.2823886e-02
2.3530000e-03   -1.9303219e-02
4.1880002e-03   -2.6671940e-02
6.5850001e-03   -3.5289839e-02
9.5760003e-03   -4.4025965e-02
1.3145000e-02   -5.2978899e-02
1.7281000e-02   -6.2974483e-02
2.1983000e-02   -7.2127804e-02
2.7232001e-02   -8.2463749e-02
3.3016000e-02   -9.2544340e-02
3.9328001e-02   -1.0188232e-01
4.6151999e-02   -1.1262795e-01
5.3475998e-02   -1.2245549e-01
6.1287001e-02   -1.3196798e-01
6.9568001e-02   -1.4118312e-01
7.8308001e-02   -1.5120347e-01
8.7494999e-02   -1.5992364e-01
9.7115003e-02   -1.6834250e-01
1.0715700e-01   -1.7703439e-01
1.1760800e-01   -1.8580694e-01
1.2845400e-01   -1.9259149e-01
1.3968299e-01   -1.9988343e-01
1.5128200e-01   -2.0712505e-01
1.6323499e-01   -2.1316053e-01
1.7553200e-01   -2.1905148e-01
1.8815701e-01   -2.2471210e-01
2.0109700e-01   -2.3025143e-01
2.1433701e-01   -2.3420379e-01
2.2786400e-01   -2.3920827e-01
2.4166299e-01   -2.4278486e-01
2.5571901e-01   -2.4658981e-01
2.7001700e-01   -2.5009295e-01
2.8454199e-01   -2.5228971e-01
2.9927999e-01   -2.5474435e-01
3.1421500e-01   -2.5730154e-01
3.2933101e-01   -2.5853401e-01
3.4461299e-01   -2.5932351e-01
3.6004499e-01   -2.6058406e-01
3.7561101e-01   -2.6098269e-01
3.9129600e-01   -2.6047149e-01
4.0708300e-01   -2.6042023e-01
4.2295700e-01   -2.5967985e-01
4.3890101e-01   -2.5729123e-01
4.5489901e-01   -2.5616044e-01
4.7093499e-01   -2.5295323e-01
4.8699200e-01   -2.5123042e-01
5.0305498e-01   -2.4794701e-01
5.1910698e-01   -2.4402510e-01
5.3513199e-01   -2.3994738e-01
5.5111402e-01   -2.3543204e-01
5.6703597e-01   -2.3094302e-01
5.8288401e-01   -2.2612675e-01
5.9864002e-01   -2.1953715e-01
6.1429000e-01   -2.1392201e-01
6.2981701e-01   -2.0718537e-01
6.4520597e-01   -2.0065446e-01
6.6044199e-01   -1.9329426e-01
6.7550898e-01   -1.8656793e-01
6.9039297e-01   -1.7891419e-01
7.0507699e-01   -1.7072985e-01
7.1954900e-01   -1.6294990e-01
7.3379302e-01   -1.5399618e-01
7.4779499e-01   -1.4610951e-01
7.6154202e-01   -1.3704447e-01
7.7501899e-01   -1.2857743e-01
7.8821403e-01   -1.1974407e-01
8.0111301e-01   -1.0988314e-01
8.1370401e-01   -1.0129661e-01
8.2597297e-01   -9.3619063e-02
8.3791000e-01   -8.5536145e-02
8.4950101e-01   -7.8035422e-02
8.6073500e-01   -7.0694052e-02
8.7160099e-01   -6.3921876e-02
8.8208801e-01   -5.7379652e-02
8.9218402e-01   -5.2135658e-02
9.0188003e-01   -4.6713710e-02
9.1116500e-01   -4.1222990e-02
9.2003101e-01   -3.6624510e-02
9.2846799e-01   -3.2500528e-02
9.3646699e-01   -2.8442373e-02
9.4401902e-01   -2.4587577e-02
9.5111603e-01   -2.1333568e-02
9.5775098e-01   -1.8545920e-02
9.6392000e-01   -1.5027942e-02
9.6961600e-01   -1.2523462e-02
9.7483599e-01   -1.0477737e-02
9.7957498e-01   -8.4680784e-03
9.8383099e-01   -6.7136567e-03
9.8759800e-01   -5.7332055e-03
9.9087399e-01   -4.0820455e-03
9.9365300e-01   -2.9740161e-03
9.9593401e-01   -2.2147647e-03
9.9771100e-01   -1.4804557e-03
9.9898201e-01   -1.0665817e-03
9.9974501e-01   -9.9713297e-04
1.0000000e+00   -7.6843455e-04
