1.0000000e+00   1.8842403e-03
9.9974501e-01   1.8283421e-03
9.9898201e-01   2.9871420e-03
9.9771100e-01   4.1361339e-03
9.9593300e-01   5.2388194e-03
9.9365300e-01   7.2735469e-03
9.9087399e-01   9.5002335e-03
9.8759800e-01   1.1650530e-02
9.8382998e-01   1.5588991e-02
9.7957498e-01   1.8745871e-02
9.7483599e-01   2.2240035e-02
9.6961600e-01   2.6425980e-02
9.6392000e-01   3.1366806e-02
9.5775098e-01   3.6063381e-02
9.5111603e-01   4.1023578e-02
9.4401902e-01   4.6371751e-02
9.3646699e-01   5.2355424e-02
9.2846799e-01   5.8471419e-02
9.2003101e-01   6.4926445e-02
9.1116500e-01   7.0980847e-02
9.0187901e-01   7.8239746e-02
8.9218301e-01   8.5538656e-02
8.8208699e-01   9.3038984e-02
8.7160099e-01   1.0029937e-01
8.6073500e-01   1.0806498e-01
8.4950101e-01   1.1620514e-01
8.3791000e-01   1.2399834e-01
8.2597399e-01   1.3240355e-01
8.1370401e-01   1.4102750e-01
8.0111301e-01   1.4982016e-01
7.8821403e-01   1.5905412e-01
7.7501899e-01   1.6763981e-01
7.6154101e-01   1.7691670e-01
7.4779499e-01   1.8601158e-01
7.3379201e-01   1.9534540e-01
7.1954799e-01   2.0456098e-01
7.0507699e-01   2.1360007e-01
6.9039202e-01   2.2261643e-01
6.7550898e-01   2.3197089e-01
6.6044199e-01   2.4091944e-01
6.4520597e-01   2.4992539e-01
6.2981701e-01   2.5841293e-01
6.1429000e-01   2.6632389e-01
5.9864002e-01   2.7476674e-01
5.8288401e-01   2.8211313e-01
5.6703597e-01   2.8963330e-01
5.5111301e-01   2.9665568e-01
5.3513098e-01   3.0237100e-01
5.1910597e-01   3.0893606e-01
5.0305402e-01   3.1421748e-01
4.8699099e-01   3.1838250e-01
4.7093400e-01   3.2257250e-01
4.5489800e-01   3.2607198e-01
4.3889999e-01   3.2924503e-01
4.2295599e-01   3.3084533e-01
4.0708300e-01   3.3258343e-01
3.9129499e-01   3.3410650e-01
3.7560999e-01   3.3390045e-01
3.6004400e-01   3.3348480e-01
3.4461200e-01   3.3239526e-01
3.2933000e-01   3.3032602e-01
3.1421301e-01   3.2766920e-01
2.9927900e-01   3.2472607e-01
2.8454101e-01   3.2123044e-01
2.7001500e-01   3.1673044e-01
2.5571701e-01   3.1242865e-01
2.4166100e-01   3.0737281e-01
2.2786200e-01   3.0175552e-01
2.1433599e-01   2.9509524e-01
2.0109500e-01   2.8860536e-01
1.8815500e-01   2.8190631e-01
1.7553000e-01   2.7376887e-01
1.6323400e-01   2.6591548e-01
1.5128000e-01   2.5752559e-01
1.3968100e-01   2.4848235e-01
1.2845200e-01   2.3913635e-01
1.1760600e-01   2.2941524e-01
1.0715500e-01   2.1975261e-01
9.7112998e-02   2.0885594e-01
8.7493002e-02   1.9839697e-01
7.8305997e-02   1.8786496e-01
6.9565997e-02   1.7690885e-01
6.1285000e-02   1.6494024e-01
5.3474002e-02   1.5317121e-01
4.6149999e-02   1.4131126e-01
3.9326001e-02   1.2867573e-01
3.3013999e-02   1.1649735e-01
2.7230000e-02   1.0389062e-01
2.1980001e-02   9.1370411e-02
1.7277000e-02   7.8989387e-02
1.3141000e-02   6.6479087e-02
9.5729996e-03   5.5024438e-02
6.5830001e-03   4.3467730e-02
4.1880002e-03   3.2761350e-02
2.3540000e-03   2.2970453e-02
1.0810000e-03   1.4763137e-02
3.7100000e-04   8.4002893e-03
7.6999997e-05   3.6270730e-03
4.9999999e-06   9.3594845e-04
0.0000000e+00   -1.4988403e-04
4.9999999e-06   -1.4862035e-03
7.6999997e-05   -3.9076209e-03
3.7100000e-04   -8.3496692e-03
1.0810000e-03   -1.4118794e-02
2.3530000e-03   -2.1939393e-02
4.1880002e-03   -2.9902441e-02
6.5850001e-03   -3.7821840e-02
9.5760003e-03   -4.6043444e-02
1.3145000e-02   -5.4099046e-02
1.7281000e-02   -6.1531972e-02
2.1983000e-02   -6.9164641e-02
2.7232001e-02   -7.6302938e-02
3.3016000e-02   -8.3601713e-02
3.9328001e-02   -9.1150761e-02
4.6151999e-02   -9.7543269e-02
5.3475998e-02   -1.0492479e-01
6.1287001e-02   -1.1166894e-01
6.9568001e-02   -1.1823901e-01
7.8308001e-02   -1.2488263e-01
8.7494999e-02   -1.3083157e-01
9.7115003e-02   -1.3686749e-01
1.0715700e-01   -1.4284497e-01
1.1760800e-01   -1.4826110e-01
1.2845400e-01   -1.5387890e-01
1.3968299e-01   -1.5891238e-01
1.5128200e-01   -1.6475731e-01
1.6323499e-01   -1.6936867e-01
1.7553200e-01   -1.7383653e-01
1.8815701e-01   -1.7827913e-01
2.0109700e-01   -1.8181995e-01
2.1433701e-01   -1.8619490e-01
2.2786400e-01   -1.8923886e-01
2.4166299e-01   -1.9193283e-01
2.5571901e-01   -1.9533153e-01
2.7001700e-01   -1.9703518e-01
2.8454199e-01   -1.9870311e-01
2.9927999e-01   -2.0047612e-01
3.1421500e-01   -2.0150447e-01
3.2933101e-01   -2.0182611e-01
3.4461299e-01   -2.0235494e-01
3.6004499e-01   -2.0198444e-01
3.7561101e-01   -2.0127168e-01
3.9129600e-01   -1.9925006e-01
4.0708300e-01   -1.9796924e-01
4.2295700e-01   -1.9546163e-01
4.3890101e-01   -1.9213390e-01
4.5489901e-01   -1.8808503e-01
4.7093499e-01   -1.8417844e-01
4.8699200e-01   -1.8028283e-01
5.0305498e-01   -1.7538336e-01
5.1910698e-01   -1.6990246e-01
5.3513199e-01   -1.6407463e-01
5.5111402e-01   -1.5715641e-01
5.6703597e-01   -1.5099716e-01
5.8288401e-01   -1.4382081e-01
5.9864002e-01   -1.3710561e-01
6.1429000e-01   -1.2943277e-01
6.2981701e-01   -1.2247254e-01
6.4520597e-01   -1.1464126e-01
6.6044199e-01   -1.0725521e-01
6.7550898e-01   -9.8933294e-02
6.9039297e-01   -9.1452554e-02
7.0507699e-01   -8.4230028e-02
7.1954900e-01   -7.6621979e-02
7.3379302e-01   -6.9521099e-02
7.4779499e-01   -6.2284194e-02
7.6154202e-01   -5.5768531e-02
7.7501899e-01   -4.9246933e-02
7.8821403e-01   -4.3018263e-02
8.0111301e-01   -3.7460696e-02
8.1370401e-01   -3.1955156e-02
8.2597297e-01   -2.7576394e-02
8.3791000e-01   -2.2910224e-02
8.4950101e-01   -1.9422570e-02
8.6073500e-01   -1.4694370e-02
8.7160099e-01   -1.1710721e-02
8.8208801e-01   -8.4333168e-03
8.9218402e-01   -5.6039975e-03
9.0188003e-01   -3.5674477e-03
9.1116500e-01   -1.5484375e-03
9.2003101e-01   -4.2845120e-04
9.2846799e-01   1.4813686e-03
9.3646699e-01   2.4615617e-03
9.4401902e-01   2.6476083e-03
9.5111603e-01   3.4931437e-03
9.5775098e-01   3.5550990e-03
9.6392000e-01   3.1390074e-03
9.6961600e-01   2.5065031e-03
9.7483599e-01   2.2280894e-03
9.7957498e-01   1.8333429e-03
9.8383099e-01   5.2033731e-04
9.8759800e-01   6.1861239e-05
9.9087399e-01   -8.3640142e-04
9.9365300e-01   -1.6852224e-03
9.9593401e-01   -2.1913995e-03
9.9771100e-01   -3.3117887e-03
9.9898201e-01   -3.1513835e-03
9.9974501e-01   -3.4783706e-03
1.0000000e+00   -3.5749318e-03
