1.0000000e+00   -1.6682592e-03
9.9974501e-01   -1.5029424e-03
9.9898201e-01   -7.1242009e-04
9.9771100e-01   8.0354075e-04
9.9593300e-01   2.4252697e-03
9.9365300e-01   4.8219422e-03
9.9087399e-01   7.6362318e-03
9.8759800e-01   1.0951875e-02
9.8382998e-01   1.4666575e-02
9.7957498e-01   1.8772252e-02
9.7483599e-01   2.3732604e-02
9.6961600e-01   2.8942948e-02
9.6392000e-01   3.4631114e-02
9.5775098e-01   4.0705901e-02
9.5111603e-01   4.7105115e-02
9.4401902e-01   5.3820811e-02
9.3646699e-01   6.0793463e-02
9.2846799e-01   6.7888580e-02
9.2003101e-01   7.5739168e-02
9.1116500e-01   8.3673626e-02
9.0187901e-01   9.1923274e-02
8.9218301e-01   1.0040315e-01
8.8208699e-01   1.0919394e-01
8.7160099e-01   1.1819998e-01
8.6073500e-01   1.2780632e-01
8.4950101e-01   1.3748643e-01
8.3791000e-01   1.4739238e-01
8.2597399e-01   1.5750027e-01
8.1370401e-01   1.6790274e-01
8.0111301e-01   1.7879376e-01
7.8821403e-01   1.8951373e-01
7.7501899e-01   2.0058702e-01
7.6154101e-01   2.1192315e-01
7.4779499e-01   2.2283262e-01
7.3379201e-01   2.3398048e-01
7.1954799e-01   2.4462527e-01
7.0507699e-01   2.5541800e-01
6.9039202e-01   2.6577908e-01
6.7550898e-01   2.7578610e-01
6.6044199e-01   2.8600374e-01
6.4520597e-01   2.9535523e-01
6.2981701e-01   3.0442500e-01
6.1429000e-01   3.1312245e-01
5.9864002e-01   3.2134879e-01
5.8288401e-01   3.2895339e-01
5.6703597e-01   3.3545211e-01
5.5111301e-01   3.4196866e-01
5.3513098e-01   3.4776250e-01
5.1910597e-01   3.5266557e-01
5.0305402e-01   3.5708785e-01
4.8699099e-01   3.6064366e-01
4.7093400e-01   3.6336899e-01
4.5489800e-01   3.6551148e-01
4.3889999e-01   3.6694831e-01
4.2295599e-01   3.6756602e-01
4.0708300e-01   3.6762905e-01
3.9129499e-01   3.6722124e-01
3.7560999e-01   3.6595136e-01
3.6004400e-01   3.6401731e-01
3.4461200e-01   3.6135727e-01
3.2933000e-01   3.5809979e-01
3.1421301e-01   3.5431650e-01
2.9927900e-01   3.5006785e-01
2.8454101e-01   3.4474060e-01
2.7001500e-01   3.3911467e-01
2.5571701e-01   3.3260879e-01
2.4166100e-01   3.2567096e-01
2.2786200e-01   3.1809655e-01
2.1433599e-01   3.1023353e-01
2.0109500e-01   3.0155218e-01
1.8815500e-01   2.9215798e-01
1.7553000e-01   2.8218806e-01
1.6323400e-01   2.7189961e-01
1.5128000e-01   2.6145387e-01
1.3968100e-01   2.5017941e-01
1.2845200e-01   2.3898451e-01
1.1760600e-01   2.2715501e-01
1.0715500e-01   2.1496131e-01
9.7112998e-02   2.0275287e-01
8.7493002e-02   1.9029339e-01
7.8305997e-02   1.7781904e-01
6.9565997e-02   1.6509162e-01
6.1285000e-02   1.5251167e-01
5.3474002e-02   1.3981502e-01
4.6149999e-02   1.2731281e-01
3.9326001e-02   1.1485631e-01
3.3013999e-02   1.0276632e-01
2.7230000e-02   9.0613969e-02
2.1980001e-02   7.8795843e-02
1.7277000e-02   6.7271881e-02
1.3141000e-02   5.6229480e-02
9.5729996e-03   4.5807261e-02
6.5830001e-03   3.6081102e-02
4.1880002e-03   2.7306778e-02
2.3540000e-03   1.9520935e-02
1.0810000e-03   1.3030692e-02
3.7100000e-04   7.7034584e-03
7.6999997e-05   3.9165271e-03
4.9999999e-06   1.5379547e-03
0.0000000e+00   8.0710655e-04
4.9999999e-06   9.1469847e-05
7.6999997e-05   -2.1067017e-03
3.7100000e-04   -5.6162444e-03
1.0810000e-03   -1.0443894e-02
2.3530000e-03   -1.6133992e-02
4.1880002e-03   -2.2240689e-02
6.5850001e-03   -2.8571866e-02
9.5760003e-03   -3.4619536e-02
1.3145000e-02   -4.0214520e-02
1.7281000e-02   -4.5369260e-02
2.1983000e-02   -4.9948849e-02
2.7232001e-02   -5.4354183e-02
3.3016000e-02   -5.8032345e-02
3.9328001e-02   -6.1311159e-02
4.6151999e-02   -6.4252272e-02
5.3475998e-02   -6.6898778e-02
6.1287001e-02   -6.9031820e-02
6.9568001e-02   -7.1200997e-02
7.8308001e-02   -7.3152572e-02
8.7494999e-02   -7.4518226e-02
9.7115003e-02   -7.5405225e-02
1.0715700e-01   -7.6517537e-02
1.1760800e-01   -7.7212892e-02
1.2845400e-01   -7.7720389e-02
1.3968299e-01   -7.7829204e-02
1.5128200e-01   -7.7810384e-02
1.6323499e-01   -7.8181386e-02
1.7553200e-01   -7.7673353e-02
1.8815701e-01   -7.7192552e-02
2.0109700e-01   -7.6727509e-02
2.1433701e-01   -7.6333083e-02
2.2786400e-01   -7.5455591e-02
2.4166299e-01   -7.4664630e-02
2.5571901e-01   -7.4161947e-02
2.7001700e-01   -7.3084719e-02
2.8454199e-01   -7.1858883e-02
2.9927999e-01   -7.0958965e-02
3.1421500e-01   -6.9784082e-02
3.2933101e-01   -6.8685174e-02
3.4461299e-01   -6.7237273e-02
3.6004499e-01   -6.6209912e-02
3.7561101e-01   -6.4684533e-02
3.9129600e-01   -6.3485689e-02
4.0708300e-01   -6.2346734e-02
4.2295700e-01   -6.0814723e-02
4.3890101e-01   -5.9471458e-02
4.5489901e-01   -5.8176853e-02
4.7093499e-01   -5.6388631e-02
4.8699200e-01   -5.5023853e-02
5.0305498e-01   -5.3045779e-02
5.1910698e-01   -5.1403631e-02
5.3513199e-01   -4.9109641e-02
5.5111402e-01   -4.7282901e-02
5.6703597e-01   -4.5199335e-02
5.8288401e-01   -4.2791285e-02
5.9864002e-01   -4.0639825e-02
6.1429000e-01   -3.8186818e-02
6.2981701e-01   -3.5741121e-02
6.4520597e-01   -3.3311497e-02
6.6044199e-01   -3.0650176e-02
6.7550898e-01   -2.8225899e-02
6.9039297e-01   -2.5653057e-02
7.0507699e-01   -2.2975989e-02
7.1954900e-01   -2.0042725e-02
7.3379302e-01   -1.7402967e-02
7.4779499e-01   -1.4578071e-02
7.6154202e-01   -1.1908434e-02
7.7501899e-01   -8.8547897e-03
7.8821403e-01   -6.2787267e-03
8.0111301e-01   -3.9804070e-03
8.1370401e-01   -1.4875279e-03
8.2597297e-01   8.1621093e-04
8.3791000e-01   2.9797968e-03
8.4950101e-01   4.6036774e-03
8.6073500e-01   6.4428397e-03
8.7160099e-01   7.8218915e-03
8.8208801e-01   8.5498923e-03
8.9218402e-01   9.6054710e-03
9.0188003e-01   1.0164152e-02
9.1116500e-01   1.0467678e-02
9.2003101e-01   1.0513552e-02
9.2846799e-01   1.0272564e-02
9.3646699e-01   9.9434573e-03
9.4401902e-01   9.6810749e-03
9.5111603e-01   8.8263759e-03
9.5775098e-01   7.8439424e-03
9.6392000e-01   7.1059088e-03
9.6961600e-01   6.0942890e-03
9.7483599e-01   4.9967151e-03
9.7957498e-01   3.7992310e-03
9.8383099e-01   2.6471713e-03
9.8759800e-01   1.6087699e-03
9.9087399e-01   6.5577717e-04
9.9365300e-01   -1.5672168e-04
9.9593401e-01   -7.5080537e-04
9.9771100e-01   -1.3141660e-03
9.9898201e-01   -1.6117445e-03
9.9974501e-01   -1.7458772e-03
1.0000000e+00   -1.7426104e-03
