1.0000000e+00   5.2595226e-04
9.9974501e-01   7.1229541e-04
9.9898201e-01   8.0443471e-04
9.9771100e-01   1.1824962e-03
9.9593300e-01   1.4881241e-03
9.9365300e-01   1.5535405e-03
9.9087399e-01   2.4292285e-03
9.8759800e-01   3.2883172e-03
9.8382998e-01   4.4881776e-03
9.7957498e-01   5.3851851e-03
9.7483599e-01   6.5117734e-03
9.6961600e-01   7.8322534e-03
9.6392000e-01   8.9477655e-03
9.5775098e-01   1.0806311e-02
9.5111603e-01   1.2804512e-02
9.4401902e-01   1.4634780e-02
9.3646699e-01   1.6834415e-02
9.2846799e-01   1.9578036e-02
9.2003101e-01   2.1543259e-02
9.1116500e-01   2.4551751e-02
9.0187901e-01   2.7361045e-02
8.9218301e-01   3.0949639e-02
8.8208699e-01   3.4587011e-02
8.7160099e-01   3.8256656e-02
8.6073500e-01   4.2032335e-02
8.4950101e-01   4.6869617e-02
8.3791000e-01   5.1243659e-02
8.2597399e-01   5.5823348e-02
8.1370401e-01   6.1125789e-02
8.0111301e-01   6.6362560e-02
7.8821403e-01   7.1896829e-02
7.7501899e-01   7.7966258e-02
7.6154101e-01   8.3469875e-02
7.4779499e-01   8.9541376e-02
7.3379201e-01   9.6541390e-02
7.1954799e-01   1.0331082e-01
7.0507699e-01   1.0944889e-01
6.9039202e-01   1.1673712e-01
6.7550898e-01   1.2413616e-01
6.6044199e-01   1.3188712e-01
6.4520597e-01   1.3899150e-01
6.2981701e-01   1.4697821e-01
6.1429000e-01   1.5445364e-01
5.9864002e-01   1.6206142e-01
5.8288401e-01   1.6994691e-01
5.6703597e-01   1.7780600e-01
5.5111301e-01   1.8517616e-01
5.3513098e-01   1.9297373e-01
5.1910597e-01   2.0024641e-01
5.0305402e-01   2.0801634e-01
4.8699099e-01   2.1575497e-01
4.7093400e-01   2.2179852e-01
4.5489800e-01   2.2882828e-01
4.3889999e-01   2.3574656e-01
4.2295599e-01   2.4224372e-01
4.0708300e-01   2.4694499e-01
3.9129499e-01   2.5254449e-01
3.7560999e-01   2.5634217e-01
3.6004400e-01   2.6021278e-01
3.4461200e-01   2.6431972e-01
3.2933000e-01   2.6718253e-01
3.1421301e-01   2.6901528e-01
2.9927900e-01   2.7071011e-01
2.8454101e-01   2.7121082e-01
2.7001500e-01   2.7090240e-01
2.5571701e-01   2.6977322e-01
2.4166100e-01   2.6921341e-01
2.2786200e-01   2.6637682e-01
2.1433599e-01   2.6284167e-01
2.0109500e-01   2.5929746e-01
1.8815500e-01   2.5489828e-01
1.7553000e-01   2.4924463e-01
1.6323400e-01   2.4338728e-01
1.5128000e-01   2.3606785e-01
1.3968100e-01   2.2908504e-01
1.2845200e-01   2.1968345e-01
1.1760600e-01   2.1113670e-01
1.0715500e-01   2.0125273e-01
9.7112998e-02   1.9147329e-01
8.7493002e-02   1.8139449e-01
7.8305997e-02   1.7006442e-01
6.9565997e-02   1.5894428e-01
6.1285000e-02   1.4720285e-01
5.3474002e-02   1.3565277e-01
4.6149999e-02   1.2368104e-01
3.9326001e-02   1.1214358e-01
3.3013999e-02   1.0049242e-01
2.7230000e-02   8.8746317e-02
2.1980001e-02   7.7277109e-02
1.7277000e-02   6.5882519e-02
1.3141000e-02   5.4946210e-02
9.5729996e-03   4.4419531e-02
6.5830001e-03   3.4914557e-02
4.1880002e-03   2.6089411e-02
2.3540000e-03   1.8317085e-02
1.0810000e-03   1.1650957e-02
3.7100000e-04   6.4060749e-03
7.6999997e-05   2.5703921e-03
4.9999999e-06   4.9557647e-04
0.0000000e+00   -3.5975242e-04
4.9999999e-06   -1.0854052e-03
7.6999997e-05   -3.2854741e-03
3.7100000e-04   -6.8379361e-03
1.0810000e-03   -1.1437149e-02
2.3530000e-03   -1.7152101e-02
4.1880002e-03   -2.3093358e-02
6.5850001e-03   -2.9159950e-02
9.5760003e-03   -3.4765337e-02
1.3145000e-02   -4.0296908e-02
1.7281000e-02   -4.5206878e-02
2.1983000e-02   -4.9537420e-02
2.7232001e-02   -5.3550407e-02
3.3016000e-02   -5.7428874e-02
3.9328001e-02   -6.0389489e-02
4.6151999e-02   -6.2728457e-02
5.3475998e-02   -6.4970396e-02
6.1287001e-02   -6.6715688e-02
6.9568001e-02   -6.7916937e-02
7.8308001e-02   -6.8650879e-02
8.7494999e-02   -6.9644853e-02
9.7115003e-02   -6.9553703e-02
1.0715700e-01   -6.9623061e-02
1.1760800e-01   -6.9941230e-02
1.2845400e-01   -6.9448352e-02
1.3968299e-01   -6.9472730e-02
1.5128200e-01   -6.8459854e-02
1.6323499e-01   -6.7321777e-02
1.7553200e-01   -6.6325553e-02
1.8815701e-01   -6.5448232e-02
2.0109700e-01   -6.3943654e-02
2.1433701e-01   -6.2207982e-02
2.2786400e-01   -6.0861044e-02
2.4166299e-01   -5.9377521e-02
2.5571901e-01   -5.7994653e-02
2.7001700e-01   -5.5978574e-02
2.8454199e-01   -5.4747563e-02
2.9927999e-01   -5.2380893e-02
3.1421500e-01   -5.1048037e-02
3.2933101e-01   -4.9815331e-02
3.4461299e-01   -4.8044492e-02
3.6004499e-01   -4.5786075e-02
3.7561101e-01   -4.4781204e-02
3.9129600e-01   -4.2474993e-02
4.0708300e-01   -4.1279159e-02
4.2295700e-01   -3.9425261e-02
4.3890101e-01   -3.8285077e-02
4.5489901e-01   -3.7450381e-02
4.7093499e-01   -3.6029711e-02
4.8699200e-01   -3.4597866e-02
5.0305498e-01   -3.2868985e-02
5.1910698e-01   -3.2574061e-02
5.3513199e-01   -3.0738655e-02
5.5111402e-01   -2.9101631e-02
5.6703597e-01   -2.8659238e-02
5.8288401e-01   -2.7357442e-02
5.9864002e-01   -2.6912630e-02
6.1429000e-01   -2.6125845e-02
6.2981701e-01   -2.5098165e-02
6.4520597e-01   -2.4004400e-02
6.6044199e-01   -2.3017215e-02
6.7550898e-01   -2.2087978e-02
6.9039297e-01   -2.1156559e-02
7.0507699e-01   -2.0465296e-02
7.1954900e-01   -2.0273102e-02
7.3379302e-01   -1.8616237e-02
7.4779499e-01   -1.8734159e-02
7.6154202e-01   -1.8006977e-02
7.7501899e-01   -1.7537883e-02
7.8821403e-01   -1.6459396e-02
8.0111301e-01   -1.5525135e-02
8.1370401e-01   -1.4902994e-02
8.2597297e-01   -1.4217786e-02
8.3791000e-01   -1.3109935e-02
8.4950101e-01   -1.2587467e-02
8.6073500e-01   -1.1945773e-02
8.7160099e-01   -1.1118186e-02
8.8208801e-01   -1.0155412e-02
8.9218402e-01   -9.9564334e-03
9.0188003e-01   -8.5998485e-03
9.1116500e-01   -7.9976935e-03
9.2003101e-01   -7.6882909e-03
9.2846799e-01   -6.9016274e-03
9.3646699e-01   -6.7566759e-03
9.4401902e-01   -6.0632364e-03
9.5111603e-01   -5.7261055e-03
9.5775098e-01   -5.0236066e-03
9.6392000e-01   -4.7139577e-03
9.6961600e-01   -4.5971447e-03
9.7483599e-01   -4.1597681e-03
9.7957498e-01   -3.6453723e-03
9.8383099e-01   -3.2820164e-03
9.8759800e-01   -3.3293420e-03
9.9087399e-01   -3.1644891e-03
9.9365300e-01   -2.9114860e-03
9.9593401e-01   -2.8325787e-03
9.9771100e-01   -2.8393026e-03
9.9898201e-01   -2.6888270e-03
9.9974501e-01   -2.5278199e-03
1.0000000e+00   -2.4909463e-03
