1.0000000e+00   3.3676301e-03
9.9974501e-01   3.5472075e-03
9.9898201e-01   4.0782816e-03
9.9771100e-01   4.9253162e-03
9.9593300e-01   6.0705543e-03
9.9365300e-01   7.5713317e-03
9.9087399e-01   9.4639575e-03
9.8759800e-01   1.1680156e-02
9.8382998e-01   1.4192463e-02
9.7957498e-01   1.6995421e-02
9.7483599e-01   2.0059356e-02
9.6961600e-01   2.3372972e-02
9.6392000e-01   2.6953017e-02
9.5775098e-01   3.0796019e-02
9.5111603e-01   3.4896228e-02
9.4401902e-01   3.9236888e-02
9.3646699e-01   4.3793246e-02
9.2846799e-01   4.8542146e-02
9.2003101e-01   5.3478967e-02
9.1116500e-01   5.8604851e-02
9.0187901e-01   6.3924633e-02
8.9218301e-01   6.9424264e-02
8.8208699e-01   7.5089321e-02
8.7160099e-01   8.0906369e-02
8.6073500e-01   8.6836025e-02
8.4950101e-01   9.2839256e-02
8.3791000e-01   9.8953061e-02
8.2597399e-01   1.0518483e-01
8.1370401e-01   1.1147615e-01
8.0111301e-01   1.1783617e-01
7.8821403e-01   1.2426412e-01
7.7501899e-01   1.3076818e-01
7.6154101e-01   1.3735336e-01
7.4779499e-01   1.4398921e-01
7.3379201e-01   1.5065528e-01
7.1954799e-01   1.5734044e-01
7.0507699e-01   1.6403191e-01
6.9039202e-01   1.7074655e-01
6.7550898e-01   1.7744748e-01
6.6044199e-01   1.8409933e-01
6.4520597e-01   1.9066447e-01
6.2981701e-01   1.9708848e-01
6.1429000e-01   2.0333263e-01
5.9864002e-01   2.0939319e-01
5.8288401e-01   2.1525982e-01
5.6703597e-01   2.2088008e-01
5.5111301e-01   2.2621492e-01
5.3513098e-01   2.3124814e-01
5.1910597e-01   2.3596510e-01
5.0305402e-01   2.4033371e-01
4.8699099e-01   2.4433304e-01
4.7093400e-01   2.4797899e-01
4.5489800e-01   2.5124970e-01
4.3889999e-01   2.5408933e-01
4.2295599e-01   2.5647211e-01
4.0708300e-01   2.5842372e-01
3.9129499e-01   2.5994587e-01
3.7560999e-01   2.6100615e-01
3.6004400e-01   2.6161489e-01
3.4461200e-01   2.6181442e-01
3.2933000e-01   2.6158196e-01
3.1421301e-01   2.6087290e-01
2.9927900e-01   2.5973275e-01
2.8454101e-01   2.5823811e-01
2.7001500e-01   2.5633287e-01
2.5571701e-01   2.5391838e-01
2.4166100e-01   2.5100213e-01
2.2786200e-01   2.4766240e-01
2.1433599e-01   2.4388963e-01
2.0109500e-01   2.3963286e-01
1.8815500e-01   2.3491304e-01
1.7553000e-01   2.2978303e-01
1.6323400e-01   2.2425844e-01
1.5128000e-01   2.1828169e-01
1.3968100e-01   2.1185838e-01
1.2845200e-01   2.0508100e-01
1.1760600e-01   1.9786063e-01
1.0715500e-01   1.9014733e-01
9.7112998e-02   1.8201244e-01
8.7493002e-02   1.7348067e-01
7.8305997e-02   1.6452594e-01
6.9565997e-02   1.5511924e-01
6.1285000e-02   1.4525266e-01
5.3474002e-02   1.3499512e-01
4.6149999e-02   1.2442334e-01
3.9326001e-02   1.1365829e-01
3.3013999e-02   1.0286324e-01
2.7230000e-02   9.2317767e-02
2.1980001e-02   8.2120605e-02
1.7277000e-02   7.1795985e-02
1.3141000e-02   6.1249766e-02
9.5729996e-03   5.0825246e-02
6.5830001e-03   4.0801037e-02
4.1880002e-03   3.1348053e-02
2.3540000e-03   2.2751415e-02
1.0810000e-03   1.5199958e-02
3.7100000e-04   8.9712702e-03
7.6999997e-05   4.3292930e-03
4.9999999e-06   1.4702745e-03
0.0000000e+00   5.0800917e-04
4.9999999e-06   -4.4065548e-04
7.6999997e-05   -3.2303066e-03
3.7100000e-04   -7.5865001e-03
1.0810000e-03   -1.2988392e-02
2.3530000e-03   -1.8736841e-02
4.1880002e-03   -2.4235260e-02
6.5850001e-03   -2.9267652e-02
9.5760003e-03   -3.4241181e-02
1.3145000e-02   -3.9284807e-02
1.7281000e-02   -4.3481626e-02
2.1983000e-02   -4.6780162e-02
2.7232001e-02   -4.9365837e-02
3.3016000e-02   -5.1345196e-02
3.9328001e-02   -5.2890439e-02
4.6151999e-02   -5.4068774e-02
5.3475998e-02   -5.4905716e-02
6.1287001e-02   -5.5433184e-02
6.9568001e-02   -5.5673115e-02
7.8308001e-02   -5.5626512e-02
8.7494999e-02   -5.5302806e-02
9.7115003e-02   -5.4711010e-02
1.0715700e-01   -5.3926896e-02
1.1760800e-01   -5.2946944e-02
1.2845400e-01   -5.1745810e-02
1.3968299e-01   -5.0316300e-02
1.5128200e-01   -4.8668567e-02
1.6323499e-01   -4.6832420e-02
1.7553200e-01   -4.4813380e-02
1.8815701e-01   -4.2621471e-02
2.0109700e-01   -4.0316481e-02
2.1433701e-01   -3.7912507e-02
2.2786400e-01   -3.5380695e-02
2.4166299e-01   -3.2758903e-02
2.5571901e-01   -3.0123174e-02
2.7001700e-01   -2.7467120e-02
2.8454199e-01   -2.4727406e-02
2.9927999e-01   -2.1907713e-02
3.1421500e-01   -1.9063063e-02
3.2933101e-01   -1.6206820e-02
3.4461299e-01   -1.3324332e-02
3.6004499e-01   -1.0429760e-02
3.7561101e-01   -7.5624185e-03
3.9129600e-01   -4.7518848e-03
4.0708300e-01   -2.0273449e-03
4.2295700e-01   6.1393896e-04
4.3890101e-01   3.1434270e-03
4.5489901e-01   5.5399416e-03
4.7093499e-01   7.8140097e-03
4.8699200e-01   9.9858046e-03
5.0305498e-01   1.2020269e-02
5.1910698e-01   1.3901973e-02
5.3513199e-01   1.5629152e-02
5.5111402e-01   1.7206550e-02
5.6703597e-01   1.8629322e-02
5.8288401e-01   1.9887209e-02
5.9864002e-01   2.0993285e-02
6.1429000e-01   2.1930102e-02
6.2981701e-01   2.2676852e-02
6.4520597e-01   2.3239458e-02
6.6044199e-01   2.3668084e-02
6.7550898e-01   2.3992131e-02
6.9039297e-01   2.4199165e-02
7.0507699e-01   2.4277160e-02
7.1954900e-01   2.4222868e-02
7.3379302e-01   2.4061173e-02
7.4779499e-01   2.3785407e-02
7.6154202e-01   2.3372108e-02
7.7501899e-01   2.2810606e-02
7.8821403e-01   2.2146530e-02
8.0111301e-01   2.1393793e-02
8.1370401e-01   2.0567825e-02
8.2597297e-01   1.9696804e-02
8.3791000e-01   1.8788410e-02
8.4950101e-01   1.7830454e-02
8.6073500e-01   1.6811339e-02
8.7160099e-01   1.5728250e-02
8.8208801e-01   1.4579334e-02
8.9218402e-01   1.3354571e-02
9.0188003e-01   1.2066743e-02
9.1116500e-01   1.0742018e-02
9.2003101e-01   9.4079338e-03
9.2846799e-01   8.1013460e-03
9.3646699e-01   6.8532294e-03
9.4401902e-01   5.6592133e-03
9.5111603e-01   4.5099957e-03
9.5775098e-01   3.4202391e-03
9.6392000e-01   2.4286320e-03
9.6961600e-01   1.5785951e-03
9.7483599e-01   8.7589282e-04
9.7957498e-01   2.7532596e-04
9.8383099e-01   -2.5994051e-04
9.8759800e-01   -6.9723639e-04
9.9087399e-01   -1.0393780e-03
9.9365300e-01   -1.3353761e-03
9.9593401e-01   -1.6313973e-03
9.9771100e-01   -1.8770654e-03
9.9898201e-01   -2.0272816e-03
9.9974501e-01   -2.1029066e-03
1.0000000e+00   -2.1281750e-03
