1.0000000e+00   1.3906853e-02
9.9974501e-01   1.3342483e-02
9.9898201e-01   1.4140868e-02
9.9771100e-01   1.4787752e-02
9.9593300e-01   1.6010690e-02
9.9365300e-01   1.7276393e-02
9.9087399e-01   1.7961787e-02
9.8759800e-01   2.1145230e-02
9.8382998e-01   2.2694955e-02
9.7957498e-01   2.5956361e-02
9.7483599e-01   2.8583512e-02
9.6961600e-01   3.2361392e-02
9.6392000e-01   3.6227081e-02
9.5775098e-01   4.0055215e-02
9.5111603e-01   4.5059104e-02
9.4401902e-01   4.9424026e-02
9.3646699e-01   5.4302167e-02
9.2846799e-01   5.9516031e-02
9.2003101e-01   6.4720847e-02
9.1116500e-01   7.0308000e-02
9.0187901e-01   7.4786134e-02
8.9218301e-01   8.1368104e-02
8.8208699e-01   8.8060930e-02
8.7160099e-01   9.5346577e-02
8.6073500e-01   1.0248171e-01
8.4950101e-01   1.0857637e-01
8.3791000e-01   1.1573232e-01
8.2597399e-01   1.2320776e-01
8.1370401e-01   1.3146561e-01
8.0111301e-01   1.3937019e-01
7.8821403e-01   1.4720663e-01
7.7501899e-01   1.5568748e-01
7.6154101e-01   1.6404435e-01
7.4779499e-01   1.7292681e-01
7.3379201e-01   1.7991200e-01
7.1954799e-01   1.8843645e-01
7.0507699e-01   1.9631898e-01
6.9039202e-01   2.0342684e-01
6.7550898e-01   2.1097641e-01
6.6044199e-01   2.1815749e-01
6.4520597e-01   2.2351919e-01
6.2981701e-01   2.3240168e-01
6.1429000e-01   2.3803657e-01
5.9864002e-01   2.4390434e-01
5.8288401e-01   2.4987991e-01
5.6703597e-01   2.5550660e-01
5.5111301e-01   2.6032767e-01
5.3513098e-01   2.6513970e-01
5.1910597e-01   2.7043185e-01
5.0305402e-01   2.7288863e-01
4.8699099e-01   2.7736375e-01
4.7093400e-01   2.8191620e-01
4.5489800e-01   2.8382990e-01
4.3889999e-01   2.8722122e-01
4.2295599e-01   2.8903446e-01
4.0708300e-01   2.9056913e-01
3.9129499e-01   2.9177743e-01
3.7560999e-01   2.9194281e-01
3.6004400e-01   2.9241034e-01
3.4461200e-01   2.9164952e-01
3.2933000e-01   2.9123476e-01
3.1421301e-01   2.9223210e-01
2.9927900e-01   2.8933978e-01
2.8454101e-01   2.8795442e-01
2.7001500e-01   2.8355709e-01
2.5571701e-01   2.8006324e-01
2.4166100e-01   2.7707642e-01
2.2786200e-01   2.7200031e-01
2.1433599e-01   2.6744691e-01
2.0109500e-01   2.6195109e-01
1.8815500e-01   2.5716978e-01
1.7553000e-01   2.5128615e-01
1.6323400e-01   2.4372937e-01
1.5128000e-01   2.3666069e-01
1.3968100e-01   2.2826210e-01
1.2845200e-01   2.2082308e-01
1.1760600e-01   2.1279423e-01
1.0715500e-01   2.0445977e-01
9.7112998e-02   1.9448410e-01
8.7493002e-02   1.8433768e-01
7.8305997e-02   1.7491816e-01
6.9565997e-02   1.6433874e-01
6.1285000e-02   1.5455349e-01
5.3474002e-02   1.4321236e-01
4.6149999e-02   1.3323487e-01
3.9326001e-02   1.2153335e-01
3.3013999e-02   1.1075137e-01
2.7230000e-02   9.9652767e-02
2.1980001e-02   8.7799318e-02
1.7277000e-02   7.6094650e-02
1.3141000e-02   6.4847805e-02
9.5729996e-03   5.3710617e-02
6.5830001e-03   4.2841688e-02
4.1880002e-03   3.2940216e-02
2.3540000e-03   2.4121745e-02
1.0810000e-03   1.6078098e-02
3.7100000e-04   1.0008071e-02
7.6999997e-05   5.4263389e-03
4.9999999e-06   2.4158943e-03
0.0000000e+00   1.9175403e-03
4.9999999e-06   1.0935911e-03
7.6999997e-05   -1.9130071e-03
3.7100000e-04   -6.6469517e-03
1.0810000e-03   -1.2741189e-02
2.3530000e-03   -1.8669015e-02
4.1880002e-03   -2.5244022e-02
6.5850001e-03   -3.1880207e-02
9.5760003e-03   -3.6017373e-02
1.3145000e-02   -4.1274093e-02
1.7281000e-02   -4.6045881e-02
2.1983000e-02   -5.0501056e-02
2.7232001e-02   -5.3201195e-02
3.3016000e-02   -5.6797542e-02
3.9328001e-02   -5.9315484e-02
4.6151999e-02   -6.2358759e-02
5.3475998e-02   -6.4525209e-02
6.1287001e-02   -6.6119403e-02
6.9568001e-02   -6.7892246e-02
7.8308001e-02   -7.0288323e-02
8.7494999e-02   -7.1457848e-02
9.7115003e-02   -7.3059551e-02
1.0715700e-01   -7.5327553e-02
1.1760800e-01   -7.5958975e-02
1.2845400e-01   -7.7644058e-02
1.3968299e-01   -7.6616995e-02
1.5128200e-01   -7.7742383e-02
1.6323499e-01   -7.8950584e-02
1.7553200e-01   -7.9120182e-02
1.8815701e-01   -8.0240183e-02
2.0109700e-01   -8.1953801e-02
2.1433701e-01   -8.2400195e-02
2.2786400e-01   -8.3700038e-02
2.4166299e-01   -8.4023833e-02
2.5571901e-01   -8.3339065e-02
2.7001700e-01   -8.4291510e-02
2.8454199e-01   -8.3778754e-02
2.9927999e-01   -8.6423732e-02
3.1421500e-01   -8.5865125e-02
3.2933101e-01   -8.6570129e-02
3.4461299e-01   -8.5596450e-02
3.6004499e-01   -8.7126188e-02
3.7561101e-01   -8.7375320e-02
3.9129600e-01   -8.8606670e-02
4.0708300e-01   -8.8358127e-02
4.2295700e-01   -8.7046951e-02
4.3890101e-01   -8.7968804e-02
4.5489901e-01   -8.8623464e-02
4.7093499e-01   -8.8645883e-02
4.8699200e-01   -8.9206152e-02
5.0305498e-01   -8.8412926e-02
5.1910698e-01   -8.7825932e-02
5.3513199e-01   -8.7831028e-02
5.5111402e-01   -8.6488217e-02
5.6703597e-01   -8.5823201e-02
5.8288401e-01   -8.6566657e-02
5.9864002e-01   -8.4309615e-02
6.1429000e-01   -8.3953604e-02
6.2981701e-01   -8.3400175e-02
6.4520597e-01   -8.2508922e-02
6.6044199e-01   -8.2483403e-02
6.7550898e-01   -8.1370950e-02
6.9039297e-01   -7.9111964e-02
7.0507699e-01   -7.8086831e-02
7.1954900e-01   -7.6879151e-02
7.3379302e-01   -7.6416299e-02
7.4779499e-01   -7.5978436e-02
7.6154202e-01   -7.3711306e-02
7.7501899e-01   -7.3180780e-02
7.8821403e-01   -7.0683606e-02
8.0111301e-01   -6.8726778e-02
8.1370401e-01   -6.7436025e-02
8.2597297e-01   -6.5036967e-02
8.3791000e-01   -6.3252471e-02
8.4950101e-01   -6.1261505e-02
8.6073500e-01   -6.0394950e-02
8.7160099e-01   -5.7837609e-02
8.8208801e-01   -5.5724598e-02
8.9218402e-01   -5.4130595e-02
9.0188003e-01   -5.1350094e-02
9.1116500e-01   -4.9198452e-02
9.2003101e-01   -4.7074232e-02
9.2846799e-01   -4.4480938e-02
9.3646699e-01   -4.3211021e-02
9.4401902e-01   -4.0301569e-02
9.5111603e-01   -3.8022634e-02
9.5775098e-01   -3.6071394e-02
9.6392000e-01   -3.2878097e-02
9.6961600e-01   -3.1358171e-02
9.7483599e-01   -2.8983414e-02
9.7957498e-01   -2.7023142e-02
9.8383099e-01   -2.5318634e-02
9.8759800e-01   -2.2771604e-02
9.9087399e-01   -2.2444373e-02
9.9365300e-01   -2.0824235e-02
9.9593401e-01   -1.9644449e-02
9.9771100e-01   -2.0021548e-02
9.9898201e-01   -1.9616975e-02
9.9974501e-01   -1.9055841e-02
1.0000000e+00   -1.7945211e-02
