1.0000000e+00   7.9788230e-02
9.9974501e-01   7.9948649e-02
9.9898201e-01   8.0423795e-02
9.9771100e-01   8.1179105e-02
9.9593300e-01   8.2184792e-02
9.9365300e-01   8.3500892e-02
9.9087399e-01   8.5216701e-02
9.8759800e-01   8.7354109e-02
9.8382998e-01   8.9857101e-02
9.7957498e-01   9.2652120e-02
9.7483599e-01   9.5681958e-02
9.6961600e-01   9.8932505e-02
9.6392000e-01   1.0238676e-01
9.5775098e-01   1.0604308e-01
9.5111603e-01   1.0989475e-01
9.4401902e-01   1.1394995e-01
9.3646699e-01   1.1819729e-01
9.2846799e-01   1.2262174e-01
9.2003101e-01   1.2725772e-01
9.1116500e-01   1.3189940e-01
9.0187901e-01   1.3689050e-01
8.9218301e-01   1.4219284e-01
8.8208699e-01   1.4740433e-01
8.7160099e-01   1.5272373e-01
8.6073500e-01   1.5822715e-01
8.4950101e-01   1.6379438e-01
8.3791000e-01   1.6945367e-01
8.2597399e-01   1.7523673e-01
8.1370401e-01   1.8108898e-01
8.0111301e-01   1.8701963e-01
7.8821403e-01   1.9300887e-01
7.7501899e-01   1.9904442e-01
7.6154101e-01   2.0514722e-01
7.4779499e-01   2.1131799e-01
7.3379201e-01   2.1753985e-01
7.1954799e-01   2.2377765e-01
7.0507699e-01   2.2999920e-01
6.9039202e-01   2.3622137e-01
6.7550898e-01   2.4240915e-01
6.6044199e-01   2.4852873e-01
6.4520597e-01   2.5456983e-01
6.2981701e-01   2.6046440e-01
6.1429000e-01   2.6614615e-01
5.9864002e-01   2.7157983e-01
5.8288401e-01   2.7674958e-01
5.6703597e-01   2.8158632e-01
5.5111301e-01   2.8601715e-01
5.3513098e-01   2.9002517e-01
5.1910597e-01   2.9360497e-01
5.0305402e-01   2.9672453e-01
4.8699099e-01   2.9935053e-01
4.7093400e-01   3.0153599e-01
4.5489800e-01   3.0332008e-01
4.3889999e-01   3.0471575e-01
4.2295599e-01   3.0580035e-01
4.0708300e-01   3.0660665e-01
3.9129499e-01   3.0712336e-01
3.7560999e-01   3.0729672e-01
3.6004400e-01   3.0710146e-01
3.4461200e-01   3.0659384e-01
3.2933000e-01   3.0574697e-01
3.1421301e-01   3.0450091e-01
2.9927900e-01   3.0290732e-01
2.8454101e-01   3.0098215e-01
2.7001500e-01   2.9869285e-01
2.5571701e-01   2.9576847e-01
2.4166100e-01   2.9291108e-01
2.2786200e-01   2.8979510e-01
2.1433599e-01   2.8467804e-01
2.0109500e-01   2.7915648e-01
1.8815500e-01   2.7354449e-01
1.7553000e-01   2.6707938e-01
1.6323400e-01   2.5986215e-01
1.5128000e-01   2.5196853e-01
1.3968100e-01   2.4339823e-01
1.2845200e-01   2.3427171e-01
1.1760600e-01   2.2464158e-01
1.0715500e-01   2.1452709e-01
9.7112998e-02   2.0395881e-01
8.7493002e-02   1.9293828e-01
7.8305997e-02   1.8151940e-01
6.9565997e-02   1.6974774e-01
6.1285000e-02   1.5761904e-01
5.3474002e-02   1.4519052e-01
4.6149999e-02   1.3257019e-01
3.9326001e-02   1.1991928e-01
3.3013999e-02   1.0742857e-01
2.7230000e-02   9.5293269e-02
2.1980001e-02   8.3535351e-02
1.7277000e-02   7.1866632e-02
1.3141000e-02   6.0267460e-02
9.5729996e-03   4.9043395e-02
6.5830001e-03   3.8416430e-02
4.1880002e-03   2.8514933e-02
2.3540000e-03   1.9559518e-02
1.0810000e-03   1.1748602e-02
3.7100000e-04   5.3482996e-03
7.6999997e-05   6.1683467e-04
4.9999999e-06   -2.2838053e-03
0.0000000e+00   -3.2630342e-03
4.9999999e-06   -4.2306930e-03
7.6999997e-05   -7.1458058e-03
3.7100000e-04   -1.1953936e-02
1.0810000e-03   -1.8382180e-02
2.3530000e-03   -2.5843117e-02
4.1880002e-03   -3.3552237e-02
6.5850001e-03   -4.1016273e-02
9.5760003e-03   -4.8215978e-02
1.3145000e-02   -5.5937998e-02
1.7281000e-02   -6.3749991e-02
2.1983000e-02   -7.1204074e-02
2.7232001e-02   -7.8274913e-02
3.3016000e-02   -8.5020423e-02
3.9328001e-02   -9.1523655e-02
4.6151999e-02   -9.7909555e-02
5.3475998e-02   -1.0431064e-01
6.1287001e-02   -1.1087824e-01
6.9568001e-02   -1.1751607e-01
7.8308001e-02   -1.2399548e-01
8.7494999e-02   -1.3016938e-01
9.7115003e-02   -1.3594846e-01
1.0715700e-01   -1.4129288e-01
1.1760800e-01   -1.4613372e-01
1.2845400e-01   -1.5048742e-01
1.3968299e-01   -1.5443799e-01
1.5128200e-01   -1.5794738e-01
1.6323499e-01   -1.6099928e-01
1.7553200e-01   -1.6357161e-01
1.8815701e-01   -1.6563201e-01
2.0109700e-01   -1.6734597e-01
2.1433701e-01   -1.6862763e-01
2.2786400e-01   -1.6911724e-01
2.4166299e-01   -1.6929252e-01
2.5571901e-01   -1.6935356e-01
2.7001700e-01   -1.6911790e-01
2.8454199e-01   -1.6868111e-01
2.9927999e-01   -1.6804168e-01
3.1421500e-01   -1.6716988e-01
3.2933101e-01   -1.6608706e-01
3.4461299e-01   -1.6480953e-01
3.6004499e-01   -1.6332591e-01
3.7561101e-01   -1.6161029e-01
3.9129600e-01   -1.5969042e-01
4.0708300e-01   -1.5764096e-01
4.2295700e-01   -1.5547717e-01
4.3890101e-01   -1.5323599e-01
4.5489901e-01   -1.5100643e-01
4.7093499e-01   -1.4885667e-01
4.8699200e-01   -1.4679375e-01
5.0305498e-01   -1.4480196e-01
5.1910698e-01   -1.4289698e-01
5.3513199e-01   -1.4109126e-01
5.5111402e-01   -1.3937601e-01
5.6703597e-01   -1.3771564e-01
5.8288401e-01   -1.3610917e-01
5.9864002e-01   -1.3457482e-01
6.1429000e-01   -1.3313431e-01
6.2981701e-01   -1.3180542e-01
6.4520597e-01   -1.3059846e-01
6.6044199e-01   -1.2946340e-01
6.7550898e-01   -1.2834188e-01
6.9039297e-01   -1.2721266e-01
7.0507699e-01   -1.2609583e-01
7.1954900e-01   -1.2500268e-01
7.3379302e-01   -1.2389437e-01
7.4779499e-01   -1.2276127e-01
7.6154202e-01   -1.2162802e-01
7.7501899e-01   -1.2051353e-01
7.8821403e-01   -1.1936779e-01
8.0111301e-01   -1.1815806e-01
8.1370401e-01   -1.1685901e-01
8.2597297e-01   -1.1547623e-01
8.3791000e-01   -1.1397644e-01
8.4950101e-01   -1.1238735e-01
8.6073500e-01   -1.1069058e-01
8.7160099e-01   -1.0891490e-01
8.8208801e-01   -1.0711458e-01
8.9218402e-01   -1.0532960e-01
9.0188003e-01   -1.0352375e-01
9.1116500e-01   -1.0167034e-01
9.2003101e-01   -9.9812381e-02
9.2846799e-01   -9.7947285e-02
9.3646699e-01   -9.6046761e-02
9.4401902e-01   -9.4137333e-02
9.5111603e-01   -9.2245340e-02
9.5775098e-01   -9.0363927e-02
9.6392000e-01   -8.8479519e-02
9.6961600e-01   -8.6579643e-02
9.7483599e-01   -8.4667481e-02
9.7957498e-01   -8.2807988e-02
9.8383099e-01   -8.1048042e-02
9.8759800e-01   -7.9357773e-02
9.9087399e-01   -7.7812843e-02
9.9365300e-01   -7.6577149e-02
9.9593401e-01   -7.5724266e-02
9.9771100e-01   -7.5106293e-02
9.9898201e-01   -7.4569725e-02
9.9974501e-01   -7.4196272e-02
1.0000000e+00   -7.4070431e-02
