1.0000000e+00   1.7181603e-03
9.9974501e-01   1.7770559e-03
9.9898201e-01   2.1155400e-03
9.9771100e-01   2.8890495e-03
9.9593300e-01   4.0575680e-03
9.9365300e-01   5.1585799e-03
9.9087399e-01   6.5809125e-03
9.8759800e-01   8.5351309e-03
9.8382998e-01   1.0541567e-02
9.7957498e-01   1.3090351e-02
9.7483599e-01   1.5607883e-02
9.6961600e-01   1.8666390e-02
9.6392000e-01   2.1789806e-02
9.5775098e-01   2.5291897e-02
9.5111603e-01   2.8991269e-02
9.4401902e-01   3.2953318e-02
9.3646699e-01   3.6666811e-02
9.2846799e-01   4.0995002e-02
9.2003101e-01   4.5393534e-02
9.1116500e-01   4.9858477e-02
9.0187901e-01   5.4783314e-02
8.9218301e-01   5.9518725e-02
8.8208699e-01   6.4533465e-02
8.7160099e-01   6.9851436e-02
8.6073500e-01   7.5273916e-02
8.4950101e-01   8.0557585e-02
8.3791000e-01   8.6325914e-02
8.2597399e-01   9.1990188e-02
8.1370401e-01   9.7816110e-02
8.0111301e-01   1.0371976e-01
7.8821403e-01   1.0949113e-01
7.7501899e-01   1.1506654e-01
7.6154101e-01   1.2108386e-01
7.4779499e-01   1.2729399e-01
7.3379201e-01   1.3286647e-01
7.1954799e-01   1.3876165e-01
7.0507699e-01   1.4485383e-01
6.9039202e-01   1.5039971e-01
6.7550898e-01   1.5595114e-01
6.6044199e-01   1.6160640e-01
6.4520597e-01   1.6690190e-01
6.2981701e-01   1.7196679e-01
6.1429000e-01   1.7747806e-01
5.9864002e-01   1.8222834e-01
5.8288401e-01   1.8667136e-01
5.6703597e-01   1.9138561e-01
5.5111301e-01   1.9536319e-01
5.3513098e-01   1.9927123e-01
5.1910597e-01   2.0288365e-01
5.0305402e-01   2.0628928e-01
4.8699099e-01   2.0926966e-01
4.7093400e-01   2.1169138e-01
4.5489800e-01   2.1445952e-01
4.3889999e-01   2.1654962e-01
4.2295599e-01   2.1820222e-01
4.0708300e-01   2.1960481e-01
3.9129499e-01   2.2060119e-01
3.7560999e-01   2.2102554e-01
3.6004400e-01   2.2130057e-01
3.4461200e-01   2.2078377e-01
3.2933000e-01   2.2029167e-01
3.1421301e-01   2.1902582e-01
2.9927900e-01   2.1805319e-01
2.8454101e-01   2.1602440e-01
2.7001500e-01   2.1389425e-01
2.5571701e-01   2.1131778e-01
2.4166100e-01   2.0852873e-01
2.2786200e-01   2.0510420e-01
2.1433599e-01   2.0155402e-01
2.0109500e-01   1.9778468e-01
1.8815500e-01   1.9312859e-01
1.7553000e-01   1.8858057e-01
1.6323400e-01   1.8358156e-01
1.5128000e-01   1.7821421e-01
1.3968100e-01   1.7246030e-01
1.2845200e-01   1.6626789e-01
1.1760600e-01   1.5993075e-01
1.0715500e-01   1.5313233e-01
9.7112998e-02   1.4615147e-01
8.7493002e-02   1.3888672e-01
7.8305997e-02   1.3136548e-01
6.9565997e-02   1.2348980e-01
6.1285000e-02   1.1547365e-01
5.3474002e-02   1.0739376e-01
4.6149999e-02   9.8970652e-02
3.9326001e-02   9.0309702e-02
3.3013999e-02   8.1722043e-02
2.7230000e-02   7.3153973e-02
2.1980001e-02   6.4493991e-02
1.7277000e-02   5.5939194e-02
1.3141000e-02   4.7446873e-02
9.5729996e-03   3.9018944e-02
6.5830001e-03   3.1138660e-02
4.1880002e-03   2.3549983e-02
2.3540000e-03   1.6654931e-02
1.0810000e-03   1.0641183e-02
3.7100000e-04   5.6973891e-03
7.6999997e-05   2.0653321e-03
4.9999999e-06   -2.1683157e-04
0.0000000e+00   -9.5362583e-04
4.9999999e-06   -1.6472671e-03
7.6999997e-05   -3.7733207e-03
3.7100000e-04   -7.3243701e-03
1.0810000e-03   -1.1787565e-02
2.3530000e-03   -1.6905788e-02
4.1880002e-03   -2.2097092e-02
6.5850001e-03   -2.7319036e-02
9.5760003e-03   -3.2355540e-02
1.3145000e-02   -3.6949933e-02
1.7281000e-02   -4.1527886e-02
2.1983000e-02   -4.5471720e-02
2.7232001e-02   -4.9297728e-02
3.3016000e-02   -5.2903216e-02
3.9328001e-02   -5.6304507e-02
4.6151999e-02   -5.9537418e-02
5.3475998e-02   -6.2567398e-02
6.1287001e-02   -6.5327592e-02
6.9568001e-02   -6.7726947e-02
7.8308001e-02   -7.0159242e-02
8.7494999e-02   -7.2090261e-02
9.7115003e-02   -7.4185796e-02
1.0715700e-01   -7.5615160e-02
1.1760800e-01   -7.7469312e-02
1.2845400e-01   -7.8768782e-02
1.3968299e-01   -7.9786547e-02
1.5128200e-01   -8.0741450e-02
1.6323499e-01   -8.1182845e-02
1.7553200e-01   -8.2012556e-02
1.8815701e-01   -8.2254909e-02
2.0109700e-01   -8.2652129e-02
2.1433701e-01   -8.2643516e-02
2.2786400e-01   -8.2463406e-02
2.4166299e-01   -8.2420506e-02
2.5571901e-01   -8.1898399e-02
2.7001700e-01   -8.1505798e-02
2.8454199e-01   -8.0479607e-02
2.9927999e-01   -7.9999030e-02
3.1421500e-01   -7.9171509e-02
3.2933101e-01   -7.7926032e-02
3.4461299e-01   -7.6886110e-02
3.6004499e-01   -7.5707361e-02
3.7561101e-01   -7.4090533e-02
3.9129600e-01   -7.2555304e-02
4.0708300e-01   -7.1296901e-02
4.2295700e-01   -6.9547534e-02
4.3890101e-01   -6.7526139e-02
4.5489901e-01   -6.5635435e-02
4.7093499e-01   -6.3407503e-02
4.8699200e-01   -6.1668348e-02
5.0305498e-01   -5.9147846e-02
5.1910698e-01   -5.7076059e-02
5.3513199e-01   -5.4821722e-02
5.5111402e-01   -5.2264940e-02
5.6703597e-01   -5.0004505e-02
5.8288401e-01   -4.7423691e-02
5.9864002e-01   -4.5120291e-02
6.1429000e-01   -4.2511702e-02
6.2981701e-01   -3.9955325e-02
6.4520597e-01   -3.7301190e-02
6.6044199e-01   -3.4877900e-02
6.7550898e-01   -3.2519568e-02
6.9039297e-01   -3.0065410e-02
7.0507699e-01   -2.7676171e-02
7.1954900e-01   -2.5462169e-02
7.3379302e-01   -2.3196865e-02
7.4779499e-01   -2.1200553e-02
7.6154202e-01   -1.9111771e-02
7.7501899e-01   -1.6962411e-02
7.8821403e-01   -1.5296250e-02
8.0111301e-01   -1.3432998e-02
8.1370401e-01   -1.1757385e-02
8.2597297e-01   -1.0648385e-02
8.3791000e-01   -9.0651708e-03
8.4950101e-01   -7.4298671e-03
8.6073500e-01   -6.6406103e-03
8.7160099e-01   -5.2963477e-03
8.8208801e-01   -4.1585476e-03
8.9218402e-01   -3.6557349e-03
9.0188003e-01   -2.6875734e-03
9.1116500e-01   -2.2643998e-03
9.2003101e-01   -1.6134535e-03
9.2846799e-01   -1.4180485e-03
9.3646699e-01   -9.7367138e-04
9.4401902e-01   -6.2071526e-04
9.5111603e-01   -3.9827309e-04
9.5775098e-01   -2.8149388e-04
9.6392000e-01   -3.3654715e-04
9.6961600e-01   -2.5032042e-04
9.7483599e-01   -6.3423300e-05
9.7957498e-01   -2.7219043e-04
9.8383099e-01   -2.9563077e-04
9.8759800e-01   -4.2104532e-04
9.9087399e-01   -4.3785022e-04
9.9365300e-01   -5.8229355e-04
9.9593401e-01   -6.2104868e-04
9.9771100e-01   -7.3163980e-04
9.9898201e-01   -7.0393051e-04
9.9974501e-01   -7.9876237e-04
1.0000000e+00   -8.4011263e-04
