1.0000000e+00   1.4755939e-03
9.9974501e-01   1.7331574e-03
9.9898201e-01   2.2887581e-03
9.9771100e-01   2.7584885e-03
9.9593300e-01   3.8591553e-03
9.9365300e-01   5.0952225e-03
9.9087399e-01   6.7224759e-03
9.8759800e-01   8.7893447e-03
9.8382998e-01   1.0704861e-02
9.7957498e-01   1.3349250e-02
9.7483599e-01   1.6307704e-02
9.6961600e-01   1.9717997e-02
9.6392000e-01   2.3340505e-02
9.5775098e-01   2.7144045e-02
9.5111603e-01   3.1462234e-02
9.4401902e-01   3.6248777e-02
9.3646699e-01   4.1011952e-02
9.2846799e-01   4.6111509e-02
9.2003101e-01   5.1281177e-02
9.1116500e-01   5.6962505e-02
9.0187901e-01   6.2691793e-02
8.9218301e-01   6.8624161e-02
8.8208699e-01   7.4832901e-02
8.7160099e-01   8.1246071e-02
8.6073500e-01   8.7601461e-02
8.4950101e-01   9.4732635e-02
8.3791000e-01   1.0175133e-01
8.2597399e-01   1.0895884e-01
8.1370401e-01   1.1617399e-01
8.0111301e-01   1.2343457e-01
7.8821403e-01   1.3045982e-01
7.7501899e-01   1.3835791e-01
7.6154101e-01   1.4549042e-01
7.4779499e-01   1.5297149e-01
7.3379201e-01   1.6036373e-01
7.1954799e-01   1.6757244e-01
7.0507699e-01   1.7448837e-01
6.9039202e-01   1.8168581e-01
6.7550898e-01   1.8831116e-01
6.6044199e-01   1.9529533e-01
6.4520597e-01   2.0164423e-01
6.2981701e-01   2.0806800e-01
6.1429000e-01   2.1394855e-01
5.9864002e-01   2.2015136e-01
5.8288401e-01   2.2544762e-01
5.6703597e-01   2.3057853e-01
5.5111301e-01   2.3530197e-01
5.3513098e-01   2.4017340e-01
5.1910597e-01   2.4423307e-01
5.0305402e-01   2.4793118e-01
4.8699099e-01   2.5167960e-01
4.7093400e-01   2.5464615e-01
4.5489800e-01   2.5757861e-01
4.3889999e-01   2.5992319e-01
4.2295599e-01   2.6168397e-01
4.0708300e-01   2.6285890e-01
3.9129499e-01   2.6353657e-01
3.7560999e-01   2.6368564e-01
3.6004400e-01   2.6365685e-01
3.4461200e-01   2.6325795e-01
3.2933000e-01   2.6240161e-01
3.1421301e-01   2.6066044e-01
2.9927900e-01   2.5898370e-01
2.8454101e-01   2.5697041e-01
2.7001500e-01   2.5388438e-01
2.5571701e-01   2.5030008e-01
2.4166100e-01   2.4685769e-01
2.2786200e-01   2.4284551e-01
2.1433599e-01   2.3855549e-01
2.0109500e-01   2.3373236e-01
1.8815500e-01   2.2877482e-01
1.7553000e-01   2.2311027e-01
1.6323400e-01   2.1708484e-01
1.5128000e-01   2.1031065e-01
1.3968100e-01   2.0340890e-01
1.2845200e-01   1.9660190e-01
1.1760600e-01   1.8924960e-01
1.0715500e-01   1.8092324e-01
9.7112998e-02   1.7275888e-01
8.7493002e-02   1.6419785e-01
7.8305997e-02   1.5532684e-01
6.9565997e-02   1.4626072e-01
6.1285000e-02   1.3722904e-01
5.3474002e-02   1.2770933e-01
4.6149999e-02   1.1814049e-01
3.9326001e-02   1.0852397e-01
3.3013999e-02   9.8439805e-02
2.7230000e-02   8.8523507e-02
2.1980001e-02   7.8677341e-02
1.7277000e-02   6.8570442e-02
1.3141000e-02   5.8473926e-02
9.5729996e-03   4.8523866e-02
6.5830001e-03   3.9011937e-02
4.1880002e-03   2.9781349e-02
2.3540000e-03   2.1540463e-02
1.0810000e-03   1.4078426e-02
3.7100000e-04   7.9668937e-03
7.6999997e-05   3.3745097e-03
4.9999999e-06   6.8018812e-04
0.0000000e+00   -3.7296975e-04
4.9999999e-06   -1.2806009e-03
7.6999997e-05   -3.8391540e-03
3.7100000e-04   -8.1451833e-03
1.0810000e-03   -1.3429253e-02
2.3530000e-03   -1.9359095e-02
4.1880002e-03   -2.5020950e-02
6.5850001e-03   -3.0489104e-02
9.5760003e-03   -3.5824195e-02
1.3145000e-02   -4.0539399e-02
1.7281000e-02   -4.5040488e-02
2.1983000e-02   -4.8929844e-02
2.7232001e-02   -5.2754492e-02
3.3016000e-02   -5.6359548e-02
3.9328001e-02   -5.9322678e-02
4.6151999e-02   -6.2644303e-02
5.3475998e-02   -6.5271683e-02
6.1287001e-02   -6.7546070e-02
6.9568001e-02   -6.9817305e-02
7.8308001e-02   -7.1433954e-02
8.7494999e-02   -7.2842233e-02
9.7115003e-02   -7.4353181e-02
1.0715700e-01   -7.5252384e-02
1.1760800e-01   -7.5853489e-02
1.2845400e-01   -7.6565206e-02
1.3968299e-01   -7.6908216e-02
1.5128200e-01   -7.6813012e-02
1.6323499e-01   -7.6748677e-02
1.7553200e-01   -7.6322906e-02
1.8815701e-01   -7.5726151e-02
2.0109700e-01   -7.5440638e-02
2.1433701e-01   -7.4187160e-02
2.2786400e-01   -7.3478989e-02
2.4166299e-01   -7.2535977e-02
2.5571901e-01   -7.1074970e-02
2.7001700e-01   -6.9485746e-02
2.8454199e-01   -6.8126269e-02
2.9927999e-01   -6.6134043e-02
3.1421500e-01   -6.4619906e-02
3.2933101e-01   -6.2559918e-02
3.4461299e-01   -6.0220942e-02
3.6004499e-01   -5.8624852e-02
3.7561101e-01   -5.6007292e-02
3.9129600e-01   -5.4164965e-02
4.0708300e-01   -5.1463418e-02
4.2295700e-01   -4.8942428e-02
4.3890101e-01   -4.6639509e-02
4.5489901e-01   -4.3867759e-02
4.7093499e-01   -4.1431699e-02
4.8699200e-01   -3.8600698e-02
5.0305498e-01   -3.5657909e-02
5.1910698e-01   -3.2898899e-02
5.3513199e-01   -3.0537987e-02
5.5111402e-01   -2.7759982e-02
5.6703597e-01   -2.5126249e-02
5.8288401e-01   -2.2598507e-02
5.9864002e-01   -1.9979753e-02
6.1429000e-01   -1.7396336e-02
6.2981701e-01   -1.4874144e-02
6.4520597e-01   -1.2511500e-02
6.6044199e-01   -1.0363609e-02
6.7550898e-01   -8.3252443e-03
6.9039297e-01   -6.3412939e-03
7.0507699e-01   -4.3893545e-03
7.1954900e-01   -2.6799133e-03
7.3379302e-01   -1.0268871e-03
7.4779499e-01   4.1564924e-04
7.6154202e-01   1.7690118e-03
7.7501899e-01   2.8559656e-03
7.8821403e-01   4.0232283e-03
8.0111301e-01   4.6769804e-03
8.1370401e-01   5.3466759e-03
8.2597297e-01   6.0843802e-03
8.3791000e-01   6.8732565e-03
8.4950101e-01   7.1863225e-03
8.6073500e-01   7.1073803e-03
8.7160099e-01   7.1687512e-03
8.8208801e-01   7.2957156e-03
8.9218402e-01   7.2690444e-03
9.0188003e-01   6.9851307e-03
9.1116500e-01   6.9173295e-03
9.2003101e-01   6.6152238e-03
9.2846799e-01   6.0600191e-03
9.3646699e-01   5.6266906e-03
9.4401902e-01   5.2065700e-03
9.5111603e-01   4.6639745e-03
9.5775098e-01   4.2525264e-03
9.6392000e-01   3.4607325e-03
9.6961600e-01   3.1334865e-03
9.7483599e-01   2.3840871e-03
9.7957498e-01   1.7874092e-03
9.8383099e-01   1.1569089e-03
9.8759800e-01   6.6246686e-04
9.9087399e-01   -6.0087885e-05
9.9365300e-01   -4.1217075e-04
9.9593401e-01   -9.7168767e-04
9.9771100e-01   -1.2229023e-03
9.9898201e-01   -1.6258191e-03
9.9974501e-01   -1.7710812e-03
1.0000000e+00   -1.8193702e-03
