1.0000000e+00   2.6808307e-03
9.9974501e-01   1.9457423e-03
9.9898201e-01   3.1821099e-03
9.9771100e-01   2.6301816e-03
9.9593300e-01   3.5605759e-03
9.9365300e-01   3.8737841e-03
9.9087399e-01   4.4476069e-03
9.8759800e-01   5.5370438e-03
9.8382998e-01   5.4557491e-03
9.7957498e-01   6.7195171e-03
9.7483599e-01   7.8559089e-03
9.6961600e-01   9.4006145e-03
9.6392000e-01   1.0848874e-02
9.5775098e-01   1.1776848e-02
9.5111603e-01   1.3452233e-02
9.4401902e-01   1.5163767e-02
9.3646699e-01   1.7337525e-02
9.2846799e-01   1.8963490e-02
9.2003101e-01   2.1236744e-02
9.1116500e-01   2.3833765e-02
9.0187901e-01   2.6615504e-02
8.9218301e-01   2.8595516e-02
8.8208699e-01   3.1352926e-02
8.7160099e-01   3.3996135e-02
8.6073500e-01   3.6472954e-02
8.4950101e-01   3.9612900e-02
8.3791000e-01   4.2408526e-02
8.2597399e-01   4.5690969e-02
8.1370401e-01   4.9172685e-02
8.0111301e-01   5.2504271e-02
7.8821403e-01   5.5606823e-02
7.7501899e-01   5.9525512e-02
7.6154101e-01   6.3639767e-02
7.4779499e-01   6.6277988e-02
7.3379201e-01   7.0908688e-02
7.1954799e-01   7.4150465e-02
7.0507699e-01   7.8057609e-02
6.9039202e-01   8.1649758e-02
6.7550898e-01   8.6036228e-02
6.6044199e-01   8.9341007e-02
6.4520597e-01   9.3343079e-02
6.2981701e-01   9.7581968e-02
6.1429000e-01   1.0179667e-01
5.9864002e-01   1.0576708e-01
5.8288401e-01   1.0969645e-01
5.6703597e-01   1.1254697e-01
5.5111301e-01   1.1581463e-01
5.3513098e-01   1.1961510e-01
5.1910597e-01   1.2253905e-01
5.0305402e-01   1.2806091e-01
4.8699099e-01   1.3078631e-01
4.7093400e-01   1.3357277e-01
4.5489800e-01   1.3600226e-01
4.3889999e-01   1.3945535e-01
4.2295599e-01   1.4268859e-01
4.0708300e-01   1.4423515e-01
3.9129499e-01   1.4669573e-01
3.7560999e-01   1.4895496e-01
3.6004400e-01   1.5053760e-01
3.4461200e-01   1.5128323e-01
3.2933000e-01   1.5391800e-01
3.1421301e-01   1.5345141e-01
2.9927900e-01   1.5506145e-01
2.8454101e-01   1.5601847e-01
2.7001500e-01   1.5677451e-01
2.5571701e-01   1.5624605e-01
2.4166100e-01   1.5640573e-01
2.2786200e-01   1.5550400e-01
2.1433599e-01   1.5476726e-01
2.0109500e-01   1.5464884e-01
1.8815500e-01   1.5231587e-01
1.7553000e-01   1.5126395e-01
1.6323400e-01   1.4881742e-01
1.5128000e-01   1.4641944e-01
1.3968100e-01   1.4336377e-01
1.2845200e-01   1.4106767e-01
1.1760600e-01   1.3723126e-01
1.0715500e-01   1.3261712e-01
9.7112998e-02   1.2883253e-01
8.7493002e-02   1.2434197e-01
7.8305997e-02   1.1938887e-01
6.9565997e-02   1.1451931e-01
6.1285000e-02   1.0874900e-01
5.3474002e-02   1.0255983e-01
4.6149999e-02   9.6870340e-02
3.9326001e-02   9.0186417e-02
3.3013999e-02   8.3004452e-02
2.7230000e-02   7.6394051e-02
2.1980001e-02   6.8776734e-02
1.7277000e-02   6.0948968e-02
1.3141000e-02   5.2942887e-02
9.5729996e-03   4.4865258e-02
6.5830001e-03   3.6901224e-02
4.1880002e-03   2.8853595e-02
2.3540000e-03   2.1425055e-02
1.0810000e-03   1.4469543e-02
3.7100000e-04   8.2654217e-03
7.6999997e-05   3.6899166e-03
4.9999999e-06   1.2317960e-03
0.0000000e+00   2.1629734e-05
4.9999999e-06   -9.0280175e-04
7.6999997e-05   -3.3562637e-03
3.7100000e-04   -8.2893819e-03
1.0810000e-03   -1.3312353e-02
2.3530000e-03   -2.0556943e-02
4.1880002e-03   -2.7784307e-02
6.5850001e-03   -3.5056882e-02
9.5760003e-03   -4.2625066e-02
1.3145000e-02   -5.0033927e-02
1.7281000e-02   -5.7662554e-02
2.1983000e-02   -6.4934015e-02
2.7232001e-02   -7.2218373e-02
3.3016000e-02   -7.8757942e-02
3.9328001e-02   -8.5511453e-02
4.6151999e-02   -9.1735311e-02
5.3475998e-02   -9.8336019e-02
6.1287001e-02   -1.0461487e-01
6.9568001e-02   -1.1074992e-01
7.8308001e-02   -1.1629062e-01
8.7494999e-02   -1.2201555e-01
9.7115003e-02   -1.2688339e-01
1.0715700e-01   -1.3156119e-01
1.1760800e-01   -1.3534747e-01
1.2845400e-01   -1.3945135e-01
1.3968299e-01   -1.4278901e-01
1.5128200e-01   -1.4595836e-01
1.6323499e-01   -1.4912356e-01
1.7553200e-01   -1.5182211e-01
1.8815701e-01   -1.5341425e-01
2.0109700e-01   -1.5449840e-01
2.1433701e-01   -1.5608355e-01
2.2786400e-01   -1.5652362e-01
2.4166299e-01   -1.5724877e-01
2.5571901e-01   -1.5743242e-01
2.7001700e-01   -1.5694043e-01
2.8454199e-01   -1.5735148e-01
2.9927999e-01   -1.5648730e-01
3.1421500e-01   -1.5620662e-01
3.2933101e-01   -1.5397450e-01
3.4461299e-01   -1.5352783e-01
3.6004499e-01   -1.5180315e-01
3.7561101e-01   -1.5011731e-01
3.9129600e-01   -1.4761694e-01
4.0708300e-01   -1.4514470e-01
4.2295700e-01   -1.4233597e-01
4.3890101e-01   -1.4030297e-01
4.5489901e-01   -1.3734782e-01
4.7093499e-01   -1.3419184e-01
4.8699200e-01   -1.3030584e-01
5.0305498e-01   -1.2825958e-01
5.1910698e-01   -1.2453903e-01
5.3513199e-01   -1.2096792e-01
5.5111402e-01   -1.1725813e-01
5.6703597e-01   -1.1414927e-01
5.8288401e-01   -1.1094017e-01
5.9864002e-01   -1.0728836e-01
6.1429000e-01   -1.0332815e-01
6.2981701e-01   -9.9571951e-02
6.4520597e-01   -9.5240399e-02
6.6044199e-01   -9.1126472e-02
6.7550898e-01   -8.8057496e-02
6.9039297e-01   -8.4779777e-02
7.0507699e-01   -8.0983050e-02
7.1954900e-01   -7.6691583e-02
7.3379302e-01   -7.3335357e-02
7.4779499e-01   -6.9391720e-02
7.6154202e-01   -6.6027567e-02
7.7501899e-01   -6.2699519e-02
7.8821403e-01   -5.8890659e-02
8.0111301e-01   -5.5216514e-02
8.1370401e-01   -5.2051242e-02
8.2597297e-01   -4.9098525e-02
8.3791000e-01   -4.4909276e-02
8.4950101e-01   -4.3061160e-02
8.6073500e-01   -3.9127707e-02
8.7160099e-01   -3.6662005e-02
8.8208801e-01   -3.3784572e-02
8.9218402e-01   -3.1620298e-02
9.0188003e-01   -2.9098013e-02
9.1116500e-01   -2.5885778e-02
9.2003101e-01   -2.4511285e-02
9.2846799e-01   -2.2210188e-02
9.3646699e-01   -2.0023847e-02
9.4401902e-01   -1.8202323e-02
9.5111603e-01   -1.6299494e-02
9.5775098e-01   -1.4157177e-02
9.6392000e-01   -1.2691724e-02
9.6961600e-01   -1.1040127e-02
9.7483599e-01   -9.6523147e-03
9.7957498e-01   -7.8367675e-03
9.8383099e-01   -6.9198175e-03
9.8759800e-01   -5.2273860e-03
9.9087399e-01   -4.8884801e-03
9.9365300e-01   -4.2391275e-03
9.9593401e-01   -3.4218950e-03
9.9771100e-01   -3.1418772e-03
9.9898201e-01   -2.7758020e-03
9.9974501e-01   -2.6448625e-03
1.0000000e+00   -2.1125588e-03
