1.0000000e+00   -2.0054596e-05
9.9974501e-01   3.1036921e-05
9.9898201e-01   3.2427552e-04
9.9771100e-01   7.3217187e-04
9.9593300e-01   1.3056695e-03
9.9365300e-01   2.2533357e-03
9.9087399e-01   3.7671963e-03
9.8759800e-01   5.6369612e-03
9.8382998e-01   7.7512846e-03
9.7957498e-01   9.8302253e-03
9.7483599e-01   1.2414795e-02
9.6961600e-01   1.5024625e-02
9.6392000e-01   1.7863490e-02
9.5775098e-01   2.0886866e-02
9.5111603e-01   2.4175921e-02
9.4401902e-01   2.7716273e-02
9.3646699e-01   3.1818744e-02
9.2846799e-01   3.6345366e-02
9.2003101e-01   4.1041262e-02
9.1116500e-01   4.5713305e-02
9.0187901e-01   5.0942965e-02
8.9218301e-01   5.6259830e-02
8.8208699e-01   6.1890513e-02
8.7160099e-01   6.7998253e-02
8.6073500e-01   7.4151628e-02
8.4950101e-01   8.0493733e-02
8.3791000e-01   8.7260552e-02
8.2597399e-01   9.3897358e-02
8.1370401e-01   1.0102673e-01
8.0111301e-01   1.0781714e-01
7.8821403e-01   1.1492042e-01
7.7501899e-01   1.2192775e-01
7.6154101e-01   1.2913024e-01
7.4779499e-01   1.3645037e-01
7.3379201e-01   1.4361362e-01
7.1954799e-01   1.5069899e-01
7.0507699e-01   1.5799715e-01
6.9039202e-01   1.6511388e-01
6.7550898e-01   1.7262037e-01
6.6044199e-01   1.7952368e-01
6.4520597e-01   1.8667866e-01
6.2981701e-01   1.9371092e-01
6.1429000e-01   2.0050995e-01
5.9864002e-01   2.0663899e-01
5.8288401e-01   2.1264006e-01
5.6703597e-01   2.1799943e-01
5.5111301e-01   2.2347149e-01
5.3513098e-01   2.2840154e-01
5.1910597e-01   2.3320441e-01
5.0305402e-01   2.3718931e-01
4.8699099e-01   2.4118358e-01
4.7093400e-01   2.4457964e-01
4.5489800e-01   2.4790765e-01
4.3889999e-01   2.5069317e-01
4.2295599e-01   2.5285611e-01
4.0708300e-01   2.5438771e-01
3.9129499e-01   2.5546873e-01
3.7560999e-01   2.5648803e-01
3.6004400e-01   2.5717849e-01
3.4461200e-01   2.5750554e-01
3.2933000e-01   2.5711215e-01
3.1421301e-01   2.5612000e-01
2.9927900e-01   2.5506839e-01
2.8454101e-01   2.5383803e-01
2.7001500e-01   2.5185689e-01
2.5571701e-01   2.4967393e-01
2.4166100e-01   2.4709426e-01
2.2786200e-01   2.4438412e-01
2.1433599e-01   2.4112444e-01
2.0109500e-01   2.3728965e-01
1.8815500e-01   2.3318055e-01
1.7553000e-01   2.2834045e-01
1.6323400e-01   2.2326781e-01
1.5128000e-01   2.1746124e-01
1.3968100e-01   2.1170087e-01
1.2845200e-01   2.0548670e-01
1.1760600e-01   1.9903323e-01
1.0715500e-01   1.9173653e-01
9.7112998e-02   1.8462618e-01
8.7493002e-02   1.7665398e-01
7.8305997e-02   1.6842723e-01
6.9565997e-02   1.5972601e-01
6.1285000e-02   1.5083162e-01
5.3474002e-02   1.4145027e-01
4.6149999e-02   1.3181183e-01
3.9326001e-02   1.2171528e-01
3.3013999e-02   1.1139185e-01
2.7230000e-02   1.0079004e-01
2.1980001e-02   8.9828908e-02
1.7277000e-02   7.8543358e-02
1.3141000e-02   6.6967219e-02
9.5729996e-03   5.5347648e-02
6.5830001e-03   4.4044718e-02
4.1880002e-03   3.3436172e-02
2.3540000e-03   2.3771871e-02
1.0810000e-03   1.5464332e-02
3.7100000e-04   8.6402493e-03
7.6999997e-05   3.8824247e-03
4.9999999e-06   9.6235075e-04
0.0000000e+00   1.3280177e-05
4.9999999e-06   -9.7412599e-04
7.6999997e-05   -3.9574900e-03
3.7100000e-04   -8.7111378e-03
1.0810000e-03   -1.5365241e-02
2.3530000e-03   -2.3666123e-02
4.1880002e-03   -3.3512667e-02
6.5850001e-03   -4.4014249e-02
9.5760003e-03   -5.5233110e-02
1.3145000e-02   -6.6551581e-02
1.7281000e-02   -7.8101002e-02
2.1983000e-02   -8.9461952e-02
2.7232001e-02   -1.0045905e-01
3.3016000e-02   -1.1123747e-01
3.9328001e-02   -1.2195473e-01
4.6151999e-02   -1.3262007e-01
5.3475998e-02   -1.4253856e-01
6.1287001e-02   -1.5208721e-01
6.9568001e-02   -1.6158813e-01
7.8308001e-02   -1.7045747e-01
8.7494999e-02   -1.7911796e-01
9.7115003e-02   -1.8704388e-01
1.0715700e-01   -1.9480231e-01
1.1760800e-01   -2.0205134e-01
1.2845400e-01   -2.0912977e-01
1.3968299e-01   -2.1551436e-01
1.5128200e-01   -2.2133300e-01
1.6323499e-01   -2.2699492e-01
1.7553200e-01   -2.3207632e-01
1.8815701e-01   -2.3700209e-01
2.0109700e-01   -2.4127008e-01
2.1433701e-01   -2.4499945e-01
2.2786400e-01   -2.4881870e-01
2.4166299e-01   -2.5205389e-01
2.5571901e-01   -2.5449020e-01
2.7001700e-01   -2.5677505e-01
2.8454199e-01   -2.5822693e-01
2.9927999e-01   -2.5969544e-01
3.1421500e-01   -2.6053348e-01
3.2933101e-01   -2.6139042e-01
3.4461299e-01   -2.6146868e-01
3.6004499e-01   -2.6101196e-01
3.7561101e-01   -2.5998446e-01
3.9129600e-01   -2.5853261e-01
4.0708300e-01   -2.5698283e-01
4.2295700e-01   -2.5471324e-01
4.3890101e-01   -2.5224373e-01
4.5489901e-01   -2.4918146e-01
4.7093499e-01   -2.4591555e-01
4.8699200e-01   -2.4209414e-01
5.0305498e-01   -2.3775779e-01
5.1910698e-01   -2.3276469e-01
5.3513199e-01   -2.2781955e-01
5.5111402e-01   -2.2222777e-01
5.6703597e-01   -2.1650971e-01
5.8288401e-01   -2.1014753e-01
5.9864002e-01   -2.0348588e-01
6.1429000e-01   -1.9647770e-01
6.2981701e-01   -1.8941443e-01
6.4520597e-01   -1.8222471e-01
6.6044199e-01   -1.7497075e-01
6.7550898e-01   -1.6800587e-01
6.9039297e-01   -1.6071515e-01
7.0507699e-01   -1.5358680e-01
7.1954900e-01   -1.4641267e-01
7.3379302e-01   -1.3955721e-01
7.4779499e-01   -1.3262585e-01
7.6154202e-01   -1.2565280e-01
7.7501899e-01   -1.1901213e-01
7.8821403e-01   -1.1234587e-01
8.0111301e-01   -1.0551087e-01
8.1370401e-01   -9.8905429e-02
8.2597297e-01   -9.2403740e-02
8.3791000e-01   -8.5626759e-02
8.4950101e-01   -7.9328187e-02
8.6073500e-01   -7.3077701e-02
8.7160099e-01   -6.7254432e-02
8.8208801e-01   -6.1769795e-02
8.9218402e-01   -5.6330837e-02
9.0188003e-01   -5.1432800e-02
9.1116500e-01   -4.6591610e-02
9.2003101e-01   -4.1935295e-02
9.2846799e-01   -3.7443388e-02
9.3646699e-01   -3.3249192e-02
9.4401902e-01   -2.9221740e-02
9.5111603e-01   -2.5774518e-02
9.5775098e-01   -2.2901833e-02
9.6392000e-01   -1.9830752e-02
9.6961600e-01   -1.6896849e-02
9.7483599e-01   -1.4043625e-02
9.7957498e-01   -1.1476658e-02
9.8383099e-01   -9.1545628e-03
9.8759800e-01   -6.9954568e-03
9.9087399e-01   -5.1420019e-03
9.9365300e-01   -3.5450705e-03
9.9593401e-01   -2.3222284e-03
9.9771100e-01   -1.2567961e-03
9.9898201e-01   -5.1344716e-04
9.9974501e-01   -1.4706449e-04
1.0000000e+00   -4.3722266e-06
