1.0000000e+00   1.4675934e-03
9.9974501e-01   1.2651245e-03
9.9898201e-01   1.9286202e-03
9.9771100e-01   2.4003536e-03
9.9593300e-01   3.2217649e-03
9.9365300e-01   4.9285009e-03
9.9087399e-01   6.1371303e-03
9.8759800e-01   7.6333713e-03
9.8382998e-01   9.5260823e-03
9.7957498e-01   1.1759363e-02
9.7483599e-01   1.4217982e-02
9.6961600e-01   1.6702784e-02
9.6392000e-01   2.0388016e-02
9.5775098e-01   2.3273926e-02
9.5111603e-01   2.6722252e-02
9.4401902e-01   3.0459374e-02
9.3646699e-01   3.5034645e-02
9.2846799e-01   3.8876802e-02
9.2003101e-01   4.3542072e-02
9.1116500e-01   4.7749590e-02
9.0187901e-01   5.2576136e-02
8.9218301e-01   5.7654470e-02
8.8208699e-01   6.2430207e-02
8.7160099e-01   6.7432307e-02
8.6073500e-01   7.2335243e-02
8.4950101e-01   7.7086061e-02
8.3791000e-01   8.2678579e-02
8.2597399e-01   8.6850703e-02
8.1370401e-01   9.2186898e-02
8.0111301e-01   9.7531579e-02
7.8821403e-01   1.0218960e-01
7.7501899e-01   1.0722695e-01
7.6154101e-01   1.1182694e-01
7.4779499e-01   1.1721239e-01
7.3379201e-01   1.2176582e-01
7.1954799e-01   1.2605231e-01
7.0507699e-01   1.3074860e-01
6.9039202e-01   1.3453865e-01
6.7550898e-01   1.3871613e-01
6.6044199e-01   1.4227201e-01
6.4520597e-01   1.4497553e-01
6.2981701e-01   1.4875647e-01
6.1429000e-01   1.5136616e-01
5.9864002e-01   1.5413699e-01
5.8288401e-01   1.5698452e-01
5.6703597e-01   1.5893236e-01
5.5111301e-01   1.6111229e-01
5.3513098e-01   1.6268530e-01
5.1910597e-01   1.6415808e-01
5.0305402e-01   1.6538270e-01
4.8699099e-01   1.6674744e-01
4.7093400e-01   1.6802722e-01
4.5489800e-01   1.6825105e-01
4.3889999e-01   1.6964568e-01
4.2295599e-01   1.6963162e-01
4.0708300e-01   1.6998766e-01
3.9129499e-01   1.6911201e-01
3.7560999e-01   1.6815452e-01
3.6004400e-01   1.6812898e-01
3.4461200e-01   1.6683039e-01
3.2933000e-01   1.6605197e-01
3.1421301e-01   1.6377968e-01
2.9927900e-01   1.6288337e-01
2.8454101e-01   1.6113509e-01
2.7001500e-01   1.5871567e-01
2.5571701e-01   1.5611525e-01
2.4166100e-01   1.5411854e-01
2.2786200e-01   1.5136088e-01
2.1433599e-01   1.4913456e-01
2.0109500e-01   1.4549741e-01
1.8815500e-01   1.4211288e-01
1.7553000e-01   1.3942951e-01
1.6323400e-01   1.3532877e-01
1.5128000e-01   1.3136099e-01
1.3968100e-01   1.2772276e-01
1.2845200e-01   1.2338272e-01
1.1760600e-01   1.1947217e-01
1.0715500e-01   1.1489393e-01
9.7112998e-02   1.1006168e-01
8.7493002e-02   1.0522789e-01
7.8305997e-02   1.0010341e-01
6.9565997e-02   9.5435083e-02
6.1285000e-02   8.9474320e-02
5.3474002e-02   8.4135495e-02
4.6149999e-02   7.8655608e-02
3.9326001e-02   7.3022380e-02
3.3013999e-02   6.7082055e-02
2.7230000e-02   6.0938854e-02
2.1980001e-02   5.4827727e-02
1.7277000e-02   4.9221285e-02
1.3141000e-02   4.3089010e-02
9.5729996e-03   3.6807351e-02
6.5830001e-03   3.0472098e-02
4.1880002e-03   2.4167264e-02
2.3540000e-03   1.7727107e-02
1.0810000e-03   1.2631009e-02
3.7100000e-04   7.9532750e-03
7.6999997e-05   4.0836837e-03
4.9999999e-06   2.0183686e-03
0.0000000e+00   1.4203785e-03
4.9999999e-06   5.9122586e-04
7.6999997e-05   -1.6103925e-03
3.7100000e-04   -5.1598456e-03
1.0810000e-03   -9.4822664e-03
2.3530000e-03   -1.4801472e-02
4.1880002e-03   -2.0538261e-02
6.5850001e-03   -2.5809186e-02
9.5760003e-03   -3.0807823e-02
1.3145000e-02   -3.5837267e-02
1.7281000e-02   -4.0426798e-02
2.1983000e-02   -4.5294140e-02
2.7232001e-02   -4.9817417e-02
3.3016000e-02   -5.4311231e-02
3.9328001e-02   -5.9099812e-02
4.6151999e-02   -6.2986284e-02
5.3475998e-02   -6.7642070e-02
6.1287001e-02   -7.1514107e-02
6.9568001e-02   -7.5431004e-02
7.8308001e-02   -7.9094082e-02
8.7494999e-02   -8.3180636e-02
9.7115003e-02   -8.6253718e-02
1.0715700e-01   -8.9491963e-02
1.1760800e-01   -9.2384845e-02
1.2845400e-01   -9.5642678e-02
1.3968299e-01   -9.8897569e-02
1.5128200e-01   -1.0163955e-01
1.6323499e-01   -1.0429265e-01
1.7553200e-01   -1.0712300e-01
1.8815701e-01   -1.0993041e-01
2.0109700e-01   -1.1262637e-01
2.1433701e-01   -1.1523499e-01
2.2786400e-01   -1.1723677e-01
2.4166299e-01   -1.2008547e-01
2.5571901e-01   -1.2175941e-01
2.7001700e-01   -1.2375197e-01
2.8454199e-01   -1.2480137e-01
2.9927999e-01   -1.2736835e-01
3.1421500e-01   -1.2840426e-01
3.2933101e-01   -1.2981987e-01
3.4461299e-01   -1.3126899e-01
3.6004499e-01   -1.3227375e-01
3.7561101e-01   -1.3300064e-01
3.9129600e-01   -1.3379687e-01
4.0708300e-01   -1.3437910e-01
4.2295700e-01   -1.3433126e-01
4.3890101e-01   -1.3437064e-01
4.5489901e-01   -1.3336828e-01
4.7093499e-01   -1.3323843e-01
4.8699200e-01   -1.3270426e-01
5.0305498e-01   -1.3130417e-01
5.1910698e-01   -1.2999462e-01
5.3513199e-01   -1.2850504e-01
5.5111402e-01   -1.2694916e-01
5.6703597e-01   -1.2434489e-01
5.8288401e-01   -1.2223499e-01
5.9864002e-01   -1.1984704e-01
6.1429000e-01   -1.1760314e-01
6.2981701e-01   -1.1370874e-01
6.4520597e-01   -1.1098685e-01
6.6044199e-01   -1.0763906e-01
6.7550898e-01   -1.0374226e-01
6.9039297e-01   -1.0022680e-01
7.0507699e-01   -9.6042812e-02
7.1954900e-01   -9.2615046e-02
7.3379302e-01   -8.8847913e-02
7.4779499e-01   -8.5121021e-02
7.6154202e-01   -8.1419766e-02
7.7501899e-01   -7.7407748e-02
7.8821403e-01   -7.3277794e-02
8.0111301e-01   -6.9718353e-02
8.1370401e-01   -6.5748245e-02
8.2597297e-01   -6.2226515e-02
8.3791000e-01   -5.7963494e-02
8.4950101e-01   -5.4779518e-02
8.6073500e-01   -5.1005609e-02
8.7160099e-01   -4.7070496e-02
8.8208801e-01   -4.3356854e-02
8.9218402e-01   -3.9940473e-02
9.0188003e-01   -3.6137611e-02
9.1116500e-01   -3.2676954e-02
9.2003101e-01   -2.9723635e-02
9.2846799e-01   -2.6644969e-02
9.3646699e-01   -2.3534015e-02
9.4401902e-01   -2.0826852e-02
9.5111603e-01   -1.8056799e-02
9.5775098e-01   -1.5871821e-02
9.6392000e-01   -1.4084941e-02
9.6961600e-01   -1.2348790e-02
9.7483599e-01   -1.0434384e-02
9.7957498e-01   -9.0067070e-03
9.8383099e-01   -7.7893697e-03
9.8759800e-01   -6.3688201e-03
9.9087399e-01   -5.3019901e-03
9.9365300e-01   -4.5213145e-03
9.9593401e-01   -4.0356242e-03
9.9771100e-01   -3.3294668e-03
9.9898201e-01   -3.0764833e-03
9.9974501e-01   -2.7571155e-03
1.0000000e+00   -2.8928365e-03
