1.0000000e+00   7.5957907e-04
9.9974501e-01   4.5919325e-05
9.9898201e-01   1.0845545e-03
9.9771100e-01   8.3953963e-04
9.9593300e-01   1.7752240e-03
9.9365300e-01   1.9071579e-03
9.9087399e-01   2.1699877e-03
9.8759800e-01   3.3056035e-03
9.8382998e-01   3.9705844e-03
9.7957498e-01   4.9370378e-03
9.7483599e-01   5.5199107e-03
9.6961600e-01   7.3668947e-03
9.6392000e-01   9.0869227e-03
9.5775098e-01   1.0096944e-02
9.5111603e-01   1.1901424e-02
9.4401902e-01   1.3425183e-02
9.3646699e-01   1.5314823e-02
9.2846799e-01   1.7686054e-02
9.2003101e-01   1.9933572e-02
9.1116500e-01   2.1586969e-02
9.0187901e-01   2.4836002e-02
8.9218301e-01   2.6905272e-02
8.8208699e-01   2.9421914e-02
8.7160099e-01   3.2243341e-02
8.6073500e-01   3.4801573e-02
8.4950101e-01   3.7407637e-02
8.3791000e-01   3.9473876e-02
8.2597399e-01   4.3216594e-02
8.1370401e-01   4.6232309e-02
8.0111301e-01   4.9286354e-02
7.8821403e-01   5.2815206e-02
7.7501899e-01   5.5298917e-02
7.6154101e-01   5.8917910e-02
7.4779499e-01   6.1501082e-02
7.3379201e-01   6.5497078e-02
7.1954799e-01   6.9427222e-02
7.0507699e-01   7.1306504e-02
6.9039202e-01   7.5008795e-02
6.7550898e-01   7.8586556e-02
6.6044199e-01   8.1585512e-02
6.4520597e-01   8.4514670e-02
6.2981701e-01   8.7809503e-02
6.1429000e-01   9.1313384e-02
5.9864002e-01   9.5102005e-02
5.8288401e-01   9.7700015e-02
5.6703597e-01   1.0031762e-01
5.5111301e-01   1.0345785e-01
5.3513098e-01   1.0591846e-01
5.1910597e-01   1.0805414e-01
5.0305402e-01   1.1216099e-01
4.8699099e-01   1.1462904e-01
4.7093400e-01   1.1639350e-01
4.5489800e-01   1.1753573e-01
4.3889999e-01   1.2056208e-01
4.2295599e-01   1.2204894e-01
4.0708300e-01   1.2409966e-01
3.9129499e-01   1.2574314e-01
3.7560999e-01   1.2692763e-01
3.6004400e-01   1.2900405e-01
3.4461200e-01   1.2949640e-01
3.2933000e-01   1.3177998e-01
3.1421301e-01   1.3071458e-01
2.9927900e-01   1.3223962e-01
2.8454101e-01   1.3341340e-01
2.7001500e-01   1.3413797e-01
2.5571701e-01   1.3323355e-01
2.4166100e-01   1.3415089e-01
2.2786200e-01   1.3309796e-01
2.1433599e-01   1.3257363e-01
2.0109500e-01   1.3252495e-01
1.8815500e-01   1.3084576e-01
1.7553000e-01   1.3005058e-01
1.6323400e-01   1.2910712e-01
1.5128000e-01   1.2676564e-01
1.3968100e-01   1.2451401e-01
1.2845200e-01   1.2239064e-01
1.1760600e-01   1.1894637e-01
1.0715500e-01   1.1610316e-01
9.7112998e-02   1.1290636e-01
8.7493002e-02   1.0920206e-01
7.8305997e-02   1.0594662e-01
6.9565997e-02   1.0253581e-01
6.1285000e-02   9.7550221e-02
5.3474002e-02   9.2544354e-02
4.6149999e-02   8.8235945e-02
3.9326001e-02   8.2222082e-02
3.3013999e-02   7.6469481e-02
2.7230000e-02   7.0557751e-02
2.1980001e-02   6.3892238e-02
1.7277000e-02   5.7653937e-02
1.3141000e-02   5.0368235e-02
9.5729996e-03   4.2717509e-02
6.5830001e-03   3.5195228e-02
4.1880002e-03   2.8280662e-02
2.3540000e-03   2.0727709e-02
1.0810000e-03   1.4014542e-02
3.7100000e-04   7.8600068e-03
7.6999997e-05   3.5304956e-03
4.9999999e-06   8.9052640e-04
0.0000000e+00   -2.4783541e-04
4.9999999e-06   -1.1433554e-03
7.6999997e-05   -3.8274326e-03
3.7100000e-04   -8.1589026e-03
1.0810000e-03   -1.3155217e-02
2.3530000e-03   -2.0572141e-02
4.1880002e-03   -2.7501019e-02
6.5850001e-03   -3.4609068e-02
9.5760003e-03   -4.1179847e-02
1.3145000e-02   -4.8094161e-02
1.7281000e-02   -5.4543506e-02
2.1983000e-02   -6.1198641e-02
2.7232001e-02   -6.7055762e-02
3.3016000e-02   -7.2562948e-02
3.9328001e-02   -7.7697538e-02
4.6151999e-02   -8.2359470e-02
5.3475998e-02   -8.7366246e-02
6.1287001e-02   -9.2230663e-02
6.9568001e-02   -9.6888423e-02
7.8308001e-02   -1.0130113e-01
8.7494999e-02   -1.0467793e-01
9.7115003e-02   -1.0900509e-01
1.0715700e-01   -1.1256829e-01
1.1760800e-01   -1.1505701e-01
1.2845400e-01   -1.1844244e-01
1.3968299e-01   -1.1970553e-01
1.5128200e-01   -1.2282535e-01
1.6323499e-01   -1.2474617e-01
1.7553200e-01   -1.2634705e-01
1.8815701e-01   -1.2810096e-01
2.0109700e-01   -1.2859225e-01
2.1433701e-01   -1.2987073e-01
2.2786400e-01   -1.3081522e-01
2.4166299e-01   -1.3066056e-01
2.5571901e-01   -1.3146849e-01
2.7001700e-01   -1.3087252e-01
2.8454199e-01   -1.3088268e-01
2.9927999e-01   -1.2994751e-01
3.1421500e-01   -1.2972483e-01
3.2933101e-01   -1.2880805e-01
3.4461299e-01   -1.2842324e-01
3.6004499e-01   -1.2783375e-01
3.7561101e-01   -1.2594478e-01
3.9129600e-01   -1.2360741e-01
4.0708300e-01   -1.2304030e-01
4.2295700e-01   -1.2019569e-01
4.3890101e-01   -1.1875645e-01
4.5489901e-01   -1.1555813e-01
4.7093499e-01   -1.1368999e-01
4.8699200e-01   -1.1115223e-01
5.0305498e-01   -1.0982592e-01
5.1910698e-01   -1.0643838e-01
5.3513199e-01   -1.0342122e-01
5.5111402e-01   -1.0026976e-01
5.6703597e-01   -9.8714538e-02
5.8288401e-01   -9.5601328e-02
5.9864002e-01   -9.2123561e-02
6.1429000e-01   -8.9216173e-02
6.2981701e-01   -8.5385568e-02
6.4520597e-01   -8.1700273e-02
6.6044199e-01   -7.8695945e-02
6.7550898e-01   -7.5753212e-02
6.9039297e-01   -7.2121665e-02
7.0507699e-01   -6.8761386e-02
7.1954900e-01   -6.5256886e-02
7.3379302e-01   -6.1982565e-02
7.4779499e-01   -5.8910757e-02
7.6154202e-01   -5.5484049e-02
7.7501899e-01   -5.2654982e-02
7.8821403e-01   -4.8584282e-02
8.0111301e-01   -4.5590810e-02
8.1370401e-01   -4.2511564e-02
8.2597297e-01   -4.0197898e-02
8.3791000e-01   -3.6580484e-02
8.4950101e-01   -3.5267334e-02
8.6073500e-01   -3.1484820e-02
8.7160099e-01   -2.9868767e-02
8.8208801e-01   -2.7007924e-02
8.9218402e-01   -2.5127025e-02
9.0188003e-01   -2.3279432e-02
9.1116500e-01   -2.0952823e-02
9.2003101e-01   -2.0161429e-02
9.2846799e-01   -1.8207250e-02
9.3646699e-01   -1.6320808e-02
9.4401902e-01   -1.5685881e-02
9.5111603e-01   -1.3596009e-02
9.5775098e-01   -1.1956360e-02
9.6392000e-01   -1.1329050e-02
9.6961600e-01   -1.0672787e-02
9.7483599e-01   -9.3587264e-03
9.7957498e-01   -7.9760291e-03
9.8383099e-01   -7.9659028e-03
9.8759800e-01   -6.2035541e-03
9.9087399e-01   -6.5448522e-03
9.9365300e-01   -5.9362929e-03
9.9593401e-01   -5.4742726e-03
9.9771100e-01   -5.9472085e-03
9.9898201e-01   -4.9787457e-03
9.9974501e-01   -5.1800353e-03
1.0000000e+00   -4.2546107e-03
