1.0000000e+00   1.0739809e-03
9.9974501e-01   1.3696906e-03
9.9898201e-01   1.7448001e-03
9.9771100e-01   1.9061283e-03
9.9593300e-01   2.6900235e-03
9.9365300e-01   3.3316207e-03
9.9087399e-01   4.5220330e-03
9.8759800e-01   5.7484638e-03
9.8382998e-01   7.3752301e-03
9.7957498e-01   8.8543519e-03
9.7483599e-01   1.1008389e-02
9.6961600e-01   1.3107399e-02
9.6392000e-01   1.5263378e-02
9.5775098e-01   1.8050818e-02
9.5111603e-01   2.0570911e-02
9.4401902e-01   2.3379752e-02
9.3646699e-01   2.6418159e-02
9.2846799e-01   3.0044086e-02
9.2003101e-01   3.3364195e-02
9.1116500e-01   3.7364077e-02
9.0187901e-01   4.0680587e-02
8.9218301e-01   4.4962864e-02
8.8208699e-01   4.9235817e-02
8.7160099e-01   5.3447489e-02
8.6073500e-01   5.8179423e-02
8.4950101e-01   6.3004032e-02
8.3791000e-01   6.7526385e-02
8.2597399e-01   7.2810888e-02
8.1370401e-01   7.7843882e-02
8.0111301e-01   8.2737744e-02
7.8821403e-01   8.8344097e-02
7.7501899e-01   9.3888089e-02
7.6154101e-01   9.9320337e-02
7.4779499e-01   1.0407285e-01
7.3379201e-01   1.1008164e-01
7.1954799e-01   1.1559435e-01
7.0507699e-01   1.2061771e-01
6.9039202e-01   1.2605275e-01
6.7550898e-01   1.3148728e-01
6.6044199e-01   1.3685825e-01
6.4520597e-01   1.4229532e-01
6.2981701e-01   1.4708319e-01
6.1429000e-01   1.5188098e-01
5.9864002e-01   1.5667567e-01
5.8288401e-01   1.6088782e-01
5.6703597e-01   1.6556983e-01
5.5111301e-01   1.6940108e-01
5.3513098e-01   1.7351499e-01
5.1910597e-01   1.7712240e-01
5.0305402e-01   1.8140775e-01
4.8699099e-01   1.8433808e-01
4.7093400e-01   1.8679492e-01
4.5489800e-01   1.8951045e-01
4.3889999e-01   1.9163661e-01
4.2295599e-01   1.9397283e-01
4.0708300e-01   1.9544820e-01
3.9129499e-01   1.9726044e-01
3.7560999e-01   1.9868471e-01
3.6004400e-01   1.9924988e-01
3.4461200e-01   2.0000757e-01
3.2933000e-01   1.9940940e-01
3.1421301e-01   1.9991532e-01
2.9927900e-01   1.9818023e-01
2.8454101e-01   1.9769110e-01
2.7001500e-01   1.9668502e-01
2.5571701e-01   1.9488959e-01
2.4166100e-01   1.9236046e-01
2.2786200e-01   1.9048278e-01
2.1433599e-01   1.8722701e-01
2.0109500e-01   1.8428627e-01
1.8815500e-01   1.8075968e-01
1.7553000e-01   1.7632464e-01
1.6323400e-01   1.7231318e-01
1.5128000e-01   1.6760717e-01
1.3968100e-01   1.6271287e-01
1.2845200e-01   1.5738809e-01
1.1760600e-01   1.5151362e-01
1.0715500e-01   1.4548740e-01
9.7112998e-02   1.3892892e-01
8.7493002e-02   1.3235180e-01
7.8305997e-02   1.2518415e-01
6.9565997e-02   1.1770775e-01
6.1285000e-02   1.1035154e-01
5.3474002e-02   1.0246658e-01
4.6149999e-02   9.4478466e-02
3.9326001e-02   8.6445905e-02
3.3013999e-02   7.8337006e-02
2.7230000e-02   7.0158668e-02
2.1980001e-02   6.2113546e-02
1.7277000e-02   5.3608160e-02
1.3141000e-02   4.5557573e-02
9.5729996e-03   3.7745174e-02
6.5830001e-03   3.0086992e-02
4.1880002e-03   2.2781976e-02
2.3540000e-03   1.6358053e-02
1.0810000e-03   1.0218019e-02
3.7100000e-04   5.2905101e-03
7.6999997e-05   1.8685688e-03
4.9999999e-06   -3.6628472e-04
0.0000000e+00   -1.0756995e-03
4.9999999e-06   -1.8295653e-03
7.6999997e-05   -3.9906120e-03
3.7100000e-04   -7.2089871e-03
1.0810000e-03   -1.1579055e-02
2.3530000e-03   -1.6153669e-02
4.1880002e-03   -2.0731518e-02
6.5850001e-03   -2.5084883e-02
9.5760003e-03   -2.9174112e-02
1.3145000e-02   -3.2902513e-02
1.7281000e-02   -3.6313314e-02
2.1983000e-02   -3.9458677e-02
2.7232001e-02   -4.2283196e-02
3.3016000e-02   -4.5203563e-02
3.9328001e-02   -4.7320418e-02
4.6151999e-02   -4.9670309e-02
5.3475998e-02   -5.1659692e-02
6.1287001e-02   -5.3424187e-02
6.9568001e-02   -5.5357762e-02
7.8308001e-02   -5.6949276e-02
8.7494999e-02   -5.8043454e-02
9.7115003e-02   -5.9100170e-02
1.0715700e-01   -6.0655046e-02
1.1760800e-01   -6.1136063e-02
1.2845400e-01   -6.1668597e-02
1.3968299e-01   -6.2112369e-02
1.5128200e-01   -6.2321380e-02
1.6323499e-01   -6.2545136e-02
1.7553200e-01   -6.2512934e-02
1.8815701e-01   -6.2320001e-02
2.0109700e-01   -6.1692525e-02
2.1433701e-01   -6.1038204e-02
2.2786400e-01   -6.1053492e-02
2.4166299e-01   -5.9947763e-02
2.5571901e-01   -5.9576657e-02
2.7001700e-01   -5.8674790e-02
2.8454199e-01   -5.8536340e-02
2.9927999e-01   -5.7088830e-02
3.1421500e-01   -5.6149088e-02
3.2933101e-01   -5.5457246e-02
3.4461299e-01   -5.4205313e-02
3.6004499e-01   -5.3111486e-02
3.7561101e-01   -5.1993359e-02
3.9129600e-01   -5.0434377e-02
4.0708300e-01   -4.8745420e-02
4.2295700e-01   -4.7330026e-02
4.3890101e-01   -4.5743242e-02
4.5489901e-01   -4.4219561e-02
4.7093499e-01   -4.2401303e-02
4.8699200e-01   -4.0707745e-02
5.0305498e-01   -3.9152451e-02
5.1910698e-01   -3.7019417e-02
5.3513199e-01   -3.5482336e-02
5.5111402e-01   -3.3278313e-02
5.6703597e-01   -3.1475730e-02
5.8288401e-01   -2.9614042e-02
5.9864002e-01   -2.7877854e-02
6.1429000e-01   -2.5583040e-02
6.2981701e-01   -2.4258185e-02
6.4520597e-01   -2.2217570e-02
6.6044199e-01   -2.0537389e-02
6.7550898e-01   -1.9069361e-02
6.9039297e-01   -1.7660111e-02
7.0507699e-01   -1.6167130e-02
7.1954900e-01   -1.4464536e-02
7.3379302e-01   -1.2670234e-02
7.4779499e-01   -1.1458436e-02
7.6154202e-01   -9.9553494e-03
7.7501899e-01   -9.1450792e-03
7.8821403e-01   -7.7701919e-03
8.0111301e-01   -6.6811512e-03
8.1370401e-01   -5.7476610e-03
8.2597297e-01   -4.2498731e-03
8.3791000e-01   -3.8427671e-03
8.4950101e-01   -3.1965098e-03
8.6073500e-01   -2.3123655e-03
8.7160099e-01   -1.9509675e-03
8.8208801e-01   -1.6037780e-03
8.9218402e-01   -8.4706565e-04
9.0188003e-01   -7.3235657e-04
9.1116500e-01   -6.0917990e-04
9.2003101e-01   -2.3089256e-04
9.2846799e-01   1.0230765e-04
9.3646699e-01   1.2146588e-04
9.4401902e-01   1.3508229e-04
9.5111603e-01   -2.7397182e-05
9.5775098e-01   -2.5132042e-04
9.6392000e-01   1.6051950e-04
9.6961600e-01   1.5646778e-04
9.7483599e-01   -3.8234750e-05
9.7957498e-01   -4.4021755e-05
9.8383099e-01   -6.8015885e-05
9.8759800e-01   -3.0171731e-04
9.9087399e-01   -4.4710780e-04
9.9365300e-01   -5.2658789e-04
9.9593401e-01   -6.7107438e-04
9.9771100e-01   -7.8485342e-04
9.9898201e-01   -1.0027719e-03
9.9974501e-01   -8.4129308e-04
1.0000000e+00   -8.1861863e-04
