1.0000000e+00   -1.3129902e-04
9.9974501e-01   -5.9562168e-05
9.9898201e-01   2.1669047e-04
9.9771100e-01   6.3664716e-04
9.9593300e-01   9.9816348e-04
9.9365300e-01   1.5092182e-03
9.9087399e-01   2.3945384e-03
9.8759800e-01   3.4027991e-03
9.8382998e-01   4.8291422e-03
9.7957498e-01   5.9749442e-03
9.7483599e-01   7.5229653e-03
9.6961600e-01   9.1590639e-03
9.6392000e-01   1.0710403e-02
9.5775098e-01   1.2719395e-02
9.5111603e-01   1.4976987e-02
9.4401902e-01   1.7148264e-02
9.3646699e-01   1.9630549e-02
9.2846799e-01   2.2479357e-02
9.2003101e-01   2.4895266e-02
9.1116500e-01   2.7969968e-02
9.0187901e-01   3.1053696e-02
8.9218301e-01   3.4507625e-02
8.8208699e-01   3.7964039e-02
8.7160099e-01   4.1633058e-02
8.6073500e-01   4.5082871e-02
8.4950101e-01   4.9179316e-02
8.3791000e-01   5.2769277e-02
8.2597399e-01   5.6652602e-02
8.1370401e-01   6.1068535e-02
8.0111301e-01   6.5097161e-02
7.8821403e-01   6.9713593e-02
7.7501899e-01   7.3995091e-02
7.6154101e-01   7.8429535e-02
7.4779499e-01   8.3056100e-02
7.3379201e-01   8.7458909e-02
7.1954799e-01   9.2052542e-02
7.0507699e-01   9.6184015e-02
6.9039202e-01   1.0108014e-01
6.7550898e-01   1.0571798e-01
6.6044199e-01   1.1026740e-01
6.4520597e-01   1.1489946e-01
6.2981701e-01   1.1940954e-01
6.1429000e-01   1.2339421e-01
5.9864002e-01   1.2764603e-01
5.8288401e-01   1.3193221e-01
5.6703597e-01   1.3568591e-01
5.5111301e-01   1.3967662e-01
5.3513098e-01   1.4326790e-01
5.1910597e-01   1.4691918e-01
5.0305402e-01   1.4991759e-01
4.8699099e-01   1.5308571e-01
4.7093400e-01   1.5498029e-01
4.5489800e-01   1.5792944e-01
4.3889999e-01   1.6033222e-01
4.2295599e-01   1.6230516e-01
4.0708300e-01   1.6394252e-01
3.9129499e-01   1.6491467e-01
3.7560999e-01   1.6582309e-01
3.6004400e-01   1.6669510e-01
3.4461200e-01   1.6755335e-01
3.2933000e-01   1.6768056e-01
3.1421301e-01   1.6772005e-01
2.9927900e-01   1.6753036e-01
2.8454101e-01   1.6688931e-01
2.7001500e-01   1.6580413e-01
2.5571701e-01   1.6457361e-01
2.4166100e-01   1.6360269e-01
2.2786200e-01   1.6178682e-01
2.1433599e-01   1.5973073e-01
2.0109500e-01   1.5731220e-01
1.8815500e-01   1.5468991e-01
1.7553000e-01   1.5171281e-01
1.6323400e-01   1.4876778e-01
1.5128000e-01   1.4534512e-01
1.3968100e-01   1.4165410e-01
1.2845200e-01   1.3737734e-01
1.1760600e-01   1.3323261e-01
1.0715500e-01   1.2827544e-01
9.7112998e-02   1.2326047e-01
8.7493002e-02   1.1830768e-01
7.8305997e-02   1.1276408e-01
6.9565997e-02   1.0700109e-01
6.1285000e-02   1.0103773e-01
5.3474002e-02   9.4918407e-02
4.6149999e-02   8.8086270e-02
3.9326001e-02   8.1540048e-02
3.3013999e-02   7.4916862e-02
2.7230000e-02   6.7712285e-02
2.1980001e-02   6.0507089e-02
1.7277000e-02   5.3124268e-02
1.3141000e-02   4.5620561e-02
9.5729996e-03   3.8030226e-02
6.5830001e-03   3.0726235e-02
4.1880002e-03   2.3640443e-02
2.3540000e-03   1.6812168e-02
1.0810000e-03   1.0868691e-02
3.7100000e-04   6.0471240e-03
7.6999997e-05   2.4172722e-03
4.9999999e-06   2.2584735e-04
0.0000000e+00   -6.2230806e-04
4.9999999e-06   -1.3639963e-03
7.6999997e-05   -3.4992823e-03
3.7100000e-04   -7.0080454e-03
1.0810000e-03   -1.1624712e-02
2.3530000e-03   -1.7084194e-02
4.1880002e-03   -2.2988098e-02
6.5850001e-03   -2.9228097e-02
9.5760003e-03   -3.4987818e-02
1.3145000e-02   -4.0885244e-02
1.7281000e-02   -4.6233937e-02
2.1983000e-02   -5.1296398e-02
2.7232001e-02   -5.6466036e-02
3.3016000e-02   -6.1550070e-02
3.9328001e-02   -6.5960020e-02
4.6151999e-02   -7.0615053e-02
5.3475998e-02   -7.4804686e-02
6.1287001e-02   -7.8870200e-02
6.9568001e-02   -8.2843214e-02
7.8308001e-02   -8.6567990e-02
8.7494999e-02   -9.0010390e-02
9.7115003e-02   -9.3531303e-02
1.0715700e-01   -9.6554734e-02
1.1760800e-01   -9.9790312e-02
1.2845400e-01   -1.0213814e-01
1.3968299e-01   -1.0509018e-01
1.5128200e-01   -1.0701513e-01
1.6323499e-01   -1.0940468e-01
1.7553200e-01   -1.1105806e-01
1.8815701e-01   -1.1319993e-01
2.0109700e-01   -1.1449023e-01
2.1433701e-01   -1.1594763e-01
2.2786400e-01   -1.1701098e-01
2.4166299e-01   -1.1801879e-01
2.5571901e-01   -1.1904048e-01
2.7001700e-01   -1.1952954e-01
2.8454199e-01   -1.2008485e-01
2.9927999e-01   -1.2012769e-01
3.1421500e-01   -1.2009653e-01
3.2933101e-01   -1.1975133e-01
3.4461299e-01   -1.1922016e-01
3.6004499e-01   -1.1837082e-01
3.7561101e-01   -1.1766870e-01
3.9129600e-01   -1.1636642e-01
4.0708300e-01   -1.1467963e-01
4.2295700e-01   -1.1319990e-01
4.3890101e-01   -1.1171149e-01
4.5489901e-01   -1.0960322e-01
4.7093499e-01   -1.0743158e-01
4.8699200e-01   -1.0551198e-01
5.0305498e-01   -1.0296852e-01
5.1910698e-01   -1.0087521e-01
5.3513199e-01   -9.7491063e-02
5.5111402e-01   -9.4624110e-02
5.6703597e-01   -9.1811225e-02
5.8288401e-01   -8.8525765e-02
5.9864002e-01   -8.5670449e-02
6.1429000e-01   -8.2416058e-02
6.2981701e-01   -7.8971371e-02
6.4520597e-01   -7.5535446e-02
6.6044199e-01   -7.2190516e-02
6.7550898e-01   -6.8389542e-02
6.9039297e-01   -6.4834319e-02
7.0507699e-01   -6.1560430e-02
7.1954900e-01   -5.8112446e-02
7.3379302e-01   -5.4649070e-02
7.4779499e-01   -5.1612332e-02
7.6154202e-01   -4.8474774e-02
7.7501899e-01   -4.4959497e-02
7.8821403e-01   -4.1968811e-02
8.0111301e-01   -3.9116599e-02
8.1370401e-01   -3.6342494e-02
8.2597297e-01   -3.3446141e-02
8.3791000e-01   -3.0706599e-02
8.4950101e-01   -2.8412446e-02
8.6073500e-01   -2.5988845e-02
8.7160099e-01   -2.3418002e-02
8.8208801e-01   -2.1381784e-02
8.9218402e-01   -1.9610930e-02
9.0188003e-01   -1.7342540e-02
9.1116500e-01   -1.5554621e-02
9.2003101e-01   -1.3837188e-02
9.2846799e-01   -1.2249005e-02
9.3646699e-01   -1.1056285e-02
9.4401902e-01   -9.6311728e-03
9.5111603e-01   -8.4095774e-03
9.5775098e-01   -7.3338849e-03
9.6392000e-01   -6.3073304e-03
9.6961600e-01   -5.7258829e-03
9.7483599e-01   -4.8589897e-03
9.7957498e-01   -4.2228354e-03
9.8383099e-01   -3.4518691e-03
9.8759800e-01   -3.1188189e-03
9.9087399e-01   -2.6012079e-03
9.9365300e-01   -2.2062620e-03
9.9593401e-01   -1.9560258e-03
9.9771100e-01   -1.7425533e-03
9.9898201e-01   -1.4722002e-03
9.9974501e-01   -1.3360925e-03
1.0000000e+00   -1.2489241e-03
