1.0000000e+00   -2.7365810e-05
9.9974501e-01   1.7139854e-04
9.9898201e-01   7.5628003e-04
9.9771100e-01   1.7434655e-03
9.9593300e-01   2.8968076e-03
9.9365300e-01   4.5401668e-03
9.9087399e-01   6.6243354e-03
9.8759800e-01   9.1160359e-03
9.8382998e-01   1.1882550e-02
9.7957498e-01   1.5042301e-02
9.7483599e-01   1.8703973e-02
9.6961600e-01   2.2414807e-02
9.6392000e-01   2.6535183e-02
9.5775098e-01   3.0863713e-02
9.5111603e-01   3.5517719e-02
9.4401902e-01   4.0475652e-02
9.3646699e-01   4.5792185e-02
9.2846799e-01   5.1366229e-02
9.2003101e-01   5.7059906e-02
9.1116500e-01   6.3012451e-02
9.0187901e-01   6.9230191e-02
8.9218301e-01   7.5555578e-02
8.8208699e-01   8.2116924e-02
8.7160099e-01   8.9032620e-02
8.6073500e-01   9.6173696e-02
8.4950101e-01   1.0338138e-01
8.3791000e-01   1.1086410e-01
8.2597399e-01   1.1848155e-01
8.1370401e-01   1.2633523e-01
8.0111301e-01   1.3420622e-01
7.8821403e-01   1.4209358e-01
7.7501899e-01   1.5008000e-01
7.6154101e-01   1.5798515e-01
7.4779499e-01   1.6598473e-01
7.3379201e-01   1.7372797e-01
7.1954799e-01   1.8182911e-01
7.0507699e-01   1.8957523e-01
6.9039202e-01   1.9730563e-01
6.7550898e-01   2.0512547e-01
6.6044199e-01   2.1278574e-01
6.4520597e-01   2.2028211e-01
6.2981701e-01   2.2772028e-01
6.1429000e-01   2.3485321e-01
5.9864002e-01   2.4171138e-01
5.8288401e-01   2.4842857e-01
5.6703597e-01   2.5455415e-01
5.5111301e-01   2.6039246e-01
5.3513098e-01   2.6594901e-01
5.1910597e-01   2.7130643e-01
5.0305402e-01   2.7605301e-01
4.8699099e-01   2.8048086e-01
4.7093400e-01   2.8425941e-01
4.5489800e-01   2.8761619e-01
4.3889999e-01   2.9058623e-01
4.2295599e-01   2.9291961e-01
4.0708300e-01   2.9470286e-01
3.9129499e-01   2.9599831e-01
3.7560999e-01   2.9672357e-01
3.6004400e-01   2.9683489e-01
3.4461200e-01   2.9679975e-01
3.2933000e-01   2.9604080e-01
3.1421301e-01   2.9451376e-01
2.9927900e-01   2.9261225e-01
2.8454101e-01   2.9028341e-01
2.7001500e-01   2.8736141e-01
2.5571701e-01   2.8394869e-01
2.4166100e-01   2.7994546e-01
2.2786200e-01   2.7568021e-01
2.1433599e-01   2.7067232e-01
2.0109500e-01   2.6504740e-01
1.8815500e-01   2.5905669e-01
1.7553000e-01   2.5239187e-01
1.6323400e-01   2.4555857e-01
1.5128000e-01   2.3806722e-01
1.3968100e-01   2.3019497e-01
1.2845200e-01   2.2196297e-01
1.1760600e-01   2.1315213e-01
1.0715500e-01   2.0379421e-01
9.7112998e-02   1.9453292e-01
8.7493002e-02   1.8476705e-01
7.8305997e-02   1.7465742e-01
6.9565997e-02   1.6423902e-01
6.1285000e-02   1.5347067e-01
5.3474002e-02   1.4240609e-01
4.6149999e-02   1.3119467e-01
3.9326001e-02   1.1969564e-01
3.3013999e-02   1.0817628e-01
2.7230000e-02   9.6685171e-02
2.1980001e-02   8.5262150e-02
1.7277000e-02   7.4056558e-02
1.3141000e-02   6.2912613e-02
9.5729996e-03   5.2028019e-02
6.5830001e-03   4.1532092e-02
4.1880002e-03   3.1767905e-02
2.3540000e-03   2.2782546e-02
1.0810000e-03   1.5059459e-02
3.7100000e-04   8.5565289e-03
7.6999997e-05   3.8733853e-03
4.9999999e-06   9.6715707e-04
0.0000000e+00   -2.0474777e-06
4.9999999e-06   -9.1427419e-04
7.6999997e-05   -3.7737237e-03
3.7100000e-04   -8.1116362e-03
1.0810000e-03   -1.3720100e-02
2.3530000e-03   -1.9840233e-02
4.1880002e-03   -2.6170755e-02
6.5850001e-03   -3.1907506e-02
9.5760003e-03   -3.7274413e-02
1.3145000e-02   -4.2297099e-02
1.7281000e-02   -4.6826243e-02
2.1983000e-02   -5.0864659e-02
2.7232001e-02   -5.4849029e-02
3.3016000e-02   -5.8408074e-02
3.9328001e-02   -6.1478995e-02
4.6151999e-02   -6.4400561e-02
5.3475998e-02   -6.6923320e-02
6.1287001e-02   -6.9133870e-02
6.9568001e-02   -7.0970535e-02
7.8308001e-02   -7.2655268e-02
8.7494999e-02   -7.4034259e-02
9.7115003e-02   -7.4988596e-02
1.0715700e-01   -7.5869896e-02
1.1760800e-01   -7.6402776e-02
1.2845400e-01   -7.6960251e-02
1.3968299e-01   -7.7100664e-02
1.5128200e-01   -7.6953597e-02
1.6323499e-01   -7.6555647e-02
1.7553200e-01   -7.6223299e-02
1.8815701e-01   -7.5573511e-02
2.0109700e-01   -7.4676499e-02
2.1433701e-01   -7.3499717e-02
2.2786400e-01   -7.2785497e-02
2.4166299e-01   -7.1668833e-02
2.5571901e-01   -7.0112400e-02
2.7001700e-01   -6.8793572e-02
2.8454199e-01   -6.7024924e-02
2.9927999e-01   -6.5195933e-02
3.1421500e-01   -6.3311644e-02
3.2933101e-01   -6.1354768e-02
3.4461299e-01   -5.9255533e-02
3.6004499e-01   -5.7111576e-02
3.7561101e-01   -5.4931156e-02
3.9129600e-01   -5.2703116e-02
4.0708300e-01   -5.0492905e-02
4.2295700e-01   -4.8192669e-02
4.3890101e-01   -4.6099741e-02
4.5489901e-01   -4.3776970e-02
4.7093499e-01   -4.1368552e-02
4.8699200e-01   -3.9090089e-02
5.0305498e-01   -3.6737833e-02
5.1910698e-01   -3.4471281e-02
5.3513199e-01   -3.2531388e-02
5.5111402e-01   -3.0247876e-02
5.6703597e-01   -2.8118111e-02
5.8288401e-01   -2.5727523e-02
5.9864002e-01   -2.3560068e-02
6.1429000e-01   -2.1436894e-02
6.2981701e-01   -1.9532058e-02
6.4520597e-01   -1.7357711e-02
6.6044199e-01   -1.5578005e-02
6.7550898e-01   -1.3691303e-02
6.9039297e-01   -1.1788638e-02
7.0507699e-01   -9.9925539e-03
7.1954900e-01   -8.3062602e-03
7.3379302e-01   -6.6861706e-03
7.4779499e-01   -5.0281086e-03
7.6154202e-01   -3.7073100e-03
7.7501899e-01   -2.5995651e-03
7.8821403e-01   -1.6329014e-03
8.0111301e-01   -6.1973551e-04
8.1370401e-01   4.2596456e-04
8.2597297e-01   1.2068035e-03
8.3791000e-01   2.1691381e-03
8.4950101e-01   2.6667875e-03
8.6073500e-01   3.2343101e-03
8.7160099e-01   3.5116100e-03
8.8208801e-01   3.7562428e-03
8.9218402e-01   3.8486919e-03
9.0188003e-01   3.7571909e-03
9.1116500e-01   3.7722911e-03
9.2003101e-01   3.6300290e-03
9.2846799e-01   3.3431442e-03
9.3646699e-01   3.1572671e-03
9.4401902e-01   2.8796974e-03
9.5111603e-01   2.6951311e-03
9.5775098e-01   2.3799979e-03
9.6392000e-01   2.1071059e-03
9.6961600e-01   1.7962571e-03
9.7483599e-01   1.6389255e-03
9.7957498e-01   1.4741324e-03
9.8383099e-01   1.1415607e-03
9.8759800e-01   8.8586891e-04
9.9087399e-01   6.7448965e-04
9.9365300e-01   4.8151295e-04
9.9593401e-01   2.8734491e-04
9.9771100e-01   2.1586096e-04
9.9898201e-01   1.8158904e-04
9.9974501e-01   -2.4474870e-05
1.0000000e+00   1.5259997e-05
