1.0000000e+00   -6.2092827e-06
9.9974501e-01   1.1374642e-04
9.9898201e-01   5.5555225e-04
9.9771100e-01   1.2728267e-03
9.9593300e-01   2.1003124e-03
9.9365300e-01   3.2555831e-03
9.9087399e-01   4.8024105e-03
9.8759800e-01   6.5343753e-03
9.8382998e-01   8.4527731e-03
9.7957498e-01   1.0600695e-02
9.7483599e-01   1.3155921e-02
9.6961600e-01   1.5771469e-02
9.6392000e-01   1.8706953e-02
9.5775098e-01   2.1858318e-02
9.5111603e-01   2.5197467e-02
9.4401902e-01   2.8844802e-02
9.3646699e-01   3.2820441e-02
9.2846799e-01   3.7107982e-02
9.2003101e-01   4.1548386e-02
9.1116500e-01   4.6138398e-02
9.0187901e-01   5.1175408e-02
8.9218301e-01   5.6314044e-02
8.8208699e-01   6.1722327e-02
8.7160099e-01   6.7501776e-02
8.6073500e-01   7.3413737e-02
8.4950101e-01   7.9373822e-02
8.3791000e-01   8.5712515e-02
8.2597399e-01   9.2116825e-02
8.1370401e-01   9.8861828e-02
8.0111301e-01   1.0547855e-01
7.8821403e-01   1.1224195e-01
7.7501899e-01   1.1903310e-01
7.6154101e-01   1.2591738e-01
7.4779499e-01   1.3289846e-01
7.3379201e-01   1.3967730e-01
7.1954799e-01   1.4647581e-01
7.0507699e-01   1.5335071e-01
6.9039202e-01   1.6012760e-01
6.7550898e-01   1.6716969e-01
6.6044199e-01   1.7376663e-01
6.4520597e-01   1.8030176e-01
6.2981701e-01   1.8669736e-01
6.1429000e-01   1.9297630e-01
5.9864002e-01   1.9876695e-01
5.8288401e-01   2.0447345e-01
5.6703597e-01   2.0964812e-01
5.5111301e-01   2.1480793e-01
5.3513098e-01   2.1964717e-01
5.1910597e-01   2.2433113e-01
5.0305402e-01   2.2843485e-01
4.8699099e-01   2.3242185e-01
4.7093400e-01   2.3590077e-01
4.5489800e-01   2.3914376e-01
4.3889999e-01   2.4201176e-01
4.2295599e-01   2.4436025e-01
4.0708300e-01   2.4628870e-01
3.9129499e-01   2.4767371e-01
3.7560999e-01   2.4886298e-01
3.6004400e-01   2.4967089e-01
3.4461200e-01   2.5037479e-01
3.2933000e-01   2.5037324e-01
3.1421301e-01   2.4974799e-01
2.9927900e-01   2.4894246e-01
2.8454101e-01   2.4789989e-01
2.7001500e-01   2.4623117e-01
2.5571701e-01   2.4430484e-01
2.4166100e-01   2.4188149e-01
2.2786200e-01   2.3928104e-01
2.1433599e-01   2.3607139e-01
2.0109500e-01   2.3233853e-01
1.8815500e-01   2.2829612e-01
1.7553000e-01   2.2359614e-01
1.6323400e-01   2.1872038e-01
1.5128000e-01   2.1311378e-01
1.3968100e-01   2.0730884e-01
1.2845200e-01   2.0102565e-01
1.1760600e-01   1.9433761e-01
1.0715500e-01   1.8691339e-01
9.7112998e-02   1.7950292e-01
8.7493002e-02   1.7139587e-01
7.8305997e-02   1.6297010e-01
6.9565997e-02   1.5415391e-01
6.1285000e-02   1.4501977e-01
5.3474002e-02   1.3542975e-01
4.6149999e-02   1.2572499e-01
3.9326001e-02   1.1564790e-01
3.3013999e-02   1.0544679e-01
2.7230000e-02   9.5116265e-02
2.1980001e-02   8.4612116e-02
1.7277000e-02   7.4010037e-02
1.3141000e-02   6.3192613e-02
9.5729996e-03   5.2491881e-02
6.5830001e-03   4.2093121e-02
4.1880002e-03   3.2273512e-02
2.3540000e-03   2.3145288e-02
1.0810000e-03   1.5217304e-02
3.7100000e-04   8.5935527e-03
7.6999997e-05   3.8746565e-03
4.9999999e-06   9.6839695e-04
0.0000000e+00   7.3201682e-06
4.9999999e-06   -9.4143208e-04
7.6999997e-05   -3.8387689e-03
3.7100000e-04   -8.3814925e-03
1.0810000e-03   -1.4418134e-02
2.3530000e-03   -2.1375375e-02
4.1880002e-03   -2.8861374e-02
6.5850001e-03   -3.6107358e-02
9.5760003e-03   -4.3350346e-02
1.3145000e-02   -5.0392233e-02
1.7281000e-02   -5.7366621e-02
2.1983000e-02   -6.3946113e-02
2.7232001e-02   -7.0259430e-02
3.3016000e-02   -7.6327108e-02
3.9328001e-02   -8.2129881e-02
4.6151999e-02   -8.7819919e-02
5.3475998e-02   -9.3129881e-02
6.1287001e-02   -9.8232970e-02
6.9568001e-02   -1.0312018e-01
7.8308001e-02   -1.0771960e-01
8.7494999e-02   -1.1215247e-01
9.7115003e-02   -1.1620048e-01
1.0715700e-01   -1.2023119e-01
1.1760800e-01   -1.2396379e-01
1.2845400e-01   -1.2766658e-01
1.3968299e-01   -1.3104206e-01
1.5128200e-01   -1.3401636e-01
1.6323499e-01   -1.3693674e-01
1.7553200e-01   -1.3972415e-01
1.8815701e-01   -1.4235678e-01
2.0109700e-01   -1.4466801e-01
2.1433701e-01   -1.4665426e-01
2.2786400e-01   -1.4888231e-01
2.4166299e-01   -1.5069927e-01
2.5571901e-01   -1.5208884e-01
2.7001700e-01   -1.5351328e-01
2.8454199e-01   -1.5433186e-01
2.9927999e-01   -1.5519932e-01
3.1421500e-01   -1.5583901e-01
3.2933101e-01   -1.5648292e-01
3.4461299e-01   -1.5671843e-01
3.6004499e-01   -1.5670486e-01
3.7561101e-01   -1.5637381e-01
3.9129600e-01   -1.5579472e-01
4.0708300e-01   -1.5515479e-01
4.2295700e-01   -1.5416509e-01
4.3890101e-01   -1.5319292e-01
4.5489901e-01   -1.5178981e-01
4.7093499e-01   -1.5026522e-01
4.8699200e-01   -1.4831269e-01
5.0305498e-01   -1.4603278e-01
5.1910698e-01   -1.4335653e-01
5.3513199e-01   -1.4077699e-01
5.5111402e-01   -1.3772979e-01
5.6703597e-01   -1.3455714e-01
5.8288401e-01   -1.3080926e-01
5.9864002e-01   -1.2707159e-01
6.1429000e-01   -1.2303013e-01
6.2981701e-01   -1.1899634e-01
6.4520597e-01   -1.1468775e-01
6.6044199e-01   -1.1050040e-01
6.7550898e-01   -1.0622538e-01
6.9039297e-01   -1.0179415e-01
7.0507699e-01   -9.7393900e-02
7.1954900e-01   -9.2993051e-02
7.3379302e-01   -8.8733144e-02
7.4779499e-01   -8.4327169e-02
7.6154202e-01   -8.0038100e-02
7.7501899e-01   -7.5946197e-02
7.8821403e-01   -7.1894541e-02
8.0111301e-01   -6.7735061e-02
8.1370401e-01   -6.3655064e-02
8.2597297e-01   -5.9836704e-02
8.3791000e-01   -5.5846907e-02
8.4950101e-01   -5.2170001e-02
8.6073500e-01   -4.8374828e-02
8.7160099e-01   -4.4809364e-02
8.8208801e-01   -4.1275427e-02
8.9218402e-01   -3.7695844e-02
9.0188003e-01   -3.4494743e-02
9.1116500e-01   -3.1319927e-02
9.2003101e-01   -2.8263081e-02
9.2846799e-01   -2.5351850e-02
9.3646699e-01   -2.2599770e-02
9.4401902e-01   -1.9994928e-02
9.5111603e-01   -1.7652340e-02
9.5775098e-01   -1.5620033e-02
9.6392000e-01   -1.3462644e-02
9.6961600e-01   -1.1513921e-02
9.7483599e-01   -9.6018082e-03
9.7957498e-01   -7.8358054e-03
9.8383099e-01   -6.2840655e-03
9.8759800e-01   -4.7796713e-03
9.9087399e-01   -3.5062092e-03
9.9365300e-01   -2.4159842e-03
9.9593401e-01   -1.5916754e-03
9.9771100e-01   -8.6098321e-04
9.9898201e-01   -3.4016112e-04
9.9974501e-01   -1.0606369e-04
1.0000000e+00   5.9346930e-06
