1.0000000e+00   -1.2808860e-05
9.9974501e-01   1.0179843e-04
9.9898201e-01   5.1914580e-04
9.9771100e-01   1.2439985e-03
9.9593300e-01   1.9964902e-03
9.9365300e-01   3.0915523e-03
9.9087399e-01   4.5125596e-03
9.8759800e-01   6.1286404e-03
9.8382998e-01   7.8315958e-03
9.7957498e-01   9.7704679e-03
9.7483599e-01   1.2076218e-02
9.6961600e-01   1.4388066e-02
9.6392000e-01   1.6992152e-02
9.5775098e-01   1.9783948e-02
9.5111603e-01   2.2755632e-02
9.4401902e-01   2.6031474e-02
9.3646699e-01   2.9561672e-02
9.2846799e-01   3.3379093e-02
9.2003101e-01   3.7313920e-02
9.1116500e-01   4.1359298e-02
9.0187901e-01   4.5834627e-02
8.9218301e-01   5.0340522e-02
8.8208699e-01   5.5107661e-02
8.7160099e-01   6.0218725e-02
8.6073500e-01   6.5466352e-02
8.4950101e-01   7.0778705e-02
8.3791000e-01   7.6380819e-02
8.2597399e-01   8.2092859e-02
8.1370401e-01   8.8048436e-02
8.0111301e-01   9.3899898e-02
7.8821403e-01   9.9885784e-02
7.7501899e-01   1.0588927e-01
7.6154101e-01   1.1191905e-01
7.4779499e-01   1.1806115e-01
7.3379201e-01   1.2409369e-01
7.1954799e-01   1.3017148e-01
7.0507699e-01   1.3625452e-01
6.9039202e-01   1.4230022e-01
6.7550898e-01   1.4862603e-01
6.6044199e-01   1.5456337e-01
6.4520597e-01   1.6044915e-01
6.2981701e-01   1.6615251e-01
6.1429000e-01   1.7181602e-01
5.9864002e-01   1.7701897e-01
5.8288401e-01   1.8221068e-01
5.6703597e-01   1.8678699e-01
5.5111301e-01   1.9145471e-01
5.3513098e-01   1.9577196e-01
5.1910597e-01   1.9999512e-01
5.0305402e-01   2.0368694e-01
4.8699099e-01   2.0727301e-01
4.7093400e-01   2.1039717e-01
4.5489800e-01   2.1319085e-01
4.3889999e-01   2.1577862e-01
4.2295599e-01   2.1795864e-01
4.0708300e-01   2.1971223e-01
3.9129499e-01   2.2092099e-01
3.7560999e-01   2.2197039e-01
3.6004400e-01   2.2261672e-01
3.4461200e-01   2.2331016e-01
3.2933000e-01   2.2339128e-01
3.1421301e-01   2.2286960e-01
2.9927900e-01   2.2218104e-01
2.8454101e-01   2.2130932e-01
2.7001500e-01   2.1989766e-01
2.5571701e-01   2.1820170e-01
2.4166100e-01   2.1602581e-01
2.2786200e-01   2.1374273e-01
2.1433599e-01   2.1091586e-01
2.0109500e-01   2.0763396e-01
1.8815500e-01   2.0406961e-01
1.7553000e-01   1.9987571e-01
1.6323400e-01   1.9560783e-01
1.5128000e-01   1.9071856e-01
1.3968100e-01   1.8558770e-01
1.2845200e-01   1.8012467e-01
1.1760600e-01   1.7425725e-01
1.0715500e-01   1.6777594e-01
9.7112998e-02   1.6125920e-01
8.7493002e-02   1.5420519e-01
7.8305997e-02   1.4676926e-01
6.9565997e-02   1.3903153e-01
6.1285000e-02   1.3100876e-01
5.3474002e-02   1.2248879e-01
4.6149999e-02   1.1385847e-01
3.9326001e-02   1.0492430e-01
3.3013999e-02   9.5915616e-02
2.7230000e-02   8.6829506e-02
2.1980001e-02   7.7539869e-02
1.7277000e-02   6.8208329e-02
1.3141000e-02   5.8609921e-02
9.5729996e-03   4.9129121e-02
6.5830001e-03   3.9882571e-02
4.1880002e-03   3.0981703e-02
2.3540000e-03   2.2477081e-02
1.0810000e-03   1.4938822e-02
3.7100000e-04   8.5070003e-03
7.6999997e-05   3.8471792e-03
4.9999999e-06   9.6374674e-04
0.0000000e+00   1.8594733e-08
4.9999999e-06   -9.4481523e-04
7.6999997e-05   -3.8199692e-03
3.7100000e-04   -8.2831997e-03
1.0810000e-03   -1.4131141e-02
2.3530000e-03   -2.0699754e-02
4.1880002e-03   -2.7644671e-02
6.5850001e-03   -3.4158055e-02
9.5760003e-03   -4.0519223e-02
1.3145000e-02   -4.6654422e-02
1.7281000e-02   -5.2655913e-02
2.1983000e-02   -5.8318682e-02
2.7232001e-02   -6.3769273e-02
3.3016000e-02   -6.8982854e-02
3.9328001e-02   -7.3955193e-02
4.6151999e-02   -7.8795128e-02
5.3475998e-02   -8.3326474e-02
6.1287001e-02   -8.7700419e-02
6.9568001e-02   -9.1874488e-02
7.8308001e-02   -9.5855542e-02
8.7494999e-02   -9.9702083e-02
9.7115003e-02   -1.0325908e-01
1.0715700e-01   -1.0676382e-01
1.1760800e-01   -1.1001571e-01
1.2845400e-01   -1.1326904e-01
1.3968299e-01   -1.1618513e-01
1.5128200e-01   -1.1875234e-01
1.6323499e-01   -1.2124085e-01
1.7553200e-01   -1.2361883e-01
1.8815701e-01   -1.2588105e-01
2.0109700e-01   -1.2781692e-01
2.1433701e-01   -1.2949122e-01
2.2786400e-01   -1.3144965e-01
2.4166299e-01   -1.3291700e-01
2.5571901e-01   -1.3405734e-01
2.7001700e-01   -1.3525209e-01
2.8454199e-01   -1.3586916e-01
2.9927999e-01   -1.3652658e-01
3.1421500e-01   -1.3697705e-01
3.2933101e-01   -1.3735583e-01
3.4461299e-01   -1.3741572e-01
3.6004499e-01   -1.3722101e-01
3.7561101e-01   -1.3675879e-01
3.9129600e-01   -1.3604994e-01
4.0708300e-01   -1.3533017e-01
4.2295700e-01   -1.3431752e-01
4.3890101e-01   -1.3330652e-01
4.5489901e-01   -1.3188846e-01
4.7093499e-01   -1.3042122e-01
4.8699200e-01   -1.2851256e-01
5.0305498e-01   -1.2636656e-01
5.1910698e-01   -1.2381621e-01
5.3513199e-01   -1.2139890e-01
5.5111402e-01   -1.1863217e-01
5.6703597e-01   -1.1564033e-01
5.8288401e-01   -1.1215506e-01
5.9864002e-01   -1.0872328e-01
6.1429000e-01   -1.0508213e-01
6.2981701e-01   -1.0150602e-01
6.4520597e-01   -9.7615659e-02
6.6044199e-01   -9.3949057e-02
6.7550898e-01   -9.0031222e-02
6.9039297e-01   -8.6068630e-02
7.0507699e-01   -8.2088582e-02
7.1954900e-01   -7.8133948e-02
7.3379302e-01   -7.4240044e-02
7.4779499e-01   -7.0230104e-02
7.6154202e-01   -6.6418760e-02
7.7501899e-01   -6.2735640e-02
7.8821403e-01   -5.9158206e-02
8.0111301e-01   -5.5486508e-02
8.1370401e-01   -5.1914539e-02
8.2597297e-01   -4.8553251e-02
8.3791000e-01   -4.5154255e-02
8.4950101e-01   -4.2061385e-02
8.6073500e-01   -3.8885005e-02
8.7160099e-01   -3.5880774e-02
8.8208801e-01   -3.2958303e-02
8.9218402e-01   -2.9955650e-02
9.0188003e-01   -2.7343530e-02
9.1116500e-01   -2.4738010e-02
9.2003101e-01   -2.2303719e-02
9.2846799e-01   -1.9996850e-02
9.3646699e-01   -1.7793939e-02
9.4401902e-01   -1.5718892e-02
9.5111603e-01   -1.3919466e-02
9.5775098e-01   -1.2253693e-02
9.6392000e-01   -1.0570453e-02
9.6961600e-01   -9.0783089e-03
9.7483599e-01   -7.6214173e-03
9.7957498e-01   -6.2376261e-03
9.8383099e-01   -5.1143114e-03
9.8759800e-01   -3.9845952e-03
9.9087399e-01   -3.0106527e-03
9.9365300e-01   -2.1194476e-03
9.9593401e-01   -1.4713430e-03
9.9771100e-01   -8.5727934e-04
9.9898201e-01   -4.0008442e-04
9.9974501e-01   -1.4389880e-04
1.0000000e+00   6.1900391e-07
