1.0000000e+00   -3.0351061e-05
9.9974501e-01   9.6313081e-05
9.9898201e-01   5.5361702e-04
9.9771100e-01   1.3800119e-03
9.9593300e-01   1.6640729e-03
9.9365300e-01   2.2772194e-03
9.9087399e-01   3.1413129e-03
9.8759800e-01   4.0265969e-03
9.8382998e-01   4.8195547e-03
9.7957498e-01   5.5407318e-03
9.7483599e-01   6.5692216e-03
9.6961600e-01   7.3280064e-03
9.6392000e-01   8.3384598e-03
9.5775098e-01   9.2917401e-03
9.5111603e-01   1.0336927e-02
9.4401902e-01   1.1735087e-02
9.3646699e-01   1.2979490e-02
9.2846799e-01   1.4511438e-02
9.2003101e-01   1.6106777e-02
9.1116500e-01   1.7401760e-02
9.0187901e-01   1.9169433e-02
8.9218301e-01   2.0602686e-02
8.8208699e-01   2.2250690e-02
8.7160099e-01   2.4156701e-02
8.6073500e-01   2.6102718e-02
8.4950101e-01   2.8209982e-02
8.3791000e-01   3.0378535e-02
8.2597399e-01   3.2705814e-02
8.1370401e-01   3.4944151e-02
8.0111301e-01   3.7080981e-02
7.8821403e-01   3.9395288e-02
7.7501899e-01   4.1520856e-02
7.6154101e-01   4.3588441e-02
7.4779499e-01   4.5776077e-02
7.3379201e-01   4.8094027e-02
7.1954799e-01   5.0255880e-02
7.0507699e-01   5.2264687e-02
6.9039202e-01   5.4275092e-02
6.7550898e-01   5.6984998e-02
6.6044199e-01   5.9381623e-02
6.4520597e-01   6.1993334e-02
6.2981701e-01   6.4438455e-02
6.1429000e-01   6.7091197e-02
5.9864002e-01   6.9309987e-02
5.8288401e-01   7.1833901e-02
5.6703597e-01   7.3370218e-02
5.5111301e-01   7.5745776e-02
5.3513098e-01   7.7220418e-02
5.1910597e-01   7.9468340e-02
5.0305402e-01   8.0914706e-02
4.8699099e-01   8.2774833e-02
4.7093400e-01   8.4325515e-02
4.5489800e-01   8.5680701e-02
4.3889999e-01   8.7475345e-02
4.2295599e-01   8.8878304e-02
4.0708300e-01   8.9976385e-02
3.9129499e-01   9.0862051e-02
3.7560999e-01   9.1743097e-02
3.6004400e-01   9.2491686e-02
3.4461200e-01   9.3529142e-02
3.2933000e-01   9.4195426e-02
3.1421301e-01   9.4531983e-02
2.9927900e-01   9.4893731e-02
2.8454101e-01   9.5328853e-02
2.7001500e-01   9.5453486e-02
2.5571701e-01   9.5295288e-02
2.4166100e-01   9.4716921e-02
2.2786200e-01   9.4140179e-02
2.1433599e-01   9.3717068e-02
2.0109500e-01   9.2991844e-02
1.8815500e-01   9.1869667e-02
1.7553000e-01   9.0292737e-02
1.6323400e-01   8.8993587e-02
1.5128000e-01   8.7303191e-02
1.3968100e-01   8.5653841e-02
1.2845200e-01   8.4110484e-02
1.1760600e-01   8.2321025e-02
1.0715500e-01   8.0195457e-02
9.7112998e-02   7.8026026e-02
8.7493002e-02   7.5879872e-02
7.8305997e-02   7.3197410e-02
6.9565997e-02   7.0678182e-02
6.1285000e-02   6.8276510e-02
5.3474002e-02   6.5055288e-02
4.6149999e-02   6.1891709e-02
3.9326001e-02   5.8631625e-02
3.3013999e-02   5.5291798e-02
2.7230000e-02   5.2099161e-02
2.1980001e-02   4.8377436e-02
1.7277000e-02   4.4530552e-02
1.3141000e-02   4.0104426e-02
9.5729996e-03   3.5580311e-02
6.5830001e-03   3.0886900e-02
4.1880002e-03   2.5625292e-02
2.3540000e-03   1.9697124e-02
1.0810000e-03   1.3733122e-02
3.7100000e-04   8.0922265e-03
7.6999997e-05   3.7389679e-03
4.9999999e-06   9.4835268e-04
0.0000000e+00   -2.3336579e-06
4.9999999e-06   -9.7675645e-04
7.6999997e-05   -3.8187362e-03
3.7100000e-04   -8.0027170e-03
1.0810000e-03   -1.3253459e-02
2.3530000e-03   -1.8851062e-02
4.1880002e-03   -2.4533072e-02
6.5850001e-03   -2.9476093e-02
9.5760003e-03   -3.4188215e-02
1.3145000e-02   -3.8835775e-02
1.7281000e-02   -4.3177567e-02
2.1983000e-02   -4.7545537e-02
2.7232001e-02   -5.1659640e-02
3.3016000e-02   -5.5758424e-02
3.9328001e-02   -5.9830572e-02
4.6151999e-02   -6.3266069e-02
5.3475998e-02   -6.6421770e-02
6.1287001e-02   -6.9576837e-02
6.9568001e-02   -7.2606005e-02
7.8308001e-02   -7.5451784e-02
8.7494999e-02   -7.8229055e-02
9.7115003e-02   -8.0836996e-02
1.0715700e-01   -8.3099179e-02
1.1760800e-01   -8.5237771e-02
1.2845400e-01   -8.7396190e-02
1.3968299e-01   -8.9120716e-02
1.5128200e-01   -9.0470552e-02
1.6323499e-01   -9.1329619e-02
1.7553200e-01   -9.2243731e-02
1.8815701e-01   -9.3431875e-02
2.0109700e-01   -9.4275221e-02
2.1433701e-01   -9.4708063e-02
2.2786400e-01   -9.5752053e-02
2.4166299e-01   -9.6034609e-02
2.5571901e-01   -9.6029237e-02
2.7001700e-01   -9.6385524e-02
2.8454199e-01   -9.6050464e-02
2.9927999e-01   -9.5869027e-02
3.1421500e-01   -9.5479108e-02
3.2933101e-01   -9.4952829e-02
3.4461299e-01   -9.4315179e-02
3.6004499e-01   -9.3258061e-02
3.7561101e-01   -9.1845155e-02
3.9129600e-01   -9.0373740e-02
4.0708300e-01   -8.9302748e-02
4.2295700e-01   -8.7822519e-02
4.3890101e-01   -8.6335719e-02
4.5489901e-01   -8.4659509e-02
4.7093499e-01   -8.3390042e-02
4.8699200e-01   -8.1454866e-02
5.0305498e-01   -7.9689167e-02
5.1910698e-01   -7.7324726e-02
5.3513199e-01   -7.5249173e-02
5.5111402e-01   -7.3192656e-02
5.6703597e-01   -7.0698656e-02
5.8288401e-01   -6.8021715e-02
5.9864002e-01   -6.5596074e-02
6.1429000e-01   -6.3069426e-02
6.2981701e-01   -6.0867246e-02
6.4520597e-01   -5.8171105e-02
6.6044199e-01   -5.6360751e-02
6.7550898e-01   -5.3790662e-02
6.9039297e-01   -5.1606204e-02
7.0507699e-01   -4.9575396e-02
7.1954900e-01   -4.7247175e-02
7.3379302e-01   -4.4886101e-02
7.4779499e-01   -4.2353101e-02
7.6154202e-01   -4.0139038e-02
7.7501899e-01   -3.7922565e-02
7.8821403e-01   -3.5982832e-02
8.0111301e-01   -3.3704709e-02
8.1370401e-01   -3.1627454e-02
8.2597297e-01   -2.9417211e-02
8.3791000e-01   -2.7564919e-02
8.4950101e-01   -2.5879210e-02
8.6073500e-01   -2.4144936e-02
8.7160099e-01   -2.2542585e-02
8.8208801e-01   -2.1285344e-02
8.9218402e-01   -1.9563276e-02
9.0188003e-01   -1.8675985e-02
9.1116500e-01   -1.7496476e-02
9.2003101e-01   -1.6339349e-02
9.2846799e-01   -1.5092914e-02
9.3646699e-01   -1.3790199e-02
9.4401902e-01   -1.2472076e-02
9.5111603e-01   -1.1644308e-02
9.5775098e-01   -1.0428054e-02
9.6392000e-01   -9.5097926e-03
9.6961600e-01   -8.6232759e-03
9.7483599e-01   -7.7925036e-03
9.7957498e-01   -6.9269673e-03
9.8383099e-01   -6.2525729e-03
9.8759800e-01   -5.3884750e-03
9.9087399e-01   -4.5484486e-03
9.9365300e-01   -3.5889954e-03
9.9593401e-01   -2.9345290e-03
9.9771100e-01   -2.1393457e-03
9.9898201e-01   -1.2775995e-03
9.9974501e-01   -4.5212187e-04
1.0000000e+00   -5.7002042e-05
