1.0000000e+00   1.3739872e-02
9.9974501e-01   1.3888768e-02
9.9898201e-01   1.4327678e-02
9.9771100e-01   1.5018863e-02
9.9593300e-01   1.5919052e-02
9.9365300e-01   1.7066628e-02
9.9087399e-01   1.8519228e-02
9.8759800e-01   2.0251097e-02
9.8382998e-01   2.2254581e-02
9.7957498e-01   2.4526810e-02
9.7483599e-01   2.7049879e-02
9.6961600e-01   2.9839041e-02
9.6392000e-01   3.2936793e-02
9.5775098e-01   3.6358304e-02
9.5111603e-01   4.0092632e-02
9.4401902e-01   4.4113960e-02
9.3646699e-01   4.8414417e-02
9.2846799e-01   5.2999359e-02
9.2003101e-01   5.7860188e-02
9.1116500e-01   6.2948965e-02
9.0187901e-01   6.8322152e-02
8.9218301e-01   7.3985875e-02
8.8208699e-01   7.9858325e-02
8.7160099e-01   8.5919477e-02
8.6073500e-01   9.2154846e-02
8.4950101e-01   9.8557830e-02
8.3791000e-01   1.0515552e-01
8.2597399e-01   1.1190916e-01
8.1370401e-01   1.1875635e-01
8.0111301e-01   1.2571065e-01
7.8821403e-01   1.3275169e-01
7.7501899e-01   1.3985676e-01
7.6154101e-01   1.4699399e-01
7.4779499e-01   1.5410978e-01
7.3379201e-01   1.6117965e-01
7.1954799e-01   1.6818394e-01
7.0507699e-01   1.7509542e-01
6.9039202e-01   1.8193278e-01
6.7550898e-01   1.8866725e-01
6.6044199e-01   1.9525905e-01
6.4520597e-01   2.0166300e-01
6.2981701e-01   2.0784314e-01
6.1429000e-01   2.1375670e-01
5.9864002e-01   2.1939744e-01
5.8288401e-01   2.2473943e-01
5.6703597e-01   2.2974600e-01
5.5111301e-01   2.3441036e-01
5.3513098e-01   2.3872440e-01
5.1910597e-01   2.4265790e-01
5.0305402e-01   2.4618103e-01
4.8699099e-01   2.4930304e-01
4.7093400e-01   2.5201708e-01
4.5489800e-01   2.5433373e-01
4.3889999e-01   2.5626242e-01
4.2295599e-01   2.5783062e-01
4.0708300e-01   2.5903162e-01
3.9129499e-01   2.5983992e-01
3.7560999e-01   2.6025495e-01
3.6004400e-01   2.6027995e-01
3.4461200e-01   2.5990218e-01
3.2933000e-01   2.5912949e-01
3.1421301e-01   2.5798821e-01
2.9927900e-01   2.5650710e-01
2.8454101e-01   2.5469628e-01
2.7001500e-01   2.5251204e-01
2.5571701e-01   2.4990486e-01
2.4166100e-01   2.4696755e-01
2.2786200e-01   2.4363178e-01
2.1433599e-01   2.3964287e-01
2.0109500e-01   2.3522027e-01
1.8815500e-01   2.3039962e-01
1.7553000e-01   2.2505809e-01
1.6323400e-01   2.1920981e-01
1.5128000e-01   2.1287404e-01
1.3968100e-01   2.0607561e-01
1.2845200e-01   1.9884431e-01
1.1760600e-01   1.9122316e-01
1.0715500e-01   1.8323687e-01
9.7112998e-02   1.7485188e-01
8.7493002e-02   1.6603743e-01
7.8305997e-02   1.5684851e-01
6.9565997e-02   1.4732403e-01
6.1285000e-02   1.3743424e-01
5.3474002e-02   1.2721071e-01
4.6149999e-02   1.1679614e-01
3.9326001e-02   1.0635133e-01
3.3013999e-02   9.6023068e-02
2.7230000e-02   8.6012624e-02
2.1980001e-02   7.6382726e-02
1.7277000e-02   6.6748574e-02
1.3141000e-02   5.7052266e-02
9.5729996e-03   4.7513463e-02
6.5830001e-03   3.8343746e-02
4.1880002e-03   2.9638315e-02
2.3540000e-03   2.1499695e-02
1.0810000e-03   1.4203979e-02
3.7100000e-04   8.0918912e-03
7.6999997e-05   3.4881795e-03
4.9999999e-06   6.3503213e-04
0.0000000e+00   -3.3081369e-04
4.9999999e-06   -1.2796046e-03
7.6999997e-05   -4.0656207e-03
3.7100000e-04   -8.4490459e-03
1.0810000e-03   -1.3962440e-02
2.3530000e-03   -2.0007852e-02
4.1880002e-03   -2.5985969e-02
6.5850001e-03   -3.1562306e-02
9.5760003e-03   -3.6979698e-02
1.3145000e-02   -4.2455032e-02
1.7281000e-02   -4.7169190e-02
2.1983000e-02   -5.1063024e-02
2.7232001e-02   -5.4452538e-02
3.3016000e-02   -5.7480529e-02
3.9328001e-02   -6.0249083e-02
4.6151999e-02   -6.2866360e-02
5.3475998e-02   -6.5408178e-02
6.1287001e-02   -6.7901202e-02
6.9568001e-02   -7.0307337e-02
7.8308001e-02   -7.2618321e-02
8.7494999e-02   -7.4837416e-02
9.7115003e-02   -7.6920629e-02
1.0715700e-01   -7.8833945e-02
1.1760800e-01   -8.0602951e-02
1.2845400e-01   -8.2258105e-02
1.3968299e-01   -8.3811902e-02
1.5128200e-01   -8.5246205e-02
1.6323499e-01   -8.6579785e-02
1.7553200e-01   -8.7807804e-02
1.8815701e-01   -8.8899948e-02
2.0109700e-01   -8.9834698e-02
2.1433701e-01   -9.0613328e-02
2.2786400e-01   -9.1188669e-02
2.4166299e-01   -9.1611736e-02
2.5571901e-01   -9.1915362e-02
2.7001700e-01   -9.2117012e-02
2.8454199e-01   -9.2272192e-02
2.9927999e-01   -9.2397064e-02
3.1421500e-01   -9.2477150e-02
3.2933101e-01   -9.2522740e-02
3.4461299e-01   -9.2540249e-02
3.6004499e-01   -9.2509605e-02
3.7561101e-01   -9.2413872e-02
3.9129600e-01   -9.2253700e-02
4.0708300e-01   -9.2051305e-02
4.2295700e-01   -9.1803558e-02
4.3890101e-01   -9.1516770e-02
4.5489901e-01   -9.1199674e-02
4.7093499e-01   -9.0854950e-02
4.8699200e-01   -9.0486877e-02
5.0305498e-01   -9.0101689e-02
5.1910698e-01   -8.9691520e-02
5.3513199e-01   -8.9264333e-02
5.5111402e-01   -8.8790342e-02
5.6703597e-01   -8.8244036e-02
5.8288401e-01   -8.7637216e-02
5.9864002e-01   -8.7006465e-02
6.1429000e-01   -8.6333469e-02
6.2981701e-01   -8.5594974e-02
6.4520597e-01   -8.4795453e-02
6.6044199e-01   -8.3934128e-02
6.7550898e-01   -8.2989797e-02
6.9039297e-01   -8.1946768e-02
7.0507699e-01   -8.0775656e-02
7.1954900e-01   -7.9482257e-02
7.3379302e-01   -7.8076750e-02
7.4779499e-01   -7.6595679e-02
7.6154202e-01   -7.5007901e-02
7.7501899e-01   -7.3332287e-02
7.8821403e-01   -7.1559496e-02
8.0111301e-01   -6.9698207e-02
8.1370401e-01   -6.7738272e-02
8.2597297e-01   -6.5657496e-02
8.3791000e-01   -6.3469283e-02
8.4950101e-01   -6.1190724e-02
8.6073500e-01   -5.8831528e-02
8.7160099e-01   -5.6406196e-02
8.8208801e-01   -5.3928435e-02
8.9218402e-01   -5.1419731e-02
9.0188003e-01   -4.8902683e-02
9.1116500e-01   -4.6397701e-02
9.2003101e-01   -4.3886330e-02
9.2846799e-01   -4.1349836e-02
9.3646699e-01   -3.8794365e-02
9.4401902e-01   -3.6253687e-02
9.5111603e-01   -3.3752300e-02
9.5775098e-01   -3.1290352e-02
9.6392000e-01   -2.8860971e-02
9.6961600e-01   -2.6460232e-02
9.7483599e-01   -2.4104046e-02
9.7957498e-01   -2.1870563e-02
9.8383099e-01   -1.9824127e-02
9.8759800e-01   -1.7951317e-02
9.9087399e-01   -1.6275086e-02
9.9365300e-01   -1.4858982e-02
9.9593401e-01   -1.3747302e-02
9.9771100e-01   -1.2895724e-02
9.9898201e-01   -1.2268600e-02
9.9974501e-01   -1.1883393e-02
1.0000000e+00   -1.1755972e-02
