1.0000000e+00   1.6086572e-03
9.9974501e-01   1.9366342e-03
9.9898201e-01   2.3469357e-03
9.9771100e-01   3.2155255e-03
9.9593300e-01   4.4964184e-03
9.9365300e-01   5.7531931e-03
9.9087399e-01   7.4893064e-03
9.8759800e-01   9.3868729e-03
9.8382998e-01   1.1693543e-02
9.7957498e-01   1.4470910e-02
9.7483599e-01   1.7633043e-02
9.6961600e-01   2.0924505e-02
9.6392000e-01   2.4081133e-02
9.5775098e-01   2.8037705e-02
9.5111603e-01   3.1983912e-02
9.4401902e-01   3.5984468e-02
9.3646699e-01   4.0100805e-02
9.2846799e-01   4.5047585e-02
9.2003101e-01   4.9530834e-02
9.1116500e-01   5.4510649e-02
9.0187901e-01   5.9558045e-02
8.9218301e-01   6.5046296e-02
8.8208699e-01   7.0359357e-02
8.7160099e-01   7.5948685e-02
8.6073500e-01   8.1738338e-02
8.4950101e-01   8.8059820e-02
8.3791000e-01   9.3900539e-02
8.2597399e-01   1.0037909e-01
8.1370401e-01   1.0658146e-01
8.0111301e-01   1.1275442e-01
7.8821403e-01   1.1955673e-01
7.7501899e-01   1.2557644e-01
7.6154101e-01   1.3243848e-01
7.4779499e-01   1.3837925e-01
7.3379201e-01   1.4471635e-01
7.1954799e-01   1.5094550e-01
7.0507699e-01   1.5724243e-01
6.9039202e-01   1.6322701e-01
6.7550898e-01   1.6905798e-01
6.6044199e-01   1.7502713e-01
6.4520597e-01   1.8058072e-01
6.2981701e-01   1.8598938e-01
6.1429000e-01   1.9132704e-01
5.9864002e-01   1.9602551e-01
5.8288401e-01   2.0023094e-01
5.6703597e-01   2.0510675e-01
5.5111301e-01   2.0891280e-01
5.3513098e-01   2.1294613e-01
5.1910597e-01   2.1611075e-01
5.0305402e-01   2.1997763e-01
4.8699099e-01   2.2270690e-01
4.7093400e-01   2.2478950e-01
4.5489800e-01   2.2708172e-01
4.3889999e-01   2.2892484e-01
4.2295599e-01   2.3077017e-01
4.0708300e-01   2.3193753e-01
3.9129499e-01   2.3301671e-01
3.7560999e-01   2.3307736e-01
3.6004400e-01   2.3331276e-01
3.4461200e-01   2.3273906e-01
3.2933000e-01   2.3174970e-01
3.1421301e-01   2.3105490e-01
2.9927900e-01   2.2908710e-01
2.8454101e-01   2.2739933e-01
2.7001500e-01   2.2493704e-01
2.5571701e-01   2.2220537e-01
2.4166100e-01   2.1884838e-01
2.2786200e-01   2.1495846e-01
2.1433599e-01   2.1110529e-01
2.0109500e-01   2.0660719e-01
1.8815500e-01   2.0178111e-01
1.7553000e-01   1.9643016e-01
1.6323400e-01   1.9121684e-01
1.5128000e-01   1.8540774e-01
1.3968100e-01   1.7870589e-01
1.2845200e-01   1.7207396e-01
1.1760600e-01   1.6508913e-01
1.0715500e-01   1.5782404e-01
9.7112998e-02   1.5031743e-01
8.7493002e-02   1.4236063e-01
7.8305997e-02   1.3418828e-01
6.9565997e-02   1.2530060e-01
6.1285000e-02   1.1711451e-01
5.3474002e-02   1.0843372e-01
4.6149999e-02   9.9536538e-02
3.9326001e-02   9.0559669e-02
3.3013999e-02   8.1880033e-02
2.7230000e-02   7.3157407e-02
2.1980001e-02   6.4434767e-02
1.7277000e-02   5.5526871e-02
1.3141000e-02   4.7096848e-02
9.5729996e-03   3.8726553e-02
6.5830001e-03   3.0847937e-02
4.1880002e-03   2.3414942e-02
2.3540000e-03   1.6988270e-02
1.0810000e-03   1.0990944e-02
3.7100000e-04   6.1126687e-03
7.6999997e-05   2.6365381e-03
4.9999999e-06   4.4611443e-04
0.0000000e+00   -3.4932815e-04
4.9999999e-06   -9.4582018e-04
7.6999997e-05   -3.0761121e-03
3.7100000e-04   -6.4347722e-03
1.0810000e-03   -1.0819202e-02
2.3530000e-03   -1.5314495e-02
4.1880002e-03   -1.9705020e-02
6.5850001e-03   -2.4030672e-02
9.5760003e-03   -2.8031426e-02
1.3145000e-02   -3.1268802e-02
1.7281000e-02   -3.4290466e-02
2.1983000e-02   -3.6710270e-02
2.7232001e-02   -3.8814306e-02
3.3016000e-02   -4.0739749e-02
3.9328001e-02   -4.2461567e-02
4.6151999e-02   -4.3959841e-02
5.3475998e-02   -4.5314640e-02
6.1287001e-02   -4.6170123e-02
6.9568001e-02   -4.7196083e-02
7.8308001e-02   -4.7806557e-02
8.7494999e-02   -4.7881857e-02
9.7115003e-02   -4.7875892e-02
1.0715700e-01   -4.7985308e-02
1.1760800e-01   -4.7588237e-02
1.2845400e-01   -4.7099270e-02
1.3968299e-01   -4.6345968e-02
1.5128200e-01   -4.5306366e-02
1.6323499e-01   -4.4053230e-02
1.7553200e-01   -4.3214254e-02
1.8815701e-01   -4.1917291e-02
2.0109700e-01   -4.0500909e-02
2.1433701e-01   -3.8708031e-02
2.2786400e-01   -3.7276890e-02
2.4166299e-01   -3.5709228e-02
2.5571901e-01   -3.4229312e-02
2.7001700e-01   -3.2428034e-02
2.8454199e-01   -3.1044340e-02
2.9927999e-01   -2.9092114e-02
3.1421500e-01   -2.7592098e-02
3.2933101e-01   -2.5901666e-02
3.4461299e-01   -2.4233282e-02
3.6004499e-01   -2.2503480e-02
3.7561101e-01   -2.0622391e-02
3.9129600e-01   -1.8746221e-02
4.0708300e-01   -1.7116364e-02
4.2295700e-01   -1.5643982e-02
4.3890101e-01   -1.3958159e-02
4.5489901e-01   -1.2409575e-02
4.7093499e-01   -1.0769554e-02
4.8699200e-01   -9.2310440e-03
5.0305498e-01   -7.6577584e-03
5.1910698e-01   -6.2955306e-03
5.3513199e-01   -4.9113720e-03
5.5111402e-01   -3.0057637e-03
5.6703597e-01   -1.8705331e-03
5.8288401e-01   -5.4005900e-04
5.9864002e-01   5.2592898e-04
6.1429000e-01   2.2488795e-03
6.2981701e-01   2.7831534e-03
6.4520597e-01   4.0274230e-03
6.6044199e-01   4.8802183e-03
6.7550898e-01   5.4820562e-03
6.9039297e-01   6.0299761e-03
7.0507699e-01   6.4441636e-03
7.1954900e-01   7.0663034e-03
7.3379302e-01   7.4522682e-03
7.4779499e-01   7.9454854e-03
7.6154202e-01   8.2529699e-03
7.7501899e-01   8.5948529e-03
7.8821403e-01   8.8309105e-03
8.0111301e-01   8.5665649e-03
8.1370401e-01   8.3316034e-03
8.2597297e-01   8.6575784e-03
8.3791000e-01   8.4119095e-03
8.4950101e-01   8.3198454e-03
8.6073500e-01   7.8844866e-03
8.7160099e-01   7.4079339e-03
8.8208801e-01   6.9470862e-03
8.9218402e-01   6.2965513e-03
9.0188003e-01   5.7504587e-03
9.1116500e-01   4.7628996e-03
9.2003101e-01   4.3701362e-03
9.2846799e-01   3.6647036e-03
9.3646699e-01   3.0125726e-03
9.4401902e-01   2.2403197e-03
9.5111603e-01   1.5135349e-03
9.5775098e-01   1.0855922e-03
9.6392000e-01   4.4328716e-04
9.6961600e-01   1.4217431e-04
9.7483599e-01   -3.1504710e-04
9.7957498e-01   -8.1972108e-04
9.8383099e-01   -9.3260763e-04
9.8759800e-01   -1.2720563e-03
9.9087399e-01   -1.6878898e-03
9.9365300e-01   -2.0232862e-03
9.9593401e-01   -2.1116375e-03
9.9771100e-01   -2.4363960e-03
9.9898201e-01   -2.6095803e-03
9.9974501e-01   -2.4549081e-03
1.0000000e+00   -2.4826208e-03
