1.0000000e+00   1.4389082e-03
9.9974501e-01   2.1615801e-03
9.9898201e-01   2.0869216e-03
9.9771100e-01   3.0112287e-03
9.9593300e-01   4.3935273e-03
9.9365300e-01   6.0753496e-03
9.9087399e-01   7.8467336e-03
9.8759800e-01   1.0142468e-02
9.8382998e-01   1.2103693e-02
9.7957498e-01   1.4942377e-02
9.7483599e-01   1.8235018e-02
9.6961600e-01   2.1667227e-02
9.6392000e-01   2.5684157e-02
9.5775098e-01   2.9715298e-02
9.5111603e-01   3.4456875e-02
9.4401902e-01   3.9289754e-02
9.3646699e-01   4.4314668e-02
9.2846799e-01   4.9152184e-02
9.2003101e-01   5.4759808e-02
9.1116500e-01   6.0328662e-02
9.0187901e-01   6.5367237e-02
8.9218301e-01   7.1720220e-02
8.8208699e-01   7.7864602e-02
8.7160099e-01   8.4634379e-02
8.6073500e-01   9.0432718e-02
8.4950101e-01   9.7630329e-02
8.3791000e-01   1.0489514e-01
8.2597399e-01   1.1245114e-01
8.1370401e-01   1.1965836e-01
8.0111301e-01   1.2658851e-01
7.8821403e-01   1.3346809e-01
7.7501899e-01   1.4163449e-01
7.6154101e-01   1.4862996e-01
7.4779499e-01   1.5638150e-01
7.3379201e-01   1.6300631e-01
7.1954799e-01   1.7062418e-01
7.0507699e-01   1.7740326e-01
6.9039202e-01   1.8448696e-01
6.7550898e-01   1.9121386e-01
6.6044199e-01   1.9826153e-01
6.4520597e-01   2.0435600e-01
6.2981701e-01   2.1110819e-01
6.1429000e-01   2.1680170e-01
5.9864002e-01   2.2245225e-01
5.8288401e-01   2.2792879e-01
5.6703597e-01   2.3297448e-01
5.5111301e-01   2.3697214e-01
5.3513098e-01   2.4219812e-01
5.1910597e-01   2.4556753e-01
5.0305402e-01   2.4862251e-01
4.8699099e-01   2.5276569e-01
4.7093400e-01   2.5514820e-01
4.5489800e-01   2.5824392e-01
4.3889999e-01   2.5977322e-01
4.2295599e-01   2.6153171e-01
4.0708300e-01   2.6207775e-01
3.9129499e-01   2.6224750e-01
3.7560999e-01   2.6232946e-01
3.6004400e-01   2.6180837e-01
3.4461200e-01   2.6112917e-01
3.2933000e-01   2.6024127e-01
3.1421301e-01   2.5878507e-01
2.9927900e-01   2.5640276e-01
2.8454101e-01   2.5438595e-01
2.7001500e-01   2.5042754e-01
2.5571701e-01   2.4695805e-01
2.4166100e-01   2.4239738e-01
2.2786200e-01   2.3916475e-01
2.1433599e-01   2.3517360e-01
2.0109500e-01   2.2958039e-01
1.8815500e-01   2.2469965e-01
1.7553000e-01   2.1911260e-01
1.6323400e-01   2.1308479e-01
1.5128000e-01   2.0595057e-01
1.3968100e-01   1.9918700e-01
1.2845200e-01   1.9282819e-01
1.1760600e-01   1.8588789e-01
1.0715500e-01   1.7775792e-01
9.7112998e-02   1.7027499e-01
8.7493002e-02   1.6148132e-01
7.8305997e-02   1.5285307e-01
6.9565997e-02   1.4367741e-01
6.1285000e-02   1.3494146e-01
5.3474002e-02   1.2608844e-01
4.6149999e-02   1.1652244e-01
3.9326001e-02   1.0748243e-01
3.3013999e-02   9.7732313e-02
2.7230000e-02   8.7500535e-02
2.1980001e-02   7.8215517e-02
1.7277000e-02   6.8079114e-02
1.3141000e-02   5.8323011e-02
9.5729996e-03   4.8249375e-02
6.5830001e-03   3.8692817e-02
4.1880002e-03   2.9790936e-02
2.3540000e-03   2.1619311e-02
1.0810000e-03   1.3953581e-02
3.7100000e-04   7.7290838e-03
7.6999997e-05   3.1896224e-03
4.9999999e-06   2.2474391e-04
0.0000000e+00   -4.7949536e-04
4.9999999e-06   -1.1119917e-03
7.6999997e-05   -4.0720445e-03
3.7100000e-04   -8.4129767e-03
1.0810000e-03   -1.3937939e-02
2.3530000e-03   -1.9199105e-02
4.1880002e-03   -2.4681460e-02
6.5850001e-03   -3.0271407e-02
9.5760003e-03   -3.5425019e-02
1.3145000e-02   -3.9897725e-02
1.7281000e-02   -4.4563815e-02
2.1983000e-02   -4.8563361e-02
2.7232001e-02   -5.2288998e-02
3.3016000e-02   -5.6041215e-02
3.9328001e-02   -5.8816567e-02
4.6151999e-02   -6.2582888e-02
5.3475998e-02   -6.5525062e-02
6.1287001e-02   -6.7487456e-02
6.9568001e-02   -7.0081681e-02
7.8308001e-02   -7.1795970e-02
8.7494999e-02   -7.3536269e-02
9.7115003e-02   -7.5200193e-02
1.0715700e-01   -7.6024778e-02
1.1760800e-01   -7.7565216e-02
1.2845400e-01   -7.8387648e-02
1.3968299e-01   -7.9485573e-02
1.5128200e-01   -7.8906506e-02
1.6323499e-01   -7.9684511e-02
1.7553200e-01   -7.9666913e-02
1.8815701e-01   -7.8912705e-02
2.0109700e-01   -7.9196878e-02
2.1433701e-01   -7.7667989e-02
2.2786400e-01   -7.8037016e-02
2.4166299e-01   -7.7670328e-02
2.5571901e-01   -7.5488947e-02
2.7001700e-01   -7.4265063e-02
2.8454199e-01   -7.3475324e-02
2.9927999e-01   -7.1409322e-02
3.1421500e-01   -6.9772922e-02
3.2933101e-01   -6.8195425e-02
3.4461299e-01   -6.4701676e-02
3.6004499e-01   -6.3101247e-02
3.7561101e-01   -6.0354598e-02
3.9129600e-01   -5.8848813e-02
4.0708300e-01   -5.5469822e-02
4.2295700e-01   -5.2950349e-02
4.3890101e-01   -5.0273117e-02
4.5489901e-01   -4.7263462e-02
4.7093499e-01   -4.4652604e-02
4.8699200e-01   -4.1282345e-02
5.0305498e-01   -3.7315942e-02
5.1910698e-01   -3.4405939e-02
5.3513199e-01   -3.1526495e-02
5.5111402e-01   -2.8451806e-02
5.6703597e-01   -2.4950208e-02
5.8288401e-01   -2.1704976e-02
5.9864002e-01   -1.8400008e-02
6.1429000e-01   -1.5557827e-02
6.2981701e-01   -1.2102556e-02
6.4520597e-01   -9.0671172e-03
6.6044199e-01   -6.1013722e-03
6.7550898e-01   -3.9711385e-03
6.9039297e-01   -1.3126761e-03
7.0507699e-01   1.5979433e-03
7.1954900e-01   3.5134689e-03
7.3379302e-01   5.9961649e-03
7.4779499e-01   7.4453992e-03
7.6154202e-01   1.0137738e-02
7.7501899e-01   1.1297815e-02
7.8821403e-01   1.2661784e-02
8.0111301e-01   1.3843281e-02
8.1370401e-01   1.4444732e-02
8.2597297e-01   1.5909025e-02
8.3791000e-01   1.6301410e-02
8.4950101e-01   1.6867071e-02
8.6073500e-01   1.6399296e-02
8.7160099e-01   1.6467974e-02
8.8208801e-01   1.6689111e-02
8.9218402e-01   1.6207134e-02
9.0188003e-01   1.6291443e-02
9.1116500e-01   1.5529080e-02
9.2003101e-01   1.5799697e-02
9.2846799e-01   1.4350129e-02
9.3646699e-01   1.3643379e-02
9.4401902e-01   1.2916085e-02
9.5111603e-01   1.1518320e-02
9.5775098e-01   1.0509903e-02
9.6392000e-01   9.4441390e-03
9.6961600e-01   8.5198767e-03
9.7483599e-01   6.9979741e-03
9.7957498e-01   5.4532066e-03
9.8383099e-01   4.9138768e-03
9.8759800e-01   3.2832611e-03
9.9087399e-01   2.6209811e-03
9.9365300e-01   1.9693114e-03
9.9593401e-01   8.7263784e-04
9.9771100e-01   8.1101415e-04
9.9898201e-01   -3.7940076e-04
9.9974501e-01   -2.8396910e-04
1.0000000e+00   -2.6334077e-04
