1.0000000e+00   -3.8850912e-06
9.9974501e-01   1.4825638e-04
9.9898201e-01   6.5575092e-04
9.9771100e-01   1.4780893e-03
9.9593300e-01   2.4271896e-03
9.9365300e-01   3.7173156e-03
9.9087399e-01   5.4112501e-03
9.8759800e-01   7.2816713e-03
9.8382998e-01   9.3875015e-03
9.7957498e-01   1.1787250e-02
9.7483599e-01   1.4594425e-02
9.6961600e-01   1.7491506e-02
9.6392000e-01   2.0756604e-02
9.5775098e-01   2.4230106e-02
9.5111603e-01   2.7900279e-02
9.4401902e-01   3.1891819e-02
9.3646699e-01   3.6194880e-02
9.2846799e-01   4.0791828e-02
9.2003101e-01   4.5541860e-02
9.1116500e-01   5.0506189e-02
9.0187901e-01   5.5883635e-02
8.9218301e-01   6.1399590e-02
8.8208699e-01   6.7173839e-02
8.7160099e-01   7.3313974e-02
8.6073500e-01   7.9619519e-02
8.4950101e-01   8.5952148e-02
8.3791000e-01   9.2676312e-02
8.2597399e-01   9.9510692e-02
8.1370401e-01   1.0669376e-01
8.0111301e-01   1.1381128e-01
7.8821403e-01   1.2103792e-01
7.7501899e-01   1.2833691e-01
7.6154101e-01   1.3573505e-01
7.4779499e-01   1.4322008e-01
7.3379201e-01   1.5043740e-01
7.1954799e-01   1.5772919e-01
7.0507699e-01   1.6501439e-01
6.9039202e-01   1.7221113e-01
6.7550898e-01   1.7962892e-01
6.6044199e-01   1.8665504e-01
6.4520597e-01   1.9352500e-01
6.2981701e-01   2.0030569e-01
6.1429000e-01   2.0691882e-01
5.9864002e-01   2.1310563e-01
5.8288401e-01   2.1917914e-01
5.6703597e-01   2.2476111e-01
5.5111301e-01   2.3022935e-01
5.3513098e-01   2.3541477e-01
5.1910597e-01   2.4043709e-01
5.0305402e-01   2.4487667e-01
4.8699099e-01   2.4913876e-01
4.7093400e-01   2.5286439e-01
4.5489800e-01   2.5634494e-01
4.3889999e-01   2.5939903e-01
4.2295599e-01   2.6186895e-01
4.0708300e-01   2.6391530e-01
3.9129499e-01   2.6543722e-01
3.7560999e-01   2.6664302e-01
3.6004400e-01   2.6742062e-01
3.4461200e-01   2.6806474e-01
3.2933000e-01   2.6794529e-01
3.1421301e-01   2.6715881e-01
2.9927900e-01   2.6613489e-01
2.8454101e-01   2.6480851e-01
2.7001500e-01   2.6282585e-01
2.5571701e-01   2.6054913e-01
2.4166100e-01   2.5773284e-01
2.2786200e-01   2.5467616e-01
2.1433599e-01   2.5096530e-01
2.0109500e-01   2.4668343e-01
1.8815500e-01   2.4208021e-01
1.7553000e-01   2.3681580e-01
1.6323400e-01   2.3136368e-01
1.5128000e-01   2.2512704e-01
1.3968100e-01   2.1865453e-01
1.2845200e-01   2.1166100e-01
1.1760600e-01   2.0422515e-01
1.0715500e-01   1.9604726e-01
9.7112998e-02   1.8789865e-01
8.7493002e-02   1.7905222e-01
7.8305997e-02   1.6990530e-01
6.9565997e-02   1.6036470e-01
6.1285000e-02   1.5048283e-01
5.3474002e-02   1.4019710e-01
4.6149999e-02   1.2983248e-01
3.9326001e-02   1.1909880e-01
3.3013999e-02   1.0827336e-01
2.7230000e-02   9.7365238e-02
2.1980001e-02   8.6361252e-02
1.7277000e-02   7.5330049e-02
1.3141000e-02   6.4170793e-02
9.5729996e-03   5.3170949e-02
6.5830001e-03   4.2505790e-02
4.1880002e-03   3.2500129e-02
2.3540000e-03   2.3260655e-02
1.0810000e-03   1.5280167e-02
3.7100000e-04   8.6199380e-03
7.6999997e-05   3.8855248e-03
4.9999999e-06   9.7182533e-04
0.0000000e+00   7.9728370e-06
4.9999999e-06   -9.3191362e-04
7.6999997e-05   -3.8183753e-03
3.7100000e-04   -8.3391825e-03
1.0810000e-03   -1.4303750e-02
2.3530000e-03   -2.1110270e-02
4.1880002e-03   -2.8284092e-02
6.5850001e-03   -3.5068695e-02
9.5760003e-03   -4.1735049e-02
1.3145000e-02   -4.8151080e-02
1.7281000e-02   -5.4421641e-02
2.1983000e-02   -6.0238335e-02
2.7232001e-02   -6.5805294e-02
3.3016000e-02   -7.1100309e-02
3.9328001e-02   -7.6051533e-02
4.6151999e-02   -8.0865331e-02
5.3475998e-02   -8.5340537e-02
6.1287001e-02   -8.9623652e-02
6.9568001e-02   -9.3629137e-02
7.8308001e-02   -9.7397737e-02
8.7494999e-02   -1.0100071e-01
9.7115003e-02   -1.0422575e-01
1.0715700e-01   -1.0746316e-01
1.1760800e-01   -1.1042608e-01
1.2845400e-01   -1.1337142e-01
1.3968299e-01   -1.1604228e-01
1.5128200e-01   -1.1835954e-01
1.6323499e-01   -1.2059205e-01
1.7553200e-01   -1.2282284e-01
1.8815701e-01   -1.2486349e-01
2.0109700e-01   -1.2664637e-01
2.1433701e-01   -1.2811258e-01
2.2786400e-01   -1.2989515e-01
2.4166299e-01   -1.3129443e-01
2.5571901e-01   -1.3227470e-01
2.7001700e-01   -1.3337800e-01
2.8454199e-01   -1.3390478e-01
2.9927999e-01   -1.3445799e-01
3.1421500e-01   -1.3489483e-01
3.2933101e-01   -1.3534920e-01
3.4461299e-01   -1.3545656e-01
3.6004499e-01   -1.3538517e-01
3.7561101e-01   -1.3504665e-01
3.9129600e-01   -1.3451682e-01
4.0708300e-01   -1.3392507e-01
4.2295700e-01   -1.3303551e-01
4.3890101e-01   -1.3223158e-01
4.5489901e-01   -1.3104264e-01
4.7093499e-01   -1.2971808e-01
4.8699200e-01   -1.2805228e-01
5.0305498e-01   -1.2609647e-01
5.1910698e-01   -1.2384000e-01
5.3513199e-01   -1.2166594e-01
5.5111402e-01   -1.1904602e-01
5.6703597e-01   -1.1635267e-01
5.8288401e-01   -1.1311154e-01
5.9864002e-01   -1.0993102e-01
6.1429000e-01   -1.0644060e-01
6.2981701e-01   -1.0295581e-01
6.4520597e-01   -9.9175476e-02
6.6044199e-01   -9.5548488e-02
6.7550898e-01   -9.1808632e-02
6.9039297e-01   -8.7908491e-02
7.0507699e-01   -8.4084697e-02
7.1954900e-01   -8.0225661e-02
7.3379302e-01   -7.6510131e-02
7.4779499e-01   -7.2619334e-02
7.6154202e-01   -6.8869054e-02
7.7501899e-01   -6.5327995e-02
7.8821403e-01   -6.1823972e-02
8.0111301e-01   -5.8227152e-02
8.1370401e-01   -5.4653950e-02
8.2597297e-01   -5.1395860e-02
8.3791000e-01   -4.7955997e-02
8.4950101e-01   -4.4847045e-02
8.6073500e-01   -4.1564651e-02
8.7160099e-01   -3.8511664e-02
8.8208801e-01   -3.5423428e-02
8.9218402e-01   -3.2323174e-02
9.0188003e-01   -2.9566914e-02
9.1116500e-01   -2.6814688e-02
9.2003101e-01   -2.4154732e-02
9.2846799e-01   -2.1656364e-02
9.3646699e-01   -1.9294431e-02
9.4401902e-01   -1.7083997e-02
9.5111603e-01   -1.5031153e-02
9.5775098e-01   -1.3296365e-02
9.6392000e-01   -1.1435309e-02
9.6961600e-01   -9.7854417e-03
9.7483599e-01   -8.1420643e-03
9.7957498e-01   -6.6295369e-03
9.8383099e-01   -5.2930103e-03
9.8759800e-01   -3.9874637e-03
9.9087399e-01   -2.8954085e-03
9.9365300e-01   -1.9904790e-03
9.9593401e-01   -1.3114804e-03
9.9771100e-01   -7.0523808e-04
9.9898201e-01   -2.5391625e-04
9.9974501e-01   -8.9742418e-05
1.0000000e+00   5.8129835e-06
