1.0000000e+00   -2.0936215e-05
9.9974501e-01   1.9919331e-04
9.9898201e-01   8.1961736e-04
9.9771100e-01   1.8459542e-03
9.9593300e-01   3.0053477e-03
9.9365300e-01   4.6494952e-03
9.9087399e-01   6.8040197e-03
9.8759800e-01   9.3041798e-03
9.8382998e-01   1.2151228e-02
9.7957498e-01   1.5384122e-02
9.7483599e-01   1.9083889e-02
9.6961600e-01   2.2872552e-02
9.6392000e-01   2.7121417e-02
9.5775098e-01   3.1502496e-02
9.5111603e-01   3.6193885e-02
9.4401902e-01   4.1205142e-02
9.3646699e-01   4.6560884e-02
9.2846799e-01   5.2165911e-02
9.2003101e-01   5.7881974e-02
9.1116500e-01   6.3898481e-02
9.0187901e-01   7.0189148e-02
8.9218301e-01   7.6662175e-02
8.8208699e-01   8.3358064e-02
8.7160099e-01   9.0431757e-02
8.6073500e-01   9.7748004e-02
8.4950101e-01   1.0513341e-01
8.3791000e-01   1.1284838e-01
8.2597399e-01   1.2075301e-01
8.1370401e-01   1.2898420e-01
8.0111301e-01   1.3728379e-01
7.8821403e-01   1.4561717e-01
7.7501899e-01   1.5408657e-01
7.6154101e-01   1.6260013e-01
7.4779499e-01   1.7119372e-01
7.3379201e-01   1.7940433e-01
7.1954799e-01   1.8794702e-01
7.0507699e-01   1.9607529e-01
6.9039202e-01   2.0417401e-01
6.7550898e-01   2.1237777e-01
6.6044199e-01   2.2041290e-01
6.4520597e-01   2.2819009e-01
6.2981701e-01   2.3604201e-01
6.1429000e-01   2.4350131e-01
5.9864002e-01   2.5070858e-01
5.8288401e-01   2.5774410e-01
5.6703597e-01   2.6425248e-01
5.5111301e-01   2.7042973e-01
5.3513098e-01   2.7629700e-01
5.1910597e-01   2.8204441e-01
5.0305402e-01   2.8709880e-01
4.8699099e-01   2.9181832e-01
4.7093400e-01   2.9586035e-01
4.5489800e-01   2.9960901e-01
4.3889999e-01   3.0285364e-01
4.2295599e-01   3.0532688e-01
4.0708300e-01   3.0720112e-01
3.9129499e-01   3.0871972e-01
3.7560999e-01   3.0953798e-01
3.6004400e-01   3.0975801e-01
3.4461200e-01   3.0974045e-01
3.2933000e-01   3.0886856e-01
3.1421301e-01   3.0720717e-01
2.9927900e-01   3.0518317e-01
2.8454101e-01   3.0269235e-01
2.7001500e-01   2.9951248e-01
2.5571701e-01   2.9586118e-01
2.4166100e-01   2.9159963e-01
2.2786200e-01   2.8698629e-01
2.1433599e-01   2.8164825e-01
2.0109500e-01   2.7562264e-01
1.8815500e-01   2.6927248e-01
1.7553000e-01   2.6224202e-01
1.6323400e-01   2.5507534e-01
1.5128000e-01   2.4709821e-01
1.3968100e-01   2.3882221e-01
1.2845200e-01   2.3009583e-01
1.1760600e-01   2.2084676e-01
1.0715500e-01   2.1096310e-01
9.7112998e-02   2.0124082e-01
8.7493002e-02   1.9095086e-01
7.8305997e-02   1.8037973e-01
6.9565997e-02   1.6946761e-01
6.1285000e-02   1.5821612e-01
5.3474002e-02   1.4671026e-01
4.6149999e-02   1.3512227e-01
3.9326001e-02   1.2319495e-01
3.3013999e-02   1.1127934e-01
2.7230000e-02   9.9418677e-02
2.1980001e-02   8.7632880e-02
1.7277000e-02   7.6037399e-02
1.3141000e-02   6.4570062e-02
9.5729996e-03   5.3320613e-02
6.5830001e-03   4.2449854e-02
4.1880002e-03   3.2362554e-02
2.3540000e-03   2.3153208e-02
1.0810000e-03   1.5261975e-02
3.7100000e-04   8.6150551e-03
7.6999997e-05   3.8894196e-03
4.9999999e-06   9.7225292e-04
0.0000000e+00   2.5375989e-06
4.9999999e-06   -9.1639493e-04
7.6999997e-05   -3.7831902e-03
3.7100000e-04   -8.2108146e-03
1.0810000e-03   -1.3975669e-02
2.3530000e-03   -2.0426730e-02
4.1880002e-03   -2.7088815e-02
6.5850001e-03   -3.3118658e-02
9.5760003e-03   -3.8824860e-02
1.3145000e-02   -4.4231214e-02
1.7281000e-02   -4.9214259e-02
2.1983000e-02   -5.3724092e-02
2.7232001e-02   -5.8124043e-02
3.3016000e-02   -6.2147133e-02
3.9328001e-02   -6.5655410e-02
4.6151999e-02   -6.8957433e-02
5.3475998e-02   -7.1886100e-02
6.1287001e-02   -7.4593537e-02
6.9568001e-02   -7.6892838e-02
7.8308001e-02   -7.9058878e-02
8.7494999e-02   -8.1018575e-02
9.7115003e-02   -8.2478993e-02
1.0715700e-01   -8.3892606e-02
1.1760800e-01   -8.5003018e-02
1.2845400e-01   -8.6105868e-02
1.3968299e-01   -8.6825609e-02
1.5128200e-01   -8.7334506e-02
1.6323499e-01   -8.7495334e-02
1.7553200e-01   -8.7885790e-02
1.8815701e-01   -8.7949008e-02
2.0109700e-01   -8.7761074e-02
2.1433701e-01   -8.7218702e-02
2.2786400e-01   -8.7251469e-02
2.4166299e-01   -8.6797975e-02
2.5571901e-01   -8.5793592e-02
2.7001700e-01   -8.5153699e-02
2.8454199e-01   -8.3979577e-02
2.9927999e-01   -8.2677700e-02
3.1421500e-01   -8.1422195e-02
3.2933101e-01   -8.0118969e-02
3.4461299e-01   -7.8614958e-02
3.6004499e-01   -7.7047892e-02
3.7561101e-01   -7.5355977e-02
3.9129600e-01   -7.3615827e-02
4.0708300e-01   -7.1869023e-02
4.2295700e-01   -6.9899999e-02
4.3890101e-01   -6.8144418e-02
4.5489901e-01   -6.6148564e-02
4.7093499e-01   -6.3998803e-02
4.8699200e-01   -6.1911929e-02
5.0305498e-01   -5.9713673e-02
5.1910698e-01   -5.7532262e-02
5.3513199e-01   -5.5485945e-02
5.5111402e-01   -5.3130772e-02
5.6703597e-01   -5.0870288e-02
5.8288401e-01   -4.8330665e-02
5.9864002e-01   -4.5933060e-02
6.1429000e-01   -4.3417737e-02
6.2981701e-01   -4.1008260e-02
6.4520597e-01   -3.8292613e-02
6.6044199e-01   -3.5924006e-02
6.7550898e-01   -3.3449691e-02
6.9039297e-01   -3.0851770e-02
7.0507699e-01   -2.8561581e-02
7.1954900e-01   -2.6145138e-02
7.3379302e-01   -2.3909522e-02
7.4779499e-01   -2.1514678e-02
7.6154202e-01   -1.9408714e-02
7.7501899e-01   -1.7573511e-02
7.8821403e-01   -1.5822511e-02
8.0111301e-01   -1.4034906e-02
8.1370401e-01   -1.2151679e-02
8.2597297e-01   -1.0601314e-02
8.3791000e-01   -8.9163519e-03
8.4950101e-01   -7.7667520e-03
8.6073500e-01   -6.4256778e-03
8.7160099e-01   -5.3980662e-03
8.8208801e-01   -4.3789949e-03
8.9218402e-01   -3.5503358e-03
9.0188003e-01   -2.9950053e-03
9.1116500e-01   -2.3177112e-03
9.2003101e-01   -1.7593699e-03
9.2846799e-01   -1.4080051e-03
9.3646699e-01   -1.0472579e-03
9.4401902e-01   -8.1654527e-04
9.5111603e-01   -4.8976106e-04
9.5775098e-01   -4.2907891e-04
9.6392000e-01   -3.2653101e-04
9.6961600e-01   -2.9716687e-04
9.7483599e-01   -1.3691094e-04
9.7957498e-01   -2.2553140e-05
9.8383099e-01   -1.4459016e-05
9.8759800e-01   4.4390326e-05
9.9087399e-01   8.0141821e-05
9.9365300e-01   4.3665175e-05
9.9593401e-01   -4.6829635e-05
9.9771100e-01   -4.4138898e-05
9.9898201e-01   5.0823699e-05
9.9974501e-01   -6.7827437e-05
1.0000000e+00   -3.6229358e-06
