1.0000000e+00   1.5591193e-03
9.9974501e-01   2.0762573e-03
9.9898201e-01   3.3857860e-03
9.9771100e-01   5.1406687e-03
9.9593300e-01   8.3113406e-03
9.9365300e-01   1.1003681e-02
9.9087399e-01   1.5225140e-02
9.8759800e-01   2.0011468e-02
9.8382998e-01   2.4692353e-02
9.7957498e-01   3.0532949e-02
9.7483599e-01   3.7259310e-02
9.6961600e-01   4.4726070e-02
9.6392000e-01   5.2302450e-02
9.5775098e-01   6.0841527e-02
9.5111603e-01   6.9818042e-02
9.4401902e-01   7.8895554e-02
9.3646699e-01   8.8464409e-02
9.2846799e-01   9.8574489e-02
9.2003101e-01   1.0899657e-01
9.1116500e-01   1.1975133e-01
9.0187901e-01   1.3080350e-01
8.9218301e-01   1.4146632e-01
8.8208699e-01   1.5258947e-01
8.7160099e-01   1.6458920e-01
8.6073500e-01   1.7679733e-01
8.4950101e-01   1.8853417e-01
8.3791000e-01   2.0099488e-01
8.2597399e-01   2.1355090e-01
8.1370401e-01   2.2693828e-01
8.0111301e-01   2.3965301e-01
7.8821403e-01   2.5296357e-01
7.7501899e-01   2.6652297e-01
7.6154101e-01   2.7999198e-01
7.4779499e-01   2.9318225e-01
7.3379201e-01   3.0654189e-01
7.1954799e-01   3.1982017e-01
7.0507699e-01   3.3266333e-01
6.9039202e-01   3.4502432e-01
6.7550898e-01   3.5748038e-01
6.6044199e-01   3.6882272e-01
6.4520597e-01   3.7987179e-01
6.2981701e-01   3.9111131e-01
6.1429000e-01   4.0177327e-01
5.9864002e-01   4.1145152e-01
5.8288401e-01   4.2113620e-01
5.6703597e-01   4.3048173e-01
5.5111301e-01   4.3862122e-01
5.3513098e-01   4.4642192e-01
5.1910597e-01   4.5337975e-01
5.0305402e-01   4.5994812e-01
4.8699099e-01   4.6594262e-01
4.7093400e-01   4.7032636e-01
4.5489800e-01   4.7402236e-01
4.3889999e-01   4.7698164e-01
4.2295599e-01   4.7947955e-01
4.0708300e-01   4.8061073e-01
3.9129499e-01   4.8052087e-01
3.7560999e-01   4.8012045e-01
3.6004400e-01   4.7786859e-01
3.4461200e-01   4.7502241e-01
3.2933000e-01   4.7140250e-01
3.1421301e-01   4.6696097e-01
2.9927900e-01   4.6072260e-01
2.8454101e-01   4.5386916e-01
2.7001500e-01   4.4668731e-01
2.5571701e-01   4.3844023e-01
2.4166100e-01   4.2885125e-01
2.2786200e-01   4.1858792e-01
2.1433599e-01   4.0792501e-01
2.0109500e-01   3.9687300e-01
1.8815500e-01   3.8373521e-01
1.7553000e-01   3.7130681e-01
1.6323400e-01   3.5838073e-01
1.5128000e-01   3.4410882e-01
1.3968100e-01   3.2963476e-01
1.2845200e-01   3.1484368e-01
1.1760600e-01   2.9895964e-01
1.0715500e-01   2.8307140e-01
9.7112998e-02   2.6695123e-01
8.7493002e-02   2.5057754e-01
7.8305997e-02   2.3413451e-01
6.9565997e-02   2.1721277e-01
6.1285000e-02   2.0071210e-01
5.3474002e-02   1.8388122e-01
4.6149999e-02   1.6709091e-01
3.9326001e-02   1.5037256e-01
3.3013999e-02   1.3324206e-01
2.7230000e-02   1.1704320e-01
2.1980001e-02   1.0067143e-01
1.7277000e-02   8.4866315e-02
1.3141000e-02   6.9511071e-02
9.5729996e-03   5.4650020e-02
6.5830001e-03   4.1245941e-02
4.1880002e-03   2.9085040e-02
2.3540000e-03   1.8849853e-02
1.0810000e-03   1.0280577e-02
3.7100000e-04   3.2490424e-03
7.6999997e-05   -1.6545508e-03
4.9999999e-06   -4.7240560e-03
0.0000000e+00   -5.7950667e-03
4.9999999e-06   -6.4611617e-03
7.6999997e-05   -9.2076780e-03
3.7100000e-04   -1.3985230e-02
1.0810000e-03   -2.0204853e-02
2.3530000e-03   -2.7646525e-02
4.1880002e-03   -3.6455307e-02
6.5850001e-03   -4.5940094e-02
9.5760003e-03   -5.5402674e-02
1.3145000e-02   -6.4724892e-02
1.7281000e-02   -7.4655436e-02
2.1983000e-02   -8.4266998e-02
2.7232001e-02   -9.3518332e-02
3.3016000e-02   -1.0262652e-01
3.9328001e-02   -1.1178127e-01
4.6151999e-02   -1.2071189e-01
5.3475998e-02   -1.2974189e-01
6.1287001e-02   -1.3870551e-01
6.9568001e-02   -1.4714575e-01
7.8308001e-02   -1.5623330e-01
8.7494999e-02   -1.6447625e-01
9.7115003e-02   -1.7289831e-01
1.0715700e-01   -1.8119377e-01
1.1760800e-01   -1.8931437e-01
1.2845400e-01   -1.9684488e-01
1.3968299e-01   -2.0404236e-01
1.5128200e-01   -2.1037395e-01
1.6323499e-01   -2.1777573e-01
1.7553200e-01   -2.2458729e-01
1.8815701e-01   -2.3063819e-01
2.0109700e-01   -2.3652713e-01
2.1433701e-01   -2.4208823e-01
2.2786400e-01   -2.4710037e-01
2.4166299e-01   -2.5153056e-01
2.5571901e-01   -2.5540578e-01
2.7001700e-01   -2.5932610e-01
2.8454199e-01   -2.6253909e-01
2.9927999e-01   -2.6457396e-01
3.1421500e-01   -2.6579767e-01
3.2933101e-01   -2.6664793e-01
3.4461299e-01   -2.6619098e-01
3.6004499e-01   -2.6463848e-01
3.7561101e-01   -2.6266220e-01
3.9129600e-01   -2.5908732e-01
4.0708300e-01   -2.5433844e-01
4.2295700e-01   -2.4786517e-01
4.3890101e-01   -2.4129169e-01
4.5489901e-01   -2.3338042e-01
4.7093499e-01   -2.2441509e-01
4.8699200e-01   -2.1457817e-01
5.0305498e-01   -2.0446697e-01
5.1910698e-01   -1.9321449e-01
5.3513199e-01   -1.8133923e-01
5.5111402e-01   -1.6947010e-01
5.6703597e-01   -1.5729699e-01
5.8288401e-01   -1.4506572e-01
5.9864002e-01   -1.3176093e-01
6.1429000e-01   -1.1938450e-01
6.2981701e-01   -1.0578882e-01
6.4520597e-01   -9.2878155e-02
6.6044199e-01   -7.9752289e-02
6.7550898e-01   -6.7611508e-02
6.9039297e-01   -5.5858832e-02
7.0507699e-01   -4.3905534e-02
7.1954900e-01   -3.3410776e-02
7.3379302e-01   -2.3376077e-02
7.4779499e-01   -1.4351998e-02
7.6154202e-01   -5.8779172e-03
7.7501899e-01   1.7371197e-03
7.8821403e-01   8.8857701e-03
8.0111301e-01   1.5515766e-02
8.1370401e-01   2.1390576e-02
8.2597297e-01   2.5986634e-02
8.3791000e-01   3.0020379e-02
8.4950101e-01   3.3499837e-02
8.6073500e-01   3.5648715e-02
8.7160099e-01   3.7757900e-02
8.8208801e-01   3.8753703e-02
8.9218402e-01   3.9027341e-02
9.0188003e-01   3.9329875e-02
9.1116500e-01   3.8611185e-02
9.2003101e-01   3.7344877e-02
9.2846799e-01   3.5194080e-02
9.3646699e-01   3.3155553e-02
9.4401902e-01   3.0448548e-02
9.5111603e-01   2.7425952e-02
9.5775098e-01   2.4059150e-02
9.6392000e-01   2.0618575e-02
9.6961600e-01   1.7030543e-02
9.7483599e-01   1.3531206e-02
9.7957498e-01   9.4673904e-03
9.8383099e-01   6.2921261e-03
9.8759800e-01   2.9275697e-03
9.9087399e-01   -5.1538256e-04
9.9365300e-01   -3.3309849e-03
9.9593401e-01   -5.6136972e-03
9.9771100e-01   -7.0878132e-03
9.9898201e-01   -8.5223466e-03
9.9974501e-01   -9.3080113e-03
1.0000000e+00   -9.5746629e-03
