1.0000000e+00   5.5575436e-03
9.9974501e-01   5.8467933e-03
9.9898201e-01   7.0382282e-03
9.9771100e-01   8.4624905e-03
9.9593300e-01   1.0324731e-02
9.9365300e-01   1.2669284e-02
9.9087399e-01   1.5973067e-02
9.8759800e-01   1.9283688e-02
9.8382998e-01   2.3337120e-02
9.7957498e-01   2.7876360e-02
9.7483599e-01   3.3112042e-02
9.6961600e-01   3.8720720e-02
9.6392000e-01   4.4880044e-02
9.5775098e-01   5.0888684e-02
9.5111603e-01   5.7718057e-02
9.4401902e-01   6.4703807e-02
9.3646699e-01   7.2599307e-02
9.2846799e-01   8.0073729e-02
9.2003101e-01   8.8483885e-02
9.1116500e-01   9.7059660e-02
9.0187901e-01   1.0571621e-01
8.9218301e-01   1.1525373e-01
8.8208699e-01   1.2463657e-01
8.7160099e-01   1.3466050e-01
8.6073500e-01   1.4465444e-01
8.4950101e-01   1.5469469e-01
8.3791000e-01   1.6563927e-01
8.2597399e-01   1.7670797e-01
8.1370401e-01   1.8774557e-01
8.0111301e-01   1.9878305e-01
7.8821403e-01   2.1068420e-01
7.7501899e-01   2.2249617e-01
7.6154101e-01   2.3453704e-01
7.4779499e-01   2.4556762e-01
7.3379201e-01   2.5745738e-01
7.1954799e-01   2.6907721e-01
7.0507699e-01   2.7979061e-01
6.9039202e-01   2.9111350e-01
6.7550898e-01   3.0170348e-01
6.6044199e-01   3.1222200e-01
6.4520597e-01   3.2237345e-01
6.2981701e-01   3.3220297e-01
6.1429000e-01   3.4099069e-01
5.9864002e-01   3.5005742e-01
5.8288401e-01   3.5860789e-01
5.6703597e-01   3.6600319e-01
5.5111301e-01   3.7349683e-01
5.3513098e-01   3.8037989e-01
5.1910597e-01   3.8638747e-01
5.0305402e-01   3.9160332e-01
4.8699099e-01   3.9658594e-01
4.7093400e-01   4.0062532e-01
4.5489800e-01   4.0344241e-01
4.3889999e-01   4.0674242e-01
4.2295599e-01   4.0797782e-01
4.0708300e-01   4.0888491e-01
3.9129499e-01   4.0828413e-01
3.7560999e-01   4.0747270e-01
3.6004400e-01   4.0622115e-01
3.4461200e-01   4.0391594e-01
3.2933000e-01   4.0039915e-01
3.1421301e-01   3.9593661e-01
2.9927900e-01   3.9106053e-01
2.8454101e-01   3.8496304e-01
2.7001500e-01   3.7881279e-01
2.5571701e-01   3.7087238e-01
2.4166100e-01   3.6308244e-01
2.2786200e-01   3.5462931e-01
2.1433599e-01   3.4520519e-01
2.0109500e-01   3.3519554e-01
1.8815500e-01   3.2485819e-01
1.7553000e-01   3.1356353e-01
1.6323400e-01   3.0195823e-01
1.5128000e-01   2.9000741e-01
1.3968100e-01   2.7782920e-01
1.2845200e-01   2.6479790e-01
1.1760600e-01   2.5174397e-01
1.0715500e-01   2.3844422e-01
9.7112998e-02   2.2451387e-01
8.7493002e-02   2.1019562e-01
7.8305997e-02   1.9571349e-01
6.9565997e-02   1.8126360e-01
6.1285000e-02   1.6666327e-01
5.3474002e-02   1.5190881e-01
4.6149999e-02   1.3760565e-01
3.9326001e-02   1.2298380e-01
3.3013999e-02   1.0891007e-01
2.7230000e-02   9.4763584e-02
2.1980001e-02   8.1571624e-02
1.7277000e-02   6.8491273e-02
1.3141000e-02   5.6422211e-02
9.5729996e-03   4.4900950e-02
6.5830001e-03   3.4352474e-02
4.1880002e-03   2.4933558e-02
2.3540000e-03   1.6711077e-02
1.0810000e-03   9.6761659e-03
3.7100000e-04   4.1868975e-03
7.6999997e-05   3.8633260e-04
4.9999999e-06   -1.8976692e-03
0.0000000e+00   -2.6870696e-03
4.9999999e-06   -3.5178429e-03
7.6999997e-05   -5.7531865e-03
3.7100000e-04   -9.2692142e-03
1.0810000e-03   -1.4256724e-02
2.3530000e-03   -2.0305106e-02
4.1880002e-03   -2.7276538e-02
6.5850001e-03   -3.4910832e-02
9.5760003e-03   -4.2763148e-02
1.3145000e-02   -5.1036175e-02
1.7281000e-02   -5.9448685e-02
2.1983000e-02   -6.7705542e-02
2.7232001e-02   -7.6003872e-02
3.3016000e-02   -8.4190950e-02
3.9328001e-02   -9.2237324e-02
4.6151999e-02   -1.0017562e-01
5.3475998e-02   -1.0842358e-01
6.1287001e-02   -1.1634069e-01
6.9568001e-02   -1.2444184e-01
7.8308001e-02   -1.3235947e-01
8.7494999e-02   -1.4003648e-01
9.7115003e-02   -1.4709577e-01
1.0715700e-01   -1.5473536e-01
1.1760800e-01   -1.6140407e-01
1.2845400e-01   -1.6793463e-01
1.3968299e-01   -1.7481314e-01
1.5128200e-01   -1.8101919e-01
1.6323499e-01   -1.8688978e-01
1.7553200e-01   -1.9184648e-01
1.8815701e-01   -1.9738217e-01
2.0109700e-01   -2.0241776e-01
2.1433701e-01   -2.0670754e-01
2.2786400e-01   -2.1106265e-01
2.4166299e-01   -2.1441209e-01
2.5571901e-01   -2.1815330e-01
2.7001700e-01   -2.2088078e-01
2.8454199e-01   -2.2368556e-01
2.9927999e-01   -2.2557533e-01
3.1421500e-01   -2.2684363e-01
3.2933101e-01   -2.2734152e-01
3.4461299e-01   -2.2733937e-01
3.6004499e-01   -2.2639388e-01
3.7561101e-01   -2.2465687e-01
3.9129600e-01   -2.2233842e-01
4.0708300e-01   -2.1863002e-01
4.2295700e-01   -2.1426731e-01
4.3890101e-01   -2.0921974e-01
4.5489901e-01   -2.0341134e-01
4.7093499e-01   -1.9707000e-01
4.8699200e-01   -1.8987805e-01
5.0305498e-01   -1.8254077e-01
5.1910698e-01   -1.7370036e-01
5.3513199e-01   -1.6530740e-01
5.5111402e-01   -1.5632914e-01
5.6703597e-01   -1.4698437e-01
5.8288401e-01   -1.3750999e-01
5.9864002e-01   -1.2738997e-01
6.1429000e-01   -1.1810549e-01
6.2981701e-01   -1.0815189e-01
6.4520597e-01   -9.8546401e-02
6.6044199e-01   -8.8416263e-02
6.7550898e-01   -7.8953378e-02
6.9039297e-01   -6.9291256e-02
7.0507699e-01   -6.0142387e-02
7.1954900e-01   -5.1429708e-02
7.3379302e-01   -4.3347772e-02
7.4779499e-01   -3.5135493e-02
7.6154202e-01   -2.7766904e-02
7.7501899e-01   -2.1031691e-02
7.8821403e-01   -1.3698107e-02
8.0111301e-01   -8.1628496e-03
8.1370401e-01   -2.6914598e-03
8.2597297e-01   2.8262697e-03
8.3791000e-01   7.2156279e-03
8.4950101e-01   1.0505128e-02
8.6073500e-01   1.4222074e-02
8.7160099e-01   1.6693752e-02
8.8208801e-01   1.8408136e-02
8.9218402e-01   1.9782130e-02
9.0188003e-01   2.0477725e-02
9.1116500e-01   2.1343989e-02
9.2003101e-01   2.1281641e-02
9.2846799e-01   2.0862626e-02
9.3646699e-01   1.9820185e-02
9.4401902e-01   1.8493265e-02
9.5111603e-01   1.6914161e-02
9.5775098e-01   1.5458379e-02
9.6392000e-01   1.3589437e-02
9.6961600e-01   1.1724119e-02
9.7483599e-01   9.4517078e-03
9.7957498e-01   7.6100873e-03
9.8383099e-01   5.8053760e-03
9.8759800e-01   3.8914329e-03
9.9087399e-01   2.1043580e-03
9.9365300e-01   5.0013041e-04
9.9593401e-01   -8.0167671e-04
9.9771100e-01   -1.7915930e-03
9.9898201e-01   -2.7999780e-03
9.9974501e-01   -3.2004849e-03
1.0000000e+00   -3.2799253e-03
