1.0000000e+00   3.8495748e-03
9.9974501e-01   4.6434384e-03
9.9898201e-01   4.9358895e-03
9.9771100e-01   6.9224043e-03
9.9593300e-01   8.8792574e-03
9.9365300e-01   1.0705871e-02
9.9087399e-01   1.4196671e-02
9.8759800e-01   1.7456109e-02
9.8382998e-01   2.1530366e-02
9.7957498e-01   2.5867444e-02
9.7483599e-01   3.0758439e-02
9.6961600e-01   3.6134161e-02
9.6392000e-01   4.1498363e-02
9.5775098e-01   4.7733057e-02
9.5111603e-01   5.4107070e-02
9.4401902e-01   6.0667254e-02
9.3646699e-01   6.7263648e-02
9.2846799e-01   7.4452743e-02
9.2003101e-01   8.1433073e-02
9.1116500e-01   8.9638866e-02
9.0187901e-01   9.7439818e-02
8.9218301e-01   1.0472228e-01
8.8208699e-01   1.1323787e-01
8.7160099e-01   1.2155391e-01
8.6073500e-01   1.2998509e-01
8.4950101e-01   1.3907175e-01
8.3791000e-01   1.4777240e-01
8.2597399e-01   1.5719904e-01
8.1370401e-01   1.6682936e-01
8.0111301e-01   1.7596278e-01
7.8821403e-01   1.8553995e-01
7.7501899e-01   1.9552460e-01
7.6154101e-01   2.0549905e-01
7.4779499e-01   2.1508287e-01
7.3379201e-01   2.2541289e-01
7.1954799e-01   2.3548500e-01
7.0507699e-01   2.4534208e-01
6.9039202e-01   2.5516483e-01
6.7550898e-01   2.6531619e-01
6.6044199e-01   2.7513075e-01
6.4520597e-01   2.8505048e-01
6.2981701e-01   2.9414636e-01
6.1429000e-01   3.0371404e-01
5.9864002e-01   3.1258276e-01
5.8288401e-01   3.2097962e-01
5.6703597e-01   3.2954466e-01
5.5111301e-01   3.3795932e-01
5.3513098e-01   3.4563133e-01
5.1910597e-01   3.5301563e-01
5.0305402e-01   3.5967463e-01
4.8699099e-01   3.6591992e-01
4.7093400e-01   3.7152237e-01
4.5489800e-01   3.7683812e-01
4.3889999e-01   3.8078862e-01
4.2295599e-01   3.8446432e-01
4.0708300e-01   3.8690451e-01
3.9129499e-01   3.8858017e-01
3.7560999e-01   3.8953897e-01
3.6004400e-01   3.8891590e-01
3.4461200e-01   3.8793078e-01
3.2933000e-01   3.8571477e-01
3.1421301e-01   3.8289273e-01
2.9927900e-01   3.7828469e-01
2.8454101e-01   3.7340340e-01
2.7001500e-01   3.6748934e-01
2.5571701e-01   3.6124685e-01
2.4166100e-01   3.5407639e-01
2.2786200e-01   3.4572774e-01
2.1433599e-01   3.3653694e-01
2.0109500e-01   3.2732001e-01
1.8815500e-01   3.1706786e-01
1.7553000e-01   3.0616567e-01
1.6323400e-01   2.9519284e-01
1.5128000e-01   2.8403509e-01
1.3968100e-01   2.7158445e-01
1.2845200e-01   2.5954840e-01
1.1760600e-01   2.4653165e-01
1.0715500e-01   2.3310982e-01
9.7112998e-02   2.1988212e-01
8.7493002e-02   2.0597620e-01
7.8305997e-02   1.9231793e-01
6.9565997e-02   1.7814046e-01
6.1285000e-02   1.6394235e-01
5.3474002e-02   1.4985707e-01
4.6149999e-02   1.3547242e-01
3.9326001e-02   1.2154301e-01
3.3013999e-02   1.0754202e-01
2.7230000e-02   9.4369136e-02
2.1980001e-02   8.1229508e-02
1.7277000e-02   6.8534702e-02
1.3141000e-02   5.6344263e-02
9.5729996e-03   4.5142986e-02
6.5830001e-03   3.4970000e-02
4.1880002e-03   2.5754418e-02
2.3540000e-03   1.7894238e-02
1.0810000e-03   1.0769120e-02
3.7100000e-04   5.4978491e-03
7.6999997e-05   1.9414766e-03
4.9999999e-06   -6.3889642e-04
0.0000000e+00   -1.3975173e-03
4.9999999e-06   -2.1181637e-03
7.6999997e-05   -4.2959354e-03
3.7100000e-04   -7.8641176e-03
1.0810000e-03   -1.3028653e-02
2.3530000e-03   -1.9010646e-02
4.1880002e-03   -2.5513930e-02
6.5850001e-03   -3.3001430e-02
9.5760003e-03   -4.0977594e-02
1.3145000e-02   -4.8920199e-02
1.7281000e-02   -5.7539340e-02
2.1983000e-02   -6.5669782e-02
2.7232001e-02   -7.4192367e-02
3.3016000e-02   -8.2597509e-02
3.9328001e-02   -9.0835169e-02
4.6151999e-02   -9.9647783e-02
5.3475998e-02   -1.0792559e-01
6.1287001e-02   -1.1595795e-01
6.9568001e-02   -1.2427048e-01
7.8308001e-02   -1.3196310e-01
8.7494999e-02   -1.3947733e-01
9.7115003e-02   -1.4740695e-01
1.0715700e-01   -1.5427382e-01
1.1760800e-01   -1.6130319e-01
1.2845400e-01   -1.6788201e-01
1.3968299e-01   -1.7390351e-01
1.5128200e-01   -1.7967103e-01
1.6323499e-01   -1.8508300e-01
1.7553200e-01   -1.8984000e-01
1.8815701e-01   -1.9416346e-01
2.0109700e-01   -1.9796906e-01
2.1433701e-01   -2.0163842e-01
2.2786400e-01   -2.0460421e-01
2.4166299e-01   -2.0699763e-01
2.5571901e-01   -2.0953204e-01
2.7001700e-01   -2.1098788e-01
2.8454199e-01   -2.1156712e-01
2.9927999e-01   -2.1135178e-01
3.1421500e-01   -2.1097603e-01
3.2933101e-01   -2.0931081e-01
3.4461299e-01   -2.0669079e-01
3.6004499e-01   -2.0355804e-01
3.7561101e-01   -1.9943194e-01
3.9129600e-01   -1.9437221e-01
4.0708300e-01   -1.8858404e-01
4.2295700e-01   -1.8215048e-01
4.3890101e-01   -1.7506915e-01
4.5489901e-01   -1.6726804e-01
4.7093499e-01   -1.5905854e-01
4.8699200e-01   -1.4981726e-01
5.0305498e-01   -1.4108099e-01
5.1910698e-01   -1.3176756e-01
5.3513199e-01   -1.2256223e-01
5.5111402e-01   -1.1277580e-01
5.6703597e-01   -1.0333216e-01
5.8288401e-01   -9.4109312e-02
5.9864002e-01   -8.4326044e-02
6.1429000e-01   -7.4903719e-02
6.2981701e-01   -6.6513896e-02
6.4520597e-01   -5.7438962e-02
6.6044199e-01   -4.8840288e-02
6.7550898e-01   -4.0808257e-02
6.9039297e-01   -3.3056621e-02
7.0507699e-01   -2.6037488e-02
7.1954900e-01   -1.8998140e-02
7.3379302e-01   -1.2558528e-02
7.4779499e-01   -6.6930694e-03
7.6154202e-01   -7.5814489e-04
7.7501899e-01   4.3046507e-03
7.8821403e-01   8.7689115e-03
8.0111301e-01   1.3503428e-02
8.1370401e-01   1.6927628e-02
8.2597297e-01   2.0179497e-02
8.3791000e-01   2.3228429e-02
8.4950101e-01   2.5494082e-02
8.6073500e-01   2.7717298e-02
8.7160099e-01   2.8627593e-02
8.8208801e-01   2.9923953e-02
8.9218402e-01   3.0373564e-02
9.0188003e-01   2.9906692e-02
9.1116500e-01   2.9776970e-02
9.2003101e-01   2.8466688e-02
9.2846799e-01   2.7515795e-02
9.3646699e-01   2.5731130e-02
9.4401902e-01   2.3813859e-02
9.5111603e-01   2.1592595e-02
9.5775098e-01   1.9281508e-02
9.6392000e-01   1.7303800e-02
9.6961600e-01   1.4656917e-02
9.7483599e-01   1.2345435e-02
9.7957498e-01   1.0047515e-02
9.8383099e-01   7.8773843e-03
9.8759800e-01   5.5021555e-03
9.9087399e-01   3.5695301e-03
9.9365300e-01   1.9215825e-03
9.9593401e-01   6.1221205e-04
9.9771100e-01   -7.3466985e-04
9.9898201e-01   -1.2868308e-03
9.9974501e-01   -1.8842629e-03
1.0000000e+00   -1.9226491e-03
