1.0000000e+00   1.9075838e-03
9.9974501e-01   1.9407979e-03
9.9898201e-01   2.1744729e-03
9.9771100e-01   2.4921319e-03
9.9593300e-01   3.4018597e-03
9.9365300e-01   3.9508333e-03
9.9087399e-01   4.6762475e-03
9.8759800e-01   5.8660014e-03
9.8382998e-01   7.0110173e-03
9.7957498e-01   8.5281152e-03
9.7483599e-01   9.9400030e-03
9.6961600e-01   1.1861744e-02
9.6392000e-01   1.3885396e-02
9.5775098e-01   1.6223634e-02
9.5111603e-01   1.8453779e-02
9.4401902e-01   2.1016108e-02
9.3646699e-01   2.3548983e-02
9.2846799e-01   2.6555860e-02
9.2003101e-01   2.9644080e-02
9.1116500e-01   3.2999650e-02
9.0187901e-01   3.6506366e-02
8.9218301e-01   4.0063757e-02
8.8208699e-01   4.3832596e-02
8.7160099e-01   4.7902606e-02
8.6073500e-01   5.2033179e-02
8.4950101e-01   5.6077626e-02
8.3791000e-01   6.0779173e-02
8.2597399e-01   6.4891301e-02
8.1370401e-01   6.9969557e-02
8.0111301e-01   7.4783668e-02
7.8821403e-01   7.9470217e-02
7.7501899e-01   8.4300719e-02
7.6154101e-01   8.9242317e-02
7.4779499e-01   9.4728202e-02
7.3379201e-01   9.9713340e-02
7.1954799e-01   1.0492504e-01
7.0507699e-01   1.1057726e-01
6.9039202e-01   1.1520838e-01
6.7550898e-01   1.2060037e-01
6.6044199e-01   1.2576857e-01
6.4520597e-01   1.3042688e-01
6.2981701e-01   1.3526046e-01
6.1429000e-01   1.4045285e-01
5.9864002e-01   1.4489721e-01
5.8288401e-01   1.4895986e-01
5.6703597e-01   1.5348230e-01
5.5111301e-01   1.5727293e-01
5.3513098e-01   1.6126569e-01
5.1910597e-01   1.6477109e-01
5.0305402e-01   1.6848804e-01
4.8699099e-01   1.7164305e-01
4.7093400e-01   1.7403302e-01
4.5489800e-01   1.7699012e-01
4.3889999e-01   1.7925237e-01
4.2295599e-01   1.8157519e-01
4.0708300e-01   1.8317124e-01
3.9129499e-01   1.8458463e-01
3.7560999e-01   1.8534780e-01
3.6004400e-01   1.8623866e-01
3.4461200e-01   1.8637884e-01
3.2933000e-01   1.8650308e-01
3.1421301e-01   1.8602447e-01
2.9927900e-01   1.8572165e-01
2.8454101e-01   1.8482763e-01
2.7001500e-01   1.8361625e-01
2.5571701e-01   1.8196887e-01
2.4166100e-01   1.8030339e-01
2.2786200e-01   1.7810199e-01
2.1433599e-01   1.7575392e-01
2.0109500e-01   1.7304650e-01
1.8815500e-01   1.6959968e-01
1.7553000e-01   1.6649188e-01
1.6323400e-01   1.6268462e-01
1.5128000e-01   1.5870337e-01
1.3968100e-01   1.5443540e-01
1.2845200e-01   1.4955753e-01
1.1760600e-01   1.4472458e-01
1.0715500e-01   1.3920192e-01
9.7112998e-02   1.3355631e-01
8.7493002e-02   1.2764044e-01
7.8305997e-02   1.2134934e-01
6.9565997e-02   1.1491019e-01
6.1285000e-02   1.0793774e-01
5.3474002e-02   1.0112384e-01
4.6149999e-02   9.3877196e-02
3.9326001e-02   8.6431943e-02
3.3013999e-02   7.8685783e-02
2.7230000e-02   7.1041420e-02
2.1980001e-02   6.3156597e-02
1.7277000e-02   5.5276975e-02
1.3141000e-02   4.7258779e-02
9.5729996e-03   3.9340474e-02
6.5830001e-03   3.1746935e-02
4.1880002e-03   2.4188899e-02
2.3540000e-03   1.7312365e-02
1.0810000e-03   1.1280277e-02
3.7100000e-04   6.2950579e-03
7.6999997e-05   2.6208528e-03
4.9999999e-06   2.8506364e-04
0.0000000e+00   -2.7446798e-04
4.9999999e-06   -1.0696470e-03
7.6999997e-05   -3.2369355e-03
3.7100000e-04   -6.8045971e-03
1.0810000e-03   -1.1496679e-02
2.3530000e-03   -1.7107558e-02
4.1880002e-03   -2.2950871e-02
6.5850001e-03   -2.8823251e-02
9.5760003e-03   -3.4735058e-02
1.3145000e-02   -4.0196005e-02
1.7281000e-02   -4.5521092e-02
2.1983000e-02   -5.0374717e-02
2.7232001e-02   -5.4955158e-02
3.3016000e-02   -5.9574123e-02
3.9328001e-02   -6.3613586e-02
4.6151999e-02   -6.7756146e-02
5.3475998e-02   -7.1831428e-02
6.1287001e-02   -7.5310059e-02
6.9568001e-02   -7.9081699e-02
7.8308001e-02   -8.2447998e-02
8.7494999e-02   -8.5657343e-02
9.7115003e-02   -8.8921227e-02
1.0715700e-01   -9.1722675e-02
1.1760800e-01   -9.4498493e-02
1.2845400e-01   -9.7047433e-02
1.3968299e-01   -9.9484108e-02
1.5128200e-01   -1.0146978e-01
1.6323499e-01   -1.0318270e-01
1.7553200e-01   -1.0555824e-01
1.8815701e-01   -1.0712250e-01
2.0109700e-01   -1.0870367e-01
2.1433701e-01   -1.1029670e-01
2.2786400e-01   -1.1149720e-01
2.4166299e-01   -1.1297658e-01
2.5571901e-01   -1.1391045e-01
2.7001700e-01   -1.1477232e-01
2.8454199e-01   -1.1500385e-01
2.9927999e-01   -1.1604038e-01
3.1421500e-01   -1.1629279e-01
3.2933101e-01   -1.1657953e-01
3.4461299e-01   -1.1682594e-01
3.6004499e-01   -1.1676333e-01
3.7561101e-01   -1.1622088e-01
3.9129600e-01   -1.1580958e-01
4.0708300e-01   -1.1549930e-01
4.2295700e-01   -1.1458925e-01
4.3890101e-01   -1.1363930e-01
4.5489901e-01   -1.1200337e-01
4.7093499e-01   -1.1069597e-01
4.8699200e-01   -1.0965577e-01
5.0305498e-01   -1.0766108e-01
5.1910698e-01   -1.0593165e-01
5.3513199e-01   -1.0412594e-01
5.5111402e-01   -1.0172135e-01
5.6703597e-01   -9.9030040e-02
5.8288401e-01   -9.6738137e-02
5.9864002e-01   -9.4231173e-02
6.1429000e-01   -9.1198198e-02
6.2981701e-01   -8.8265628e-02
6.4520597e-01   -8.4959790e-02
6.6044199e-01   -8.2003541e-02
6.7550898e-01   -7.8671657e-02
6.9039297e-01   -7.5645119e-02
7.0507699e-01   -7.2157644e-02
7.1954900e-01   -6.8805791e-02
7.3379302e-01   -6.5273911e-02
7.4779499e-01   -6.2365770e-02
7.6154202e-01   -5.8960635e-02
7.7501899e-01   -5.5541124e-02
7.8821403e-01   -5.2302238e-02
8.0111301e-01   -4.9010459e-02
8.1370401e-01   -4.5942426e-02
8.2597297e-01   -4.3132894e-02
8.3791000e-01   -3.9851870e-02
8.4950101e-01   -3.6862124e-02
8.6073500e-01   -3.4382343e-02
8.7160099e-01   -3.1551585e-02
8.8208801e-01   -2.8479610e-02
8.9218402e-01   -2.6369998e-02
9.0188003e-01   -2.3815922e-02
9.1116500e-01   -2.1776568e-02
9.2003101e-01   -1.9802155e-02
9.2846799e-01   -1.7866891e-02
9.3646699e-01   -1.5868684e-02
9.4401902e-01   -1.4186411e-02
9.5111603e-01   -1.2458689e-02
9.5775098e-01   -1.1189152e-02
9.6392000e-01   -9.7393384e-03
9.6961600e-01   -8.4275361e-03
9.7483599e-01   -6.8938830e-03
9.7957498e-01   -6.0908268e-03
9.8383099e-01   -5.1017366e-03
9.8759800e-01   -4.2831870e-03
9.9087399e-01   -3.4478891e-03
9.9365300e-01   -2.8769586e-03
9.9593401e-01   -2.3874734e-03
9.9771100e-01   -1.9346615e-03
9.9898201e-01   -1.6520411e-03
9.9974501e-01   -1.4579106e-03
1.0000000e+00   -1.5095237e-03
