1.0000000e+00   1.3335940e-03
9.9974501e-01   1.5549549e-03
9.9898201e-01   2.0152887e-03
9.9771100e-01   3.5661573e-03
9.9593300e-01   5.6014699e-03
9.9365300e-01   8.1370380e-03
9.9087399e-01   1.0438461e-02
9.8759800e-01   1.3697097e-02
9.8382998e-01   1.6891094e-02
9.7957498e-01   2.1034490e-02
9.7483599e-01   2.5169808e-02
9.6961600e-01   3.0466972e-02
9.6392000e-01   3.6658440e-02
9.5775098e-01   4.2418595e-02
9.5111603e-01   4.9277961e-02
9.4401902e-01   5.6142271e-02
9.3646699e-01   6.3428983e-02
9.2846799e-01   7.0983291e-02
9.2003101e-01   7.9823121e-02
9.1116500e-01   8.7362036e-02
9.0187901e-01   9.5676802e-02
8.9218301e-01   1.0547064e-01
8.8208699e-01   1.1504995e-01
8.7160099e-01   1.2528116e-01
8.6073500e-01   1.3410014e-01
8.4950101e-01   1.4504415e-01
8.3791000e-01   1.5507735e-01
8.2597399e-01   1.6723894e-01
8.1370401e-01   1.7816943e-01
8.0111301e-01   1.8897077e-01
7.8821403e-01   1.9951652e-01
7.7501899e-01   2.1163656e-01
7.6154101e-01   2.2276305e-01
7.4779499e-01   2.3376322e-01
7.3379201e-01   2.4378207e-01
7.1954799e-01   2.5476083e-01
7.0507699e-01   2.6426771e-01
6.9039202e-01   2.7358299e-01
6.7550898e-01   2.8244179e-01
6.6044199e-01   2.9177079e-01
6.4520597e-01   2.9876024e-01
6.2981701e-01   3.0713320e-01
6.1429000e-01   3.1353989e-01
5.9864002e-01   3.1976226e-01
5.8288401e-01   3.2596195e-01
5.6703597e-01   3.3104578e-01
5.5111301e-01   3.3456987e-01
5.3513098e-01   3.3882838e-01
5.1910597e-01   3.4093457e-01
5.0305402e-01   3.4414893e-01
4.8699099e-01   3.4650385e-01
4.7093400e-01   3.4729314e-01
4.5489800e-01   3.4803835e-01
4.3889999e-01   3.4880280e-01
4.2295599e-01   3.4763706e-01
4.0708300e-01   3.4548709e-01
3.9129499e-01   3.4412172e-01
3.7560999e-01   3.4193742e-01
3.6004400e-01   3.3929938e-01
3.4461200e-01   3.3538118e-01
3.2933000e-01   3.3324301e-01
3.1421301e-01   3.2818669e-01
2.9927900e-01   3.2420504e-01
2.8454101e-01   3.1976479e-01
2.7001500e-01   3.1275308e-01
2.5571701e-01   3.0710974e-01
2.4166100e-01   3.0019197e-01
2.2786200e-01   2.9428691e-01
2.1433599e-01   2.8818044e-01
2.0109500e-01   2.7971953e-01
1.8815500e-01   2.7219528e-01
1.7553000e-01   2.6460367e-01
1.6323400e-01   2.5654003e-01
1.5128000e-01   2.4671218e-01
1.3968100e-01   2.3732971e-01
1.2845200e-01   2.2857764e-01
1.1760600e-01   2.1936700e-01
1.0715500e-01   2.0927212e-01
9.7112998e-02   1.9975357e-01
8.7493002e-02   1.8859494e-01
7.8305997e-02   1.7855419e-01
6.9565997e-02   1.6795442e-01
6.1285000e-02   1.5713780e-01
5.3474002e-02   1.4650941e-01
4.6149999e-02   1.3514489e-01
3.9326001e-02   1.2391533e-01
3.3013999e-02   1.1315314e-01
2.7230000e-02   1.0061603e-01
2.1980001e-02   8.9885123e-02
1.7277000e-02   7.8389958e-02
1.3141000e-02   6.7335233e-02
9.5729996e-03   5.5640925e-02
6.5830001e-03   4.4782989e-02
4.1880002e-03   3.5329368e-02
2.3540000e-03   2.5925701e-02
1.0810000e-03   1.7634282e-02
3.7100000e-04   1.1118073e-02
7.6999997e-05   6.6285231e-03
4.9999999e-06   3.4189939e-03
0.0000000e+00   2.9677628e-03
4.9999999e-06   2.4239551e-03
7.6999997e-05   -8.3211699e-04
3.7100000e-04   -5.2204747e-03
1.0810000e-03   -1.1064373e-02
2.3530000e-03   -1.7675810e-02
4.1880002e-03   -2.4890196e-02
6.5850001e-03   -3.2455675e-02
9.5760003e-03   -3.9329913e-02
1.3145000e-02   -4.5893934e-02
1.7281000e-02   -5.1983699e-02
2.1983000e-02   -5.8040697e-02
2.7232001e-02   -6.3563205e-02
3.3016000e-02   -6.8930373e-02
3.9328001e-02   -7.3981583e-02
4.6151999e-02   -7.9678312e-02
5.3475998e-02   -8.5535206e-02
6.1287001e-02   -8.9337178e-02
6.9568001e-02   -9.4810255e-02
7.8308001e-02   -1.0023054e-01
8.7494999e-02   -1.0479657e-01
9.7115003e-02   -1.0995719e-01
1.0715700e-01   -1.1398003e-01
1.1760800e-01   -1.1924718e-01
1.2845400e-01   -1.2401825e-01
1.3968299e-01   -1.2799685e-01
1.5128200e-01   -1.3187827e-01
1.6323499e-01   -1.3649344e-01
1.7553200e-01   -1.4031647e-01
1.8815701e-01   -1.4370304e-01
2.0109700e-01   -1.4743273e-01
2.1433701e-01   -1.5018967e-01
2.2786400e-01   -1.5423056e-01
2.4166299e-01   -1.5735359e-01
2.5571901e-01   -1.5923721e-01
2.7001700e-01   -1.6168076e-01
2.8454199e-01   -1.6427854e-01
2.9927999e-01   -1.6577898e-01
3.1421500e-01   -1.6722491e-01
3.2933101e-01   -1.6912037e-01
3.4461299e-01   -1.6898088e-01
3.6004499e-01   -1.7027326e-01
3.7561101e-01   -1.7063549e-01
3.9129600e-01   -1.7124963e-01
4.0708300e-01   -1.7109151e-01
4.2295700e-01   -1.7104545e-01
4.3890101e-01   -1.6987012e-01
4.5489901e-01   -1.6877979e-01
4.7093499e-01   -1.6734368e-01
4.8699200e-01   -1.6622357e-01
5.0305498e-01   -1.6358474e-01
5.1910698e-01   -1.6007227e-01
5.3513199e-01   -1.5720463e-01
5.5111402e-01   -1.5340714e-01
5.6703597e-01   -1.4898618e-01
5.8288401e-01   -1.4433201e-01
5.9864002e-01   -1.3857682e-01
6.1429000e-01   -1.3417639e-01
6.2981701e-01   -1.2727293e-01
6.4520597e-01   -1.1972523e-01
6.6044199e-01   -1.1316728e-01
6.7550898e-01   -1.0695875e-01
6.9039297e-01   -9.9058121e-02
7.0507699e-01   -9.1210052e-02
7.1954900e-01   -8.4385298e-02
7.3379302e-01   -7.6605059e-02
7.4779499e-01   -6.9825061e-02
7.6154202e-01   -6.1547969e-02
7.7501899e-01   -5.4746851e-02
7.8821403e-01   -4.8310958e-02
8.0111301e-01   -4.2201195e-02
8.1370401e-01   -3.6558080e-02
8.2597297e-01   -2.9999129e-02
8.3791000e-01   -2.4680732e-02
8.4950101e-01   -2.0868059e-02
8.6073500e-01   -1.6198678e-02
8.7160099e-01   -1.2732294e-02
8.8208801e-01   -8.5772034e-03
8.9218402e-01   -5.9667076e-03
9.0188003e-01   -2.6393994e-03
9.1116500e-01   -8.2146685e-04
9.2003101e-01   2.3559213e-03
9.2846799e-01   3.1253765e-03
9.3646699e-01   5.0097676e-03
9.4401902e-01   5.1012002e-03
9.5111603e-01   5.4862462e-03
9.5775098e-01   5.9976177e-03
9.6392000e-01   5.6760400e-03
9.6961600e-01   5.0709276e-03
9.7483599e-01   4.6319165e-03
9.7957498e-01   4.0715886e-03
9.8383099e-01   3.5418039e-03
9.8759800e-01   2.2118522e-03
9.9087399e-01   1.8882833e-03
9.9365300e-01   1.2004169e-03
9.9593401e-01   -2.2795051e-05
9.9771100e-01   -5.9879472e-04
9.9898201e-01   -1.7658318e-03
9.9974501e-01   -1.4157975e-03
1.0000000e+00   -9.2478067e-04
