1.0000000e+00   4.1550868e-03
9.9974501e-01   4.4199289e-03
9.9898201e-01   5.0676973e-03
9.9771100e-01   5.6463396e-03
9.9593300e-01   6.2509384e-03
9.9365300e-01   7.2685746e-03
9.9087399e-01   8.8978661e-03
9.8759800e-01   9.9879941e-03
9.8382998e-01   1.2304862e-02
9.7957498e-01   1.4122394e-02
9.7483599e-01   1.6760105e-02
9.6961600e-01   1.9185236e-02
9.6392000e-01   2.2203967e-02
9.5775098e-01   2.5622582e-02
9.5111603e-01   2.9040528e-02
9.4401902e-01   3.3060562e-02
9.3646699e-01   3.7496310e-02
9.2846799e-01   4.1698597e-02
9.2003101e-01   4.6229541e-02
9.1116500e-01   5.1422015e-02
9.0187901e-01   5.6719717e-02
8.9218301e-01   6.1672907e-02
8.8208699e-01   6.7062601e-02
8.7160099e-01   7.2562002e-02
8.6073500e-01   7.8614607e-02
8.4950101e-01   8.4680736e-02
8.3791000e-01   9.1089897e-02
8.2597399e-01   9.6812226e-02
8.1370401e-01   1.0333525e-01
8.0111301e-01   1.0992490e-01
7.8821403e-01   1.1684975e-01
7.7501899e-01   1.2323881e-01
7.6154101e-01   1.2975107e-01
7.4779499e-01   1.3644166e-01
7.3379201e-01   1.4351943e-01
7.1954799e-01   1.4975977e-01
7.0507699e-01   1.5644100e-01
6.9039202e-01   1.6302402e-01
6.7550898e-01   1.6961601e-01
6.6044199e-01   1.7547314e-01
6.4520597e-01   1.8246026e-01
6.2981701e-01   1.8781525e-01
6.1429000e-01   1.9335246e-01
5.9864002e-01   1.9922318e-01
5.8288401e-01   2.0394057e-01
5.6703597e-01   2.0879892e-01
5.5111301e-01   2.1348433e-01
5.3513098e-01   2.1757869e-01
5.1910597e-01   2.2206953e-01
5.0305402e-01   2.2522826e-01
4.8699099e-01   2.2803880e-01
4.7093400e-01   2.3096116e-01
4.5489800e-01   2.3355879e-01
4.3889999e-01   2.3499507e-01
4.2295599e-01   2.3692887e-01
4.0708300e-01   2.3852918e-01
3.9129499e-01   2.3901655e-01
3.7560999e-01   2.3954792e-01
3.6004400e-01   2.3926015e-01
3.4461200e-01   2.3933788e-01
3.2933000e-01   2.3769075e-01
3.1421301e-01   2.3668668e-01
2.9927900e-01   2.3484351e-01
2.8454101e-01   2.3286635e-01
2.7001500e-01   2.3132405e-01
2.5571701e-01   2.2885655e-01
2.4166100e-01   2.2582464e-01
2.2786200e-01   2.2271681e-01
2.1433599e-01   2.1869577e-01
2.0109500e-01   2.1507734e-01
1.8815500e-01   2.1113749e-01
1.7553000e-01   2.0576975e-01
1.6323400e-01   2.0092772e-01
1.5128000e-01   1.9579975e-01
1.3968100e-01   1.9047162e-01
1.2845200e-01   1.8447986e-01
1.1760600e-01   1.7811885e-01
1.0715500e-01   1.7143612e-01
9.7112998e-02   1.6410863e-01
8.7493002e-02   1.5716246e-01
7.8305997e-02   1.4964920e-01
6.9565997e-02   1.4170080e-01
6.1285000e-02   1.3335349e-01
5.3474002e-02   1.2506115e-01
4.6149999e-02   1.1646646e-01
3.9326001e-02   1.0766461e-01
3.3013999e-02   9.8011129e-02
2.7230000e-02   8.9057118e-02
2.1980001e-02   7.9410426e-02
1.7277000e-02   6.9482610e-02
1.3141000e-02   5.9252393e-02
9.5729996e-03   4.9827103e-02
6.5830001e-03   4.0047165e-02
4.1880002e-03   3.0311722e-02
2.3540000e-03   2.1754492e-02
1.0810000e-03   1.4182676e-02
3.7100000e-04   8.1196306e-03
7.6999997e-05   3.3237815e-03
4.9999999e-06   7.6276588e-04
0.0000000e+00   -4.9359229e-04
4.9999999e-06   -1.6679125e-03
7.6999997e-05   -4.0365704e-03
3.7100000e-04   -8.7406291e-03
1.0810000e-03   -1.4541130e-02
2.3530000e-03   -2.1844294e-02
4.1880002e-03   -2.9410867e-02
6.5850001e-03   -3.7166204e-02
9.5760003e-03   -4.5459811e-02
1.3145000e-02   -5.2912001e-02
1.7281000e-02   -6.0154494e-02
2.1983000e-02   -6.6729344e-02
2.7232001e-02   -7.3223256e-02
3.3016000e-02   -7.9549350e-02
3.9328001e-02   -8.5926965e-02
4.6151999e-02   -9.1243349e-02
5.3475998e-02   -9.7076893e-02
6.1287001e-02   -1.0309597e-01
6.9568001e-02   -1.0841430e-01
7.8308001e-02   -1.1310801e-01
8.7494999e-02   -1.1808246e-01
9.7115003e-02   -1.2266281e-01
1.0715700e-01   -1.2735131e-01
1.1760800e-01   -1.3122565e-01
1.2845400e-01   -1.3530387e-01
1.3968299e-01   -1.3967827e-01
1.5128200e-01   -1.4337887e-01
1.6323499e-01   -1.4695428e-01
1.7553200e-01   -1.5057176e-01
1.8815701e-01   -1.5354952e-01
2.0109700e-01   -1.5658383e-01
2.1433701e-01   -1.5978689e-01
2.2786400e-01   -1.6204506e-01
2.4166299e-01   -1.6446115e-01
2.5571901e-01   -1.6705103e-01
2.7001700e-01   -1.6827551e-01
2.8454199e-01   -1.6999072e-01
2.9927999e-01   -1.7131411e-01
3.1421500e-01   -1.7289454e-01
3.2933101e-01   -1.7336862e-01
3.4461299e-01   -1.7457473e-01
3.6004499e-01   -1.7468776e-01
3.7561101e-01   -1.7496359e-01
3.9129600e-01   -1.7452927e-01
4.0708300e-01   -1.7413594e-01
4.2295700e-01   -1.7368880e-01
4.3890101e-01   -1.7278890e-01
4.5489901e-01   -1.7115116e-01
4.7093499e-01   -1.6941911e-01
4.8699200e-01   -1.6723000e-01
5.0305498e-01   -1.6537815e-01
5.1910698e-01   -1.6316962e-01
5.3513199e-01   -1.6019966e-01
5.5111402e-01   -1.5708007e-01
5.6703597e-01   -1.5397942e-01
5.8288401e-01   -1.5036577e-01
5.9864002e-01   -1.4717551e-01
6.1429000e-01   -1.4237706e-01
6.2981701e-01   -1.3882335e-01
6.4520597e-01   -1.3480039e-01
6.6044199e-01   -1.3000317e-01
6.7550898e-01   -1.2486766e-01
6.9039297e-01   -1.2068392e-01
7.0507699e-01   -1.1621530e-01
7.1954900e-01   -1.1096682e-01
7.3379302e-01   -1.0602912e-01
7.4779499e-01   -1.0080101e-01
7.6154202e-01   -9.6321784e-02
7.7501899e-01   -9.1267861e-02
7.8821403e-01   -8.6291797e-02
8.0111301e-01   -8.1628092e-02
8.1370401e-01   -7.6868586e-02
8.2597297e-01   -7.2851539e-02
8.3791000e-01   -6.8585210e-02
8.4950101e-01   -6.3836277e-02
8.6073500e-01   -5.9338767e-02
8.7160099e-01   -5.5021934e-02
8.8208801e-01   -5.0805420e-02
8.9218402e-01   -4.6706781e-02
9.0188003e-01   -4.3077469e-02
9.1116500e-01   -3.9153516e-02
9.2003101e-01   -3.5982639e-02
9.2846799e-01   -3.2057662e-02
9.3646699e-01   -2.8994380e-02
9.4401902e-01   -2.5502294e-02
9.5111603e-01   -2.2287767e-02
9.5775098e-01   -1.9562675e-02
9.6392000e-01   -1.6822916e-02
9.6961600e-01   -1.3992446e-02
9.7483599e-01   -1.1956698e-02
9.7957498e-01   -9.9285142e-03
9.8383099e-01   -8.2754167e-03
9.8759800e-01   -6.5693776e-03
9.9087399e-01   -5.3552305e-03
9.9365300e-01   -4.4486714e-03
9.9593401e-01   -3.3249853e-03
9.9771100e-01   -2.4576753e-03
9.9898201e-01   -1.6978781e-03
9.9974501e-01   -1.5036964e-03
1.0000000e+00   -1.8602551e-03
