1.0000000e+00   5.4348963e-03
9.9974501e-01   5.5836597e-03
9.9898201e-01   6.1166706e-03
9.9771100e-01   7.2455346e-03
9.9593300e-01   7.5178216e-03
9.9365300e-01   9.2761563e-03
9.9087399e-01   1.1372413e-02
9.8759800e-01   1.2231509e-02
9.8382998e-01   1.4612352e-02
9.7957498e-01   1.7185768e-02
9.7483599e-01   1.9363796e-02
9.6961600e-01   2.2027070e-02
9.6392000e-01   2.5266461e-02
9.5775098e-01   2.8449669e-02
9.5111603e-01   3.1670775e-02
9.4401902e-01   3.5559155e-02
9.3646699e-01   4.0250588e-02
9.2846799e-01   4.4179719e-02
9.2003101e-01   4.9420923e-02
9.1116500e-01   5.4090746e-02
9.0187901e-01   5.9027802e-02
8.9218301e-01   6.4919472e-02
8.8208699e-01   7.1358204e-02
8.7160099e-01   7.6093517e-02
8.6073500e-01   8.2705557e-02
8.4950101e-01   8.9687951e-02
8.3791000e-01   9.5921658e-02
8.2597399e-01   1.0249729e-01
8.1370401e-01   1.0925189e-01
8.0111301e-01   1.1705511e-01
7.8821403e-01   1.2390890e-01
7.7501899e-01   1.3207333e-01
7.6154101e-01   1.4021061e-01
7.4779499e-01   1.4744267e-01
7.3379201e-01   1.5605615e-01
7.1954799e-01   1.6266061e-01
7.0507699e-01   1.7260844e-01
6.9039202e-01   1.7954406e-01
6.7550898e-01   1.8828203e-01
6.6044199e-01   1.9707024e-01
6.4520597e-01   2.0435594e-01
6.2981701e-01   2.1389453e-01
6.1429000e-01   2.2105828e-01
5.9864002e-01   2.2844534e-01
5.8288401e-01   2.3693329e-01
5.6703597e-01   2.4395297e-01
5.5111301e-01   2.5108236e-01
5.3513098e-01   2.5745076e-01
5.1910597e-01   2.6490030e-01
5.0305402e-01   2.7206185e-01
4.8699099e-01   2.7611384e-01
4.7093400e-01   2.8243753e-01
4.5489800e-01   2.8766304e-01
4.3889999e-01   2.9254666e-01
4.2295599e-01   2.9698795e-01
4.0708300e-01   2.9995883e-01
3.9129499e-01   3.0449298e-01
3.7560999e-01   3.0743566e-01
3.6004400e-01   3.0909324e-01
3.4461200e-01   3.1043169e-01
3.2933000e-01   3.1178471e-01
3.1421301e-01   3.1284857e-01
2.9927900e-01   3.1321415e-01
2.8454101e-01   3.1272516e-01
2.7001500e-01   3.1034264e-01
2.5571701e-01   3.0979696e-01
2.4166100e-01   3.0755454e-01
2.2786200e-01   3.0487677e-01
2.1433599e-01   3.0096251e-01
2.0109500e-01   2.9756001e-01
1.8815500e-01   2.9291335e-01
1.7553000e-01   2.8722683e-01
1.6323400e-01   2.7976111e-01
1.5128000e-01   2.7391404e-01
1.3968100e-01   2.6556718e-01
1.2845200e-01   2.5746679e-01
1.1760600e-01   2.4809667e-01
1.0715500e-01   2.3885378e-01
9.7112998e-02   2.2787233e-01
8.7493002e-02   2.1729283e-01
7.8305997e-02   2.0532116e-01
6.9565997e-02   1.9331677e-01
6.1285000e-02   1.8091150e-01
5.3474002e-02   1.6814297e-01
4.6149999e-02   1.5438840e-01
3.9326001e-02   1.4070198e-01
3.3013999e-02   1.2750039e-01
2.7230000e-02   1.1310689e-01
2.1980001e-02   9.8635800e-02
1.7277000e-02   8.3993167e-02
1.3141000e-02   7.0075564e-02
9.5729996e-03   5.7233565e-02
6.5830001e-03   4.4389360e-02
4.1880002e-03   3.2889809e-02
2.3540000e-03   2.2608357e-02
1.0810000e-03   1.4161982e-02
3.7100000e-04   7.9783183e-03
7.6999997e-05   3.2614367e-03
4.9999999e-06   6.5041886e-04
0.0000000e+00   -9.6341828e-05
4.9999999e-06   -1.4729759e-03
7.6999997e-05   -4.5719938e-03
3.7100000e-04   -9.1657331e-03
1.0810000e-03   -1.5607925e-02
2.3530000e-03   -2.4309658e-02
4.1880002e-03   -3.4851354e-02
6.5850001e-03   -4.5859557e-02
9.5760003e-03   -5.8869701e-02
1.3145000e-02   -7.3267333e-02
1.7281000e-02   -8.6230680e-02
2.1983000e-02   -9.9996500e-02
2.7232001e-02   -1.1369000e-01
3.3016000e-02   -1.2739363e-01
3.9328001e-02   -1.4168227e-01
4.6151999e-02   -1.5527157e-01
5.3475998e-02   -1.6913053e-01
6.1287001e-02   -1.8174361e-01
6.9568001e-02   -1.9396895e-01
7.8308001e-02   -2.0708378e-01
8.7494999e-02   -2.1946733e-01
9.7115003e-02   -2.3003414e-01
1.0715700e-01   -2.4077612e-01
1.1760800e-01   -2.5108808e-01
1.2845400e-01   -2.6039776e-01
1.3968299e-01   -2.6957032e-01
1.5128200e-01   -2.7871072e-01
1.6323499e-01   -2.8617442e-01
1.7553200e-01   -2.9349813e-01
1.8815701e-01   -3.0001473e-01
2.0109700e-01   -3.0530646e-01
2.1433701e-01   -3.1126520e-01
2.2786400e-01   -3.1471375e-01
2.4166299e-01   -3.1846970e-01
2.5571901e-01   -3.2173949e-01
2.7001700e-01   -3.2448974e-01
2.8454199e-01   -3.2604662e-01
2.9927999e-01   -3.2808739e-01
3.1421500e-01   -3.2779798e-01
3.2933101e-01   -3.2656401e-01
3.4461299e-01   -3.2675415e-01
3.6004499e-01   -3.2377931e-01
3.7561101e-01   -3.2263094e-01
3.9129600e-01   -3.1888688e-01
4.0708300e-01   -3.1573442e-01
4.2295700e-01   -3.1137928e-01
4.3890101e-01   -3.0616817e-01
4.5489901e-01   -3.0135599e-01
4.7093499e-01   -2.9570556e-01
4.8699200e-01   -2.8985965e-01
5.0305498e-01   -2.8296351e-01
5.1910698e-01   -2.7596492e-01
5.3513199e-01   -2.6931509e-01
5.5111402e-01   -2.6066354e-01
5.6703597e-01   -2.5230381e-01
5.8288401e-01   -2.4448174e-01
5.9864002e-01   -2.3676734e-01
6.1429000e-01   -2.2794834e-01
6.2981701e-01   -2.2107661e-01
6.4520597e-01   -2.1159166e-01
6.6044199e-01   -2.0328374e-01
6.7550898e-01   -1.9398218e-01
6.9039297e-01   -1.8587804e-01
7.0507699e-01   -1.7750171e-01
7.1954900e-01   -1.6855723e-01
7.3379302e-01   -1.6067824e-01
7.4779499e-01   -1.5154397e-01
7.6154202e-01   -1.4396301e-01
7.7501899e-01   -1.3598175e-01
7.8821403e-01   -1.2905294e-01
8.0111301e-01   -1.2071445e-01
8.1370401e-01   -1.1362627e-01
8.2597297e-01   -1.0670512e-01
8.3791000e-01   -9.8730959e-02
8.4950101e-01   -9.3126006e-02
8.6073500e-01   -8.5412532e-02
8.7160099e-01   -7.9423338e-02
8.8208801e-01   -7.3871493e-02
8.9218402e-01   -6.7479238e-02
9.0188003e-01   -6.1830383e-02
9.1116500e-01   -5.6090076e-02
9.2003101e-01   -5.1059850e-02
9.2846799e-01   -4.5949500e-02
9.3646699e-01   -4.1290082e-02
9.4401902e-01   -3.7214965e-02
9.5111603e-01   -3.3735320e-02
9.5775098e-01   -3.0042697e-02
9.6392000e-01   -2.6349338e-02
9.6961600e-01   -2.3619775e-02
9.7483599e-01   -2.0331262e-02
9.7957498e-01   -1.7176628e-02
9.8383099e-01   -1.4619770e-02
9.8759800e-01   -1.2773638e-02
9.9087399e-01   -1.0215159e-02
9.9365300e-01   -9.0746405e-03
9.9593401e-01   -7.2821286e-03
9.9771100e-01   -6.2498678e-03
9.9898201e-01   -6.1419732e-03
9.9974501e-01   -5.0288797e-03
1.0000000e+00   -5.5698799e-03
