1.0000000e+00   3.3469941e-03
9.9974501e-01   3.7333262e-03
9.9898201e-01   4.8754453e-03
9.9771100e-01   6.6697560e-03
9.9593300e-01   9.0003582e-03
9.9365300e-01   1.1974063e-02
9.9087399e-01   1.5677355e-02
9.8759800e-01   2.0025661e-02
9.8382998e-01   2.4988664e-02
9.7957498e-01   3.0585693e-02
9.7483599e-01   3.6783598e-02
9.6961600e-01   4.3554470e-02
9.6392000e-01   5.0909564e-02
9.5775098e-01   5.8862463e-02
9.5111603e-01   6.7395277e-02
9.4401902e-01   7.6451026e-02
9.3646699e-01   8.5991472e-02
9.2846799e-01   9.5999628e-02
9.2003101e-01   1.0644110e-01
9.1116500e-01   1.1726577e-01
9.0187901e-01   1.2848529e-01
8.9218301e-01   1.4009060e-01
8.8208699e-01   1.5203527e-01
8.7160099e-01   1.6426177e-01
8.6073500e-01   1.7672798e-01
8.4950101e-01   1.8940794e-01
8.3791000e-01   2.0230436e-01
8.2597399e-01   2.1536300e-01
8.1370401e-01   2.2851694e-01
8.0111301e-01   2.4177577e-01
7.8821403e-01   2.5515407e-01
7.7501899e-01   2.6869226e-01
7.6154101e-01   2.8235063e-01
7.4779499e-01   2.9600346e-01
7.3379201e-01   3.0959168e-01
7.1954799e-01   3.2306114e-01
7.0507699e-01   3.3636206e-01
6.9039202e-01   3.4946182e-01
6.7550898e-01   3.6234319e-01
6.6044199e-01   3.7494341e-01
6.4520597e-01   3.8721329e-01
6.2981701e-01   3.9908463e-01
6.1429000e-01   4.1048065e-01
5.9864002e-01   4.2137393e-01
5.8288401e-01   4.3170470e-01
5.6703597e-01   4.4138995e-01
5.5111301e-01   4.5039883e-01
5.3513098e-01   4.5869040e-01
5.1910597e-01   4.6621546e-01
5.0305402e-01   4.7291577e-01
4.8699099e-01   4.7876593e-01
4.7093400e-01   4.8375410e-01
4.5489800e-01   4.8785850e-01
4.3889999e-01   4.9103433e-01
4.2295599e-01   4.9326932e-01
4.0708300e-01   4.9456134e-01
3.9129499e-01   4.9490580e-01
3.7560999e-01   4.9429113e-01
3.6004400e-01   4.9272636e-01
3.4461200e-01   4.9022773e-01
3.2933000e-01   4.8682943e-01
3.1421301e-01   4.8255357e-01
2.9927900e-01   4.7742450e-01
2.8454101e-01   4.7144899e-01
2.7001500e-01   4.6457252e-01
2.5571701e-01   4.5673734e-01
2.4166100e-01   4.4797143e-01
2.2786200e-01   4.3831104e-01
2.1433599e-01   4.2770523e-01
2.0109500e-01   4.1621679e-01
1.8815500e-01   4.0391621e-01
1.7553000e-01   3.9083827e-01
1.6323400e-01   3.7702596e-01
1.5128000e-01   3.6249825e-01
1.3968100e-01   3.4732729e-01
1.2845200e-01   3.3158937e-01
1.1760600e-01   3.1530565e-01
1.0715500e-01   2.9854470e-01
9.7112998e-02   2.8141642e-01
8.7493002e-02   2.6393703e-01
7.8305997e-02   2.4615417e-01
6.9565997e-02   2.2812873e-01
6.1285000e-02   2.0985699e-01
5.3474002e-02   1.9138910e-01
4.6149999e-02   1.7287487e-01
3.9326001e-02   1.5460421e-01
3.3013999e-02   1.3687336e-01
2.7230000e-02   1.1999023e-01
2.1980001e-02   1.0406493e-01
1.7277000e-02   8.8490888e-02
1.3141000e-02   7.3225684e-02
9.5729996e-03   5.8765091e-02
6.5830001e-03   4.5521315e-02
4.1880002e-03   3.3705153e-02
2.3540000e-03   2.3478175e-02
1.0810000e-03   1.4910012e-02
3.7100000e-04   8.1074536e-03
7.6999997e-05   3.1747208e-03
4.9999999e-06   1.8506718e-04
0.0000000e+00   -8.1915205e-04
4.9999999e-06   -1.7731593e-03
7.6999997e-05   -4.6078814e-03
3.7100000e-04   -9.2280544e-03
1.0810000e-03   -1.5445583e-02
2.3530000e-03   -2.2879377e-02
4.1880002e-03   -3.1068251e-02
6.5850001e-03   -3.9607599e-02
9.5760003e-03   -4.8663385e-02
1.3145000e-02   -5.8164168e-02
1.7281000e-02   -6.6309534e-02
2.1983000e-02   -7.2659820e-02
2.7232001e-02   -7.7565432e-02
3.3016000e-02   -8.1352778e-02
3.9328001e-02   -8.4257178e-02
4.6151999e-02   -8.6417593e-02
5.3475998e-02   -8.7898932e-02
6.1287001e-02   -8.8776782e-02
6.9568001e-02   -8.9140981e-02
7.8308001e-02   -8.9121617e-02
8.7494999e-02   -8.8720217e-02
9.7115003e-02   -8.7835394e-02
1.0715700e-01   -8.6498499e-02
1.1760800e-01   -8.4763579e-02
1.2845400e-01   -8.2607217e-02
1.3968299e-01   -8.0037914e-02
1.5128200e-01   -7.7108026e-02
1.6323499e-01   -7.3894136e-02
1.7553200e-01   -7.0421979e-02
1.8815701e-01   -6.6684365e-02
2.0109700e-01   -6.2717706e-02
2.1433701e-01   -5.8579598e-02
2.2786400e-01   -5.4245275e-02
2.4166299e-01   -4.9764629e-02
2.5571901e-01   -4.5233954e-02
2.7001700e-01   -4.0735140e-02
2.8454199e-01   -3.6288496e-02
2.9927999e-01   -3.1914525e-02
3.1421500e-01   -2.7675131e-02
3.2933101e-01   -2.3612304e-02
3.4461299e-01   -1.9730737e-02
3.6004499e-01   -1.6035438e-02
3.7561101e-01   -1.2560437e-02
3.9129600e-01   -9.3445443e-03
4.0708300e-01   -6.3907602e-03
4.2295700e-01   -3.6806932e-03
4.3890101e-01   -1.2410203e-03
4.5489901e-01   9.2601747e-04
4.7093499e-01   2.8595550e-03
4.8699200e-01   4.5871600e-03
5.0305498e-01   6.0905507e-03
5.1910698e-01   7.3789693e-03
5.3513199e-01   8.4717330e-03
5.5111402e-01   9.4135823e-03
5.6703597e-01   1.0214294e-02
5.8288401e-01   1.0834959e-02
5.9864002e-01   1.1256317e-02
6.1429000e-01   1.1517764e-02
6.2981701e-01   1.1643943e-02
6.4520597e-01   1.1641036e-02
6.6044199e-01   1.1532185e-02
6.7550898e-01   1.1363906e-02
6.9039297e-01   1.1136826e-02
7.0507699e-01   1.0852622e-02
7.1954900e-01   1.0508998e-02
7.3379302e-01   1.0090549e-02
7.4779499e-01   9.5405541e-03
7.6154202e-01   8.8890027e-03
7.7501899e-01   8.1250323e-03
7.8821403e-01   7.2729341e-03
8.0111301e-01   6.3559534e-03
8.1370401e-01   5.4343692e-03
8.2597297e-01   4.5712325e-03
8.3791000e-01   3.7735023e-03
8.4950101e-01   3.0334485e-03
8.6073500e-01   2.3263199e-03
8.7160099e-01   1.6225777e-03
8.8208801e-01   9.1577251e-04
8.9218402e-01   1.9815937e-04
9.0188003e-01   -5.4399244e-04
9.1116500e-01   -1.3041070e-03
9.2003101e-01   -2.0264578e-03
9.2846799e-01   -2.6658631e-03
9.3646699e-01   -3.2114156e-03
9.4401902e-01   -3.6806783e-03
9.5111603e-01   -4.0718308e-03
9.5775098e-01   -4.3726126e-03
9.6392000e-01   -4.5571728e-03
9.6961600e-01   -4.5748819e-03
9.7483599e-01   -4.4193235e-03
9.7957498e-01   -4.1801408e-03
9.8383099e-01   -3.9426386e-03
9.8759800e-01   -3.6600218e-03
9.9087399e-01   -3.3418441e-03
9.9365300e-01   -3.0920305e-03
9.9593401e-01   -2.9564153e-03
9.9771100e-01   -2.8826888e-03
9.9898201e-01   -2.8062267e-03
9.9974501e-01   -2.7475166e-03
1.0000000e+00   -2.7290618e-03
