1.0000000e+00   1.6042236e-03
9.9974501e-01   1.5278381e-03
9.9898201e-01   2.2040105e-03
9.9771100e-01   3.3597359e-03
9.9593300e-01   4.5243260e-03
9.9365300e-01   6.2628826e-03
9.9087399e-01   8.4707690e-03
9.8759800e-01   1.1020103e-02
9.8382998e-01   1.3959635e-02
9.7957498e-01   1.7176019e-02
9.7483599e-01   2.1073213e-02
9.6961600e-01   2.5212994e-02
9.6392000e-01   2.9727120e-02
9.5775098e-01   3.4461524e-02
9.5111603e-01   3.9563648e-02
9.4401902e-01   4.5067620e-02
9.3646699e-01   5.0527479e-02
9.2846799e-01   5.6570053e-02
9.2003101e-01   6.2846109e-02
9.1116500e-01   6.9372661e-02
9.0187901e-01   7.6195687e-02
8.9218301e-01   8.3280616e-02
8.8208699e-01   9.0724178e-02
8.7160099e-01   9.7966619e-02
8.6073500e-01   1.0599440e-01
8.4950101e-01   1.1366821e-01
8.3791000e-01   1.2197752e-01
8.2597399e-01   1.3038164e-01
8.1370401e-01   1.3889034e-01
8.0111301e-01   1.4743099e-01
7.8821403e-01   1.5633808e-01
7.7501899e-01   1.6523944e-01
7.6154101e-01   1.7473842e-01
7.4779499e-01   1.8356600e-01
7.3379201e-01   1.9269405e-01
7.1954799e-01   2.0176113e-01
7.0507699e-01   2.1090668e-01
6.9039202e-01   2.2021213e-01
6.7550898e-01   2.2936147e-01
6.6044199e-01   2.3840290e-01
6.4520597e-01   2.4759658e-01
6.2981701e-01   2.5653610e-01
6.1429000e-01   2.6496378e-01
5.9864002e-01   2.7369621e-01
5.8288401e-01   2.8242290e-01
5.6703597e-01   2.9002261e-01
5.5111301e-01   2.9826599e-01
5.3513098e-01   3.0546910e-01
5.1910597e-01   3.1261888e-01
5.0305402e-01   3.1929395e-01
4.8699099e-01   3.2535169e-01
4.7093400e-01   3.3041441e-01
4.5489800e-01   3.3575308e-01
4.3889999e-01   3.4023649e-01
4.2295599e-01   3.4386584e-01
4.0708300e-01   3.4738126e-01
3.9129499e-01   3.4958857e-01
3.7560999e-01   3.5170120e-01
3.6004400e-01   3.5274380e-01
3.4461200e-01   3.5343125e-01
3.2933000e-01   3.5306481e-01
3.1421301e-01   3.5204387e-01
2.9927900e-01   3.5015652e-01
2.8454101e-01   3.4779423e-01
2.7001500e-01   3.4462491e-01
2.5571701e-01   3.4080505e-01
2.4166100e-01   3.3574381e-01
2.2786200e-01   3.3048752e-01
2.1433599e-01   3.2446569e-01
2.0109500e-01   3.1688392e-01
1.8815500e-01   3.0861253e-01
1.7553000e-01   2.9974008e-01
1.6323400e-01   2.9014602e-01
1.5128000e-01   2.8028804e-01
1.3968100e-01   2.6887342e-01
1.2845200e-01   2.5775152e-01
1.1760600e-01   2.4576807e-01
1.0715500e-01   2.3297961e-01
9.7112998e-02   2.1961884e-01
8.7493002e-02   2.0635644e-01
7.8305997e-02   1.9296692e-01
6.9565997e-02   1.7899999e-01
6.1285000e-02   1.6518323e-01
5.3474002e-02   1.5111730e-01
4.6149999e-02   1.3699371e-01
3.9326001e-02   1.2322939e-01
3.3013999e-02   1.0969705e-01
2.7230000e-02   9.6281715e-02
2.1980001e-02   8.3248831e-02
1.7277000e-02   7.0596933e-02
1.3141000e-02   5.8414754e-02
9.5729996e-03   4.7050234e-02
6.5830001e-03   3.6683794e-02
4.1880002e-03   2.7341513e-02
2.3540000e-03   1.9182241e-02
1.0810000e-03   1.2621035e-02
3.7100000e-04   7.3643536e-03
7.6999997e-05   3.6148755e-03
4.9999999e-06   1.1635384e-03
0.0000000e+00   3.6412894e-04
4.9999999e-06   -5.1862345e-04
7.6999997e-05   -2.5747176e-03
3.7100000e-04   -6.0324823e-03
1.0810000e-03   -1.0827374e-02
2.3530000e-03   -1.6805515e-02
4.1880002e-03   -2.3526197e-02
6.5850001e-03   -3.0932464e-02
9.5760003e-03   -3.8229045e-02
1.3145000e-02   -4.4969317e-02
1.7281000e-02   -5.0901502e-02
2.1983000e-02   -5.5937901e-02
2.7232001e-02   -6.0560435e-02
3.3016000e-02   -6.4595677e-02
3.9328001e-02   -6.7840360e-02
4.6151999e-02   -7.1142927e-02
5.3475998e-02   -7.3492870e-02
6.1287001e-02   -7.5412758e-02
6.9568001e-02   -7.7483922e-02
7.8308001e-02   -7.8511849e-02
8.7494999e-02   -7.9277068e-02
9.7115003e-02   -7.9875760e-02
1.0715700e-01   -7.9904616e-02
1.1760800e-01   -7.9878695e-02
1.2845400e-01   -7.9089127e-02
1.3968299e-01   -7.8896403e-02
1.5128200e-01   -7.7620268e-02
1.6323499e-01   -7.7215470e-02
1.7553200e-01   -7.5402945e-02
1.8815701e-01   -7.3625952e-02
2.0109700e-01   -7.2445109e-02
2.1433701e-01   -7.0797443e-02
2.2786400e-01   -6.8644017e-02
2.4166299e-01   -6.6431001e-02
2.5571901e-01   -6.4486325e-02
2.7001700e-01   -6.2539391e-02
2.8454199e-01   -5.9500691e-02
2.9927999e-01   -5.8155414e-02
3.1421500e-01   -5.5606969e-02
3.2933101e-01   -5.3178601e-02
3.4461299e-01   -5.0957322e-02
3.6004499e-01   -4.9375031e-02
3.7561101e-01   -4.6925519e-02
3.9129600e-01   -4.5595452e-02
4.0708300e-01   -4.3129627e-02
4.2295700e-01   -4.1380692e-02
4.3890101e-01   -3.9745942e-02
4.5489901e-01   -3.7746407e-02
4.7093499e-01   -3.5618238e-02
4.8699200e-01   -3.4629267e-02
5.0305498e-01   -3.3035748e-02
5.1910698e-01   -3.1336963e-02
5.3513199e-01   -2.9614769e-02
5.5111402e-01   -2.8409058e-02
5.6703597e-01   -2.7055822e-02
5.8288401e-01   -2.5321532e-02
5.9864002e-01   -2.3816923e-02
6.1429000e-01   -2.2575459e-02
6.2981701e-01   -2.0925991e-02
6.4520597e-01   -1.9570740e-02
6.6044199e-01   -1.9056110e-02
6.7550898e-01   -1.7847324e-02
6.9039297e-01   -1.6299859e-02
7.0507699e-01   -1.5456665e-02
7.1954900e-01   -1.4069340e-02
7.3379302e-01   -1.3309537e-02
7.4779499e-01   -1.1871529e-02
7.6154202e-01   -1.1372669e-02
7.7501899e-01   -1.0117589e-02
7.8821403e-01   -9.1402167e-03
8.0111301e-01   -8.6667044e-03
8.1370401e-01   -7.8917108e-03
8.2597297e-01   -7.2679357e-03
8.3791000e-01   -6.5391017e-03
8.4950101e-01   -6.1191656e-03
8.6073500e-01   -5.2702785e-03
8.7160099e-01   -4.8815305e-03
8.8208801e-01   -4.4452227e-03
8.9218402e-01   -3.9605610e-03
9.0188003e-01   -3.4811217e-03
9.1116500e-01   -3.1504163e-03
9.2003101e-01   -2.9123111e-03
9.2846799e-01   -2.7024546e-03
9.3646699e-01   -2.3104474e-03
9.4401902e-01   -2.1364596e-03
9.5111603e-01   -1.9107065e-03
9.5775098e-01   -2.1611496e-03
9.6392000e-01   -1.8776882e-03
9.6961600e-01   -1.7971175e-03
9.7483599e-01   -1.9899702e-03
9.7957498e-01   -2.2460353e-03
9.8383099e-01   -2.0329258e-03
9.8759800e-01   -2.1301624e-03
9.9087399e-01   -2.2797438e-03
9.9365300e-01   -2.3746400e-03
9.9593401e-01   -2.3560429e-03
9.9771100e-01   -2.3164519e-03
9.9898201e-01   -2.2877438e-03
9.9974501e-01   -2.2072946e-03
1.0000000e+00   -2.1549605e-03
