1.0000000e+00   -2.5858373e-05
9.9974501e-01   3.3696718e-04
9.9898201e-01   1.2206821e-03
9.9771100e-01   2.5460315e-03
9.9593300e-01   4.3247067e-03
9.9365300e-01   6.7305774e-03
9.9087399e-01   9.7543253e-03
9.8759800e-01   1.3422762e-02
9.8382998e-01   1.7703068e-02
9.7957498e-01   2.2439688e-02
9.7483599e-01   2.7703399e-02
9.6961600e-01   3.3196490e-02
9.6392000e-01   3.9222598e-02
9.5775098e-01   4.5323815e-02
9.5111603e-01   5.1907279e-02
9.4401902e-01   5.8753304e-02
9.3646699e-01   6.6143803e-02
9.2846799e-01   7.3934875e-02
9.2003101e-01   8.1895746e-02
9.1116500e-01   9.0264052e-02
9.0187901e-01   9.9121980e-02
8.9218301e-01   1.0817107e-01
8.8208699e-01   1.1751562e-01
8.7160099e-01   1.2736772e-01
8.6073500e-01   1.3759606e-01
8.4950101e-01   1.4802085e-01
8.3791000e-01   1.5881982e-01
8.2597399e-01   1.6981335e-01
8.1370401e-01   1.8135336e-01
8.0111301e-01   1.9297138e-01
7.8821403e-01   2.0466149e-01
7.7501899e-01   2.1663000e-01
7.6154101e-01   2.2873555e-01
7.4779499e-01   2.4097815e-01
7.3379201e-01   2.5289860e-01
7.1954799e-01   2.6524600e-01
7.0507699e-01   2.7706841e-01
6.9039202e-01   2.8893492e-01
6.7550898e-01   3.0089509e-01
6.6044199e-01   3.1274918e-01
6.4520597e-01   3.2406759e-01
6.2981701e-01   3.3536926e-01
6.1429000e-01   3.4601682e-01
5.9864002e-01   3.5643536e-01
5.8288401e-01   3.6641908e-01
5.6703597e-01   3.7568823e-01
5.5111301e-01   3.8437548e-01
5.3513098e-01   3.9257690e-01
5.1910597e-01   4.0047622e-01
5.0305402e-01   4.0741226e-01
4.8699099e-01   4.1380048e-01
4.7093400e-01   4.1927579e-01
4.5489800e-01   4.2412454e-01
4.3889999e-01   4.2804304e-01
4.2295599e-01   4.3099162e-01
4.0708300e-01   4.3297726e-01
3.9129499e-01   4.3433219e-01
3.7560999e-01   4.3488258e-01
3.6004400e-01   4.3428832e-01
3.4461200e-01   4.3310106e-01
3.2933000e-01   4.3093228e-01
3.1421301e-01   4.2766345e-01
2.9927900e-01   4.2368749e-01
2.8454101e-01   4.1899464e-01
2.7001500e-01   4.1310903e-01
2.5571701e-01   4.0658590e-01
2.4166100e-01   3.9931506e-01
2.2786200e-01   3.9145237e-01
2.1433599e-01   3.8260534e-01
2.0109500e-01   3.7263876e-01
1.8815500e-01   3.6233824e-01
1.7553000e-01   3.5106489e-01
1.6323400e-01   3.3939567e-01
1.5128000e-01   3.2674354e-01
1.3968100e-01   3.1372535e-01
1.2845200e-01   3.0023742e-01
1.1760600e-01   2.8627026e-01
1.0715500e-01   2.7156460e-01
9.7112998e-02   2.5723296e-01
8.7493002e-02   2.4206373e-01
7.8305997e-02   2.2674814e-01
6.9565997e-02   2.1097921e-01
6.1285000e-02   1.9512086e-01
5.3474002e-02   1.7926094e-01
4.6149999e-02   1.6333774e-01
3.9326001e-02   1.4729038e-01
3.3013999e-02   1.3149412e-01
2.7230000e-02   1.1601495e-01
2.1980001e-02   1.0085130e-01
1.7277000e-02   8.6297527e-02
1.3141000e-02   7.2300166e-02
9.5729996e-03   5.8785327e-02
6.5830001e-03   4.6051227e-02
4.1880002e-03   3.4534801e-02
2.3540000e-03   2.4400301e-02
1.0810000e-03   1.5902285e-02
3.7100000e-04   8.8639222e-03
7.6999997e-05   3.9842832e-03
4.9999999e-06   9.8630157e-04
0.0000000e+00   8.7321187e-06
4.9999999e-06   -9.1934018e-04
7.6999997e-05   -3.8567849e-03
3.7100000e-04   -8.3981734e-03
1.0810000e-03   -1.4573203e-02
2.3530000e-03   -2.1897126e-02
4.1880002e-03   -3.0092025e-02
6.5850001e-03   -3.8232766e-02
9.5760003e-03   -4.6500862e-02
1.3145000e-02   -5.4725099e-02
1.7281000e-02   -6.2691920e-02
2.1983000e-02   -7.0281573e-02
2.7232001e-02   -7.7701077e-02
3.3016000e-02   -8.4530465e-02
3.9328001e-02   -9.0928815e-02
4.6151999e-02   -9.7234368e-02
5.3475998e-02   -1.0311382e-01
6.1287001e-02   -1.0857032e-01
6.9568001e-02   -1.1382918e-01
7.8308001e-02   -1.1876810e-01
8.7494999e-02   -1.2356182e-01
9.7115003e-02   -1.2767391e-01
1.0715700e-01   -1.3176054e-01
1.1760800e-01   -1.3543867e-01
1.2845400e-01   -1.3900730e-01
1.3968299e-01   -1.4187436e-01
1.5128200e-01   -1.4455378e-01
1.6323499e-01   -1.4681193e-01
1.7553200e-01   -1.4899817e-01
1.8815701e-01   -1.5078692e-01
2.0109700e-01   -1.5206812e-01
2.1433701e-01   -1.5288843e-01
2.2786400e-01   -1.5439150e-01
2.4166299e-01   -1.5514876e-01
2.5571901e-01   -1.5513542e-01
2.7001700e-01   -1.5554377e-01
2.8454199e-01   -1.5504961e-01
2.9927999e-01   -1.5441567e-01
3.1421500e-01   -1.5371312e-01
3.2933101e-01   -1.5304542e-01
3.4461299e-01   -1.5181610e-01
3.6004499e-01   -1.5022343e-01
3.7561101e-01   -1.4834632e-01
3.9129600e-01   -1.4623946e-01
4.0708300e-01   -1.4402604e-01
4.2295700e-01   -1.4119431e-01
4.3890101e-01   -1.3843222e-01
4.5489901e-01   -1.3519366e-01
4.7093499e-01   -1.3168849e-01
4.8699200e-01   -1.2812217e-01
5.0305498e-01   -1.2428255e-01
5.1910698e-01   -1.2026232e-01
5.3513199e-01   -1.1621524e-01
5.5111402e-01   -1.1148898e-01
5.6703597e-01   -1.0692688e-01
5.8288401e-01   -1.0185061e-01
5.9864002e-01   -9.6693799e-02
6.1429000e-01   -9.1306359e-02
6.2981701e-01   -8.5875504e-02
6.4520597e-01   -8.0327488e-02
6.6044199e-01   -7.4939698e-02
6.7550898e-01   -6.9634654e-02
6.9039297e-01   -6.4096212e-02
7.0507699e-01   -5.8882963e-02
7.1954900e-01   -5.3724773e-02
7.3379302e-01   -4.8673451e-02
7.4779499e-01   -4.3621104e-02
7.6154202e-01   -3.8831569e-02
7.7501899e-01   -3.4459233e-02
7.8821403e-01   -3.0236406e-02
8.0111301e-01   -2.5933152e-02
8.1370401e-01   -2.1851204e-02
8.2597297e-01   -1.8113259e-02
8.3791000e-01   -1.4096431e-02
8.4950101e-01   -1.1104584e-02
8.6073500e-01   -8.0405455e-03
8.7160099e-01   -5.5691246e-03
8.8208801e-01   -3.2561847e-03
8.9218402e-01   -1.4344780e-03
9.0188003e-01   -1.5933067e-05
9.1116500e-01   1.3963329e-03
9.2003101e-01   2.5193032e-03
9.2846799e-01   3.3369565e-03
9.3646699e-01   3.9390940e-03
9.4401902e-01   4.2522834e-03
9.5111603e-01   4.5095589e-03
9.5775098e-01   4.3238094e-03
9.6392000e-01   4.1213781e-03
9.6961600e-01   3.6310407e-03
9.7483599e-01   3.3568777e-03
9.7957498e-01   2.9887941e-03
9.8383099e-01   2.5182755e-03
9.8759800e-01   2.0209819e-03
9.9087399e-01   1.4835792e-03
9.9365300e-01   9.9141127e-04
9.9593401e-01   5.6310714e-04
9.9771100e-01   3.0355836e-04
9.9898201e-01   2.3224467e-04
9.9974501e-01   -7.2936818e-05
1.0000000e+00   -3.8779126e-06
