1.0000000e+00   1.7773039e-03
9.9974501e-01   1.7769899e-03
9.9898201e-01   2.2826719e-03
9.9771100e-01   3.2897056e-03
9.9593300e-01   4.2306371e-03
9.9365300e-01   5.8266027e-03
9.9087399e-01   7.7966736e-03
9.8759800e-01   9.8968996e-03
9.8382998e-01   1.2471434e-02
9.7957498e-01   1.5086506e-02
9.7483599e-01   1.8473566e-02
9.6961600e-01   2.2071999e-02
9.6392000e-01   2.5969725e-02
9.5775098e-01   3.0176390e-02
9.5111603e-01   3.4734800e-02
9.4401902e-01   3.9588664e-02
9.3646699e-01   4.4602610e-02
9.2846799e-01   5.0025705e-02
9.2003101e-01   5.5764642e-02
9.1116500e-01   6.1712742e-02
9.0187901e-01   6.7806870e-02
8.9218301e-01   7.4316680e-02
8.8208699e-01   8.1044763e-02
8.7160099e-01   8.7765962e-02
8.6073500e-01   9.5118187e-02
8.4950101e-01   1.0218240e-01
8.3791000e-01   1.0998319e-01
8.2597399e-01   1.1752880e-01
8.1370401e-01   1.2535410e-01
8.0111301e-01   1.3368389e-01
7.8821403e-01   1.4175296e-01
7.7501899e-01   1.5024352e-01
7.6154101e-01   1.5919039e-01
7.4779499e-01   1.6767180e-01
7.3379201e-01   1.7639565e-01
7.1954799e-01   1.8526272e-01
7.0507699e-01   1.9419457e-01
6.9039202e-01   2.0302053e-01
6.7550898e-01   2.1211262e-01
6.6044199e-01   2.2124356e-01
6.4520597e-01   2.3016195e-01
6.2981701e-01   2.3938467e-01
6.1429000e-01   2.4808353e-01
5.9864002e-01   2.5699002e-01
5.8288401e-01   2.6565781e-01
5.6703597e-01   2.7366781e-01
5.5111301e-01   2.8213373e-01
5.3513098e-01   2.8993922e-01
5.1910597e-01   2.9739785e-01
5.0305402e-01   3.0456051e-01
4.8699099e-01   3.1125078e-01
4.7093400e-01   3.1712326e-01
4.5489800e-01   3.2260704e-01
4.3889999e-01   3.2783827e-01
4.2295599e-01   3.3217931e-01
4.0708300e-01   3.3607429e-01
3.9129499e-01   3.3909187e-01
3.7560999e-01   3.4165552e-01
3.6004400e-01   3.4343401e-01
3.4461200e-01   3.4460559e-01
3.2933000e-01   3.4484273e-01
3.1421301e-01   3.4456336e-01
2.9927900e-01   3.4320045e-01
2.8454101e-01   3.4122354e-01
2.7001500e-01   3.3865169e-01
2.5571701e-01   3.3517206e-01
2.4166100e-01   3.3080798e-01
2.2786200e-01   3.2569274e-01
2.1433599e-01   3.1981403e-01
2.0109500e-01   3.1261745e-01
1.8815500e-01   3.0479857e-01
1.7553000e-01   2.9624200e-01
1.6323400e-01   2.8677544e-01
1.5128000e-01   2.7685374e-01
1.3968100e-01   2.6593223e-01
1.2845200e-01   2.5472808e-01
1.1760600e-01   2.4287668e-01
1.0715500e-01   2.3015401e-01
9.7112998e-02   2.1724929e-01
8.7493002e-02   2.0418496e-01
7.8305997e-02   1.9079933e-01
6.9565997e-02   1.7704910e-01
6.1285000e-02   1.6321613e-01
5.3474002e-02   1.4927153e-01
4.6149999e-02   1.3548869e-01
3.9326001e-02   1.2185752e-01
3.3013999e-02   1.0846873e-01
2.7230000e-02   9.5222294e-02
2.1980001e-02   8.2353294e-02
1.7277000e-02   6.9834389e-02
1.3141000e-02   5.7964183e-02
9.5729996e-03   4.6907745e-02
6.5830001e-03   3.6678527e-02
4.1880002e-03   2.7453342e-02
2.3540000e-03   1.9486690e-02
1.0810000e-03   1.2943076e-02
3.7100000e-04   7.5514149e-03
7.6999997e-05   3.8032294e-03
4.9999999e-06   1.3951445e-03
0.0000000e+00   6.2203658e-04
4.9999999e-06   -1.6763015e-04
7.6999997e-05   -2.3305593e-03
3.7100000e-04   -5.8427872e-03
1.0810000e-03   -1.0740821e-02
2.3530000e-03   -1.6840557e-02
4.1880002e-03   -2.3665346e-02
6.5850001e-03   -3.1314600e-02
9.5760003e-03   -3.9132264e-02
1.3145000e-02   -4.6736870e-02
1.7281000e-02   -5.3853083e-02
2.1983000e-02   -6.0449623e-02
2.7232001e-02   -6.6758960e-02
3.3016000e-02   -7.2462417e-02
3.9328001e-02   -7.7562481e-02
4.6151999e-02   -8.2461543e-02
5.3475998e-02   -8.6705491e-02
6.1287001e-02   -9.0685658e-02
6.9568001e-02   -9.4434544e-02
7.8308001e-02   -9.7555056e-02
8.7494999e-02   -1.0024776e-01
9.7115003e-02   -1.0272797e-01
1.0715700e-01   -1.0476198e-01
1.1760800e-01   -1.0653254e-01
1.2845400e-01   -1.0785873e-01
1.3968299e-01   -1.0923506e-01
1.5128200e-01   -1.1008724e-01
1.6323499e-01   -1.1090637e-01
1.7553200e-01   -1.1093640e-01
1.8815701e-01   -1.1080518e-01
2.0109700e-01   -1.1077002e-01
2.1433701e-01   -1.1029776e-01
2.2786400e-01   -1.0966522e-01
2.4166299e-01   -1.0871947e-01
2.5571901e-01   -1.0766350e-01
2.7001700e-01   -1.0646603e-01
2.8454199e-01   -1.0468572e-01
2.9927999e-01   -1.0347705e-01
3.1421500e-01   -1.0187536e-01
3.2933101e-01   -9.9782281e-02
3.4461299e-01   -9.7925641e-02
3.6004499e-01   -9.6561931e-02
3.7561101e-01   -9.4218746e-02
3.9129600e-01   -9.2658557e-02
4.0708300e-01   -9.0549618e-02
4.2295700e-01   -8.8305712e-02
4.3890101e-01   -8.6432047e-02
4.5489901e-01   -8.4210329e-02
4.7093499e-01   -8.1736319e-02
4.8699200e-01   -7.9992771e-02
5.0305498e-01   -7.7727281e-02
5.1910698e-01   -7.5391315e-02
5.3513199e-01   -7.2889879e-02
5.5111402e-01   -7.0728488e-02
5.6703597e-01   -6.8417959e-02
5.8288401e-01   -6.6043086e-02
5.9864002e-01   -6.3482493e-02
6.1429000e-01   -6.1136585e-02
6.2981701e-01   -5.8623765e-02
6.4520597e-01   -5.6117192e-02
6.6044199e-01   -5.4012615e-02
6.7550898e-01   -5.1697318e-02
6.9039297e-01   -4.9278654e-02
7.0507699e-01   -4.7032442e-02
7.1954900e-01   -4.4509534e-02
7.3379302e-01   -4.2347521e-02
7.4779499e-01   -3.9866097e-02
7.6154202e-01   -3.8000647e-02
7.7501899e-01   -3.5646431e-02
7.8821403e-01   -3.3247221e-02
8.0111301e-01   -3.1410873e-02
8.1370401e-01   -2.9405093e-02
8.2597297e-01   -2.7548617e-02
8.3791000e-01   -2.5498694e-02
8.4950101e-01   -2.3755258e-02
8.6073500e-01   -2.1809747e-02
8.7160099e-01   -2.0265635e-02
8.8208801e-01   -1.8694649e-02
8.9218402e-01   -1.7057724e-02
9.0188003e-01   -1.5552662e-02
9.1116500e-01   -1.4149519e-02
9.2003101e-01   -1.2943317e-02
9.2846799e-01   -1.1821353e-02
9.3646699e-01   -1.0553368e-02
9.4401902e-01   -9.4108209e-03
9.5111603e-01   -8.5910903e-03
9.5775098e-01   -7.9656830e-03
9.6392000e-01   -7.0135868e-03
9.6961600e-01   -6.3789953e-03
9.7483599e-01   -5.9738727e-03
9.7957498e-01   -5.5738920e-03
9.8383099e-01   -5.0999243e-03
9.8759800e-01   -4.7802427e-03
9.9087399e-01   -4.5264955e-03
9.9365300e-01   -4.2234366e-03
9.9593401e-01   -3.9371639e-03
9.9771100e-01   -3.7522151e-03
9.9898201e-01   -3.6080054e-03
9.9974501e-01   -3.4076814e-03
1.0000000e+00   -3.3392268e-03
