1.0000000e+00   2.3528438e-03
9.9974501e-01   2.7702060e-03
9.9898201e-01   3.3818751e-03
9.9771100e-01   4.0086810e-03
9.9593300e-01   4.8716655e-03
9.9365300e-01   6.4024422e-03
9.9087399e-01   8.3423825e-03
9.8759800e-01   1.0159337e-02
9.8382998e-01   1.2293753e-02
9.7957498e-01   1.4762186e-02
9.7483599e-01   1.8210137e-02
9.6961600e-01   2.1190118e-02
9.6392000e-01   2.4684245e-02
9.5775098e-01   2.8775638e-02
9.5111603e-01   3.3303749e-02
9.4401902e-01   3.8007669e-02
9.3646699e-01   4.2986114e-02
9.2846799e-01   4.7979310e-02
9.2003101e-01   5.3366583e-02
9.1116500e-01   5.9213839e-02
9.0187901e-01   6.5608628e-02
8.9218301e-01   7.1643859e-02
8.8208699e-01   7.7654213e-02
8.7160099e-01   8.4531225e-02
8.6073500e-01   9.1564901e-02
8.4950101e-01   9.9623173e-02
8.3791000e-01   1.0781602e-01
8.2597399e-01   1.1576146e-01
8.1370401e-01   1.2471316e-01
8.0111301e-01   1.3306968e-01
7.8821403e-01   1.4229190e-01
7.7501899e-01   1.5208857e-01
7.6154101e-01   1.6111962e-01
7.4779499e-01   1.7112945e-01
7.3379201e-01   1.8140225e-01
7.1954799e-01   1.9112886e-01
7.0507699e-01   2.0177709e-01
6.9039202e-01   2.1301079e-01
6.7550898e-01   2.2310013e-01
6.6044199e-01   2.3445499e-01
6.4520597e-01   2.4605033e-01
6.2981701e-01   2.5605643e-01
6.1429000e-01   2.6688910e-01
5.9864002e-01   2.7797896e-01
5.8288401e-01   2.8899813e-01
5.6703597e-01   2.9978731e-01
5.5111301e-01   3.1015661e-01
5.3513098e-01   3.2027301e-01
5.1910597e-01   3.2968807e-01
5.0305402e-01   3.3969289e-01
4.8699099e-01   3.4827584e-01
4.7093400e-01   3.5629308e-01
4.5489800e-01   3.6497533e-01
4.3889999e-01   3.7192976e-01
4.2295599e-01   3.7821853e-01
4.0708300e-01   3.8414258e-01
3.9129499e-01   3.8919047e-01
3.7560999e-01   3.9395103e-01
3.6004400e-01   3.9693698e-01
3.4461200e-01   4.0033197e-01
3.2933000e-01   4.0264195e-01
3.1421301e-01   4.0310168e-01
2.9927900e-01   4.0400469e-01
2.8454101e-01   4.0296236e-01
2.7001500e-01   4.0201667e-01
2.5571701e-01   3.9970157e-01
2.4166100e-01   3.9539406e-01
2.2786200e-01   3.9148733e-01
2.1433599e-01   3.8585293e-01
2.0109500e-01   3.7897205e-01
1.8815500e-01   3.7106031e-01
1.7553000e-01   3.6179459e-01
1.6323400e-01   3.5266724e-01
1.5128000e-01   3.4114987e-01
1.3968100e-01   3.2973123e-01
1.2845200e-01   3.1665242e-01
1.1760600e-01   3.0340591e-01
1.0715500e-01   2.8875434e-01
9.7112998e-02   2.7392277e-01
8.7493002e-02   2.5817084e-01
7.8305997e-02   2.4205321e-01
6.9565997e-02   2.2517160e-01
6.1285000e-02   2.0824812e-01
5.3474002e-02   1.9131976e-01
4.6149999e-02   1.7367294e-01
3.9326001e-02   1.5700197e-01
3.3013999e-02   1.3966380e-01
2.7230000e-02   1.2251955e-01
2.1980001e-02   1.0615544e-01
1.7277000e-02   8.9585088e-02
1.3141000e-02   7.3650129e-02
9.5729996e-03   5.9204206e-02
6.5830001e-03   4.6027757e-02
4.1880002e-03   3.3692781e-02
2.3540000e-03   2.3606837e-02
1.0810000e-03   1.5155734e-02
3.7100000e-04   8.5462136e-03
7.6999997e-05   3.5202019e-03
4.9999999e-06   6.5299595e-04
0.0000000e+00   -5.0871511e-04
4.9999999e-06   -1.5386275e-03
7.6999997e-05   -3.8223318e-03
3.7100000e-04   -8.5786404e-03
1.0810000e-03   -1.4928117e-02
2.3530000e-03   -2.2235459e-02
4.1880002e-03   -3.0248053e-02
6.5850001e-03   -3.8474351e-02
9.5760003e-03   -4.7598984e-02
1.3145000e-02   -5.5472292e-02
1.7281000e-02   -6.3342519e-02
2.1983000e-02   -7.0418850e-02
2.7232001e-02   -7.7393532e-02
3.3016000e-02   -8.3633780e-02
3.9328001e-02   -8.9954346e-02
4.6151999e-02   -9.5556624e-02
5.3475998e-02   -1.0141689e-01
6.1287001e-02   -1.0665098e-01
6.9568001e-02   -1.1187805e-01
7.8308001e-02   -1.1658240e-01
8.7494999e-02   -1.2071684e-01
9.7115003e-02   -1.2503380e-01
1.0715700e-01   -1.2869893e-01
1.1760800e-01   -1.3260978e-01
1.2845400e-01   -1.3572091e-01
1.3968299e-01   -1.3979736e-01
1.5128200e-01   -1.4233287e-01
1.6323499e-01   -1.4491022e-01
1.7553200e-01   -1.4757466e-01
1.8815701e-01   -1.4965774e-01
2.0109700e-01   -1.5174924e-01
2.1433701e-01   -1.5333430e-01
2.2786400e-01   -1.5454298e-01
2.4166299e-01   -1.5578683e-01
2.5571901e-01   -1.5708539e-01
2.7001700e-01   -1.5763856e-01
2.8454199e-01   -1.5831928e-01
2.9927999e-01   -1.5786962e-01
3.1421500e-01   -1.5836345e-01
3.2933101e-01   -1.5857746e-01
3.4461299e-01   -1.5865679e-01
3.6004499e-01   -1.5827696e-01
3.7561101e-01   -1.5788117e-01
3.9129600e-01   -1.5721160e-01
4.0708300e-01   -1.5590344e-01
4.2295700e-01   -1.5619013e-01
4.3890101e-01   -1.5402590e-01
4.5489901e-01   -1.5294608e-01
4.7093499e-01   -1.5077166e-01
4.8699200e-01   -1.4902975e-01
5.0305498e-01   -1.4708027e-01
5.1910698e-01   -1.4485955e-01
5.3513199e-01   -1.4265111e-01
5.5111402e-01   -1.4017174e-01
5.6703597e-01   -1.3689509e-01
5.8288401e-01   -1.3369037e-01
5.9864002e-01   -1.3119034e-01
6.1429000e-01   -1.2780179e-01
6.2981701e-01   -1.2443641e-01
6.4520597e-01   -1.2092178e-01
6.6044199e-01   -1.1719953e-01
6.7550898e-01   -1.1379670e-01
6.9039297e-01   -1.1033003e-01
7.0507699e-01   -1.0632101e-01
7.1954900e-01   -1.0238785e-01
7.3379302e-01   -9.8561570e-02
7.4779499e-01   -9.4037615e-02
7.6154202e-01   -9.0447120e-02
7.7501899e-01   -8.5699394e-02
7.8821403e-01   -8.1767753e-02
8.0111301e-01   -7.8344561e-02
8.1370401e-01   -7.3804200e-02
8.2597297e-01   -6.9522284e-02
8.3791000e-01   -6.5442085e-02
8.4950101e-01   -6.0679290e-02
8.6073500e-01   -5.6659259e-02
8.7160099e-01   -5.2253548e-02
8.8208801e-01   -4.8187554e-02
8.9218402e-01   -4.4317789e-02
9.0188003e-01   -4.0795807e-02
9.1116500e-01   -3.7088688e-02
9.2003101e-01   -3.3277825e-02
9.2846799e-01   -3.0305784e-02
9.3646699e-01   -2.6732929e-02
9.4401902e-01   -2.3959147e-02
9.5111603e-01   -2.0914575e-02
9.5775098e-01   -1.8537799e-02
9.6392000e-01   -1.6503563e-02
9.6961600e-01   -1.3620181e-02
9.7483599e-01   -1.1920509e-02
9.7957498e-01   -1.0632309e-02
9.8383099e-01   -8.8190399e-03
9.8759800e-01   -8.1860526e-03
9.9087399e-01   -6.7870300e-03
9.9365300e-01   -5.8732829e-03
9.9593401e-01   -5.7180859e-03
9.9771100e-01   -4.5832382e-03
9.9898201e-01   -4.3646437e-03
9.9974501e-01   -4.2958627e-03
1.0000000e+00   -4.8687239e-03
