1.0000000e+00   -1.8414259e-05
9.9974501e-01   2.9759794e-05
9.9898201e-01   3.2062322e-04
9.9771100e-01   7.3069974e-04
9.9593300e-01   1.2727345e-03
9.9365300e-01   2.1862441e-03
9.9087399e-01   3.6630295e-03
9.8759800e-01   5.4783938e-03
9.8382998e-01   7.5217406e-03
9.7957498e-01   9.5225712e-03
9.7483599e-01   1.2022346e-02
9.6961600e-01   1.4529364e-02
9.6392000e-01   1.7247958e-02
9.5775098e-01   2.0143617e-02
9.5111603e-01   2.3295520e-02
9.4401902e-01   2.6691433e-02
9.3646699e-01   3.0634765e-02
9.2846799e-01   3.4983512e-02
9.2003101e-01   3.9494500e-02
9.1116500e-01   4.3975428e-02
9.0187901e-01   4.9003668e-02
8.9218301e-01   5.4115031e-02
8.8208699e-01   5.9535123e-02
8.7160099e-01   6.5426797e-02
8.6073500e-01   7.1359262e-02
8.4950101e-01   7.7478610e-02
8.3791000e-01   8.4021680e-02
8.2597399e-01   9.0433039e-02
8.1370401e-01   9.7324185e-02
8.0111301e-01   1.0387214e-01
7.8821403e-01   1.1073216e-01
7.7501899e-01   1.1748562e-01
7.6154101e-01   1.2442227e-01
7.4779499e-01   1.3148217e-01
7.3379201e-01   1.3838345e-01
7.1954799e-01   1.4519690e-01
7.0507699e-01   1.5221390e-01
6.9039202e-01   1.5904546e-01
6.7550898e-01   1.6626064e-01
6.6044199e-01   1.7287722e-01
6.4520597e-01   1.7976256e-01
6.2981701e-01   1.8652587e-01
6.1429000e-01   1.9306473e-01
5.9864002e-01   1.9892399e-01
5.8288401e-01   2.0467803e-01
5.6703597e-01   2.0978765e-01
5.5111301e-01   2.1502852e-01
5.3513098e-01   2.1973228e-01
5.1910597e-01   2.2432543e-01
5.0305402e-01   2.2811379e-01
4.8699099e-01   2.3193666e-01
4.7093400e-01   2.3517281e-01
4.5489800e-01   2.3836961e-01
4.3889999e-01   2.4106887e-01
4.2295599e-01   2.4315317e-01
4.0708300e-01   2.4463803e-01
3.9129499e-01   2.4569224e-01
3.7560999e-01   2.4670087e-01
3.6004400e-01   2.4743184e-01
3.4461200e-01   2.4782403e-01
3.2933000e-01   2.4751773e-01
3.1421301e-01   2.4663940e-01
2.9927900e-01   2.4573457e-01
2.8454101e-01   2.4467783e-01
2.7001500e-01   2.4292454e-01
2.5571701e-01   2.4097651e-01
2.4166100e-01   2.3864353e-01
2.2786200e-01   2.3620434e-01
2.1433599e-01   2.3323344e-01
2.0109500e-01   2.2971308e-01
1.8815500e-01   2.2591463e-01
1.7553000e-01   2.2141594e-01
1.6323400e-01   2.1670909e-01
1.5128000e-01   2.1128263e-01
1.3968100e-01   2.0590962e-01
1.2845200e-01   2.0009243e-01
1.1760600e-01   1.9403176e-01
1.0715500e-01   1.8713118e-01
9.7112998e-02   1.8039760e-01
8.7493002e-02   1.7281473e-01
7.8305997e-02   1.6495124e-01
6.9565997e-02   1.5661700e-01
6.1285000e-02   1.4807430e-01
5.3474002e-02   1.3901851e-01
4.6149999e-02   1.2969902e-01
3.9326001e-02   1.1990537e-01
3.3013999e-02   1.0987347e-01
2.7230000e-02   9.9547073e-02
2.1980001e-02   8.8845149e-02
1.7277000e-02   7.7791505e-02
1.3141000e-02   6.6414632e-02
9.5729996e-03   5.4970879e-02
6.5830001e-03   4.3810569e-02
4.1880002e-03   3.3303812e-02
2.3540000e-03   2.3698080e-02
1.0810000e-03   1.5430157e-02
3.7100000e-04   8.6259060e-03
7.6999997e-05   3.8761762e-03
4.9999999e-06   9.6103235e-04
0.0000000e+00   1.2822633e-05
4.9999999e-06   -9.7433681e-04
7.6999997e-05   -3.9515626e-03
3.7100000e-04   -8.6962348e-03
1.0810000e-03   -1.5325065e-02
2.3530000e-03   -2.3574520e-02
4.1880002e-03   -3.3322301e-02
6.5850001e-03   -4.3651007e-02
9.5760003e-03   -5.4606892e-02
1.3145000e-02   -6.5583028e-02
1.7281000e-02   -7.6739125e-02
2.1983000e-02   -8.7701485e-02
2.7232001e-02   -9.8307759e-02
3.3016000e-02   -1.0870516e-01
3.9328001e-02   -1.1905051e-01
4.6151999e-02   -1.2933995e-01
5.3475998e-02   -1.3890274e-01
6.1287001e-02   -1.4812468e-01
6.9568001e-02   -1.5730362e-01
7.8308001e-02   -1.6588955e-01
8.7494999e-02   -1.7428301e-01
9.7115003e-02   -1.8196912e-01
1.0715700e-01   -1.8949968e-01
1.1760800e-01   -1.9654810e-01
1.2845400e-01   -2.0344254e-01
1.3968299e-01   -2.0967150e-01
1.5128200e-01   -2.1535569e-01
1.6323499e-01   -2.2089840e-01
1.7553200e-01   -2.2588427e-01
1.8815701e-01   -2.3073310e-01
2.0109700e-01   -2.3495080e-01
2.1433701e-01   -2.3864023e-01
2.2786400e-01   -2.4242803e-01
2.4166299e-01   -2.4563715e-01
2.5571901e-01   -2.4807273e-01
2.7001700e-01   -2.5036168e-01
2.8454199e-01   -2.5183687e-01
2.9927999e-01   -2.5332162e-01
3.1421500e-01   -2.5419590e-01
3.2933101e-01   -2.5507757e-01
3.4461299e-01   -2.5520745e-01
3.6004499e-01   -2.5482115e-01
3.7561101e-01   -2.5386798e-01
3.9129600e-01   -2.5250649e-01
4.0708300e-01   -2.5106028e-01
4.2295700e-01   -2.4890740e-01
4.3890101e-01   -2.4656588e-01
4.5489901e-01   -2.4363790e-01
4.7093499e-01   -2.4050835e-01
4.8699200e-01   -2.3683804e-01
5.0305498e-01   -2.3265499e-01
5.1910698e-01   -2.2781980e-01
5.3513199e-01   -2.2302566e-01
5.5111402e-01   -2.1761398e-01
5.6703597e-01   -2.1205580e-01
5.8288401e-01   -2.0587125e-01
5.9864002e-01   -1.9939378e-01
6.1429000e-01   -1.9256724e-01
6.2981701e-01   -1.8568921e-01
6.4520597e-01   -1.7866409e-01
6.6044199e-01   -1.7158628e-01
6.7550898e-01   -1.6476798e-01
6.9039297e-01   -1.5763406e-01
7.0507699e-01   -1.5066917e-01
7.1954900e-01   -1.4363828e-01
7.3379302e-01   -1.3693357e-01
7.4779499e-01   -1.3014510e-01
7.6154202e-01   -1.2332454e-01
7.7501899e-01   -1.1682402e-01
7.8821403e-01   -1.1029397e-01
8.0111301e-01   -1.0359722e-01
8.1370401e-01   -9.7111076e-02
8.2597297e-01   -9.0731598e-02
8.3791000e-01   -8.4109247e-02
8.4950101e-01   -7.7948764e-02
8.6073500e-01   -7.1833491e-02
8.7160099e-01   -6.6123843e-02
8.8208801e-01   -6.0742788e-02
8.9218402e-01   -5.5398617e-02
9.0188003e-01   -5.0599724e-02
9.1116500e-01   -4.5850612e-02
9.2003101e-01   -4.1284669e-02
9.2846799e-01   -3.6881022e-02
9.3646699e-01   -3.2758202e-02
9.4401902e-01   -2.8804107e-02
9.5111603e-01   -2.5429539e-02
9.5775098e-01   -2.2604229e-02
9.6392000e-01   -1.9586509e-02
9.6961600e-01   -1.6697247e-02
9.7483599e-01   -1.3894901e-02
9.7957498e-01   -1.1369167e-02
9.8383099e-01   -9.0838652e-03
9.8759800e-01   -6.9467546e-03
9.9087399e-01   -5.1011266e-03
9.9365300e-01   -3.5097874e-03
9.9593401e-01   -2.3075249e-03
9.9771100e-01   -1.2568420e-03
9.9898201e-01   -5.2248704e-04
9.9974501e-01   -1.5066291e-04
1.0000000e+00   -6.5753229e-06
