1.0000000e+00   5.4218648e-03
9.9974501e-01   4.8173624e-03
9.9898201e-01   5.5788867e-03
9.9771100e-01   5.9116962e-03
9.9593300e-01   6.4937640e-03
9.9365300e-01   7.3033781e-03
9.9087399e-01   7.4615614e-03
9.8759800e-01   8.2365489e-03
9.8382998e-01   9.3566263e-03
9.7957498e-01   1.0455341e-02
9.7483599e-01   1.1324202e-02
9.6961600e-01   1.3076950e-02
9.6392000e-01   1.5493591e-02
9.5775098e-01   1.6550930e-02
9.5111603e-01   1.9188235e-02
9.4401902e-01   2.0729953e-02
9.3646699e-01   2.3745839e-02
9.2846799e-01   2.5882192e-02
9.2003101e-01   2.9229883e-02
9.1116500e-01   3.0994792e-02
9.0187901e-01   3.4036215e-02
8.9218301e-01   3.7593663e-02
8.8208699e-01   4.0636130e-02
8.7160099e-01   4.3828756e-02
8.6073500e-01   4.6545368e-02
8.4950101e-01   5.0476264e-02
8.3791000e-01   5.3475287e-02
8.2597399e-01   5.7192869e-02
8.1370401e-01   6.1722443e-02
8.0111301e-01   6.5036900e-02
7.8821403e-01   7.0026673e-02
7.7501899e-01   7.3653534e-02
7.6154101e-01   7.8366697e-02
7.4779499e-01   8.2940668e-02
7.3379201e-01   8.6909764e-02
7.1954799e-01   9.2233159e-02
7.0507699e-01   9.5956229e-02
6.9039202e-01   1.0100497e-01
6.7550898e-01   1.0620604e-01
6.6044199e-01   1.1069283e-01
6.4520597e-01   1.1563221e-01
6.2981701e-01   1.2119219e-01
6.1429000e-01   1.2566216e-01
5.9864002e-01   1.3128789e-01
5.8288401e-01   1.3605331e-01
5.6703597e-01   1.4075865e-01
5.5111301e-01   1.4549801e-01
5.3513098e-01   1.4977598e-01
5.1910597e-01   1.5478505e-01
5.0305402e-01   1.6007075e-01
4.8699099e-01   1.6491266e-01
4.7093400e-01   1.6811326e-01
4.5489800e-01   1.7239730e-01
4.3889999e-01   1.7656292e-01
4.2295599e-01   1.8003587e-01
4.0708300e-01   1.8414153e-01
3.9129499e-01   1.8725935e-01
3.7560999e-01   1.9019176e-01
3.6004400e-01   1.9295846e-01
3.4461200e-01   1.9505264e-01
3.2933000e-01   1.9892168e-01
3.1421301e-01   1.9983795e-01
2.9927900e-01   2.0197345e-01
2.8454101e-01   2.0349874e-01
2.7001500e-01   2.0413290e-01
2.5571701e-01   2.0450290e-01
2.4166100e-01   2.0450704e-01
2.2786200e-01   2.0546383e-01
2.1433599e-01   2.0443469e-01
2.0109500e-01   2.0336212e-01
1.8815500e-01   2.0189038e-01
1.7553000e-01   1.9961847e-01
1.6323400e-01   1.9712062e-01
1.5128000e-01   1.9395754e-01
1.3968100e-01   1.8975796e-01
1.2845200e-01   1.8574387e-01
1.1760600e-01   1.8045497e-01
1.0715500e-01   1.7560697e-01
9.7112998e-02   1.6966350e-01
8.7493002e-02   1.6244428e-01
7.8305997e-02   1.5640186e-01
6.9565997e-02   1.4891730e-01
6.1285000e-02   1.3967806e-01
5.3474002e-02   1.3176122e-01
4.6149999e-02   1.2366452e-01
3.9326001e-02   1.1411852e-01
3.3013999e-02   1.0474508e-01
2.7230000e-02   9.4370700e-02
2.1980001e-02   8.4167384e-02
1.7277000e-02   7.3702902e-02
1.3141000e-02   6.3000359e-02
9.5729996e-03   5.2684594e-02
6.5830001e-03   4.1876137e-02
4.1880002e-03   3.2740515e-02
2.3540000e-03   2.3489937e-02
1.0810000e-03   1.5482554e-02
3.7100000e-04   8.9871120e-03
7.6999997e-05   4.5056329e-03
4.9999999e-06   1.8246261e-03
0.0000000e+00   9.8601624e-04
4.9999999e-06   -2.9384112e-04
7.6999997e-05   -2.8671755e-03
3.7100000e-04   -7.5502358e-03
1.0810000e-03   -1.3415530e-02
2.3530000e-03   -2.1703374e-02
4.1880002e-03   -3.0701540e-02
6.5850001e-03   -4.0471453e-02
9.5760003e-03   -5.0116301e-02
1.3145000e-02   -6.0889762e-02
1.7281000e-02   -7.1457990e-02
2.1983000e-02   -8.2370982e-02
2.7232001e-02   -9.2420377e-02
3.3016000e-02   -1.0263938e-01
3.9328001e-02   -1.1217932e-01
4.6151999e-02   -1.2113261e-01
5.3475998e-02   -1.3142142e-01
6.1287001e-02   -1.3989979e-01
6.9568001e-02   -1.4882219e-01
7.8308001e-02   -1.5710111e-01
8.7494999e-02   -1.6504890e-01
9.7115003e-02   -1.7178842e-01
1.0715700e-01   -1.7867747e-01
1.1760800e-01   -1.8458816e-01
1.2845400e-01   -1.9073315e-01
1.3968299e-01   -1.9521618e-01
1.5128200e-01   -2.0028366e-01
1.6323499e-01   -2.0416740e-01
1.7553200e-01   -2.0722729e-01
1.8815701e-01   -2.0969899e-01
2.0109700e-01   -2.1132846e-01
2.1433701e-01   -2.1376891e-01
2.2786400e-01   -2.1567319e-01
2.4166299e-01   -2.1587852e-01
2.5571901e-01   -2.1598761e-01
2.7001700e-01   -2.1556649e-01
2.8454199e-01   -2.1517411e-01
2.9927999e-01   -2.1444552e-01
3.1421500e-01   -2.1255928e-01
3.2933101e-01   -2.0993498e-01
3.4461299e-01   -2.0820220e-01
3.6004499e-01   -2.0553447e-01
3.7561101e-01   -2.0330663e-01
3.9129600e-01   -1.9923024e-01
4.0708300e-01   -1.9681785e-01
4.2295700e-01   -1.9243601e-01
4.3890101e-01   -1.8876755e-01
4.5489901e-01   -1.8402429e-01
4.7093499e-01   -1.7985694e-01
4.8699200e-01   -1.7610364e-01
5.0305498e-01   -1.7171808e-01
5.1910698e-01   -1.6686565e-01
5.3513199e-01   -1.6156620e-01
5.5111402e-01   -1.5611194e-01
5.6703597e-01   -1.5219177e-01
5.8288401e-01   -1.4687170e-01
5.9864002e-01   -1.4243977e-01
6.1429000e-01   -1.3721226e-01
6.2981701e-01   -1.3229892e-01
6.4520597e-01   -1.2667218e-01
6.6044199e-01   -1.2171426e-01
6.7550898e-01   -1.1702295e-01
6.9039297e-01   -1.1227007e-01
7.0507699e-01   -1.0671058e-01
7.1954900e-01   -1.0213649e-01
7.3379302e-01   -9.7815126e-02
7.4779499e-01   -9.3586095e-02
7.6154202e-01   -8.7702312e-02
7.7501899e-01   -8.3908513e-02
7.8821403e-01   -7.8562714e-02
8.0111301e-01   -7.3878460e-02
8.1370401e-01   -6.9752380e-02
8.2597297e-01   -6.6070549e-02
8.3791000e-01   -6.1918817e-02
8.4950101e-01   -5.9128881e-02
8.6073500e-01   -5.3723350e-02
8.7160099e-01   -5.0861504e-02
8.8208801e-01   -4.6316620e-02
8.9218402e-01   -4.3202672e-02
9.0188003e-01   -3.9510645e-02
9.1116500e-01   -3.6086686e-02
9.2003101e-01   -3.3440951e-02
9.2846799e-01   -3.0150265e-02
9.3646699e-01   -2.6971867e-02
9.4401902e-01   -2.4796842e-02
9.5111603e-01   -2.1545755e-02
9.5775098e-01   -1.8594887e-02
9.6392000e-01   -1.5976541e-02
9.6961600e-01   -1.4214887e-02
9.7483599e-01   -1.1480577e-02
9.7957498e-01   -9.0258848e-03
9.8383099e-01   -7.5940806e-03
9.8759800e-01   -5.4584453e-03
9.9087399e-01   -4.1651102e-03
9.9365300e-01   -2.8163930e-03
9.9593401e-01   -1.7668772e-03
9.9771100e-01   -1.6959684e-03
9.9898201e-01   -6.3599407e-04
9.9974501e-01   -3.8003639e-04
1.0000000e+00   5.9239561e-04
