1.0000000e+00   -1.8524146e-04
9.9974501e-01   -2.9282342e-04
9.9898201e-01   -3.7983642e-05
9.9771100e-01   1.1583779e-03
9.9593300e-01   1.4095618e-03
9.9365300e-01   4.1417098e-03
9.9087399e-01   6.3147028e-03
9.8759800e-01   8.3464580e-03
9.8382998e-01   1.1736932e-02
9.7957498e-01   1.3769068e-02
9.7483599e-01   1.8057862e-02
9.6961600e-01   2.1354223e-02
9.6392000e-01   2.4778442e-02
9.5775098e-01   2.8768586e-02
9.5111603e-01   3.3705108e-02
9.4401902e-01   3.7751772e-02
9.3646699e-01   4.2692937e-02
9.2846799e-01   4.7762457e-02
9.2003101e-01   5.2669868e-02
9.1116500e-01   5.7725333e-02
9.0187901e-01   6.1933637e-02
8.9218301e-01   6.7753680e-02
8.8208699e-01   7.2407320e-02
8.7160099e-01   7.6888084e-02
8.6073500e-01   8.2052067e-02
8.4950101e-01   8.6587228e-02
8.3791000e-01   9.1283992e-02
8.2597399e-01   9.3781292e-02
8.1370401e-01   9.7311683e-02
8.0111301e-01   1.0196941e-01
7.8821403e-01   1.0428586e-01
7.7501899e-01   1.0735182e-01
7.6154101e-01   1.1161817e-01
7.4779499e-01   1.1413001e-01
7.3379201e-01   1.1662051e-01
7.1954799e-01   1.1921338e-01
7.0507699e-01   1.2131560e-01
6.9039202e-01   1.2325760e-01
6.7550898e-01   1.2556419e-01
6.6044199e-01   1.2852265e-01
6.4520597e-01   1.2976703e-01
6.2981701e-01   1.3205744e-01
6.1429000e-01   1.3311163e-01
5.9864002e-01   1.3458057e-01
5.8288401e-01   1.3583408e-01
5.6703597e-01   1.3526332e-01
5.5111301e-01   1.3599767e-01
5.3513098e-01   1.3694309e-01
5.1910597e-01   1.3674340e-01
5.0305402e-01   1.3647917e-01
4.8699099e-01   1.3654557e-01
4.7093400e-01   1.3500080e-01
4.5489800e-01   1.3355494e-01
4.3889999e-01   1.3351135e-01
4.2295599e-01   1.3169624e-01
4.0708300e-01   1.3045382e-01
3.9129499e-01   1.2877101e-01
3.7560999e-01   1.2695196e-01
3.6004400e-01   1.2514934e-01
3.4461200e-01   1.2381718e-01
3.2933000e-01   1.2105139e-01
3.1421301e-01   1.2029350e-01
2.9927900e-01   1.1780030e-01
2.8454101e-01   1.1520673e-01
2.7001500e-01   1.1309879e-01
2.5571701e-01   1.1003783e-01
2.4166100e-01   1.0856892e-01
2.2786200e-01   1.0579319e-01
2.1433599e-01   1.0333517e-01
2.0109500e-01   9.9509962e-02
1.8815500e-01   9.6854769e-02
1.7553000e-01   9.3904600e-02
1.6323400e-01   9.0696797e-02
1.5128000e-01   8.7921716e-02
1.3968100e-01   8.5112274e-02
1.2845200e-01   8.1940800e-02
1.1760600e-01   7.9260238e-02
1.0715500e-01   7.5125299e-02
9.7112998e-02   7.2647437e-02
8.7493002e-02   7.0420586e-02
7.8305997e-02   6.7199349e-02
6.9565997e-02   6.4323276e-02
6.1285000e-02   6.0801253e-02
5.3474002e-02   5.7419300e-02
4.6149999e-02   5.4255050e-02
3.9326001e-02   5.1068749e-02
3.3013999e-02   4.8121914e-02
2.7230000e-02   4.4255827e-02
2.1980001e-02   4.0679354e-02
1.7277000e-02   3.6295846e-02
1.3141000e-02   3.2188214e-02
9.5729996e-03   2.7756909e-02
6.5830001e-03   2.2979241e-02
4.1880002e-03   1.8065855e-02
2.3540000e-03   1.3392746e-02
1.0810000e-03   9.0665873e-03
3.7100000e-04   4.2395089e-03
7.6999997e-05   1.0558114e-03
4.9999999e-06   -1.0170854e-03
0.0000000e+00   -1.9044562e-03
4.9999999e-06   -2.3657896e-03
7.6999997e-05   -4.7347168e-03
3.7100000e-04   -7.7331425e-03
1.0810000e-03   -1.2042470e-02
2.3530000e-03   -1.7134817e-02
4.1880002e-03   -2.1717582e-02
6.5850001e-03   -2.7128011e-02
9.5760003e-03   -3.1694446e-02
1.3145000e-02   -3.6167048e-02
1.7281000e-02   -3.9587870e-02
2.1983000e-02   -4.2493198e-02
2.7232001e-02   -4.6284236e-02
3.3016000e-02   -4.9394529e-02
3.9328001e-02   -5.1640257e-02
4.6151999e-02   -5.3896625e-02
5.3475998e-02   -5.6237567e-02
6.1287001e-02   -5.9113279e-02
6.9568001e-02   -6.1519843e-02
7.8308001e-02   -6.4473048e-02
8.7494999e-02   -6.6869006e-02
9.7115003e-02   -6.9580801e-02
1.0715700e-01   -7.2228394e-02
1.1760800e-01   -7.4683763e-02
1.2845400e-01   -7.7532701e-02
1.3968299e-01   -8.0380134e-02
1.5128200e-01   -8.2931668e-02
1.6323499e-01   -8.6120933e-02
1.7553200e-01   -8.8445045e-02
1.8815701e-01   -9.1282025e-02
2.0109700e-01   -9.3352810e-02
2.1433701e-01   -9.6438996e-02
2.2786400e-01   -9.8911010e-02
2.4166299e-01   -1.0187074e-01
2.5571901e-01   -1.0493098e-01
2.7001700e-01   -1.0686099e-01
2.8454199e-01   -1.0857505e-01
2.9927999e-01   -1.1050382e-01
3.1421500e-01   -1.1338147e-01
3.2933101e-01   -1.1440774e-01
3.4461299e-01   -1.1536622e-01
3.6004499e-01   -1.1758965e-01
3.7561101e-01   -1.1871402e-01
3.9129600e-01   -1.1974934e-01
4.0708300e-01   -1.2124258e-01
4.2295700e-01   -1.2098192e-01
4.3890101e-01   -1.2290454e-01
4.5489901e-01   -1.2290485e-01
4.7093499e-01   -1.2217394e-01
4.8699200e-01   -1.2395745e-01
5.0305498e-01   -1.2316739e-01
5.1910698e-01   -1.2400813e-01
5.3513199e-01   -1.2219401e-01
5.5111402e-01   -1.2196223e-01
5.6703597e-01   -1.2167072e-01
5.8288401e-01   -1.2074918e-01
5.9864002e-01   -1.2039030e-01
6.1429000e-01   -1.1942258e-01
6.2981701e-01   -1.1867037e-01
6.4520597e-01   -1.1742612e-01
6.6044199e-01   -1.1631183e-01
6.7550898e-01   -1.1492722e-01
6.9039297e-01   -1.1369939e-01
7.0507699e-01   -1.1231997e-01
7.1954900e-01   -1.0990252e-01
7.3379302e-01   -1.0786118e-01
7.4779499e-01   -1.0620018e-01
7.6154202e-01   -1.0473445e-01
7.7501899e-01   -1.0136166e-01
7.8821403e-01   -9.8092183e-02
8.0111301e-01   -9.6356533e-02
8.1370401e-01   -9.3898043e-02
8.2597297e-01   -9.0222456e-02
8.3791000e-01   -8.6613640e-02
8.4950101e-01   -8.3500318e-02
8.6073500e-01   -7.8648135e-02
8.7160099e-01   -7.4812703e-02
8.8208801e-01   -7.1199723e-02
8.9218402e-01   -6.6713817e-02
9.0188003e-01   -6.2015589e-02
9.1116500e-01   -5.7673946e-02
9.2003101e-01   -5.3727303e-02
9.2846799e-01   -4.9560871e-02
9.3646699e-01   -4.5337118e-02
9.4401902e-01   -4.0593404e-02
9.5111603e-01   -3.7028015e-02
9.5775098e-01   -3.3501528e-02
9.6392000e-01   -2.9178426e-02
9.6961600e-01   -2.5842540e-02
9.7483599e-01   -2.3000615e-02
9.7957498e-01   -1.9662904e-02
9.8383099e-01   -1.7165376e-02
9.8759800e-01   -1.5079945e-02
9.9087399e-01   -1.3026896e-02
9.9365300e-01   -1.0864243e-02
9.9593401e-01   -9.2075048e-03
9.9771100e-01   -8.1855860e-03
9.9898201e-01   -7.4622338e-03
9.9974501e-01   -6.5318025e-03
1.0000000e+00   -6.3361181e-03
