1.0000000e+00   4.3019708e-03
9.9974501e-01   4.3287612e-03
9.9898201e-01   4.2366311e-03
9.9771100e-01   5.5273124e-03
9.9593300e-01   6.0367156e-03
9.9365300e-01   6.4876834e-03
9.9087399e-01   7.5178384e-03
9.8759800e-01   8.3266245e-03
9.8382998e-01   9.2130248e-03
9.7957498e-01   1.0599457e-02
9.7483599e-01   1.1897937e-02
9.6961600e-01   1.3295951e-02
9.6392000e-01   1.4573638e-02
9.5775098e-01   1.5982861e-02
9.5111603e-01   1.8278157e-02
9.4401902e-01   1.9646773e-02
9.3646699e-01   2.1490948e-02
9.2846799e-01   2.3091231e-02
9.2003101e-01   2.5201935e-02
9.1116500e-01   2.7462881e-02
9.0187901e-01   3.0577967e-02
8.9218301e-01   3.2387864e-02
8.8208699e-01   3.5369720e-02
8.7160099e-01   3.8208537e-02
8.6073500e-01   4.0695287e-02
8.4950101e-01   4.4117674e-02
8.3791000e-01   4.7498979e-02
8.2597399e-01   5.1058408e-02
8.1370401e-01   5.4916952e-02
8.0111301e-01   5.8918852e-02
7.8821403e-01   6.2866837e-02
7.7501899e-01   6.6347405e-02
7.6154101e-01   7.0851520e-02
7.4779499e-01   7.6220237e-02
7.3379201e-01   7.9681076e-02
7.1954799e-01   8.3944194e-02
7.0507699e-01   8.9932352e-02
6.9039202e-01   9.4563849e-02
6.7550898e-01   9.9444091e-02
6.6044199e-01   1.0425249e-01
6.4520597e-01   1.0887679e-01
6.2981701e-01   1.1459208e-01
6.1429000e-01   1.1945368e-01
5.9864002e-01   1.2436931e-01
5.8288401e-01   1.2964471e-01
5.6703597e-01   1.3384028e-01
5.5111301e-01   1.3959409e-01
5.3513098e-01   1.4434890e-01
5.1910597e-01   1.5041772e-01
5.0305402e-01   1.5370794e-01
4.8699099e-01   1.5939951e-01
4.7093400e-01   1.6396643e-01
4.5489800e-01   1.6992952e-01
4.3889999e-01   1.7334412e-01
4.2295599e-01   1.7851146e-01
4.0708300e-01   1.8286003e-01
3.9129499e-01   1.8677945e-01
3.7560999e-01   1.9028333e-01
3.6004400e-01   1.9396386e-01
3.4461200e-01   1.9663112e-01
3.2933000e-01   2.0015518e-01
3.1421301e-01   2.0287469e-01
2.9927900e-01   2.0638277e-01
2.8454101e-01   2.0734309e-01
2.7001500e-01   2.0884551e-01
2.5571701e-01   2.1076214e-01
2.4166100e-01   2.1187209e-01
2.2786200e-01   2.1124133e-01
2.1433599e-01   2.1113472e-01
2.0109500e-01   2.1016337e-01
1.8815500e-01   2.0889504e-01
1.7553000e-01   2.0718104e-01
1.6323400e-01   2.0419323e-01
1.5128000e-01   2.0061205e-01
1.3968100e-01   1.9602540e-01
1.2845200e-01   1.9092387e-01
1.1760600e-01   1.8577576e-01
1.0715500e-01   1.7940503e-01
9.7112998e-02   1.7337084e-01
8.7493002e-02   1.6522683e-01
7.8305997e-02   1.5773398e-01
6.9565997e-02   1.4930348e-01
6.1285000e-02   1.4040355e-01
5.3474002e-02   1.3117610e-01
4.6149999e-02   1.2115736e-01
3.9326001e-02   1.1116062e-01
3.3013999e-02   1.0070780e-01
2.7230000e-02   9.0652063e-02
2.1980001e-02   7.9771951e-02
1.7277000e-02   6.9402345e-02
1.3141000e-02   5.8523953e-02
9.5729996e-03   4.7858793e-02
6.5830001e-03   3.8120467e-02
4.1880002e-03   2.9010078e-02
2.3540000e-03   2.0930799e-02
1.0810000e-03   1.4368517e-02
3.7100000e-04   9.2823971e-03
7.6999997e-05   5.3651882e-03
4.9999999e-06   2.9009588e-03
0.0000000e+00   2.3642739e-03
4.9999999e-06   1.6738056e-03
7.6999997e-05   -5.6440587e-04
3.7100000e-04   -4.4838605e-03
1.0810000e-03   -1.0114543e-02
2.3530000e-03   -1.6752133e-02
4.1880002e-03   -2.4638917e-02
6.5850001e-03   -3.3723176e-02
9.5760003e-03   -4.3809965e-02
1.3145000e-02   -5.3871024e-02
1.7281000e-02   -6.4486474e-02
2.1983000e-02   -7.4814357e-02
2.7232001e-02   -8.5380457e-02
3.3016000e-02   -9.5598981e-02
3.9328001e-02   -1.0612211e-01
4.6151999e-02   -1.1634459e-01
5.3475998e-02   -1.2583165e-01
6.1287001e-02   -1.3521829e-01
6.9568001e-02   -1.4500108e-01
7.8308001e-02   -1.5301931e-01
8.7494999e-02   -1.6190672e-01
9.7115003e-02   -1.7029423e-01
1.0715700e-01   -1.7717886e-01
1.1760800e-01   -1.8374200e-01
1.2845400e-01   -1.9071524e-01
1.3968299e-01   -1.9671218e-01
1.5128200e-01   -2.0148553e-01
1.6323499e-01   -2.0664518e-01
1.7553200e-01   -2.1048132e-01
1.8815701e-01   -2.1356453e-01
2.0109700e-01   -2.1694995e-01
2.1433701e-01   -2.1943010e-01
2.2786400e-01   -2.2055544e-01
2.4166299e-01   -2.2231916e-01
2.5571901e-01   -2.2318953e-01
2.7001700e-01   -2.2371684e-01
2.8454199e-01   -2.2290124e-01
2.9927999e-01   -2.2293544e-01
3.1421500e-01   -2.2145319e-01
3.2933101e-01   -2.1958786e-01
3.4461299e-01   -2.1757105e-01
3.6004499e-01   -2.1443388e-01
3.7561101e-01   -2.1100895e-01
3.9129600e-01   -2.0824231e-01
4.0708300e-01   -2.0432396e-01
4.2295700e-01   -2.0018323e-01
4.3890101e-01   -1.9695055e-01
4.5489901e-01   -1.9166565e-01
4.7093499e-01   -1.8725698e-01
4.8699200e-01   -1.8142821e-01
5.0305498e-01   -1.7614110e-01
5.1910698e-01   -1.7083211e-01
5.3513199e-01   -1.6570893e-01
5.5111402e-01   -1.6050750e-01
5.6703597e-01   -1.5419896e-01
5.8288401e-01   -1.4912829e-01
5.9864002e-01   -1.4316776e-01
6.1429000e-01   -1.3714047e-01
6.2981701e-01   -1.3222089e-01
6.4520597e-01   -1.2609157e-01
6.6044199e-01   -1.2073266e-01
6.7550898e-01   -1.1524431e-01
6.9039297e-01   -1.0957348e-01
7.0507699e-01   -1.0493369e-01
7.1954900e-01   -9.9119179e-02
7.3379302e-01   -9.5052369e-02
7.4779499e-01   -8.9775383e-02
7.6154202e-01   -8.5115254e-02
7.7501899e-01   -8.0181450e-02
7.8821403e-01   -7.5995326e-02
8.0111301e-01   -7.1658306e-02
8.1370401e-01   -6.7479655e-02
8.2597297e-01   -6.3188888e-02
8.3791000e-01   -5.9614558e-02
8.4950101e-01   -5.5563431e-02
8.6073500e-01   -5.2518506e-02
8.7160099e-01   -4.8952818e-02
8.8208801e-01   -4.5138616e-02
8.9218402e-01   -4.1946623e-02
9.0188003e-01   -3.8963668e-02
9.1116500e-01   -3.5862107e-02
9.2003101e-01   -3.3136889e-02
9.2846799e-01   -3.0453460e-02
9.3646699e-01   -2.7955888e-02
9.4401902e-01   -2.5502177e-02
9.5111603e-01   -2.3086362e-02
9.5775098e-01   -2.0334728e-02
9.6392000e-01   -1.8268699e-02
9.6961600e-01   -1.6364232e-02
9.7483599e-01   -1.3857386e-02
9.7957498e-01   -1.1902573e-02
9.8383099e-01   -9.8217446e-03
9.8759800e-01   -7.8882240e-03
9.9087399e-01   -6.4593786e-03
9.9365300e-01   -4.8968773e-03
9.9593401e-01   -3.5769043e-03
9.9771100e-01   -2.9373984e-03
9.9898201e-01   -1.9000985e-03
9.9974501e-01   -1.7202961e-03
1.0000000e+00   -1.4860352e-03
