1.000000 0.005092
0.999745 0.006683
0.998982 0.008384
0.997711 0.010071
0.995933 0.009739
0.993653 0.009653
0.990874 0.008542
0.987598 0.008852
0.983830 0.008844
0.979575 0.009330
0.974836 0.010910
0.969616 0.012925
0.963920 0.013810
0.957751 0.016132
0.951116 0.016824
0.944019 0.018940
0.936467 0.021214
0.928468 0.022620
0.920031 0.025391
0.911165 0.027202
0.901879 0.030557
0.892183 0.033539
0.882087 0.036387
0.871601 0.039938
0.860735 0.043458
0.849501 0.048650
0.837910 0.053162
0.825974 0.057684
0.813704 0.063912
0.801113 0.069326
0.788214 0.075397
0.775019 0.082085
0.761541 0.088341
0.747795 0.095058
0.733792 0.101686
0.719548 0.108486
0.705077 0.116273
0.690392 0.123395
0.675509 0.130677
0.660442 0.138377
0.645206 0.145863
0.629817 0.153325
0.614290 0.161353
0.598640 0.169039
0.582884 0.177076
0.567036 0.184365
0.551113 0.189941
0.535131 0.196746
0.519106 0.202964
0.503054 0.209515
0.486991 0.215531
0.470934 0.221797
0.454898 0.227336
0.438900 0.232378
0.422956 0.237135
0.407083 0.242108
0.391295 0.244343
0.375610 0.247496
0.360044 0.250028
0.344612 0.251201
0.329330 0.252427
0.314213 0.252732
0.299279 0.254025
0.284541 0.253963
0.270015 0.252865
0.255717 0.251114
0.241661 0.248721
0.227862 0.246088
0.214336 0.242236
0.201095 0.238005
0.188155 0.233274
0.175530 0.228732
0.163234 0.223166
0.151280 0.216714
0.139681 0.209240
0.128452 0.201726
0.117606 0.194147
0.107155 0.186138
0.097113 0.177524
0.087493 0.171320
0.078306 0.159117
0.069566 0.150012
0.061285 0.139347
0.053474 0.129767
0.046150 0.120409
0.039326 0.110940
0.033014 0.101156
0.027230 0.092360
0.021980 0.082054
0.017277 0.073725
0.013141 0.063886
0.009573 0.054096
0.006583 0.046419
0.004188 0.038710
0.002354 0.030766
0.001081 0.023028
0.000371 0.018671
0.000077 0.014039
0.000005 0.011456
0.000000 0.010383
0.000005 0.008654
0.000077 0.005270
0.000371 0.002222
0.001081 -0.002898
0.002353 -0.009657
0.004188 -0.016082
0.006585 -0.021137
0.009576 -0.024230
0.013145 -0.028261
0.017281 -0.030807
0.021983 -0.034276
0.027232 -0.036588
0.033016 -0.040067
0.039328 -0.042451
0.046152 -0.045260
0.053476 -0.046821
0.061287 -0.048392
0.069568 -0.050612
0.078308 -0.053442
0.087495 -0.053981
0.097115 -0.054976
0.107157 -0.056590
0.117608 -0.057675
0.128454 -0.059200
0.139683 -0.059388
0.151282 -0.060311
0.163235 -0.060158
0.175532 -0.061326
0.188157 -0.061655
0.201097 -0.061187
0.214337 -0.062036
0.227864 -0.062046
0.241663 -0.063168
0.255719 -0.063312
0.270017 -0.063848
0.284542 -0.063142
0.299280 -0.064042
0.314215 -0.064438
0.329331 -0.064258
0.344613 -0.064220
0.360045 -0.064460
0.375611 -0.065085
0.391296 -0.064577
0.407083 -0.065108
0.422957 -0.064946
0.438901 -0.064896
0.454899 -0.065314
0.470935 -0.064765
0.486992 -0.064498
0.503055 -0.063835
0.519107 -0.064678
0.535132 -0.063520
0.551114 -0.064064
0.567036 -0.063616
0.582884 -0.063205
0.598640 -0.062177
0.614290 -0.062253
0.629817 -0.061733
0.645206 -0.061070
0.660442 -0.060355
0.675509 -0.058724
0.690393 -0.057940
0.705077 -0.057781
0.719549 -0.055463
0.733793 -0.053895
0.747795 -0.052872
0.761542 -0.051510
0.775019 -0.049562
0.788214 -0.048081
0.801113 -0.046146
0.813704 -0.044895
0.825973 -0.043905
0.837910 -0.042341
0.849501 -0.040833
0.860735 -0.038034
0.871601 -0.035413
0.882088 -0.033340
0.892184 -0.030098
0.901880 -0.026329
0.911165 -0.025308
0.920031 -0.021602
0.928468 -0.019021
0.936467 -0.017840
0.944019 -0.014456
0.951116 -0.012932
0.957751 -0.010797
0.963920 -0.007941
0.969616 -0.006156
0.974836 -0.003337
0.979575 -0.001989
0.983831 -0.001403
0.987598 -0.001776
0.990874 0.000542
0.993653 0.001948
0.995934 0.002459
0.997711 0.003012
0.998982 0.003187
0.999745 0.005044
1.000000 0.001135
