1.000000 -0.000750
0.999745 -0.000516
0.998982 0.000179
0.997711 0.001293
0.995933 0.002764
0.993653 0.004677
0.990874 0.007106
0.987598 0.010017
0.983830 0.013377
0.979575 0.017217
0.974836 0.021554
0.969616 0.026362
0.963920 0.031594
0.957751 0.037213
0.951116 0.043167
0.944019 0.049406
0.936467 0.055919
0.928468 0.062707
0.920031 0.069769
0.911165 0.077091
0.901879 0.084693
0.892183 0.092601
0.882087 0.100782
0.871601 0.109212
0.860735 0.117870
0.849501 0.126745
0.837910 0.135888
0.825974 0.145248
0.813704 0.154774
0.801113 0.164453
0.788214 0.174239
0.775019 0.184100
0.761541 0.193919
0.747795 0.203680
0.733792 0.213355
0.719548 0.222902
0.705077 0.232261
0.690392 0.241438
0.675509 0.250367
0.660442 0.259037
0.645206 0.267392
0.629817 0.275388
0.614290 0.282991
0.598640 0.290184
0.582884 0.296961
0.567036 0.303273
0.551113 0.309084
0.535131 0.314368
0.519106 0.319127
0.503054 0.323332
0.486991 0.326962
0.470934 0.330025
0.454898 0.332512
0.438900 0.334387
0.422956 0.335632
0.407083 0.336272
0.391295 0.336310
0.375610 0.335742
0.360044 0.334573
0.344612 0.332816
0.329330 0.330463
0.314213 0.327512
0.299279 0.324015
0.284541 0.320014
0.270015 0.315475
0.255717 0.310400
0.241661 0.304814
0.227862 0.298713
0.214336 0.292103
0.201095 0.285038
0.188155 0.277564
0.175530 0.269662
0.163234 0.261322
0.151280 0.252560
0.139681 0.243374
0.128452 0.233742
0.117606 0.223711
0.107155 0.213364
0.097113 0.202758
0.087493 0.191929
0.078306 0.180866
0.069566 0.169529
0.061285 0.157939
0.053474 0.146260
0.046150 0.134555
0.039326 0.122918
0.033014 0.111314
0.027230 0.099721
0.021980 0.088120
0.017277 0.076585
0.013141 0.065243
0.009573 0.054250
0.006583 0.043821
0.004188 0.033982
0.002354 0.024907
0.001081 0.016916
0.000371 0.010388
0.000077 0.005588
0.000005 0.002673
0.000000 0.001696
0.000005 0.000746
0.000077 -0.002115
0.000371 -0.006728
0.001081 -0.012866
0.002353 -0.020053
0.004188 -0.027586
0.006585 -0.035121
0.009576 -0.042843
0.013145 -0.050154
0.017281 -0.056984
0.021983 -0.063478
0.027232 -0.069571
0.033016 -0.075282
0.039328 -0.080683
0.046152 -0.085802
0.053476 -0.090605
0.061287 -0.095113
0.069568 -0.099373
0.078308 -0.103345
0.087495 -0.106981
0.097115 -0.110290
0.107157 -0.113237
0.117608 -0.115887
0.128454 -0.118201
0.139683 -0.120231
0.151282 -0.121938
0.163235 -0.123326
0.175532 -0.124384
0.188157 -0.125141
0.201097 -0.125588
0.214337 -0.125706
0.227864 -0.125523
0.241663 -0.125027
0.255719 -0.124207
0.270017 -0.123048
0.284542 -0.121576
0.299280 -0.119819
0.314215 -0.117779
0.329331 -0.115472
0.344613 -0.112929
0.360045 -0.110158
0.375611 -0.107182
0.391296 -0.104006
0.407083 -0.100654
0.422957 -0.097164
0.438901 -0.093563
0.454899 -0.089881
0.470935 -0.086147
0.486992 -0.082392
0.503055 -0.078631
0.519107 -0.074865
0.535132 -0.071118
0.551114 -0.067416
0.567036 -0.063758
0.582884 -0.060112
0.598640 -0.056481
0.614290 -0.052885
0.629817 -0.049311
0.645206 -0.045755
0.660442 -0.042232
0.675509 -0.038771
0.690393 -0.035369
0.705077 -0.032037
0.719549 -0.028804
0.733793 -0.025682
0.747795 -0.022659
0.761542 -0.019762
0.775019 -0.017016
0.788214 -0.014429
0.801113 -0.012018
0.813704 -0.009808
0.825973 -0.007776
0.837910 -0.005930
0.849501 -0.004272
0.860735 -0.002809
0.871601 -0.001523
0.882088 -0.000408
0.892184 0.000526
0.901880 0.001296
0.911165 0.001867
0.920031 0.002256
0.928468 0.002507
0.936467 0.002644
0.944019 0.002680
0.951116 0.002653
0.957751 0.002603
0.963920 0.002524
0.969616 0.002374
0.974836 0.002124
0.979575 0.001747
0.983831 0.001267
0.987598 0.000733
0.990874 0.000212
0.993653 -0.000282
0.995934 -0.000752
0.997711 -0.001131
0.998982 -0.001338
0.999745 -0.001426
1.000000 -0.001453
