1.000000 0.006672
0.999745 0.010151
0.998982 0.011428
0.997711 0.012043
0.995933 0.013291
0.993653 0.013455
0.990874 0.015144
0.987598 0.018084
0.983830 0.020600
0.979575 0.023414
0.974836 0.028425
0.969616 0.033449
0.963920 0.038169
0.957751 0.043814
0.951116 0.050278
0.944019 0.055553
0.936467 0.061460
0.928468 0.068983
0.920031 0.077152
0.911165 0.085596
0.901879 0.093775
0.892183 0.102617
0.882087 0.110524
0.871601 0.118277
0.860735 0.127592
0.849501 0.135758
0.837910 0.144825
0.825974 0.154043
0.813704 0.163515
0.801113 0.173716
0.788214 0.184080
0.775019 0.194255
0.761541 0.203658
0.747795 0.213550
0.733792 0.222947
0.719548 0.232828
0.705077 0.241707
0.690392 0.251260
0.675509 0.260372
0.660442 0.269021
0.645206 0.277420
0.629817 0.285588
0.614290 0.293256
0.598640 0.301496
0.582884 0.307530
0.567036 0.314114
0.551113 0.320736
0.535131 0.325856
0.519106 0.330260
0.503054 0.334782
0.486991 0.339563
0.470934 0.343852
0.454898 0.348888
0.438900 0.350801
0.422956 0.354122
0.407083 0.356036
0.391295 0.358517
0.375610 0.358833
0.360044 0.359678
0.344612 0.359594
0.329330 0.358562
0.314213 0.357973
0.299279 0.356695
0.284541 0.355411
0.270015 0.353071
0.255717 0.349879
0.241661 0.345659
0.227862 0.341675
0.214336 0.335245
0.201095 0.328713
0.188155 0.320957
0.175530 0.313899
0.163234 0.304638
0.151280 0.294533
0.139681 0.284786
0.128452 0.273811
0.117606 0.262517
0.107155 0.250929
0.097113 0.239174
0.087493 0.226862
0.078306 0.214285
0.069566 0.201446
0.061285 0.188193
0.053474 0.176438
0.046150 0.163437
0.039326 0.149404
0.033014 0.135435
0.027230 0.121149
0.021980 0.107562
0.017277 0.094872
0.013141 0.081531
0.009573 0.068518
0.006583 0.056177
0.004188 0.044723
0.002354 0.033255
0.001081 0.025358
0.000371 0.018115
0.000077 0.013406
0.000005 0.010769
0.000000 0.009383
0.000005 0.007717
0.000077 0.005324
0.000371 0.000053
0.001081 -0.005966
0.002353 -0.012987
0.004188 -0.020930
0.006585 -0.028555
0.009576 -0.037131
0.013145 -0.044757
0.017281 -0.050337
0.021983 -0.055085
0.027232 -0.058777
0.033016 -0.061804
0.039328 -0.062396
0.046152 -0.064764
0.053476 -0.066752
0.061287 -0.067080
0.069568 -0.067339
0.078308 -0.068240
0.087495 -0.069075
0.097115 -0.069221
0.107157 -0.069396
0.117608 -0.069496
0.128454 -0.069037
0.139683 -0.068140
0.151282 -0.067783
0.163235 -0.068089
0.175532 -0.063697
0.188157 -0.063090
0.201097 -0.061385
0.214337 -0.060144
0.227864 -0.057259
0.241663 -0.054936
0.255719 -0.053862
0.270017 -0.050682
0.284542 -0.048755
0.299280 -0.046703
0.314215 -0.044995
0.329331 -0.043102
0.344613 -0.039720
0.360045 -0.036103
0.375611 -0.035274
0.391296 -0.032401
0.407083 -0.030387
0.422957 -0.027994
0.438901 -0.026405
0.454899 -0.022995
0.470935 -0.022502
0.486992 -0.019711
0.503055 -0.017755
0.519107 -0.015923
0.535132 -0.014028
0.551114 -0.011208
0.567036 -0.010333
0.582884 -0.008196
0.598640 -0.006184
0.614290 -0.005911
0.629817 -0.003798
0.645206 -0.003277
0.660442 -0.000833
0.675509 -0.000594
0.690393 -0.000279
0.705077 0.000203
0.719549 0.000832
0.733793 0.000994
0.747795 -0.000616
0.761542 0.003305
0.775019 0.004093
0.788214 0.004795
0.801113 0.004493
0.813704 0.005565
0.825973 0.006812
0.837910 0.006920
0.849501 0.007053
0.860735 0.008245
0.871601 0.008301
0.882088 0.008302
0.892184 0.008660
0.901880 0.009279
0.911165 0.009344
0.920031 0.009393
0.928468 0.008954
0.936467 0.009445
0.944019 0.008962
0.951116 0.009121
0.957751 0.008831
0.963920 0.007258
0.969616 0.008782
0.974836 0.009105
0.979575 0.009442
0.983831 0.008073
0.987598 0.008732
0.990874 0.008881
0.993653 0.008621
0.995934 0.008019
0.997711 0.008010
0.998982 0.007924
0.999745 0.007969
1.000000 0.005943
