1.000000 0.010029
0.999745 0.012427
0.998982 0.014072
0.997711 0.013159
0.995933 0.013836
0.993653 0.014262
0.990874 0.017091
0.987598 0.018654
0.983830 0.021368
0.979575 0.025123
0.974836 0.028428
0.969616 0.031856
0.963920 0.034536
0.957751 0.039417
0.951116 0.044282
0.944019 0.050408
0.936467 0.055776
0.928468 0.061801
0.920031 0.067865
0.911165 0.073569
0.901879 0.080226
0.892183 0.087224
0.882087 0.094179
0.871601 0.101353
0.860735 0.109384
0.849501 0.116011
0.837910 0.123661
0.825974 0.131251
0.813704 0.138599
0.801113 0.146603
0.788214 0.153919
0.775019 0.161587
0.761541 0.169371
0.747795 0.176649
0.733792 0.183221
0.719548 0.190474
0.705077 0.196932
0.690392 0.204950
0.675509 0.209753
0.660442 0.216481
0.645206 0.222710
0.629817 0.228615
0.614290 0.234715
0.598640 0.239305
0.582884 0.244550
0.567036 0.249736
0.551113 0.254593
0.535131 0.259060
0.519106 0.262131
0.503054 0.265260
0.486991 0.268029
0.470934 0.271338
0.454898 0.275114
0.438900 0.277816
0.422956 0.279825
0.407083 0.281707
0.391295 0.282992
0.375610 0.283268
0.360044 0.283664
0.344612 0.282713
0.329330 0.281274
0.314213 0.280517
0.299279 0.277248
0.284541 0.275497
0.270015 0.273340
0.255717 0.270406
0.241661 0.268590
0.227862 0.263715
0.214336 0.259956
0.201095 0.255346
0.188155 0.249906
0.175530 0.243741
0.163234 0.240051
0.151280 0.232628
0.139681 0.226959
0.128452 0.219700
0.117606 0.211889
0.107155 0.203104
0.097113 0.193416
0.087493 0.184544
0.078306 0.175081
0.069566 0.165867
0.061285 0.155418
0.053474 0.145528
0.046150 0.135590
0.039326 0.126755
0.033014 0.115551
0.027230 0.103031
0.021980 0.092769
0.017277 0.082085
0.013141 0.071577
0.009573 0.059964
0.006583 0.050971
0.004188 0.041116
0.002354 0.031410
0.001081 0.023589
0.000371 0.017265
0.000077 0.012613
0.000005 0.009991
0.000000 0.008401
0.000005 0.006664
0.000077 0.004726
0.000371 0.001118
0.001081 -0.003634
0.002353 -0.010932
0.004188 -0.014789
0.006585 -0.021137
0.009576 -0.026164
0.013145 -0.030689
0.017281 -0.035581
0.021983 -0.039867
0.027232 -0.044930
0.033016 -0.048435
0.039328 -0.052051
0.046152 -0.055435
0.053476 -0.060056
0.061287 -0.062813
0.069568 -0.065852
0.078308 -0.068215
0.087495 -0.071269
0.097115 -0.075421
0.107157 -0.075269
0.117608 -0.077646
0.128454 -0.079206
0.139683 -0.081346
0.151282 -0.082065
0.163235 -0.082484
0.175532 -0.081836
0.188157 -0.082427
0.201097 -0.082631
0.214337 -0.081760
0.227864 -0.079868
0.241663 -0.077948
0.255719 -0.075839
0.270017 -0.073875
0.284542 -0.070865
0.299280 -0.069354
0.314215 -0.064562
0.329331 -0.062861
0.344613 -0.057666
0.360045 -0.053872
0.375611 -0.050948
0.391296 -0.045144
0.407083 -0.039838
0.422957 -0.035237
0.438901 -0.029302
0.454899 -0.023852
0.470935 -0.017872
0.486992 -0.011840
0.503055 -0.006475
0.519107 -0.000752
0.535132 0.005214
0.551114 0.010977
0.567036 0.015656
0.582884 0.020796
0.598640 0.025093
0.614290 0.029506
0.629817 0.032468
0.645206 0.035434
0.660442 0.039677
0.675509 0.042787
0.690393 0.046275
0.705077 0.048521
0.719549 0.051049
0.733793 0.052291
0.747795 0.054722
0.761542 0.055206
0.775019 0.056057
0.788214 0.056130
0.801113 0.057884
0.813704 0.057110
0.825973 0.057451
0.837910 0.056842
0.849501 0.056026
0.860735 0.054206
0.871601 0.052811
0.882088 0.050551
0.892184 0.048849
0.901880 0.047197
0.911165 0.044723
0.920031 0.042217
0.928468 0.038653
0.936467 0.035939
0.944019 0.034048
0.951116 0.030856
0.957751 0.027963
0.963920 0.025278
0.969616 0.023125
0.974836 0.021102
0.979575 0.019124
0.983831 0.015696
0.987598 0.014926
0.990874 0.013033
0.993653 0.011438
0.995934 0.010924
0.997711 0.009607
0.998982 0.009805
0.999745 0.011354
1.000000 0.010417
