1.000000 -0.000746
0.999745 -0.000500
0.998982 0.000229
0.997711 0.001400
0.995933 0.002938
0.993653 0.004902
0.990874 0.007362
0.987598 0.010296
0.983830 0.013673
0.979575 0.017515
0.974836 0.021830
0.969616 0.026579
0.963920 0.031712
0.957751 0.037188
0.951116 0.042945
0.944019 0.048927
0.936467 0.055124
0.928468 0.061548
0.920031 0.068204
0.911165 0.075068
0.901879 0.082176
0.892183 0.089576
0.882087 0.097230
0.871601 0.105104
0.860735 0.113178
0.849501 0.121450
0.837910 0.129967
0.825974 0.138682
0.813704 0.147545
0.801113 0.156538
0.788214 0.165623
0.775019 0.174775
0.761541 0.183879
0.747795 0.192918
0.733792 0.201866
0.719548 0.210683
0.705077 0.219305
0.690392 0.227749
0.675509 0.235953
0.660442 0.243904
0.645206 0.251552
0.629817 0.258847
0.614290 0.265768
0.598640 0.272303
0.582884 0.278444
0.567036 0.284135
0.551113 0.289358
0.535131 0.294115
0.519106 0.298419
0.503054 0.302236
0.486991 0.305552
0.470934 0.308402
0.454898 0.310772
0.438900 0.312624
0.422956 0.313931
0.407083 0.314732
0.391295 0.315038
0.375610 0.314838
0.360044 0.314133
0.344612 0.312966
0.329330 0.311328
0.314213 0.309193
0.299279 0.306599
0.284541 0.303620
0.270015 0.300237
0.255717 0.296402
0.241661 0.292131
0.227862 0.287441
0.214336 0.282293
0.201095 0.276691
0.188155 0.270674
0.175530 0.264223
0.163234 0.257274
0.151280 0.249802
0.139681 0.241829
0.128452 0.233349
0.117606 0.224374
0.107155 0.214965
0.097113 0.205214
0.087493 0.195135
0.078306 0.184642
0.069566 0.173679
0.061285 0.162335
0.053474 0.150812
0.046150 0.139129
0.039326 0.127368
0.033014 0.115537
0.027230 0.103639
0.021980 0.091677
0.017277 0.079760
0.013141 0.068028
0.009573 0.056635
0.006583 0.045786
0.004188 0.035558
0.002354 0.026179
0.001081 0.018001
0.000371 0.011381
0.000077 0.006549
0.000005 0.003631
0.000000 0.002655
0.000005 0.001709
0.000077 -0.001125
0.000371 -0.005656
0.001081 -0.011583
0.002353 -0.018314
0.004188 -0.025094
0.006585 -0.031613
0.009576 -0.038059
0.013145 -0.043915
0.017281 -0.049324
0.021983 -0.054626
0.027232 -0.059790
0.033016 -0.064768
0.039328 -0.069640
0.046152 -0.074429
0.053476 -0.079066
0.061287 -0.083541
0.069568 -0.087942
0.078308 -0.092247
0.087495 -0.096379
0.097115 -0.100341
0.107157 -0.104146
0.117608 -0.107865
0.128454 -0.111419
0.139683 -0.114830
0.151282 -0.118071
0.163235 -0.121123
0.175532 -0.123942
0.188157 -0.126538
0.201097 -0.128928
0.214337 -0.131082
0.227864 -0.132988
0.241663 -0.134640
0.255719 -0.136033
0.270017 -0.137119
0.284542 -0.137879
0.299280 -0.138321
0.314215 -0.138455
0.329331 -0.138256
0.344613 -0.137701
0.360045 -0.136771
0.375611 -0.135485
0.391296 -0.133832
0.407083 -0.131773
0.422957 -0.129333
0.438901 -0.126557
0.454899 -0.123459
0.470935 -0.120038
0.486992 -0.116323
0.503055 -0.112352
0.519107 -0.108132
0.535132 -0.103676
0.551114 -0.098997
0.567036 -0.094102
0.582884 -0.089003
0.598640 -0.083695
0.614290 -0.078196
0.629817 -0.072518
0.645206 -0.066702
0.660442 -0.060795
0.675509 -0.054865
0.690393 -0.048973
0.705077 -0.043166
0.719549 -0.037488
0.733793 -0.031987
0.747795 -0.026664
0.761542 -0.021583
0.775019 -0.016769
0.788214 -0.012259
0.801113 -0.008085
0.813704 -0.004276
0.825973 -0.000827
0.837910 0.002254
0.849501 0.004957
0.860735 0.007263
0.871601 0.009200
0.882088 0.010790
0.892184 0.012026
0.901880 0.012916
0.911165 0.013433
0.920031 0.013609
0.928468 0.013504
0.936467 0.013149
0.944019 0.012568
0.951116 0.011819
0.957751 0.010961
0.963920 0.010009
0.969616 0.008940
0.974836 0.007743
0.979575 0.006414
0.983831 0.005002
0.987598 0.003572
0.990874 0.002204
0.993653 0.000947
0.995934 -0.000160
0.997711 -0.001060
0.998982 -0.001682
0.999745 -0.002038
1.000000 -0.002155
