1.000000 0.020609
0.999745 0.020432
0.998982 0.020672
0.997711 0.022556
0.995933 0.023932
0.993653 0.025321
0.990874 0.024715
0.987598 0.026041
0.983830 0.027453
0.979575 0.027993
0.974836 0.028991
0.969616 0.030158
0.963920 0.030690
0.957751 0.033128
0.951116 0.035259
0.944019 0.037462
0.936467 0.040014
0.928468 0.042488
0.920031 0.045455
0.911165 0.049115
0.901879 0.051441
0.892183 0.056294
0.882087 0.059386
0.871601 0.063468
0.860735 0.068462
0.849501 0.072493
0.837910 0.076503
0.825974 0.081735
0.813704 0.086845
0.801113 0.092107
0.788214 0.097100
0.775019 0.101740
0.761541 0.108058
0.747795 0.114145
0.733792 0.120569
0.719548 0.126731
0.705077 0.132056
0.690392 0.140913
0.675509 0.145880
0.660442 0.151836
0.645206 0.157611
0.629817 0.164956
0.614290 0.171427
0.598640 0.177913
0.582884 0.183509
0.567036 0.191429
0.551113 0.197456
0.535131 0.202194
0.519106 0.208147
0.503054 0.214120
0.486991 0.220529
0.470934 0.227093
0.454898 0.233751
0.438900 0.238635
0.422956 0.243421
0.407083 0.249379
0.391295 0.252998
0.375610 0.256804
0.360044 0.260347
0.344612 0.263460
0.329330 0.267666
0.314213 0.268158
0.299279 0.270249
0.284541 0.271144
0.270015 0.272990
0.255717 0.272445
0.241661 0.271539
0.227862 0.270012
0.214336 0.267842
0.201095 0.265219
0.188155 0.261623
0.175530 0.257076
0.163234 0.252035
0.151280 0.245561
0.139681 0.239538
0.128452 0.233026
0.117606 0.226583
0.107155 0.219563
0.097113 0.211393
0.087493 0.202730
0.078306 0.193258
0.069566 0.184801
0.061285 0.174880
0.053474 0.164376
0.046150 0.153337
0.039326 0.141896
0.033014 0.130260
0.027230 0.118273
0.021980 0.105838
0.017277 0.093310
0.013141 0.079295
0.009573 0.068097
0.006583 0.055755
0.004188 0.043971
0.002354 0.032208
0.001081 0.024317
0.000371 0.017779
0.000077 0.013795
0.000005 0.009804
0.000000 0.009468
0.000005 0.007505
0.000077 0.004729
0.000371 0.000051
0.001081 -0.005733
0.002353 -0.013442
0.004188 -0.022933
0.006585 -0.033770
0.009576 -0.045017
0.013145 -0.056590
0.017281 -0.067950
0.021983 -0.079295
0.027232 -0.091699
0.033016 -0.100856
0.039328 -0.110004
0.046152 -0.119579
0.053476 -0.127120
0.061287 -0.136555
0.069568 -0.143678
0.078308 -0.151432
0.087495 -0.157758
0.097115 -0.162441
0.107157 -0.167639
0.117608 -0.171734
0.128454 -0.175450
0.139683 -0.179224
0.151282 -0.181477
0.163235 -0.182180
0.175532 -0.183118
0.188157 -0.184792
0.201097 -0.185344
0.214337 -0.184422
0.227864 -0.184964
0.241663 -0.182544
0.255719 -0.181660
0.270017 -0.179680
0.284542 -0.177390
0.299280 -0.175775
0.314215 -0.173287
0.329331 -0.170034
0.344613 -0.165812
0.360045 -0.161904
0.375611 -0.158598
0.391296 -0.154300
0.407083 -0.148193
0.422957 -0.145299
0.438901 -0.138791
0.454899 -0.133945
0.470935 -0.128737
0.486992 -0.123628
0.503055 -0.117492
0.519107 -0.112808
0.535132 -0.106322
0.551114 -0.101049
0.567036 -0.096083
0.582884 -0.090300
0.598640 -0.085647
0.614290 -0.079933
0.629817 -0.075995
0.645206 -0.069577
0.660442 -0.064801
0.675509 -0.059593
0.690393 -0.054184
0.705077 -0.049918
0.719549 -0.045726
0.733793 -0.040513
0.747795 -0.037725
0.761542 -0.033699
0.775019 -0.029568
0.788214 -0.026513
0.801113 -0.022407
0.813704 -0.019776
0.825973 -0.016945
0.837910 -0.015047
0.849501 -0.011868
0.860735 -0.009988
0.871601 -0.007893
0.882088 -0.006433
0.892184 -0.004641
0.901880 -0.003360
0.911165 -0.002128
0.920031 -0.001204
0.928468 0.000018
0.936467 -0.000202
0.944019 0.000112
0.951116 0.001209
0.957751 0.000756
0.963920 0.000583
0.969616 0.001080
0.974836 0.001804
0.979575 0.002233
0.983831 0.002589
0.987598 0.002799
0.990874 0.002490
0.993653 0.002301
0.995934 0.002251
0.997711 0.003345
0.998982 0.000191
0.999745 0.000171
1.000000 0.001912
