1.000000 0.010082
0.999745 0.011217
0.998982 0.011053
0.997711 0.013531
0.995933 0.013184
0.993653 0.013759
0.990874 0.013254
0.987598 0.014942
0.983830 0.016121
0.979575 0.017565
0.974836 0.018419
0.969616 0.020439
0.963920 0.024263
0.957751 0.026043
0.951116 0.026825
0.944019 0.031131
0.936467 0.034943
0.928468 0.038254
0.920031 0.042690
0.911165 0.046899
0.901879 0.052208
0.892183 0.057159
0.882087 0.062291
0.871601 0.067658
0.860735 0.072645
0.849501 0.078174
0.837910 0.083429
0.825974 0.089593
0.813704 0.095680
0.801113 0.101056
0.788214 0.106279
0.775019 0.111785
0.761541 0.119451
0.747795 0.125832
0.733792 0.133417
0.719548 0.139909
0.705077 0.146978
0.690392 0.155565
0.675509 0.163875
0.660442 0.172620
0.645206 0.180641
0.629817 0.188007
0.614290 0.196544
0.598640 0.204129
0.582884 0.212542
0.567036 0.220076
0.551113 0.227464
0.535131 0.235214
0.519106 0.242622
0.503054 0.251205
0.486991 0.257747
0.470934 0.264292
0.454898 0.270685
0.438900 0.276598
0.422956 0.283697
0.407083 0.288351
0.391295 0.292230
0.375610 0.296161
0.360044 0.299039
0.344612 0.300950
0.329330 0.302192
0.314213 0.302295
0.299279 0.301406
0.284541 0.299378
0.270015 0.297023
0.255717 0.293359
0.241661 0.290040
0.227862 0.285553
0.214336 0.281250
0.201095 0.276369
0.188155 0.270426
0.175530 0.264884
0.163234 0.257743
0.151280 0.251564
0.139681 0.243994
0.128452 0.235307
0.117606 0.227195
0.107155 0.216935
0.097113 0.205217
0.087493 0.194051
0.078306 0.182674
0.069566 0.172055
0.061285 0.161925
0.053474 0.151404
0.046150 0.140904
0.039326 0.129752
0.033014 0.117962
0.027230 0.106299
0.021980 0.093872
0.017277 0.082095
0.013141 0.071837
0.009573 0.062149
0.006583 0.051324
0.004188 0.041051
0.002354 0.030260
0.001081 0.021959
0.000371 0.015544
0.000077 0.011659
0.000005 0.007168
0.000000 0.008419
0.000005 0.006464
0.000077 0.003353
0.000371 -0.001286
0.001081 -0.007727
0.002353 -0.013910
0.004188 -0.020589
0.006585 -0.028378
0.009576 -0.035154
0.013145 -0.042021
0.017281 -0.044940
0.021983 -0.047292
0.027232 -0.048848
0.033016 -0.049131
0.039328 -0.048009
0.046152 -0.045934
0.053476 -0.041843
0.061287 -0.037551
0.069568 -0.033202
0.078308 -0.028352
0.087495 -0.020116
0.097115 -0.013760
0.107157 -0.006510
0.117608 0.000539
0.128454 0.006601
0.139683 0.014863
0.151282 0.022781
0.163235 0.028402
0.175532 0.034636
0.188157 0.041015
0.201097 0.047555
0.214337 0.055776
0.227864 0.061595
0.241663 0.067239
0.255719 0.072515
0.270017 0.076539
0.284542 0.081564
0.299280 0.084155
0.314215 0.086337
0.329331 0.088773
0.344613 0.089694
0.360045 0.092147
0.375611 0.090401
0.391296 0.090996
0.407083 0.090592
0.422957 0.089352
0.438901 0.088572
0.454899 0.088238
0.470935 0.085945
0.486992 0.085929
0.503055 0.082947
0.519107 0.079446
0.535132 0.080051
0.551114 0.077636
0.567036 0.074262
0.582884 0.071342
0.598640 0.067754
0.614290 0.065714
0.629817 0.063624
0.645206 0.060616
0.660442 0.056592
0.675509 0.053480
0.690393 0.051764
0.705077 0.049783
0.719549 0.047760
0.733793 0.044928
0.747795 0.042000
0.761542 0.039398
0.775019 0.036563
0.788214 0.033874
0.801113 0.030985
0.813704 0.028871
0.825973 0.026368
0.837910 0.024992
0.849501 0.024084
0.860735 0.021525
0.871601 0.021973
0.882088 0.017616
0.892184 0.016211
0.901880 0.013124
0.911165 0.011838
0.920031 0.011396
0.928468 0.010111
0.936467 0.009798
0.944019 0.007879
0.951116 0.007311
0.957751 0.007797
0.963920 0.006725
0.969616 0.006119
0.974836 0.006648
0.979575 0.006715
0.983831 0.007262
0.987598 0.006686
0.990874 0.007390
0.993653 0.006677
0.995934 0.008719
0.997711 0.006839
0.998982 0.007150
0.999745 0.009240
1.000000 0.005137
