1.000000 0.008650
0.999745 0.013130
0.998982 0.011964
0.997711 0.010549
0.995933 0.010407
0.993653 0.010556
0.990874 0.011133
0.987598 0.011289
0.983830 0.013535
0.979575 0.014955
0.974836 0.015247
0.969616 0.016949
0.963920 0.018483
0.957751 0.021362
0.951116 0.024200
0.944019 0.026504
0.936467 0.028449
0.928468 0.030703
0.920031 0.032749
0.911165 0.035508
0.901879 0.037727
0.892183 0.040638
0.882087 0.043376
0.871601 0.045671
0.860735 0.049504
0.849501 0.052830
0.837910 0.054959
0.825974 0.057973
0.813704 0.061586
0.801113 0.064152
0.788214 0.067484
0.775019 0.070021
0.761541 0.074026
0.747795 0.076929
0.733792 0.081265
0.719548 0.083756
0.705077 0.086801
0.690392 0.089937
0.675509 0.092207
0.660442 0.096599
0.645206 0.100034
0.629817 0.102580
0.614290 0.105990
0.598640 0.109682
0.582884 0.112332
0.567036 0.115059
0.551113 0.117719
0.535131 0.119733
0.519106 0.120761
0.503054 0.121959
0.486991 0.124535
0.470934 0.126571
0.454898 0.128722
0.438900 0.130339
0.422956 0.131992
0.407083 0.132840
0.391295 0.133342
0.375610 0.133593
0.360044 0.133636
0.344612 0.133769
0.329330 0.133719
0.314213 0.133316
0.299279 0.132230
0.284541 0.131083
0.270015 0.130528
0.255717 0.128364
0.241661 0.127677
0.227862 0.127075
0.214336 0.124078
0.201095 0.121757
0.188155 0.118449
0.175530 0.115532
0.163234 0.111352
0.151280 0.112162
0.139681 0.106921
0.128452 0.104155
0.117606 0.101373
0.107155 0.097352
0.097113 0.092928
0.087493 0.088863
0.078306 0.085385
0.069566 0.081978
0.061285 0.078275
0.053474 0.075812
0.046150 0.070523
0.039326 0.065427
0.033014 0.061812
0.027230 0.058295
0.021980 0.053229
0.017277 0.051285
0.013141 0.046087
0.009573 0.042358
0.006583 0.036926
0.004188 0.031102
0.002354 0.028067
0.001081 0.022173
0.000371 0.017110
0.000077 0.012816
0.000005 0.008342
0.000000 0.007305
0.000005 0.006312
0.000077 0.004884
0.000371 0.001966
0.001081 -0.001776
0.002353 -0.007532
0.004188 -0.011324
0.006585 -0.014982
0.009576 -0.019087
0.013145 -0.022552
0.017281 -0.027225
0.021983 -0.029068
0.027232 -0.032783
0.033016 -0.036897
0.039328 -0.041009
0.046152 -0.045360
0.053476 -0.048017
0.061287 -0.052713
0.069568 -0.055121
0.078308 -0.059138
0.087495 -0.062307
0.097115 -0.065394
0.107157 -0.067443
0.117608 -0.071062
0.128454 -0.073743
0.139683 -0.077667
0.151282 -0.079340
0.163235 -0.082339
0.175532 -0.084179
0.188157 -0.086388
0.201097 -0.087858
0.214337 -0.089663
0.227864 -0.091465
0.241663 -0.092921
0.255719 -0.093343
0.270017 -0.095299
0.284542 -0.096302
0.299280 -0.096662
0.314215 -0.097731
0.329331 -0.096870
0.344613 -0.098025
0.360045 -0.097665
0.375611 -0.097057
0.391296 -0.096344
0.407083 -0.097040
0.422957 -0.094485
0.438901 -0.093643
0.454899 -0.091534
0.470935 -0.089695
0.486992 -0.089013
0.503055 -0.085740
0.519107 -0.085083
0.535132 -0.082744
0.551114 -0.080143
0.567036 -0.077995
0.582884 -0.075070
0.598640 -0.073745
0.614290 -0.070881
0.629817 -0.067610
0.645206 -0.065399
0.660442 -0.062923
0.675509 -0.059632
0.690393 -0.056791
0.705077 -0.054199
0.719549 -0.051310
0.733793 -0.048832
0.747795 -0.045704
0.761542 -0.042622
0.775019 -0.038883
0.788214 -0.037179
0.801113 -0.034522
0.813704 -0.031691
0.825973 -0.028932
0.837910 -0.026111
0.849501 -0.024145
0.860735 -0.022208
0.871601 -0.019982
0.882088 -0.017174
0.892184 -0.015480
0.901880 -0.012137
0.911165 -0.010087
0.920031 -0.008611
0.928468 -0.007186
0.936467 -0.005044
0.944019 -0.003289
0.951116 -0.002129
0.957751 -0.000828
0.963920 -0.000706
0.969616 0.001221
0.974836 0.002440
0.979575 0.003041
0.983831 0.005126
0.987598 0.003685
0.990874 0.005045
0.993653 0.005755
0.995934 0.005976
0.997711 0.006403
0.998982 0.008730
0.999745 0.004906
1.000000 0.005450
