1.000000 0.004102
0.999745 0.009471
0.998982 0.006066
0.997711 0.008815
0.995933 0.008615
0.993653 0.008120
0.990874 0.010174
0.987598 0.009462
0.983830 0.010764
0.979575 0.012659
0.974836 0.013440
0.969616 0.016739
0.963920 0.017496
0.957751 0.019538
0.951116 0.021907
0.944019 0.025260
0.936467 0.028718
0.928468 0.032110
0.920031 0.035304
0.911165 0.038955
0.901879 0.043296
0.892183 0.047388
0.882087 0.052917
0.871601 0.057890
0.860735 0.064452
0.849501 0.069502
0.837910 0.076815
0.825974 0.082774
0.813704 0.089878
0.801113 0.096910
0.788214 0.105003
0.775019 0.112802
0.761541 0.121707
0.747795 0.128658
0.733792 0.137342
0.719548 0.145637
0.705077 0.155277
0.690392 0.163524
0.675509 0.172351
0.660442 0.180221
0.645206 0.188770
0.629817 0.196024
0.614290 0.205103
0.598640 0.211443
0.582884 0.220150
0.567036 0.223946
0.551113 0.229703
0.535131 0.235899
0.519106 0.239689
0.503054 0.244454
0.486991 0.248204
0.470934 0.250682
0.454898 0.254038
0.438900 0.254993
0.422956 0.257524
0.407083 0.257858
0.391295 0.258186
0.375610 0.258105
0.360044 0.258124
0.344612 0.257332
0.329330 0.256646
0.314213 0.254341
0.299279 0.251946
0.284541 0.249464
0.270015 0.246559
0.255717 0.243188
0.241661 0.239438
0.227862 0.234814
0.214336 0.230096
0.201095 0.225821
0.188155 0.220068
0.175530 0.214722
0.163234 0.208909
0.151280 0.203038
0.139681 0.196702
0.128452 0.190826
0.117606 0.184075
0.107155 0.177200
0.097113 0.169461
0.087493 0.162053
0.078306 0.156118
0.069566 0.147554
0.061285 0.140485
0.053474 0.132953
0.046150 0.124560
0.039326 0.117170
0.033014 0.108138
0.027230 0.098535
0.021980 0.088693
0.017277 0.078917
0.013141 0.069013
0.009573 0.059736
0.006583 0.050165
0.004188 0.041011
0.002354 0.031312
0.001081 0.024151
0.000371 0.016988
0.000077 0.012516
0.000005 0.010022
0.000000 0.009319
0.000005 0.008447
0.000077 0.003958
0.000371 -0.000317
0.001081 -0.008500
0.002353 -0.014817
0.004188 -0.024151
0.006585 -0.031466
0.009576 -0.043033
0.013145 -0.050197
0.017281 -0.061658
0.021983 -0.070047
0.027232 -0.080307
0.033016 -0.089719
0.039328 -0.099227
0.046152 -0.108242
0.053476 -0.117406
0.061287 -0.124461
0.069568 -0.133935
0.078308 -0.141052
0.087495 -0.149932
0.097115 -0.156745
0.107157 -0.163758
0.117608 -0.171472
0.128454 -0.176979
0.139683 -0.183146
0.151282 -0.189781
0.163235 -0.195265
0.175532 -0.199544
0.188157 -0.204398
0.201097 -0.209176
0.214337 -0.213037
0.227864 -0.216425
0.241663 -0.221289
0.255719 -0.223658
0.270017 -0.226421
0.284542 -0.229026
0.299280 -0.230607
0.314215 -0.232585
0.329331 -0.233660
0.344613 -0.234911
0.360045 -0.235246
0.375611 -0.235288
0.391296 -0.235730
0.407083 -0.234941
0.422957 -0.233440
0.438901 -0.231775
0.454899 -0.230233
0.470935 -0.226731
0.486992 -0.223247
0.503055 -0.220794
0.519107 -0.217265
0.535132 -0.212741
0.551114 -0.207409
0.567036 -0.201736
0.582884 -0.195808
0.598640 -0.190021
0.614290 -0.183025
0.629817 -0.176967
0.645206 -0.167079
0.660442 -0.160559
0.675509 -0.151602
0.690393 -0.142850
0.705077 -0.134759
0.719549 -0.126092
0.733793 -0.119103
0.747795 -0.110362
0.761542 -0.101623
0.775019 -0.095065
0.788214 -0.087722
0.801113 -0.080268
0.813704 -0.074080
0.825973 -0.067113
0.837910 -0.062018
0.849501 -0.054427
0.860735 -0.049955
0.871601 -0.044098
0.882088 -0.039651
0.892184 -0.033857
0.901880 -0.030201
0.911165 -0.025324
0.920031 -0.021307
0.928468 -0.016893
0.936467 -0.013687
0.944019 -0.009990
0.951116 -0.006620
0.957751 -0.004310
0.963920 -0.001977
0.969616 -0.000101
0.974836 0.001553
0.979575 0.003157
0.983831 0.003982
0.987598 0.004329
0.990874 0.004965
0.993653 0.005243
0.995934 0.005650
0.997711 0.006683
0.998982 0.002876
0.999745 0.005243
1.000000 0.005654
