1.000000 0.011828
0.999745 0.013645
0.998982 0.012174
0.997711 0.013099
0.995933 0.013930
0.993653 0.014432
0.990874 0.013853
0.987598 0.015227
0.983830 0.014917
0.979575 0.018704
0.974836 0.019179
0.969616 0.018767
0.963920 0.021233
0.957751 0.025273
0.951116 0.025960
0.944019 0.030389
0.936467 0.033484
0.928468 0.037251
0.920031 0.041518
0.911165 0.046426
0.901879 0.050972
0.892183 0.056658
0.882087 0.062398
0.871601 0.068796
0.860735 0.074760
0.849501 0.080538
0.837910 0.088242
0.825974 0.095198
0.813704 0.102488
0.801113 0.109899
0.788214 0.116755
0.775019 0.124359
0.761541 0.131189
0.747795 0.138301
0.733792 0.144125
0.719548 0.150548
0.705077 0.156927
0.690392 0.163481
0.675509 0.170202
0.660442 0.175309
0.645206 0.179276
0.629817 0.183225
0.614290 0.186730
0.598640 0.189917
0.582884 0.192949
0.567036 0.195308
0.551113 0.198412
0.535131 0.200495
0.519106 0.202288
0.503054 0.203813
0.486991 0.205141
0.470934 0.206396
0.454898 0.207180
0.438900 0.208455
0.422956 0.209110
0.407083 0.210172
0.391295 0.209498
0.375610 0.208847
0.360044 0.208901
0.344612 0.208550
0.329330 0.207875
0.314213 0.206806
0.299279 0.206198
0.284541 0.205522
0.270015 0.205983
0.255717 0.205469
0.241661 0.204945
0.227862 0.203276
0.214336 0.202505
0.201095 0.202400
0.188155 0.203161
0.175530 0.201615
0.163234 0.199134
0.151280 0.196794
0.139681 0.194363
0.128452 0.191343
0.117606 0.187760
0.107155 0.180776
0.097113 0.176622
0.087493 0.168992
0.078306 0.161710
0.069566 0.154049
0.061285 0.145503
0.053474 0.135845
0.046150 0.127373
0.039326 0.117187
0.033014 0.107173
0.027230 0.096606
0.021980 0.086167
0.017277 0.077492
0.013141 0.066282
0.009573 0.057444
0.006583 0.047785
0.004188 0.039473
0.002354 0.031108
0.001081 0.021906
0.000371 0.016981
0.000077 0.011354
0.000005 0.010203
0.000000 0.008981
0.000005 0.006914
0.000077 0.004618
0.000371 0.000280
0.001081 -0.006788
0.002353 -0.013715
0.004188 -0.018933
0.006585 -0.024248
0.009576 -0.028230
0.013145 -0.032124
0.017281 -0.035281
0.021983 -0.038822
0.027232 -0.042544
0.033016 -0.046397
0.039328 -0.048857
0.046152 -0.052182
0.053476 -0.054811
0.061287 -0.057742
0.069568 -0.060561
0.078308 -0.062174
0.087495 -0.063380
0.097115 -0.065693
0.107157 -0.067497
0.117608 -0.069929
0.128454 -0.072460
0.139683 -0.074969
0.151282 -0.077520
0.163235 -0.080229
0.175532 -0.081468
0.188157 -0.082887
0.201097 -0.085279
0.214337 -0.086566
0.227864 -0.088460
0.241663 -0.089827
0.255719 -0.090409
0.270017 -0.091423
0.284542 -0.093436
0.299280 -0.093797
0.314215 -0.095329
0.329331 -0.094849
0.344613 -0.095324
0.360045 -0.095526
0.375611 -0.095786
0.391296 -0.097208
0.407083 -0.096961
0.422957 -0.097657
0.438901 -0.097263
0.454899 -0.096809
0.470935 -0.095491
0.486992 -0.095636
0.503055 -0.094756
0.519107 -0.094052
0.535132 -0.092604
0.551114 -0.091404
0.567036 -0.091238
0.582884 -0.089342
0.598640 -0.087503
0.614290 -0.085884
0.629817 -0.084580
0.645206 -0.081660
0.660442 -0.081008
0.675509 -0.078750
0.690393 -0.076367
0.705077 -0.075710
0.719549 -0.072129
0.733793 -0.071117
0.747795 -0.069708
0.761542 -0.067459
0.775019 -0.065886
0.788214 -0.063614
0.801113 -0.060182
0.813704 -0.057286
0.825973 -0.055357
0.837910 -0.052837
0.849501 -0.050758
0.860735 -0.048056
0.871601 -0.047073
0.882088 -0.043976
0.892184 -0.041352
0.901880 -0.039138
0.911165 -0.035909
0.920031 -0.032957
0.928468 -0.029574
0.936467 -0.028146
0.944019 -0.022036
0.951116 -0.019721
0.957751 -0.015644
0.963920 -0.012380
0.969616 -0.009225
0.974836 -0.006229
0.979575 -0.003288
0.983831 -0.001345
0.987598 -0.000060
0.990874 0.002537
0.993653 0.003852
0.995934 0.004571
0.997711 0.006923
0.998982 0.009592
0.999745 0.007836
1.000000 0.008361
