1.000000 0.009223
0.999745 0.007239
0.998982 0.009620
0.997711 0.009150
0.995933 0.010621
0.993653 0.012031
0.990874 0.012055
0.987598 0.013133
0.983830 0.012769
0.979575 0.014068
0.974836 0.015507
0.969616 0.017451
0.963920 0.020244
0.957751 0.022434
0.951116 0.024037
0.944019 0.026222
0.936467 0.028724
0.928468 0.030863
0.920031 0.033831
0.911165 0.036216
0.901879 0.039117
0.892183 0.042555
0.882087 0.045382
0.871601 0.048279
0.860735 0.050344
0.849501 0.054163
0.837910 0.057567
0.825974 0.060936
0.813704 0.064497
0.801113 0.067939
0.788214 0.071680
0.775019 0.075161
0.761541 0.078091
0.747795 0.084027
0.733792 0.087799
0.719548 0.092816
0.705077 0.097531
0.690392 0.101305
0.675509 0.106443
0.660442 0.111741
0.645206 0.116814
0.629817 0.122041
0.614290 0.126132
0.598640 0.130771
0.582884 0.136491
0.567036 0.142253
0.551113 0.148686
0.535131 0.153207
0.519106 0.157818
0.503054 0.164135
0.486991 0.167589
0.470934 0.174062
0.454898 0.178431
0.438900 0.183124
0.422956 0.186666
0.407083 0.190110
0.391295 0.195664
0.375610 0.197582
0.360044 0.200236
0.344612 0.202527
0.329330 0.204349
0.314213 0.206479
0.299279 0.208270
0.284541 0.209370
0.270015 0.210514
0.255717 0.209544
0.241661 0.209299
0.227862 0.208455
0.214336 0.206603
0.201095 0.205460
0.188155 0.204452
0.175530 0.202292
0.163234 0.199291
0.151280 0.195965
0.139681 0.192358
0.128452 0.187775
0.117606 0.181579
0.107155 0.175979
0.097113 0.169697
0.087493 0.162696
0.078306 0.156359
0.069566 0.148704
0.061285 0.140760
0.053474 0.132592
0.046150 0.123699
0.039326 0.115213
0.033014 0.106305
0.027230 0.096488
0.021980 0.086537
0.017277 0.076830
0.013141 0.067365
0.009573 0.057984
0.006583 0.048351
0.004188 0.038323
0.002354 0.029409
0.001081 0.021196
0.000371 0.015686
0.000077 0.010726
0.000005 0.007727
0.000000 0.006151
0.000005 0.005819
0.000077 0.003851
0.000371 0.000749
0.001081 -0.002252
0.002353 -0.007638
0.004188 -0.012942
0.006585 -0.019418
0.009576 -0.023976
0.013145 -0.026830
0.017281 -0.029475
0.021983 -0.035458
0.027232 -0.040175
0.033016 -0.043675
0.039328 -0.046607
0.046152 -0.048248
0.053476 -0.050338
0.061287 -0.053231
0.069568 -0.054245
0.078308 -0.056490
0.087495 -0.058185
0.097115 -0.058365
0.107157 -0.060489
0.117608 -0.062051
0.128454 -0.062082
0.139683 -0.062847
0.151282 -0.060993
0.163235 -0.060232
0.175532 -0.059727
0.188157 -0.058957
0.201097 -0.057912
0.214337 -0.057368
0.227864 -0.056425
0.241663 -0.055670
0.255719 -0.054844
0.270017 -0.053016
0.284542 -0.052119
0.299280 -0.050759
0.314215 -0.049141
0.329331 -0.047571
0.344613 -0.045232
0.360045 -0.044452
0.375611 -0.043383
0.391296 -0.042403
0.407083 -0.039537
0.422957 -0.038313
0.438901 -0.034878
0.454899 -0.034956
0.470935 -0.032756
0.486992 -0.031239
0.503055 -0.029179
0.519107 -0.027289
0.535132 -0.025153
0.551114 -0.024731
0.567036 -0.023009
0.582884 -0.021038
0.598640 -0.019537
0.614290 -0.018582
0.629817 -0.015740
0.645206 -0.015208
0.660442 -0.014205
0.675509 -0.013077
0.690393 -0.012401
0.705077 -0.008241
0.719549 -0.009650
0.733793 -0.007391
0.747795 -0.006079
0.761542 -0.004262
0.775019 -0.003634
0.788214 -0.001072
0.801113 0.000025
0.813704 0.000062
0.825973 0.003452
0.837910 0.001843
0.849501 0.002278
0.860735 0.004361
0.871601 0.004457
0.882088 0.005726
0.892184 0.005875
0.901880 0.005525
0.911165 0.006302
0.920031 0.005953
0.928468 0.006904
0.936467 0.006290
0.944019 0.006313
0.951116 0.006701
0.957751 0.006901
0.963920 0.007467
0.969616 0.007347
0.974836 0.007716
0.979575 0.007515
0.983831 0.007220
0.987598 0.006201
0.990874 0.006471
0.993653 0.006935
0.995934 0.007422
0.997711 0.007661
0.998982 0.005918
0.999745 0.007065
1.000000 0.006759
