1.000000 0.013305
0.999742 0.000287
0.998967 0.005176
0.997677 0.006869
0.995873 0.004703
0.993557 0.005829
0.990730 0.008455
0.987397 0.008694
0.983559 0.011981
0.979222 0.008086
0.974389 0.008830
0.969066 0.017731
0.963257 0.012112
0.956968 0.014023
0.950207 0.019262
0.942978 0.022554
0.935291 0.024636
0.927153 0.028131
0.918572 0.030685
0.909557 0.034566
0.900118 0.037761
0.890263 0.054594
0.880003 0.042947
0.869346 0.048191
0.858301 0.058736
0.846878 0.064381
0.835087 0.067911
0.822935 0.073424
0.810434 0.077267
0.797592 0.083249
0.784420 0.090546
0.770932 0.089845
0.757142 0.103503
0.743066 0.112196
0.728720 0.115236
0.714121 0.121583
0.699287 0.127475
0.684233 0.132625
0.668976 0.138169
0.653529 0.143128
0.637906 0.148101
0.622122 0.153151
0.606189 0.157695
0.590124 0.162685
0.573939 0.166710
0.557650 0.172036
0.541270 0.181042
0.524815 0.178552
0.508299 0.182037
0.491736 0.180075
0.475144 0.183642
0.458541 0.185987
0.441947 0.186293
0.425382 0.187087
0.408864 0.185546
0.392413 0.190014
0.376047 0.189010
0.359782 0.204028
0.343631 0.186592
0.327610 0.187478
0.311733 0.190458
0.296015 0.183054
0.280474 0.184184
0.265137 0.181550
0.250032 0.178792
0.235188 0.178073
0.220629 0.172912
0.206380 0.168908
0.192463 0.168702
0.178893 0.163287
0.165673 0.160806
0.152808 0.155322
0.140300 0.152667
0.128174 0.143573
0.116467 0.141697
0.105209 0.135496
0.094427 0.131012
0.084163 0.125518
0.074484 0.121065
0.065433 0.121478
0.056952 0.107167
0.048957 0.110411
0.041413 0.091879
0.034446 0.092708
0.028194 0.087619
0.022741 0.082275
0.018082 0.075997
0.014091 0.070207
0.010654 0.064022
0.007726 0.057512
0.005338 0.051088
0.003484 0.044288
0.002122 0.036648
0.001182 0.032384
0.000586 0.023162
0.000245 0.016057
0.000079 0.007150
0.000016 0.008584
0.000001 0.004499
0.000000 0.002400
0.000002 0.001001
0.000030 -0.001488
0.000151 -0.006106
0.000467 -0.010614
0.001108 -0.015763
0.002220 -0.030495
0.003943 -0.031338
0.006395 -0.037607
0.009644 -0.044191
0.013689 -0.050169
0.018461 -0.057213
0.023908 -0.062954
0.029938 -0.066740
0.036499 -0.075394
0.043576 -0.079758
0.051146 -0.086936
0.059182 -0.088427
0.067663 -0.096053
0.076567 -0.107359
0.085874 -0.115046
0.095579 -0.116219
0.105683 -0.123969
0.116181 -0.129857
0.127062 -0.137803
0.138313 -0.140894
0.149921 -0.146371
0.161871 -0.150887
0.174153 -0.158733
0.186757 -0.161419
0.199673 -0.165991
0.212891 -0.169026
0.226397 -0.168944
0.240177 -0.187870
0.254216 -0.179325
0.268500 -0.184885
0.283012 -0.184389
0.297736 -0.198588
0.312657 -0.177483
0.327758 -0.197776
0.343026 -0.193826
0.358445 -0.197483
0.374000 -0.195627
0.389676 -0.194192
0.405458 -0.192870
0.421329 -0.196136
0.437274 -0.194277
0.453277 -0.193671
0.469320 -0.193212
0.485389 -0.190552
0.501465 -0.179320
0.517533 -0.181831
0.533577 -0.183651
0.549580 -0.173035
0.565525 -0.172351
0.581397 -0.165144
0.597180 -0.160228
0.612856 -0.154826
0.628411 -0.148042
0.643830 -0.145089
0.659098 -0.135390
0.674199 -0.134566
0.689119 -0.126982
0.703843 -0.120088
0.718357 -0.115148
0.732645 -0.107810
0.746693 -0.100517
0.760487 -0.094533
0.774013 -0.087946
0.787256 -0.082680
0.800204 -0.081537
0.812842 -0.070844
0.825159 -0.065711
0.837141 -0.059550
0.848778 -0.057207
0.860056 -0.048950
0.870965 -0.045461
0.881493 -0.044295
0.891630 -0.037523
0.901366 -0.031521
0.910692 -0.027997
0.919596 -0.022202
0.928071 -0.021031
0.936109 -0.017896
0.943700 -0.014270
0.950837 -0.012653
0.957514 -0.009222
0.963723 -0.006635
0.969458 -0.005837
0.974715 -0.003372
0.979486 -0.002430
0.983768 -0.001516
0.987557 -0.000536
0.990848 0.000168
0.993639 0.000123
0.995926 0.005026
0.997707 -0.005008
0.998980 0.009703
0.999745 0.006137
1.000000 0.003382
