1.000000 0.007918
0.999745 0.009112
0.998982 0.010672
0.997711 0.011380
0.995933 0.011688
0.993653 0.011476
0.990874 0.013458
0.987598 0.015743
0.983830 0.017788
0.979575 0.019999
0.974836 0.022160
0.969616 0.025297
0.963920 0.027149
0.957751 0.031176
0.951116 0.033956
0.944019 0.038687
0.936467 0.041309
0.928468 0.046476
0.920031 0.049580
0.911165 0.052673
0.901879 0.056403
0.892183 0.059742
0.882087 0.064678
0.871601 0.068627
0.860735 0.073530
0.849501 0.075835
0.837910 0.079305
0.825974 0.084614
0.813704 0.088337
0.801113 0.092719
0.788214 0.095392
0.775019 0.098129
0.761541 0.101616
0.747795 0.104206
0.733792 0.107501
0.719548 0.111227
0.705077 0.113603
0.690392 0.115498
0.675509 0.119386
0.660442 0.120166
0.645206 0.123476
0.629817 0.125695
0.614290 0.128169
0.598640 0.129828
0.582884 0.130883
0.567036 0.132249
0.551113 0.133291
0.535131 0.133813
0.519106 0.133907
0.503054 0.134339
0.486991 0.134037
0.470934 0.134182
0.454898 0.133188
0.438900 0.132730
0.422956 0.132244
0.407083 0.131502
0.391295 0.130897
0.375610 0.129453
0.360044 0.127105
0.344612 0.126189
0.329330 0.124509
0.314213 0.122274
0.299279 0.121696
0.284541 0.117437
0.270015 0.116240
0.255717 0.113060
0.241661 0.109722
0.227862 0.107014
0.214336 0.104327
0.201095 0.102822
0.188155 0.100076
0.175530 0.097224
0.163234 0.094412
0.151280 0.091835
0.139681 0.088283
0.128452 0.084600
0.117606 0.081049
0.107155 0.077554
0.097113 0.074178
0.087493 0.069255
0.078306 0.065937
0.069566 0.061680
0.061285 0.060056
0.053474 0.057217
0.046150 0.052310
0.039326 0.052089
0.033014 0.048188
0.027230 0.044485
0.021980 0.042801
0.017277 0.040239
0.013141 0.037070
0.009573 0.037199
0.006583 0.031298
0.004188 0.028283
0.002354 0.025007
0.001081 0.020674
0.000371 0.015768
0.000077 0.011685
0.000005 0.009250
0.000000 0.007638
0.000005 0.006018
0.000077 0.004190
0.000371 -0.001165
0.001081 -0.001249
0.002353 -0.004680
0.004188 -0.007959
0.006585 -0.008282
0.009576 -0.009758
0.013145 -0.009076
0.017281 -0.008989
0.021983 -0.010742
0.027232 -0.010498
0.033016 -0.011750
0.039328 -0.011474
0.046152 -0.011559
0.053476 -0.011918
0.061287 -0.011377
0.069568 -0.011050
0.078308 -0.011323
0.087495 -0.011896
0.097115 -0.011199
0.107157 -0.013954
0.117608 -0.012469
0.128454 -0.012067
0.139683 -0.012531
0.151282 -0.013098
0.163235 -0.011626
0.175532 -0.010997
0.188157 -0.011200
0.201097 -0.009029
0.214337 -0.011154
0.227864 -0.010096
0.241663 -0.009093
0.255719 -0.009054
0.270017 -0.009376
0.284542 -0.009365
0.299280 -0.007932
0.314215 -0.007348
0.329331 -0.008549
0.344613 -0.008023
0.360045 -0.007095
0.375611 -0.006439
0.391296 -0.005988
0.407083 -0.005845
0.422957 -0.005183
0.438901 -0.006191
0.454899 -0.004468
0.470935 -0.004491
0.486992 -0.002825
0.503055 -0.002863
0.519107 -0.001957
0.535132 -0.003291
0.551114 -0.002630
0.567036 -0.001748
0.582884 -0.002759
0.598640 -0.002552
0.614290 -0.001793
0.629817 -0.000554
0.645206 0.000378
0.660442 -0.000793
0.675509 0.000767
0.690393 0.001241
0.705077 0.000242
0.719549 0.001359
0.733793 -0.000929
0.747795 0.002253
0.761542 0.002844
0.775019 0.003190
0.788214 0.003468
0.801113 0.002829
0.813704 0.002846
0.825973 0.002953
0.837910 0.002480
0.849501 0.003074
0.860735 0.003223
0.871601 0.003256
0.882088 0.002816
0.892184 0.001534
0.901880 0.002467
0.911165 0.002812
0.920031 0.004254
0.928468 0.004709
0.936467 0.005211
0.944019 0.004646
0.951116 0.006014
0.957751 0.006323
0.963920 0.006456
0.969616 0.007383
0.974836 0.006383
0.979575 0.006488
0.983831 0.006687
0.987598 0.006860
0.990874 0.006843
0.993653 0.005908
0.995934 0.006407
0.997711 0.005652
0.998982 0.007045
0.999745 0.005466
1.000000 0.005773
