1.000000 0.005856
0.999745 0.007292
0.998982 0.008605
0.997711 0.009903
0.995933 0.012163
0.993653 0.012894
0.990874 0.014115
0.987598 0.017701
0.983830 0.019708
0.979575 0.022150
0.974836 0.026089
0.969616 0.030450
0.963920 0.033661
0.957751 0.038838
0.951116 0.043231
0.944019 0.048759
0.936467 0.053263
0.928468 0.058475
0.920031 0.063819
0.911165 0.069949
0.901879 0.076540
0.892183 0.083149
0.882087 0.091140
0.871601 0.098399
0.860735 0.105551
0.849501 0.114060
0.837910 0.121861
0.825974 0.130654
0.813704 0.138424
0.801113 0.148355
0.788214 0.157004
0.775019 0.165721
0.761541 0.174436
0.747795 0.183252
0.733792 0.193883
0.719548 0.204265
0.705077 0.215400
0.690392 0.224435
0.675509 0.233743
0.660442 0.243322
0.645206 0.253266
0.629817 0.263092
0.614290 0.271598
0.598640 0.280317
0.582884 0.288671
0.567036 0.296810
0.551113 0.304447
0.535131 0.310760
0.519106 0.317161
0.503054 0.321809
0.486991 0.327009
0.470934 0.330841
0.454898 0.334377
0.438900 0.338251
0.422956 0.341225
0.407083 0.342361
0.391295 0.343211
0.375610 0.342727
0.360044 0.342398
0.344612 0.341087
0.329330 0.340120
0.314213 0.335939
0.299279 0.333031
0.284541 0.329249
0.270015 0.325040
0.255717 0.320573
0.241661 0.314386
0.227862 0.307608
0.214336 0.300240
0.201095 0.292804
0.188155 0.285119
0.175530 0.276454
0.163234 0.267708
0.151280 0.258433
0.139681 0.248605
0.128452 0.238636
0.117606 0.228035
0.107155 0.216524
0.097113 0.206047
0.087493 0.195194
0.078306 0.183965
0.069566 0.173416
0.061285 0.160565
0.053474 0.149036
0.046150 0.137329
0.039326 0.125694
0.033014 0.114255
0.027230 0.102629
0.021980 0.091129
0.017277 0.078907
0.013141 0.068328
0.009573 0.058169
0.006583 0.049296
0.004188 0.039417
0.002354 0.030712
0.001081 0.022906
0.000371 0.016911
0.000077 0.012312
0.000005 0.009697
0.000000 0.008499
0.000005 0.007127
0.000077 0.004436
0.000371 -0.000040
0.001081 -0.005610
0.002353 -0.011758
0.004188 -0.019684
0.006585 -0.023907
0.009576 -0.029120
0.013145 -0.034435
0.017281 -0.039236
0.021983 -0.044048
0.027232 -0.047704
0.033016 -0.050919
0.039328 -0.055752
0.046152 -0.057645
0.053476 -0.061743
0.061287 -0.063581
0.069568 -0.065751
0.078308 -0.068033
0.087495 -0.068882
0.097115 -0.069711
0.107157 -0.070927
0.117608 -0.071161
0.128454 -0.070303
0.139683 -0.070166
0.151282 -0.067937
0.163235 -0.068092
0.175532 -0.066720
0.188157 -0.065019
0.201097 -0.063504
0.214337 -0.059409
0.227864 -0.058021
0.241663 -0.055169
0.255719 -0.052374
0.270017 -0.049540
0.284542 -0.044696
0.299280 -0.040448
0.314215 -0.036754
0.329331 -0.033498
0.344613 -0.028623
0.360045 -0.024913
0.375611 -0.021956
0.391296 -0.017670
0.407083 -0.014924
0.422957 -0.011002
0.438901 -0.008215
0.454899 -0.005936
0.470935 -0.001777
0.486992 -0.000539
0.503055 0.002665
0.519107 0.005547
0.535132 0.008279
0.551114 0.009979
0.567036 0.012029
0.582884 0.014014
0.598640 0.015694
0.614290 0.017364
0.629817 0.017909
0.645206 0.019636
0.660442 0.021519
0.675509 0.023121
0.690393 0.024334
0.705077 0.025095
0.719549 0.026519
0.733793 0.027960
0.747795 0.027504
0.761542 0.028385
0.775019 0.028376
0.788214 0.028317
0.801113 0.027344
0.813704 0.027319
0.825973 0.025965
0.837910 0.025808
0.849501 0.025038
0.860735 0.023703
0.871601 0.022988
0.882088 0.021698
0.892184 0.020648
0.901880 0.017987
0.911165 0.015656
0.920031 0.015154
0.928468 0.014952
0.936467 0.013723
0.944019 0.013158
0.951116 0.010813
0.957751 0.010345
0.963920 0.009265
0.969616 0.008033
0.974836 0.006663
0.979575 0.007003
0.983831 0.005787
0.987598 0.005647
0.990874 0.005087
0.993653 0.003934
0.995934 0.006193
0.997711 0.005952
0.998982 0.006388
0.999745 0.001830
1.000000 -0.001413
