1.000000 0.007201
0.999745 0.011117
0.998982 0.010440
0.997711 0.013590
0.995933 0.012230
0.993653 0.015307
0.990874 0.016507
0.987598 0.017644
0.983830 0.021653
0.979575 0.025399
0.974836 0.028860
0.969616 0.032313
0.963920 0.037039
0.957751 0.041386
0.951116 0.046104
0.944019 0.050520
0.936467 0.055573
0.928468 0.061007
0.920031 0.065893
0.911165 0.071464
0.901879 0.077051
0.892183 0.083145
0.882087 0.089198
0.871601 0.095597
0.860735 0.101473
0.849501 0.108483
0.837910 0.115309
0.825974 0.122065
0.813704 0.129226
0.801113 0.136368
0.788214 0.143712
0.775019 0.150671
0.761541 0.156451
0.747795 0.164318
0.733792 0.170825
0.719548 0.178989
0.705077 0.185335
0.690392 0.192541
0.675509 0.199549
0.660442 0.207349
0.645206 0.215108
0.629817 0.222402
0.614290 0.229190
0.598640 0.235281
0.582884 0.241097
0.567036 0.246467
0.551113 0.251393
0.535131 0.256096
0.519106 0.261012
0.503054 0.265631
0.486991 0.270346
0.470934 0.274156
0.454898 0.278201
0.438900 0.279776
0.422956 0.282447
0.407083 0.283744
0.391295 0.285172
0.375610 0.284764
0.360044 0.285413
0.344612 0.283686
0.329330 0.283312
0.314213 0.280686
0.299279 0.278101
0.284541 0.276360
0.270015 0.272077
0.255717 0.267652
0.241661 0.263109
0.227862 0.257734
0.214336 0.253483
0.201095 0.247120
0.188155 0.241855
0.175530 0.233734
0.163234 0.225970
0.151280 0.218670
0.139681 0.210912
0.128452 0.203658
0.117606 0.196255
0.107155 0.187104
0.097113 0.178629
0.087493 0.169883
0.078306 0.160502
0.069566 0.150960
0.061285 0.140812
0.053474 0.131428
0.046150 0.121736
0.039326 0.112170
0.033014 0.101824
0.027230 0.094207
0.021980 0.083613
0.017277 0.073954
0.013141 0.065334
0.009573 0.056971
0.006583 0.046739
0.004188 0.039138
0.002354 0.031244
0.001081 0.022197
0.000371 0.015949
0.000077 0.012552
0.000005 0.009352
0.000000 0.008449
0.000005 0.007069
0.000077 0.003816
0.000371 0.000661
0.001081 -0.002970
0.002353 -0.008192
0.004188 -0.011792
0.006585 -0.015504
0.009576 -0.018358
0.013145 -0.020489
0.017281 -0.020769
0.021983 -0.020321
0.027232 -0.019942
0.033016 -0.018460
0.039328 -0.017574
0.046152 -0.016928
0.053476 -0.014163
0.061287 -0.011108
0.069568 -0.007910
0.078308 -0.005913
0.087495 -0.004319
0.097115 -0.001463
0.107157 0.000558
0.117608 0.003426
0.128454 0.006471
0.139683 0.009081
0.151282 0.012641
0.163235 0.015159
0.175532 0.017190
0.188157 0.020513
0.201097 0.025029
0.214337 0.027180
0.227864 0.029121
0.241663 0.032780
0.255719 0.033921
0.270017 0.035591
0.284542 0.037571
0.299280 0.040242
0.314215 0.041610
0.329331 0.043245
0.344613 0.043704
0.360045 0.045675
0.375611 0.047897
0.391296 0.048586
0.407083 0.050812
0.422957 0.050534
0.438901 0.051581
0.454899 0.053343
0.470935 0.053586
0.486992 0.053862
0.503055 0.054445
0.519107 0.053081
0.535132 0.052771
0.551114 0.052488
0.567036 0.053443
0.582884 0.052271
0.598640 0.051173
0.614290 0.049682
0.629817 0.047903
0.645206 0.046981
0.660442 0.045463
0.675509 0.044498
0.690393 0.043403
0.705077 0.040272
0.719549 0.038644
0.733793 0.037310
0.747795 0.036906
0.761542 0.035834
0.775019 0.034506
0.788214 0.033075
0.801113 0.031939
0.813704 0.029198
0.825973 0.028506
0.837910 0.027126
0.849501 0.026661
0.860735 0.025102
0.871601 0.022380
0.882088 0.021646
0.892184 0.020766
0.901880 0.018993
0.911165 0.016539
0.920031 0.016333
0.928468 0.015539
0.936467 0.014329
0.944019 0.011941
0.951116 0.012983
0.957751 0.011508
0.963920 0.010598
0.969616 0.009585
0.974836 0.008901
0.979575 0.008436
0.983831 0.007835
0.987598 0.007627
0.990874 0.007187
0.993653 0.006162
0.995934 0.006385
0.997711 0.007120
0.998982 0.007123
0.999745 0.006282
1.000000 0.003564
