1.000000 0.008791
0.999745 0.009585
0.998982 0.010147
0.997711 0.010349
0.995933 0.010296
0.993653 0.015563
0.990874 0.012839
0.987598 0.015344
0.983830 0.017557
0.979575 0.020117
0.974836 0.023587
0.969616 0.025294
0.963920 0.029309
0.957751 0.031087
0.951116 0.036304
0.944019 0.039714
0.936467 0.043231
0.928468 0.046464
0.920031 0.049753
0.911165 0.054372
0.901879 0.059525
0.892183 0.064445
0.882087 0.069309
0.871601 0.074550
0.860735 0.078970
0.849501 0.085005
0.837910 0.091685
0.825974 0.098048
0.813704 0.104887
0.801113 0.109063
0.788214 0.114933
0.775019 0.120397
0.761541 0.128082
0.747795 0.134003
0.733792 0.140053
0.719548 0.145724
0.705077 0.153997
0.690392 0.160726
0.675509 0.167161
0.660442 0.173366
0.645206 0.179404
0.629817 0.185357
0.614290 0.191071
0.598640 0.195695
0.582884 0.200476
0.567036 0.204912
0.551113 0.210662
0.535131 0.214530
0.519106 0.218919
0.503054 0.223318
0.486991 0.226359
0.470934 0.229577
0.454898 0.231846
0.438900 0.234220
0.422956 0.235403
0.407083 0.237982
0.391295 0.238368
0.375610 0.239238
0.360044 0.238646
0.344612 0.238311
0.329330 0.237819
0.314213 0.237400
0.299279 0.236535
0.284541 0.234698
0.270015 0.232621
0.255717 0.231071
0.241661 0.228805
0.227862 0.226161
0.214336 0.223328
0.201095 0.219748
0.188155 0.217057
0.175530 0.212687
0.163234 0.208434
0.151280 0.203008
0.139681 0.197529
0.128452 0.191250
0.117606 0.185483
0.107155 0.179501
0.097113 0.172534
0.087493 0.165461
0.078306 0.159051
0.069566 0.151697
0.061285 0.143861
0.053474 0.134929
0.046150 0.125812
0.039326 0.116441
0.033014 0.107680
0.027230 0.098615
0.021980 0.088274
0.017277 0.080130
0.013141 0.070506
0.009573 0.060119
0.006583 0.050125
0.004188 0.039795
0.002354 0.031584
0.001081 0.023899
0.000371 0.016916
0.000077 0.012018
0.000005 0.009306
0.000000 0.008946
0.000005 0.008636
0.000077 0.004875
0.000371 -0.001050
0.001081 -0.007274
0.002353 -0.015694
0.004188 -0.022487
0.006585 -0.032407
0.009576 -0.042127
0.013145 -0.052272
0.017281 -0.060304
0.021983 -0.069334
0.027232 -0.078673
0.033016 -0.086859
0.039328 -0.094933
0.046152 -0.102270
0.053476 -0.111108
0.061287 -0.117509
0.069568 -0.125802
0.078308 -0.131360
0.087495 -0.140359
0.097115 -0.145548
0.107157 -0.152415
0.117608 -0.158127
0.128454 -0.163344
0.139683 -0.169488
0.151282 -0.175830
0.163235 -0.179547
0.175532 -0.184473
0.188157 -0.187930
0.201097 -0.191976
0.214337 -0.195674
0.227864 -0.199341
0.241663 -0.202309
0.255719 -0.204905
0.270017 -0.207708
0.284542 -0.209954
0.299280 -0.211948
0.314215 -0.212911
0.329331 -0.214186
0.344613 -0.214299
0.360045 -0.215403
0.375611 -0.215034
0.391296 -0.214699
0.407083 -0.214726
0.422957 -0.212899
0.438901 -0.212401
0.454899 -0.210253
0.470935 -0.208631
0.486992 -0.205251
0.503055 -0.201031
0.519107 -0.197867
0.535132 -0.194212
0.551114 -0.190098
0.567036 -0.186351
0.582884 -0.180611
0.598640 -0.174773
0.614290 -0.169145
0.629817 -0.162886
0.645206 -0.156526
0.660442 -0.149994
0.675509 -0.143217
0.690393 -0.138457
0.705077 -0.129943
0.719549 -0.123259
0.733793 -0.116994
0.747795 -0.110437
0.761542 -0.105053
0.775019 -0.098287
0.788214 -0.092264
0.801113 -0.086464
0.813704 -0.081019
0.825973 -0.075322
0.837910 -0.068846
0.849501 -0.063789
0.860735 -0.058503
0.871601 -0.054614
0.882088 -0.047510
0.892184 -0.042186
0.901880 -0.036988
0.911165 -0.033117
0.920031 -0.027352
0.928468 -0.024990
0.936467 -0.020444
0.944019 -0.016388
0.951116 -0.013180
0.957751 -0.012342
0.963920 -0.007762
0.969616 -0.005886
0.974836 -0.003075
0.979575 -0.003228
0.983831 0.000308
0.987598 0.001488
0.990874 0.002782
0.993653 0.003245
0.995934 0.003963
0.997711 0.003743
0.998982 0.003877
0.999745 0.002112
1.000000 0.004181
