1.000000 0.003586
0.999745 0.007181
0.998982 0.008891
0.997711 0.007688
0.995933 0.009915
0.993653 0.010289
0.990874 0.009935
0.987598 0.012323
0.983830 0.016395
0.979575 0.017277
0.974836 0.019735
0.969616 0.022994
0.963920 0.026592
0.957751 0.029007
0.951116 0.032203
0.944019 0.036284
0.936467 0.040027
0.928468 0.044023
0.920031 0.048164
0.911165 0.052401
0.901879 0.057444
0.892183 0.063162
0.882087 0.068916
0.871601 0.073297
0.860735 0.079138
0.849501 0.084626
0.837910 0.091230
0.825974 0.096781
0.813704 0.103175
0.801113 0.108804
0.788214 0.115911
0.775019 0.121745
0.761541 0.128222
0.747795 0.135077
0.733792 0.141935
0.719548 0.148288
0.705077 0.154792
0.690392 0.160044
0.675509 0.166120
0.660442 0.172401
0.645206 0.178033
0.629817 0.184372
0.614290 0.189497
0.598640 0.194592
0.582884 0.199997
0.567036 0.205007
0.551113 0.210656
0.535131 0.215023
0.519106 0.218849
0.503054 0.223161
0.486991 0.227403
0.470934 0.231029
0.454898 0.234253
0.438900 0.237408
0.422956 0.240108
0.407083 0.242668
0.391295 0.244332
0.375610 0.245975
0.360044 0.247175
0.344612 0.248092
0.329330 0.248297
0.314213 0.249451
0.299279 0.246856
0.284541 0.246020
0.270015 0.244906
0.255717 0.243685
0.241661 0.241409
0.227862 0.239505
0.214336 0.236195
0.201095 0.231968
0.188155 0.227225
0.175530 0.223870
0.163234 0.217567
0.151280 0.213521
0.139681 0.207707
0.128452 0.201032
0.117606 0.194997
0.107155 0.187625
0.097113 0.179536
0.087493 0.173249
0.078306 0.163191
0.069566 0.154671
0.061285 0.146321
0.053474 0.137044
0.046150 0.128312
0.039326 0.117837
0.033014 0.108311
0.027230 0.098822
0.021980 0.088520
0.017277 0.078747
0.013141 0.068309
0.009573 0.059086
0.006583 0.048797
0.004188 0.040002
0.002354 0.030842
0.001081 0.021190
0.000371 0.016085
0.000077 0.011712
0.000005 0.009223
0.000000 0.008938
0.000005 0.006668
0.000077 0.004641
0.000371 0.001174
0.001081 -0.005292
0.002353 -0.011677
0.004188 -0.017398
0.006585 -0.023655
0.009576 -0.029801
0.013145 -0.035160
0.017281 -0.040338
0.021983 -0.045578
0.027232 -0.050306
0.033016 -0.054201
0.039328 -0.059722
0.046152 -0.060364
0.053476 -0.066208
0.061287 -0.069464
0.069568 -0.072352
0.078308 -0.074708
0.087495 -0.076928
0.097115 -0.078586
0.107157 -0.080114
0.117608 -0.082311
0.128454 -0.083396
0.139683 -0.085937
0.151282 -0.086048
0.163235 -0.087719
0.175532 -0.085345
0.188157 -0.086895
0.201097 -0.087120
0.214337 -0.086122
0.227864 -0.084859
0.241663 -0.083323
0.255719 -0.085384
0.270017 -0.082571
0.284542 -0.081306
0.299280 -0.079619
0.314215 -0.077923
0.329331 -0.076488
0.344613 -0.074895
0.360045 -0.073697
0.375611 -0.071746
0.391296 -0.069498
0.407083 -0.067422
0.422957 -0.065276
0.438901 -0.063912
0.454899 -0.061458
0.470935 -0.060013
0.486992 -0.056159
0.503055 -0.053164
0.519107 -0.050216
0.535132 -0.047634
0.551114 -0.044659
0.567036 -0.042251
0.582884 -0.038411
0.598640 -0.036528
0.614290 -0.034355
0.629817 -0.032074
0.645206 -0.029306
0.660442 -0.026187
0.675509 -0.024818
0.690393 -0.022535
0.705077 -0.019937
0.719549 -0.017792
0.733793 -0.015831
0.747795 -0.015879
0.761542 -0.011987
0.775019 -0.011723
0.788214 -0.010667
0.801113 -0.009278
0.813704 -0.009132
0.825973 -0.008590
0.837910 -0.005408
0.849501 -0.003029
0.860735 -0.001981
0.871601 -0.001561
0.882088 -0.000535
0.892184 -0.000227
0.901880 0.001244
0.911165 0.001684
0.920031 0.002740
0.928468 0.003934
0.936467 0.004372
0.944019 0.005078
0.951116 0.006085
0.957751 0.006821
0.963920 0.006276
0.969616 0.006213
0.974836 0.007062
0.979575 0.007559
0.983831 0.007414
0.987598 0.007237
0.990874 0.006975
0.993653 0.007682
0.995934 0.007411
0.997711 0.007890
0.998982 0.006582
0.999745 0.006493
1.000000 0.008447
