1.000000 0.006105
0.999745 0.008618
0.998982 0.009746
0.997711 0.009931
0.995933 0.009908
0.993653 0.011812
0.990874 0.013044
0.987598 0.014977
0.983830 0.018515
0.979575 0.022103
0.974836 0.023449
0.969616 0.027740
0.963920 0.031453
0.957751 0.036492
0.951116 0.041048
0.944019 0.045583
0.936467 0.049633
0.928468 0.054812
0.920031 0.059204
0.911165 0.063612
0.901879 0.069250
0.892183 0.073901
0.882087 0.079224
0.871601 0.084440
0.860735 0.092310
0.849501 0.095624
0.837910 0.101982
0.825974 0.107235
0.813704 0.113318
0.801113 0.118991
0.788214 0.124424
0.775019 0.129659
0.761541 0.136003
0.747795 0.142113
0.733792 0.147452
0.719548 0.153164
0.705077 0.158547
0.690392 0.163911
0.675509 0.169292
0.660442 0.175048
0.645206 0.179925
0.629817 0.185350
0.614290 0.189001
0.598640 0.193210
0.582884 0.197773
0.567036 0.202366
0.551113 0.205871
0.535131 0.209596
0.519106 0.212342
0.503054 0.215890
0.486991 0.219262
0.470934 0.223094
0.454898 0.224722
0.438900 0.226476
0.422956 0.227942
0.407083 0.229409
0.391295 0.230993
0.375610 0.232107
0.360044 0.232684
0.344612 0.232470
0.329330 0.231359
0.314213 0.230818
0.299279 0.228964
0.284541 0.228118
0.270015 0.227259
0.255717 0.225374
0.241661 0.223059
0.227862 0.221010
0.214336 0.216797
0.201095 0.213027
0.188155 0.210201
0.175530 0.206365
0.163234 0.202007
0.151280 0.197633
0.139681 0.191932
0.128452 0.185712
0.117606 0.181477
0.107155 0.173756
0.097113 0.167165
0.087493 0.158641
0.078306 0.150778
0.069566 0.143471
0.061285 0.135443
0.053474 0.127655
0.046150 0.118870
0.039326 0.110243
0.033014 0.101427
0.027230 0.092639
0.021980 0.083437
0.017277 0.074519
0.013141 0.064982
0.009573 0.056119
0.006583 0.046336
0.004188 0.036992
0.002354 0.029474
0.001081 0.021773
0.000371 0.015599
0.000077 0.011526
0.000005 0.008210
0.000000 0.006177
0.000005 0.005181
0.000077 0.003242
0.000371 -0.000744
0.001081 -0.005936
0.002353 -0.011006
0.004188 -0.016843
0.006585 -0.022865
0.009576 -0.028936
0.013145 -0.032827
0.017281 -0.036785
0.021983 -0.042124
0.027232 -0.047030
0.033016 -0.051079
0.039328 -0.055895
0.046152 -0.058140
0.053476 -0.061318
0.061287 -0.066798
0.069568 -0.069369
0.078308 -0.072527
0.087495 -0.076759
0.097115 -0.078672
0.107157 -0.080877
0.117608 -0.082762
0.128454 -0.084784
0.139683 -0.087349
0.151282 -0.087529
0.163235 -0.088676
0.175532 -0.089689
0.188157 -0.089634
0.201097 -0.091563
0.214337 -0.092405
0.227864 -0.091991
0.241663 -0.092346
0.255719 -0.093925
0.270017 -0.093078
0.284542 -0.091984
0.299280 -0.092522
0.314215 -0.092911
0.329331 -0.091811
0.344613 -0.090409
0.360045 -0.090589
0.375611 -0.088270
0.391296 -0.086326
0.407083 -0.086312
0.422957 -0.083641
0.438901 -0.081904
0.454899 -0.079143
0.470935 -0.077191
0.486992 -0.075900
0.503055 -0.072698
0.519107 -0.071822
0.535132 -0.067732
0.551114 -0.065317
0.567036 -0.062400
0.582884 -0.059997
0.598640 -0.055046
0.614290 -0.054056
0.629817 -0.051008
0.645206 -0.047424
0.660442 -0.043322
0.675509 -0.040357
0.690393 -0.035864
0.705077 -0.034138
0.719549 -0.029703
0.733793 -0.027016
0.747795 -0.023026
0.761542 -0.019876
0.775019 -0.017057
0.788214 -0.014828
0.801113 -0.011826
0.813704 -0.008996
0.825973 -0.006792
0.837910 -0.002642
0.849501 -0.002415
0.860735 0.001513
0.871601 0.003582
0.882088 0.004735
0.892184 0.004870
0.901880 0.006998
0.911165 0.007966
0.920031 0.008750
0.928468 0.009411
0.936467 0.009753
0.944019 0.010657
0.951116 0.010360
0.957751 0.011071
0.963920 0.011579
0.969616 0.012197
0.974836 0.011785
0.979575 0.010639
0.983831 0.010940
0.987598 0.011136
0.990874 0.009819
0.993653 0.009140
0.995934 0.008965
0.997711 0.008025
0.998982 0.006834
0.999745 0.005237
1.000000 0.004045
