1.000000 0.009046
0.999745 0.011326
0.998982 0.011292
0.997711 0.010167
0.995933 0.010144
0.993653 0.010596
0.990874 0.011679
0.987598 0.012380
0.983830 0.014159
0.979575 0.016728
0.974836 0.019546
0.969616 0.023042
0.963920 0.025209
0.957751 0.028652
0.951116 0.032535
0.944019 0.035993
0.936467 0.039326
0.928468 0.044152
0.920031 0.048166
0.911165 0.052607
0.901879 0.056800
0.892183 0.061302
0.882087 0.066491
0.871601 0.071632
0.860735 0.077380
0.849501 0.082670
0.837910 0.087986
0.825974 0.093864
0.813704 0.101244
0.801113 0.107240
0.788214 0.114339
0.775019 0.121682
0.761541 0.129276
0.747795 0.136363
0.733792 0.143675
0.719548 0.151977
0.705077 0.160241
0.690392 0.168858
0.675509 0.177825
0.660442 0.186712
0.645206 0.195831
0.629817 0.204806
0.614290 0.213765
0.598640 0.223239
0.582884 0.232043
0.567036 0.241075
0.551113 0.251432
0.535131 0.259501
0.519106 0.268533
0.503054 0.276163
0.486991 0.284883
0.470934 0.293113
0.454898 0.299441
0.438900 0.307451
0.422956 0.313008
0.407083 0.319562
0.391295 0.325240
0.375610 0.330102
0.360044 0.336415
0.344612 0.340174
0.329330 0.343471
0.314213 0.346567
0.299279 0.347815
0.284541 0.349392
0.270015 0.349653
0.255717 0.349384
0.241661 0.348614
0.227862 0.346687
0.214336 0.343865
0.201095 0.339911
0.188155 0.334816
0.175530 0.328422
0.163234 0.320370
0.151280 0.311204
0.139681 0.301429
0.128452 0.291706
0.117606 0.281240
0.107155 0.269884
0.097113 0.256824
0.087493 0.242314
0.078306 0.229031
0.069566 0.212836
0.061285 0.198818
0.053474 0.185317
0.046150 0.171181
0.039326 0.155666
0.033014 0.142015
0.027230 0.126999
0.021980 0.113138
0.017277 0.098053
0.013141 0.082772
0.009573 0.068365
0.006583 0.055100
0.004188 0.042005
0.002354 0.031577
0.001081 0.023569
0.000371 0.017026
0.000077 0.013280
0.000005 0.010961
0.000000 0.009860
0.000005 0.009441
0.000077 0.006406
0.000371 0.001920
0.001081 -0.003482
0.002353 -0.010636
0.004188 -0.017417
0.006585 -0.023920
0.009576 -0.029861
0.013145 -0.035567
0.017281 -0.040222
0.021983 -0.046916
0.027232 -0.051615
0.033016 -0.056851
0.039328 -0.060715
0.046152 -0.065190
0.053476 -0.070929
0.061287 -0.075687
0.069568 -0.079077
0.078308 -0.084370
0.087495 -0.087846
0.097115 -0.091556
0.107157 -0.095849
0.117608 -0.098735
0.128454 -0.102427
0.139683 -0.106940
0.151282 -0.110617
0.163235 -0.113693
0.175532 -0.118101
0.188157 -0.120206
0.201097 -0.124514
0.214337 -0.127497
0.227864 -0.130703
0.241663 -0.134389
0.255719 -0.137938
0.270017 -0.140049
0.284542 -0.143470
0.299280 -0.146250
0.314215 -0.149206
0.329331 -0.152319
0.344613 -0.153830
0.360045 -0.156745
0.375611 -0.158708
0.391296 -0.161261
0.407083 -0.162823
0.422957 -0.164233
0.438901 -0.165297
0.454899 -0.167437
0.470935 -0.167263
0.486992 -0.168686
0.503055 -0.167431
0.519107 -0.167862
0.535132 -0.166934
0.551114 -0.167074
0.567036 -0.167160
0.582884 -0.166627
0.598640 -0.164991
0.614290 -0.164824
0.629817 -0.162663
0.645206 -0.161691
0.660442 -0.160134
0.675509 -0.158368
0.690393 -0.155926
0.705077 -0.152970
0.719549 -0.150333
0.733793 -0.146707
0.747795 -0.144056
0.761542 -0.139193
0.775019 -0.135182
0.788214 -0.130150
0.801113 -0.124004
0.813704 -0.118430
0.825973 -0.111966
0.837910 -0.105951
0.849501 -0.098675
0.860735 -0.090568
0.871601 -0.083658
0.882088 -0.075277
0.892184 -0.067406
0.901880 -0.060007
0.911165 -0.052144
0.920031 -0.045820
0.928468 -0.037902
0.936467 -0.032294
0.944019 -0.025078
0.951116 -0.019647
0.957751 -0.015109
0.963920 -0.010577
0.969616 -0.007178
0.974836 -0.003277
0.979575 -0.001837
0.983831 0.000966
0.987598 0.002909
0.990874 0.005809
0.993653 0.004468
0.995934 0.006736
0.997711 0.008118
0.998982 0.010384
0.999745 0.006831
1.000000 0.008045
