1.000000 0.005033
0.999745 0.007686
0.998982 0.008322
0.997711 0.009067
0.995933 0.010130
0.993653 0.011727
0.990874 0.012652
0.987598 0.014453
0.983830 0.017487
0.979575 0.020633
0.974836 0.025481
0.969616 0.027231
0.963920 0.030391
0.957751 0.034460
0.951116 0.038257
0.944019 0.042575
0.936467 0.046875
0.928468 0.051462
0.920031 0.056164
0.911165 0.060877
0.901879 0.065337
0.892183 0.070425
0.882087 0.075481
0.871601 0.080517
0.860735 0.085652
0.849501 0.090448
0.837910 0.095921
0.825974 0.102115
0.813704 0.108333
0.801113 0.114021
0.788214 0.120288
0.775019 0.126533
0.761541 0.132241
0.747795 0.138989
0.733792 0.145318
0.719548 0.150807
0.705077 0.158113
0.690392 0.163575
0.675509 0.170272
0.660442 0.175334
0.645206 0.180378
0.629817 0.186602
0.614290 0.192313
0.598640 0.198810
0.582884 0.206867
0.567036 0.213583
0.551113 0.218966
0.535131 0.226288
0.519106 0.232856
0.503054 0.240763
0.486991 0.246507
0.470934 0.253135
0.454898 0.258784
0.438900 0.263970
0.422956 0.269749
0.407083 0.275256
0.391295 0.281384
0.375610 0.286898
0.360044 0.291677
0.344612 0.296858
0.329330 0.300931
0.314213 0.304239
0.299279 0.308644
0.284541 0.310806
0.270015 0.314976
0.255717 0.314815
0.241661 0.315825
0.227862 0.315395
0.214336 0.316070
0.201095 0.313679
0.188155 0.314274
0.175530 0.310112
0.163234 0.305780
0.151280 0.300437
0.139681 0.293124
0.128452 0.286273
0.117606 0.277326
0.107155 0.267567
0.097113 0.255986
0.087493 0.244268
0.078306 0.230566
0.069566 0.215855
0.061285 0.201552
0.053474 0.186354
0.046150 0.171361
0.039326 0.155289
0.033014 0.139291
0.027230 0.123391
0.021980 0.107843
0.017277 0.092214
0.013141 0.079262
0.009573 0.065874
0.006583 0.053208
0.004188 0.042042
0.002354 0.032150
0.001081 0.023594
0.000371 0.015705
0.000077 0.012934
0.000005 0.010950
0.000000 0.009498
0.000005 0.009513
0.000077 0.005320
0.000371 0.001637
0.001081 -0.006194
0.002353 -0.013846
0.004188 -0.024946
0.006585 -0.037089
0.009576 -0.048217
0.013145 -0.062641
0.017281 -0.076508
0.021983 -0.091256
0.027232 -0.106306
0.033016 -0.120749
0.039328 -0.135098
0.046152 -0.153866
0.053476 -0.165477
0.061287 -0.181493
0.069568 -0.193870
0.078308 -0.208630
0.087495 -0.220503
0.097115 -0.233921
0.107157 -0.243882
0.117608 -0.253719
0.128454 -0.264371
0.139683 -0.271241
0.151282 -0.278014
0.163235 -0.282182
0.175532 -0.286704
0.188157 -0.287794
0.201097 -0.288893
0.214337 -0.290023
0.227864 -0.289686
0.241663 -0.290369
0.255719 -0.287424
0.270017 -0.286272
0.284542 -0.284683
0.299280 -0.281297
0.314215 -0.278360
0.329331 -0.274510
0.344613 -0.270148
0.360045 -0.267194
0.375611 -0.262470
0.391296 -0.257546
0.407083 -0.251466
0.422957 -0.248211
0.438901 -0.242387
0.454899 -0.236231
0.470935 -0.230819
0.486992 -0.225173
0.503055 -0.220438
0.519107 -0.212903
0.535132 -0.207674
0.551114 -0.200170
0.567036 -0.194143
0.582884 -0.187725
0.598640 -0.181408
0.614290 -0.174602
0.629817 -0.168366
0.645206 -0.161885
0.660442 -0.155661
0.675509 -0.147391
0.690393 -0.141716
0.705077 -0.134864
0.719549 -0.130440
0.733793 -0.121384
0.747795 -0.116974
0.761542 -0.110387
0.775019 -0.104420
0.788214 -0.099630
0.801113 -0.094081
0.813704 -0.088122
0.825973 -0.082234
0.837910 -0.076589
0.849501 -0.070313
0.860735 -0.065222
0.871601 -0.060480
0.882088 -0.054953
0.892184 -0.051009
0.901880 -0.044363
0.911165 -0.040163
0.920031 -0.035960
0.928468 -0.030933
0.936467 -0.026441
0.944019 -0.022263
0.951116 -0.018609
0.957751 -0.015019
0.963920 -0.011590
0.969616 -0.007987
0.974836 -0.005390
0.979575 -0.002322
0.983831 -0.000853
0.987598 0.001861
0.990874 0.003400
0.993653 0.005695
0.995934 0.006867
0.997711 0.006646
0.998982 0.008841
0.999745 0.008467
1.000000 0.006762
