1.000000 0.005733
0.999745 0.008987
0.998982 0.011095
0.997711 0.010284
0.995933 0.012215
0.993653 0.013046
0.990874 0.015357
0.987598 0.017702
0.983830 0.018781
0.979575 0.021880
0.974836 0.024270
0.969616 0.027025
0.963920 0.031944
0.957751 0.036640
0.951116 0.041886
0.944019 0.046981
0.936467 0.052347
0.928468 0.057290
0.920031 0.063014
0.911165 0.068420
0.901879 0.074117
0.892183 0.082132
0.882087 0.087025
0.871601 0.094970
0.860735 0.101959
0.849501 0.108985
0.837910 0.116760
0.825974 0.123243
0.813704 0.129796
0.801113 0.137377
0.788214 0.145678
0.775019 0.153248
0.761541 0.161524
0.747795 0.168566
0.733792 0.176452
0.719548 0.184433
0.705077 0.191063
0.690392 0.203785
0.675509 0.207601
0.660442 0.216568
0.645206 0.225031
0.629817 0.232565
0.614290 0.240163
0.598640 0.247672
0.582884 0.254037
0.567036 0.262120
0.551113 0.267361
0.535131 0.273470
0.519106 0.279622
0.503054 0.284631
0.486991 0.289639
0.470934 0.293454
0.454898 0.298630
0.438900 0.303056
0.422956 0.307645
0.407083 0.311460
0.391295 0.314259
0.375610 0.316311
0.360044 0.318405
0.344612 0.319808
0.329330 0.320104
0.314213 0.321213
0.299279 0.319476
0.284541 0.319290
0.270015 0.315913
0.255717 0.314977
0.241661 0.312000
0.227862 0.306274
0.214336 0.304188
0.201095 0.297211
0.188155 0.290826
0.175530 0.283717
0.163234 0.275563
0.151280 0.267911
0.139681 0.259708
0.128452 0.249047
0.117606 0.239065
0.107155 0.228338
0.097113 0.218247
0.087493 0.207619
0.078306 0.197056
0.069566 0.183713
0.061285 0.171375
0.053474 0.159881
0.046150 0.147585
0.039326 0.133984
0.033014 0.122307
0.027230 0.110026
0.021980 0.096895
0.017277 0.084647
0.013141 0.071816
0.009573 0.059611
0.006583 0.048775
0.004188 0.038962
0.002354 0.030948
0.001081 0.022193
0.000371 0.016662
0.000077 0.012356
0.000005 0.009450
0.000000 0.008989
0.000005 0.007299
0.000077 0.004976
0.000371 -0.000686
0.001081 -0.005454
0.002353 -0.012974
0.004188 -0.019786
0.006585 -0.026951
0.009576 -0.031730
0.013145 -0.036907
0.017281 -0.040054
0.021983 -0.043418
0.027232 -0.048260
0.033016 -0.049123
0.039328 -0.051341
0.046152 -0.053886
0.053476 -0.056311
0.061287 -0.057581
0.069568 -0.059073
0.078308 -0.059986
0.087495 -0.061098
0.097115 -0.064269
0.107157 -0.061687
0.117608 -0.061763
0.128454 -0.062802
0.139683 -0.062760
0.151282 -0.063574
0.163235 -0.064205
0.175532 -0.063408
0.188157 -0.062678
0.201097 -0.060989
0.214337 -0.061760
0.227864 -0.059690
0.241663 -0.058641
0.255719 -0.057056
0.270017 -0.055396
0.284542 -0.054003
0.299280 -0.051485
0.314215 -0.050105
0.329331 -0.048691
0.344613 -0.046193
0.360045 -0.044250
0.375611 -0.043504
0.391296 -0.042128
0.407083 -0.040785
0.422957 -0.038443
0.438901 -0.035290
0.454899 -0.034373
0.470935 -0.033311
0.486992 -0.030866
0.503055 -0.030354
0.519107 -0.027780
0.535132 -0.024859
0.551114 -0.024026
0.567036 -0.022329
0.582884 -0.020791
0.598640 -0.019332
0.614290 -0.016996
0.629817 -0.015383
0.645206 -0.015101
0.660442 -0.013806
0.675509 -0.012647
0.690393 -0.011520
0.705077 -0.010745
0.719549 -0.009251
0.733793 -0.009731
0.747795 -0.009095
0.761542 -0.008468
0.775019 -0.008015
0.788214 -0.006877
0.801113 -0.004614
0.813704 -0.003826
0.825973 -0.002450
0.837910 -0.002168
0.849501 -0.000693
0.860735 -0.000346
0.871601 -0.000059
0.882088 0.001357
0.892184 0.002393
0.901880 0.002610
0.911165 0.002527
0.920031 0.003502
0.928468 0.003653
0.936467 0.004265
0.944019 0.004530
0.951116 0.005576
0.957751 0.004862
0.963920 0.004259
0.969616 0.006096
0.974836 0.007250
0.979575 0.007056
0.983831 0.007651
0.987598 0.006408
0.990874 0.007929
0.993653 0.008399
0.995934 0.008929
0.997711 0.009342
0.998982 0.008628
0.999745 0.007156
1.000000 0.005869
