1.000000 0.002351
0.999745 0.006348
0.998982 0.008248
0.997711 0.006116
0.995933 0.009398
0.993653 0.009915
0.990874 0.012023
0.987598 0.014142
0.983830 0.016844
0.979575 0.019474
0.974836 0.023505
0.969616 0.026632
0.963920 0.030765
0.957751 0.033696
0.951116 0.037396
0.944019 0.040257
0.936467 0.044998
0.928468 0.047324
0.920031 0.051666
0.911165 0.056236
0.901879 0.060665
0.892183 0.063893
0.882087 0.069706
0.871601 0.075078
0.860735 0.080603
0.849501 0.086634
0.837910 0.092032
0.825974 0.097578
0.813704 0.102909
0.801113 0.108484
0.788214 0.113829
0.775019 0.119144
0.761541 0.124827
0.747795 0.130069
0.733792 0.135396
0.719548 0.141091
0.705077 0.146384
0.690392 0.151813
0.675509 0.156963
0.660442 0.162366
0.645206 0.167705
0.629817 0.172560
0.614290 0.178893
0.598640 0.183674
0.582884 0.187874
0.567036 0.192766
0.551113 0.197149
0.535131 0.202068
0.519106 0.204899
0.503054 0.207746
0.486991 0.210829
0.470934 0.213207
0.454898 0.214454
0.438900 0.215799
0.422956 0.217435
0.407083 0.219079
0.391295 0.220276
0.375610 0.221193
0.360044 0.221540
0.344612 0.221792
0.329330 0.221770
0.314213 0.221045
0.299279 0.220208
0.284541 0.219048
0.270015 0.216737
0.255717 0.215211
0.241661 0.213308
0.227862 0.210523
0.214336 0.208039
0.201095 0.204762
0.188155 0.201511
0.175530 0.197403
0.163234 0.193366
0.151280 0.188510
0.139681 0.182784
0.128452 0.177569
0.117606 0.172132
0.107155 0.165883
0.097113 0.158894
0.087493 0.152074
0.078306 0.145118
0.069566 0.137522
0.061285 0.131015
0.053474 0.121507
0.046150 0.115628
0.039326 0.105453
0.033014 0.099967
0.027230 0.090039
0.021980 0.081913
0.017277 0.074135
0.013141 0.065210
0.009573 0.057335
0.006583 0.045723
0.004188 0.037785
0.002354 0.030719
0.001081 0.023366
0.000371 0.018142
0.000077 0.013131
0.000005 0.010324
0.000000 0.009173
0.000005 0.007718
0.000077 0.006349
0.000371 0.001515
0.001081 -0.003824
0.002353 -0.009862
0.004188 -0.016602
0.006585 -0.020775
0.009576 -0.026107
0.013145 -0.030917
0.017281 -0.035927
0.021983 -0.040704
0.027232 -0.044896
0.033016 -0.049030
0.039328 -0.053638
0.046152 -0.056803
0.053476 -0.061090
0.061287 -0.066192
0.069568 -0.069110
0.078308 -0.073148
0.087495 -0.074828
0.097115 -0.077864
0.107157 -0.079736
0.117608 -0.081236
0.128454 -0.083163
0.139683 -0.084718
0.151282 -0.086000
0.163235 -0.087999
0.175532 -0.089600
0.188157 -0.090597
0.201097 -0.091977
0.214337 -0.092024
0.227864 -0.093593
0.241663 -0.093190
0.255719 -0.092907
0.270017 -0.092862
0.284542 -0.092951
0.299280 -0.092199
0.314215 -0.090696
0.329331 -0.090768
0.344613 -0.089238
0.360045 -0.088689
0.375611 -0.087714
0.391296 -0.085175
0.407083 -0.084539
0.422957 -0.082141
0.438901 -0.080575
0.454899 -0.079237
0.470935 -0.076464
0.486992 -0.074045
0.503055 -0.072356
0.519107 -0.069389
0.535132 -0.066419
0.551114 -0.063604
0.567036 -0.060825
0.582884 -0.056907
0.598640 -0.053381
0.614290 -0.050292
0.629817 -0.048034
0.645206 -0.042694
0.660442 -0.038536
0.675509 -0.035830
0.690393 -0.031884
0.705077 -0.028683
0.719549 -0.024749
0.733793 -0.022074
0.747795 -0.018657
0.761542 -0.016081
0.775019 -0.013302
0.788214 -0.011006
0.801113 -0.008551
0.813704 -0.005070
0.825973 -0.002642
0.837910 -0.000106
0.849501 0.001569
0.860735 0.003207
0.871601 0.004605
0.882088 0.005141
0.892184 0.006414
0.901880 0.007086
0.911165 0.009756
0.920031 0.009808
0.928468 0.009867
0.936467 0.010945
0.944019 0.011667
0.951116 0.011602
0.957751 0.012293
0.963920 0.012303
0.969616 0.012316
0.974836 0.011698
0.979575 0.011750
0.983831 0.010718
0.987598 0.010969
0.990874 0.010591
0.993653 0.010115
0.995934 0.008578
0.997711 0.007911
0.998982 0.010433
0.999745 0.007788
1.000000 0.006953
