1.000000 -0.000317
0.999745 0.008296
0.998982 0.008669
0.997711 0.010869
0.995933 0.007547
0.993653 0.011211
0.990874 0.012791
0.987598 0.015092
0.983830 0.017538
0.979575 0.018614
0.974836 0.021430
0.969616 0.025629
0.963920 0.029070
0.957751 0.031885
0.951116 0.036602
0.944019 0.040069
0.936467 0.044645
0.928468 0.049353
0.920031 0.053882
0.911165 0.059683
0.901879 0.063715
0.892183 0.069217
0.882087 0.074801
0.871601 0.080850
0.860735 0.087508
0.849501 0.093348
0.837910 0.099401
0.825974 0.105163
0.813704 0.111633
0.801113 0.117767
0.788214 0.123261
0.775019 0.130856
0.761541 0.137169
0.747795 0.144252
0.733792 0.150850
0.719548 0.156173
0.705077 0.162863
0.690392 0.168528
0.675509 0.174523
0.660442 0.180190
0.645206 0.185724
0.629817 0.190950
0.614290 0.195665
0.598640 0.200873
0.582884 0.206567
0.567036 0.211848
0.551113 0.216583
0.535131 0.220128
0.519106 0.223992
0.503054 0.227503
0.486991 0.230822
0.470934 0.233693
0.454898 0.235977
0.438900 0.237605
0.422956 0.239504
0.407083 0.240969
0.391295 0.242582
0.375610 0.243291
0.360044 0.244559
0.344612 0.244609
0.329330 0.244423
0.314213 0.245467
0.299279 0.244351
0.284541 0.244014
0.270015 0.241607
0.255717 0.239617
0.241661 0.237323
0.227862 0.235791
0.214336 0.232847
0.201095 0.229205
0.188155 0.225095
0.175530 0.221320
0.163234 0.215818
0.151280 0.210607
0.139681 0.206089
0.128452 0.199742
0.117606 0.194216
0.107155 0.186941
0.097113 0.179539
0.087493 0.172794
0.078306 0.164553
0.069566 0.155984
0.061285 0.147127
0.053474 0.138629
0.046150 0.128830
0.039326 0.117999
0.033014 0.108178
0.027230 0.096056
0.021980 0.086348
0.017277 0.076388
0.013141 0.065853
0.009573 0.055873
0.006583 0.045442
0.004188 0.037709
0.002354 0.029202
0.001081 0.021707
0.000371 0.017568
0.000077 0.010489
0.000005 0.009028
0.000000 0.008391
0.000005 0.007065
0.000077 0.004368
0.000371 -0.000160
0.001081 -0.005859
0.002353 -0.012512
0.004188 -0.019855
0.006585 -0.027810
0.009576 -0.033482
0.013145 -0.039646
0.017281 -0.045141
0.021983 -0.050099
0.027232 -0.055212
0.033016 -0.059958
0.039328 -0.064557
0.046152 -0.069695
0.053476 -0.073530
0.061287 -0.076314
0.069568 -0.078628
0.078308 -0.081401
0.087495 -0.084571
0.097115 -0.084587
0.107157 -0.086315
0.117608 -0.087273
0.128454 -0.087648
0.139683 -0.088704
0.151282 -0.088648
0.163235 -0.088263
0.175532 -0.088037
0.188157 -0.086723
0.201097 -0.086111
0.214337 -0.084069
0.227864 -0.083055
0.241663 -0.081287
0.255719 -0.078944
0.270017 -0.076058
0.284542 -0.073014
0.299280 -0.070899
0.314215 -0.068910
0.329331 -0.065540
0.344613 -0.062495
0.360045 -0.057846
0.375611 -0.055216
0.391296 -0.051336
0.407083 -0.047890
0.422957 -0.045015
0.438901 -0.041083
0.454899 -0.037210
0.470935 -0.032404
0.486992 -0.028492
0.503055 -0.024948
0.519107 -0.020335
0.535132 -0.015150
0.551114 -0.010998
0.567036 -0.007182
0.582884 -0.003022
0.598640 0.000691
0.614290 0.004042
0.629817 0.007616
0.645206 0.010821
0.660442 0.014091
0.675509 0.016984
0.690393 0.019281
0.705077 0.022737
0.719549 0.024332
0.733793 0.026453
0.747795 0.028247
0.761542 0.030125
0.775019 0.029741
0.788214 0.030799
0.801113 0.031125
0.813704 0.031273
0.825973 0.032438
0.837910 0.033143
0.849501 0.032838
0.860735 0.032699
0.871601 0.032513
0.882088 0.032329
0.892184 0.032238
0.901880 0.032134
0.911165 0.029120
0.920031 0.029936
0.928468 0.028307
0.936467 0.026903
0.944019 0.025764
0.951116 0.024206
0.957751 0.022676
0.963920 0.020573
0.969616 0.019337
0.974836 0.017709
0.979575 0.015954
0.983831 0.014098
0.987598 0.014006
0.990874 0.011186
0.993653 0.011281
0.995934 0.010340
0.997711 0.009738
0.998982 0.008003
0.999745 0.008174
1.000000 0.007533
