1.000000 0.009311
0.999745 0.010823
0.998982 0.009924
0.997711 0.012045
0.995933 0.011028
0.993653 0.013341
0.990874 0.012197
0.987598 0.013904
0.983830 0.015422
0.979575 0.016413
0.974836 0.017685
0.969616 0.019611
0.963920 0.021525
0.957751 0.023866
0.951116 0.026065
0.944019 0.027832
0.936467 0.029884
0.928468 0.032605
0.920031 0.035338
0.911165 0.038299
0.901879 0.041704
0.892183 0.044696
0.882087 0.047468
0.871601 0.049571
0.860735 0.052864
0.849501 0.055965
0.837910 0.060797
0.825974 0.064116
0.813704 0.067428
0.801113 0.070198
0.788214 0.075181
0.775019 0.076348
0.761541 0.080843
0.747795 0.084099
0.733792 0.088386
0.719548 0.092467
0.705077 0.095994
0.690392 0.100718
0.675509 0.105410
0.660442 0.110745
0.645206 0.115448
0.629817 0.119731
0.614290 0.124096
0.598640 0.129092
0.582884 0.134476
0.567036 0.139875
0.551113 0.144640
0.535131 0.149198
0.519106 0.153402
0.503054 0.158474
0.486991 0.162554
0.470934 0.166914
0.454898 0.171401
0.438900 0.174608
0.422956 0.177924
0.407083 0.181534
0.391295 0.184445
0.375610 0.187330
0.360044 0.189808
0.344612 0.191487
0.329330 0.193047
0.314213 0.194176
0.299279 0.196366
0.284541 0.197043
0.270015 0.196861
0.255717 0.196708
0.241661 0.195637
0.227862 0.195151
0.214336 0.194379
0.201095 0.193030
0.188155 0.192209
0.175530 0.190366
0.163234 0.187222
0.151280 0.184745
0.139681 0.180147
0.128452 0.176523
0.117606 0.172420
0.107155 0.167197
0.097113 0.162008
0.087493 0.157241
0.078306 0.150268
0.069566 0.143475
0.061285 0.135256
0.053474 0.125950
0.046150 0.119457
0.039326 0.112650
0.033014 0.102229
0.027230 0.094082
0.021980 0.086227
0.017277 0.075313
0.013141 0.067173
0.009573 0.056706
0.006583 0.048247
0.004188 0.040119
0.002354 0.031372
0.001081 0.023567
0.000371 0.017840
0.000077 0.013124
0.000005 0.010453
0.000000 0.008432
0.000005 0.007835
0.000077 0.004319
0.000371 0.001118
0.001081 -0.005031
0.002353 -0.011537
0.004188 -0.017519
0.006585 -0.021101
0.009576 -0.025301
0.013145 -0.028731
0.017281 -0.032004
0.021983 -0.037344
0.027232 -0.039286
0.033016 -0.042447
0.039328 -0.045691
0.046152 -0.048917
0.053476 -0.051810
0.061287 -0.052887
0.069568 -0.057173
0.078308 -0.057911
0.087495 -0.060285
0.097115 -0.061476
0.107157 -0.062185
0.117608 -0.064227
0.128454 -0.065271
0.139683 -0.065737
0.151282 -0.066159
0.163235 -0.066420
0.175532 -0.067329
0.188157 -0.066982
0.201097 -0.064982
0.214337 -0.063607
0.227864 -0.062017
0.241663 -0.060777
0.255719 -0.059155
0.270017 -0.058060
0.284542 -0.056905
0.299280 -0.054009
0.314215 -0.052136
0.329331 -0.050561
0.344613 -0.048461
0.360045 -0.048061
0.375611 -0.046185
0.391296 -0.044308
0.407083 -0.043388
0.422957 -0.041147
0.438901 -0.040237
0.454899 -0.038104
0.470935 -0.037342
0.486992 -0.034744
0.503055 -0.032829
0.519107 -0.030589
0.535132 -0.030204
0.551114 -0.027536
0.567036 -0.025691
0.582884 -0.023216
0.598640 -0.020751
0.614290 -0.019689
0.629817 -0.017276
0.645206 -0.016856
0.660442 -0.014924
0.675509 -0.013428
0.690393 -0.011723
0.705077 -0.010392
0.719549 -0.009641
0.733793 -0.009011
0.747795 -0.007610
0.761542 -0.007308
0.775019 -0.006263
0.788214 -0.006266
0.801113 -0.005508
0.813704 -0.005278
0.825973 -0.003964
0.837910 -0.001459
0.849501 0.000244
0.860735 0.001142
0.871601 -0.000459
0.882088 0.000420
0.892184 0.001619
0.901880 0.002272
0.911165 0.003361
0.920031 0.002975
0.928468 0.005244
0.936467 0.005215
0.944019 0.006035
0.951116 0.006549
0.957751 0.006665
0.963920 0.006395
0.969616 0.006325
0.974836 0.006672
0.979575 0.007072
0.983831 0.006365
0.987598 0.006688
0.990874 0.006404
0.993653 0.006965
0.995934 0.006408
0.997711 0.007219
0.998982 0.006600
0.999745 0.003045
1.000000 0.003950
