1.000000 0.008247
0.999745 0.009024
0.998982 0.010363
0.997711 0.009962
0.995933 0.009659
0.993653 0.010653
0.990874 0.011095
0.987598 0.014323
0.983830 0.015366
0.979575 0.019493
0.974836 0.022335
0.969616 0.025447
0.963920 0.028748
0.957751 0.031666
0.951116 0.034671
0.944019 0.039130
0.936467 0.043057
0.928468 0.046623
0.920031 0.050704
0.911165 0.055635
0.901879 0.061158
0.892183 0.067228
0.882087 0.072903
0.871601 0.078212
0.860735 0.084125
0.849501 0.090554
0.837910 0.096182
0.825974 0.101644
0.813704 0.108391
0.801113 0.114311
0.788214 0.120415
0.775019 0.125009
0.761541 0.132040
0.747795 0.137861
0.733792 0.143056
0.719548 0.148819
0.705077 0.154002
0.690392 0.159556
0.675509 0.166146
0.660442 0.169428
0.645206 0.173353
0.629817 0.177759
0.614290 0.182823
0.598640 0.187146
0.582884 0.190752
0.567036 0.193997
0.551113 0.199213
0.535131 0.201075
0.519106 0.204564
0.503054 0.207360
0.486991 0.209715
0.470934 0.211555
0.454898 0.212663
0.438900 0.215110
0.422956 0.216485
0.407083 0.218270
0.391295 0.218586
0.375610 0.218621
0.360044 0.218843
0.344612 0.218636
0.329330 0.218283
0.314213 0.218608
0.299279 0.216765
0.284541 0.216772
0.270015 0.215521
0.255717 0.213320
0.241661 0.211586
0.227862 0.209346
0.214336 0.207157
0.201095 0.203522
0.188155 0.201091
0.175530 0.195950
0.163234 0.191346
0.151280 0.187350
0.139681 0.182516
0.128452 0.176269
0.117606 0.170511
0.107155 0.163740
0.097113 0.157127
0.087493 0.150875
0.078306 0.144047
0.069566 0.137256
0.061285 0.129922
0.053474 0.123189
0.046150 0.115448
0.039326 0.108143
0.033014 0.100637
0.027230 0.091498
0.021980 0.082693
0.017277 0.073319
0.013141 0.065412
0.009573 0.057210
0.006583 0.048212
0.004188 0.040463
0.002354 0.031197
0.001081 0.022017
0.000371 0.017040
0.000077 0.012017
0.000005 0.009516
0.000000 0.008986
0.000005 0.006634
0.000077 0.002827
0.000371 -0.002501
0.001081 -0.008896
0.002353 -0.014228
0.004188 -0.018123
0.006585 -0.022417
0.009576 -0.028180
0.013145 -0.033267
0.017281 -0.036595
0.021983 -0.039425
0.027232 -0.043834
0.033016 -0.045948
0.039328 -0.049739
0.046152 -0.051832
0.053476 -0.056043
0.061287 -0.057110
0.069568 -0.059876
0.078308 -0.061869
0.087495 -0.063783
0.097115 -0.066412
0.107157 -0.066449
0.117608 -0.069269
0.128454 -0.070087
0.139683 -0.071986
0.151282 -0.073368
0.163235 -0.074226
0.175532 -0.075015
0.188157 -0.076803
0.201097 -0.076233
0.214337 -0.078259
0.227864 -0.078807
0.241663 -0.079183
0.255719 -0.079524
0.270017 -0.080171
0.284542 -0.081083
0.299280 -0.081434
0.314215 -0.081336
0.329331 -0.081353
0.344613 -0.082171
0.360045 -0.082301
0.375611 -0.080158
0.391296 -0.082653
0.407083 -0.080990
0.422957 -0.080557
0.438901 -0.078825
0.454899 -0.077569
0.470935 -0.076115
0.486992 -0.075258
0.503055 -0.073639
0.519107 -0.071722
0.535132 -0.069765
0.551114 -0.068146
0.567036 -0.066070
0.582884 -0.063766
0.598640 -0.063226
0.614290 -0.059819
0.629817 -0.057751
0.645206 -0.056490
0.660442 -0.052903
0.675509 -0.050445
0.690393 -0.050073
0.705077 -0.045955
0.719549 -0.043193
0.733793 -0.040934
0.747795 -0.038067
0.761542 -0.035659
0.775019 -0.031544
0.788214 -0.027947
0.801113 -0.025238
0.813704 -0.021734
0.825973 -0.018312
0.837910 -0.015337
0.849501 -0.013188
0.860735 -0.011280
0.871601 -0.007777
0.882088 -0.006471
0.892184 -0.004075
0.901880 -0.001774
0.911165 -0.001171
0.920031 0.001307
0.928468 0.003192
0.936467 0.004713
0.944019 0.005526
0.951116 0.005762
0.957751 0.007396
0.963920 0.008154
0.969616 0.008882
0.974836 0.008960
0.979575 0.008439
0.983831 0.009644
0.987598 0.009194
0.990874 0.009707
0.993653 0.008715
0.995934 0.009669
0.997711 0.008059
0.998982 0.008246
0.999745 0.004521
1.000000 0.000228
