1.000000 0.009106
0.999745 0.013158
0.998982 0.012026
0.997711 0.011478
0.995933 0.010615
0.993653 0.011562
0.990874 0.011548
0.987598 0.012218
0.983830 0.013901
0.979575 0.015622
0.974836 0.018116
0.969616 0.018396
0.963920 0.021820
0.957751 0.023842
0.951116 0.026548
0.944019 0.030307
0.936467 0.032388
0.928468 0.035084
0.920031 0.038432
0.911165 0.042078
0.901879 0.046117
0.892183 0.048902
0.882087 0.051603
0.871601 0.054906
0.860735 0.058858
0.849501 0.062419
0.837910 0.066003
0.825974 0.069807
0.813704 0.073586
0.801113 0.077398
0.788214 0.084024
0.775019 0.087615
0.761541 0.093446
0.747795 0.096644
0.733792 0.101034
0.719548 0.106411
0.705077 0.110044
0.690392 0.114124
0.675509 0.119751
0.660442 0.125023
0.645206 0.131243
0.629817 0.136643
0.614290 0.140943
0.598640 0.146839
0.582884 0.152147
0.567036 0.157762
0.551113 0.163268
0.535131 0.168107
0.519106 0.172657
0.503054 0.177577
0.486991 0.182468
0.470934 0.185415
0.454898 0.191145
0.438900 0.193304
0.422956 0.197102
0.407083 0.201108
0.391295 0.203653
0.375610 0.205571
0.360044 0.207623
0.344612 0.210048
0.329330 0.212606
0.314213 0.214995
0.299279 0.216881
0.284541 0.218196
0.270015 0.218941
0.255717 0.219818
0.241661 0.219715
0.227862 0.219114
0.214336 0.218672
0.201095 0.217442
0.188155 0.215693
0.175530 0.213902
0.163234 0.211630
0.151280 0.208982
0.139681 0.206529
0.128452 0.202594
0.117606 0.199311
0.107155 0.194780
0.097113 0.190597
0.087493 0.184072
0.078306 0.176896
0.069566 0.168900
0.061285 0.161072
0.053474 0.152658
0.046150 0.145733
0.039326 0.135174
0.033014 0.124832
0.027230 0.114316
0.021980 0.102413
0.017277 0.090142
0.013141 0.077921
0.009573 0.065036
0.006583 0.053648
0.004188 0.042160
0.002354 0.033327
0.001081 0.025180
0.000371 0.018290
0.000077 0.013748
0.000005 0.011058
0.000000 0.009226
0.000005 0.007906
0.000077 0.004756
0.000371 0.000983
0.001081 -0.005092
0.002353 -0.013214
0.004188 -0.021904
0.006585 -0.034272
0.009576 -0.046205
0.013145 -0.056874
0.017281 -0.066911
0.021983 -0.078458
0.027232 -0.089672
0.033016 -0.101686
0.039328 -0.110254
0.046152 -0.120903
0.053476 -0.130048
0.061287 -0.138386
0.069568 -0.146082
0.078308 -0.153636
0.087495 -0.161633
0.097115 -0.168239
0.107157 -0.174409
0.117608 -0.176925
0.128454 -0.183947
0.139683 -0.185472
0.151282 -0.189998
0.163235 -0.192063
0.175532 -0.195550
0.188157 -0.197981
0.201097 -0.198844
0.214337 -0.200541
0.227864 -0.202135
0.241663 -0.201289
0.255719 -0.201560
0.270017 -0.199907
0.284542 -0.199473
0.299280 -0.198122
0.314215 -0.196177
0.329331 -0.194429
0.344613 -0.190652
0.360045 -0.189821
0.375611 -0.185451
0.391296 -0.181519
0.407083 -0.178127
0.422957 -0.174487
0.438901 -0.170118
0.454899 -0.165006
0.470935 -0.160365
0.486992 -0.156779
0.503055 -0.151674
0.519107 -0.146585
0.535132 -0.140209
0.551114 -0.137009
0.567036 -0.130449
0.582884 -0.126270
0.598640 -0.119938
0.614290 -0.116598
0.629817 -0.111612
0.645206 -0.105809
0.660442 -0.100842
0.675509 -0.096198
0.690393 -0.091124
0.705077 -0.086990
0.719549 -0.081839
0.733793 -0.076943
0.747795 -0.073471
0.761542 -0.068265
0.775019 -0.064962
0.788214 -0.059832
0.801113 -0.056857
0.813704 -0.050693
0.825973 -0.047126
0.837910 -0.043131
0.849501 -0.039238
0.860735 -0.035890
0.871601 -0.033867
0.882088 -0.029868
0.892184 -0.027131
0.901880 -0.023931
0.911165 -0.021747
0.920031 -0.019445
0.928468 -0.016849
0.936467 -0.014663
0.944019 -0.011704
0.951116 -0.011295
0.957751 -0.006909
0.963920 -0.005967
0.969616 -0.003303
0.974836 -0.002467
0.979575 -0.000734
0.983831 -0.000581
0.987598 -0.000121
0.990874 0.001526
0.993653 0.003502
0.995934 0.004317
0.997711 0.006604
0.998982 0.005849
0.999745 0.005063
1.000000 0.004423
