1.000000 0.006982
0.999745 0.008418
0.998982 0.010554
0.997711 0.009379
0.995933 0.010531
0.993653 0.010743
0.990874 0.010142
0.987598 0.011884
0.983830 0.011085
0.979575 0.013856
0.974836 0.014688
0.969616 0.015961
0.963920 0.017830
0.957751 0.020513
0.951116 0.023420
0.944019 0.025548
0.936467 0.028465
0.928468 0.031345
0.920031 0.033716
0.911165 0.037483
0.901879 0.040725
0.892183 0.044251
0.882087 0.047781
0.871601 0.050689
0.860735 0.054715
0.849501 0.058300
0.837910 0.062417
0.825974 0.065956
0.813704 0.071012
0.801113 0.075542
0.788214 0.080565
0.775019 0.085682
0.761541 0.090100
0.747795 0.096310
0.733792 0.099932
0.719548 0.107149
0.705077 0.112028
0.690392 0.117812
0.675509 0.123408
0.660442 0.128735
0.645206 0.134683
0.629817 0.140700
0.614290 0.146449
0.598640 0.153541
0.582884 0.158830
0.567036 0.163522
0.551113 0.169243
0.535131 0.174358
0.519106 0.179186
0.503054 0.183613
0.486991 0.189052
0.470934 0.191413
0.454898 0.195636
0.438900 0.199174
0.422956 0.202414
0.407083 0.205608
0.391295 0.208350
0.375610 0.211310
0.360044 0.210320
0.344612 0.212391
0.329330 0.213381
0.314213 0.213750
0.299279 0.214349
0.284541 0.212725
0.270015 0.210866
0.255717 0.208995
0.241661 0.206759
0.227862 0.203805
0.214336 0.200591
0.201095 0.196675
0.188155 0.193214
0.175530 0.189177
0.163234 0.182895
0.151280 0.178045
0.139681 0.172731
0.128452 0.167263
0.117606 0.162938
0.107155 0.155523
0.097113 0.149608
0.087493 0.143573
0.078306 0.136730
0.069566 0.130151
0.061285 0.123576
0.053474 0.116219
0.046150 0.108380
0.039326 0.101438
0.033014 0.093742
0.027230 0.086245
0.021980 0.077482
0.017277 0.069655
0.013141 0.061876
0.009573 0.054889
0.006583 0.046334
0.004188 0.038237
0.002354 0.030655
0.001081 0.024134
0.000371 0.018287
0.000077 0.013513
0.000005 0.010761
0.000000 0.009681
0.000005 0.008149
0.000077 0.004753
0.000371 -0.000018
0.001081 -0.005860
0.002353 -0.011440
0.004188 -0.017779
0.006585 -0.023811
0.009576 -0.027523
0.013145 -0.032038
0.017281 -0.037502
0.021983 -0.041012
0.027232 -0.044680
0.033016 -0.047785
0.039328 -0.050238
0.046152 -0.053859
0.053476 -0.056374
0.061287 -0.059105
0.069568 -0.061472
0.078308 -0.063548
0.087495 -0.065955
0.097115 -0.067775
0.107157 -0.069927
0.117608 -0.072689
0.128454 -0.074851
0.139683 -0.077615
0.151282 -0.079925
0.163235 -0.080964
0.175532 -0.082722
0.188157 -0.083831
0.201097 -0.086773
0.214337 -0.086069
0.227864 -0.088030
0.241663 -0.089246
0.255719 -0.089449
0.270017 -0.091398
0.284542 -0.091855
0.299280 -0.093774
0.314215 -0.091829
0.329331 -0.093239
0.344613 -0.092097
0.360045 -0.094094
0.375611 -0.094946
0.391296 -0.093939
0.407083 -0.092314
0.422957 -0.091922
0.438901 -0.091780
0.454899 -0.092863
0.470935 -0.089590
0.486992 -0.088867
0.503055 -0.087845
0.519107 -0.086116
0.535132 -0.085614
0.551114 -0.083521
0.567036 -0.081569
0.582884 -0.079774
0.598640 -0.078513
0.614290 -0.076040
0.629817 -0.075550
0.645206 -0.071600
0.660442 -0.068540
0.675509 -0.065364
0.690393 -0.063951
0.705077 -0.060561
0.719549 -0.058205
0.733793 -0.055219
0.747795 -0.052372
0.761542 -0.050097
0.775019 -0.047544
0.788214 -0.045948
0.801113 -0.042026
0.813704 -0.040773
0.825973 -0.037119
0.837910 -0.035425
0.849501 -0.032666
0.860735 -0.030792
0.871601 -0.028115
0.882088 -0.026572
0.892184 -0.024269
0.901880 -0.021729
0.911165 -0.019756
0.920031 -0.016981
0.928468 -0.015633
0.936467 -0.011943
0.944019 -0.009722
0.951116 -0.007645
0.957751 -0.006011
0.963920 -0.003977
0.969616 -0.002939
0.974836 -0.001130
0.979575 0.000773
0.983831 0.001529
0.987598 0.003316
0.990874 0.004441
0.993653 0.004610
0.995934 0.006614
0.997711 0.006797
0.998982 0.006909
0.999745 0.007656
1.000000 0.005220
