1.000000 0.002541
0.999745 0.006000
0.998982 0.006844
0.997711 0.007839
0.995933 0.009095
0.993653 0.011198
0.990874 0.012404
0.987598 0.012266
0.983830 0.014249
0.979575 0.017437
0.974836 0.019528
0.969616 0.024580
0.963920 0.027419
0.957751 0.030441
0.951116 0.033346
0.944019 0.036586
0.936467 0.039904
0.928468 0.042842
0.920031 0.047617
0.911165 0.050991
0.901879 0.054674
0.892183 0.058466
0.882087 0.062043
0.871601 0.065479
0.860735 0.069644
0.849501 0.073229
0.837910 0.077802
0.825974 0.082585
0.813704 0.086487
0.801113 0.091118
0.788214 0.094480
0.775019 0.099225
0.761541 0.102589
0.747795 0.108094
0.733792 0.111669
0.719548 0.115938
0.705077 0.120004
0.690392 0.124750
0.675509 0.129075
0.660442 0.133132
0.645206 0.137435
0.629817 0.141180
0.614290 0.145430
0.598640 0.148961
0.582884 0.152530
0.567036 0.155964
0.551113 0.159361
0.535131 0.162448
0.519106 0.165146
0.503054 0.168070
0.486991 0.170978
0.470934 0.174420
0.454898 0.176710
0.438900 0.180416
0.422956 0.182580
0.407083 0.184573
0.391295 0.186681
0.375610 0.187483
0.360044 0.188748
0.344612 0.188444
0.329330 0.190890
0.314213 0.188715
0.299279 0.188348
0.284541 0.187464
0.270015 0.185987
0.255717 0.185710
0.241661 0.183975
0.227862 0.181038
0.214336 0.178092
0.201095 0.176356
0.188155 0.172859
0.175530 0.170382
0.163234 0.166685
0.151280 0.162700
0.139681 0.157818
0.128452 0.152835
0.117606 0.147720
0.107155 0.142944
0.097113 0.137260
0.087493 0.130602
0.078306 0.124742
0.069566 0.118205
0.061285 0.110611
0.053474 0.105101
0.046150 0.096806
0.039326 0.090183
0.033014 0.083719
0.027230 0.076525
0.021980 0.068891
0.017277 0.061307
0.013141 0.054247
0.009573 0.050938
0.006583 0.041904
0.004188 0.034927
0.002354 0.028176
0.001081 0.022034
0.000371 0.016423
0.000077 0.011081
0.000005 0.008720
0.000000 0.006929
0.000005 0.005711
0.000077 0.003165
0.000371 -0.000147
0.001081 -0.004963
0.002353 -0.010988
0.004188 -0.016482
0.006585 -0.022093
0.009576 -0.026866
0.013145 -0.031245
0.017281 -0.035430
0.021983 -0.039743
0.027232 -0.043265
0.033016 -0.048598
0.039328 -0.052814
0.046152 -0.056948
0.053476 -0.061489
0.061287 -0.063769
0.069568 -0.067331
0.078308 -0.071272
0.087495 -0.074587
0.097115 -0.076217
0.107157 -0.079360
0.117608 -0.080723
0.128454 -0.081663
0.139683 -0.084182
0.151282 -0.084900
0.163235 -0.085859
0.175532 -0.088594
0.188157 -0.087671
0.201097 -0.088060
0.214337 -0.087739
0.227864 -0.087205
0.241663 -0.087891
0.255719 -0.088214
0.270017 -0.087628
0.284542 -0.086180
0.299280 -0.085115
0.314215 -0.084758
0.329331 -0.085012
0.344613 -0.082691
0.360045 -0.081796
0.375611 -0.080455
0.391296 -0.079334
0.407083 -0.078373
0.422957 -0.076733
0.438901 -0.075050
0.454899 -0.073891
0.470935 -0.072551
0.486992 -0.070303
0.503055 -0.068955
0.519107 -0.067278
0.535132 -0.065976
0.551114 -0.063872
0.567036 -0.061803
0.582884 -0.060480
0.598640 -0.060187
0.614290 -0.057050
0.629817 -0.055532
0.645206 -0.052601
0.660442 -0.050297
0.675509 -0.049056
0.690393 -0.046685
0.705077 -0.045086
0.719549 -0.042051
0.733793 -0.040656
0.747795 -0.037023
0.761542 -0.035315
0.775019 -0.034506
0.788214 -0.030814
0.801113 -0.030593
0.813704 -0.027388
0.825973 -0.025779
0.837910 -0.023983
0.849501 -0.020740
0.860735 -0.022164
0.871601 -0.017072
0.882088 -0.016583
0.892184 -0.014387
0.901880 -0.013175
0.911165 -0.012732
0.920031 -0.010492
0.928468 -0.008487
0.936467 -0.007827
0.944019 -0.004829
0.951116 -0.004379
0.957751 -0.002444
0.963920 -0.000808
0.969616 -0.000355
0.974836 0.002306
0.979575 0.002652
0.983831 0.003665
0.987598 0.004366
0.990874 0.006075
0.993653 0.005765
0.995934 0.006625
0.997711 0.005251
0.998982 0.005769
0.999745 0.002912
1.000000 0.008316
