1.000000 0.007737
0.999745 0.010079
0.998982 0.012363
0.997711 0.011485
0.995933 0.012050
0.993653 0.012739
0.990874 0.014188
0.987598 0.015364
0.983830 0.016828
0.979575 0.018213
0.974836 0.021101
0.969616 0.022646
0.963920 0.026879
0.957751 0.027392
0.951116 0.032798
0.944019 0.032913
0.936467 0.036354
0.928468 0.038638
0.920031 0.041386
0.911165 0.044388
0.901879 0.046697
0.892183 0.048504
0.882087 0.050917
0.871601 0.052998
0.860735 0.055417
0.849501 0.057932
0.837910 0.058851
0.825974 0.061761
0.813704 0.063621
0.801113 0.065459
0.788214 0.067046
0.775019 0.069666
0.761541 0.071710
0.747795 0.072758
0.733792 0.074523
0.719548 0.075396
0.705077 0.077432
0.690392 0.079260
0.675509 0.080066
0.660442 0.082832
0.645206 0.083388
0.629817 0.084948
0.614290 0.085600
0.598640 0.086430
0.582884 0.088261
0.567036 0.088722
0.551113 0.088171
0.535131 0.088435
0.519106 0.088951
0.503054 0.089667
0.486991 0.090247
0.470934 0.089680
0.454898 0.089902
0.438900 0.089413
0.422956 0.088749
0.407083 0.088797
0.391295 0.089711
0.375610 0.089544
0.360044 0.086737
0.344612 0.086074
0.329330 0.084922
0.314213 0.084414
0.299279 0.084861
0.284541 0.083087
0.270015 0.083592
0.255717 0.081826
0.241661 0.080878
0.227862 0.081189
0.214336 0.080512
0.201095 0.078466
0.188155 0.075666
0.175530 0.073951
0.163234 0.072352
0.151280 0.070646
0.139681 0.069765
0.128452 0.067287
0.117606 0.066321
0.107155 0.062031
0.097113 0.061114
0.087493 0.058334
0.078306 0.055886
0.069566 0.054927
0.061285 0.051173
0.053474 0.049327
0.046150 0.047973
0.039326 0.045344
0.033014 0.043782
0.027230 0.042532
0.021980 0.040065
0.017277 0.037983
0.013141 0.035577
0.009573 0.032930
0.006583 0.029849
0.004188 0.026145
0.002354 0.022410
0.001081 0.019021
0.000371 0.015462
0.000077 0.010490
0.000005 0.008630
0.000000 0.007533
0.000005 0.004307
0.000077 0.003854
0.000371 0.000863
0.001081 -0.000638
0.002353 -0.004007
0.004188 -0.007140
0.006585 -0.009438
0.009576 -0.009434
0.013145 -0.011793
0.017281 -0.013694
0.021983 -0.015826
0.027232 -0.019306
0.033016 -0.021011
0.039328 -0.023159
0.046152 -0.024482
0.053476 -0.026197
0.061287 -0.027423
0.069568 -0.028443
0.078308 -0.030046
0.087495 -0.029429
0.097115 -0.030120
0.107157 -0.031769
0.117608 -0.032538
0.128454 -0.033612
0.139683 -0.034217
0.151282 -0.035439
0.163235 -0.035119
0.175532 -0.037198
0.188157 -0.037419
0.201097 -0.037903
0.214337 -0.038016
0.227864 -0.039346
0.241663 -0.039152
0.255719 -0.039529
0.270017 -0.038906
0.284542 -0.039504
0.299280 -0.038402
0.314215 -0.038615
0.329331 -0.038305
0.344613 -0.037960
0.360045 -0.037137
0.375611 -0.036336
0.391296 -0.037085
0.407083 -0.036579
0.422957 -0.035822
0.438901 -0.033714
0.454899 -0.033243
0.470935 -0.032263
0.486992 -0.032143
0.503055 -0.030059
0.519107 -0.028945
0.535132 -0.026112
0.551114 -0.024635
0.567036 -0.024295
0.582884 -0.021364
0.598640 -0.018884
0.614290 -0.016583
0.629817 -0.014638
0.645206 -0.011667
0.660442 -0.009252
0.675509 -0.007105
0.690393 -0.004260
0.705077 -0.003717
0.719549 -0.000458
0.733793 0.002294
0.747795 0.004380
0.761542 0.005831
0.775019 0.008825
0.788214 0.011436
0.801113 0.015096
0.813704 0.014358
0.825973 0.017804
0.837910 0.019327
0.849501 0.020932
0.860735 0.021935
0.871601 0.021176
0.882088 0.021995
0.892184 0.021817
0.901880 0.021139
0.911165 0.022617
0.920031 0.022032
0.928468 0.020385
0.936467 0.019821
0.944019 0.019053
0.951116 0.017966
0.957751 0.016599
0.963920 0.014939
0.969616 0.013362
0.974836 0.012206
0.979575 0.009936
0.983831 0.009056
0.987598 0.007336
0.990874 0.007027
0.993653 0.006166
0.995934 0.005860
0.997711 0.005533
0.998982 0.003480
0.999745 0.004378
1.000000 0.002303
