1.000000 0.003653
0.999745 0.011071
0.998982 0.010010
0.997711 0.011376
0.995933 0.012253
0.993653 0.014256
0.990874 0.015668
0.987598 0.019325
0.983830 0.022244
0.979575 0.026539
0.974836 0.030885
0.969616 0.034374
0.963920 0.039133
0.957751 0.044203
0.951116 0.049895
0.944019 0.055286
0.936467 0.060674
0.928468 0.066540
0.920031 0.072517
0.911165 0.079848
0.901879 0.087065
0.892183 0.094518
0.882087 0.102318
0.871601 0.110799
0.860735 0.118646
0.849501 0.125425
0.837910 0.132732
0.825974 0.139424
0.813704 0.146604
0.801113 0.153203
0.788214 0.160319
0.775019 0.167168
0.761541 0.172809
0.747795 0.178004
0.733792 0.183267
0.719548 0.188389
0.705077 0.192780
0.690392 0.196426
0.675509 0.200317
0.660442 0.203157
0.645206 0.206479
0.629817 0.208491
0.614290 0.210978
0.598640 0.213013
0.582884 0.214834
0.567036 0.216371
0.551113 0.218111
0.535131 0.219083
0.519106 0.219747
0.503054 0.219934
0.486991 0.220027
0.470934 0.219840
0.454898 0.219542
0.438900 0.219631
0.422956 0.217893
0.407083 0.216225
0.391295 0.214433
0.375610 0.212970
0.360044 0.211622
0.344612 0.210716
0.329330 0.207301
0.314213 0.204523
0.299279 0.203312
0.284541 0.200444
0.270015 0.196840
0.255717 0.194809
0.241661 0.190369
0.227862 0.187368
0.214336 0.182985
0.201095 0.178350
0.188155 0.174061
0.175530 0.168529
0.163234 0.164697
0.151280 0.158813
0.139681 0.152808
0.128452 0.146590
0.117606 0.140247
0.107155 0.134341
0.097113 0.129230
0.087493 0.124273
0.078306 0.118222
0.069566 0.111288
0.061285 0.105342
0.053474 0.099332
0.046150 0.092299
0.039326 0.085524
0.033014 0.079352
0.027230 0.072554
0.021980 0.066621
0.017277 0.059748
0.013141 0.053844
0.009573 0.047413
0.006583 0.041610
0.004188 0.036141
0.002354 0.031138
0.001081 0.024641
0.000371 0.020235
0.000077 0.014361
0.000005 0.011943
0.000000 0.010514
0.000005 0.009194
0.000077 0.005691
0.000371 0.003144
0.001081 -0.002453
0.002353 -0.008204
0.004188 -0.014680
0.006585 -0.020504
0.009576 -0.025827
0.013145 -0.032335
0.017281 -0.038868
0.021983 -0.045372
0.027232 -0.050303
0.033016 -0.055883
0.039328 -0.061447
0.046152 -0.066579
0.053476 -0.071614
0.061287 -0.076858
0.069568 -0.081701
0.078308 -0.085732
0.087495 -0.089248
0.097115 -0.092529
0.107157 -0.096323
0.117608 -0.098922
0.128454 -0.102004
0.139683 -0.106465
0.151282 -0.108381
0.163235 -0.111033
0.175532 -0.111620
0.188157 -0.113499
0.201097 -0.114188
0.214337 -0.115895
0.227864 -0.117089
0.241663 -0.116052
0.255719 -0.116507
0.270017 -0.114827
0.284542 -0.113631
0.299280 -0.113089
0.314215 -0.111828
0.329331 -0.109920
0.344613 -0.108232
0.360045 -0.104511
0.375611 -0.102780
0.391296 -0.100104
0.407083 -0.097138
0.422957 -0.093331
0.438901 -0.090015
0.454899 -0.087510
0.470935 -0.085689
0.486992 -0.082981
0.503055 -0.081960
0.519107 -0.078945
0.535132 -0.075889
0.551114 -0.073542
0.567036 -0.070734
0.582884 -0.066840
0.598640 -0.063083
0.614290 -0.059719
0.629817 -0.056560
0.645206 -0.053313
0.660442 -0.050154
0.675509 -0.047360
0.690393 -0.043196
0.705077 -0.039654
0.719549 -0.035775
0.733793 -0.033121
0.747795 -0.030528
0.761542 -0.027966
0.775019 -0.025014
0.788214 -0.021763
0.801113 -0.019843
0.813704 -0.016992
0.825973 -0.015032
0.837910 -0.013712
0.849501 -0.011617
0.860735 -0.010493
0.871601 -0.009111
0.882088 -0.007599
0.892184 -0.006583
0.901880 -0.004712
0.911165 -0.004154
0.920031 -0.003574
0.928468 -0.003161
0.936467 -0.002003
0.944019 -0.000931
0.951116 0.000437
0.957751 0.001267
0.963920 0.001973
0.969616 0.003327
0.974836 0.004117
0.979575 0.006976
0.983831 0.006259
0.987598 0.006725
0.990874 0.006711
0.993653 0.007530
0.995934 0.007766
0.997711 0.007359
0.998982 0.005916
0.999745 0.003994
1.000000 0.005729
