1.000000 0.005593
0.999745 0.008674
0.998982 0.009930
0.997711 0.008638
0.995933 0.009719
0.993653 0.011318
0.990874 0.010927
0.987598 0.012459
0.983830 0.013318
0.979575 0.015797
0.974836 0.018237
0.969616 0.020825
0.963920 0.023288
0.957751 0.025651
0.951116 0.028613
0.944019 0.031559
0.936467 0.034868
0.928468 0.037930
0.920031 0.041341
0.911165 0.044401
0.901879 0.047615
0.892183 0.051213
0.882087 0.055879
0.871601 0.060378
0.860735 0.065358
0.849501 0.070036
0.837910 0.074065
0.825974 0.080698
0.813704 0.085344
0.801113 0.091522
0.788214 0.097965
0.775019 0.104542
0.761541 0.111219
0.747795 0.117659
0.733792 0.123868
0.719548 0.132593
0.705077 0.137481
0.690392 0.145754
0.675509 0.152353
0.660442 0.159605
0.645206 0.166828
0.629817 0.174191
0.614290 0.180850
0.598640 0.188130
0.582884 0.194732
0.567036 0.202089
0.551113 0.209415
0.535131 0.216722
0.519106 0.222684
0.503054 0.227795
0.486991 0.233298
0.470934 0.239378
0.454898 0.244149
0.438900 0.249237
0.422956 0.252300
0.407083 0.255376
0.391295 0.259320
0.375610 0.262712
0.360044 0.264274
0.344612 0.266148
0.329330 0.267086
0.314213 0.268613
0.299279 0.269164
0.284541 0.269213
0.270015 0.268285
0.255717 0.267577
0.241661 0.264439
0.227862 0.261370
0.214336 0.257229
0.201095 0.253001
0.188155 0.247242
0.175530 0.241559
0.163234 0.235358
0.151280 0.228928
0.139681 0.222379
0.128452 0.214771
0.117606 0.206953
0.107155 0.200243
0.097113 0.189991
0.087493 0.180910
0.078306 0.171004
0.069566 0.162078
0.061285 0.152775
0.053474 0.142815
0.046150 0.133602
0.039326 0.124096
0.033014 0.113779
0.027230 0.103235
0.021980 0.092135
0.017277 0.082826
0.013141 0.072351
0.009573 0.061745
0.006583 0.051697
0.004188 0.041201
0.002354 0.031864
0.001081 0.024912
0.000371 0.015676
0.000077 0.010934
0.000005 0.008136
0.000000 0.006770
0.000005 0.006643
0.000077 0.003972
0.000371 -0.000886
0.001081 -0.007625
0.002353 -0.014638
0.004188 -0.022612
0.006585 -0.030774
0.009576 -0.039876
0.013145 -0.048178
0.017281 -0.053593
0.021983 -0.057920
0.027232 -0.062409
0.033016 -0.066529
0.039328 -0.070348
0.046152 -0.073961
0.053476 -0.077543
0.061287 -0.079673
0.069568 -0.082887
0.078308 -0.084794
0.087495 -0.086819
0.097115 -0.088670
0.107157 -0.090550
0.117608 -0.091698
0.128454 -0.093318
0.139683 -0.094995
0.151282 -0.096159
0.163235 -0.096979
0.175532 -0.097242
0.188157 -0.098125
0.201097 -0.098770
0.214337 -0.099700
0.227864 -0.099297
0.241663 -0.100673
0.255719 -0.099219
0.270017 -0.101016
0.284542 -0.102306
0.299280 -0.102685
0.314215 -0.103242
0.329331 -0.103212
0.344613 -0.103799
0.360045 -0.105399
0.375611 -0.104182
0.391296 -0.105606
0.407083 -0.106283
0.422957 -0.106616
0.438901 -0.108314
0.454899 -0.107114
0.470935 -0.107944
0.486992 -0.109500
0.503055 -0.109198
0.519107 -0.109527
0.535132 -0.110223
0.551114 -0.111318
0.567036 -0.111673
0.582884 -0.112291
0.598640 -0.112256
0.614290 -0.113595
0.629817 -0.114396
0.645206 -0.115391
0.660442 -0.113532
0.675509 -0.111466
0.690393 -0.111531
0.705077 -0.109545
0.719549 -0.107509
0.733793 -0.105856
0.747795 -0.102764
0.761542 -0.100379
0.775019 -0.096895
0.788214 -0.093785
0.801113 -0.089479
0.813704 -0.085598
0.825973 -0.081603
0.837910 -0.077340
0.849501 -0.073604
0.860735 -0.067824
0.871601 -0.065020
0.882088 -0.059969
0.892184 -0.054062
0.901880 -0.050970
0.911165 -0.045124
0.920031 -0.040556
0.928468 -0.037121
0.936467 -0.032104
0.944019 -0.028425
0.951116 -0.023189
0.957751 -0.019900
0.963920 -0.015697
0.969616 -0.013424
0.974836 -0.008943
0.979575 -0.004945
0.983831 -0.002612
0.987598 0.001055
0.990874 0.002975
0.993653 0.004258
0.995934 0.006151
0.997711 0.007588
0.998982 0.008661
0.999745 0.008739
1.000000 0.006295
