1.000000 0.006685
0.999745 0.008963
0.998982 0.012720
0.997711 0.011849
0.995933 0.013416
0.993653 0.016147
0.990874 0.016418
0.987598 0.017088
0.983830 0.021057
0.979575 0.024657
0.974836 0.029993
0.969616 0.033575
0.963920 0.038401
0.957751 0.043374
0.951116 0.049138
0.944019 0.054229
0.936467 0.059987
0.928468 0.066369
0.920031 0.072777
0.911165 0.079635
0.901879 0.087782
0.892183 0.095202
0.882087 0.103991
0.871601 0.111859
0.860735 0.120361
0.849501 0.129133
0.837910 0.137706
0.825974 0.147171
0.813704 0.157181
0.801113 0.167239
0.788214 0.177451
0.775019 0.187657
0.761541 0.197817
0.747795 0.208351
0.733792 0.218712
0.719548 0.229817
0.705077 0.239028
0.690392 0.250182
0.675509 0.259728
0.660442 0.270478
0.645206 0.280996
0.629817 0.291396
0.614290 0.302688
0.598640 0.313229
0.582884 0.323518
0.567036 0.334093
0.551113 0.343055
0.535131 0.354586
0.519106 0.361882
0.503054 0.370772
0.486991 0.379267
0.470934 0.385588
0.454898 0.393358
0.438900 0.397880
0.422956 0.403663
0.407083 0.408790
0.391295 0.412932
0.375610 0.416097
0.360044 0.418318
0.344612 0.421368
0.329330 0.421092
0.314213 0.421609
0.299279 0.420139
0.284541 0.418638
0.270015 0.416142
0.255717 0.412987
0.241661 0.409013
0.227862 0.403100
0.214336 0.396873
0.201095 0.388910
0.188155 0.380320
0.175530 0.371370
0.163234 0.360923
0.151280 0.351370
0.139681 0.338660
0.128452 0.326407
0.117606 0.312571
0.107155 0.298775
0.097113 0.284390
0.087493 0.268122
0.078306 0.252051
0.069566 0.234679
0.061285 0.219074
0.053474 0.200922
0.046150 0.184330
0.039326 0.167185
0.033014 0.151913
0.027230 0.135361
0.021980 0.117806
0.017277 0.100950
0.013141 0.085118
0.009573 0.070899
0.006583 0.057576
0.004188 0.044627
0.002354 0.034598
0.001081 0.025585
0.000371 0.018250
0.000077 0.012604
0.000005 0.010131
0.000000 0.007992
0.000005 0.007982
0.000077 0.005339
0.000371 -0.000416
0.001081 -0.002703
0.002353 -0.007926
0.004188 -0.013043
0.006585 -0.017813
0.009576 -0.020710
0.013145 -0.022967
0.017281 -0.023274
0.021983 -0.023983
0.027232 -0.022691
0.033016 -0.021333
0.039328 -0.019295
0.046152 -0.016061
0.053476 -0.011761
0.061287 -0.007330
0.069568 -0.002051
0.078308 0.007999
0.087495 0.014296
0.097115 0.023310
0.107157 0.033267
0.117608 0.042340
0.128454 0.052015
0.139683 0.061510
0.151282 0.069313
0.163235 0.078369
0.175532 0.086751
0.188157 0.096224
0.201097 0.102787
0.214337 0.111923
0.227864 0.120562
0.241663 0.128253
0.255719 0.134932
0.270017 0.140995
0.284542 0.147904
0.299280 0.152590
0.314215 0.155763
0.329331 0.162726
0.344613 0.162878
0.360045 0.165870
0.375611 0.168828
0.391296 0.169266
0.407083 0.170167
0.422957 0.169514
0.438901 0.169387
0.454899 0.167823
0.470935 0.166460
0.486992 0.164360
0.503055 0.160974
0.519107 0.158657
0.535132 0.155047
0.551114 0.150620
0.567036 0.147141
0.582884 0.142111
0.598640 0.136508
0.614290 0.132385
0.629817 0.125678
0.645206 0.120089
0.660442 0.114557
0.675509 0.109335
0.690393 0.104623
0.705077 0.099118
0.719549 0.093317
0.733793 0.087250
0.747795 0.080922
0.761542 0.075328
0.775019 0.070237
0.788214 0.064590
0.801113 0.057534
0.813704 0.055247
0.825973 0.051214
0.837910 0.046807
0.849501 0.040978
0.860735 0.037014
0.871601 0.033916
0.882088 0.030768
0.892184 0.027708
0.901880 0.025342
0.911165 0.023209
0.920031 0.021694
0.928468 0.019018
0.936467 0.016629
0.944019 0.015023
0.951116 0.013428
0.957751 0.012220
0.963920 0.010534
0.969616 0.009199
0.974836 0.008774
0.979575 0.007141
0.983831 0.005496
0.987598 0.006176
0.990874 0.004719
0.993653 0.004176
0.995934 0.004752
0.997711 0.004091
0.998982 0.004924
0.999745 0.001905
1.000000 0.002797
