1.000000 0.005664
0.999745 0.009977
0.998982 0.016435
0.997711 0.014932
0.995933 0.017306
0.993653 0.018439
0.990874 0.020323
0.987598 0.022516
0.983830 0.025368
0.979575 0.028058
0.974836 0.031955
0.969616 0.035696
0.963920 0.038584
0.957751 0.042250
0.951116 0.046919
0.944019 0.051478
0.936467 0.055690
0.928468 0.061237
0.920031 0.066479
0.911165 0.070754
0.901879 0.075862
0.892183 0.079955
0.882087 0.084594
0.871601 0.090085
0.860735 0.095583
0.849501 0.100748
0.837910 0.106972
0.825974 0.111292
0.813704 0.116536
0.801113 0.120328
0.788214 0.129149
0.775019 0.133495
0.761541 0.139045
0.747795 0.144015
0.733792 0.147906
0.719548 0.156131
0.705077 0.158355
0.690392 0.163545
0.675509 0.166628
0.660442 0.170908
0.645206 0.175099
0.629817 0.180097
0.614290 0.183696
0.598640 0.186692
0.582884 0.188950
0.567036 0.191544
0.551113 0.193638
0.535131 0.195860
0.519106 0.197562
0.503054 0.198378
0.486991 0.198408
0.470934 0.200886
0.454898 0.200504
0.438900 0.200930
0.422956 0.200895
0.407083 0.200934
0.391295 0.200289
0.375610 0.199923
0.360044 0.198877
0.344612 0.198003
0.329330 0.196835
0.314213 0.194446
0.299279 0.192914
0.284541 0.189782
0.270015 0.188232
0.255717 0.185065
0.241661 0.182454
0.227862 0.178949
0.214336 0.176819
0.201095 0.173778
0.188155 0.170302
0.175530 0.168887
0.163234 0.161593
0.151280 0.158222
0.139681 0.153880
0.128452 0.149748
0.117606 0.145180
0.107155 0.141644
0.097113 0.136191
0.087493 0.131455
0.078306 0.125963
0.069566 0.120618
0.061285 0.115388
0.053474 0.112069
0.046150 0.103923
0.039326 0.098495
0.033014 0.092787
0.027230 0.087407
0.021980 0.080375
0.017277 0.073009
0.013141 0.065704
0.009573 0.057430
0.006583 0.048465
0.004188 0.039288
0.002354 0.031151
0.001081 0.022437
0.000371 0.016177
0.000077 0.012203
0.000005 0.009292
0.000000 0.008938
0.000005 0.008474
0.000077 0.005549
0.000371 -0.000196
0.001081 -0.007619
0.002353 -0.014488
0.004188 -0.023081
0.006585 -0.031191
0.009576 -0.040478
0.013145 -0.048532
0.017281 -0.058003
0.021983 -0.065441
0.027232 -0.073482
0.033016 -0.080475
0.039328 -0.087420
0.046152 -0.094468
0.053476 -0.100711
0.061287 -0.106444
0.069568 -0.112273
0.078308 -0.119581
0.087495 -0.124606
0.097115 -0.129848
0.107157 -0.135817
0.117608 -0.140992
0.128454 -0.144527
0.139683 -0.149239
0.151282 -0.154803
0.163235 -0.158832
0.175532 -0.163719
0.188157 -0.166026
0.201097 -0.169363
0.214337 -0.172629
0.227864 -0.176077
0.241663 -0.178743
0.255719 -0.180756
0.270017 -0.183395
0.284542 -0.185337
0.299280 -0.187017
0.314215 -0.188095
0.329331 -0.189310
0.344613 -0.188218
0.360045 -0.189932
0.375611 -0.188378
0.391296 -0.186597
0.407083 -0.184878
0.422957 -0.181918
0.438901 -0.179042
0.454899 -0.174501
0.470935 -0.170984
0.486992 -0.167271
0.503055 -0.161004
0.519107 -0.156093
0.535132 -0.149290
0.551114 -0.143754
0.567036 -0.136223
0.582884 -0.128448
0.598640 -0.120833
0.614290 -0.113124
0.629817 -0.105799
0.645206 -0.096546
0.660442 -0.089512
0.675509 -0.081151
0.690393 -0.073226
0.705077 -0.064758
0.719549 -0.057326
0.733793 -0.051675
0.747795 -0.044890
0.761542 -0.039258
0.775019 -0.033255
0.788214 -0.026054
0.801113 -0.022189
0.813704 -0.017123
0.825973 -0.013540
0.837910 -0.009338
0.849501 -0.005695
0.860735 -0.002508
0.871601 -0.000154
0.882088 0.002509
0.892184 0.004686
0.901880 0.006205
0.911165 0.007717
0.920031 0.008944
0.928468 0.009185
0.936467 0.010073
0.944019 0.010112
0.951116 0.009825
0.957751 0.010192
0.963920 0.008327
0.969616 0.007731
0.974836 0.006094
0.979575 0.006335
0.983831 0.004630
0.987598 0.007723
0.990874 0.005594
0.993653 0.005725
0.995934 0.005417
0.997711 0.004488
0.998982 0.005412
0.999745 0.004131
1.000000 0.001369
