1.000000 0.011105
0.999745 0.008346
0.998982 0.011273
0.997711 0.012648
0.995933 0.015200
0.993653 0.017640
0.990874 0.020714
0.987598 0.024372
0.983830 0.028578
0.979575 0.033230
0.974836 0.037084
0.969616 0.041834
0.963920 0.048759
0.957751 0.052809
0.951116 0.056982
0.944019 0.062387
0.936467 0.067446
0.928468 0.073076
0.920031 0.078356
0.911165 0.083683
0.901879 0.088599
0.892183 0.093882
0.882087 0.098649
0.871601 0.105325
0.860735 0.109466
0.849501 0.115823
0.837910 0.122998
0.825974 0.129802
0.813704 0.135842
0.801113 0.141567
0.788214 0.147452
0.775019 0.153343
0.761541 0.159449
0.747795 0.164634
0.733792 0.170366
0.719548 0.175584
0.705077 0.181878
0.690392 0.186935
0.675509 0.192960
0.660442 0.198029
0.645206 0.202711
0.629817 0.208061
0.614290 0.212117
0.598640 0.216482
0.582884 0.221107
0.567036 0.225255
0.551113 0.229192
0.535131 0.233008
0.519106 0.236670
0.503054 0.240019
0.486991 0.243985
0.470934 0.246667
0.454898 0.249718
0.438900 0.252248
0.422956 0.254461
0.407083 0.256867
0.391295 0.259499
0.375610 0.259562
0.360044 0.260254
0.344612 0.259696
0.329330 0.260274
0.314213 0.258940
0.299279 0.257958
0.284541 0.256915
0.270015 0.254632
0.255717 0.252859
0.241661 0.251416
0.227862 0.249272
0.214336 0.246717
0.201095 0.243068
0.188155 0.238553
0.175530 0.233918
0.163234 0.229685
0.151280 0.223901
0.139681 0.216813
0.128452 0.210846
0.117606 0.202821
0.107155 0.194964
0.097113 0.188477
0.087493 0.178952
0.078306 0.169799
0.069566 0.159570
0.061285 0.150337
0.053474 0.140395
0.046150 0.131661
0.039326 0.119819
0.033014 0.109098
0.027230 0.098220
0.021980 0.088039
0.017277 0.078262
0.013141 0.067559
0.009573 0.057557
0.006583 0.047732
0.004188 0.039003
0.002354 0.030880
0.001081 0.022851
0.000371 0.016499
0.000077 0.010970
0.000005 0.007724
0.000000 0.006997
0.000005 0.005751
0.000077 0.003542
0.000371 0.000144
0.001081 -0.005297
0.002353 -0.013773
0.004188 -0.018601
0.006585 -0.025193
0.009576 -0.031085
0.013145 -0.036705
0.017281 -0.040109
0.021983 -0.044675
0.027232 -0.046683
0.033016 -0.049651
0.039328 -0.050399
0.046152 -0.050361
0.053476 -0.050521
0.061287 -0.051216
0.069568 -0.049552
0.078308 -0.048929
0.087495 -0.048208
0.097115 -0.046676
0.107157 -0.046983
0.117608 -0.045768
0.128454 -0.044274
0.139683 -0.044571
0.151282 -0.044068
0.163235 -0.042910
0.175532 -0.041750
0.188157 -0.039039
0.201097 -0.036083
0.214337 -0.034421
0.227864 -0.031806
0.241663 -0.029793
0.255719 -0.027537
0.270017 -0.026663
0.284542 -0.023558
0.299280 -0.022120
0.314215 -0.021171
0.329331 -0.019846
0.344613 -0.017473
0.360045 -0.016190
0.375611 -0.016002
0.391296 -0.014136
0.407083 -0.013673
0.422957 -0.013515
0.438901 -0.013006
0.454899 -0.013170
0.470935 -0.014024
0.486992 -0.015526
0.503055 -0.015435
0.519107 -0.017797
0.535132 -0.018725
0.551114 -0.020683
0.567036 -0.021387
0.582884 -0.022547
0.598640 -0.023044
0.614290 -0.023973
0.629817 -0.025254
0.645206 -0.027315
0.660442 -0.026852
0.675509 -0.029556
0.690393 -0.028622
0.705077 -0.028418
0.719549 -0.029125
0.733793 -0.028572
0.747795 -0.029133
0.761542 -0.029358
0.775019 -0.028946
0.788214 -0.029030
0.801113 -0.029965
0.813704 -0.027751
0.825973 -0.028176
0.837910 -0.026819
0.849501 -0.026664
0.860735 -0.025572
0.871601 -0.024469
0.882088 -0.023495
0.892184 -0.022472
0.901880 -0.021614
0.911165 -0.020415
0.920031 -0.018949
0.928468 -0.017522
0.936467 -0.016575
0.944019 -0.015104
0.951116 -0.013507
0.957751 -0.012238
0.963920 -0.010869
0.969616 -0.008440
0.974836 -0.006946
0.979575 -0.004195
0.983831 -0.002886
0.987598 -0.001146
0.990874 -0.000619
0.993653 0.000275
0.995934 0.001917
0.997711 0.002996
0.998982 0.003334
0.999745 0.005588
1.000000 0.006157
