1.000000 0.000264
0.999745 0.000500
0.998982 0.001201
0.997711 0.002333
0.995933 0.003835
0.993653 0.005755
0.990874 0.008155
0.987598 0.011028
0.983830 0.014347
0.979575 0.018120
0.974836 0.022351
0.969616 0.027005
0.963920 0.032038
0.957751 0.037406
0.951116 0.043041
0.944019 0.048883
0.936467 0.054921
0.928468 0.061172
0.920031 0.067645
0.911165 0.074318
0.901879 0.081233
0.892183 0.088445
0.882087 0.095915
0.871601 0.103609
0.860735 0.111516
0.849501 0.119636
0.837910 0.128019
0.825974 0.136618
0.813704 0.145381
0.801113 0.154287
0.788214 0.163293
0.775019 0.172369
0.761541 0.181405
0.747795 0.190385
0.733792 0.199294
0.719548 0.208103
0.705077 0.216759
0.690392 0.225266
0.675509 0.233566
0.660442 0.241655
0.645206 0.249487
0.629817 0.257010
0.614290 0.264206
0.598640 0.271069
0.582884 0.277592
0.567036 0.283714
0.551113 0.289418
0.535131 0.294708
0.519106 0.299594
0.503054 0.304033
0.486991 0.308015
0.470934 0.311582
0.454898 0.314723
0.438900 0.317391
0.422956 0.319558
0.407083 0.321265
0.391295 0.322518
0.375610 0.323285
0.360044 0.323557
0.344612 0.323373
0.329330 0.322722
0.314213 0.321554
0.299279 0.319884
0.284541 0.317771
0.270015 0.315180
0.255717 0.312047
0.241661 0.308375
0.227862 0.304176
0.214336 0.299397
0.201095 0.294028
0.188155 0.288107
0.175530 0.281621
0.163234 0.274515
0.151280 0.266760
0.139681 0.258376
0.128452 0.249364
0.117606 0.239752
0.107155 0.229614
0.097113 0.219036
0.087493 0.208045
0.078306 0.196574
0.069566 0.184570
0.061285 0.172141
0.053474 0.159518
0.046150 0.146750
0.039326 0.133926
0.033014 0.121073
0.027230 0.108205
0.021980 0.095329
0.017277 0.082566
0.013141 0.070075
0.009573 0.058039
0.006583 0.046670
0.004188 0.036054
0.002354 0.026413
0.001081 0.018084
0.000371 0.011392
0.000077 0.006532
0.000005 0.003605
0.000000 0.002627
0.000005 0.001682
0.000077 -0.001145
0.000371 -0.005653
0.001081 -0.011533
0.002353 -0.018167
0.004188 -0.024750
0.006585 -0.030920
0.009576 -0.036851
0.013145 -0.041965
0.017281 -0.046400
0.021983 -0.050580
0.027232 -0.054593
0.033016 -0.058430
0.039328 -0.062177
0.046152 -0.065871
0.053476 -0.069463
0.061287 -0.072949
0.069568 -0.076400
0.078308 -0.079787
0.087495 -0.083043
0.097115 -0.086175
0.107157 -0.089195
0.117608 -0.092167
0.128454 -0.095027
0.139683 -0.097792
0.151282 -0.100428
0.163235 -0.102906
0.175532 -0.105184
0.188157 -0.107274
0.201097 -0.109188
0.214337 -0.110902
0.227864 -0.112411
0.241663 -0.113719
0.255719 -0.114821
0.270017 -0.115666
0.284542 -0.116240
0.299280 -0.116557
0.314215 -0.116625
0.329331 -0.116416
0.344613 -0.115912
0.360045 -0.115098
0.375611 -0.113993
0.391296 -0.112586
0.407083 -0.110844
0.422957 -0.108798
0.438901 -0.106490
0.454899 -0.103931
0.470935 -0.101119
0.486992 -0.098088
0.503055 -0.094868
0.519107 -0.091464
0.535132 -0.087880
0.551114 -0.084125
0.567036 -0.080204
0.582884 -0.076118
0.598640 -0.071864
0.614290 -0.067450
0.629817 -0.062878
0.645206 -0.058178
0.660442 -0.053391
0.675509 -0.048579
0.690393 -0.043780
0.705077 -0.039026
0.719549 -0.034355
0.733793 -0.029817
0.747795 -0.025417
0.761542 -0.021203
0.775019 -0.017189
0.788214 -0.013405
0.801113 -0.009885
0.813704 -0.006658
0.825973 -0.003721
0.837910 -0.001084
0.849501 0.001241
0.860735 0.003243
0.871601 0.004945
0.882088 0.006364
0.892184 0.007490
0.901880 0.008329
0.911165 0.008851
0.920031 0.009090
0.928468 0.009103
0.936467 0.008923
0.944019 0.008573
0.951116 0.008106
0.957751 0.007575
0.963920 0.006982
0.969616 0.006291
0.974836 0.005477
0.979575 0.004525
0.983831 0.003480
0.987598 0.002399
0.990874 0.001352
0.993653 0.000376
0.995934 -0.000498
0.997711 -0.001213
0.998982 -0.001702
0.999745 -0.001979
1.000000 -0.002070
