1.000000 0.001196
0.999745 0.001371
0.998982 0.001893
0.997711 0.002735
0.995933 0.003849
0.993653 0.005296
0.990874 0.007142
0.987598 0.009390
0.983830 0.012027
0.979575 0.015065
0.974836 0.018508
0.969616 0.022346
0.963920 0.026558
0.957751 0.031110
0.951116 0.035940
0.944019 0.040998
0.936467 0.046280
0.928468 0.051803
0.920031 0.057574
0.911165 0.063580
0.901879 0.069854
0.892183 0.076432
0.882087 0.083284
0.871601 0.090386
0.860735 0.097733
0.849501 0.105330
0.837910 0.113249
0.825974 0.121432
0.813704 0.129817
0.801113 0.138395
0.788214 0.147142
0.775019 0.156032
0.761541 0.164951
0.747795 0.173891
0.733792 0.182839
0.719548 0.191770
0.705077 0.200635
0.690392 0.209449
0.675509 0.218143
0.660442 0.226710
0.645206 0.235092
0.629817 0.243249
0.614290 0.251163
0.598640 0.258825
0.582884 0.266222
0.567036 0.273293
0.551113 0.280005
0.535131 0.286342
0.519106 0.292293
0.503054 0.297808
0.486991 0.302877
0.470934 0.307523
0.454898 0.311740
0.438900 0.315485
0.422956 0.318748
0.407083 0.321553
0.391295 0.323901
0.375610 0.325753
0.360044 0.327104
0.344612 0.327965
0.329330 0.328319
0.314213 0.328115
0.299279 0.327352
0.284541 0.326046
0.270015 0.324153
0.255717 0.321638
0.241661 0.318488
0.227862 0.314690
0.214336 0.310212
0.201095 0.305052
0.188155 0.299230
0.175530 0.292727
0.163234 0.285518
0.151280 0.277591
0.139681 0.268938
0.128452 0.259546
0.117606 0.249480
0.107155 0.238829
0.097113 0.227646
0.087493 0.215968
0.078306 0.203788
0.069566 0.191057
0.061285 0.177850
0.053474 0.164403
0.046150 0.150832
0.039326 0.137262
0.033014 0.123713
0.027230 0.110198
0.021980 0.096728
0.017277 0.083428
0.013141 0.070475
0.009573 0.058071
0.006583 0.046446
0.004188 0.035688
0.002354 0.025982
0.001081 0.017638
0.000371 0.010948
0.000077 0.006089
0.000005 0.003160
0.000000 0.002180
0.000005 0.001234
0.000077 -0.001607
0.000371 -0.006161
0.001081 -0.012141
0.002353 -0.018980
0.004188 -0.025889
0.006585 -0.032490
0.009576 -0.038937
0.013145 -0.044565
0.017281 -0.049355
0.021983 -0.053645
0.027232 -0.057586
0.033016 -0.061245
0.039328 -0.064707
0.046152 -0.068048
0.053476 -0.071290
0.061287 -0.074454
0.069568 -0.077548
0.078308 -0.080531
0.087495 -0.083377
0.097115 -0.086103
0.107157 -0.088689
0.117608 -0.091211
0.128454 -0.093634
0.139683 -0.095979
0.151282 -0.098195
0.163235 -0.100262
0.175532 -0.102164
0.188157 -0.103905
0.201097 -0.105472
0.214337 -0.106848
0.227864 -0.108053
0.241663 -0.109083
0.255719 -0.109904
0.270017 -0.110489
0.284542 -0.110851
0.299280 -0.111011
0.314215 -0.110964
0.329331 -0.110695
0.344613 -0.110208
0.360045 -0.109497
0.375611 -0.108573
0.391296 -0.107424
0.407083 -0.106045
0.422957 -0.104478
0.438901 -0.102746
0.454899 -0.100867
0.470935 -0.098853
0.486992 -0.096746
0.503055 -0.094562
0.519107 -0.092302
0.535132 -0.089977
0.551114 -0.087607
0.567036 -0.085185
0.582884 -0.082686
0.598640 -0.080115
0.614290 -0.077477
0.629817 -0.074745
0.645206 -0.071910
0.660442 -0.068999
0.675509 -0.066046
0.690393 -0.063047
0.705077 -0.059998
0.719549 -0.056923
0.733793 -0.053856
0.747795 -0.050783
0.761542 -0.047730
0.775019 -0.044708
0.788214 -0.041733
0.801113 -0.038831
0.813704 -0.036017
0.825973 -0.033266
0.837910 -0.030598
0.849501 -0.028033
0.860735 -0.025580
0.871601 -0.023234
0.882088 -0.021004
0.892184 -0.018914
0.901880 -0.016961
0.911165 -0.015188
0.920031 -0.013579
0.928468 -0.012092
0.936467 -0.010704
0.944019 -0.009405
0.951116 -0.008163
0.957751 -0.006950
0.963920 -0.005796
0.969616 -0.004761
0.974836 -0.003896
0.979575 -0.003237
0.983831 -0.002769
0.987598 -0.002452
0.990874 -0.002232
0.993653 -0.002100
0.995934 -0.002056
0.997711 -0.002031
0.998982 -0.001958
0.999745 -0.001884
1.000000 -0.001858
