1.000000 0.007936
0.999745 0.007535
0.998982 0.008925
0.997711 0.009421
0.995933 0.009844
0.993653 0.011284
0.990874 0.012378
0.987598 0.014650
0.983830 0.017144
0.979575 0.020048
0.974836 0.022534
0.969616 0.025774
0.963920 0.028923
0.957751 0.032208
0.951116 0.034195
0.944019 0.037307
0.936467 0.040887
0.928468 0.042485
0.920031 0.046857
0.911165 0.049911
0.901879 0.053794
0.892183 0.058985
0.882087 0.063451
0.871601 0.067659
0.860735 0.071447
0.849501 0.077179
0.837910 0.081900
0.825974 0.087703
0.813704 0.093104
0.801113 0.098230
0.788214 0.104558
0.775019 0.109866
0.761541 0.114849
0.747795 0.120497
0.733792 0.125381
0.719548 0.130971
0.705077 0.135120
0.690392 0.141251
0.675509 0.144474
0.660442 0.150277
0.645206 0.156562
0.629817 0.162003
0.614290 0.167681
0.598640 0.172286
0.582884 0.177541
0.567036 0.182423
0.551113 0.187087
0.535131 0.193922
0.519106 0.197604
0.503054 0.202633
0.486991 0.206911
0.470934 0.211520
0.454898 0.213783
0.438900 0.217468
0.422956 0.220499
0.407083 0.224358
0.391295 0.226842
0.375610 0.227727
0.360044 0.229364
0.344612 0.228458
0.329330 0.230658
0.314213 0.228578
0.299279 0.227235
0.284541 0.225550
0.270015 0.223821
0.255717 0.221677
0.241661 0.218812
0.227862 0.214627
0.214336 0.210307
0.201095 0.205896
0.188155 0.200055
0.175530 0.194012
0.163234 0.188313
0.151280 0.182617
0.139681 0.176809
0.128452 0.170443
0.117606 0.162477
0.107155 0.155290
0.097113 0.147588
0.087493 0.139471
0.078306 0.132203
0.069566 0.121395
0.061285 0.114817
0.053474 0.106781
0.046150 0.098159
0.039326 0.091002
0.033014 0.082542
0.027230 0.074833
0.021980 0.068317
0.017277 0.060587
0.013141 0.052480
0.009573 0.045126
0.006583 0.037494
0.004188 0.030496
0.002354 0.024757
0.001081 0.019093
0.000371 0.013602
0.000077 0.009633
0.000005 0.006352
0.000000 0.003391
0.000005 0.003877
0.000077 0.002551
0.000371 0.001418
0.001081 -0.002125
0.002353 -0.006160
0.004188 -0.009056
0.006585 -0.011232
0.009576 -0.011976
0.013145 -0.012673
0.017281 -0.012647
0.021983 -0.011660
0.027232 -0.011856
0.033016 -0.010394
0.039328 -0.008692
0.046152 -0.007551
0.053476 -0.006704
0.061287 -0.003690
0.069568 -0.002317
0.078308 -0.000202
0.087495 0.001513
0.097115 0.003461
0.107157 0.005612
0.117608 0.007600
0.128454 0.010465
0.139683 0.013165
0.151282 0.015284
0.163235 0.016883
0.175532 0.020024
0.188157 0.022627
0.201097 0.024049
0.214337 0.026217
0.227864 0.028051
0.241663 0.029750
0.255719 0.030913
0.270017 0.032378
0.284542 0.033541
0.299280 0.033541
0.314215 0.032533
0.329331 0.031777
0.344613 0.031009
0.360045 0.029904
0.375611 0.030081
0.391296 0.028663
0.407083 0.026536
0.422957 0.024700
0.438901 0.021965
0.454899 0.022110
0.470935 0.018390
0.486992 0.018385
0.503055 0.016218
0.519107 0.012178
0.535132 0.009879
0.551114 0.007679
0.567036 0.004651
0.582884 0.002719
0.598640 -0.000693
0.614290 -0.002207
0.629817 -0.004369
0.645206 -0.006119
0.660442 -0.008573
0.675509 -0.010112
0.690393 -0.011626
0.705077 -0.012205
0.719549 -0.013288
0.733793 -0.014540
0.747795 -0.015277
0.761542 -0.015653
0.775019 -0.015513
0.788214 -0.015216
0.801113 -0.014657
0.813704 -0.014124
0.825973 -0.013519
0.837910 -0.012569
0.849501 -0.011857
0.860735 -0.010464
0.871601 -0.009067
0.882088 -0.008004
0.892184 -0.006346
0.901880 -0.004446
0.911165 -0.003656
0.920031 -0.001798
0.928468 -0.000067
0.936467 0.000272
0.944019 0.001274
0.951116 0.002530
0.957751 0.003143
0.963920 0.004893
0.969616 0.005332
0.974836 0.006030
0.979575 0.006111
0.983831 0.006161
0.987598 0.006423
0.990874 0.006761
0.993653 0.006627
0.995934 0.005773
0.997711 0.005791
0.998982 0.003979
0.999745 0.003675
1.000000 0.003611
