1.000000 0.013779
0.999745 0.015383
0.998982 0.017896
0.997711 0.018765
0.995933 0.018864
0.993653 0.018635
0.990874 0.018588
0.987598 0.018988
0.983830 0.019710
0.979575 0.019939
0.974836 0.020825
0.969616 0.021612
0.963920 0.022989
0.957751 0.024864
0.951116 0.026637
0.944019 0.027298
0.936467 0.029554
0.928468 0.032314
0.920031 0.035341
0.911165 0.038825
0.901879 0.041184
0.892183 0.043711
0.882087 0.047559
0.871601 0.050836
0.860735 0.054728
0.849501 0.058408
0.837910 0.061683
0.825974 0.065800
0.813704 0.069821
0.801113 0.073601
0.788214 0.077370
0.775019 0.081220
0.761541 0.086221
0.747795 0.087882
0.733792 0.091822
0.719548 0.094933
0.705077 0.099896
0.690392 0.103293
0.675509 0.107315
0.660442 0.109753
0.645206 0.112857
0.629817 0.116417
0.614290 0.119512
0.598640 0.122227
0.582884 0.124391
0.567036 0.126756
0.551113 0.129064
0.535131 0.130232
0.519106 0.132381
0.503054 0.134185
0.486991 0.135077
0.470934 0.137509
0.454898 0.139912
0.438900 0.142188
0.422956 0.143455
0.407083 0.145022
0.391295 0.146192
0.375610 0.148218
0.360044 0.147706
0.344612 0.148298
0.329330 0.148348
0.314213 0.148711
0.299279 0.149367
0.284541 0.149186
0.270015 0.148679
0.255717 0.148292
0.241661 0.146983
0.227862 0.146583
0.214336 0.146344
0.201095 0.146439
0.188155 0.145683
0.175530 0.143972
0.163234 0.143528
0.151280 0.141522
0.139681 0.139564
0.128452 0.137704
0.117606 0.134985
0.107155 0.132037
0.097113 0.129148
0.087493 0.125413
0.078306 0.122449
0.069566 0.118693
0.061285 0.115127
0.053474 0.110597
0.046150 0.104041
0.039326 0.098458
0.033014 0.092268
0.027230 0.085695
0.021980 0.078631
0.017277 0.071585
0.013141 0.064180
0.009573 0.056572
0.006583 0.046668
0.004188 0.039015
0.002354 0.031219
0.001081 0.022911
0.000371 0.016065
0.000077 0.011544
0.000005 0.008818
0.000000 0.008894
0.000005 0.007939
0.000077 0.003140
0.000371 -0.002220
0.001081 -0.007938
0.002353 -0.014900
0.004188 -0.022279
0.006585 -0.031634
0.009576 -0.039713
0.013145 -0.045803
0.017281 -0.052635
0.021983 -0.058885
0.027232 -0.066102
0.033016 -0.070573
0.039328 -0.075789
0.046152 -0.080622
0.053476 -0.085330
0.061287 -0.089447
0.069568 -0.094232
0.078308 -0.096852
0.087495 -0.099530
0.097115 -0.103317
0.107157 -0.105584
0.117608 -0.108647
0.128454 -0.110518
0.139683 -0.113775
0.151282 -0.116200
0.163235 -0.117210
0.175532 -0.117762
0.188157 -0.117697
0.201097 -0.121722
0.214337 -0.120392
0.227864 -0.120279
0.241663 -0.120686
0.255719 -0.121342
0.270017 -0.121313
0.284542 -0.120438
0.299280 -0.120924
0.314215 -0.119691
0.329331 -0.120468
0.344613 -0.119178
0.360045 -0.118551
0.375611 -0.118007
0.391296 -0.117469
0.407083 -0.117286
0.422957 -0.114956
0.438901 -0.114224
0.454899 -0.112462
0.470935 -0.109670
0.486992 -0.108829
0.503055 -0.106374
0.519107 -0.103700
0.535132 -0.100973
0.551114 -0.099189
0.567036 -0.096904
0.582884 -0.093215
0.598640 -0.091781
0.614290 -0.088704
0.629817 -0.085760
0.645206 -0.082771
0.660442 -0.079043
0.675509 -0.076437
0.690393 -0.074270
0.705077 -0.071080
0.719549 -0.067722
0.733793 -0.064045
0.747795 -0.060618
0.761542 -0.057568
0.775019 -0.054625
0.788214 -0.050988
0.801113 -0.047999
0.813704 -0.042053
0.825973 -0.041484
0.837910 -0.037342
0.849501 -0.035747
0.860735 -0.033147
0.871601 -0.030259
0.882088 -0.028443
0.892184 -0.026014
0.901880 -0.024116
0.911165 -0.020689
0.920031 -0.019134
0.928468 -0.015656
0.936467 -0.014313
0.944019 -0.012154
0.951116 -0.010435
0.957751 -0.008689
0.963920 -0.006993
0.969616 -0.004949
0.974836 -0.003757
0.979575 -0.004655
0.983831 -0.002022
0.987598 -0.000266
0.990874 -0.000164
0.993653 0.000581
0.995934 0.000963
0.997711 0.002124
0.998982 0.002760
0.999745 0.002708
1.000000 0.001743
