1.000000 0.006395
0.999745 0.008958
0.998982 0.008058
0.997711 0.011235
0.995933 0.011580
0.993653 0.014587
0.990874 0.015800
0.987598 0.018404
0.983830 0.022123
0.979575 0.024322
0.974836 0.028255
0.969616 0.032040
0.963920 0.036083
0.957751 0.040654
0.951116 0.045652
0.944019 0.050803
0.936467 0.057320
0.928468 0.063603
0.920031 0.070640
0.911165 0.075900
0.901879 0.083861
0.892183 0.091154
0.882087 0.099236
0.871601 0.106413
0.860735 0.114631
0.849501 0.121529
0.837910 0.129296
0.825974 0.135885
0.813704 0.142286
0.801113 0.148930
0.788214 0.155274
0.775019 0.161234
0.761541 0.166713
0.747795 0.171735
0.733792 0.176122
0.719548 0.180708
0.705077 0.184423
0.690392 0.188447
0.675509 0.192091
0.660442 0.195376
0.645206 0.198713
0.629817 0.201318
0.614290 0.203723
0.598640 0.204857
0.582884 0.206313
0.567036 0.207640
0.551113 0.208643
0.535131 0.211406
0.519106 0.209119
0.503054 0.210052
0.486991 0.210010
0.470934 0.210645
0.454898 0.211044
0.438900 0.210384
0.422956 0.210485
0.407083 0.208530
0.391295 0.207632
0.375610 0.205845
0.360044 0.204631
0.344612 0.202821
0.329330 0.201306
0.314213 0.198431
0.299279 0.195767
0.284541 0.193247
0.270015 0.190025
0.255717 0.186565
0.241661 0.182859
0.227862 0.179010
0.214336 0.175485
0.201095 0.170940
0.188155 0.166961
0.175530 0.160522
0.163234 0.157825
0.151280 0.152519
0.139681 0.149308
0.128452 0.144982
0.117606 0.140043
0.107155 0.134194
0.097113 0.127333
0.087493 0.122257
0.078306 0.116713
0.069566 0.110930
0.061285 0.106208
0.053474 0.100828
0.046150 0.094856
0.039326 0.090410
0.033014 0.083780
0.027230 0.077972
0.021980 0.071363
0.017277 0.065345
0.013141 0.059363
0.009573 0.052199
0.006583 0.044356
0.004188 0.037577
0.002354 0.029793
0.001081 0.022091
0.000371 0.016107
0.000077 0.011374
0.000005 0.008372
0.000000 0.007275
0.000005 0.006417
0.000077 0.004269
0.000371 0.000885
0.001081 -0.005068
0.002353 -0.010690
0.004188 -0.016906
0.006585 -0.023537
0.009576 -0.027738
0.013145 -0.032591
0.017281 -0.038268
0.021983 -0.043854
0.027232 -0.049160
0.033016 -0.055099
0.039328 -0.059512
0.046152 -0.064920
0.053476 -0.069037
0.061287 -0.074155
0.069568 -0.079885
0.078308 -0.083801
0.087495 -0.087777
0.097115 -0.092067
0.107157 -0.096070
0.117608 -0.101607
0.128454 -0.104729
0.139683 -0.108879
0.151282 -0.113489
0.163235 -0.116522
0.175532 -0.120681
0.188157 -0.122243
0.201097 -0.125265
0.214337 -0.127909
0.227864 -0.129699
0.241663 -0.131520
0.255719 -0.133147
0.270017 -0.134338
0.284542 -0.134872
0.299280 -0.135389
0.314215 -0.134858
0.329331 -0.133301
0.344613 -0.132402
0.360045 -0.129651
0.375611 -0.128791
0.391296 -0.125437
0.407083 -0.123242
0.422957 -0.119647
0.438901 -0.115741
0.454899 -0.112595
0.470935 -0.106378
0.486992 -0.102966
0.503055 -0.097038
0.519107 -0.092795
0.535132 -0.088645
0.551114 -0.082345
0.567036 -0.076344
0.582884 -0.071790
0.598640 -0.067606
0.614290 -0.062246
0.629817 -0.057701
0.645206 -0.051645
0.660442 -0.047184
0.675509 -0.041349
0.690393 -0.037099
0.705077 -0.030934
0.719549 -0.027905
0.733793 -0.020980
0.747795 -0.018644
0.761542 -0.014159
0.775019 -0.010631
0.788214 -0.006003
0.801113 -0.001712
0.813704 0.001397
0.825973 0.002606
0.837910 0.006591
0.849501 0.007191
0.860735 0.010181
0.871601 0.011139
0.882088 0.013525
0.892184 0.014402
0.901880 0.016251
0.911165 0.016869
0.920031 0.016815
0.928468 0.017081
0.936467 0.017090
0.944019 0.016903
0.951116 0.016977
0.957751 0.016509
0.963920 0.016363
0.969616 0.015897
0.974836 0.016015
0.979575 0.014056
0.983831 0.013833
0.987598 0.013172
0.990874 0.011674
0.993653 0.011599
0.995934 0.010479
0.997711 0.009149
0.998982 0.010382
0.999745 0.011269
1.000000 0.009025
