1.000000 0.005706
0.999745 0.009385
0.998982 0.008488
0.997711 0.010807
0.995933 0.011957
0.993653 0.013731
0.990874 0.017843
0.987598 0.022887
0.983830 0.029081
0.979575 0.035392
0.974836 0.042491
0.969616 0.049869
0.963920 0.059961
0.957751 0.069820
0.951116 0.080572
0.944019 0.091422
0.936467 0.102789
0.928468 0.115036
0.920031 0.128066
0.911165 0.141681
0.901879 0.156105
0.892183 0.168266
0.882087 0.185009
0.871601 0.197845
0.860735 0.213183
0.849501 0.226971
0.837910 0.241342
0.825974 0.257498
0.813704 0.272651
0.801113 0.287586
0.788214 0.302260
0.775019 0.316739
0.761541 0.328934
0.747795 0.340956
0.733792 0.352121
0.719548 0.362252
0.705077 0.372018
0.690392 0.380636
0.675509 0.388888
0.660442 0.395959
0.645206 0.402965
0.629817 0.409384
0.614290 0.415492
0.598640 0.421245
0.582884 0.426201
0.567036 0.429462
0.551113 0.432031
0.535131 0.434427
0.519106 0.436036
0.503054 0.437836
0.486991 0.437959
0.470934 0.437961
0.454898 0.437303
0.438900 0.436132
0.422956 0.434166
0.407083 0.432399
0.391295 0.428647
0.375610 0.424683
0.360044 0.420108
0.344612 0.415045
0.329330 0.409924
0.314213 0.403883
0.299279 0.397347
0.284541 0.390477
0.270015 0.382901
0.255717 0.375075
0.241661 0.366228
0.227862 0.357379
0.214336 0.348358
0.201095 0.338879
0.188155 0.328848
0.175530 0.317049
0.163234 0.306038
0.151280 0.294482
0.139681 0.282459
0.128452 0.271080
0.117606 0.258101
0.107155 0.245790
0.097113 0.233858
0.087493 0.219118
0.078306 0.207852
0.069566 0.192667
0.061285 0.180330
0.053474 0.167583
0.046150 0.153791
0.039326 0.140548
0.033014 0.126849
0.027230 0.114451
0.021980 0.101001
0.017277 0.087172
0.013141 0.074575
0.009573 0.063007
0.006583 0.051429
0.004188 0.041354
0.002354 0.031591
0.001081 0.023112
0.000371 0.016668
0.000077 0.012897
0.000005 0.010019
0.000000 0.009092
0.000005 0.006420
0.000077 0.002960
0.000371 -0.000299
0.001081 -0.005664
0.002353 -0.011916
0.004188 -0.016633
0.006585 -0.022033
0.009576 -0.027104
0.013145 -0.032325
0.017281 -0.038096
0.021983 -0.044873
0.027232 -0.050381
0.033016 -0.057672
0.039328 -0.063994
0.046152 -0.069206
0.053476 -0.075952
0.061287 -0.083156
0.069568 -0.089366
0.078308 -0.094104
0.087495 -0.098850
0.097115 -0.104626
0.107157 -0.109369
0.117608 -0.114910
0.128454 -0.119335
0.139683 -0.123936
0.151282 -0.129376
0.163235 -0.131833
0.175532 -0.135835
0.188157 -0.139395
0.201097 -0.141211
0.214337 -0.145450
0.227864 -0.147130
0.241663 -0.149458
0.255719 -0.151238
0.270017 -0.153472
0.284542 -0.154512
0.299280 -0.157795
0.314215 -0.158516
0.329331 -0.159351
0.344613 -0.160255
0.360045 -0.160661
0.375611 -0.161421
0.391296 -0.160977
0.407083 -0.159919
0.422957 -0.159224
0.438901 -0.157978
0.454899 -0.156472
0.470935 -0.153800
0.486992 -0.151056
0.503055 -0.146766
0.519107 -0.142873
0.535132 -0.138534
0.551114 -0.132585
0.567036 -0.124769
0.582884 -0.116936
0.598640 -0.106255
0.614290 -0.096462
0.629817 -0.084511
0.645206 -0.072281
0.660442 -0.060415
0.675509 -0.048128
0.690393 -0.037663
0.705077 -0.026243
0.719549 -0.016441
0.733793 -0.007019
0.747795 0.001525
0.761542 0.010269
0.775019 0.017561
0.788214 0.023246
0.801113 0.028617
0.813704 0.034559
0.825973 0.038065
0.837910 0.041249
0.849501 0.045237
0.860735 0.046517
0.871601 0.048099
0.882088 0.050016
0.892184 0.051204
0.901880 0.050380
0.911165 0.049332
0.920031 0.048366
0.928468 0.046277
0.936467 0.043843
0.944019 0.040771
0.951116 0.038565
0.957751 0.036614
0.963920 0.034702
0.969616 0.032036
0.974836 0.029319
0.979575 0.025695
0.983831 0.022586
0.987598 0.020259
0.990874 0.016697
0.993653 0.015372
0.995934 0.012227
0.997711 0.008894
0.998982 0.014294
0.999745 0.006831
1.000000 0.003469
