1.000000 0.010625
0.999745 0.010332
0.998982 0.010984
0.997711 0.012158
0.995933 0.012989
0.993653 0.012785
0.990874 0.011746
0.987598 0.012319
0.983830 0.013104
0.979575 0.013808
0.974836 0.015097
0.969616 0.015843
0.963920 0.017043
0.957751 0.016820
0.951116 0.019105
0.944019 0.019432
0.936467 0.021394
0.928468 0.021560
0.920031 0.023008
0.911165 0.023360
0.901879 0.025862
0.892183 0.026913
0.882087 0.027750
0.871601 0.030333
0.860735 0.032644
0.849501 0.034089
0.837910 0.035074
0.825974 0.036612
0.813704 0.040331
0.801113 0.041938
0.788214 0.044840
0.775019 0.047623
0.761541 0.051051
0.747795 0.054329
0.733792 0.056262
0.719548 0.061443
0.705077 0.064283
0.690392 0.067842
0.675509 0.070628
0.660442 0.075923
0.645206 0.078488
0.629817 0.083432
0.614290 0.087583
0.598640 0.091837
0.582884 0.095695
0.567036 0.099212
0.551113 0.104464
0.535131 0.109469
0.519106 0.114013
0.503054 0.118416
0.486991 0.122576
0.470934 0.126532
0.454898 0.131441
0.438900 0.134967
0.422956 0.139393
0.407083 0.143636
0.391295 0.148433
0.375610 0.152784
0.360044 0.157353
0.344612 0.161943
0.329330 0.165756
0.314213 0.169104
0.299279 0.172670
0.284541 0.176056
0.270015 0.179131
0.255717 0.182138
0.241661 0.184846
0.227862 0.187048
0.214336 0.186920
0.201095 0.187778
0.188155 0.187466
0.175530 0.187093
0.163234 0.186180
0.151280 0.184487
0.139681 0.180892
0.128452 0.177475
0.117606 0.173106
0.107155 0.166441
0.097113 0.160913
0.087493 0.154152
0.078306 0.146645
0.069566 0.139698
0.061285 0.131001
0.053474 0.121830
0.046150 0.112814
0.039326 0.103332
0.033014 0.094625
0.027230 0.086618
0.021980 0.077952
0.017277 0.069129
0.013141 0.061659
0.009573 0.053884
0.006583 0.046556
0.004188 0.038420
0.002354 0.030305
0.001081 0.023833
0.000371 0.018070
0.000077 0.013388
0.000005 0.010375
0.000000 0.008906
0.000005 0.007451
0.000077 0.005565
0.000371 0.001542
0.001081 -0.003168
0.002353 -0.008829
0.004188 -0.013512
0.006585 -0.018042
0.009576 -0.022069
0.013145 -0.023197
0.017281 -0.025413
0.021983 -0.028253
0.027232 -0.030633
0.033016 -0.034461
0.039328 -0.035740
0.046152 -0.038469
0.053476 -0.042098
0.061287 -0.043367
0.069568 -0.045448
0.078308 -0.048406
0.087495 -0.049146
0.097115 -0.051429
0.107157 -0.051936
0.117608 -0.053238
0.128454 -0.055289
0.139683 -0.057175
0.151282 -0.058689
0.163235 -0.059306
0.175532 -0.059702
0.188157 -0.061831
0.201097 -0.062056
0.214337 -0.062647
0.227864 -0.064461
0.241663 -0.066368
0.255719 -0.067928
0.270017 -0.069289
0.284542 -0.069797
0.299280 -0.068853
0.314215 -0.068402
0.329331 -0.068967
0.344613 -0.070167
0.360045 -0.070769
0.375611 -0.069986
0.391296 -0.069210
0.407083 -0.069775
0.422957 -0.070734
0.438901 -0.070654
0.454899 -0.070495
0.470935 -0.069583
0.486992 -0.069414
0.503055 -0.067914
0.519107 -0.067549
0.535132 -0.067500
0.551114 -0.066048
0.567036 -0.064912
0.582884 -0.064210
0.598640 -0.061349
0.614290 -0.060111
0.629817 -0.058628
0.645206 -0.057434
0.660442 -0.054140
0.675509 -0.053550
0.690393 -0.050669
0.705077 -0.048879
0.719549 -0.046384
0.733793 -0.044383
0.747795 -0.041291
0.761542 -0.039955
0.775019 -0.037409
0.788214 -0.034898
0.801113 -0.031610
0.813704 -0.029683
0.825973 -0.024924
0.837910 -0.024033
0.849501 -0.020365
0.860735 -0.019477
0.871601 -0.017108
0.882088 -0.014942
0.892184 -0.011920
0.901880 -0.009103
0.911165 -0.007280
0.920031 -0.005427
0.928468 -0.005044
0.936467 -0.002988
0.944019 -0.002229
0.951116 -0.000027
0.957751 0.000843
0.963920 0.001832
0.969616 0.002842
0.974836 0.003318
0.979575 0.003356
0.983831 0.003244
0.987598 0.003383
0.990874 0.002568
0.993653 0.003046
0.995934 0.002709
0.997711 0.005515
0.998982 0.006091
0.999745 0.004358
1.000000 0.003837
