1.000000 0.008002
0.999745 0.007843
0.998982 0.008718
0.997711 0.008512
0.995933 0.008792
0.993653 0.009218
0.990874 0.007878
0.987598 0.007715
0.983830 0.008817
0.979575 0.010449
0.974836 0.012922
0.969616 0.013891
0.963920 0.014870
0.957751 0.016514
0.951116 0.019908
0.944019 0.020211
0.936467 0.024113
0.928468 0.026558
0.920031 0.030064
0.911165 0.033338
0.901879 0.036384
0.892183 0.040190
0.882087 0.044391
0.871601 0.048553
0.860735 0.053530
0.849501 0.058922
0.837910 0.063821
0.825974 0.069714
0.813704 0.075709
0.801113 0.081432
0.788214 0.088533
0.775019 0.094733
0.761541 0.101225
0.747795 0.108433
0.733792 0.115575
0.719548 0.123710
0.705077 0.130964
0.690392 0.136662
0.675509 0.143951
0.660442 0.150860
0.645206 0.158491
0.629817 0.165212
0.614290 0.172076
0.598640 0.178225
0.582884 0.185105
0.567036 0.192137
0.551113 0.198805
0.535131 0.204834
0.519106 0.210564
0.503054 0.215809
0.486991 0.220721
0.470934 0.225372
0.454898 0.230873
0.438900 0.234380
0.422956 0.239442
0.407083 0.241423
0.391295 0.244452
0.375610 0.246163
0.360044 0.248599
0.344612 0.249199
0.329330 0.251392
0.314213 0.252851
0.299279 0.253093
0.284541 0.252658
0.270015 0.251486
0.255717 0.249931
0.241661 0.247721
0.227862 0.244568
0.214336 0.242258
0.201095 0.239309
0.188155 0.236263
0.175530 0.232887
0.163234 0.228495
0.151280 0.223123
0.139681 0.218996
0.128452 0.212977
0.117606 0.206422
0.107155 0.199628
0.097113 0.192686
0.087493 0.185944
0.078306 0.177580
0.069566 0.168679
0.061285 0.159366
0.053474 0.149860
0.046150 0.139222
0.039326 0.128193
0.033014 0.117450
0.027230 0.106260
0.021980 0.094866
0.017277 0.083753
0.013141 0.071952
0.009573 0.060915
0.006583 0.049939
0.004188 0.038019
0.002354 0.030045
0.001081 0.021478
0.000371 0.014927
0.000077 0.010103
0.000005 0.008706
0.000000 0.008383
0.000005 0.006964
0.000077 0.004291
0.000371 0.000497
0.001081 -0.005097
0.002353 -0.011107
0.004188 -0.017471
0.006585 -0.024003
0.009576 -0.031324
0.013145 -0.035849
0.017281 -0.042130
0.021983 -0.047596
0.027232 -0.052275
0.033016 -0.057631
0.039328 -0.061838
0.046152 -0.065954
0.053476 -0.069798
0.061287 -0.074438
0.069568 -0.077237
0.078308 -0.079838
0.087495 -0.082482
0.097115 -0.083755
0.107157 -0.087825
0.117608 -0.089220
0.128454 -0.090430
0.139683 -0.091128
0.151282 -0.092617
0.163235 -0.093012
0.175532 -0.093681
0.188157 -0.094454
0.201097 -0.093387
0.214337 -0.091818
0.227864 -0.092341
0.241663 -0.091362
0.255719 -0.088939
0.270017 -0.088494
0.284542 -0.085703
0.299280 -0.084053
0.314215 -0.082998
0.329331 -0.079717
0.344613 -0.078577
0.360045 -0.075943
0.375611 -0.072917
0.391296 -0.070663
0.407083 -0.068178
0.422957 -0.065779
0.438901 -0.062634
0.454899 -0.060092
0.470935 -0.058591
0.486992 -0.056002
0.503055 -0.051751
0.519107 -0.050324
0.535132 -0.047289
0.551114 -0.045187
0.567036 -0.042477
0.582884 -0.040059
0.598640 -0.037229
0.614290 -0.035024
0.629817 -0.032024
0.645206 -0.029738
0.660442 -0.028500
0.675509 -0.025814
0.690393 -0.024912
0.705077 -0.022309
0.719549 -0.019503
0.733793 -0.018181
0.747795 -0.015992
0.761542 -0.014565
0.775019 -0.012488
0.788214 -0.011039
0.801113 -0.008703
0.813704 -0.007643
0.825973 -0.006926
0.837910 -0.005384
0.849501 -0.004152
0.860735 -0.003763
0.871601 -0.003197
0.882088 -0.003065
0.892184 -0.001746
0.901880 -0.000472
0.911165 -0.001601
0.920031 0.000870
0.928468 0.001099
0.936467 0.001627
0.944019 0.002364
0.951116 0.001784
0.957751 0.003441
0.963920 0.005249
0.969616 0.005755
0.974836 0.006764
0.979575 0.007277
0.983831 0.007344
0.987598 0.007462
0.990874 0.007065
0.993653 0.007475
0.995934 0.006413
0.997711 0.007388
0.998982 0.008174
0.999745 0.007301
1.000000 0.006490
