1.000000 0.007592
0.999745 0.008677
0.998982 0.008352
0.997711 0.009251
0.995933 0.010132
0.993653 0.011273
0.990874 0.012579
0.987598 0.015107
0.983830 0.018836
0.979575 0.021776
0.974836 0.026827
0.969616 0.031500
0.963920 0.036555
0.957751 0.042609
0.951116 0.047688
0.944019 0.053029
0.936467 0.059087
0.928468 0.066841
0.920031 0.073471
0.911165 0.080145
0.901879 0.087611
0.892183 0.094827
0.882087 0.103375
0.871601 0.111099
0.860735 0.119060
0.849501 0.127632
0.837910 0.135515
0.825974 0.144244
0.813704 0.152897
0.801113 0.162217
0.788214 0.171339
0.775019 0.180066
0.761541 0.189446
0.747795 0.198336
0.733792 0.207972
0.719548 0.217121
0.705077 0.225740
0.690392 0.235867
0.675509 0.243063
0.660442 0.252163
0.645206 0.259605
0.629817 0.268604
0.614290 0.275604
0.598640 0.282899
0.582884 0.289237
0.567036 0.295040
0.551113 0.301016
0.535131 0.304044
0.519106 0.308355
0.503054 0.311660
0.486991 0.314935
0.470934 0.317683
0.454898 0.320311
0.438900 0.321331
0.422956 0.322274
0.407083 0.324817
0.391295 0.324463
0.375610 0.324762
0.360044 0.324522
0.344612 0.323785
0.329330 0.322983
0.314213 0.321858
0.299279 0.319289
0.284541 0.316130
0.270015 0.312396
0.255717 0.309954
0.241661 0.305878
0.227862 0.301218
0.214336 0.295783
0.201095 0.289523
0.188155 0.283044
0.175530 0.275669
0.163234 0.267980
0.151280 0.260061
0.139681 0.251948
0.128452 0.242876
0.117606 0.234195
0.107155 0.223956
0.097113 0.214720
0.087493 0.203712
0.078306 0.193790
0.069566 0.181637
0.061285 0.168685
0.053474 0.158295
0.046150 0.145712
0.039326 0.133887
0.033014 0.120323
0.027230 0.106724
0.021980 0.094418
0.017277 0.082636
0.013141 0.071710
0.009573 0.060834
0.006583 0.050244
0.004188 0.041290
0.002354 0.030388
0.001081 0.022860
0.000371 0.016822
0.000077 0.011526
0.000005 0.009790
0.000000 0.006870
0.000005 0.007031
0.000077 0.005020
0.000371 0.000905
0.001081 -0.004587
0.002353 -0.009733
0.004188 -0.014073
0.006585 -0.019698
0.009576 -0.023118
0.013145 -0.028951
0.017281 -0.030374
0.021983 -0.034169
0.027232 -0.039007
0.033016 -0.039924
0.039328 -0.043379
0.046152 -0.047509
0.053476 -0.049197
0.061287 -0.052362
0.069568 -0.054062
0.078308 -0.055562
0.087495 -0.057812
0.097115 -0.057516
0.107157 -0.058262
0.117608 -0.059673
0.128454 -0.060223
0.139683 -0.062617
0.151282 -0.060902
0.163235 -0.061247
0.175532 -0.061450
0.188157 -0.061143
0.201097 -0.061815
0.214337 -0.060149
0.227864 -0.061009
0.241663 -0.060478
0.255719 -0.060391
0.270017 -0.058936
0.284542 -0.057929
0.299280 -0.055482
0.314215 -0.056507
0.329331 -0.054194
0.344613 -0.050797
0.360045 -0.049149
0.375611 -0.046985
0.391296 -0.045095
0.407083 -0.040695
0.422957 -0.037564
0.438901 -0.034517
0.454899 -0.030596
0.470935 -0.027908
0.486992 -0.022553
0.503055 -0.018368
0.519107 -0.014335
0.535132 -0.008927
0.551114 -0.005151
0.567036 -0.000322
0.582884 0.004020
0.598640 0.009130
0.614290 0.012071
0.629817 0.017137
0.645206 0.021045
0.660442 0.024483
0.675509 0.028725
0.690393 0.031768
0.705077 0.034966
0.719549 0.037844
0.733793 0.040212
0.747795 0.042708
0.761542 0.043749
0.775019 0.045053
0.788214 0.045713
0.801113 0.045688
0.813704 0.045454
0.825973 0.045444
0.837910 0.044479
0.849501 0.044077
0.860735 0.043331
0.871601 0.042621
0.882088 0.041700
0.892184 0.040231
0.901880 0.038978
0.911165 0.037792
0.920031 0.035145
0.928468 0.033543
0.936467 0.031332
0.944019 0.029092
0.951116 0.026171
0.957751 0.023838
0.963920 0.021841
0.969616 0.019897
0.974836 0.017826
0.979575 0.016016
0.983831 0.014475
0.987598 0.014073
0.990874 0.012471
0.993653 0.011144
0.995934 0.010881
0.997711 0.009196
0.998982 0.009786
0.999745 0.008117
1.000000 0.004922
