1.000000 0.008838
0.999745 0.009289
0.998982 0.009852
0.997711 0.012164
0.995933 0.013423
0.993653 0.015306
0.990874 0.015663
0.987598 0.016951
0.983830 0.018358
0.979575 0.019646
0.974836 0.021389
0.969616 0.022990
0.963920 0.025352
0.957751 0.027888
0.951116 0.031424
0.944019 0.033391
0.936467 0.035833
0.928468 0.039547
0.920031 0.042433
0.911165 0.045591
0.901879 0.049249
0.892183 0.053652
0.882087 0.058159
0.871601 0.061817
0.860735 0.065277
0.849501 0.069873
0.837910 0.074214
0.825974 0.078277
0.813704 0.083265
0.801113 0.087308
0.788214 0.091415
0.775019 0.095555
0.761541 0.099700
0.747795 0.106053
0.733792 0.108987
0.719548 0.114330
0.705077 0.118449
0.690392 0.124176
0.675509 0.129113
0.660442 0.134172
0.645206 0.139551
0.629817 0.143736
0.614290 0.147751
0.598640 0.152738
0.582884 0.157172
0.567036 0.161369
0.551113 0.165376
0.535131 0.168555
0.519106 0.171230
0.503054 0.176230
0.486991 0.179250
0.470934 0.183599
0.454898 0.186735
0.438900 0.189124
0.422956 0.191844
0.407083 0.193646
0.391295 0.195737
0.375610 0.197963
0.360044 0.200110
0.344612 0.200070
0.329330 0.201303
0.314213 0.201860
0.299279 0.203214
0.284541 0.203767
0.270015 0.203191
0.255717 0.202224
0.241661 0.201827
0.227862 0.200427
0.214336 0.198439
0.201095 0.197039
0.188155 0.193232
0.175530 0.190486
0.163234 0.187568
0.151280 0.184529
0.139681 0.180898
0.128452 0.176557
0.117606 0.171480
0.107155 0.165534
0.097113 0.160002
0.087493 0.153720
0.078306 0.146126
0.069566 0.139487
0.061285 0.134675
0.053474 0.126163
0.046150 0.118826
0.039326 0.110098
0.033014 0.100388
0.027230 0.090742
0.021980 0.081807
0.017277 0.073715
0.013141 0.064382
0.009573 0.054149
0.006583 0.046350
0.004188 0.037594
0.002354 0.030121
0.001081 0.023304
0.000371 0.017450
0.000077 0.012149
0.000005 0.009385
0.000000 0.007301
0.000005 0.007028
0.000077 0.005778
0.000371 0.000828
0.001081 -0.004094
0.002353 -0.009498
0.004188 -0.014095
0.006585 -0.020007
0.009576 -0.023786
0.013145 -0.027637
0.017281 -0.032529
0.021983 -0.035788
0.027232 -0.040805
0.033016 -0.044196
0.039328 -0.048204
0.046152 -0.051238
0.053476 -0.054440
0.061287 -0.056626
0.069568 -0.058857
0.078308 -0.058945
0.087495 -0.060537
0.097115 -0.062214
0.107157 -0.062783
0.117608 -0.061569
0.128454 -0.062149
0.139683 -0.059649
0.151282 -0.060569
0.163235 -0.057380
0.175532 -0.056002
0.188157 -0.055197
0.201097 -0.054689
0.214337 -0.051670
0.227864 -0.048225
0.241663 -0.046722
0.255719 -0.044187
0.270017 -0.043332
0.284542 -0.039958
0.299280 -0.035956
0.314215 -0.034435
0.329331 -0.031397
0.344613 -0.028934
0.360045 -0.025613
0.375611 -0.022837
0.391296 -0.019385
0.407083 -0.017285
0.422957 -0.014170
0.438901 -0.012643
0.454899 -0.008859
0.470935 -0.006453
0.486992 -0.003810
0.503055 -0.001374
0.519107 0.001429
0.535132 0.003235
0.551114 0.006177
0.567036 0.008061
0.582884 0.010833
0.598640 0.011134
0.614290 0.013456
0.629817 0.015519
0.645206 0.017244
0.660442 0.018851
0.675509 0.020093
0.690393 0.021411
0.705077 0.021994
0.719549 0.022207
0.733793 0.023130
0.747795 0.023772
0.761542 0.023865
0.775019 0.024288
0.788214 0.024618
0.801113 0.024610
0.813704 0.024292
0.825973 0.023635
0.837910 0.023787
0.849501 0.022635
0.860735 0.022151
0.871601 0.021516
0.882088 0.021792
0.892184 0.020564
0.901880 0.020668
0.911165 0.019238
0.920031 0.018962
0.928468 0.017391
0.936467 0.017180
0.944019 0.016584
0.951116 0.014240
0.957751 0.013698
0.963920 0.013184
0.969616 0.012956
0.974836 0.012551
0.979575 0.011523
0.983831 0.011419
0.987598 0.010617
0.990874 0.009161
0.993653 0.008643
0.995934 0.008595
0.997711 0.008435
0.998982 0.008874
0.999745 0.007818
1.000000 0.007131
