1.000000 0.004249
0.999745 0.007670
0.998982 0.008191
0.997711 0.008089
0.995933 0.011236
0.993653 0.011602
0.990874 0.015883
0.987598 0.017162
0.983830 0.019796
0.979575 0.022679
0.974836 0.025933
0.969616 0.032447
0.963920 0.036706
0.957751 0.040333
0.951116 0.045558
0.944019 0.051648
0.936467 0.058794
0.928468 0.065592
0.920031 0.071229
0.911165 0.077251
0.901879 0.084521
0.892183 0.091534
0.882087 0.098455
0.871601 0.105329
0.860735 0.113106
0.849501 0.120358
0.837910 0.126859
0.825974 0.134455
0.813704 0.141921
0.801113 0.151181
0.788214 0.158639
0.775019 0.166953
0.761541 0.174887
0.747795 0.183275
0.733792 0.190869
0.719548 0.198962
0.705077 0.206048
0.690392 0.213654
0.675509 0.221147
0.660442 0.228415
0.645206 0.235188
0.629817 0.241863
0.614290 0.247604
0.598640 0.253079
0.582884 0.258156
0.567036 0.263558
0.551113 0.267896
0.535131 0.274061
0.519106 0.276529
0.503054 0.280507
0.486991 0.285755
0.470934 0.287207
0.454898 0.290664
0.438900 0.292690
0.422956 0.295086
0.407083 0.296337
0.391295 0.296734
0.375610 0.299559
0.360044 0.296796
0.344612 0.296909
0.329330 0.295735
0.314213 0.294635
0.299279 0.293948
0.284541 0.291073
0.270015 0.288956
0.255717 0.285652
0.241661 0.282972
0.227862 0.279433
0.214336 0.275009
0.201095 0.270387
0.188155 0.264505
0.175530 0.257751
0.163234 0.250615
0.151280 0.243944
0.139681 0.235829
0.128452 0.227880
0.117606 0.220496
0.107155 0.211179
0.097113 0.201571
0.087493 0.191301
0.078306 0.181752
0.069566 0.172950
0.061285 0.161626
0.053474 0.151714
0.046150 0.141066
0.039326 0.131420
0.033014 0.120639
0.027230 0.109996
0.021980 0.098844
0.017277 0.087229
0.013141 0.076201
0.009573 0.064809
0.006583 0.053110
0.004188 0.043488
0.002354 0.032719
0.001081 0.025902
0.000371 0.018664
0.000077 0.013485
0.000005 0.010766
0.000000 0.009829
0.000005 0.009216
0.000077 0.007028
0.000371 0.002614
0.001081 -0.003658
0.002353 -0.009500
0.004188 -0.014753
0.006585 -0.021056
0.009576 -0.027928
0.013145 -0.031303
0.017281 -0.036187
0.021983 -0.039644
0.027232 -0.043825
0.033016 -0.046802
0.039328 -0.049506
0.046152 -0.051439
0.053476 -0.052290
0.061287 -0.054163
0.069568 -0.055141
0.078308 -0.056842
0.087495 -0.056653
0.097115 -0.058004
0.107157 -0.057396
0.117608 -0.056990
0.128454 -0.057593
0.139683 -0.058325
0.151282 -0.056845
0.163235 -0.055915
0.175532 -0.054711
0.188157 -0.052824
0.201097 -0.052453
0.214337 -0.050199
0.227864 -0.049280
0.241663 -0.047220
0.255719 -0.043637
0.270017 -0.042085
0.284542 -0.038064
0.299280 -0.035220
0.314215 -0.032870
0.329331 -0.030680
0.344613 -0.027454
0.360045 -0.025018
0.375611 -0.022030
0.391296 -0.020338
0.407083 -0.018097
0.422957 -0.015563
0.438901 -0.014164
0.454899 -0.010416
0.470935 -0.007816
0.486992 -0.005949
0.503055 -0.002841
0.519107 -0.001141
0.535132 0.000795
0.551114 0.003867
0.567036 0.005800
0.582884 0.007856
0.598640 0.010028
0.614290 0.011875
0.629817 0.013526
0.645206 0.016138
0.660442 0.017306
0.675509 0.019013
0.690393 0.019921
0.705077 0.021139
0.719549 0.022580
0.733793 0.022075
0.747795 0.022166
0.761542 0.024086
0.775019 0.025957
0.788214 0.026857
0.801113 0.027174
0.813704 0.027316
0.825973 0.027511
0.837910 0.026740
0.849501 0.026702
0.860735 0.026988
0.871601 0.026541
0.882088 0.025588
0.892184 0.024747
0.901880 0.024668
0.911165 0.024358
0.920031 0.023731
0.928468 0.022900
0.936467 0.022410
0.944019 0.021301
0.951116 0.019958
0.957751 0.019521
0.963920 0.018004
0.969616 0.017671
0.974836 0.016056
0.979575 0.014570
0.983831 0.013263
0.987598 0.012542
0.990874 0.011132
0.993653 0.010665
0.995934 0.009724
0.997711 0.010277
0.998982 0.008030
0.999745 0.006662
1.000000 0.006022
