1.000000 0.005180
0.999745 0.003538
0.998982 0.007252
0.997711 0.007997
0.995933 0.009982
0.993653 0.010971
0.990874 0.011911
0.987598 0.012081
0.983830 0.013603
0.979575 0.015938
0.974836 0.018579
0.969616 0.021555
0.963920 0.025142
0.957751 0.027734
0.951116 0.031082
0.944019 0.035164
0.936467 0.038644
0.928468 0.043499
0.920031 0.047869
0.911165 0.052413
0.901879 0.056223
0.892183 0.062108
0.882087 0.066909
0.871601 0.073026
0.860735 0.078105
0.849501 0.084028
0.837910 0.089898
0.825974 0.095528
0.813704 0.102334
0.801113 0.107866
0.788214 0.115272
0.775019 0.121157
0.761541 0.127840
0.747795 0.134494
0.733792 0.140161
0.719548 0.147222
0.705077 0.154014
0.690392 0.160672
0.675509 0.166703
0.660442 0.173436
0.645206 0.180499
0.629817 0.187522
0.614290 0.194084
0.598640 0.200351
0.582884 0.206902
0.567036 0.213166
0.551113 0.218240
0.535131 0.223614
0.519106 0.229189
0.503054 0.234193
0.486991 0.239121
0.470934 0.243321
0.454898 0.247498
0.438900 0.251193
0.422956 0.256508
0.407083 0.256173
0.391295 0.259734
0.375610 0.261375
0.360044 0.262157
0.344612 0.264541
0.329330 0.263019
0.314213 0.263269
0.299279 0.262024
0.284541 0.260108
0.270015 0.258220
0.255717 0.255688
0.241661 0.253145
0.227862 0.250868
0.214336 0.247218
0.201095 0.243814
0.188155 0.238705
0.175530 0.233468
0.163234 0.228379
0.151280 0.222618
0.139681 0.217234
0.128452 0.210512
0.117606 0.202521
0.107155 0.193896
0.097113 0.185642
0.087493 0.176731
0.078306 0.168839
0.069566 0.159576
0.061285 0.149549
0.053474 0.140945
0.046150 0.130700
0.039326 0.120827
0.033014 0.110303
0.027230 0.099526
0.021980 0.089222
0.017277 0.077966
0.013141 0.067091
0.009573 0.057679
0.006583 0.048356
0.004188 0.038780
0.002354 0.029530
0.001081 0.024035
0.000371 0.016328
0.000077 0.011765
0.000005 0.009117
0.000000 0.007868
0.000005 0.006882
0.000077 0.004663
0.000371 0.000952
0.001081 -0.004070
0.002353 -0.012314
0.004188 -0.019012
0.006585 -0.023045
0.009576 -0.027430
0.013145 -0.033424
0.017281 -0.038477
0.021983 -0.044062
0.027232 -0.047700
0.033016 -0.052378
0.039328 -0.055844
0.046152 -0.059468
0.053476 -0.062973
0.061287 -0.065635
0.069568 -0.068632
0.078308 -0.070745
0.087495 -0.072165
0.097115 -0.074430
0.107157 -0.076085
0.117608 -0.077019
0.128454 -0.077358
0.139683 -0.079750
0.151282 -0.079362
0.163235 -0.080654
0.175532 -0.080734
0.188157 -0.079145
0.201097 -0.080539
0.214337 -0.078516
0.227864 -0.078186
0.241663 -0.076715
0.255719 -0.076192
0.270017 -0.074896
0.284542 -0.072930
0.299280 -0.073245
0.314215 -0.070753
0.329331 -0.068825
0.344613 -0.067078
0.360045 -0.064535
0.375611 -0.062510
0.391296 -0.061178
0.407083 -0.059416
0.422957 -0.057511
0.438901 -0.056042
0.454899 -0.053100
0.470935 -0.052096
0.486992 -0.048928
0.503055 -0.047308
0.519107 -0.044302
0.535132 -0.042314
0.551114 -0.040793
0.567036 -0.037865
0.582884 -0.035921
0.598640 -0.033008
0.614290 -0.030867
0.629817 -0.028118
0.645206 -0.027140
0.660442 -0.025824
0.675509 -0.023671
0.690393 -0.022281
0.705077 -0.018332
0.719549 -0.016040
0.733793 -0.015084
0.747795 -0.012029
0.761542 -0.011174
0.775019 -0.009449
0.788214 -0.007757
0.801113 -0.006917
0.813704 -0.004954
0.825973 -0.003470
0.837910 -0.003139
0.849501 -0.002980
0.860735 -0.001047
0.871601 -0.000197
0.882088 0.001452
0.892184 0.002348
0.901880 0.003719
0.911165 0.004397
0.920031 0.004979
0.928468 0.004801
0.936467 0.005423
0.944019 0.006241
0.951116 0.006957
0.957751 0.007222
0.963920 0.009399
0.969616 0.006876
0.974836 0.009026
0.979575 0.008436
0.983831 0.009022
0.987598 0.008190
0.990874 0.008594
0.993653 0.007717
0.995934 0.008347
0.997711 0.007421
0.998982 0.007497
0.999745 0.006981
1.000000 0.007164
