1.000000 0.000815
0.999745 0.001064
0.998982 0.001808
0.997711 0.003030
0.995933 0.004693
0.993653 0.006837
0.990874 0.009513
0.987598 0.012706
0.983830 0.016385
0.979575 0.020559
0.974836 0.025225
0.969616 0.030350
0.963920 0.035882
0.957751 0.041768
0.951116 0.047942
0.944019 0.054339
0.936467 0.060937
0.928468 0.067733
0.920031 0.074724
0.911165 0.081898
0.901879 0.089286
0.892183 0.096928
0.882087 0.104788
0.871601 0.112835
0.860735 0.121043
0.849501 0.129391
0.837910 0.137918
0.825974 0.146570
0.813704 0.155298
0.801113 0.164075
0.788214 0.172867
0.775019 0.181673
0.761541 0.190390
0.747795 0.199011
0.733792 0.207514
0.719548 0.215880
0.705077 0.224065
0.690392 0.232103
0.675509 0.239923
0.660442 0.247519
0.645206 0.254845
0.629817 0.261856
0.614290 0.268537
0.598640 0.274885
0.582884 0.280906
0.567036 0.286545
0.551113 0.291775
0.535131 0.296584
0.519106 0.300989
0.503054 0.304957
0.486991 0.308468
0.470934 0.311557
0.454898 0.314214
0.438900 0.316394
0.422956 0.318071
0.407083 0.319277
0.391295 0.320022
0.375610 0.320290
0.360044 0.320074
0.344612 0.319408
0.329330 0.318269
0.314213 0.316624
0.299279 0.314502
0.284541 0.311952
0.270015 0.308939
0.255717 0.305428
0.241661 0.301420
0.227862 0.296917
0.214336 0.291893
0.201095 0.286353
0.188155 0.280339
0.175530 0.273837
0.163234 0.266804
0.151280 0.259228
0.139681 0.251106
0.128452 0.242416
0.117606 0.233172
0.107155 0.223444
0.097113 0.213314
0.087493 0.202807
0.078306 0.191860
0.069566 0.180423
0.061285 0.168564
0.053474 0.156500
0.046150 0.144276
0.039326 0.131975
0.033014 0.119579
0.027230 0.107092
0.021980 0.094525
0.017277 0.081993
0.013141 0.069649
0.009573 0.057695
0.006583 0.046393
0.004188 0.035835
0.002354 0.026239
0.001081 0.017932
0.000371 0.011251
0.000077 0.006395
0.000005 0.003468
0.000000 0.002491
0.000005 0.001543
0.000077 -0.001304
0.000371 -0.005883
0.001081 -0.011929
0.002353 -0.018886
0.004188 -0.025972
0.006585 -0.032790
0.009576 -0.039491
0.013145 -0.045476
0.017281 -0.050771
0.021983 -0.055699
0.027232 -0.060322
0.033016 -0.064636
0.039328 -0.068711
0.046152 -0.072586
0.053476 -0.076215
0.061287 -0.079623
0.069568 -0.082888
0.078308 -0.085988
0.087495 -0.088855
0.097115 -0.091490
0.107157 -0.093887
0.117608 -0.096126
0.128454 -0.098160
0.139683 -0.100022
0.151282 -0.101679
0.163235 -0.103119
0.175532 -0.104323
0.188157 -0.105310
0.201097 -0.106097
0.214337 -0.106659
0.227864 -0.107006
0.241663 -0.107127
0.255719 -0.107018
0.270017 -0.106642
0.284542 -0.106001
0.299280 -0.105112
0.314215 -0.103984
0.329331 -0.102609
0.344613 -0.100995
0.360045 -0.099133
0.375611 -0.097045
0.391296 -0.094739
0.407083 -0.092212
0.422957 -0.089492
0.438901 -0.086614
0.454899 -0.083593
0.470935 -0.080441
0.486992 -0.077184
0.503055 -0.073846
0.519107 -0.070430
0.535132 -0.066946
0.551114 -0.063408
0.567036 -0.059810
0.582884 -0.056140
0.598640 -0.052389
0.614290 -0.048574
0.629817 -0.044698
0.645206 -0.040776
0.660442 -0.036829
0.675509 -0.032901
0.690393 -0.029025
0.705077 -0.025237
0.719549 -0.021569
0.733793 -0.018049
0.747795 -0.014647
0.761542 -0.011427
0.775019 -0.008411
0.788214 -0.005616
0.801113 -0.003055
0.813704 -0.000746
0.825973 0.001343
0.837910 0.003206
0.849501 0.004835
0.860735 0.006205
0.871601 0.007334
0.882088 0.008228
0.892184 0.008875
0.901880 0.009288
0.911165 0.009438
0.920031 0.009354
0.928468 0.009098
0.936467 0.008705
0.944019 0.008193
0.951116 0.007609
0.957751 0.006998
0.963920 0.006354
0.969616 0.005638
0.974836 0.004823
0.979575 0.003895
0.983831 0.002892
0.987598 0.001866
0.990874 0.000882
0.993653 -0.000026
0.995934 -0.000832
0.997711 -0.001490
0.998982 -0.001943
0.999745 -0.002201
1.000000 -0.002286
