1.000000 0.006415
0.999745 0.009309
0.998982 0.008466
0.997711 0.010042
0.995933 0.009767
0.993653 0.010324
0.990874 0.010802
0.987598 0.010956
0.983830 0.011191
0.979575 0.012062
0.974836 0.014436
0.969616 0.017029
0.963920 0.020604
0.957751 0.022951
0.951116 0.026464
0.944019 0.030189
0.936467 0.033952
0.928468 0.038570
0.920031 0.042560
0.911165 0.047717
0.901879 0.053666
0.892183 0.056408
0.882087 0.063037
0.871601 0.068179
0.860735 0.074206
0.849501 0.080412
0.837910 0.087217
0.825974 0.093218
0.813704 0.100536
0.801113 0.107381
0.788214 0.114226
0.775019 0.121810
0.761541 0.129386
0.747795 0.136725
0.733792 0.143638
0.719548 0.152143
0.705077 0.159584
0.690392 0.167558
0.675509 0.174929
0.660442 0.181955
0.645206 0.189393
0.629817 0.197373
0.614290 0.203318
0.598640 0.209529
0.582884 0.215572
0.567036 0.221826
0.551113 0.228313
0.535131 0.233902
0.519106 0.238666
0.503054 0.242726
0.486991 0.246358
0.470934 0.248584
0.454898 0.250372
0.438900 0.252134
0.422956 0.252542
0.407083 0.252517
0.391295 0.251746
0.375610 0.251220
0.360044 0.251188
0.344612 0.249461
0.329330 0.249024
0.314213 0.245703
0.299279 0.242715
0.284541 0.239251
0.270015 0.236498
0.255717 0.231614
0.241661 0.227101
0.227862 0.221884
0.214336 0.216814
0.201095 0.211741
0.188155 0.206344
0.175530 0.200799
0.163234 0.194521
0.151280 0.188825
0.139681 0.183432
0.128452 0.177348
0.117606 0.170324
0.107155 0.164161
0.097113 0.157979
0.087493 0.150732
0.078306 0.143847
0.069566 0.135846
0.061285 0.128925
0.053474 0.121602
0.046150 0.114260
0.039326 0.106110
0.033014 0.097931
0.027230 0.089373
0.021980 0.081297
0.017277 0.073116
0.013141 0.064524
0.009573 0.055526
0.006583 0.047455
0.004188 0.039089
0.002354 0.030573
0.001081 0.023906
0.000371 0.018023
0.000077 0.012810
0.000005 0.010780
0.000000 0.009610
0.000005 0.008751
0.000077 0.006213
0.000371 0.001355
0.001081 -0.004995
0.002353 -0.013444
0.004188 -0.019831
0.006585 -0.026495
0.009576 -0.033165
0.013145 -0.040862
0.017281 -0.045976
0.021983 -0.052296
0.027232 -0.057230
0.033016 -0.063268
0.039328 -0.067481
0.046152 -0.073748
0.053476 -0.079447
0.061287 -0.085170
0.069568 -0.089600
0.078308 -0.095193
0.087495 -0.100585
0.097115 -0.104048
0.107157 -0.109884
0.117608 -0.114111
0.128454 -0.119328
0.139683 -0.122333
0.151282 -0.126491
0.163235 -0.131896
0.175532 -0.135651
0.188157 -0.138929
0.201097 -0.143808
0.214337 -0.145200
0.227864 -0.148987
0.241663 -0.151193
0.255719 -0.153774
0.270017 -0.157153
0.284542 -0.158690
0.299280 -0.161624
0.314215 -0.163127
0.329331 -0.164655
0.344613 -0.165320
0.360045 -0.167174
0.375611 -0.167098
0.391296 -0.167668
0.407083 -0.166925
0.422957 -0.166428
0.438901 -0.165944
0.454899 -0.162706
0.470935 -0.160408
0.486992 -0.156447
0.503055 -0.153188
0.519107 -0.149214
0.535132 -0.146088
0.551114 -0.139250
0.567036 -0.134951
0.582884 -0.130130
0.598640 -0.124567
0.614290 -0.119437
0.629817 -0.113118
0.645206 -0.108055
0.660442 -0.100928
0.675509 -0.095908
0.690393 -0.089383
0.705077 -0.082118
0.719549 -0.075766
0.733793 -0.069568
0.747795 -0.065468
0.761542 -0.058704
0.775019 -0.055076
0.788214 -0.048969
0.801113 -0.045004
0.813704 -0.042121
0.825973 -0.032931
0.837910 -0.032707
0.849501 -0.026517
0.860735 -0.021999
0.871601 -0.018239
0.882088 -0.013787
0.892184 -0.010657
0.901880 -0.007420
0.911165 -0.003286
0.920031 -0.000467
0.928468 0.000987
0.936467 0.001501
0.944019 0.005607
0.951116 0.006627
0.957751 0.008214
0.963920 0.008678
0.969616 0.009934
0.974836 0.010090
0.979575 0.010221
0.983831 0.010348
0.987598 0.010570
0.990874 0.010161
0.993653 0.008874
0.995934 0.010134
0.997711 0.008318
0.998982 0.009704
0.999745 0.009367
1.000000 0.007418
