1.000000 0.000187
0.999745 0.000408
0.998982 0.001063
0.997711 0.002117
0.995933 0.003510
0.993653 0.005297
0.990874 0.007542
0.987598 0.010228
0.983830 0.013327
0.979575 0.016858
0.974836 0.020827
0.969616 0.025206
0.963920 0.029957
0.957751 0.035042
0.951116 0.040399
0.944019 0.045974
0.936467 0.051756
0.928468 0.057757
0.920031 0.063981
0.911165 0.070410
0.901879 0.077083
0.892183 0.084045
0.882087 0.091259
0.871601 0.098699
0.860735 0.106350
0.849501 0.114211
0.837910 0.122333
0.825974 0.130667
0.813704 0.139163
0.801113 0.147804
0.788214 0.156553
0.775019 0.165390
0.761541 0.174203
0.747795 0.182980
0.733792 0.191703
0.719548 0.200347
0.705077 0.208858
0.690392 0.217245
0.675509 0.225443
0.660442 0.233446
0.645206 0.241205
0.629817 0.248673
0.614290 0.255825
0.598640 0.262657
0.582884 0.269163
0.567036 0.275281
0.551113 0.280988
0.535131 0.286276
0.519106 0.291147
0.503054 0.295562
0.486991 0.299507
0.470934 0.303015
0.454898 0.306079
0.438900 0.308648
0.422956 0.310694
0.407083 0.312253
0.391295 0.313331
0.375610 0.313905
0.360044 0.313975
0.344612 0.313575
0.329330 0.312696
0.314213 0.311296
0.299279 0.309406
0.284541 0.307083
0.270015 0.304295
0.255717 0.300988
0.241661 0.297176
0.227862 0.292868
0.214336 0.288020
0.201095 0.282637
0.188155 0.276757
0.175530 0.270360
0.163234 0.263399
0.151280 0.255852
0.139681 0.247730
0.128452 0.239027
0.117606 0.229772
0.107155 0.220040
0.097113 0.209912
0.087493 0.199410
0.078306 0.188473
0.069566 0.177050
0.061285 0.165230
0.053474 0.153227
0.046150 0.141093
0.039326 0.128916
0.033014 0.116707
0.027230 0.104470
0.021980 0.092202
0.017277 0.080010
0.013141 0.068047
0.009573 0.056481
0.006583 0.045515
0.004188 0.035225
0.002354 0.025815
0.001081 0.017627
0.000371 0.011005
0.000077 0.006174
0.000005 0.003257
0.000000 0.002281
0.000005 0.001336
0.000077 -0.001488
0.000371 -0.005990
0.001081 -0.011849
0.002353 -0.018454
0.004188 -0.025013
0.006585 -0.031156
0.009576 -0.037054
0.013145 -0.042173
0.017281 -0.046607
0.021983 -0.050733
0.027232 -0.054634
0.033016 -0.058313
0.039328 -0.061853
0.046152 -0.065294
0.053476 -0.068597
0.061287 -0.071763
0.069568 -0.074853
0.078308 -0.077843
0.087495 -0.080675
0.097115 -0.083356
0.107157 -0.085888
0.117608 -0.088336
0.128454 -0.090639
0.139683 -0.092826
0.151282 -0.094858
0.163235 -0.096715
0.175532 -0.098362
0.188157 -0.099818
0.201097 -0.101095
0.214337 -0.102168
0.227864 -0.103036
0.241663 -0.103699
0.255719 -0.104151
0.270017 -0.104348
0.284542 -0.104285
0.299280 -0.103979
0.314215 -0.103441
0.329331 -0.102651
0.344613 -0.101601
0.360045 -0.100281
0.375611 -0.098711
0.391296 -0.096881
0.407083 -0.094772
0.422957 -0.092416
0.438901 -0.089854
0.454899 -0.087100
0.470935 -0.084161
0.486992 -0.081070
0.503055 -0.077856
0.519107 -0.074524
0.535132 -0.071084
0.551114 -0.067551
0.567036 -0.063929
0.582884 -0.060216
0.598640 -0.056410
0.614290 -0.052525
0.629817 -0.048560
0.645206 -0.044533
0.660442 -0.040475
0.675509 -0.036437
0.690393 -0.032443
0.705077 -0.028520
0.719549 -0.024697
0.733793 -0.021012
0.747795 -0.017457
0.761542 -0.014074
0.775019 -0.010882
0.788214 -0.007901
0.801113 -0.005157
0.813704 -0.002673
0.825973 -0.000426
0.837910 0.001575
0.849501 0.003322
0.860735 0.004803
0.871601 0.006041
0.882088 0.007048
0.892184 0.007812
0.901880 0.008346
0.911165 0.008617
0.920031 0.008658
0.928468 0.008523
0.936467 0.008242
0.944019 0.007832
0.951116 0.007337
0.957751 0.006807
0.963920 0.006240
0.969616 0.005599
0.974836 0.004860
0.979575 0.004003
0.983831 0.003065
0.987598 0.002098
0.990874 0.001169
0.993653 0.000306
0.995934 -0.000471
0.997711 -0.001102
0.998982 -0.001522
0.999745 -0.001753
1.000000 -0.001828
