1.000000 0.008553
0.999745 0.010101
0.998982 0.009096
0.997711 0.010856
0.995933 0.011657
0.993653 0.011329
0.990874 0.011472
0.987598 0.012081
0.983830 0.013776
0.979575 0.014826
0.974836 0.016294
0.969616 0.016769
0.963920 0.018164
0.957751 0.019170
0.951116 0.022244
0.944019 0.023903
0.936467 0.025461
0.928468 0.027213
0.920031 0.029488
0.911165 0.032021
0.901879 0.034246
0.892183 0.035663
0.882087 0.038878
0.871601 0.041217
0.860735 0.043722
0.849501 0.046675
0.837910 0.048533
0.825974 0.052531
0.813704 0.054222
0.801113 0.057906
0.788214 0.061273
0.775019 0.063587
0.761541 0.065399
0.747795 0.067960
0.733792 0.071966
0.719548 0.075067
0.705077 0.078265
0.690392 0.081515
0.675509 0.084733
0.660442 0.088504
0.645206 0.092126
0.629817 0.096388
0.614290 0.100400
0.598640 0.104676
0.582884 0.108439
0.567036 0.112555
0.551113 0.115391
0.535131 0.119937
0.519106 0.123404
0.503054 0.126842
0.486991 0.131714
0.470934 0.135016
0.454898 0.138341
0.438900 0.142572
0.422956 0.145662
0.407083 0.148649
0.391295 0.152520
0.375610 0.155839
0.360044 0.159171
0.344612 0.161902
0.329330 0.163701
0.314213 0.166100
0.299279 0.167887
0.284541 0.169719
0.270015 0.171483
0.255717 0.172046
0.241661 0.175197
0.227862 0.174055
0.214336 0.174606
0.201095 0.174439
0.188155 0.173058
0.175530 0.171621
0.163234 0.170401
0.151280 0.168450
0.139681 0.165532
0.128452 0.162209
0.117606 0.157931
0.107155 0.153212
0.097113 0.149128
0.087493 0.143533
0.078306 0.138322
0.069566 0.133737
0.061285 0.127787
0.053474 0.122425
0.046150 0.114831
0.039326 0.106351
0.033014 0.099362
0.027230 0.091850
0.021980 0.083415
0.017277 0.074111
0.013141 0.065408
0.009573 0.057233
0.006583 0.047148
0.004188 0.036910
0.002354 0.030609
0.001081 0.022914
0.000371 0.017450
0.000077 0.012910
0.000005 0.009301
0.000000 0.008278
0.000005 0.006130
0.000077 0.002426
0.000371 -0.001025
0.001081 -0.006567
0.002353 -0.011267
0.004188 -0.016870
0.006585 -0.021677
0.009576 -0.026608
0.013145 -0.031446
0.017281 -0.035440
0.021983 -0.037675
0.027232 -0.040399
0.033016 -0.042917
0.039328 -0.045684
0.046152 -0.048731
0.053476 -0.050915
0.061287 -0.053988
0.069568 -0.055249
0.078308 -0.058107
0.087495 -0.058150
0.097115 -0.061880
0.107157 -0.062839
0.117608 -0.064225
0.128454 -0.065471
0.139683 -0.067244
0.151282 -0.067793
0.163235 -0.068228
0.175532 -0.068344
0.188157 -0.068521
0.201097 -0.068648
0.214337 -0.067481
0.227864 -0.067722
0.241663 -0.067817
0.255719 -0.067221
0.270017 -0.066273
0.284542 -0.066469
0.299280 -0.065077
0.314215 -0.063931
0.329331 -0.063716
0.344613 -0.062338
0.360045 -0.060775
0.375611 -0.060282
0.391296 -0.058771
0.407083 -0.057947
0.422957 -0.055688
0.438901 -0.054638
0.454899 -0.053222
0.470935 -0.051701
0.486992 -0.049930
0.503055 -0.047714
0.519107 -0.046612
0.535132 -0.044056
0.551114 -0.042331
0.567036 -0.040668
0.582884 -0.038867
0.598640 -0.037748
0.614290 -0.036744
0.629817 -0.034721
0.645206 -0.033374
0.660442 -0.031992
0.675509 -0.030991
0.690393 -0.031128
0.705077 -0.028593
0.719549 -0.026579
0.733793 -0.024178
0.747795 -0.022661
0.761542 -0.022110
0.775019 -0.017654
0.788214 -0.017708
0.801113 -0.016143
0.813704 -0.014439
0.825973 -0.012968
0.837910 -0.011411
0.849501 -0.010734
0.860735 -0.009019
0.871601 -0.008038
0.882088 -0.006934
0.892184 -0.006320
0.901880 -0.005020
0.911165 -0.003222
0.920031 -0.003286
0.928468 -0.002821
0.936467 -0.002035
0.944019 -0.000552
0.951116 -0.000386
0.957751 0.001349
0.963920 0.002406
0.969616 0.003439
0.974836 0.003911
0.979575 0.004032
0.983831 0.005041
0.987598 0.004952
0.990874 0.005678
0.993653 0.006095
0.995934 0.006174
0.997711 0.006561
0.998982 0.005910
0.999745 0.005100
1.000000 0.006039
