1.000000 0.008774
0.999745 0.011205
0.998982 0.010468
0.997711 0.013506
0.995933 0.012324
0.993653 0.015558
0.990874 0.015505
0.987598 0.017271
0.983830 0.019186
0.979575 0.022485
0.974836 0.025340
0.969616 0.028691
0.963920 0.033192
0.957751 0.036960
0.951116 0.041322
0.944019 0.045547
0.936467 0.051691
0.928468 0.056496
0.920031 0.062238
0.911165 0.068378
0.901879 0.074587
0.892183 0.080714
0.882087 0.087426
0.871601 0.095207
0.860735 0.101966
0.849501 0.111441
0.837910 0.116954
0.825974 0.125627
0.813704 0.133604
0.801113 0.142494
0.788214 0.150988
0.775019 0.159902
0.761541 0.168657
0.747795 0.177257
0.733792 0.186544
0.719548 0.195899
0.705077 0.205048
0.690392 0.213927
0.675509 0.225693
0.660442 0.230782
0.645206 0.241744
0.629817 0.250568
0.614290 0.258038
0.598640 0.266253
0.582884 0.273941
0.567036 0.280758
0.551113 0.287124
0.535131 0.292405
0.519106 0.300436
0.503054 0.302335
0.486991 0.307915
0.470934 0.311533
0.454898 0.315532
0.438900 0.319767
0.422956 0.322330
0.407083 0.324544
0.391295 0.326198
0.375610 0.326442
0.360044 0.326129
0.344612 0.325133
0.329330 0.324396
0.314213 0.322588
0.299279 0.321078
0.284541 0.317996
0.270015 0.315842
0.255717 0.310572
0.241661 0.307180
0.227862 0.301210
0.214336 0.295187
0.201095 0.290269
0.188155 0.282804
0.175530 0.275627
0.163234 0.269332
0.151280 0.259005
0.139681 0.252685
0.128452 0.244211
0.117606 0.234746
0.107155 0.225110
0.097113 0.214230
0.087493 0.203553
0.078306 0.193353
0.069566 0.182363
0.061285 0.171424
0.053474 0.159003
0.046150 0.149345
0.039326 0.137420
0.033014 0.125027
0.027230 0.112809
0.021980 0.099069
0.017277 0.087523
0.013141 0.074608
0.009573 0.063054
0.006583 0.050525
0.004188 0.038876
0.002354 0.031215
0.001081 0.020949
0.000371 0.015476
0.000077 0.010874
0.000005 0.008397
0.000000 0.006985
0.000005 0.006460
0.000077 0.003461
0.000371 -0.000882
0.001081 -0.006100
0.002353 -0.014442
0.004188 -0.024983
0.006585 -0.036234
0.009576 -0.048923
0.013145 -0.058109
0.017281 -0.067121
0.021983 -0.075982
0.027232 -0.083438
0.033016 -0.090285
0.039328 -0.095975
0.046152 -0.100226
0.053476 -0.102172
0.061287 -0.106944
0.069568 -0.107298
0.078308 -0.111422
0.087495 -0.114207
0.097115 -0.116068
0.107157 -0.118046
0.117608 -0.118551
0.128454 -0.121199
0.139683 -0.123366
0.151282 -0.122924
0.163235 -0.123511
0.175532 -0.124962
0.188157 -0.125852
0.201097 -0.126203
0.214337 -0.126768
0.227864 -0.128059
0.241663 -0.128764
0.255719 -0.128969
0.270017 -0.129663
0.284542 -0.130726
0.299280 -0.131652
0.314215 -0.130986
0.329331 -0.131447
0.344613 -0.131215
0.360045 -0.131611
0.375611 -0.132646
0.391296 -0.130612
0.407083 -0.131790
0.422957 -0.131607
0.438901 -0.131567
0.454899 -0.131902
0.470935 -0.130988
0.486992 -0.131039
0.503055 -0.131006
0.519107 -0.130325
0.535132 -0.129272
0.551114 -0.128137
0.567036 -0.127386
0.582884 -0.127769
0.598640 -0.125223
0.614290 -0.124098
0.629817 -0.122841
0.645206 -0.121474
0.660442 -0.118962
0.675509 -0.117847
0.690393 -0.115792
0.705077 -0.113065
0.719549 -0.110713
0.733793 -0.107022
0.747795 -0.103885
0.761542 -0.100892
0.775019 -0.098398
0.788214 -0.094072
0.801113 -0.089299
0.813704 -0.085377
0.825973 -0.081281
0.837910 -0.076960
0.849501 -0.071841
0.860735 -0.066865
0.871601 -0.061684
0.882088 -0.057745
0.892184 -0.053174
0.901880 -0.049138
0.911165 -0.044396
0.920031 -0.038808
0.928468 -0.036868
0.936467 -0.032067
0.944019 -0.028925
0.951116 -0.025042
0.957751 -0.021255
0.963920 -0.018294
0.969616 -0.014693
0.974836 -0.012737
0.979575 -0.009714
0.983831 -0.007531
0.987598 -0.006017
0.990874 -0.003683
0.993653 -0.001562
0.995934 0.000189
0.997711 0.001923
0.998982 0.002256
0.999745 0.002005
1.000000 -0.000352
