1.000000 0.002941
0.999745 0.006628
0.998982 0.008220
0.997711 0.008851
0.995933 0.010668
0.993653 0.012114
0.990874 0.012921
0.987598 0.016393
0.983830 0.019705
0.979575 0.023424
0.974836 0.026980
0.969616 0.031544
0.963920 0.036616
0.957751 0.040922
0.951116 0.046511
0.944019 0.051832
0.936467 0.057460
0.928468 0.062741
0.920031 0.069457
0.911165 0.076082
0.901879 0.083497
0.892183 0.090116
0.882087 0.097685
0.871601 0.104375
0.860735 0.111590
0.849501 0.118466
0.837910 0.126352
0.825974 0.134481
0.813704 0.142635
0.801113 0.150635
0.788214 0.158029
0.775019 0.166078
0.761541 0.174510
0.747795 0.182415
0.733792 0.190149
0.719548 0.200061
0.705077 0.205971
0.690392 0.214293
0.675509 0.222200
0.660442 0.229804
0.645206 0.238188
0.629817 0.245847
0.614290 0.254445
0.598640 0.261381
0.582884 0.268809
0.567036 0.275632
0.551113 0.282440
0.535131 0.288738
0.519106 0.294844
0.503054 0.299734
0.486991 0.305466
0.470934 0.310684
0.454898 0.314586
0.438900 0.318664
0.422956 0.321854
0.407083 0.325920
0.391295 0.328709
0.375610 0.331186
0.360044 0.332404
0.344612 0.334135
0.329330 0.335157
0.314213 0.335027
0.299279 0.334437
0.284541 0.333014
0.270015 0.331583
0.255717 0.329258
0.241661 0.325566
0.227862 0.321218
0.214336 0.316575
0.201095 0.311799
0.188155 0.306703
0.175530 0.301062
0.163234 0.293675
0.151280 0.285287
0.139681 0.276230
0.128452 0.267134
0.117606 0.257584
0.107155 0.245906
0.097113 0.234226
0.087493 0.221954
0.078306 0.209711
0.069566 0.198146
0.061285 0.184120
0.053474 0.169702
0.046150 0.157594
0.039326 0.142282
0.033014 0.129650
0.027230 0.117334
0.021980 0.104498
0.017277 0.090263
0.013141 0.077271
0.009573 0.064482
0.006583 0.053357
0.004188 0.041876
0.002354 0.031587
0.001081 0.022979
0.000371 0.015834
0.000077 0.011750
0.000005 0.008763
0.000000 0.008174
0.000005 0.006814
0.000077 0.005071
0.000371 0.000449
0.001081 -0.001840
0.002353 -0.004422
0.004188 -0.007316
0.006585 -0.009065
0.009576 -0.006667
0.013145 -0.004805
0.017281 -0.001941
0.021983 0.001031
0.027232 0.003906
0.033016 0.007463
0.039328 0.010170
0.046152 0.015228
0.053476 0.018910
0.061287 0.024937
0.069568 0.030200
0.078308 0.034992
0.087495 0.039698
0.097115 0.045439
0.107157 0.050871
0.117608 0.056670
0.128454 0.062473
0.139683 0.067848
0.151282 0.072209
0.163235 0.076512
0.175532 0.081273
0.188157 0.084969
0.201097 0.090288
0.214337 0.093167
0.227864 0.096217
0.241663 0.100431
0.255719 0.102824
0.270017 0.106446
0.284542 0.107137
0.299280 0.108776
0.314215 0.110902
0.329331 0.111641
0.344613 0.111389
0.360045 0.112413
0.375611 0.111973
0.391296 0.112002
0.407083 0.112277
0.422957 0.111912
0.438901 0.109376
0.454899 0.108462
0.470935 0.107769
0.486992 0.105728
0.503055 0.103442
0.519107 0.101726
0.535132 0.098564
0.551114 0.095838
0.567036 0.092631
0.582884 0.089740
0.598640 0.087438
0.614290 0.084954
0.629817 0.081585
0.645206 0.077732
0.660442 0.074993
0.675509 0.071970
0.690393 0.069106
0.705077 0.066261
0.719549 0.063451
0.733793 0.060354
0.747795 0.059389
0.761542 0.055150
0.775019 0.052985
0.788214 0.049846
0.801113 0.047843
0.813704 0.044646
0.825973 0.041389
0.837910 0.038368
0.849501 0.035808
0.860735 0.033349
0.871601 0.030756
0.882088 0.028839
0.892184 0.026450
0.901880 0.025783
0.911165 0.023818
0.920031 0.021133
0.928468 0.019883
0.936467 0.018435
0.944019 0.017797
0.951116 0.016647
0.957751 0.015183
0.963920 0.013565
0.969616 0.011789
0.974836 0.011386
0.979575 0.010315
0.983831 0.010231
0.987598 0.009524
0.990874 0.009025
0.993653 0.009865
0.995934 0.008785
0.997711 0.008491
0.998982 0.007420
0.999745 0.005832
1.000000 0.005480
