1.000000 0.007458
0.999745 0.008658
0.998982 0.010594
0.997711 0.009189
0.995933 0.010802
0.993653 0.012219
0.990874 0.013122
0.987598 0.013498
0.983830 0.016634
0.979575 0.017899
0.974836 0.019345
0.969616 0.022220
0.963920 0.024305
0.957751 0.027603
0.951116 0.029842
0.944019 0.032144
0.936467 0.034175
0.928468 0.036867
0.920031 0.038431
0.911165 0.041337
0.901879 0.043690
0.892183 0.046119
0.882087 0.048590
0.871601 0.051575
0.860735 0.053830
0.849501 0.055664
0.837910 0.058567
0.825974 0.060870
0.813704 0.062367
0.801113 0.065578
0.788214 0.066864
0.775019 0.069789
0.761541 0.072552
0.747795 0.075963
0.733792 0.077175
0.719548 0.079832
0.705077 0.082145
0.690392 0.083514
0.675509 0.084752
0.660442 0.086321
0.645206 0.087392
0.629817 0.089076
0.614290 0.090186
0.598640 0.091918
0.582884 0.090825
0.567036 0.092576
0.551113 0.092698
0.535131 0.093074
0.519106 0.091067
0.503054 0.091513
0.486991 0.090051
0.470934 0.088956
0.454898 0.089407
0.438900 0.089163
0.422956 0.089731
0.407083 0.089231
0.391295 0.088991
0.375610 0.087878
0.360044 0.087813
0.344612 0.087687
0.329330 0.087683
0.314213 0.085157
0.299279 0.083028
0.284541 0.084231
0.270015 0.083506
0.255717 0.082021
0.241661 0.080767
0.227862 0.080095
0.214336 0.078378
0.201095 0.076217
0.188155 0.074037
0.175530 0.071685
0.163234 0.070751
0.151280 0.068218
0.139681 0.066112
0.128452 0.064086
0.117606 0.061864
0.107155 0.059668
0.097113 0.059158
0.087493 0.055916
0.078306 0.054095
0.069566 0.051399
0.061285 0.050391
0.053474 0.049183
0.046150 0.046590
0.039326 0.043593
0.033014 0.041699
0.027230 0.039420
0.021980 0.038768
0.017277 0.036259
0.013141 0.034358
0.009573 0.031636
0.006583 0.029771
0.004188 0.026365
0.002354 0.023667
0.001081 0.020609
0.000371 0.016544
0.000077 0.013058
0.000005 0.010794
0.000000 0.009007
0.000005 0.008160
0.000077 0.005991
0.000371 0.001824
0.001081 -0.000065
0.002353 -0.006061
0.004188 -0.007794
0.006585 -0.008324
0.009576 -0.009447
0.013145 -0.008829
0.017281 -0.009171
0.021983 -0.010446
0.027232 -0.011090
0.033016 -0.012645
0.039328 -0.011857
0.046152 -0.012722
0.053476 -0.011832
0.061287 -0.013935
0.069568 -0.012397
0.078308 -0.011508
0.087495 -0.010280
0.097115 -0.010612
0.107157 -0.009923
0.117608 -0.010215
0.128454 -0.010545
0.139683 -0.010365
0.151282 -0.010492
0.163235 -0.011127
0.175532 -0.010654
0.188157 -0.010047
0.201097 -0.009358
0.214337 -0.008612
0.227864 -0.009077
0.241663 -0.009699
0.255719 -0.009699
0.270017 -0.009583
0.284542 -0.007694
0.299280 -0.006380
0.314215 -0.006597
0.329331 -0.004469
0.344613 -0.004996
0.360045 -0.004298
0.375611 -0.003126
0.391296 -0.003809
0.407083 -0.003205
0.422957 -0.003506
0.438901 -0.002432
0.454899 -0.003089
0.470935 -0.003372
0.486992 -0.003707
0.503055 -0.003466
0.519107 -0.004200
0.535132 -0.003479
0.551114 -0.003494
0.567036 -0.003031
0.582884 -0.004121
0.598640 -0.005122
0.614290 -0.003965
0.629817 -0.004867
0.645206 -0.003632
0.660442 -0.001780
0.675509 -0.000528
0.690393 -0.001450
0.705077 -0.000946
0.719549 -0.001919
0.733793 -0.001894
0.747795 -0.002804
0.761542 -0.002371
0.775019 -0.001619
0.788214 0.000123
0.801113 0.000232
0.813704 0.000800
0.825973 0.000179
0.837910 0.002038
0.849501 -0.001454
0.860735 0.001248
0.871601 0.000982
0.882088 0.001287
0.892184 0.002048
0.901880 0.002358
0.911165 0.002721
0.920031 0.003609
0.928468 0.004149
0.936467 0.004806
0.944019 0.004056
0.951116 0.004175
0.957751 0.004592
0.963920 0.005442
0.969616 0.006198
0.974836 0.006767
0.979575 0.006898
0.983831 0.007171
0.987598 0.007096
0.990874 0.008315
0.993653 0.009288
0.995934 0.006789
0.997711 0.007584
0.998982 0.006704
0.999745 0.007077
1.000000 0.006535
