1.000000 0.005724
0.999745 0.008016
0.998982 0.006818
0.997711 0.008166
0.995933 0.008791
0.993653 0.010927
0.990874 0.012969
0.987598 0.014769
0.983830 0.017952
0.979575 0.021068
0.974836 0.024037
0.969616 0.026474
0.963920 0.029692
0.957751 0.034499
0.951116 0.038905
0.944019 0.042396
0.936467 0.046771
0.928468 0.050581
0.920031 0.055774
0.911165 0.060122
0.901879 0.064256
0.892183 0.068261
0.882087 0.072787
0.871601 0.077568
0.860735 0.082859
0.849501 0.087705
0.837910 0.091270
0.825974 0.096894
0.813704 0.101776
0.801113 0.108180
0.788214 0.113718
0.775019 0.117498
0.761541 0.124617
0.747795 0.129194
0.733792 0.134835
0.719548 0.140763
0.705077 0.145980
0.690392 0.152409
0.675509 0.157931
0.660442 0.162676
0.645206 0.168349
0.629817 0.172394
0.614290 0.177912
0.598640 0.181762
0.582884 0.186174
0.567036 0.190430
0.551113 0.195262
0.535131 0.200154
0.519106 0.204878
0.503054 0.208682
0.486991 0.212739
0.470934 0.216172
0.454898 0.219456
0.438900 0.221544
0.422956 0.225894
0.407083 0.227712
0.391295 0.229193
0.375610 0.230945
0.360044 0.232453
0.344612 0.232755
0.329330 0.233140
0.314213 0.231841
0.299279 0.231289
0.284541 0.230585
0.270015 0.229374
0.255717 0.227600
0.241661 0.224586
0.227862 0.222142
0.214336 0.218833
0.201095 0.214838
0.188155 0.210755
0.175530 0.207078
0.163234 0.201099
0.151280 0.196262
0.139681 0.190861
0.128452 0.184475
0.117606 0.178268
0.107155 0.170821
0.097113 0.163482
0.087493 0.155983
0.078306 0.147492
0.069566 0.139123
0.061285 0.131849
0.053474 0.124767
0.046150 0.115680
0.039326 0.106984
0.033014 0.097591
0.027230 0.088011
0.021980 0.080918
0.017277 0.069941
0.013141 0.062319
0.009573 0.053583
0.006583 0.044913
0.004188 0.036895
0.002354 0.028863
0.001081 0.020197
0.000371 0.016266
0.000077 0.011181
0.000005 0.008905
0.000000 0.007852
0.000005 0.007650
0.000077 0.004578
0.000371 -0.000253
0.001081 -0.006217
0.002353 -0.011968
0.004188 -0.017703
0.006585 -0.022811
0.009576 -0.029475
0.013145 -0.033155
0.017281 -0.037785
0.021983 -0.042713
0.027232 -0.047646
0.033016 -0.051155
0.039328 -0.054727
0.046152 -0.058849
0.053476 -0.063418
0.061287 -0.065767
0.069568 -0.069406
0.078308 -0.070130
0.087495 -0.073638
0.097115 -0.075705
0.107157 -0.076132
0.117608 -0.077893
0.128454 -0.078821
0.139683 -0.081284
0.151282 -0.080634
0.163235 -0.081602
0.175532 -0.081278
0.188157 -0.081133
0.201097 -0.080560
0.214337 -0.079730
0.227864 -0.079412
0.241663 -0.077750
0.255719 -0.076784
0.270017 -0.074427
0.284542 -0.073281
0.299280 -0.071953
0.314215 -0.070456
0.329331 -0.068641
0.344613 -0.068547
0.360045 -0.065973
0.375611 -0.064853
0.391296 -0.061900
0.407083 -0.060918
0.422957 -0.059114
0.438901 -0.057729
0.454899 -0.054864
0.470935 -0.054775
0.486992 -0.050706
0.503055 -0.049433
0.519107 -0.046868
0.535132 -0.044549
0.551114 -0.041893
0.567036 -0.040763
0.582884 -0.037901
0.598640 -0.036037
0.614290 -0.033813
0.629817 -0.032237
0.645206 -0.030046
0.660442 -0.028967
0.675509 -0.025062
0.690393 -0.027494
0.705077 -0.023824
0.719549 -0.022396
0.733793 -0.021434
0.747795 -0.019511
0.761542 -0.017972
0.775019 -0.015762
0.788214 -0.015379
0.801113 -0.014567
0.813704 -0.011530
0.825973 -0.011722
0.837910 -0.010087
0.849501 -0.008063
0.860735 -0.009100
0.871601 -0.006226
0.882088 -0.005367
0.892184 -0.004015
0.901880 -0.004093
0.911165 -0.002740
0.920031 -0.002950
0.928468 -0.002132
0.936467 -0.002430
0.944019 -0.002896
0.951116 -0.000484
0.957751 0.000839
0.963920 0.001098
0.969616 0.001140
0.974836 0.000425
0.979575 0.001673
0.983831 0.002791
0.987598 0.003413
0.990874 0.003436
0.993653 0.004457
0.995934 0.004603
0.997711 0.006261
0.998982 0.006500
0.999745 0.005604
1.000000 0.005896
