1.000000 0.010245
0.999745 0.009900
0.998982 0.011203
0.997711 0.012581
0.995933 0.013893
0.993653 0.015064
0.990874 0.015329
0.987598 0.018683
0.983830 0.020078
0.979575 0.020825
0.974836 0.023861
0.969616 0.026091
0.963920 0.028203
0.957751 0.031022
0.951116 0.034637
0.944019 0.037978
0.936467 0.041435
0.928468 0.045588
0.920031 0.049011
0.911165 0.052779
0.901879 0.059249
0.892183 0.062456
0.882087 0.066985
0.871601 0.072759
0.860735 0.076330
0.849501 0.081320
0.837910 0.086240
0.825974 0.090807
0.813704 0.094821
0.801113 0.099402
0.788214 0.105041
0.775019 0.109975
0.761541 0.115339
0.747795 0.120381
0.733792 0.125360
0.719548 0.130574
0.705077 0.135423
0.690392 0.140603
0.675509 0.145175
0.660442 0.149771
0.645206 0.154877
0.629817 0.159177
0.614290 0.163771
0.598640 0.167863
0.582884 0.171306
0.567036 0.174979
0.551113 0.177817
0.535131 0.181055
0.519106 0.184176
0.503054 0.187024
0.486991 0.189687
0.470934 0.191471
0.454898 0.193188
0.438900 0.194790
0.422956 0.194490
0.407083 0.195923
0.391295 0.195619
0.375610 0.196241
0.360044 0.194801
0.344612 0.193809
0.329330 0.192743
0.314213 0.191565
0.299279 0.190547
0.284541 0.189538
0.270015 0.188178
0.255717 0.188541
0.241661 0.185035
0.227862 0.182893
0.214336 0.181091
0.201095 0.177958
0.188155 0.175269
0.175530 0.172442
0.163234 0.169594
0.151280 0.166636
0.139681 0.163143
0.128452 0.159622
0.117606 0.155879
0.107155 0.150509
0.097113 0.146086
0.087493 0.140978
0.078306 0.137366
0.069566 0.132301
0.061285 0.127603
0.053474 0.122308
0.046150 0.116762
0.039326 0.109322
0.033014 0.102426
0.027230 0.094251
0.021980 0.086666
0.017277 0.079099
0.013141 0.069604
0.009573 0.061579
0.006583 0.051896
0.004188 0.040032
0.002354 0.032079
0.001081 0.024496
0.000371 0.018007
0.000077 0.013485
0.000005 0.010571
0.000000 0.008512
0.000005 0.008478
0.000077 0.005372
0.000371 0.000908
0.001081 -0.005258
0.002353 -0.012782
0.004188 -0.021981
0.006585 -0.032492
0.009576 -0.040239
0.013145 -0.050261
0.017281 -0.058455
0.021983 -0.067758
0.027232 -0.075560
0.033016 -0.083110
0.039328 -0.087670
0.046152 -0.094709
0.053476 -0.101184
0.061287 -0.106774
0.069568 -0.112538
0.078308 -0.116904
0.087495 -0.121992
0.097115 -0.126801
0.107157 -0.131383
0.117608 -0.136306
0.128454 -0.140298
0.139683 -0.144605
0.151282 -0.147580
0.163235 -0.150928
0.175532 -0.153149
0.188157 -0.156847
0.201097 -0.160956
0.214337 -0.162338
0.227864 -0.165970
0.241663 -0.166823
0.255719 -0.167485
0.270017 -0.171122
0.284542 -0.171602
0.299280 -0.173317
0.314215 -0.173491
0.329331 -0.175183
0.344613 -0.175426
0.360045 -0.175173
0.375611 -0.175498
0.391296 -0.175349
0.407083 -0.175135
0.422957 -0.173661
0.438901 -0.173223
0.454899 -0.171042
0.470935 -0.169789
0.486992 -0.168103
0.503055 -0.167372
0.519107 -0.164076
0.535132 -0.161915
0.551114 -0.158703
0.567036 -0.155537
0.582884 -0.151845
0.598640 -0.149057
0.614290 -0.144864
0.629817 -0.141875
0.645206 -0.137240
0.660442 -0.132979
0.675509 -0.129625
0.690393 -0.125219
0.705077 -0.119930
0.719549 -0.111141
0.733793 -0.107853
0.747795 -0.101143
0.761542 -0.096229
0.775019 -0.089750
0.788214 -0.083872
0.801113 -0.078254
0.813704 -0.073888
0.825973 -0.068113
0.837910 -0.063647
0.849501 -0.058420
0.860735 -0.054197
0.871601 -0.049214
0.882088 -0.046356
0.892184 -0.041491
0.901880 -0.037334
0.911165 -0.032687
0.920031 -0.030467
0.928468 -0.024436
0.936467 -0.021666
0.944019 -0.018044
0.951116 -0.015115
0.957751 -0.011444
0.963920 -0.009673
0.969616 -0.008585
0.974836 -0.005682
0.979575 -0.004157
0.983831 -0.002743
0.987598 -0.001747
0.990874 -0.000498
0.993653 0.000907
0.995934 0.001912
0.997711 0.003870
0.998982 0.004690
0.999745 0.002345
1.000000 0.001685
