1.000000 0.005996
0.999745 0.009903
0.998982 0.010564
0.997711 0.008949
0.995933 0.009704
0.993653 0.009159
0.990874 0.010817
0.987598 0.011884
0.983830 0.013187
0.979575 0.014706
0.974836 0.015998
0.969616 0.017845
0.963920 0.020057
0.957751 0.022044
0.951116 0.024035
0.944019 0.026053
0.936467 0.029408
0.928468 0.031618
0.920031 0.034603
0.911165 0.036870
0.901879 0.040261
0.892183 0.043459
0.882087 0.046746
0.871601 0.052835
0.860735 0.055612
0.849501 0.059878
0.837910 0.064452
0.825974 0.068765
0.813704 0.074266
0.801113 0.079003
0.788214 0.083172
0.775019 0.089518
0.761541 0.092512
0.747795 0.098710
0.733792 0.103151
0.719548 0.108129
0.705077 0.113704
0.690392 0.118055
0.675509 0.121783
0.660442 0.126128
0.645206 0.130852
0.629817 0.135890
0.614290 0.140589
0.598640 0.144518
0.582884 0.149066
0.567036 0.153270
0.551113 0.156859
0.535131 0.159146
0.519106 0.161655
0.503054 0.164036
0.486991 0.167521
0.470934 0.169299
0.454898 0.171074
0.438900 0.172208
0.422956 0.173595
0.407083 0.174994
0.391295 0.175509
0.375610 0.174984
0.360044 0.175903
0.344612 0.175505
0.329330 0.174858
0.314213 0.172950
0.299279 0.171134
0.284541 0.168854
0.270015 0.166736
0.255717 0.165109
0.241661 0.163168
0.227862 0.160248
0.214336 0.157531
0.201095 0.154296
0.188155 0.152427
0.175530 0.148522
0.163234 0.145920
0.151280 0.141333
0.139681 0.138632
0.128452 0.134334
0.117606 0.130068
0.107155 0.125126
0.097113 0.119976
0.087493 0.115720
0.078306 0.111398
0.069566 0.107035
0.061285 0.102459
0.053474 0.097682
0.046150 0.092496
0.039326 0.086476
0.033014 0.080595
0.027230 0.075965
0.021980 0.070929
0.017277 0.064945
0.013141 0.058995
0.009573 0.051153
0.006583 0.044965
0.004188 0.037085
0.002354 0.029037
0.001081 0.023211
0.000371 0.017744
0.000077 0.013530
0.000005 0.010664
0.000000 0.008389
0.000005 0.008820
0.000077 0.005736
0.000371 0.002522
0.001081 -0.003260
0.002353 -0.009251
0.004188 -0.015982
0.006585 -0.022624
0.009576 -0.028668
0.013145 -0.034277
0.017281 -0.039287
0.021983 -0.044747
0.027232 -0.051119
0.033016 -0.056457
0.039328 -0.061399
0.046152 -0.066374
0.053476 -0.073194
0.061287 -0.077093
0.069568 -0.082458
0.078308 -0.088012
0.087495 -0.092802
0.097115 -0.097252
0.107157 -0.101855
0.117608 -0.104388
0.128454 -0.108877
0.139683 -0.114725
0.151282 -0.118122
0.163235 -0.122496
0.175532 -0.125344
0.188157 -0.128875
0.201097 -0.132036
0.214337 -0.135021
0.227864 -0.138572
0.241663 -0.140156
0.255719 -0.141797
0.270017 -0.143919
0.284542 -0.146185
0.299280 -0.146732
0.314215 -0.148335
0.329331 -0.148170
0.344613 -0.148363
0.360045 -0.148180
0.375611 -0.148926
0.391296 -0.148180
0.407083 -0.146614
0.422957 -0.146197
0.438901 -0.144878
0.454899 -0.143474
0.470935 -0.141119
0.486992 -0.139501
0.503055 -0.136774
0.519107 -0.135020
0.535132 -0.132700
0.551114 -0.129699
0.567036 -0.126681
0.582884 -0.122826
0.598640 -0.118686
0.614290 -0.115263
0.629817 -0.111611
0.645206 -0.106747
0.660442 -0.103029
0.675509 -0.099001
0.690393 -0.092784
0.705077 -0.087275
0.719549 -0.083353
0.733793 -0.078594
0.747795 -0.074086
0.761542 -0.069403
0.775019 -0.063660
0.788214 -0.056557
0.801113 -0.053533
0.813704 -0.048130
0.825973 -0.043428
0.837910 -0.039079
0.849501 -0.033510
0.860735 -0.030597
0.871601 -0.026625
0.882088 -0.023665
0.892184 -0.019704
0.901880 -0.016280
0.911165 -0.013512
0.920031 -0.011627
0.928468 -0.009399
0.936467 -0.007396
0.944019 -0.006514
0.951116 -0.004337
0.957751 -0.002369
0.963920 -0.001933
0.969616 0.001433
0.974836 0.002617
0.979575 0.003820
0.983831 0.003759
0.987598 0.004699
0.990874 0.005279
0.993653 0.005940
0.995934 0.006282
0.997711 0.006995
0.998982 0.006979
0.999745 0.006645
1.000000 0.006037
