1.000000 0.006973
0.999745 0.009243
0.998982 0.008693
0.997711 0.008627
0.995933 0.009458
0.993653 0.009510
0.990874 0.010710
0.987598 0.010666
0.983830 0.011190
0.979575 0.013763
0.974836 0.016302
0.969616 0.019916
0.963920 0.023052
0.957751 0.026359
0.951116 0.029553
0.944019 0.033282
0.936467 0.037836
0.928468 0.042405
0.920031 0.046604
0.911165 0.052142
0.901879 0.057731
0.892183 0.062871
0.882087 0.068688
0.871601 0.075110
0.860735 0.082827
0.849501 0.091033
0.837910 0.098887
0.825974 0.107863
0.813704 0.117422
0.801113 0.126997
0.788214 0.136667
0.775019 0.146594
0.761541 0.156825
0.747795 0.167510
0.733792 0.177589
0.719548 0.186761
0.705077 0.196063
0.690392 0.204686
0.675509 0.213699
0.660442 0.220653
0.645206 0.228866
0.629817 0.234971
0.614290 0.241675
0.598640 0.246890
0.582884 0.251872
0.567036 0.255942
0.551113 0.259340
0.535131 0.262432
0.519106 0.264428
0.503054 0.266576
0.486991 0.268709
0.470934 0.270467
0.454898 0.272003
0.438900 0.272121
0.422956 0.273468
0.407083 0.272299
0.391295 0.271731
0.375610 0.271461
0.360044 0.270419
0.344612 0.269453
0.329330 0.267974
0.314213 0.264949
0.299279 0.262498
0.284541 0.259567
0.270015 0.256139
0.255717 0.252976
0.241661 0.249307
0.227862 0.245518
0.214336 0.242046
0.201095 0.237666
0.188155 0.232805
0.175530 0.227646
0.163234 0.222085
0.151280 0.216326
0.139681 0.210167
0.128452 0.202970
0.117606 0.195970
0.107155 0.188214
0.097113 0.180281
0.087493 0.171950
0.078306 0.164215
0.069566 0.156117
0.061285 0.147336
0.053474 0.140371
0.046150 0.130886
0.039326 0.122033
0.033014 0.113949
0.027230 0.104600
0.021980 0.095317
0.017277 0.084930
0.013141 0.073577
0.009573 0.063697
0.006583 0.052091
0.004188 0.042605
0.002354 0.031946
0.001081 0.025035
0.000371 0.018707
0.000077 0.014051
0.000005 0.010712
0.000000 0.010173
0.000005 0.009237
0.000077 0.005524
0.000371 -0.000246
0.001081 -0.006975
0.002353 -0.014495
0.004188 -0.023791
0.006585 -0.035138
0.009576 -0.045375
0.013145 -0.055239
0.017281 -0.064417
0.021983 -0.075269
0.027232 -0.083599
0.033016 -0.091731
0.039328 -0.099266
0.046152 -0.106175
0.053476 -0.113539
0.061287 -0.121584
0.069568 -0.128454
0.078308 -0.134575
0.087495 -0.141955
0.097115 -0.147253
0.107157 -0.155742
0.117608 -0.159470
0.128454 -0.165921
0.139683 -0.171926
0.151282 -0.175655
0.163235 -0.180991
0.175532 -0.183143
0.188157 -0.188149
0.201097 -0.191463
0.214337 -0.194274
0.227864 -0.197841
0.241663 -0.201187
0.255719 -0.204180
0.270017 -0.206526
0.284542 -0.208270
0.299280 -0.211191
0.314215 -0.212364
0.329331 -0.214029
0.344613 -0.215356
0.360045 -0.216529
0.375611 -0.217375
0.391296 -0.217018
0.407083 -0.217371
0.422957 -0.216689
0.438901 -0.216283
0.454899 -0.214292
0.470935 -0.213464
0.486992 -0.210240
0.503055 -0.209425
0.519107 -0.206030
0.535132 -0.202937
0.551114 -0.199352
0.567036 -0.195724
0.582884 -0.191662
0.598640 -0.187400
0.614290 -0.182513
0.629817 -0.176592
0.645206 -0.170680
0.660442 -0.165154
0.675509 -0.159574
0.690393 -0.151639
0.705077 -0.143579
0.719549 -0.136336
0.733793 -0.129054
0.747795 -0.121423
0.761542 -0.112926
0.775019 -0.106537
0.788214 -0.098111
0.801113 -0.090231
0.813704 -0.082494
0.825973 -0.077368
0.837910 -0.069730
0.849501 -0.063484
0.860735 -0.056648
0.871601 -0.050239
0.882088 -0.044199
0.892184 -0.038682
0.901880 -0.032910
0.911165 -0.028840
0.920031 -0.023210
0.928468 -0.019007
0.936467 -0.015395
0.944019 -0.012046
0.951116 -0.009280
0.957751 -0.006533
0.963920 -0.004655
0.969616 -0.001833
0.974836 0.001344
0.979575 0.003703
0.983831 0.005139
0.987598 0.006072
0.990874 0.007083
0.993653 0.008145
0.995934 0.007576
0.997711 0.009007
0.998982 0.007483
0.999745 0.008308
1.000000 0.008845
