1.000000 0.006761
0.999745 0.011090
0.998982 0.010771
0.997711 0.012220
0.995933 0.012895
0.993653 0.013624
0.990874 0.015712
0.987598 0.017567
0.983830 0.018440
0.979575 0.022017
0.974836 0.024826
0.969616 0.027009
0.963920 0.030964
0.957751 0.033671
0.951116 0.037938
0.944019 0.041647
0.936467 0.044962
0.928468 0.047890
0.920031 0.053119
0.911165 0.056768
0.901879 0.060351
0.892183 0.064268
0.882087 0.068010
0.871601 0.073295
0.860735 0.078241
0.849501 0.083215
0.837910 0.088306
0.825974 0.092867
0.813704 0.097425
0.801113 0.102963
0.788214 0.108102
0.775019 0.112964
0.761541 0.118747
0.747795 0.123318
0.733792 0.128780
0.719548 0.133527
0.705077 0.137681
0.690392 0.142445
0.675509 0.147005
0.660442 0.150620
0.645206 0.157773
0.629817 0.159962
0.614290 0.165843
0.598640 0.169520
0.582884 0.173441
0.567036 0.177692
0.551113 0.181413
0.535131 0.185841
0.519106 0.189819
0.503054 0.192678
0.486991 0.196231
0.470934 0.198687
0.454898 0.200116
0.438900 0.203168
0.422956 0.204830
0.407083 0.206710
0.391295 0.208946
0.375610 0.211291
0.360044 0.212502
0.344612 0.213595
0.329330 0.214394
0.314213 0.214184
0.299279 0.213705
0.284541 0.212614
0.270015 0.211211
0.255717 0.208932
0.241661 0.206705
0.227862 0.203372
0.214336 0.201210
0.201095 0.197176
0.188155 0.193732
0.175530 0.189976
0.163234 0.186335
0.151280 0.182149
0.139681 0.177843
0.128452 0.172721
0.117606 0.166891
0.107155 0.160317
0.097113 0.154339
0.087493 0.148756
0.078306 0.140853
0.069566 0.134143
0.061285 0.127595
0.053474 0.120060
0.046150 0.111743
0.039326 0.104847
0.033014 0.095608
0.027230 0.087575
0.021980 0.078787
0.017277 0.070483
0.013141 0.064350
0.009573 0.055160
0.006583 0.046192
0.004188 0.038583
0.002354 0.030144
0.001081 0.023075
0.000371 0.016351
0.000077 0.011731
0.000005 0.009408
0.000000 0.009631
0.000005 0.007573
0.000077 0.005146
0.000371 0.000234
0.001081 -0.004177
0.002353 -0.010574
0.004188 -0.015709
0.006585 -0.022501
0.009576 -0.027842
0.013145 -0.031415
0.017281 -0.037045
0.021983 -0.038999
0.027232 -0.042228
0.033016 -0.045441
0.039328 -0.048453
0.046152 -0.052461
0.053476 -0.053830
0.061287 -0.056554
0.069568 -0.059348
0.078308 -0.059769
0.087495 -0.060932
0.097115 -0.062354
0.107157 -0.062982
0.117608 -0.063237
0.128454 -0.064306
0.139683 -0.063672
0.151282 -0.064356
0.163235 -0.064614
0.175532 -0.063972
0.188157 -0.063463
0.201097 -0.064049
0.214337 -0.064018
0.227864 -0.061795
0.241663 -0.061210
0.255719 -0.059431
0.270017 -0.059337
0.284542 -0.057253
0.299280 -0.057109
0.314215 -0.055778
0.329331 -0.054481
0.344613 -0.054045
0.360045 -0.052688
0.375611 -0.050809
0.391296 -0.050236
0.407083 -0.048061
0.422957 -0.047304
0.438901 -0.044906
0.454899 -0.043961
0.470935 -0.042838
0.486992 -0.041344
0.503055 -0.040917
0.519107 -0.038553
0.535132 -0.035877
0.551114 -0.035881
0.567036 -0.034989
0.582884 -0.033532
0.598640 -0.032695
0.614290 -0.031169
0.629817 -0.030251
0.645206 -0.028829
0.660442 -0.027183
0.675509 -0.025539
0.690393 -0.024097
0.705077 -0.024609
0.719549 -0.021293
0.733793 -0.020673
0.747795 -0.019834
0.761542 -0.018292
0.775019 -0.016969
0.788214 -0.015602
0.801113 -0.015069
0.813704 -0.014039
0.825973 -0.012733
0.837910 -0.011881
0.849501 -0.010962
0.860735 -0.009410
0.871601 -0.009602
0.882088 -0.007563
0.892184 -0.006856
0.901880 -0.006274
0.911165 -0.004753
0.920031 -0.003351
0.928468 -0.003921
0.936467 -0.001087
0.944019 -0.000977
0.951116 0.000385
0.957751 0.000308
0.963920 0.001403
0.969616 0.001286
0.974836 0.002561
0.979575 0.002049
0.983831 0.003518
0.987598 0.003562
0.990874 0.004148
0.993653 0.005025
0.995934 0.005662
0.997711 0.005351
0.998982 0.007391
0.999745 0.005595
1.000000 0.001076
