1.000000 0.010808
0.999745 0.007652
0.998982 0.009765
0.997711 0.011233
0.995933 0.012850
0.993653 0.014660
0.990874 0.016036
0.987598 0.019752
0.983830 0.022700
0.979575 0.026365
0.974836 0.030440
0.969616 0.035368
0.963920 0.040365
0.957751 0.046016
0.951116 0.052200
0.944019 0.057494
0.936467 0.063737
0.928468 0.070215
0.920031 0.076754
0.911165 0.085062
0.901879 0.092004
0.892183 0.098735
0.882087 0.106976
0.871601 0.115034
0.860735 0.123905
0.849501 0.132243
0.837910 0.141036
0.825974 0.149641
0.813704 0.159572
0.801113 0.168710
0.788214 0.177184
0.775019 0.186827
0.761541 0.196252
0.747795 0.206593
0.733792 0.215486
0.719548 0.224785
0.705077 0.233619
0.690392 0.242460
0.675509 0.251801
0.660442 0.260726
0.645206 0.269502
0.629817 0.277827
0.614290 0.285505
0.598640 0.292875
0.582884 0.301844
0.567036 0.308803
0.551113 0.315835
0.535131 0.321997
0.519106 0.327145
0.503054 0.332336
0.486991 0.336965
0.470934 0.341091
0.454898 0.344737
0.438900 0.347354
0.422956 0.350038
0.407083 0.351276
0.391295 0.351564
0.375610 0.351523
0.360044 0.350804
0.344612 0.349745
0.329330 0.347926
0.314213 0.344739
0.299279 0.341073
0.284541 0.337013
0.270015 0.331843
0.255717 0.326367
0.241661 0.319873
0.227862 0.311609
0.214336 0.304303
0.201095 0.297448
0.188155 0.289100
0.175530 0.281110
0.163234 0.272325
0.151280 0.262817
0.139681 0.252809
0.128452 0.242344
0.117606 0.232119
0.107155 0.221738
0.097113 0.210661
0.087493 0.199747
0.078306 0.188026
0.069566 0.177899
0.061285 0.166050
0.053474 0.153810
0.046150 0.142438
0.039326 0.130388
0.033014 0.118591
0.027230 0.106674
0.021980 0.094909
0.017277 0.083911
0.013141 0.072553
0.009573 0.061347
0.006583 0.050988
0.004188 0.040704
0.002354 0.030698
0.001081 0.022254
0.000371 0.016195
0.000077 0.011529
0.000005 0.008753
0.000000 0.007666
0.000005 0.007604
0.000077 0.004548
0.000371 0.001105
0.001081 -0.003295
0.002353 -0.010399
0.004188 -0.014916
0.006585 -0.021019
0.009576 -0.026522
0.013145 -0.031100
0.017281 -0.035765
0.021983 -0.039958
0.027232 -0.043616
0.033016 -0.047312
0.039328 -0.050978
0.046152 -0.054660
0.053476 -0.057698
0.061287 -0.058799
0.069568 -0.061934
0.078308 -0.063112
0.087495 -0.063611
0.097115 -0.065066
0.107157 -0.066070
0.117608 -0.065804
0.128454 -0.065414
0.139683 -0.065504
0.151282 -0.065373
0.163235 -0.064781
0.175532 -0.062854
0.188157 -0.060322
0.201097 -0.060533
0.214337 -0.058338
0.227864 -0.055369
0.241663 -0.053410
0.255719 -0.049780
0.270017 -0.047993
0.284542 -0.045336
0.299280 -0.041713
0.314215 -0.038011
0.329331 -0.035476
0.344613 -0.032706
0.360045 -0.029164
0.375611 -0.024049
0.391296 -0.021678
0.407083 -0.017194
0.422957 -0.014435
0.438901 -0.011301
0.454899 -0.008551
0.470935 -0.003989
0.486992 -0.002196
0.503055 0.001920
0.519107 0.004400
0.535132 0.007769
0.551114 0.009802
0.567036 0.013001
0.582884 0.015200
0.598640 0.017397
0.614290 0.019350
0.629817 0.020712
0.645206 0.023392
0.660442 0.024330
0.675509 0.026382
0.690393 0.027424
0.705077 0.028574
0.719549 0.030495
0.733793 0.031327
0.747795 0.032220
0.761542 0.033037
0.775019 0.032904
0.788214 0.034030
0.801113 0.033654
0.813704 0.033804
0.825973 0.033523
0.837910 0.032613
0.849501 0.030886
0.860735 0.030369
0.871601 0.030197
0.882088 0.028275
0.892184 0.027393
0.901880 0.026377
0.911165 0.025451
0.920031 0.024886
0.928468 0.022902
0.936467 0.021603
0.944019 0.019915
0.951116 0.018944
0.957751 0.017549
0.963920 0.015384
0.969616 0.015339
0.974836 0.012825
0.979575 0.012235
0.983831 0.009945
0.987598 0.009882
0.990874 0.008065
0.993653 0.008471
0.995934 0.007828
0.997711 0.007802
0.998982 0.008408
0.999745 0.006307
1.000000 0.002814
