1.000000 0.011101
0.999745 0.011732
0.998982 0.011899
0.997711 0.014870
0.995933 0.014496
0.993653 0.015635
0.990874 0.015884
0.987598 0.017054
0.983830 0.020447
0.979575 0.021354
0.974836 0.021658
0.969616 0.024185
0.963920 0.025855
0.957751 0.027912
0.951116 0.030180
0.944019 0.031896
0.936467 0.033507
0.928468 0.036010
0.920031 0.039019
0.911165 0.041444
0.901879 0.044102
0.892183 0.045762
0.882087 0.048640
0.871601 0.050324
0.860735 0.053655
0.849501 0.054913
0.837910 0.057267
0.825974 0.059156
0.813704 0.061356
0.801113 0.063709
0.788214 0.065745
0.775019 0.066760
0.761541 0.068474
0.747795 0.069187
0.733792 0.071785
0.719548 0.073054
0.705077 0.075218
0.690392 0.077463
0.675509 0.078048
0.660442 0.079454
0.645206 0.080315
0.629817 0.080182
0.614290 0.082793
0.598640 0.083262
0.582884 0.082268
0.567036 0.083193
0.551113 0.083362
0.535131 0.083953
0.519106 0.083841
0.503054 0.084917
0.486991 0.085527
0.470934 0.086086
0.454898 0.086262
0.438900 0.086054
0.422956 0.085856
0.407083 0.086019
0.391295 0.086530
0.375610 0.085631
0.360044 0.084287
0.344612 0.082412
0.329330 0.081952
0.314213 0.081979
0.299279 0.081451
0.284541 0.079986
0.270015 0.078409
0.255717 0.076610
0.241661 0.076059
0.227862 0.074587
0.214336 0.072218
0.201095 0.071557
0.188155 0.070590
0.175530 0.068568
0.163234 0.067280
0.151280 0.066066
0.139681 0.064495
0.128452 0.063306
0.117606 0.061234
0.107155 0.059284
0.097113 0.056747
0.087493 0.054931
0.078306 0.053426
0.069566 0.050623
0.061285 0.049103
0.053474 0.046341
0.046150 0.044382
0.039326 0.041836
0.033014 0.040146
0.027230 0.037763
0.021980 0.036199
0.017277 0.033379
0.013141 0.031283
0.009573 0.029897
0.006583 0.026688
0.004188 0.024415
0.002354 0.021470
0.001081 0.017172
0.000371 0.013004
0.000077 0.011273
0.000005 0.008589
0.000000 0.006476
0.000005 0.005522
0.000077 0.003740
0.000371 -0.000049
0.001081 -0.000170
0.002353 -0.003670
0.004188 -0.005544
0.006585 -0.006526
0.009576 -0.009696
0.013145 -0.010026
0.017281 -0.011941
0.021983 -0.013909
0.027232 -0.016173
0.033016 -0.017760
0.039328 -0.019613
0.046152 -0.019266
0.053476 -0.023229
0.061287 -0.022883
0.069568 -0.025796
0.078308 -0.025400
0.087495 -0.027226
0.097115 -0.029048
0.107157 -0.028899
0.117608 -0.029994
0.128454 -0.028995
0.139683 -0.031000
0.151282 -0.031787
0.163235 -0.033227
0.175532 -0.033204
0.188157 -0.034615
0.201097 -0.031865
0.214337 -0.032598
0.227864 -0.033395
0.241663 -0.034015
0.255719 -0.033839
0.270017 -0.033916
0.284542 -0.034170
0.299280 -0.033487
0.314215 -0.033570
0.329331 -0.033329
0.344613 -0.032464
0.360045 -0.032402
0.375611 -0.031984
0.391296 -0.030990
0.407083 -0.030371
0.422957 -0.029063
0.438901 -0.030161
0.454899 -0.028434
0.470935 -0.027629
0.486992 -0.026312
0.503055 -0.025417
0.519107 -0.024361
0.535132 -0.022490
0.551114 -0.020792
0.567036 -0.018966
0.582884 -0.015377
0.598640 -0.012665
0.614290 -0.010197
0.629817 -0.007832
0.645206 -0.005838
0.660442 -0.003735
0.675509 -0.002176
0.690393 0.001357
0.705077 0.002970
0.719549 0.005433
0.733793 0.007745
0.747795 0.009001
0.761542 0.011410
0.775019 0.013037
0.788214 0.014469
0.801113 0.016795
0.813704 0.018314
0.825973 0.018148
0.837910 0.021539
0.849501 0.021552
0.860735 0.022791
0.871601 0.024245
0.882088 0.024620
0.892184 0.025205
0.901880 0.025257
0.911165 0.024948
0.920031 0.024621
0.928468 0.022479
0.936467 0.022670
0.944019 0.021380
0.951116 0.020463
0.957751 0.019040
0.963920 0.016041
0.969616 0.016637
0.974836 0.013224
0.979575 0.012093
0.983831 0.010649
0.987598 0.008065
0.990874 0.007490
0.993653 0.006766
0.995934 0.003556
0.997711 0.005193
0.998982 0.003953
0.999745 0.004031
1.000000 -0.000484
