1.000000 0.007471
0.999745 0.011637
0.998982 0.016706
0.997711 0.017911
0.995933 0.019859
0.993653 0.021796
0.990874 0.022029
0.987598 0.026834
0.983830 0.030399
0.979575 0.034057
0.974836 0.039629
0.969616 0.044215
0.963920 0.050101
0.957751 0.055721
0.951116 0.062469
0.944019 0.069203
0.936467 0.077236
0.928468 0.083210
0.920031 0.091877
0.911165 0.099496
0.901879 0.107142
0.892183 0.115733
0.882087 0.124441
0.871601 0.134308
0.860735 0.143789
0.849501 0.153614
0.837910 0.163972
0.825974 0.172443
0.813704 0.182651
0.801113 0.192773
0.788214 0.202832
0.775019 0.214752
0.761541 0.223796
0.747795 0.234231
0.733792 0.244462
0.719548 0.254935
0.705077 0.266567
0.690392 0.275522
0.675509 0.285375
0.660442 0.294430
0.645206 0.303351
0.629817 0.313160
0.614290 0.321236
0.598640 0.329387
0.582884 0.336937
0.567036 0.344367
0.551113 0.350656
0.535131 0.355767
0.519106 0.361201
0.503054 0.364606
0.486991 0.369128
0.470934 0.373243
0.454898 0.376387
0.438900 0.378017
0.422956 0.379597
0.407083 0.380518
0.391295 0.381702
0.375610 0.382074
0.360044 0.381514
0.344612 0.380207
0.329330 0.378732
0.314213 0.376694
0.299279 0.374277
0.284541 0.371912
0.270015 0.368694
0.255717 0.366176
0.241661 0.361678
0.227862 0.357194
0.214336 0.354168
0.201095 0.348825
0.188155 0.343560
0.175530 0.337634
0.163234 0.331610
0.151280 0.323996
0.139681 0.315641
0.128452 0.306214
0.117606 0.296635
0.107155 0.285928
0.097113 0.274338
0.087493 0.261524
0.078306 0.248107
0.069566 0.233323
0.061285 0.219506
0.053474 0.204219
0.046150 0.189702
0.039326 0.174636
0.033014 0.156797
0.027230 0.138833
0.021980 0.121310
0.017277 0.107260
0.013141 0.086975
0.009573 0.071607
0.006583 0.058421
0.004188 0.043773
0.002354 0.032104
0.001081 0.025647
0.000371 0.016754
0.000077 0.012066
0.000005 0.009182
0.000000 0.008777
0.000005 0.007695
0.000077 0.005248
0.000371 0.000553
0.001081 -0.005578
0.002353 -0.015992
0.004188 -0.026834
0.006585 -0.038861
0.009576 -0.052662
0.013145 -0.066271
0.017281 -0.079224
0.021983 -0.090625
0.027232 -0.102124
0.033016 -0.113032
0.039328 -0.124489
0.046152 -0.132304
0.053476 -0.142268
0.061287 -0.150271
0.069568 -0.158502
0.078308 -0.166220
0.087495 -0.172308
0.097115 -0.180135
0.107157 -0.187995
0.117608 -0.194329
0.128454 -0.199510
0.139683 -0.204693
0.151282 -0.211214
0.163235 -0.215828
0.175532 -0.219853
0.188157 -0.224738
0.201097 -0.229035
0.214337 -0.232449
0.227864 -0.235440
0.241663 -0.236889
0.255719 -0.241216
0.270017 -0.242912
0.284542 -0.244722
0.299280 -0.245383
0.314215 -0.245718
0.329331 -0.246351
0.344613 -0.247353
0.360045 -0.246147
0.375611 -0.244343
0.391296 -0.244195
0.407083 -0.242865
0.422957 -0.240900
0.438901 -0.237967
0.454899 -0.234512
0.470935 -0.232308
0.486992 -0.228344
0.503055 -0.223608
0.519107 -0.218090
0.535132 -0.210969
0.551114 -0.205500
0.567036 -0.198361
0.582884 -0.190939
0.598640 -0.183485
0.614290 -0.174619
0.629817 -0.165349
0.645206 -0.157233
0.660442 -0.146329
0.675509 -0.137398
0.690393 -0.126263
0.705077 -0.117393
0.719549 -0.105825
0.733793 -0.096469
0.747795 -0.085426
0.761542 -0.076901
0.775019 -0.065480
0.788214 -0.055511
0.801113 -0.047303
0.813704 -0.038215
0.825973 -0.029858
0.837910 -0.024519
0.849501 -0.017719
0.860735 -0.013516
0.871601 -0.007937
0.882088 -0.003479
0.892184 -0.000437
0.901880 0.002313
0.911165 0.004725
0.920031 0.005377
0.928468 0.008260
0.936467 0.008295
0.944019 0.007441
0.951116 0.007823
0.957751 0.008253
0.963920 0.006277
0.969616 0.006213
0.974836 0.004854
0.979575 0.003445
0.983831 0.001471
0.987598 -0.000022
0.990874 -0.000982
0.993653 -0.001957
0.995934 -0.003342
0.997711 -0.004107
0.998982 -0.006146
0.999745 -0.003566
1.000000 -0.010093
