1.000000 0.009946
0.999745 0.011308
0.998982 0.011147
0.997711 0.012030
0.995933 0.013698
0.993653 0.014449
0.990874 0.015883
0.987598 0.018460
0.983830 0.021920
0.979575 0.026356
0.974836 0.030715
0.969616 0.035630
0.963920 0.040787
0.957751 0.045794
0.951116 0.051635
0.944019 0.057613
0.936467 0.063149
0.928468 0.068853
0.920031 0.075540
0.911165 0.083711
0.901879 0.089798
0.892183 0.098112
0.882087 0.104606
0.871601 0.112888
0.860735 0.121202
0.849501 0.130222
0.837910 0.138355
0.825974 0.147118
0.813704 0.156078
0.801113 0.165702
0.788214 0.174344
0.775019 0.183497
0.761541 0.192080
0.747795 0.200847
0.733792 0.209623
0.719548 0.217692
0.705077 0.227648
0.690392 0.235669
0.675509 0.244035
0.660442 0.252845
0.645206 0.261145
0.629817 0.269226
0.614290 0.273040
0.598640 0.283079
0.582884 0.287498
0.567036 0.294541
0.551113 0.300761
0.535131 0.305865
0.519106 0.312215
0.503054 0.316405
0.486991 0.320984
0.470934 0.324180
0.454898 0.328231
0.438900 0.332106
0.422956 0.333947
0.407083 0.336243
0.391295 0.337234
0.375610 0.338545
0.360044 0.339345
0.344612 0.339003
0.329330 0.338806
0.314213 0.336983
0.299279 0.334753
0.284541 0.331515
0.270015 0.328179
0.255717 0.324535
0.241661 0.320881
0.227862 0.316637
0.214336 0.311949
0.201095 0.306268
0.188155 0.300392
0.175530 0.293423
0.163234 0.285906
0.151280 0.277824
0.139681 0.268388
0.128452 0.258075
0.117606 0.247560
0.107155 0.236624
0.097113 0.226140
0.087493 0.215242
0.078306 0.201911
0.069566 0.189219
0.061285 0.176146
0.053474 0.164758
0.046150 0.152238
0.039326 0.139672
0.033014 0.127340
0.027230 0.114432
0.021980 0.101812
0.017277 0.089697
0.013141 0.077123
0.009573 0.064828
0.006583 0.053008
0.004188 0.041387
0.002354 0.032250
0.001081 0.023015
0.000371 0.015487
0.000077 0.012365
0.000005 0.008664
0.000000 0.008700
0.000005 0.007176
0.000077 0.004910
0.000371 -0.000286
0.001081 -0.005209
0.002353 -0.012340
0.004188 -0.019079
0.006585 -0.026203
0.009576 -0.032406
0.013145 -0.037537
0.017281 -0.041630
0.021983 -0.044785
0.027232 -0.048076
0.033016 -0.050396
0.039328 -0.050722
0.046152 -0.051041
0.053476 -0.052179
0.061287 -0.052127
0.069568 -0.049038
0.078308 -0.048979
0.087495 -0.047296
0.097115 -0.047448
0.107157 -0.043645
0.117608 -0.040434
0.128454 -0.036569
0.139683 -0.032309
0.151282 -0.029492
0.163235 -0.023792
0.175532 -0.016999
0.188157 -0.014385
0.201097 -0.008427
0.214337 -0.002760
0.227864 0.002021
0.241663 0.008183
0.255719 0.013491
0.270017 0.019277
0.284542 0.024420
0.299280 0.030282
0.314215 0.034723
0.329331 0.038614
0.344613 0.044163
0.360045 0.048476
0.375611 0.052339
0.391296 0.055429
0.407083 0.058033
0.422957 0.060849
0.438901 0.063353
0.454899 0.065186
0.470935 0.066197
0.486992 0.067154
0.503055 0.067011
0.519107 0.068587
0.535132 0.068451
0.551114 0.067995
0.567036 0.067615
0.582884 0.067391
0.598640 0.064902
0.614290 0.065193
0.629817 0.062801
0.645206 0.061306
0.660442 0.060588
0.675509 0.057559
0.690393 0.055245
0.705077 0.053835
0.719549 0.051240
0.733793 0.048224
0.747795 0.045004
0.761542 0.042357
0.775019 0.039420
0.788214 0.036757
0.801113 0.032815
0.813704 0.030069
0.825973 0.027198
0.837910 0.025373
0.849501 0.023747
0.860735 0.021268
0.871601 0.018326
0.882088 0.016368
0.892184 0.013778
0.901880 0.012980
0.911165 0.011741
0.920031 0.010758
0.928468 0.009187
0.936467 0.008667
0.944019 0.007756
0.951116 0.006250
0.957751 0.005712
0.963920 0.004640
0.969616 0.003995
0.974836 0.003521
0.979575 0.003119
0.983831 0.002182
0.987598 0.001419
0.990874 0.001199
0.993653 0.000326
0.995934 0.001028
0.997711 0.002026
0.998982 0.001461
0.999745 -0.000352
1.000000 -0.000042
