1.000000 0.008770
0.999745 0.010971
0.998982 0.009955
0.997711 0.009915
0.995933 0.011249
0.993653 0.011511
0.990874 0.013720
0.987598 0.016627
0.983830 0.021026
0.979575 0.020865
0.974836 0.026214
0.969616 0.030627
0.963920 0.035338
0.957751 0.040222
0.951116 0.044790
0.944019 0.050773
0.936467 0.056603
0.928468 0.063253
0.920031 0.069554
0.911165 0.075335
0.901879 0.081729
0.892183 0.089462
0.882087 0.095462
0.871601 0.102566
0.860735 0.109061
0.849501 0.116014
0.837910 0.123239
0.825974 0.130009
0.813704 0.137212
0.801113 0.144003
0.788214 0.151490
0.775019 0.158657
0.761541 0.166492
0.747795 0.174514
0.733792 0.182741
0.719548 0.192303
0.705077 0.200346
0.690392 0.209341
0.675509 0.215868
0.660442 0.225322
0.645206 0.231738
0.629817 0.240103
0.614290 0.247191
0.598640 0.254398
0.582884 0.261270
0.567036 0.267958
0.551113 0.273708
0.535131 0.279452
0.519106 0.283852
0.503054 0.288500
0.486991 0.292952
0.470934 0.297477
0.454898 0.301630
0.438900 0.305557
0.422956 0.308621
0.407083 0.311681
0.391295 0.314442
0.375610 0.317251
0.360044 0.319893
0.344612 0.321361
0.329330 0.322101
0.314213 0.321432
0.299279 0.321010
0.284541 0.320139
0.270015 0.318507
0.255717 0.317332
0.241661 0.313790
0.227862 0.310004
0.214336 0.305448
0.201095 0.300449
0.188155 0.294210
0.175530 0.287852
0.163234 0.280106
0.151280 0.272314
0.139681 0.265370
0.128452 0.254059
0.117606 0.244831
0.107155 0.234004
0.097113 0.223324
0.087493 0.211947
0.078306 0.199760
0.069566 0.188598
0.061285 0.175962
0.053474 0.164066
0.046150 0.151063
0.039326 0.139570
0.033014 0.125705
0.027230 0.112787
0.021980 0.101583
0.017277 0.088931
0.013141 0.077098
0.009573 0.064259
0.006583 0.051643
0.004188 0.041114
0.002354 0.031522
0.001081 0.023887
0.000371 0.017006
0.000077 0.012193
0.000005 0.009629
0.000000 0.008680
0.000005 0.007288
0.000077 0.004210
0.000371 -0.001375
0.001081 -0.005138
0.002353 -0.012920
0.004188 -0.020467
0.006585 -0.026061
0.009576 -0.029850
0.013145 -0.031650
0.017281 -0.031807
0.021983 -0.029153
0.027232 -0.025585
0.033016 -0.022300
0.039328 -0.018069
0.046152 -0.014436
0.053476 -0.009045
0.061287 -0.003178
0.069568 0.001011
0.078308 0.007562
0.087495 0.013264
0.097115 0.020850
0.107157 0.025121
0.117608 0.030603
0.128454 0.036654
0.139683 0.041827
0.151282 0.044881
0.163235 0.051806
0.175532 0.055128
0.188157 0.058628
0.201097 0.062606
0.214337 0.066268
0.227864 0.069407
0.241663 0.074627
0.255719 0.078902
0.270017 0.082458
0.284542 0.084924
0.299280 0.086841
0.314215 0.090477
0.329331 0.092775
0.344613 0.094873
0.360045 0.096040
0.375611 0.096893
0.391296 0.099904
0.407083 0.098545
0.422957 0.099995
0.438901 0.099015
0.454899 0.101760
0.470935 0.097215
0.486992 0.098218
0.503055 0.096862
0.519107 0.094807
0.535132 0.093324
0.551114 0.090941
0.567036 0.089687
0.582884 0.087538
0.598640 0.085643
0.614290 0.082108
0.629817 0.078979
0.645206 0.076304
0.660442 0.073655
0.675509 0.070821
0.690393 0.067846
0.705077 0.064720
0.719549 0.062456
0.733793 0.060165
0.747795 0.057642
0.761542 0.054847
0.775019 0.050700
0.788214 0.047856
0.801113 0.044466
0.813704 0.043210
0.825973 0.040348
0.837910 0.037885
0.849501 0.036104
0.860735 0.032982
0.871601 0.030333
0.882088 0.029271
0.892184 0.025426
0.901880 0.024136
0.911165 0.021796
0.920031 0.018534
0.928468 0.016994
0.936467 0.014256
0.944019 0.011496
0.951116 0.008605
0.957751 0.006635
0.963920 0.004886
0.969616 0.003537
0.974836 0.002309
0.979575 0.000905
0.983831 -0.000006
0.987598 -0.002196
0.990874 -0.004477
0.993653 -0.002550
0.995934 -0.002474
0.997711 -0.001956
0.998982 -0.000952
0.999745 -0.004077
1.000000 -0.003747
