1.000000 0.000276
0.999745 0.000485
0.998982 0.001105
0.997711 0.002095
0.995933 0.003386
0.993653 0.005032
0.990874 0.007104
0.987598 0.009595
0.983830 0.012481
0.979575 0.015777
0.974836 0.019489
0.969616 0.023592
0.963920 0.028051
0.957751 0.032832
0.951116 0.037870
0.944019 0.043112
0.936467 0.048553
0.928468 0.054219
0.920031 0.060119
0.911165 0.066230
0.901879 0.072599
0.892183 0.079279
0.882087 0.086232
0.871601 0.093428
0.860735 0.100862
0.849501 0.108544
0.837910 0.116535
0.825974 0.124786
0.813704 0.133243
0.801113 0.141894
0.788214 0.150699
0.775019 0.159621
0.761541 0.168545
0.747795 0.177456
0.733792 0.186339
0.719548 0.195166
0.705077 0.203879
0.690392 0.212473
0.675509 0.220891
0.660442 0.229128
0.645206 0.237134
0.629817 0.244860
0.614290 0.252285
0.598640 0.259402
0.582884 0.266196
0.567036 0.272606
0.551113 0.278612
0.535131 0.284221
0.519106 0.289429
0.503054 0.294192
0.486991 0.298503
0.470934 0.302402
0.454898 0.305878
0.438900 0.308881
0.422956 0.311391
0.407083 0.313442
0.391295 0.315038
0.375610 0.316144
0.360044 0.316755
0.344612 0.316905
0.329330 0.316588
0.314213 0.315752
0.299279 0.314407
0.284541 0.312609
0.270015 0.310320
0.255717 0.307475
0.241661 0.304079
0.227862 0.300142
0.214336 0.295602
0.201095 0.290456
0.188155 0.284734
0.175530 0.278418
0.163234 0.271458
0.151280 0.263823
0.139681 0.255535
0.128452 0.246598
0.117606 0.237055
0.107155 0.226984
0.097113 0.216461
0.087493 0.205513
0.078306 0.194086
0.069566 0.182129
0.061285 0.169751
0.053474 0.157184
0.046150 0.144488
0.039326 0.131762
0.033014 0.119044
0.027230 0.106348
0.021980 0.093674
0.017277 0.081135
0.013141 0.068889
0.009573 0.057103
0.006583 0.045960
0.004188 0.035537
0.002354 0.026038
0.001081 0.017805
0.000371 0.011164
0.000077 0.006326
0.000005 0.003407
0.000000 0.002429
0.000005 0.001486
0.000077 -0.001328
0.000371 -0.005792
0.001081 -0.011565
0.002353 -0.018004
0.004188 -0.024297
0.006585 -0.030092
0.009576 -0.035579
0.013145 -0.040201
0.017281 -0.044105
0.021983 -0.047737
0.027232 -0.051223
0.033016 -0.054566
0.039328 -0.057858
0.046152 -0.061143
0.053476 -0.064387
0.061287 -0.067580
0.069568 -0.070769
0.078308 -0.073929
0.087495 -0.077002
0.097115 -0.080002
0.107157 -0.082936
0.117608 -0.085865
0.128454 -0.088723
0.139683 -0.091525
0.151282 -0.094231
0.163235 -0.096809
0.175532 -0.099215
0.188157 -0.101457
0.201097 -0.103540
0.214337 -0.105441
0.227864 -0.107153
0.241663 -0.108685
0.255719 -0.110022
0.270017 -0.111118
0.284542 -0.111959
0.299280 -0.112560
0.314215 -0.112927
0.329331 -0.113030
0.344613 -0.112846
0.360045 -0.112361
0.375611 -0.111592
0.391296 -0.110519
0.407083 -0.109108
0.422957 -0.107392
0.438901 -0.105415
0.454899 -0.103186
0.470935 -0.100705
0.486992 -0.098008
0.503055 -0.095128
0.519107 -0.092067
0.535132 -0.088834
0.551114 -0.085437
0.567036 -0.081881
0.582884 -0.078170
0.598640 -0.074304
0.614290 -0.070290
0.629817 -0.066119
0.645206 -0.061818
0.660442 -0.057429
0.675509 -0.053009
0.690393 -0.048586
0.705077 -0.044179
0.719549 -0.039822
0.733793 -0.035567
0.747795 -0.031424
0.761542 -0.027426
0.775019 -0.023586
0.788214 -0.019933
0.801113 -0.016504
0.813704 -0.013327
0.825973 -0.010396
0.837910 -0.007729
0.849501 -0.005334
0.860735 -0.003220
0.871601 -0.001365
0.882088 0.000244
0.892184 0.001597
0.901880 0.002697
0.911165 0.003510
0.920031 0.004067
0.928468 0.004422
0.936467 0.004603
0.944019 0.004627
0.951116 0.004542
0.957751 0.004399
0.963920 0.004193
0.969616 0.003886
0.974836 0.003448
0.979575 0.002859
0.983831 0.002156
0.987598 0.001390
0.990874 0.000631
0.993653 -0.000095
0.995934 -0.000764
0.997711 -0.001313
0.998982 -0.001672
0.999745 -0.001866
1.000000 -0.001928
