1.000000 0.010646
0.999745 0.012478
0.998982 0.013840
0.997711 0.011810
0.995933 0.010878
0.993653 0.012272
0.990874 0.011837
0.987598 0.012225
0.983830 0.012776
0.979575 0.013803
0.974836 0.014382
0.969616 0.015083
0.963920 0.017198
0.957751 0.018841
0.951116 0.020071
0.944019 0.022663
0.936467 0.025141
0.928468 0.027653
0.920031 0.031630
0.911165 0.034920
0.901879 0.039636
0.892183 0.044058
0.882087 0.048255
0.871601 0.053719
0.860735 0.059274
0.849501 0.064609
0.837910 0.072503
0.825974 0.079362
0.813704 0.086684
0.801113 0.095224
0.788214 0.103964
0.775019 0.112990
0.761541 0.122015
0.747795 0.130260
0.733792 0.139113
0.719548 0.148721
0.705077 0.158422
0.690392 0.168566
0.675509 0.178933
0.660442 0.188842
0.645206 0.201182
0.629817 0.211160
0.614290 0.221227
0.598640 0.231457
0.582884 0.241558
0.567036 0.249685
0.551113 0.258399
0.535131 0.266086
0.519106 0.273843
0.503054 0.279672
0.486991 0.285314
0.470934 0.290221
0.454898 0.293722
0.438900 0.297634
0.422956 0.299958
0.407083 0.303034
0.391295 0.303803
0.375610 0.305096
0.360044 0.304644
0.344612 0.303596
0.329330 0.302588
0.314213 0.300526
0.299279 0.298471
0.284541 0.295582
0.270015 0.292384
0.255717 0.288024
0.241661 0.283936
0.227862 0.278189
0.214336 0.273304
0.201095 0.268108
0.188155 0.262520
0.175530 0.256854
0.163234 0.247984
0.151280 0.239744
0.139681 0.230823
0.128452 0.221645
0.117606 0.212566
0.107155 0.203038
0.097113 0.193584
0.087493 0.183791
0.078306 0.173582
0.069566 0.165233
0.061285 0.153700
0.053474 0.145560
0.046150 0.134607
0.039326 0.125160
0.033014 0.115782
0.027230 0.103722
0.021980 0.093761
0.017277 0.083105
0.013141 0.072712
0.009573 0.062312
0.006583 0.051738
0.004188 0.040212
0.002354 0.030791
0.001081 0.024321
0.000371 0.017724
0.000077 0.013089
0.000005 0.010279
0.000000 0.007898
0.000005 0.008308
0.000077 0.002866
0.000371 0.000240
0.001081 -0.005858
0.002353 -0.012831
0.004188 -0.019265
0.006585 -0.026367
0.009576 -0.032740
0.013145 -0.038204
0.017281 -0.043729
0.021983 -0.048072
0.027232 -0.053100
0.033016 -0.056506
0.039328 -0.060792
0.046152 -0.064519
0.053476 -0.068066
0.061287 -0.072274
0.069568 -0.077607
0.078308 -0.078713
0.087495 -0.081828
0.097115 -0.085240
0.107157 -0.088422
0.117608 -0.091043
0.128454 -0.094247
0.139683 -0.095429
0.151282 -0.097697
0.163235 -0.099941
0.175532 -0.101017
0.188157 -0.103441
0.201097 -0.103191
0.214337 -0.104678
0.227864 -0.107528
0.241663 -0.106619
0.255719 -0.107965
0.270017 -0.108660
0.284542 -0.109889
0.299280 -0.108764
0.314215 -0.108140
0.329331 -0.108644
0.344613 -0.109004
0.360045 -0.108705
0.375611 -0.107491
0.391296 -0.108194
0.407083 -0.106751
0.422957 -0.106988
0.438901 -0.105127
0.454899 -0.105429
0.470935 -0.105176
0.486992 -0.103371
0.503055 -0.103104
0.519107 -0.101576
0.535132 -0.099905
0.551114 -0.099246
0.567036 -0.096599
0.582884 -0.096723
0.598640 -0.094530
0.614290 -0.092667
0.629817 -0.091332
0.645206 -0.087923
0.660442 -0.086767
0.675509 -0.085970
0.690393 -0.083503
0.705077 -0.082894
0.719549 -0.078881
0.733793 -0.075930
0.747795 -0.072804
0.761542 -0.070814
0.775019 -0.068995
0.788214 -0.065529
0.801113 -0.063605
0.813704 -0.060421
0.825973 -0.056267
0.837910 -0.054467
0.849501 -0.051154
0.860735 -0.048112
0.871601 -0.045059
0.882088 -0.042642
0.892184 -0.038303
0.901880 -0.035970
0.911165 -0.034777
0.920031 -0.029173
0.928468 -0.027472
0.936467 -0.022506
0.944019 -0.020422
0.951116 -0.018286
0.957751 -0.014429
0.963920 -0.012066
0.969616 -0.009118
0.974836 -0.005588
0.979575 -0.004080
0.983831 -0.000739
0.987598 0.000041
0.990874 0.001392
0.993653 0.003008
0.995934 0.004166
0.997711 0.004518
0.998982 0.006622
0.999745 0.006639
1.000000 0.005155
