1.000000 0.012928
0.999745 0.013613
0.998982 0.013409
0.997711 0.017389
0.995933 0.016884
0.993653 0.018740
0.990874 0.020626
0.987598 0.023254
0.983830 0.026680
0.979575 0.031277
0.974836 0.035023
0.969616 0.040697
0.963920 0.046241
0.957751 0.051448
0.951116 0.057370
0.944019 0.062812
0.936467 0.069435
0.928468 0.076483
0.920031 0.083646
0.911165 0.091792
0.901879 0.098759
0.892183 0.106025
0.882087 0.115319
0.871601 0.123359
0.860735 0.132276
0.849501 0.140871
0.837910 0.148366
0.825974 0.160724
0.813704 0.168128
0.801113 0.176754
0.788214 0.185651
0.775019 0.193917
0.761541 0.202515
0.747795 0.211066
0.733792 0.218767
0.719548 0.226466
0.705077 0.233774
0.690392 0.241813
0.675509 0.247629
0.660442 0.253401
0.645206 0.260203
0.629817 0.266163
0.614290 0.271989
0.598640 0.278182
0.582884 0.282540
0.567036 0.286904
0.551113 0.290767
0.535131 0.295370
0.519106 0.299691
0.503054 0.303405
0.486991 0.306568
0.470934 0.308943
0.454898 0.311053
0.438900 0.312546
0.422956 0.313212
0.407083 0.314832
0.391295 0.314710
0.375610 0.314750
0.360044 0.313634
0.344612 0.312953
0.329330 0.311439
0.314213 0.308932
0.299279 0.305889
0.284541 0.302935
0.270015 0.299265
0.255717 0.295368
0.241661 0.291500
0.227862 0.287059
0.214336 0.281933
0.201095 0.276847
0.188155 0.270010
0.175530 0.263210
0.163234 0.257225
0.151280 0.249031
0.139681 0.241619
0.128452 0.232537
0.117606 0.225910
0.107155 0.215910
0.097113 0.206722
0.087493 0.197728
0.078306 0.187218
0.069566 0.177990
0.061285 0.168016
0.053474 0.157241
0.046150 0.147053
0.039326 0.136401
0.033014 0.125873
0.027230 0.114064
0.021980 0.103794
0.017277 0.090958
0.013141 0.079221
0.009573 0.067684
0.006583 0.055840
0.004188 0.042896
0.002354 0.032850
0.001081 0.021746
0.000371 0.015770
0.000077 0.010230
0.000005 0.008277
0.000000 0.007977
0.000005 0.006294
0.000077 0.005593
0.000371 -0.000752
0.001081 -0.006938
0.002353 -0.014452
0.004188 -0.023466
0.006585 -0.031791
0.009576 -0.037961
0.013145 -0.044899
0.017281 -0.050117
0.021983 -0.055641
0.027232 -0.060999
0.033016 -0.065680
0.039328 -0.070255
0.046152 -0.075438
0.053476 -0.079627
0.061287 -0.083882
0.069568 -0.086945
0.078308 -0.091233
0.087495 -0.093621
0.097115 -0.097276
0.107157 -0.100938
0.117608 -0.103844
0.128454 -0.108664
0.139683 -0.110426
0.151282 -0.112271
0.163235 -0.116031
0.175532 -0.117930
0.188157 -0.121700
0.201097 -0.123114
0.214337 -0.124401
0.227864 -0.125627
0.241663 -0.126955
0.255719 -0.128040
0.270017 -0.130411
0.284542 -0.131041
0.299280 -0.131867
0.314215 -0.131394
0.329331 -0.133282
0.344613 -0.133828
0.360045 -0.133387
0.375611 -0.133141
0.391296 -0.135311
0.407083 -0.133730
0.422957 -0.134001
0.438901 -0.133083
0.454899 -0.133870
0.470935 -0.132232
0.486992 -0.131062
0.503055 -0.131113
0.519107 -0.129771
0.535132 -0.128337
0.551114 -0.127413
0.567036 -0.127255
0.582884 -0.124744
0.598640 -0.123779
0.614290 -0.121065
0.629817 -0.119535
0.645206 -0.117336
0.660442 -0.114492
0.675509 -0.113321
0.690393 -0.109930
0.705077 -0.108284
0.719549 -0.105643
0.733793 -0.103620
0.747795 -0.100460
0.761542 -0.097591
0.775019 -0.095154
0.788214 -0.091996
0.801113 -0.088771
0.813704 -0.086011
0.825973 -0.082668
0.837910 -0.079177
0.849501 -0.075456
0.860735 -0.071615
0.871601 -0.067214
0.882088 -0.063625
0.892184 -0.059269
0.901880 -0.055493
0.911165 -0.051463
0.920031 -0.047322
0.928468 -0.043218
0.936467 -0.038686
0.944019 -0.034550
0.951116 -0.030793
0.957751 -0.025547
0.963920 -0.021380
0.969616 -0.017523
0.974836 -0.014161
0.979575 -0.011347
0.983831 -0.008457
0.987598 -0.005778
0.990874 -0.003712
0.993653 -0.000944
0.995934 0.001271
0.997711 0.003125
0.998982 0.001197
0.999745 0.003361
1.000000 0.002890
