1.000000 0.006911
0.999745 0.009065
0.998982 0.009798
0.997711 0.010252
0.995933 0.010818
0.993653 0.010872
0.990874 0.011336
0.987598 0.013368
0.983830 0.015976
0.979575 0.018967
0.974836 0.021667
0.969616 0.024131
0.963920 0.027717
0.957751 0.031420
0.951116 0.034662
0.944019 0.038658
0.936467 0.042414
0.928468 0.047761
0.920031 0.053435
0.911165 0.058534
0.901879 0.064967
0.892183 0.070671
0.882087 0.076087
0.871601 0.082098
0.860735 0.088244
0.849501 0.093678
0.837910 0.099957
0.825974 0.106407
0.813704 0.113199
0.801113 0.119492
0.788214 0.126622
0.775019 0.132249
0.761541 0.137284
0.747795 0.148859
0.733792 0.151456
0.719548 0.158840
0.705077 0.165172
0.690392 0.171212
0.675509 0.177663
0.660442 0.183510
0.645206 0.189634
0.629817 0.195268
0.614290 0.199397
0.598640 0.203946
0.582884 0.207993
0.567036 0.212745
0.551113 0.216981
0.535131 0.222564
0.519106 0.225098
0.503054 0.228431
0.486991 0.231508
0.470934 0.234155
0.454898 0.236426
0.438900 0.238543
0.422956 0.240176
0.407083 0.243192
0.391295 0.242362
0.375610 0.243368
0.360044 0.243030
0.344612 0.243532
0.329330 0.243445
0.314213 0.241901
0.299279 0.240442
0.284541 0.238942
0.270015 0.237437
0.255717 0.236119
0.241661 0.234160
0.227862 0.232351
0.214336 0.229866
0.201095 0.227204
0.188155 0.224099
0.175530 0.220808
0.163234 0.216950
0.151280 0.212335
0.139681 0.207816
0.128452 0.201988
0.117606 0.196149
0.107155 0.191048
0.097113 0.181661
0.087493 0.175951
0.078306 0.168196
0.069566 0.160732
0.061285 0.151245
0.053474 0.143124
0.046150 0.133895
0.039326 0.124045
0.033014 0.114924
0.027230 0.105206
0.021980 0.094379
0.017277 0.083492
0.013141 0.072734
0.009573 0.062680
0.006583 0.051944
0.004188 0.040641
0.002354 0.032346
0.001081 0.021668
0.000371 0.016097
0.000077 0.010564
0.000005 0.007697
0.000000 0.007222
0.000005 0.006066
0.000077 0.003949
0.000371 -0.000161
0.001081 -0.006601
0.002353 -0.012005
0.004188 -0.018507
0.006585 -0.024121
0.009576 -0.032214
0.013145 -0.037150
0.017281 -0.042509
0.021983 -0.047599
0.027232 -0.053689
0.033016 -0.058101
0.039328 -0.062870
0.046152 -0.067166
0.053476 -0.072689
0.061287 -0.076255
0.069568 -0.080905
0.078308 -0.082706
0.087495 -0.086792
0.097115 -0.089335
0.107157 -0.090863
0.117608 -0.094389
0.128454 -0.096371
0.139683 -0.098579
0.151282 -0.101290
0.163235 -0.101519
0.175532 -0.104924
0.188157 -0.104844
0.201097 -0.105470
0.214337 -0.108305
0.227864 -0.108469
0.241663 -0.109803
0.255719 -0.108142
0.270017 -0.108602
0.284542 -0.108748
0.299280 -0.108304
0.314215 -0.107479
0.329331 -0.107649
0.344613 -0.107850
0.360045 -0.106599
0.375611 -0.106392
0.391296 -0.105829
0.407083 -0.103286
0.422957 -0.101005
0.438901 -0.099017
0.454899 -0.096702
0.470935 -0.094519
0.486992 -0.092906
0.503055 -0.089108
0.519107 -0.086571
0.535132 -0.082969
0.551114 -0.079550
0.567036 -0.075620
0.582884 -0.071473
0.598640 -0.068431
0.614290 -0.062003
0.629817 -0.056463
0.645206 -0.051731
0.660442 -0.048482
0.675509 -0.042670
0.690393 -0.037195
0.705077 -0.033395
0.719549 -0.029399
0.733793 -0.024491
0.747795 -0.019580
0.761542 -0.015565
0.775019 -0.011689
0.788214 -0.008887
0.801113 -0.004986
0.813704 -0.002215
0.825973 0.000583
0.837910 0.002457
0.849501 0.005772
0.860735 0.005228
0.871601 0.009006
0.882088 0.010840
0.892184 0.011642
0.901880 0.013810
0.911165 0.013931
0.920031 0.014291
0.928468 0.015802
0.936467 0.015258
0.944019 0.015235
0.951116 0.015759
0.957751 0.015553
0.963920 0.015082
0.969616 0.014541
0.974836 0.014158
0.979575 0.013540
0.983831 0.012905
0.987598 0.011329
0.990874 0.010854
0.993653 0.009306
0.995934 0.010269
0.997711 0.008239
0.998982 0.007013
0.999745 0.007296
1.000000 0.006032
