1.000000 0.008836
0.999745 0.008433
0.998982 0.009054
0.997711 0.007627
0.995933 0.007525
0.993653 0.008605
0.990874 0.009337
0.987598 0.009940
0.983830 0.011146
0.979575 0.011910
0.974836 0.013252
0.969616 0.012506
0.963920 0.016606
0.957751 0.017296
0.951116 0.019503
0.944019 0.020446
0.936467 0.022404
0.928468 0.023739
0.920031 0.025191
0.911165 0.026689
0.901879 0.027863
0.892183 0.029294
0.882087 0.031818
0.871601 0.032492
0.860735 0.034851
0.849501 0.036712
0.837910 0.038873
0.825974 0.039956
0.813704 0.041643
0.801113 0.043947
0.788214 0.046828
0.775019 0.050612
0.761541 0.053204
0.747795 0.056034
0.733792 0.059717
0.719548 0.060704
0.705077 0.063907
0.690392 0.066876
0.675509 0.069227
0.660442 0.071420
0.645206 0.074812
0.629817 0.077904
0.614290 0.083119
0.598640 0.085842
0.582884 0.089445
0.567036 0.092959
0.551113 0.096408
0.535131 0.100214
0.519106 0.103222
0.503054 0.105964
0.486991 0.109116
0.470934 0.112797
0.454898 0.116268
0.438900 0.120046
0.422956 0.123555
0.407083 0.126470
0.391295 0.130214
0.375610 0.133198
0.360044 0.136728
0.344612 0.139949
0.329330 0.142114
0.314213 0.144651
0.299279 0.146459
0.284541 0.148863
0.270015 0.151708
0.255717 0.153175
0.241661 0.154442
0.227862 0.155260
0.214336 0.156977
0.201095 0.157564
0.188155 0.157898
0.175530 0.158090
0.163234 0.158545
0.151280 0.157117
0.139681 0.156386
0.128452 0.154257
0.117606 0.153339
0.107155 0.151418
0.097113 0.149123
0.087493 0.145532
0.078306 0.141600
0.069566 0.136892
0.061285 0.132455
0.053474 0.127364
0.046150 0.120842
0.039326 0.114518
0.033014 0.107015
0.027230 0.098521
0.021980 0.089240
0.017277 0.080114
0.013141 0.070809
0.009573 0.060391
0.006583 0.051316
0.004188 0.041505
0.002354 0.032667
0.001081 0.024612
0.000371 0.018313
0.000077 0.014180
0.000005 0.011892
0.000000 0.010494
0.000005 0.009880
0.000077 0.006314
0.000371 0.001916
0.001081 -0.005479
0.002353 -0.012799
0.004188 -0.022351
0.006585 -0.030484
0.009576 -0.039001
0.013145 -0.048152
0.017281 -0.059168
0.021983 -0.067493
0.027232 -0.075814
0.033016 -0.083829
0.039328 -0.090818
0.046152 -0.097821
0.053476 -0.103713
0.061287 -0.110349
0.069568 -0.116156
0.078308 -0.120566
0.087495 -0.123252
0.097115 -0.126875
0.107157 -0.130077
0.117608 -0.130835
0.128454 -0.133593
0.139683 -0.134196
0.151282 -0.135304
0.163235 -0.135924
0.175532 -0.136491
0.188157 -0.135394
0.201097 -0.135556
0.214337 -0.134601
0.227864 -0.134834
0.241663 -0.132848
0.255719 -0.132678
0.270017 -0.129929
0.284542 -0.128477
0.299280 -0.126934
0.314215 -0.124019
0.329331 -0.122701
0.344613 -0.119024
0.360045 -0.116733
0.375611 -0.113987
0.391296 -0.111041
0.407083 -0.107190
0.422957 -0.104311
0.438901 -0.101466
0.454899 -0.098053
0.470935 -0.093853
0.486992 -0.090877
0.503055 -0.087621
0.519107 -0.084137
0.535132 -0.081149
0.551114 -0.076824
0.567036 -0.073606
0.582884 -0.069265
0.598640 -0.064761
0.614290 -0.062137
0.629817 -0.059272
0.645206 -0.055406
0.660442 -0.052528
0.675509 -0.049383
0.690393 -0.047173
0.705077 -0.043151
0.719549 -0.041934
0.733793 -0.037762
0.747795 -0.035869
0.761542 -0.032185
0.775019 -0.029936
0.788214 -0.027255
0.801113 -0.024334
0.813704 -0.022216
0.825973 -0.020071
0.837910 -0.018364
0.849501 -0.015971
0.860735 -0.014308
0.871601 -0.012713
0.882088 -0.011863
0.892184 -0.010406
0.901880 -0.008769
0.911165 -0.006954
0.920031 -0.005480
0.928468 -0.004881
0.936467 -0.003828
0.944019 -0.003465
0.951116 -0.000344
0.957751 0.000236
0.963920 0.000672
0.969616 0.002484
0.974836 0.003436
0.979575 0.004857
0.983831 0.005781
0.987598 0.005479
0.990874 0.006156
0.993653 0.007497
0.995934 0.006059
0.997711 0.007063
0.998982 0.007347
0.999745 0.006761
1.000000 0.007564
