1.000000 0.005935
0.999745 0.006379
0.998982 0.007144
0.997711 0.007967
0.995933 0.007942
0.993653 0.007409
0.990874 0.009604
0.987598 0.009195
0.983830 0.011104
0.979575 0.013033
0.974836 0.014030
0.969616 0.016256
0.963920 0.017841
0.957751 0.020223
0.951116 0.022509
0.944019 0.024757
0.936467 0.025089
0.928468 0.027176
0.920031 0.030267
0.911165 0.031235
0.901879 0.033734
0.892183 0.035601
0.882087 0.037026
0.871601 0.039110
0.860735 0.042803
0.849501 0.045561
0.837910 0.047963
0.825974 0.051385
0.813704 0.055612
0.801113 0.060191
0.788214 0.063703
0.775019 0.067731
0.761541 0.072869
0.747795 0.077797
0.733792 0.082536
0.719548 0.087844
0.705077 0.092879
0.690392 0.098324
0.675509 0.106199
0.660442 0.112095
0.645206 0.118519
0.629817 0.124241
0.614290 0.131171
0.598640 0.137750
0.582884 0.144562
0.567036 0.151282
0.551113 0.156056
0.535131 0.162351
0.519106 0.168842
0.503054 0.174401
0.486991 0.181260
0.470934 0.186929
0.454898 0.192368
0.438900 0.198677
0.422956 0.205026
0.407083 0.211090
0.391295 0.216360
0.375610 0.221402
0.360044 0.226550
0.344612 0.231271
0.329330 0.235784
0.314213 0.239490
0.299279 0.242865
0.284541 0.244770
0.270015 0.246366
0.255717 0.248247
0.241661 0.249274
0.227862 0.249739
0.214336 0.249009
0.201095 0.246851
0.188155 0.243994
0.175530 0.240477
0.163234 0.236163
0.151280 0.230533
0.139681 0.224215
0.128452 0.216922
0.117606 0.208847
0.107155 0.201561
0.097113 0.193719
0.087493 0.184001
0.078306 0.174782
0.069566 0.163139
0.061285 0.153250
0.053474 0.142603
0.046150 0.132347
0.039326 0.121328
0.033014 0.109691
0.027230 0.098236
0.021980 0.087820
0.017277 0.077405
0.013141 0.066919
0.009573 0.056367
0.006583 0.046233
0.004188 0.037802
0.002354 0.029553
0.001081 0.021409
0.000371 0.016348
0.000077 0.012201
0.000005 0.009672
0.000000 0.009318
0.000005 0.007905
0.000077 0.004745
0.000371 0.000303
0.001081 -0.005910
0.002353 -0.012385
0.004188 -0.017203
0.006585 -0.021672
0.009576 -0.024434
0.013145 -0.027255
0.017281 -0.028430
0.021983 -0.028725
0.027232 -0.030361
0.033016 -0.031893
0.039328 -0.028990
0.046152 -0.031092
0.053476 -0.030197
0.061287 -0.031957
0.069568 -0.031228
0.078308 -0.031271
0.087495 -0.032243
0.097115 -0.033448
0.107157 -0.033380
0.117608 -0.036922
0.128454 -0.038274
0.139683 -0.041422
0.151282 -0.046190
0.163235 -0.047342
0.175532 -0.051038
0.188157 -0.054214
0.201097 -0.058376
0.214337 -0.061897
0.227864 -0.066250
0.241663 -0.068840
0.255719 -0.071095
0.270017 -0.075900
0.284542 -0.079692
0.299280 -0.082755
0.314215 -0.087342
0.329331 -0.089207
0.344613 -0.091208
0.360045 -0.093372
0.375611 -0.094869
0.391296 -0.097409
0.407083 -0.098691
0.422957 -0.099499
0.438901 -0.100072
0.454899 -0.100613
0.470935 -0.100851
0.486992 -0.101145
0.503055 -0.100136
0.519107 -0.100778
0.535132 -0.099024
0.551114 -0.098365
0.567036 -0.095766
0.582884 -0.095352
0.598640 -0.094198
0.614290 -0.090988
0.629817 -0.088371
0.645206 -0.087627
0.660442 -0.082938
0.675509 -0.081895
0.690393 -0.076275
0.705077 -0.072464
0.719549 -0.068173
0.733793 -0.066070
0.747795 -0.061791
0.761542 -0.057495
0.775019 -0.052938
0.788214 -0.050874
0.801113 -0.046522
0.813704 -0.043024
0.825973 -0.039790
0.837910 -0.036004
0.849501 -0.032934
0.860735 -0.030361
0.871601 -0.027816
0.882088 -0.023017
0.892184 -0.020985
0.901880 -0.017860
0.911165 -0.015084
0.920031 -0.012348
0.928468 -0.009303
0.936467 -0.007409
0.944019 -0.005530
0.951116 -0.004439
0.957751 -0.004178
0.963920 -0.002052
0.969616 0.001015
0.974836 0.002986
0.979575 0.004100
0.983831 0.005430
0.987598 0.006318
0.990874 0.006082
0.993653 0.006412
0.995934 0.006352
0.997711 0.007411
0.998982 0.007172
0.999745 0.006348
1.000000 0.005567
