1.000000 0.007433
0.999745 0.008072
0.998982 0.009891
0.997711 0.009792
0.995933 0.010874
0.993653 0.011839
0.990874 0.012239
0.987598 0.014571
0.983830 0.016800
0.979575 0.018123
0.974836 0.020432
0.969616 0.022921
0.963920 0.026570
0.957751 0.029083
0.951116 0.033000
0.944019 0.035885
0.936467 0.040152
0.928468 0.045040
0.920031 0.047537
0.911165 0.053699
0.901879 0.057244
0.892183 0.062798
0.882087 0.067422
0.871601 0.072331
0.860735 0.078418
0.849501 0.083772
0.837910 0.089723
0.825974 0.096063
0.813704 0.102072
0.801113 0.108019
0.788214 0.113842
0.775019 0.119999
0.761541 0.126935
0.747795 0.133982
0.733792 0.139535
0.719548 0.144907
0.705077 0.150675
0.690392 0.156382
0.675509 0.161968
0.660442 0.167082
0.645206 0.172002
0.629817 0.176337
0.614290 0.180491
0.598640 0.185435
0.582884 0.188674
0.567036 0.192194
0.551113 0.194998
0.535131 0.198906
0.519106 0.201188
0.503054 0.203393
0.486991 0.205959
0.470934 0.207456
0.454898 0.210253
0.438900 0.210607
0.422956 0.211167
0.407083 0.213305
0.391295 0.213579
0.375610 0.214363
0.360044 0.213722
0.344612 0.211520
0.329330 0.211220
0.314213 0.210349
0.299279 0.210248
0.284541 0.209694
0.270015 0.207981
0.255717 0.206514
0.241661 0.204771
0.227862 0.203388
0.214336 0.201242
0.201095 0.198680
0.188155 0.195841
0.175530 0.192519
0.163234 0.188289
0.151280 0.184414
0.139681 0.179279
0.128452 0.176085
0.117606 0.169528
0.107155 0.164367
0.097113 0.159057
0.087493 0.153038
0.078306 0.146294
0.069566 0.139359
0.061285 0.132969
0.053474 0.126128
0.046150 0.119702
0.039326 0.111042
0.033014 0.103125
0.027230 0.094593
0.021980 0.087058
0.017277 0.077976
0.013141 0.068482
0.009573 0.059287
0.006583 0.049287
0.004188 0.040664
0.002354 0.031186
0.001081 0.024303
0.000371 0.017288
0.000077 0.013112
0.000005 0.010146
0.000000 0.008072
0.000005 0.008121
0.000077 0.005040
0.000371 0.001094
0.001081 -0.004607
0.002353 -0.009887
0.004188 -0.015454
0.006585 -0.020355
0.009576 -0.024727
0.013145 -0.028318
0.017281 -0.032729
0.021983 -0.036056
0.027232 -0.040569
0.033016 -0.043675
0.039328 -0.047115
0.046152 -0.050365
0.053476 -0.054014
0.061287 -0.056771
0.069568 -0.060449
0.078308 -0.064277
0.087495 -0.068354
0.097115 -0.071465
0.107157 -0.074294
0.117608 -0.075824
0.128454 -0.076051
0.139683 -0.079020
0.151282 -0.083252
0.163235 -0.084830
0.175532 -0.086008
0.188157 -0.088606
0.201097 -0.089416
0.214337 -0.092142
0.227864 -0.093401
0.241663 -0.095333
0.255719 -0.096698
0.270017 -0.096951
0.284542 -0.099791
0.299280 -0.099076
0.314215 -0.098975
0.329331 -0.100076
0.344613 -0.099156
0.360045 -0.098763
0.375611 -0.098165
0.391296 -0.097550
0.407083 -0.097259
0.422957 -0.096685
0.438901 -0.095298
0.454899 -0.093627
0.470935 -0.094691
0.486992 -0.092517
0.503055 -0.091526
0.519107 -0.088607
0.535132 -0.086497
0.551114 -0.083592
0.567036 -0.080787
0.582884 -0.078914
0.598640 -0.076350
0.614290 -0.073785
0.629817 -0.069981
0.645206 -0.066654
0.660442 -0.064732
0.675509 -0.060806
0.690393 -0.056347
0.705077 -0.054510
0.719549 -0.050636
0.733793 -0.047390
0.747795 -0.044037
0.761542 -0.041202
0.775019 -0.037722
0.788214 -0.033877
0.801113 -0.030264
0.813704 -0.027168
0.825973 -0.023130
0.837910 -0.019984
0.849501 -0.016459
0.860735 -0.013704
0.871601 -0.011327
0.882088 -0.008764
0.892184 -0.007377
0.901880 -0.004202
0.911165 -0.002599
0.920031 0.000191
0.928468 0.001490
0.936467 0.002588
0.944019 0.003855
0.951116 0.005187
0.957751 0.005908
0.963920 0.006786
0.969616 0.007431
0.974836 0.007933
0.979575 0.007978
0.983831 0.009174
0.987598 0.006869
0.990874 0.008859
0.993653 0.008347
0.995934 0.007531
0.997711 0.007202
0.998982 0.009227
0.999745 0.006169
1.000000 0.006554
