1.000000 0.005805
0.999745 0.010991
0.998982 0.010881
0.997711 0.011090
0.995933 0.012215
0.993653 0.013214
0.990874 0.015267
0.987598 0.018784
0.983830 0.021096
0.979575 0.024245
0.974836 0.025975
0.969616 0.030199
0.963920 0.033806
0.957751 0.036810
0.951116 0.041411
0.944019 0.044589
0.936467 0.048445
0.928468 0.052288
0.920031 0.057591
0.911165 0.061909
0.901879 0.065267
0.892183 0.069926
0.882087 0.074977
0.871601 0.080566
0.860735 0.086917
0.849501 0.091751
0.837910 0.097366
0.825974 0.102159
0.813704 0.109417
0.801113 0.114308
0.788214 0.120597
0.775019 0.126013
0.761541 0.132179
0.747795 0.138242
0.733792 0.143738
0.719548 0.149074
0.705077 0.154065
0.690392 0.159267
0.675509 0.165365
0.660442 0.170736
0.645206 0.176034
0.629817 0.180828
0.614290 0.185875
0.598640 0.190604
0.582884 0.195039
0.567036 0.198897
0.551113 0.203297
0.535131 0.207218
0.519106 0.210744
0.503054 0.213767
0.486991 0.217511
0.470934 0.220472
0.454898 0.223213
0.438900 0.225123
0.422956 0.226969
0.407083 0.228700
0.391295 0.230098
0.375610 0.232133
0.360044 0.232385
0.344612 0.232362
0.329330 0.232478
0.314213 0.231223
0.299279 0.231739
0.284541 0.230827
0.270015 0.227864
0.255717 0.225754
0.241661 0.222631
0.227862 0.219902
0.214336 0.217320
0.201095 0.213688
0.188155 0.211143
0.175530 0.205895
0.163234 0.201155
0.151280 0.195434
0.139681 0.189599
0.128452 0.184328
0.117606 0.177897
0.107155 0.170655
0.097113 0.163457
0.087493 0.156355
0.078306 0.148958
0.069566 0.142010
0.061285 0.133968
0.053474 0.126744
0.046150 0.119075
0.039326 0.110426
0.033014 0.100620
0.027230 0.092752
0.021980 0.084748
0.017277 0.073893
0.013141 0.065249
0.009573 0.054941
0.006583 0.047036
0.004188 0.038556
0.002354 0.029913
0.001081 0.022322
0.000371 0.016747
0.000077 0.011204
0.000005 0.008906
0.000000 0.006817
0.000005 0.005986
0.000077 0.003027
0.000371 -0.000641
0.001081 -0.005851
0.002353 -0.011181
0.004188 -0.017147
0.006585 -0.024289
0.009576 -0.030612
0.013145 -0.035697
0.017281 -0.041058
0.021983 -0.043144
0.027232 -0.048379
0.033016 -0.051850
0.039328 -0.053687
0.046152 -0.056698
0.053476 -0.059952
0.061287 -0.063003
0.069568 -0.062293
0.078308 -0.064537
0.087495 -0.066100
0.097115 -0.067421
0.107157 -0.068738
0.117608 -0.069361
0.128454 -0.070431
0.139683 -0.071760
0.151282 -0.071588
0.163235 -0.071933
0.175532 -0.071437
0.188157 -0.070973
0.201097 -0.071273
0.214337 -0.070173
0.227864 -0.068864
0.241663 -0.068466
0.255719 -0.067266
0.270017 -0.065391
0.284542 -0.064935
0.299280 -0.063945
0.314215 -0.062922
0.329331 -0.061770
0.344613 -0.059894
0.360045 -0.059456
0.375611 -0.057887
0.391296 -0.056543
0.407083 -0.054362
0.422957 -0.051759
0.438901 -0.049739
0.454899 -0.047043
0.470935 -0.044821
0.486992 -0.042284
0.503055 -0.040133
0.519107 -0.038706
0.535132 -0.035924
0.551114 -0.035666
0.567036 -0.033489
0.582884 -0.031661
0.598640 -0.030376
0.614290 -0.028403
0.629817 -0.026779
0.645206 -0.027204
0.660442 -0.023845
0.675509 -0.022182
0.690393 -0.020891
0.705077 -0.019047
0.719549 -0.017254
0.733793 -0.015204
0.747795 -0.013813
0.761542 -0.012036
0.775019 -0.010597
0.788214 -0.009204
0.801113 -0.009480
0.813704 -0.007400
0.825973 -0.006544
0.837910 -0.005326
0.849501 -0.004965
0.860735 -0.004323
0.871601 -0.002862
0.882088 -0.002248
0.892184 -0.001522
0.901880 -0.000267
0.911165 -0.000667
0.920031 0.000888
0.928468 0.001877
0.936467 0.002630
0.944019 0.003239
0.951116 0.004107
0.957751 0.003419
0.963920 0.005804
0.969616 0.005588
0.974836 0.006614
0.979575 0.006798
0.983831 0.006542
0.987598 0.006764
0.990874 0.006775
0.993653 0.007500
0.995934 0.006046
0.997711 0.006939
0.998982 0.007763
0.999745 0.006140
1.000000 0.006521
