1.000000 0.008251
0.999745 0.013369
0.998982 0.013314
0.997711 0.016782
0.995933 0.017258
0.993653 0.019487
0.990874 0.022688
0.987598 0.027708
0.983830 0.028909
0.979575 0.035045
0.974836 0.039153
0.969616 0.044501
0.963920 0.050100
0.957751 0.055238
0.951116 0.060680
0.944019 0.066157
0.936467 0.071847
0.928468 0.078727
0.920031 0.083464
0.911165 0.090198
0.901879 0.096137
0.892183 0.105008
0.882087 0.111416
0.871601 0.118332
0.860735 0.126079
0.849501 0.132782
0.837910 0.141785
0.825974 0.148397
0.813704 0.157014
0.801113 0.163741
0.788214 0.170478
0.775019 0.177504
0.761541 0.185537
0.747795 0.192034
0.733792 0.199398
0.719548 0.205823
0.705077 0.213567
0.690392 0.220317
0.675509 0.227075
0.660442 0.233627
0.645206 0.239217
0.629817 0.245740
0.614290 0.251917
0.598640 0.256934
0.582884 0.263638
0.567036 0.267018
0.551113 0.272379
0.535131 0.276639
0.519106 0.280831
0.503054 0.284775
0.486991 0.288564
0.470934 0.291654
0.454898 0.294587
0.438900 0.297410
0.422956 0.299905
0.407083 0.301599
0.391295 0.302769
0.375610 0.304549
0.360044 0.304867
0.344612 0.305098
0.329330 0.304771
0.314213 0.303725
0.299279 0.302490
0.284541 0.301420
0.270015 0.299422
0.255717 0.296401
0.241661 0.292765
0.227862 0.288950
0.214336 0.285186
0.201095 0.280251
0.188155 0.275869
0.175530 0.268627
0.163234 0.262829
0.151280 0.255087
0.139681 0.248218
0.128452 0.239506
0.117606 0.230237
0.107155 0.220547
0.097113 0.210079
0.087493 0.200741
0.078306 0.189743
0.069566 0.179705
0.061285 0.168294
0.053474 0.158095
0.046150 0.144684
0.039326 0.130755
0.033014 0.117933
0.027230 0.105791
0.021980 0.093967
0.017277 0.081927
0.013141 0.070681
0.009573 0.059321
0.006583 0.048745
0.004188 0.038381
0.002354 0.030660
0.001081 0.022255
0.000371 0.016371
0.000077 0.012479
0.000005 0.008390
0.000000 0.006555
0.000005 0.005939
0.000077 0.004124
0.000371 0.001079
0.001081 -0.005095
0.002353 -0.010404
0.004188 -0.014925
0.006585 -0.020474
0.009576 -0.024528
0.013145 -0.028084
0.017281 -0.031318
0.021983 -0.032741
0.027232 -0.034703
0.033016 -0.036497
0.039328 -0.037901
0.046152 -0.038799
0.053476 -0.040224
0.061287 -0.040425
0.069568 -0.041098
0.078308 -0.040720
0.087495 -0.040663
0.097115 -0.039328
0.107157 -0.037817
0.117608 -0.036161
0.128454 -0.034483
0.139683 -0.031216
0.151282 -0.028731
0.163235 -0.026334
0.175532 -0.022992
0.188157 -0.020257
0.201097 -0.018961
0.214337 -0.013105
0.227864 -0.016137
0.241663 -0.007580
0.255719 -0.005900
0.270017 -0.002614
0.284542 -0.001281
0.299280 0.000652
0.314215 0.002920
0.329331 0.005088
0.344613 0.006204
0.360045 0.008271
0.375611 0.008139
0.391296 0.008292
0.407083 0.008209
0.422957 0.007775
0.438901 0.007454
0.454899 0.006607
0.470935 0.006125
0.486992 0.003834
0.503055 0.002424
0.519107 0.000509
0.535132 -0.001272
0.551114 -0.002257
0.567036 -0.004421
0.582884 -0.006207
0.598640 -0.008181
0.614290 -0.011327
0.629817 -0.012310
0.645206 -0.014289
0.660442 -0.016032
0.675509 -0.017870
0.690393 -0.019402
0.705077 -0.020670
0.719549 -0.022204
0.733793 -0.023783
0.747795 -0.023538
0.761542 -0.024645
0.775019 -0.025992
0.788214 -0.026955
0.801113 -0.028076
0.813704 -0.026930
0.825973 -0.027463
0.837910 -0.028260
0.849501 -0.027499
0.860735 -0.026977
0.871601 -0.026950
0.882088 -0.024552
0.892184 -0.022815
0.901880 -0.022548
0.911165 -0.020001
0.920031 -0.019371
0.928468 -0.016854
0.936467 -0.014671
0.944019 -0.011880
0.951116 -0.009918
0.957751 -0.009160
0.963920 -0.006750
0.969616 -0.005408
0.974836 -0.003601
0.979575 -0.001404
0.983831 -0.000649
0.987598 -0.000963
0.990874 -0.000321
0.993653 0.000838
0.995934 0.002470
0.997711 0.004531
0.998982 0.005198
0.999745 0.003651
1.000000 0.003050
