1.000000 0.021658
0.999745 0.022197
0.998982 0.022918
0.997711 0.025024
0.995933 0.026410
0.993653 0.027962
0.990874 0.030315
0.987598 0.032513
0.983830 0.035371
0.979575 0.039591
0.974836 0.043389
0.969616 0.047608
0.963920 0.052808
0.957751 0.057002
0.951116 0.061966
0.944019 0.068420
0.936467 0.073657
0.928468 0.079650
0.920031 0.085598
0.911165 0.091614
0.901879 0.098192
0.892183 0.104922
0.882087 0.112546
0.871601 0.120543
0.860735 0.127946
0.849501 0.135543
0.837910 0.142862
0.825974 0.150334
0.813704 0.157724
0.801113 0.165373
0.788214 0.173185
0.775019 0.181415
0.761541 0.187985
0.747795 0.195579
0.733792 0.201934
0.719548 0.207693
0.705077 0.215358
0.690392 0.220422
0.675509 0.225651
0.660442 0.230913
0.645206 0.234945
0.629817 0.240098
0.614290 0.244649
0.598640 0.248410
0.582884 0.251672
0.567036 0.254188
0.551113 0.256072
0.535131 0.258648
0.519106 0.260437
0.503054 0.262910
0.486991 0.263375
0.470934 0.264198
0.454898 0.265308
0.438900 0.265869
0.422956 0.267220
0.407083 0.265635
0.391295 0.265352
0.375610 0.264253
0.360044 0.264532
0.344612 0.262798
0.329330 0.260924
0.314213 0.258938
0.299279 0.256952
0.284541 0.255236
0.270015 0.252756
0.255717 0.249379
0.241661 0.246005
0.227862 0.242296
0.214336 0.238875
0.201095 0.235435
0.188155 0.230922
0.175530 0.225888
0.163234 0.221254
0.151280 0.215642
0.139681 0.209649
0.128452 0.203979
0.117606 0.197230
0.107155 0.190791
0.097113 0.184403
0.087493 0.178409
0.078306 0.172290
0.069566 0.164732
0.061285 0.156982
0.053474 0.148951
0.046150 0.141299
0.039326 0.132910
0.033014 0.123056
0.027230 0.113427
0.021980 0.101463
0.017277 0.090509
0.013141 0.078814
0.009573 0.067481
0.006583 0.054829
0.004188 0.043223
0.002354 0.032513
0.001081 0.023727
0.000371 0.015764
0.000077 0.010408
0.000005 0.007396
0.000000 0.006592
0.000005 0.005523
0.000077 0.002791
0.000371 -0.002117
0.001081 -0.007648
0.002353 -0.015751
0.004188 -0.026663
0.006585 -0.036930
0.009576 -0.048120
0.013145 -0.059037
0.017281 -0.069322
0.021983 -0.082679
0.027232 -0.092468
0.033016 -0.102534
0.039328 -0.111248
0.046152 -0.120044
0.053476 -0.128350
0.061287 -0.135864
0.069568 -0.142731
0.078308 -0.148693
0.087495 -0.155422
0.097115 -0.160589
0.107157 -0.166997
0.117608 -0.171728
0.128454 -0.176818
0.139683 -0.181496
0.151282 -0.186065
0.163235 -0.189263
0.175532 -0.194241
0.188157 -0.197382
0.201097 -0.201354
0.214337 -0.204125
0.227864 -0.206260
0.241663 -0.209979
0.255719 -0.212702
0.270017 -0.214968
0.284542 -0.215912
0.299280 -0.216783
0.314215 -0.218543
0.329331 -0.218834
0.344613 -0.218723
0.360045 -0.218756
0.375611 -0.217756
0.391296 -0.216942
0.407083 -0.215589
0.422957 -0.214039
0.438901 -0.212516
0.454899 -0.210067
0.470935 -0.205429
0.486992 -0.200775
0.503055 -0.197233
0.519107 -0.191683
0.535132 -0.185610
0.551114 -0.176407
0.567036 -0.169717
0.582884 -0.161782
0.598640 -0.153035
0.614290 -0.141312
0.629817 -0.132229
0.645206 -0.120076
0.660442 -0.107456
0.675509 -0.095919
0.690393 -0.084686
0.705077 -0.073320
0.719549 -0.061368
0.733793 -0.050182
0.747795 -0.038871
0.761542 -0.029431
0.775019 -0.019293
0.788214 -0.009964
0.801113 -0.001736
0.813704 0.006144
0.825973 0.013230
0.837910 0.018671
0.849501 0.024268
0.860735 0.027480
0.871601 0.030933
0.882088 0.034139
0.892184 0.036154
0.901880 0.037978
0.911165 0.037403
0.920031 0.036537
0.928468 0.035338
0.936467 0.033301
0.944019 0.030610
0.951116 0.027972
0.957751 0.024483
0.963920 0.019562
0.969616 0.015462
0.974836 0.012897
0.979575 0.009305
0.983831 0.006308
0.987598 0.002230
0.990874 0.000738
0.993653 -0.000428
0.995934 -0.000667
0.997711 -0.003576
0.998982 -0.002716
0.999745 -0.003850
1.000000 -0.005498
