1.000000 0.015561
0.999745 0.014486
0.998982 0.014477
0.997711 0.014110
0.995933 0.014124
0.993653 0.016184
0.990874 0.017624
0.987598 0.019810
0.983830 0.022314
0.979575 0.026110
0.974836 0.029677
0.969616 0.032095
0.963920 0.037064
0.957751 0.042273
0.951116 0.045969
0.944019 0.050793
0.936467 0.054533
0.928468 0.059592
0.920031 0.064579
0.911165 0.069292
0.901879 0.075668
0.892183 0.081367
0.882087 0.086818
0.871601 0.093443
0.860735 0.099401
0.849501 0.106158
0.837910 0.112319
0.825974 0.118597
0.813704 0.125682
0.801113 0.131770
0.788214 0.138618
0.775019 0.145620
0.761541 0.152929
0.747795 0.161368
0.733792 0.168787
0.719548 0.176956
0.705077 0.185221
0.690392 0.191895
0.675509 0.199429
0.660442 0.206833
0.645206 0.214430
0.629817 0.222214
0.614290 0.228765
0.598640 0.236369
0.582884 0.243539
0.567036 0.250450
0.551113 0.257350
0.535131 0.262775
0.519106 0.267879
0.503054 0.272512
0.486991 0.276639
0.470934 0.282147
0.454898 0.286043
0.438900 0.290186
0.422956 0.294544
0.407083 0.297785
0.391295 0.299512
0.375610 0.300732
0.360044 0.302342
0.344612 0.303177
0.329330 0.303327
0.314213 0.302474
0.299279 0.300640
0.284541 0.299179
0.270015 0.297209
0.255717 0.295264
0.241661 0.292340
0.227862 0.290282
0.214336 0.285176
0.201095 0.281367
0.188155 0.276740
0.175530 0.272349
0.163234 0.266380
0.151280 0.260272
0.139681 0.252722
0.128452 0.243883
0.117606 0.234944
0.107155 0.225535
0.097113 0.215777
0.087493 0.205175
0.078306 0.195905
0.069566 0.182730
0.061285 0.172685
0.053474 0.161267
0.046150 0.148036
0.039326 0.137209
0.033014 0.124871
0.027230 0.114142
0.021980 0.099853
0.017277 0.086815
0.013141 0.073288
0.009573 0.061684
0.006583 0.050409
0.004188 0.039948
0.002354 0.029863
0.001081 0.020904
0.000371 0.015105
0.000077 0.010466
0.000005 0.007083
0.000000 0.005665
0.000005 0.006423
0.000077 0.003858
0.000371 0.000280
0.001081 -0.007273
0.002353 -0.014362
0.004188 -0.022280
0.006585 -0.032513
0.009576 -0.041587
0.013145 -0.050861
0.017281 -0.058323
0.021983 -0.065016
0.027232 -0.073181
0.033016 -0.078910
0.039328 -0.085222
0.046152 -0.090356
0.053476 -0.095910
0.061287 -0.101416
0.069568 -0.106227
0.078308 -0.110558
0.087495 -0.115837
0.097115 -0.119252
0.107157 -0.122656
0.117608 -0.126568
0.128454 -0.129753
0.139683 -0.131703
0.151282 -0.134780
0.163235 -0.136743
0.175532 -0.138481
0.188157 -0.139968
0.201097 -0.142414
0.214337 -0.143451
0.227864 -0.144320
0.241663 -0.145521
0.255719 -0.145682
0.270017 -0.146580
0.284542 -0.146676
0.299280 -0.147193
0.314215 -0.149416
0.329331 -0.146831
0.344613 -0.146163
0.360045 -0.146299
0.375611 -0.144601
0.391296 -0.146028
0.407083 -0.143020
0.422957 -0.142516
0.438901 -0.140693
0.454899 -0.138969
0.470935 -0.136518
0.486992 -0.135086
0.503055 -0.132307
0.519107 -0.129355
0.535132 -0.127534
0.551114 -0.123173
0.567036 -0.119208
0.582884 -0.115664
0.598640 -0.111861
0.614290 -0.106674
0.629817 -0.103384
0.645206 -0.098392
0.660442 -0.094161
0.675509 -0.090801
0.690393 -0.086632
0.705077 -0.082580
0.719549 -0.078221
0.733793 -0.073726
0.747795 -0.071282
0.761542 -0.066303
0.775019 -0.062207
0.788214 -0.058502
0.801113 -0.055150
0.813704 -0.051203
0.825973 -0.046928
0.837910 -0.043520
0.849501 -0.039395
0.860735 -0.035754
0.871601 -0.032675
0.882088 -0.028687
0.892184 -0.025251
0.901880 -0.022384
0.911165 -0.019581
0.920031 -0.018895
0.928468 -0.014544
0.936467 -0.012789
0.944019 -0.010996
0.951116 -0.008794
0.957751 -0.007167
0.963920 -0.004931
0.969616 -0.002868
0.974836 -0.001850
0.979575 -0.000532
0.983831 0.000025
0.987598 0.000928
0.990874 0.002597
0.993653 0.004034
0.995934 0.005222
0.997711 0.004119
0.998982 0.005395
0.999745 0.003498
1.000000 0.004286
