1.000000 0.008606
0.999745 0.009452
0.998982 0.008897
0.997711 0.011681
0.995933 0.012081
0.993653 0.013469
0.990874 0.013763
0.987598 0.015765
0.983830 0.017347
0.979575 0.020239
0.974836 0.023083
0.969616 0.025505
0.963920 0.028507
0.957751 0.032792
0.951116 0.035506
0.944019 0.039647
0.936467 0.042945
0.928468 0.046904
0.920031 0.051378
0.911165 0.055492
0.901879 0.059556
0.892183 0.064624
0.882087 0.068400
0.871601 0.073718
0.860735 0.078925
0.849501 0.084358
0.837910 0.090180
0.825974 0.095977
0.813704 0.102330
0.801113 0.107291
0.788214 0.113464
0.775019 0.119871
0.761541 0.126055
0.747795 0.131972
0.733792 0.137966
0.719548 0.144358
0.705077 0.150191
0.690392 0.155705
0.675509 0.161804
0.660442 0.167760
0.645206 0.173349
0.629817 0.179528
0.614290 0.184690
0.598640 0.189869
0.582884 0.195614
0.567036 0.199985
0.551113 0.204335
0.535131 0.208095
0.519106 0.212934
0.503054 0.217622
0.486991 0.221230
0.470934 0.225128
0.454898 0.228702
0.438900 0.231108
0.422956 0.234008
0.407083 0.236053
0.391295 0.236944
0.375610 0.237545
0.360044 0.238434
0.344612 0.238112
0.329330 0.237718
0.314213 0.236743
0.299279 0.235386
0.284541 0.233283
0.270015 0.231487
0.255717 0.229826
0.241661 0.225544
0.227862 0.224709
0.214336 0.219637
0.201095 0.216501
0.188155 0.212888
0.175530 0.207210
0.163234 0.202284
0.151280 0.197804
0.139681 0.191825
0.128452 0.185639
0.117606 0.178326
0.107155 0.169374
0.097113 0.161777
0.087493 0.154051
0.078306 0.147579
0.069566 0.139950
0.061285 0.131043
0.053474 0.122860
0.046150 0.113928
0.039326 0.107577
0.033014 0.099151
0.027230 0.090991
0.021980 0.081592
0.017277 0.074111
0.013141 0.064407
0.009573 0.055414
0.006583 0.045926
0.004188 0.037818
0.002354 0.029364
0.001081 0.022332
0.000371 0.016310
0.000077 0.012167
0.000005 0.008684
0.000000 0.007860
0.000005 0.006878
0.000077 0.003135
0.000371 0.000035
0.001081 -0.006029
0.002353 -0.011777
0.004188 -0.018662
0.006585 -0.023566
0.009576 -0.028234
0.013145 -0.033543
0.017281 -0.035848
0.021983 -0.038448
0.027232 -0.041293
0.033016 -0.043016
0.039328 -0.045104
0.046152 -0.047281
0.053476 -0.049360
0.061287 -0.050959
0.069568 -0.052173
0.078308 -0.053287
0.087495 -0.054898
0.097115 -0.056585
0.107157 -0.058362
0.117608 -0.062788
0.128454 -0.065268
0.139683 -0.067370
0.151282 -0.069505
0.163235 -0.073191
0.175532 -0.075828
0.188157 -0.078470
0.201097 -0.081768
0.214337 -0.082594
0.227864 -0.085663
0.241663 -0.089172
0.255719 -0.089970
0.270017 -0.092578
0.284542 -0.096171
0.299280 -0.098427
0.314215 -0.099692
0.329331 -0.100908
0.344613 -0.102618
0.360045 -0.103755
0.375611 -0.104369
0.391296 -0.103999
0.407083 -0.105488
0.422957 -0.102685
0.438901 -0.102753
0.454899 -0.101818
0.470935 -0.100495
0.486992 -0.098469
0.503055 -0.096587
0.519107 -0.094300
0.535132 -0.092337
0.551114 -0.090204
0.567036 -0.087707
0.582884 -0.085107
0.598640 -0.081428
0.614290 -0.079225
0.629817 -0.075518
0.645206 -0.072665
0.660442 -0.069199
0.675509 -0.066156
0.690393 -0.063459
0.705077 -0.059755
0.719549 -0.059810
0.733793 -0.054621
0.747795 -0.053951
0.761542 -0.048618
0.775019 -0.048025
0.788214 -0.044211
0.801113 -0.043727
0.813704 -0.038948
0.825973 -0.036232
0.837910 -0.033315
0.849501 -0.029054
0.860735 -0.027000
0.871601 -0.025638
0.882088 -0.022536
0.892184 -0.020620
0.901880 -0.017947
0.911165 -0.015295
0.920031 -0.014231
0.928468 -0.011776
0.936467 -0.009521
0.944019 -0.008313
0.951116 -0.007086
0.957751 -0.007393
0.963920 -0.005618
0.969616 -0.002933
0.974836 -0.001071
0.979575 0.000407
0.983831 0.001872
0.987598 0.002674
0.990874 0.004999
0.993653 0.005208
0.995934 0.006424
0.997711 0.005139
0.998982 0.007160
0.999745 0.005537
1.000000 0.005417
