1.000000 0.006444
0.999745 0.009847
0.998982 0.009947
0.997711 0.009985
0.995933 0.009956
0.993653 0.010223
0.990874 0.011014
0.987598 0.012259
0.983830 0.012826
0.979575 0.017059
0.974836 0.017114
0.969616 0.019645
0.963920 0.022940
0.957751 0.024897
0.951116 0.028607
0.944019 0.030765
0.936467 0.034140
0.928468 0.035686
0.920031 0.039564
0.911165 0.042840
0.901879 0.046993
0.892183 0.051461
0.882087 0.056352
0.871601 0.062994
0.860735 0.066792
0.849501 0.072206
0.837910 0.077770
0.825974 0.083269
0.813704 0.089234
0.801113 0.094889
0.788214 0.100285
0.775019 0.106611
0.761541 0.112713
0.747795 0.117619
0.733792 0.123852
0.719548 0.129438
0.705077 0.135134
0.690392 0.140790
0.675509 0.145691
0.660442 0.150976
0.645206 0.155753
0.629817 0.160324
0.614290 0.166404
0.598640 0.169768
0.582884 0.174905
0.567036 0.179735
0.551113 0.182916
0.535131 0.187233
0.519106 0.190376
0.503054 0.194803
0.486991 0.197830
0.470934 0.199934
0.454898 0.202220
0.438900 0.204702
0.422956 0.207882
0.407083 0.209900
0.391295 0.210745
0.375610 0.211079
0.360044 0.212506
0.344612 0.212537
0.329330 0.213006
0.314213 0.212345
0.299279 0.211858
0.284541 0.210569
0.270015 0.209339
0.255717 0.207300
0.241661 0.205885
0.227862 0.202948
0.214336 0.200256
0.201095 0.196417
0.188155 0.192606
0.175530 0.187586
0.163234 0.185088
0.151280 0.179308
0.139681 0.174625
0.128452 0.169933
0.117606 0.163951
0.107155 0.157098
0.097113 0.152682
0.087493 0.145640
0.078306 0.137683
0.069566 0.130359
0.061285 0.123112
0.053474 0.115633
0.046150 0.107683
0.039326 0.100407
0.033014 0.093755
0.027230 0.086609
0.021980 0.079144
0.017277 0.070846
0.013141 0.063615
0.009573 0.055088
0.006583 0.046687
0.004188 0.039287
0.002354 0.030297
0.001081 0.022256
0.000371 0.015695
0.000077 0.011759
0.000005 0.008938
0.000000 0.008565
0.000005 0.007734
0.000077 0.004542
0.000371 0.000337
0.001081 -0.005251
0.002353 -0.013089
0.004188 -0.020298
0.006585 -0.028001
0.009576 -0.034686
0.013145 -0.040326
0.017281 -0.045405
0.021983 -0.050570
0.027232 -0.054043
0.033016 -0.056893
0.039328 -0.060879
0.046152 -0.064499
0.053476 -0.067057
0.061287 -0.069680
0.069568 -0.072189
0.078308 -0.073565
0.087495 -0.076046
0.097115 -0.078044
0.107157 -0.078724
0.117608 -0.081364
0.128454 -0.081579
0.139683 -0.082689
0.151282 -0.083571
0.163235 -0.085150
0.175532 -0.085481
0.188157 -0.086376
0.201097 -0.086864
0.214337 -0.088192
0.227864 -0.090920
0.241663 -0.091550
0.255719 -0.092398
0.270017 -0.094268
0.284542 -0.095610
0.299280 -0.096011
0.314215 -0.098088
0.329331 -0.098473
0.344613 -0.100267
0.360045 -0.100340
0.375611 -0.100278
0.391296 -0.101782
0.407083 -0.102655
0.422957 -0.104034
0.438901 -0.104199
0.454899 -0.103888
0.470935 -0.104182
0.486992 -0.105119
0.503055 -0.104202
0.519107 -0.104348
0.535132 -0.104604
0.551114 -0.104364
0.567036 -0.104020
0.582884 -0.104078
0.598640 -0.103641
0.614290 -0.103224
0.629817 -0.102103
0.645206 -0.101992
0.660442 -0.101885
0.675509 -0.100646
0.690393 -0.098892
0.705077 -0.097283
0.719549 -0.092863
0.733793 -0.091565
0.747795 -0.087646
0.761542 -0.086452
0.775019 -0.082320
0.788214 -0.079754
0.801113 -0.076620
0.813704 -0.073111
0.825973 -0.069273
0.837910 -0.066684
0.849501 -0.062994
0.860735 -0.059355
0.871601 -0.054509
0.882088 -0.055340
0.892184 -0.048971
0.901880 -0.046534
0.911165 -0.042569
0.920031 -0.036830
0.928468 -0.035045
0.936467 -0.031501
0.944019 -0.025981
0.951116 -0.021886
0.957751 -0.018444
0.963920 -0.014171
0.969616 -0.011503
0.974836 -0.008244
0.979575 -0.006051
0.983831 -0.002678
0.987598 -0.001084
0.990874 0.001887
0.993653 0.003572
0.995934 0.005348
0.997711 0.006424
0.998982 0.008549
0.999745 0.009381
1.000000 0.007560
