1.000000 0.006153
0.999745 0.012121
0.998982 0.011552
0.997711 0.014760
0.995933 0.015710
0.993653 0.017718
0.990874 0.019891
0.987598 0.023385
0.983830 0.025009
0.979575 0.029533
0.974836 0.034408
0.969616 0.039803
0.963920 0.045116
0.957751 0.050332
0.951116 0.056600
0.944019 0.062226
0.936467 0.067403
0.928468 0.074720
0.920031 0.082088
0.911165 0.089809
0.901879 0.096438
0.892183 0.102667
0.882087 0.110571
0.871601 0.118129
0.860735 0.125150
0.849501 0.130583
0.837910 0.137125
0.825974 0.143388
0.813704 0.149618
0.801113 0.155048
0.788214 0.161374
0.775019 0.166128
0.761541 0.170242
0.747795 0.175302
0.733792 0.177959
0.719548 0.181058
0.705077 0.183509
0.690392 0.186215
0.675509 0.187934
0.660442 0.191035
0.645206 0.193172
0.629817 0.194549
0.614290 0.196128
0.598640 0.197182
0.582884 0.198438
0.567036 0.198292
0.551113 0.198893
0.535131 0.198870
0.519106 0.198590
0.503054 0.198078
0.486991 0.197128
0.470934 0.196614
0.454898 0.195590
0.438900 0.193948
0.422956 0.193270
0.407083 0.192252
0.391295 0.190864
0.375610 0.190569
0.360044 0.188290
0.344612 0.185916
0.329330 0.183690
0.314213 0.182042
0.299279 0.180384
0.284541 0.179231
0.270015 0.176643
0.255717 0.173944
0.241661 0.171494
0.227862 0.167758
0.214336 0.163919
0.201095 0.163089
0.188155 0.157324
0.175530 0.155965
0.163234 0.152265
0.151280 0.148711
0.139681 0.145121
0.128452 0.140942
0.117606 0.137246
0.107155 0.133204
0.097113 0.128393
0.087493 0.124160
0.078306 0.120218
0.069566 0.114857
0.061285 0.110480
0.053474 0.105865
0.046150 0.098653
0.039326 0.092569
0.033014 0.086316
0.027230 0.078964
0.021980 0.071573
0.017277 0.064213
0.013141 0.056844
0.009573 0.049640
0.006583 0.041822
0.004188 0.034291
0.002354 0.028936
0.001081 0.020082
0.000371 0.017643
0.000077 0.010127
0.000005 0.009961
0.000000 0.008464
0.000005 0.007653
0.000077 0.005141
0.000371 0.000157
0.001081 -0.004441
0.002353 -0.011461
0.004188 -0.018282
0.006585 -0.025728
0.009576 -0.033093
0.013145 -0.038605
0.017281 -0.044922
0.021983 -0.051210
0.027232 -0.057186
0.033016 -0.063644
0.039328 -0.067874
0.046152 -0.074642
0.053476 -0.078046
0.061287 -0.083910
0.069568 -0.089354
0.078308 -0.093354
0.087495 -0.098858
0.097115 -0.102638
0.107157 -0.106620
0.117608 -0.110321
0.128454 -0.113774
0.139683 -0.119047
0.151282 -0.122697
0.163235 -0.125594
0.175532 -0.129332
0.188157 -0.133381
0.201097 -0.136571
0.214337 -0.140041
0.227864 -0.142864
0.241663 -0.146462
0.255719 -0.148843
0.270017 -0.152011
0.284542 -0.153884
0.299280 -0.157187
0.314215 -0.159102
0.329331 -0.160777
0.344613 -0.162683
0.360045 -0.164878
0.375611 -0.166892
0.391296 -0.167069
0.407083 -0.168752
0.422957 -0.170548
0.438901 -0.173719
0.454899 -0.173841
0.470935 -0.175920
0.486992 -0.175606
0.503055 -0.176801
0.519107 -0.178237
0.535132 -0.180251
0.551114 -0.181139
0.567036 -0.181761
0.582884 -0.181467
0.598640 -0.180411
0.614290 -0.179883
0.629817 -0.179755
0.645206 -0.177663
0.660442 -0.176226
0.675509 -0.174985
0.690393 -0.173536
0.705077 -0.171507
0.719549 -0.168776
0.733793 -0.166216
0.747795 -0.162606
0.761542 -0.159359
0.775019 -0.155711
0.788214 -0.149678
0.801113 -0.145653
0.813704 -0.139715
0.825973 -0.134366
0.837910 -0.128709
0.849501 -0.121230
0.860735 -0.115112
0.871601 -0.108177
0.882088 -0.101027
0.892184 -0.094208
0.901880 -0.086853
0.911165 -0.079859
0.920031 -0.072122
0.928468 -0.064894
0.936467 -0.059237
0.944019 -0.051113
0.951116 -0.043258
0.957751 -0.036651
0.963920 -0.030795
0.969616 -0.025322
0.974836 -0.019801
0.979575 -0.016209
0.983831 -0.011730
0.987598 -0.009043
0.990874 -0.006822
0.993653 -0.002736
0.995934 -0.003429
0.997711 -0.000094
0.998982 0.003853
0.999745 0.002359
1.000000 0.004519
