1.000000 0.005702
0.999745 0.007280
0.998982 0.008427
0.997711 0.010517
0.995933 0.010589
0.993653 0.007721
0.990874 0.013391
0.987598 0.015071
0.983830 0.017211
0.979575 0.020430
0.974836 0.024141
0.969616 0.025849
0.963920 0.029899
0.957751 0.033560
0.951116 0.038485
0.944019 0.041842
0.936467 0.045858
0.928468 0.050354
0.920031 0.055166
0.911165 0.059937
0.901879 0.065264
0.892183 0.070038
0.882087 0.075520
0.871601 0.080541
0.860735 0.086575
0.849501 0.091349
0.837910 0.095152
0.825974 0.101175
0.813704 0.106042
0.801113 0.112403
0.788214 0.117644
0.775019 0.122909
0.761541 0.128240
0.747795 0.134179
0.733792 0.138318
0.719548 0.143387
0.705077 0.149661
0.690392 0.153905
0.675509 0.157835
0.660442 0.161932
0.645206 0.168204
0.629817 0.172600
0.614290 0.177725
0.598640 0.182030
0.582884 0.185937
0.567036 0.190357
0.551113 0.193901
0.535131 0.197742
0.519106 0.201036
0.503054 0.203940
0.486991 0.206590
0.470934 0.209009
0.454898 0.211519
0.438900 0.215201
0.422956 0.215975
0.407083 0.218165
0.391295 0.219782
0.375610 0.220781
0.360044 0.220589
0.344612 0.221008
0.329330 0.221325
0.314213 0.221118
0.299279 0.222065
0.284541 0.219585
0.270015 0.218971
0.255717 0.216324
0.241661 0.213885
0.227862 0.211672
0.214336 0.208736
0.201095 0.206030
0.188155 0.201429
0.175530 0.196691
0.163234 0.191590
0.151280 0.187141
0.139681 0.182643
0.128452 0.177606
0.117606 0.171844
0.107155 0.164929
0.097113 0.157937
0.087493 0.152414
0.078306 0.145567
0.069566 0.137752
0.061285 0.130585
0.053474 0.122294
0.046150 0.114556
0.039326 0.105951
0.033014 0.098401
0.027230 0.089516
0.021980 0.081428
0.017277 0.073079
0.013141 0.063561
0.009573 0.056105
0.006583 0.046907
0.004188 0.038569
0.002354 0.029931
0.001081 0.023648
0.000371 0.016295
0.000077 0.012123
0.000005 0.009851
0.000000 0.008816
0.000005 0.008149
0.000077 0.005442
0.000371 0.001131
0.001081 -0.004460
0.002353 -0.010152
0.004188 -0.015854
0.006585 -0.021574
0.009576 -0.026919
0.013145 -0.032463
0.017281 -0.037911
0.021983 -0.043166
0.027232 -0.047758
0.033016 -0.052444
0.039328 -0.057279
0.046152 -0.061342
0.053476 -0.063865
0.061287 -0.067980
0.069568 -0.071499
0.078308 -0.074684
0.087495 -0.078311
0.097115 -0.079855
0.107157 -0.082601
0.117608 -0.084092
0.128454 -0.087744
0.139683 -0.089000
0.151282 -0.090170
0.163235 -0.091457
0.175532 -0.092472
0.188157 -0.092651
0.201097 -0.093810
0.214337 -0.093972
0.227864 -0.094467
0.241663 -0.094637
0.255719 -0.093773
0.270017 -0.094279
0.284542 -0.092588
0.299280 -0.092763
0.314215 -0.090217
0.329331 -0.090382
0.344613 -0.088802
0.360045 -0.088678
0.375611 -0.087001
0.391296 -0.085027
0.407083 -0.083616
0.422957 -0.081597
0.438901 -0.079681
0.454899 -0.077056
0.470935 -0.074484
0.486992 -0.071957
0.503055 -0.069869
0.519107 -0.068319
0.535132 -0.065648
0.551114 -0.063115
0.567036 -0.061462
0.582884 -0.058161
0.598640 -0.055486
0.614290 -0.052358
0.629817 -0.049208
0.645206 -0.047396
0.660442 -0.042289
0.675509 -0.039269
0.690393 -0.036310
0.705077 -0.032653
0.719549 -0.030509
0.733793 -0.026489
0.747795 -0.023095
0.761542 -0.019814
0.775019 -0.017582
0.788214 -0.014119
0.801113 -0.012528
0.813704 -0.008489
0.825973 -0.005919
0.837910 -0.004172
0.849501 -0.002415
0.860735 -0.000521
0.871601 0.001266
0.882088 0.000287
0.892184 0.003024
0.901880 0.003068
0.911165 0.004281
0.920031 0.006030
0.928468 0.006257
0.936467 0.007830
0.944019 0.007981
0.951116 0.009237
0.957751 0.009524
0.963920 0.009671
0.969616 0.010231
0.974836 0.010307
0.979575 0.009167
0.983831 0.009215
0.987598 0.008357
0.990874 0.008674
0.993653 0.007960
0.995934 0.008822
0.997711 0.009614
0.998982 0.007931
0.999745 0.006565
1.000000 0.001796
