1.000000 -0.000491
0.999745 -0.000253
0.998982 0.000457
0.997711 0.001600
0.995933 0.003112
0.993653 0.005060
0.990874 0.007512
0.987598 0.010444
0.983830 0.013824
0.979575 0.017677
0.974836 0.022015
0.969616 0.026807
0.963920 0.032005
0.957751 0.037568
0.951116 0.043438
0.944019 0.049564
0.936467 0.055933
0.928468 0.062549
0.920031 0.069415
0.911165 0.076515
0.901879 0.083875
0.892183 0.091533
0.882087 0.099455
0.871601 0.107614
0.860735 0.115988
0.849501 0.124569
0.837910 0.133406
0.825974 0.142451
0.813704 0.151654
0.801113 0.160994
0.788214 0.170432
0.775019 0.179942
0.761541 0.189408
0.747795 0.198819
0.733792 0.208146
0.719548 0.217352
0.705077 0.226376
0.690392 0.235231
0.675509 0.243852
0.660442 0.252228
0.645206 0.260309
0.629817 0.268045
0.614290 0.275409
0.598640 0.282386
0.582884 0.288973
0.567036 0.295116
0.551113 0.300786
0.535131 0.305968
0.519106 0.310672
0.503054 0.314866
0.486991 0.318526
0.470934 0.321678
0.454898 0.324310
0.438900 0.326380
0.422956 0.327864
0.407083 0.328792
0.391295 0.329174
0.375610 0.328999
0.360044 0.328266
0.344612 0.327006
0.329330 0.325209
0.314213 0.322854
0.299279 0.319983
0.284541 0.316654
0.270015 0.312842
0.255717 0.308521
0.241661 0.303706
0.227862 0.298405
0.214336 0.292605
0.201095 0.286325
0.188155 0.279609
0.175530 0.272439
0.163234 0.264777
0.151280 0.256615
0.139681 0.247965
0.128452 0.238811
0.117606 0.229179
0.107155 0.219141
0.097113 0.208779
0.087493 0.198118
0.078306 0.187102
0.069566 0.175684
0.061285 0.163925
0.053474 0.152016
0.046150 0.140003
0.039326 0.127974
0.033014 0.115919
0.027230 0.103831
0.021980 0.091705
0.017277 0.079643
0.013141 0.067784
0.009573 0.056298
0.006583 0.045401
0.004188 0.035158
0.002354 0.025780
0.001081 0.017602
0.000371 0.010980
0.000077 0.006144
0.000005 0.003222
0.000000 0.002244
0.000005 0.001297
0.000077 -0.001553
0.000371 -0.006135
0.001081 -0.012191
0.002353 -0.019188
0.004188 -0.026382
0.006585 -0.033425
0.009576 -0.040479
0.013145 -0.046965
0.017281 -0.052911
0.021983 -0.058575
0.027232 -0.063936
0.033016 -0.068992
0.039328 -0.073821
0.046152 -0.078455
0.053476 -0.082846
0.061287 -0.087008
0.069568 -0.091009
0.078308 -0.094820
0.087495 -0.098384
0.097115 -0.101708
0.107157 -0.104788
0.117608 -0.107692
0.128454 -0.110367
0.139683 -0.112847
0.151282 -0.115104
0.163235 -0.117129
0.175532 -0.118897
0.188157 -0.120427
0.201097 -0.121730
0.214337 -0.122785
0.227864 -0.123595
0.241663 -0.124154
0.255719 -0.124454
0.270017 -0.124460
0.284542 -0.124174
0.299280 -0.123611
0.314215 -0.122778
0.329331 -0.121666
0.344613 -0.120278
0.360045 -0.118607
0.375611 -0.116670
0.391296 -0.114464
0.407083 -0.111976
0.422957 -0.109236
0.438901 -0.106277
0.454899 -0.103119
0.470935 -0.099776
0.486992 -0.096272
0.503055 -0.092632
0.519107 -0.088860
0.535132 -0.084970
0.551114 -0.080984
0.567036 -0.076904
0.582884 -0.072717
0.598640 -0.068420
0.614290 -0.064033
0.629817 -0.059557
0.645206 -0.055010
0.660442 -0.050423
0.675509 -0.045846
0.690393 -0.041309
0.705077 -0.036844
0.719549 -0.032488
0.733793 -0.028271
0.747795 -0.024181
0.761542 -0.020271
0.775019 -0.016568
0.788214 -0.013091
0.801113 -0.009864
0.813704 -0.006914
0.825973 -0.004225
0.837910 -0.001807
0.849501 0.000336
0.860735 0.002188
0.871601 0.003772
0.882088 0.005101
0.892184 0.006165
0.901880 0.006979
0.911165 0.007513
0.920031 0.007790
0.928468 0.007863
0.936467 0.007759
0.944019 0.007497
0.951116 0.007126
0.957751 0.006694
0.963920 0.006204
0.969616 0.005623
0.974836 0.004927
0.979575 0.004100
0.983831 0.003179
0.987598 0.002221
0.990874 0.001297
0.993653 0.000438
0.995934 -0.000335
0.997711 -0.000963
0.998982 -0.001371
0.999745 -0.001590
1.000000 -0.001661
