1.000000 0.006853
0.999745 0.011640
0.998982 0.010145
0.997711 0.009106
0.995933 0.008862
0.993653 0.010224
0.990874 0.010348
0.987598 0.010763
0.983830 0.012212
0.979575 0.013852
0.974836 0.014896
0.969616 0.016571
0.963920 0.018815
0.957751 0.020352
0.951116 0.022052
0.944019 0.023440
0.936467 0.027031
0.928468 0.029975
0.920031 0.033015
0.911165 0.036037
0.901879 0.038174
0.892183 0.040860
0.882087 0.043727
0.871601 0.047315
0.860735 0.050562
0.849501 0.052826
0.837910 0.057853
0.825974 0.061452
0.813704 0.065577
0.801113 0.070273
0.788214 0.073336
0.775019 0.076740
0.761541 0.080896
0.747795 0.085507
0.733792 0.090923
0.719548 0.094603
0.705077 0.098705
0.690392 0.101899
0.675509 0.106354
0.660442 0.111111
0.645206 0.115574
0.629817 0.119964
0.614290 0.124194
0.598640 0.128017
0.582884 0.129992
0.567036 0.133470
0.551113 0.137701
0.535131 0.142437
0.519106 0.145541
0.503054 0.147426
0.486991 0.152367
0.470934 0.154726
0.454898 0.157467
0.438900 0.159632
0.422956 0.161623
0.407083 0.163737
0.391295 0.165122
0.375610 0.166968
0.360044 0.167367
0.344612 0.168051
0.329330 0.167382
0.314213 0.167830
0.299279 0.167420
0.284541 0.167179
0.270015 0.167834
0.255717 0.165963
0.241661 0.165571
0.227862 0.164270
0.214336 0.162162
0.201095 0.160173
0.188155 0.156971
0.175530 0.155280
0.163234 0.153070
0.151280 0.150618
0.139681 0.148229
0.128452 0.144341
0.117606 0.139375
0.107155 0.134508
0.097113 0.130125
0.087493 0.125717
0.078306 0.121129
0.069566 0.115761
0.061285 0.110771
0.053474 0.105592
0.046150 0.099734
0.039326 0.094358
0.033014 0.088511
0.027230 0.081643
0.021980 0.074978
0.017277 0.067706
0.013141 0.061660
0.009573 0.054998
0.006583 0.046816
0.004188 0.037592
0.002354 0.028447
0.001081 0.022719
0.000371 0.017659
0.000077 0.012030
0.000005 0.010524
0.000000 0.008192
0.000005 0.009109
0.000077 0.003031
0.000371 -0.000324
0.001081 -0.007674
0.002353 -0.015608
0.004188 -0.021518
0.006585 -0.028880
0.009576 -0.035357
0.013145 -0.042406
0.017281 -0.049450
0.021983 -0.058022
0.027232 -0.064385
0.033016 -0.070542
0.039328 -0.076628
0.046152 -0.082336
0.053476 -0.089305
0.061287 -0.094622
0.069568 -0.100237
0.078308 -0.106518
0.087495 -0.112052
0.097115 -0.116882
0.107157 -0.122434
0.117608 -0.126358
0.128454 -0.130104
0.139683 -0.133819
0.151282 -0.135851
0.163235 -0.138887
0.175532 -0.140423
0.188157 -0.143128
0.201097 -0.146316
0.214337 -0.147785
0.227864 -0.148707
0.241663 -0.151432
0.255719 -0.152494
0.270017 -0.152581
0.284542 -0.152379
0.299280 -0.152736
0.314215 -0.152789
0.329331 -0.152396
0.344613 -0.152202
0.360045 -0.150087
0.375611 -0.150051
0.391296 -0.147883
0.407083 -0.145723
0.422957 -0.144482
0.438901 -0.140972
0.454899 -0.140040
0.470935 -0.137186
0.486992 -0.133126
0.503055 -0.131804
0.519107 -0.128323
0.535132 -0.126061
0.551114 -0.122594
0.567036 -0.119493
0.582884 -0.116362
0.598640 -0.112799
0.614290 -0.109434
0.629817 -0.106217
0.645206 -0.102424
0.660442 -0.097975
0.675509 -0.093859
0.690393 -0.089581
0.705077 -0.084268
0.719549 -0.080342
0.733793 -0.075678
0.747795 -0.071994
0.761542 -0.067346
0.775019 -0.064903
0.788214 -0.058604
0.801113 -0.055038
0.813704 -0.051562
0.825973 -0.046689
0.837910 -0.043444
0.849501 -0.038658
0.860735 -0.034896
0.871601 -0.033271
0.882088 -0.027397
0.892184 -0.025128
0.901880 -0.021460
0.911165 -0.018214
0.920031 -0.014992
0.928468 -0.011804
0.936467 -0.009221
0.944019 -0.007783
0.951116 -0.004983
0.957751 -0.002459
0.963920 -0.000441
0.969616 -0.000168
0.974836 0.001872
0.979575 0.004181
0.983831 0.004893
0.987598 0.006106
0.990874 0.007746
0.993653 0.006598
0.995934 0.007633
0.997711 0.008449
0.998982 0.009089
0.999745 0.007951
1.000000 0.006319
