1.000000 0.005764
0.999745 0.009001
0.998982 0.010036
0.997711 0.006933
0.995933 0.007655
0.993653 0.006835
0.990874 0.007193
0.987598 0.005646
0.983830 0.004282
0.979575 0.002981
0.974836 0.001516
0.969616 0.001957
0.963920 0.000888
0.957751 0.001661
0.951116 0.002584
0.944019 0.002148
0.936467 0.000375
0.928468 0.002973
0.920031 0.003609
0.911165 0.005662
0.901879 0.009253
0.892183 0.010706
0.882087 0.015610
0.871601 0.018409
0.860735 0.021168
0.849501 0.027446
0.837910 0.033519
0.825974 0.038911
0.813704 0.045413
0.801113 0.051612
0.788214 0.059033
0.775019 0.066899
0.761541 0.075083
0.747795 0.082673
0.733792 0.092359
0.719548 0.099133
0.705077 0.108681
0.690392 0.116826
0.675509 0.125959
0.660442 0.134679
0.645206 0.143376
0.629817 0.152367
0.614290 0.160366
0.598640 0.168414
0.582884 0.175863
0.567036 0.183371
0.551113 0.191171
0.535131 0.198455
0.519106 0.204965
0.503054 0.210788
0.486991 0.216206
0.470934 0.220839
0.454898 0.224838
0.438900 0.228114
0.422956 0.231498
0.407083 0.234080
0.391295 0.235415
0.375610 0.236781
0.360044 0.237149
0.344612 0.237052
0.329330 0.236796
0.314213 0.235694
0.299279 0.235244
0.284541 0.233476
0.270015 0.232159
0.255717 0.229630
0.241661 0.226269
0.227862 0.224556
0.214336 0.218446
0.201095 0.214643
0.188155 0.210003
0.175530 0.205244
0.163234 0.199830
0.151280 0.194597
0.139681 0.188618
0.128452 0.182015
0.117606 0.175787
0.107155 0.168615
0.097113 0.161088
0.087493 0.153534
0.078306 0.145408
0.069566 0.137740
0.061285 0.129410
0.053474 0.122262
0.046150 0.112477
0.039326 0.104326
0.033014 0.096006
0.027230 0.086789
0.021980 0.079271
0.017277 0.070587
0.013141 0.061689
0.009573 0.052903
0.006583 0.044729
0.004188 0.036964
0.002354 0.028609
0.001081 0.021709
0.000371 0.017173
0.000077 0.012287
0.000005 0.010012
0.000000 0.008717
0.000005 0.007439
0.000077 0.005145
0.000371 0.000861
0.001081 -0.004579
0.002353 -0.011680
0.004188 -0.015509
0.006585 -0.022133
0.009576 -0.027781
0.013145 -0.033443
0.017281 -0.040906
0.021983 -0.045505
0.027232 -0.051744
0.033016 -0.056602
0.039328 -0.061019
0.046152 -0.067564
0.053476 -0.070217
0.061287 -0.074509
0.069568 -0.077857
0.078308 -0.080916
0.087495 -0.084669
0.097115 -0.087169
0.107157 -0.089346
0.117608 -0.092747
0.128454 -0.094401
0.139683 -0.095888
0.151282 -0.097726
0.163235 -0.099173
0.175532 -0.099785
0.188157 -0.101092
0.201097 -0.100872
0.214337 -0.101108
0.227864 -0.101741
0.241663 -0.102228
0.255719 -0.100999
0.270017 -0.100750
0.284542 -0.101414
0.299280 -0.099969
0.314215 -0.099590
0.329331 -0.096887
0.344613 -0.095792
0.360045 -0.094236
0.375611 -0.091848
0.391296 -0.089444
0.407083 -0.087629
0.422957 -0.084642
0.438901 -0.083751
0.454899 -0.079876
0.470935 -0.079611
0.486992 -0.077542
0.503055 -0.075817
0.519107 -0.074238
0.535132 -0.071975
0.551114 -0.069182
0.567036 -0.066663
0.582884 -0.064644
0.598640 -0.062691
0.614290 -0.060663
0.629817 -0.058076
0.645206 -0.055314
0.660442 -0.053419
0.675509 -0.050995
0.690393 -0.048929
0.705077 -0.047017
0.719549 -0.046140
0.733793 -0.044060
0.747795 -0.043340
0.761542 -0.042807
0.775019 -0.041496
0.788214 -0.039766
0.801113 -0.037291
0.813704 -0.035637
0.825973 -0.034228
0.837910 -0.031700
0.849501 -0.030094
0.860735 -0.029070
0.871601 -0.028305
0.882088 -0.026374
0.892184 -0.022964
0.901880 -0.021589
0.911165 -0.020075
0.920031 -0.017984
0.928468 -0.017521
0.936467 -0.014818
0.944019 -0.013714
0.951116 -0.012277
0.957751 -0.010817
0.963920 -0.007780
0.969616 -0.005308
0.974836 -0.005245
0.979575 -0.002731
0.983831 -0.001548
0.987598 -0.000669
0.990874 0.002895
0.993653 0.001214
0.995934 0.004425
0.997711 0.004522
0.998982 0.006904
0.999745 0.006178
1.000000 0.005283
