1.000000 -0.000134
0.999745 0.000071
0.998982 0.000681
0.997711 0.001657
0.995933 0.002947
0.993653 0.004630
0.990874 0.006778
0.987598 0.009364
0.983830 0.012362
0.979575 0.015806
0.974836 0.019715
0.969616 0.024071
0.963920 0.028841
0.957751 0.033991
0.951116 0.039470
0.944019 0.045236
0.936467 0.051280
0.928468 0.057601
0.920031 0.064198
0.911165 0.071063
0.901879 0.078212
0.892183 0.085665
0.882087 0.093394
0.871601 0.101378
0.860735 0.109602
0.849501 0.118052
0.837910 0.126790
0.825974 0.135761
0.813704 0.144912
0.801113 0.154228
0.788214 0.163672
0.775019 0.173216
0.761541 0.182741
0.747795 0.192240
0.733792 0.201684
0.719548 0.211031
0.705077 0.220221
0.690392 0.229265
0.675509 0.238099
0.660442 0.246712
0.645206 0.255048
0.629817 0.263066
0.614290 0.270733
0.598640 0.278028
0.582884 0.284950
0.567036 0.291452
0.551113 0.297496
0.535131 0.303053
0.519106 0.308127
0.503054 0.312690
0.486991 0.316715
0.470934 0.320204
0.454898 0.323148
0.438900 0.325510
0.422956 0.327274
0.407083 0.328458
0.391295 0.329064
0.375610 0.329086
0.360044 0.328524
0.344612 0.327385
0.329330 0.325657
0.314213 0.323330
0.299279 0.320447
0.284541 0.317037
0.270015 0.313068
0.255717 0.308553
0.241661 0.303505
0.227862 0.297911
0.214336 0.291787
0.201095 0.285178
0.188155 0.278119
0.175530 0.270587
0.163234 0.262578
0.151280 0.254115
0.139681 0.245182
0.128452 0.235754
0.117606 0.225885
0.107155 0.215662
0.097113 0.205126
0.087493 0.194308
0.078306 0.183217
0.069566 0.171814
0.061285 0.160107
0.053474 0.148269
0.046150 0.136386
0.039326 0.124565
0.033014 0.112763
0.027230 0.100962
0.021980 0.089148
0.017277 0.077395
0.013141 0.065836
0.009573 0.054637
0.006583 0.044026
0.004188 0.034049
0.002354 0.024876
0.001081 0.016831
0.000371 0.010280
0.000077 0.005472
0.000005 0.002556
0.000000 0.001579
0.000005 0.000629
0.000077 -0.002237
0.000371 -0.006869
0.001081 -0.013047
0.002353 -0.020315
0.004188 -0.027963
0.006585 -0.035621
0.009576 -0.043436
0.013145 -0.050763
0.017281 -0.057473
0.021983 -0.063698
0.027232 -0.069434
0.033016 -0.074731
0.039328 -0.079655
0.046152 -0.084247
0.053476 -0.088500
0.061287 -0.092448
0.069568 -0.096119
0.078308 -0.099480
0.087495 -0.102507
0.097115 -0.105229
0.107157 -0.107604
0.117608 -0.109710
0.128454 -0.111519
0.139683 -0.113090
0.151282 -0.114373
0.163235 -0.115380
0.175532 -0.116116
0.188157 -0.116608
0.201097 -0.116844
0.214337 -0.116811
0.227864 -0.116548
0.241663 -0.116040
0.255719 -0.115263
0.270017 -0.114212
0.284542 -0.112918
0.299280 -0.111409
0.314215 -0.109679
0.329331 -0.107744
0.344613 -0.105641
0.360045 -0.103374
0.375611 -0.100957
0.391296 -0.098390
0.407083 -0.095701
0.422957 -0.092922
0.438901 -0.090068
0.454899 -0.087166
0.470935 -0.084243
0.486992 -0.081329
0.503055 -0.078423
0.519107 -0.075525
0.535132 -0.072656
0.551114 -0.069844
0.567036 -0.067078
0.582884 -0.064317
0.598640 -0.061561
0.614290 -0.058826
0.629817 -0.056093
0.645206 -0.053349
0.660442 -0.050604
0.675509 -0.047881
0.690393 -0.045168
0.705077 -0.042469
0.719549 -0.039808
0.733793 -0.037194
0.747795 -0.034601
0.761542 -0.032062
0.775019 -0.029600
0.788214 -0.027222
0.801113 -0.024940
0.813704 -0.022778
0.825973 -0.020708
0.837910 -0.018741
0.849501 -0.016885
0.860735 -0.015150
0.871601 -0.013522
0.882088 -0.012007
0.892184 -0.010619
0.901880 -0.009341
0.911165 -0.008212
0.920031 -0.007222
0.928468 -0.006334
0.936467 -0.005527
0.944019 -0.004794
0.951116 -0.004105
0.957751 -0.003428
0.963920 -0.002782
0.969616 -0.002216
0.974836 -0.001774
0.979575 -0.001490
0.983831 -0.001351
0.987598 -0.001316
0.990874 -0.001327
0.993653 -0.001377
0.995934 -0.001477
0.997711 -0.001562
0.998982 -0.001552
0.999745 -0.001508
1.000000 -0.001491
