1.000000 0.008544
0.999745 0.012088
0.998982 0.013770
0.997711 0.013993
0.995933 0.015375
0.993653 0.017742
0.990874 0.019318
0.987598 0.023104
0.983830 0.026967
0.979575 0.030950
0.974836 0.034832
0.969616 0.039003
0.963920 0.044671
0.957751 0.050830
0.951116 0.055283
0.944019 0.062036
0.936467 0.067347
0.928468 0.074541
0.920031 0.080749
0.911165 0.087803
0.901879 0.094853
0.892183 0.101624
0.882087 0.109253
0.871601 0.117271
0.860735 0.124963
0.849501 0.133631
0.837910 0.140903
0.825974 0.150318
0.813704 0.157710
0.801113 0.166111
0.788214 0.173683
0.775019 0.181774
0.761541 0.189362
0.747795 0.197217
0.733792 0.205697
0.719548 0.213362
0.705077 0.222169
0.690392 0.230343
0.675509 0.238579
0.660442 0.246105
0.645206 0.253371
0.629817 0.261860
0.614290 0.269743
0.598640 0.278179
0.582884 0.285412
0.567036 0.292639
0.551113 0.299640
0.535131 0.305277
0.519106 0.310980
0.503054 0.316471
0.486991 0.321186
0.470934 0.326684
0.454898 0.329987
0.438900 0.333096
0.422956 0.336190
0.407083 0.338994
0.391295 0.342218
0.375610 0.344786
0.360044 0.346613
0.344612 0.347446
0.329330 0.347715
0.314213 0.347656
0.299279 0.346564
0.284541 0.344924
0.270015 0.342370
0.255717 0.339204
0.241661 0.335187
0.227862 0.331311
0.214336 0.326343
0.201095 0.320862
0.188155 0.315708
0.175530 0.308541
0.163234 0.300567
0.151280 0.291545
0.139681 0.281922
0.128452 0.272662
0.117606 0.261511
0.107155 0.249551
0.097113 0.237485
0.087493 0.225431
0.078306 0.210964
0.069566 0.196120
0.061285 0.181732
0.053474 0.167147
0.046150 0.153254
0.039326 0.139464
0.033014 0.125845
0.027230 0.112632
0.021980 0.099368
0.017277 0.087239
0.013141 0.075367
0.009573 0.063033
0.006583 0.051019
0.004188 0.040362
0.002354 0.030863
0.001081 0.023827
0.000371 0.017814
0.000077 0.013117
0.000005 0.009937
0.000000 0.008432
0.000005 0.007872
0.000077 0.004722
0.000371 0.000997
0.001081 -0.004166
0.002353 -0.009846
0.004188 -0.016008
0.006585 -0.020903
0.009576 -0.026007
0.013145 -0.030022
0.017281 -0.033224
0.021983 -0.035147
0.027232 -0.036378
0.033016 -0.037477
0.039328 -0.038504
0.046152 -0.040431
0.053476 -0.040699
0.061287 -0.039166
0.069568 -0.040265
0.078308 -0.039965
0.087495 -0.039921
0.097115 -0.037474
0.107157 -0.036028
0.117608 -0.034879
0.128454 -0.030447
0.139683 -0.028349
0.151282 -0.025356
0.163235 -0.020438
0.175532 -0.018047
0.188157 -0.013351
0.201097 -0.008980
0.214337 -0.003629
0.227864 0.001597
0.241663 0.008089
0.255719 0.012099
0.270017 0.017016
0.284542 0.021259
0.299280 0.025838
0.314215 0.028797
0.329331 0.032818
0.344613 0.034557
0.360045 0.036813
0.375611 0.038770
0.391296 0.038619
0.407083 0.039514
0.422957 0.038283
0.438901 0.038412
0.454899 0.037434
0.470935 0.035599
0.486992 0.034629
0.503055 0.032560
0.519107 0.031004
0.535132 0.027904
0.551114 0.026254
0.567036 0.024805
0.582884 0.022047
0.598640 0.019438
0.614290 0.018972
0.629817 0.015336
0.645206 0.013311
0.660442 0.013335
0.675509 0.012109
0.690393 0.010408
0.705077 0.009379
0.719549 0.008242
0.733793 0.007469
0.747795 0.006256
0.761542 0.005954
0.775019 0.005030
0.788214 0.004496
0.801113 0.003998
0.813704 0.003450
0.825973 0.003119
0.837910 0.002770
0.849501 0.001866
0.860735 0.002078
0.871601 0.001137
0.882088 0.000813
0.892184 0.001203
0.901880 0.000626
0.911165 0.001629
0.920031 0.001888
0.928468 0.002604
0.936467 0.003440
0.944019 0.003279
0.951116 0.004481
0.957751 0.003959
0.963920 0.005303
0.969616 0.005417
0.974836 0.006077
0.979575 0.006627
0.983831 0.007134
0.987598 0.007442
0.990874 0.008338
0.993653 0.007986
0.995934 0.008074
0.997711 0.009010
0.998982 0.008146
0.999745 0.009349
1.000000 0.004316
