1.000000 0.006176
0.999745 0.007144
0.998982 0.008626
0.997711 0.009359
0.995933 0.011080
0.993653 0.010986
0.990874 0.011500
0.987598 0.013180
0.983830 0.015455
0.979575 0.016486
0.974836 0.017033
0.969616 0.021748
0.963920 0.023013
0.957751 0.026224
0.951116 0.029261
0.944019 0.032333
0.936467 0.035831
0.928468 0.040232
0.920031 0.044360
0.911165 0.049561
0.901879 0.052864
0.892183 0.055587
0.882087 0.061864
0.871601 0.065630
0.860735 0.070855
0.849501 0.075363
0.837910 0.081399
0.825974 0.085884
0.813704 0.091669
0.801113 0.096740
0.788214 0.102190
0.775019 0.108096
0.761541 0.112259
0.747795 0.117572
0.733792 0.123301
0.719548 0.126953
0.705077 0.132485
0.690392 0.137591
0.675509 0.142328
0.660442 0.147128
0.645206 0.150853
0.629817 0.155204
0.614290 0.159331
0.598640 0.163972
0.582884 0.167351
0.567036 0.171525
0.551113 0.175176
0.535131 0.178410
0.519106 0.181865
0.503054 0.184163
0.486991 0.186164
0.470934 0.187783
0.454898 0.190633
0.438900 0.192446
0.422956 0.194506
0.407083 0.195671
0.391295 0.197332
0.375610 0.197791
0.360044 0.198128
0.344612 0.199165
0.329330 0.198422
0.314213 0.197894
0.299279 0.196791
0.284541 0.195647
0.270015 0.193814
0.255717 0.192894
0.241661 0.189780
0.227862 0.188199
0.214336 0.186044
0.201095 0.183278
0.188155 0.180601
0.175530 0.176528
0.163234 0.173370
0.151280 0.169226
0.139681 0.164922
0.128452 0.160433
0.117606 0.155805
0.107155 0.150526
0.097113 0.144806
0.087493 0.139260
0.078306 0.132004
0.069566 0.126123
0.061285 0.119336
0.053474 0.112252
0.046150 0.105291
0.039326 0.098860
0.033014 0.091798
0.027230 0.084996
0.021980 0.078054
0.017277 0.069393
0.013141 0.062636
0.009573 0.053610
0.006583 0.045957
0.004188 0.039286
0.002354 0.029522
0.001081 0.022515
0.000371 0.015713
0.000077 0.011192
0.000005 0.008602
0.000000 0.007361
0.000005 0.006685
0.000077 0.003454
0.000371 0.000563
0.001081 -0.004723
0.002353 -0.010912
0.004188 -0.016701
0.006585 -0.022359
0.009576 -0.027095
0.013145 -0.032312
0.017281 -0.035842
0.021983 -0.039512
0.027232 -0.041425
0.033016 -0.044658
0.039328 -0.045773
0.046152 -0.047734
0.053476 -0.051234
0.061287 -0.054587
0.069568 -0.054193
0.078308 -0.056064
0.087495 -0.057009
0.097115 -0.059146
0.107157 -0.060065
0.117608 -0.062817
0.128454 -0.063010
0.139683 -0.064098
0.151282 -0.065947
0.163235 -0.066167
0.175532 -0.067485
0.188157 -0.067908
0.201097 -0.070133
0.214337 -0.069796
0.227864 -0.072019
0.241663 -0.070749
0.255719 -0.071052
0.270017 -0.071138
0.284542 -0.071852
0.299280 -0.071645
0.314215 -0.071669
0.329331 -0.072424
0.344613 -0.071558
0.360045 -0.071815
0.375611 -0.071342
0.391296 -0.071372
0.407083 -0.071618
0.422957 -0.071335
0.438901 -0.070673
0.454899 -0.070145
0.470935 -0.070324
0.486992 -0.069759
0.503055 -0.069221
0.519107 -0.068149
0.535132 -0.068006
0.551114 -0.066915
0.567036 -0.067059
0.582884 -0.065775
0.598640 -0.065093
0.614290 -0.063359
0.629817 -0.061273
0.645206 -0.061071
0.660442 -0.059827
0.675509 -0.057749
0.690393 -0.056627
0.705077 -0.055569
0.719549 -0.054088
0.733793 -0.051867
0.747795 -0.049514
0.761542 -0.048520
0.775019 -0.046788
0.788214 -0.044323
0.801113 -0.042566
0.813704 -0.041143
0.825973 -0.038240
0.837910 -0.036878
0.849501 -0.034189
0.860735 -0.032199
0.871601 -0.030234
0.882088 -0.027563
0.892184 -0.025847
0.901880 -0.023595
0.911165 -0.022904
0.920031 -0.020404
0.928468 -0.018241
0.936467 -0.016811
0.944019 -0.014413
0.951116 -0.012975
0.957751 -0.011792
0.963920 -0.007323
0.969616 -0.007140
0.974836 -0.005761
0.979575 -0.002893
0.983831 -0.001144
0.987598 0.000221
0.990874 0.001525
0.993653 0.004458
0.995934 0.004803
0.997711 0.006621
0.998982 0.005919
0.999745 0.007535
1.000000 0.007418
