1.000000 0.004977
0.999745 0.004046
0.998982 0.005596
0.997711 0.005716
0.995933 0.005921
0.993653 0.009233
0.990874 0.009088
0.987598 0.010616
0.983830 0.013545
0.979575 0.016995
0.974836 0.018841
0.969616 0.023474
0.963920 0.026411
0.957751 0.031012
0.951116 0.035407
0.944019 0.040182
0.936467 0.044938
0.928468 0.050978
0.920031 0.056675
0.911165 0.063324
0.901879 0.069355
0.892183 0.075158
0.882087 0.083952
0.871601 0.091063
0.860735 0.099259
0.849501 0.107394
0.837910 0.115546
0.825974 0.124579
0.813704 0.132470
0.801113 0.142756
0.788214 0.151155
0.775019 0.161095
0.761541 0.169622
0.747795 0.178659
0.733792 0.188236
0.719548 0.197739
0.705077 0.207428
0.690392 0.216407
0.675509 0.225232
0.660442 0.233643
0.645206 0.241623
0.629817 0.250635
0.614290 0.258057
0.598640 0.265371
0.582884 0.274198
0.567036 0.280100
0.551113 0.286954
0.535131 0.292895
0.519106 0.298410
0.503054 0.303700
0.486991 0.308337
0.470934 0.312369
0.454898 0.316625
0.438900 0.320158
0.422956 0.322280
0.407083 0.323919
0.391295 0.325108
0.375610 0.325057
0.360044 0.326738
0.344612 0.324176
0.329330 0.322949
0.314213 0.321133
0.299279 0.318137
0.284541 0.315360
0.270015 0.310984
0.255717 0.308480
0.241661 0.301965
0.227862 0.297464
0.214336 0.292485
0.201095 0.286972
0.188155 0.281549
0.175530 0.273861
0.163234 0.266682
0.151280 0.259464
0.139681 0.249831
0.128452 0.241013
0.117606 0.230687
0.107155 0.220507
0.097113 0.210035
0.087493 0.199597
0.078306 0.188372
0.069566 0.176034
0.061285 0.164602
0.053474 0.152052
0.046150 0.140061
0.039326 0.127436
0.033014 0.115264
0.027230 0.102521
0.021980 0.090811
0.017277 0.078412
0.013141 0.065351
0.009573 0.053369
0.006583 0.042000
0.004188 0.032226
0.002354 0.022991
0.001081 0.014518
0.000371 0.008522
0.000077 0.004693
0.000005 0.002603
0.000000 0.000624
0.000005 -0.001833
0.000077 -0.003235
0.000371 -0.008805
0.001081 -0.014990
0.002353 -0.020153
0.004188 -0.027104
0.006585 -0.032982
0.009576 -0.037279
0.013145 -0.041795
0.017281 -0.045242
0.021983 -0.048987
0.027232 -0.052917
0.033016 -0.054787
0.039328 -0.057839
0.046152 -0.059834
0.053476 -0.061834
0.061287 -0.063172
0.069568 -0.064815
0.078308 -0.066194
0.087495 -0.066013
0.097115 -0.067139
0.107157 -0.067519
0.117608 -0.067372
0.128454 -0.067777
0.139683 -0.067105
0.151282 -0.066640
0.163235 -0.064563
0.175532 -0.063821
0.188157 -0.061155
0.201097 -0.059752
0.214337 -0.057655
0.227864 -0.055185
0.241663 -0.053076
0.255719 -0.050774
0.270017 -0.047567
0.284542 -0.045460
0.299280 -0.041951
0.314215 -0.039892
0.329331 -0.037245
0.344613 -0.034689
0.360045 -0.030432
0.375611 -0.029128
0.391296 -0.025886
0.407083 -0.023179
0.422957 -0.019986
0.438901 -0.018454
0.454899 -0.014307
0.470935 -0.011999
0.486992 -0.009550
0.503055 -0.008144
0.519107 -0.004628
0.535132 -0.002842
0.551114 -0.000110
0.567036 0.001465
0.582884 0.004396
0.598640 0.005638
0.614290 0.008351
0.629817 0.010380
0.645206 0.012500
0.660442 0.014318
0.675509 0.017107
0.690393 0.018027
0.705077 0.019494
0.719549 0.020269
0.733793 0.021888
0.747795 0.021576
0.761542 0.021513
0.775019 0.024525
0.788214 0.025311
0.801113 0.026366
0.813704 0.026515
0.825973 0.026258
0.837910 0.027410
0.849501 0.026830
0.860735 0.026957
0.871601 0.027265
0.882088 0.027089
0.892184 0.025912
0.901880 0.024392
0.911165 0.025041
0.920031 0.024194
0.928468 0.022980
0.936467 0.022563
0.944019 0.021995
0.951116 0.021132
0.957751 0.019864
0.963920 0.018597
0.969616 0.018399
0.974836 0.015186
0.979575 0.014624
0.983831 0.013742
0.987598 0.011995
0.990874 0.011649
0.993653 0.010630
0.995934 0.009869
0.997711 0.009713
0.998982 0.008064
0.999745 0.008991
1.000000 0.006136
