1.000000 0.005358
0.999745 0.006887
0.998982 0.008922
0.997711 0.009966
0.995933 0.010793
0.993653 0.012045
0.990874 0.013202
0.987598 0.015794
0.983830 0.016452
0.979575 0.019474
0.974836 0.023666
0.969616 0.025591
0.963920 0.028407
0.957751 0.031574
0.951116 0.034652
0.944019 0.037744
0.936467 0.040955
0.928468 0.044433
0.920031 0.049502
0.911165 0.053616
0.901879 0.058892
0.892183 0.063061
0.882087 0.065903
0.871601 0.071980
0.860735 0.076385
0.849501 0.083131
0.837910 0.088239
0.825974 0.093483
0.813704 0.098953
0.801113 0.104329
0.788214 0.110699
0.775019 0.116313
0.761541 0.123866
0.747795 0.129392
0.733792 0.135364
0.719548 0.142669
0.705077 0.148778
0.690392 0.156273
0.675509 0.163052
0.660442 0.169758
0.645206 0.175840
0.629817 0.181714
0.614290 0.188102
0.598640 0.193496
0.582884 0.199600
0.567036 0.205449
0.551113 0.211488
0.535131 0.216797
0.519106 0.222655
0.503054 0.227958
0.486991 0.233848
0.470934 0.238847
0.454898 0.243114
0.438900 0.247361
0.422956 0.250978
0.407083 0.253993
0.391295 0.256758
0.375610 0.258426
0.360044 0.259671
0.344612 0.261248
0.329330 0.258655
0.314213 0.257186
0.299279 0.256204
0.284541 0.253491
0.270015 0.251281
0.255717 0.247943
0.241661 0.243929
0.227862 0.239563
0.214336 0.235543
0.201095 0.229252
0.188155 0.222367
0.175530 0.215115
0.163234 0.207751
0.151280 0.199834
0.139681 0.192031
0.128452 0.182907
0.117606 0.172928
0.107155 0.163842
0.097113 0.154485
0.087493 0.146795
0.078306 0.138168
0.069566 0.129734
0.061285 0.121459
0.053474 0.112773
0.046150 0.104259
0.039326 0.095099
0.033014 0.086934
0.027230 0.078991
0.021980 0.070901
0.017277 0.062977
0.013141 0.055197
0.009573 0.047993
0.006583 0.041307
0.004188 0.035053
0.002354 0.028539
0.001081 0.022670
0.000371 0.015962
0.000077 0.011791
0.000005 0.008231
0.000000 0.007178
0.000005 0.006119
0.000077 0.004607
0.000371 0.002137
0.001081 -0.001692
0.002353 -0.005715
0.004188 -0.009694
0.006585 -0.011553
0.009576 -0.013526
0.013145 -0.014844
0.017281 -0.015232
0.021983 -0.015761
0.027232 -0.015238
0.033016 -0.014248
0.039328 -0.014137
0.046152 -0.012637
0.053476 -0.010560
0.061287 -0.010080
0.069568 -0.007599
0.078308 -0.005038
0.087495 -0.002444
0.097115 -0.001362
0.107157 0.002269
0.117608 0.005316
0.128454 0.007556
0.139683 0.010050
0.151282 0.012106
0.163235 0.015083
0.175532 0.017349
0.188157 0.018596
0.201097 0.023784
0.214337 0.022962
0.227864 0.027272
0.241663 0.030920
0.255719 0.031293
0.270017 0.032948
0.284542 0.034454
0.299280 0.036635
0.314215 0.038624
0.329331 0.038151
0.344613 0.038911
0.360045 0.037579
0.375611 0.036908
0.391296 0.036007
0.407083 0.035795
0.422957 0.033352
0.438901 0.033301
0.454899 0.031422
0.470935 0.029264
0.486992 0.026234
0.503055 0.025693
0.519107 0.021743
0.535132 0.018914
0.551114 0.016909
0.567036 0.015617
0.582884 0.013474
0.598640 0.009603
0.614290 0.008929
0.629817 0.004482
0.645206 0.003250
0.660442 0.000427
0.675509 -0.001024
0.690393 -0.003463
0.705077 -0.004658
0.719549 -0.007813
0.733793 -0.009483
0.747795 -0.010762
0.761542 -0.012233
0.775019 -0.012965
0.788214 -0.013624
0.801113 -0.014262
0.813704 -0.014596
0.825973 -0.015857
0.837910 -0.016215
0.849501 -0.016449
0.860735 -0.016899
0.871601 -0.016795
0.882088 -0.017249
0.892184 -0.017747
0.901880 -0.017743
0.911165 -0.018141
0.920031 -0.017290
0.928468 -0.015928
0.936467 -0.015498
0.944019 -0.012287
0.951116 -0.011284
0.957751 -0.010461
0.963920 -0.007526
0.969616 -0.005895
0.974836 -0.001876
0.979575 -0.001692
0.983831 0.001132
0.987598 0.002178
0.990874 0.003312
0.993653 0.003861
0.995934 0.003856
0.997711 0.006299
0.998982 0.004597
0.999745 0.001178
1.000000 -0.000525
