1.000000 0.010210
0.999745 0.008914
0.998982 0.009523
0.997711 0.012174
0.995933 0.012788
0.993653 0.013705
0.990874 0.014339
0.987598 0.016330
0.983830 0.018079
0.979575 0.019779
0.974836 0.022692
0.969616 0.025839
0.963920 0.029073
0.957751 0.031733
0.951116 0.034375
0.944019 0.040016
0.936467 0.042518
0.928468 0.047779
0.920031 0.052993
0.911165 0.057358
0.901879 0.062119
0.892183 0.068407
0.882087 0.074371
0.871601 0.080929
0.860735 0.086979
0.849501 0.092476
0.837910 0.099691
0.825974 0.105600
0.813704 0.112314
0.801113 0.118769
0.788214 0.124755
0.775019 0.131404
0.761541 0.137815
0.747795 0.145301
0.733792 0.152801
0.719548 0.160000
0.705077 0.167318
0.690392 0.175356
0.675509 0.183057
0.660442 0.191058
0.645206 0.198331
0.629817 0.206063
0.614290 0.211947
0.598640 0.218501
0.582884 0.225795
0.567036 0.231634
0.551113 0.238005
0.535131 0.243289
0.519106 0.247376
0.503054 0.253558
0.486991 0.257247
0.470934 0.259905
0.454898 0.263797
0.438900 0.266326
0.422956 0.269087
0.407083 0.271399
0.391295 0.271811
0.375610 0.272130
0.360044 0.271959
0.344612 0.271548
0.329330 0.271181
0.314213 0.269553
0.299279 0.269125
0.284541 0.266983
0.270015 0.265020
0.255717 0.263445
0.241661 0.260722
0.227862 0.258707
0.214336 0.253727
0.201095 0.250786
0.188155 0.247050
0.175530 0.241738
0.163234 0.237734
0.151280 0.231491
0.139681 0.225151
0.128452 0.218654
0.117606 0.210681
0.107155 0.203526
0.097113 0.195819
0.087493 0.187365
0.078306 0.178294
0.069566 0.168768
0.061285 0.159302
0.053474 0.149553
0.046150 0.139559
0.039326 0.129001
0.033014 0.118160
0.027230 0.107251
0.021980 0.096140
0.017277 0.084228
0.013141 0.073583
0.009573 0.061915
0.006583 0.051782
0.004188 0.042910
0.002354 0.032934
0.001081 0.024657
0.000371 0.017686
0.000077 0.013247
0.000005 0.010172
0.000000 0.009780
0.000005 0.009140
0.000077 0.006290
0.000371 -0.000328
0.001081 -0.007207
0.002353 -0.014827
0.004188 -0.020708
0.006585 -0.026915
0.009576 -0.034391
0.013145 -0.042515
0.017281 -0.049615
0.021983 -0.055755
0.027232 -0.062793
0.033016 -0.067975
0.039328 -0.073642
0.046152 -0.079539
0.053476 -0.085273
0.061287 -0.091391
0.069568 -0.097022
0.078308 -0.101203
0.087495 -0.105761
0.097115 -0.109643
0.107157 -0.113648
0.117608 -0.119314
0.128454 -0.120779
0.139683 -0.124993
0.151282 -0.127833
0.163235 -0.130046
0.175532 -0.132586
0.188157 -0.134237
0.201097 -0.136793
0.214337 -0.138760
0.227864 -0.140048
0.241663 -0.142403
0.255719 -0.142414
0.270017 -0.143732
0.284542 -0.143768
0.299280 -0.144255
0.314215 -0.145364
0.329331 -0.144538
0.344613 -0.144448
0.360045 -0.144034
0.375611 -0.143008
0.391296 -0.142469
0.407083 -0.141430
0.422957 -0.139890
0.438901 -0.137191
0.454899 -0.135745
0.470935 -0.133181
0.486992 -0.129550
0.503055 -0.125728
0.519107 -0.122080
0.535132 -0.118344
0.551114 -0.115059
0.567036 -0.110572
0.582884 -0.107110
0.598640 -0.102169
0.614290 -0.097453
0.629817 -0.091918
0.645206 -0.087997
0.660442 -0.083104
0.675509 -0.077647
0.690393 -0.073291
0.705077 -0.067612
0.719549 -0.063132
0.733793 -0.059224
0.747795 -0.052536
0.761542 -0.049234
0.775019 -0.044816
0.788214 -0.041260
0.801113 -0.036571
0.813704 -0.033511
0.825973 -0.029606
0.837910 -0.025206
0.849501 -0.021572
0.860735 -0.017698
0.871601 -0.014345
0.882088 -0.011555
0.892184 -0.009420
0.901880 -0.006472
0.911165 -0.004329
0.920031 -0.002328
0.928468 -0.000697
0.936467 0.000858
0.944019 0.002525
0.951116 0.004255
0.957751 0.003770
0.963920 0.005776
0.969616 0.006878
0.974836 0.007472
0.979575 0.007298
0.983831 0.007864
0.987598 0.006979
0.990874 0.007790
0.993653 0.007500
0.995934 0.007420
0.997711 0.007126
0.998982 0.008461
0.999745 0.006318
1.000000 0.006420
