1.000000 0.003078
0.999745 0.003234
0.998982 0.003698
0.997711 0.004444
0.995933 0.005432
0.993653 0.006712
0.990874 0.008344
0.987598 0.010346
0.983830 0.012717
0.979575 0.015456
0.974836 0.018561
0.969616 0.022024
0.963920 0.025833
0.957751 0.029956
0.951116 0.034327
0.944019 0.038897
0.936467 0.043665
0.928468 0.048664
0.920031 0.053903
0.911165 0.059366
0.901879 0.065099
0.892183 0.071147
0.882087 0.077479
0.871601 0.084069
0.860735 0.090921
0.849501 0.098051
0.837910 0.105528
0.825974 0.113295
0.813704 0.121284
0.801113 0.129498
0.788214 0.137920
0.775019 0.146527
0.761541 0.155220
0.747795 0.163987
0.733792 0.172822
0.719548 0.181705
0.705077 0.190592
0.690392 0.199491
0.675509 0.208342
0.660442 0.217134
0.645206 0.225815
0.629817 0.234342
0.614290 0.242705
0.598640 0.250887
0.582884 0.258871
0.567036 0.266594
0.551113 0.274025
0.535131 0.281159
0.519106 0.287975
0.503054 0.294417
0.486991 0.300474
0.470934 0.306164
0.454898 0.311470
0.438900 0.316343
0.422956 0.320772
0.407083 0.324771
0.391295 0.328332
0.375610 0.331394
0.360044 0.333940
0.344612 0.335977
0.329330 0.337489
0.314213 0.338407
0.299279 0.338701
0.284541 0.338363
0.270015 0.337352
0.255717 0.335616
0.241661 0.333127
0.227862 0.329865
0.214336 0.325784
0.201095 0.320879
0.188155 0.315166
0.175530 0.308631
0.163234 0.301254
0.151280 0.293026
0.139681 0.283949
0.128452 0.274024
0.117606 0.263331
0.107155 0.251966
0.097113 0.239971
0.087493 0.227388
0.078306 0.214235
0.069566 0.200477
0.061285 0.186218
0.053474 0.171718
0.046150 0.157122
0.039326 0.142558
0.033014 0.128084
0.027230 0.113717
0.021980 0.099476
0.017277 0.085494
0.013141 0.071957
0.009573 0.059088
0.006583 0.047103
0.004188 0.036091
0.002354 0.026227
0.001081 0.017810
0.000371 0.011094
0.000077 0.006227
0.000005 0.003296
0.000000 0.002314
0.000005 0.001372
0.000077 -0.001445
0.000371 -0.005930
0.001081 -0.011780
0.002353 -0.018393
0.004188 -0.024950
0.006585 -0.031061
0.009576 -0.036867
0.013145 -0.041599
0.017281 -0.045240
0.021983 -0.048250
0.027232 -0.050916
0.033016 -0.053340
0.039328 -0.055612
0.046152 -0.057805
0.053476 -0.059971
0.061287 -0.062132
0.069568 -0.064285
0.078308 -0.066394
0.087495 -0.068451
0.097115 -0.070482
0.107157 -0.072479
0.117608 -0.074516
0.128454 -0.076572
0.139683 -0.078649
0.151282 -0.080697
0.163235 -0.082688
0.175532 -0.084605
0.188157 -0.086439
0.201097 -0.088168
0.214337 -0.089784
0.227864 -0.091308
0.241663 -0.092745
0.255719 -0.094048
0.270017 -0.095189
0.284542 -0.096178
0.299280 -0.097034
0.314215 -0.097747
0.329331 -0.098289
0.344613 -0.098659
0.360045 -0.098846
0.375611 -0.098850
0.391296 -0.098651
0.407083 -0.098228
0.422957 -0.097622
0.438901 -0.096851
0.454899 -0.095924
0.470935 -0.094848
0.486992 -0.093669
0.503055 -0.092399
0.519107 -0.091037
0.535132 -0.089587
0.551114 -0.088059
0.567036 -0.086437
0.582884 -0.084702
0.598640 -0.082856
0.614290 -0.080898
0.629817 -0.078788
0.645206 -0.076523
0.660442 -0.074134
0.675509 -0.071661
0.690393 -0.069091
0.705077 -0.066417
0.719549 -0.063664
0.733793 -0.060879
0.747795 -0.058054
0.761542 -0.055203
0.775019 -0.052330
0.788214 -0.049458
0.801113 -0.046619
0.813704 -0.043816
0.825973 -0.041025
0.837910 -0.038267
0.849501 -0.035561
0.860735 -0.032915
0.871601 -0.030332
0.882088 -0.027828
0.892184 -0.025429
0.901880 -0.023143
0.911165 -0.021011
0.920031 -0.019021
0.928468 -0.017133
0.936467 -0.015327
0.944019 -0.013592
0.951116 -0.011896
0.957751 -0.010222
0.963920 -0.008604
0.969616 -0.007114
0.974836 -0.005811
0.979575 -0.004740
0.983831 -0.003891
0.987598 -0.003228
0.990874 -0.002702
0.993653 -0.002308
0.995934 -0.002047
0.997711 -0.001851
0.998982 -0.001654
0.999745 -0.001508
1.000000 -0.001457
