1.000000 0.011993
0.999745 0.014859
0.998982 0.016919
0.997711 0.018229
0.995933 0.023843
0.993653 0.021567
0.990874 0.022558
0.987598 0.025754
0.983830 0.029855
0.979575 0.034096
0.974836 0.038071
0.969616 0.042358
0.963920 0.046370
0.957751 0.052185
0.951116 0.057907
0.944019 0.063432
0.936467 0.068002
0.928468 0.073479
0.920031 0.079682
0.911165 0.085484
0.901879 0.092477
0.892183 0.099361
0.882087 0.106871
0.871601 0.114345
0.860735 0.121536
0.849501 0.128649
0.837910 0.136912
0.825974 0.143086
0.813704 0.150252
0.801113 0.157403
0.788214 0.165084
0.775019 0.173483
0.761541 0.181299
0.747795 0.188574
0.733792 0.196421
0.719548 0.203277
0.705077 0.211855
0.690392 0.218244
0.675509 0.225150
0.660442 0.232427
0.645206 0.238977
0.629817 0.245370
0.614290 0.251873
0.598640 0.257746
0.582884 0.264637
0.567036 0.270404
0.551113 0.276126
0.535131 0.281094
0.519106 0.284847
0.503054 0.289688
0.486991 0.293704
0.470934 0.298177
0.454898 0.302337
0.438900 0.306429
0.422956 0.310634
0.407083 0.312717
0.391295 0.315012
0.375610 0.316659
0.360044 0.318507
0.344612 0.319382
0.329330 0.319622
0.314213 0.319344
0.299279 0.318293
0.284541 0.316812
0.270015 0.314832
0.255717 0.312051
0.241661 0.308719
0.227862 0.304360
0.214336 0.299870
0.201095 0.294676
0.188155 0.288903
0.175530 0.282301
0.163234 0.275143
0.151280 0.267584
0.139681 0.258804
0.128452 0.248959
0.117606 0.239256
0.107155 0.228244
0.097113 0.216751
0.087493 0.207215
0.078306 0.193799
0.069566 0.183209
0.061285 0.171101
0.053474 0.159545
0.046150 0.145090
0.039326 0.133850
0.033014 0.121652
0.027230 0.109813
0.021980 0.096954
0.017277 0.084362
0.013141 0.071458
0.009573 0.058823
0.006583 0.048521
0.004188 0.039213
0.002354 0.029205
0.001081 0.022303
0.000371 0.015192
0.000077 0.011220
0.000005 0.008877
0.000000 0.008122
0.000005 0.007483
0.000077 0.004763
0.000371 0.000451
0.001081 -0.004889
0.002353 -0.010785
0.004188 -0.016428
0.006585 -0.021351
0.009576 -0.027083
0.013145 -0.030671
0.017281 -0.033845
0.021983 -0.034861
0.027232 -0.037195
0.033016 -0.037150
0.039328 -0.037593
0.046152 -0.036458
0.053476 -0.034858
0.061287 -0.031283
0.069568 -0.028573
0.078308 -0.025504
0.087495 -0.021117
0.097115 -0.018569
0.107157 -0.010963
0.117608 -0.007811
0.128454 -0.005418
0.139683 -0.000795
0.151282 0.002825
0.163235 0.006387
0.175532 0.009290
0.188157 0.013958
0.201097 0.016187
0.214337 0.019282
0.227864 0.022687
0.241663 0.026498
0.255719 0.029414
0.270017 0.032289
0.284542 0.034143
0.299280 0.035225
0.314215 0.038560
0.329331 0.039758
0.344613 0.039634
0.360045 0.038821
0.375611 0.039455
0.391296 0.040094
0.407083 0.038795
0.422957 0.035798
0.438901 0.035296
0.454899 0.034048
0.470935 0.030527
0.486992 0.028612
0.503055 0.027048
0.519107 0.022679
0.535132 0.021485
0.551114 0.019381
0.567036 0.016793
0.582884 0.013556
0.598640 0.011008
0.614290 0.009111
0.629817 0.005316
0.645206 0.005501
0.660442 -0.001029
0.675509 -0.001773
0.690393 -0.004105
0.705077 -0.005536
0.719549 -0.007929
0.733793 -0.009737
0.747795 -0.011428
0.761542 -0.012274
0.775019 -0.012684
0.788214 -0.014043
0.801113 -0.014022
0.813704 -0.014422
0.825973 -0.014342
0.837910 -0.013790
0.849501 -0.014279
0.860735 -0.013447
0.871601 -0.012844
0.882088 -0.011960
0.892184 -0.011701
0.901880 -0.010394
0.911165 -0.010478
0.920031 -0.008544
0.928468 -0.007485
0.936467 -0.005328
0.944019 -0.005656
0.951116 -0.003957
0.957751 -0.003772
0.963920 -0.002307
0.969616 -0.000718
0.974836 0.000680
0.979575 0.001140
0.983831 0.002409
0.987598 0.002552
0.990874 0.003936
0.993653 0.005367
0.995934 0.005583
0.997711 0.007168
0.998982 0.007110
0.999745 0.006775
1.000000 0.005230
