1.000000 0.012477
0.999745 0.011869
0.998982 0.013996
0.997711 0.016475
0.995933 0.017124
0.993653 0.019577
0.990874 0.022268
0.987598 0.025122
0.983830 0.030433
0.979575 0.031561
0.974836 0.035668
0.969616 0.040466
0.963920 0.045094
0.957751 0.049597
0.951116 0.055396
0.944019 0.060865
0.936467 0.067633
0.928468 0.074563
0.920031 0.080645
0.911165 0.086620
0.901879 0.093487
0.892183 0.097661
0.882087 0.104576
0.871601 0.111342
0.860735 0.116276
0.849501 0.122163
0.837910 0.127106
0.825974 0.132639
0.813704 0.137253
0.801113 0.142237
0.788214 0.147619
0.775019 0.153263
0.761541 0.158739
0.747795 0.163583
0.733792 0.168151
0.719548 0.172795
0.705077 0.176532
0.690392 0.181153
0.675509 0.183972
0.660442 0.187182
0.645206 0.189785
0.629817 0.192208
0.614290 0.193980
0.598640 0.195702
0.582884 0.196298
0.567036 0.198223
0.551113 0.197702
0.535131 0.198555
0.519106 0.198834
0.503054 0.199692
0.486991 0.199657
0.470934 0.200217
0.454898 0.198913
0.438900 0.197875
0.422956 0.197022
0.407083 0.195836
0.391295 0.194916
0.375610 0.194090
0.360044 0.192535
0.344612 0.190823
0.329330 0.188625
0.314213 0.186464
0.299279 0.184317
0.284541 0.182056
0.270015 0.178887
0.255717 0.175075
0.241661 0.172035
0.227862 0.169493
0.214336 0.166850
0.201095 0.164776
0.188155 0.160278
0.175530 0.156485
0.163234 0.153290
0.151280 0.149229
0.139681 0.145263
0.128452 0.141095
0.117606 0.136102
0.107155 0.131019
0.097113 0.125933
0.087493 0.119605
0.078306 0.114634
0.069566 0.109791
0.061285 0.102982
0.053474 0.097947
0.046150 0.092444
0.039326 0.087281
0.033014 0.082224
0.027230 0.076422
0.021980 0.070337
0.017277 0.064202
0.013141 0.058052
0.009573 0.050930
0.006583 0.043284
0.004188 0.035885
0.002354 0.028143
0.001081 0.021248
0.000371 0.015852
0.000077 0.010165
0.000005 0.008193
0.000000 0.007411
0.000005 0.006900
0.000077 0.004040
0.000371 -0.000076
0.001081 -0.006338
0.002353 -0.014713
0.004188 -0.022742
0.006585 -0.030237
0.009576 -0.037646
0.013145 -0.043552
0.017281 -0.050307
0.021983 -0.056351
0.027232 -0.060586
0.033016 -0.065497
0.039328 -0.069706
0.046152 -0.074067
0.053476 -0.078511
0.061287 -0.082942
0.069568 -0.085956
0.078308 -0.090293
0.087495 -0.093328
0.097115 -0.095445
0.107157 -0.097954
0.117608 -0.100920
0.128454 -0.102260
0.139683 -0.103501
0.151282 -0.104822
0.163235 -0.105770
0.175532 -0.105540
0.188157 -0.107316
0.201097 -0.106861
0.214337 -0.106838
0.227864 -0.106309
0.241663 -0.107002
0.255719 -0.105463
0.270017 -0.103291
0.284542 -0.104028
0.299280 -0.100655
0.314215 -0.099210
0.329331 -0.097064
0.344613 -0.094656
0.360045 -0.091073
0.375611 -0.090173
0.391296 -0.086304
0.407083 -0.081816
0.422957 -0.078204
0.438901 -0.073306
0.454899 -0.070067
0.470935 -0.065013
0.486992 -0.059528
0.503055 -0.054502
0.519107 -0.049120
0.535132 -0.043816
0.551114 -0.037983
0.567036 -0.031779
0.582884 -0.026839
0.598640 -0.021215
0.614290 -0.015300
0.629817 -0.011572
0.645206 -0.006009
0.660442 -0.002620
0.675509 0.003346
0.690393 0.008204
0.705077 0.013999
0.719549 0.019295
0.733793 0.025267
0.747795 0.029692
0.761542 0.034966
0.775019 0.039849
0.788214 0.043753
0.801113 0.048484
0.813704 0.051722
0.825973 0.054548
0.837910 0.056101
0.849501 0.057046
0.860735 0.059487
0.871601 0.058529
0.882088 0.059253
0.892184 0.059140
0.901880 0.057307
0.911165 0.055087
0.920031 0.052434
0.928468 0.049551
0.936467 0.045622
0.944019 0.041413
0.951116 0.037420
0.957751 0.033088
0.963920 0.028840
0.969616 0.024356
0.974836 0.018954
0.979575 0.015584
0.983831 0.010956
0.987598 0.008220
0.990874 0.005133
0.993653 0.003747
0.995934 0.001656
0.997711 0.002235
0.998982 0.001846
0.999745 0.001471
1.000000 -0.005990
