1.000000 0.010783
0.999745 0.010077
0.998982 0.009402
0.997711 0.012930
0.995933 0.013943
0.993653 0.015986
0.990874 0.017120
0.987598 0.017909
0.983830 0.022223
0.979575 0.025348
0.974836 0.028657
0.969616 0.031709
0.963920 0.035138
0.957751 0.041755
0.951116 0.044678
0.944019 0.050991
0.936467 0.056780
0.928468 0.062704
0.920031 0.069388
0.911165 0.076095
0.901879 0.082264
0.892183 0.089463
0.882087 0.096351
0.871601 0.103029
0.860735 0.109792
0.849501 0.117112
0.837910 0.125315
0.825974 0.133070
0.813704 0.139779
0.801113 0.147854
0.788214 0.154659
0.775019 0.161748
0.761541 0.168195
0.747795 0.175704
0.733792 0.180996
0.719548 0.188106
0.705077 0.193803
0.690392 0.200077
0.675509 0.205694
0.660442 0.210417
0.645206 0.215472
0.629817 0.219774
0.614290 0.224465
0.598640 0.228138
0.582884 0.233920
0.567036 0.236474
0.551113 0.238885
0.535131 0.243022
0.519106 0.245265
0.503054 0.248495
0.486991 0.250966
0.470934 0.252759
0.454898 0.254872
0.438900 0.255729
0.422956 0.258695
0.407083 0.257014
0.391295 0.257778
0.375610 0.257656
0.360044 0.257344
0.344612 0.256827
0.329330 0.255214
0.314213 0.253075
0.299279 0.250590
0.284541 0.248729
0.270015 0.245715
0.255717 0.243867
0.241661 0.239432
0.227862 0.234453
0.214336 0.230062
0.201095 0.225630
0.188155 0.220877
0.175530 0.215665
0.163234 0.209439
0.151280 0.203822
0.139681 0.199246
0.128452 0.191926
0.117606 0.185423
0.107155 0.178462
0.097113 0.171619
0.087493 0.164665
0.078306 0.157053
0.069566 0.149799
0.061285 0.142646
0.053474 0.135460
0.046150 0.127742
0.039326 0.119377
0.033014 0.110369
0.027230 0.100652
0.021980 0.090407
0.017277 0.080594
0.013141 0.070349
0.009573 0.060177
0.006583 0.050462
0.004188 0.040603
0.002354 0.030606
0.001081 0.023727
0.000371 0.017091
0.000077 0.011690
0.000005 0.009491
0.000000 0.009293
0.000005 0.008750
0.000077 0.006691
0.000371 0.001279
0.001081 -0.005037
0.002353 -0.013902
0.004188 -0.021231
0.006585 -0.027786
0.009576 -0.036171
0.013145 -0.043188
0.017281 -0.050092
0.021983 -0.058665
0.027232 -0.063822
0.033016 -0.069843
0.039328 -0.075279
0.046152 -0.079190
0.053476 -0.083495
0.061287 -0.088570
0.069568 -0.093130
0.078308 -0.098534
0.087495 -0.101527
0.097115 -0.104521
0.107157 -0.110923
0.117608 -0.112396
0.128454 -0.114744
0.139683 -0.118116
0.151282 -0.120259
0.163235 -0.123155
0.175532 -0.124182
0.188157 -0.126616
0.201097 -0.127391
0.214337 -0.129346
0.227864 -0.131062
0.241663 -0.132608
0.255719 -0.132278
0.270017 -0.134214
0.284542 -0.133185
0.299280 -0.133142
0.314215 -0.132241
0.329331 -0.131973
0.344613 -0.130646
0.360045 -0.129905
0.375611 -0.127963
0.391296 -0.125987
0.407083 -0.123885
0.422957 -0.122987
0.438901 -0.118989
0.454899 -0.117500
0.470935 -0.114654
0.486992 -0.111942
0.503055 -0.109178
0.519107 -0.106294
0.535132 -0.101858
0.551114 -0.099961
0.567036 -0.096084
0.582884 -0.093632
0.598640 -0.090084
0.614290 -0.087057
0.629817 -0.084597
0.645206 -0.080605
0.660442 -0.076795
0.675509 -0.073804
0.690393 -0.070019
0.705077 -0.066816
0.719549 -0.064277
0.733793 -0.059516
0.747795 -0.055827
0.761542 -0.053029
0.775019 -0.050766
0.788214 -0.046877
0.801113 -0.043353
0.813704 -0.040315
0.825973 -0.037963
0.837910 -0.034414
0.849501 -0.032015
0.860735 -0.028465
0.871601 -0.026078
0.882088 -0.023322
0.892184 -0.020529
0.901880 -0.019341
0.911165 -0.016674
0.920031 -0.014016
0.928468 -0.012199
0.936467 -0.009977
0.944019 -0.007873
0.951116 -0.005490
0.957751 -0.003771
0.963920 -0.001490
0.969616 -0.000772
0.974836 0.002086
0.979575 0.001442
0.983831 0.002457
0.987598 0.003396
0.990874 0.004314
0.993653 0.005650
0.995934 0.006598
0.997711 0.006675
0.998982 0.007437
0.999745 0.006481
1.000000 0.007179
