1.000000 0.005897
0.999745 0.008382
0.998982 0.008943
0.997711 0.010791
0.995933 0.013330
0.993653 0.015445
0.990874 0.018445
0.987598 0.022708
0.983830 0.028488
0.979575 0.032926
0.974836 0.038334
0.969616 0.046131
0.963920 0.053414
0.957751 0.060429
0.951116 0.068316
0.944019 0.076250
0.936467 0.084449
0.928468 0.094797
0.920031 0.102619
0.911165 0.113547
0.901879 0.123508
0.892183 0.133176
0.882087 0.144047
0.871601 0.154047
0.860735 0.165406
0.849501 0.177340
0.837910 0.187723
0.825974 0.198933
0.813704 0.210722
0.801113 0.221535
0.788214 0.232153
0.775019 0.243654
0.761541 0.254597
0.747795 0.266775
0.733792 0.277638
0.719548 0.289074
0.705077 0.299739
0.690392 0.310876
0.675509 0.321016
0.660442 0.330750
0.645206 0.339665
0.629817 0.348425
0.614290 0.357434
0.598640 0.365936
0.582884 0.374367
0.567036 0.381688
0.551113 0.388732
0.535131 0.396321
0.519106 0.402651
0.503054 0.411151
0.486991 0.415228
0.470934 0.420618
0.454898 0.424573
0.438900 0.428560
0.422956 0.431282
0.407083 0.432240
0.391295 0.433148
0.375610 0.434238
0.360044 0.433407
0.344612 0.431903
0.329330 0.429073
0.314213 0.425574
0.299279 0.421736
0.284541 0.416917
0.270015 0.411028
0.255717 0.404822
0.241661 0.396644
0.227862 0.388466
0.214336 0.379709
0.201095 0.370512
0.188155 0.360797
0.175530 0.349558
0.163234 0.337383
0.151280 0.325889
0.139681 0.313729
0.128452 0.301725
0.117606 0.289405
0.107155 0.275834
0.097113 0.262924
0.087493 0.248552
0.078306 0.232166
0.069566 0.215931
0.061285 0.202962
0.053474 0.187047
0.046150 0.172621
0.039326 0.156464
0.033014 0.142391
0.027230 0.126940
0.021980 0.112426
0.017277 0.097167
0.013141 0.082683
0.009573 0.069149
0.006583 0.056056
0.004188 0.044390
0.002354 0.033871
0.001081 0.024319
0.000371 0.017287
0.000077 0.012491
0.000005 0.009267
0.000000 0.007379
0.000005 0.005923
0.000077 0.003280
0.000371 -0.001190
0.001081 -0.008268
0.002353 -0.014986
0.004188 -0.021987
0.006585 -0.028337
0.009576 -0.034029
0.013145 -0.039120
0.017281 -0.041218
0.021983 -0.044586
0.027232 -0.044341
0.033016 -0.044620
0.039328 -0.043142
0.046152 -0.042129
0.053476 -0.040995
0.061287 -0.038967
0.069568 -0.037348
0.078308 -0.034913
0.087495 -0.032284
0.097115 -0.026092
0.107157 -0.024192
0.117608 -0.019006
0.128454 -0.015599
0.139683 -0.010457
0.151282 -0.006090
0.163235 -0.000954
0.175532 0.003878
0.188157 0.008395
0.201097 0.013274
0.214337 0.017980
0.227864 0.022260
0.241663 0.027311
0.255719 0.031969
0.270017 0.036550
0.284542 0.040773
0.299280 0.045137
0.314215 0.049424
0.329331 0.052801
0.344613 0.057764
0.360045 0.061468
0.375611 0.065366
0.391296 0.068058
0.407083 0.070844
0.422957 0.074717
0.438901 0.077829
0.454899 0.081125
0.470935 0.083639
0.486992 0.086011
0.503055 0.088155
0.519107 0.090228
0.535132 0.091798
0.551114 0.093956
0.567036 0.094634
0.582884 0.095446
0.598640 0.096222
0.614290 0.096668
0.629817 0.096172
0.645206 0.095370
0.660442 0.094383
0.675509 0.092974
0.690393 0.092097
0.705077 0.089952
0.719549 0.089158
0.733793 0.087473
0.747795 0.085774
0.761542 0.083829
0.775019 0.081314
0.788214 0.079047
0.801113 0.076407
0.813704 0.073764
0.825973 0.071038
0.837910 0.067850
0.849501 0.064777
0.860735 0.061621
0.871601 0.059103
0.882088 0.056477
0.892184 0.053316
0.901880 0.050315
0.911165 0.047649
0.920031 0.044672
0.928468 0.041296
0.936467 0.037506
0.944019 0.034387
0.951116 0.031657
0.957751 0.029133
0.963920 0.026206
0.969616 0.024008
0.974836 0.021365
0.979575 0.019498
0.983831 0.017178
0.987598 0.015007
0.990874 0.013903
0.993653 0.011510
0.995934 0.010427
0.997711 0.010456
0.998982 0.009090
0.999745 0.008827
1.000000 0.004269
