1.000000 0.006773
0.999745 0.008357
0.998982 0.009735
0.997711 0.009823
0.995933 0.011110
0.993653 0.012494
0.990874 0.014016
0.987598 0.016488
0.983830 0.019688
0.979575 0.022570
0.974836 0.025943
0.969616 0.029484
0.963920 0.034499
0.957751 0.039076
0.951116 0.044724
0.944019 0.051520
0.936467 0.055505
0.928468 0.063163
0.920031 0.068244
0.911165 0.073726
0.901879 0.080688
0.892183 0.087215
0.882087 0.094658
0.871601 0.102038
0.860735 0.109572
0.849501 0.117240
0.837910 0.124272
0.825974 0.131942
0.813704 0.139551
0.801113 0.147801
0.788214 0.155143
0.775019 0.163580
0.761541 0.170280
0.747795 0.178353
0.733792 0.186547
0.719548 0.195631
0.705077 0.203542
0.690392 0.211372
0.675509 0.219667
0.660442 0.227362
0.645206 0.233884
0.629817 0.242145
0.614290 0.248371
0.598640 0.255667
0.582884 0.261927
0.567036 0.268612
0.551113 0.273559
0.535131 0.279728
0.519106 0.284919
0.503054 0.289854
0.486991 0.294116
0.470934 0.298184
0.454898 0.301951
0.438900 0.306818
0.422956 0.309117
0.407083 0.311555
0.391295 0.314554
0.375610 0.315228
0.360044 0.316902
0.344612 0.318183
0.329330 0.318066
0.314213 0.319432
0.299279 0.318155
0.284541 0.316993
0.270015 0.314782
0.255717 0.311830
0.241661 0.307672
0.227862 0.302634
0.214336 0.297837
0.201095 0.292708
0.188155 0.286360
0.175530 0.279802
0.163234 0.271766
0.151280 0.263972
0.139681 0.256521
0.128452 0.247862
0.117606 0.238436
0.107155 0.227919
0.097113 0.216387
0.087493 0.204398
0.078306 0.194820
0.069566 0.182589
0.061285 0.170437
0.053474 0.160677
0.046150 0.147018
0.039326 0.133791
0.033014 0.120443
0.027230 0.107952
0.021980 0.096355
0.017277 0.084813
0.013141 0.072463
0.009573 0.060934
0.006583 0.050469
0.004188 0.040411
0.002354 0.030296
0.001081 0.022873
0.000371 0.015893
0.000077 0.012258
0.000005 0.009583
0.000000 0.008065
0.000005 0.007025
0.000077 0.004725
0.000371 0.000925
0.001081 -0.003344
0.002353 -0.007884
0.004188 -0.015139
0.006585 -0.016601
0.009576 -0.020123
0.013145 -0.022503
0.017281 -0.023671
0.021983 -0.024161
0.027232 -0.024225
0.033016 -0.023614
0.039328 -0.022456
0.046152 -0.021665
0.053476 -0.019929
0.061287 -0.019874
0.069568 -0.017112
0.078308 -0.014802
0.087495 -0.012398
0.097115 -0.010640
0.107157 -0.007625
0.117608 -0.004203
0.128454 -0.001020
0.139683 0.002002
0.151282 0.006926
0.163235 0.010269
0.175532 0.015809
0.188157 0.019328
0.201097 0.022214
0.214337 0.026373
0.227864 0.030416
0.241663 0.033535
0.255719 0.036265
0.270017 0.038630
0.284542 0.041048
0.299280 0.043594
0.314215 0.046218
0.329331 0.048420
0.344613 0.049463
0.360045 0.050873
0.375611 0.052391
0.391296 0.055154
0.407083 0.056563
0.422957 0.057732
0.438901 0.057570
0.454899 0.059188
0.470935 0.057571
0.486992 0.059343
0.503055 0.057819
0.519107 0.056934
0.535132 0.058395
0.551114 0.057522
0.567036 0.057097
0.582884 0.057732
0.598640 0.057693
0.614290 0.056848
0.629817 0.056131
0.645206 0.054453
0.660442 0.052958
0.675509 0.052429
0.690393 0.051322
0.705077 0.049453
0.719549 0.048180
0.733793 0.046650
0.747795 0.044914
0.761542 0.043385
0.775019 0.041233
0.788214 0.040020
0.801113 0.037879
0.813704 0.036437
0.825973 0.035245
0.837910 0.032975
0.849501 0.032012
0.860735 0.029929
0.871601 0.028040
0.882088 0.026783
0.892184 0.025949
0.901880 0.024360
0.911165 0.023038
0.920031 0.021548
0.928468 0.020191
0.936467 0.018423
0.944019 0.018447
0.951116 0.016127
0.957751 0.015329
0.963920 0.014090
0.969616 0.013675
0.974836 0.011870
0.979575 0.012553
0.983831 0.009686
0.987598 0.009120
0.990874 0.010342
0.993653 0.010161
0.995934 0.009579
0.997711 0.007916
0.998982 0.010431
0.999745 0.006783
1.000000 0.007218
