1.000000 0.008258
0.999745 0.008493
0.998982 0.010175
0.997711 0.008857
0.995933 0.009655
0.993653 0.010143
0.990874 0.009550
0.987598 0.010294
0.983830 0.011576
0.979575 0.012215
0.974836 0.013455
0.969616 0.014475
0.963920 0.015391
0.957751 0.017465
0.951116 0.019457
0.944019 0.021387
0.936467 0.021862
0.928468 0.024061
0.920031 0.025638
0.911165 0.028121
0.901879 0.029169
0.892183 0.031583
0.882087 0.033955
0.871601 0.036614
0.860735 0.039695
0.849501 0.042109
0.837910 0.044780
0.825974 0.048717
0.813704 0.051781
0.801113 0.055249
0.788214 0.057768
0.775019 0.060256
0.761541 0.064285
0.747795 0.066873
0.733792 0.070542
0.719548 0.073950
0.705077 0.077363
0.690392 0.080977
0.675509 0.084079
0.660442 0.087960
0.645206 0.090680
0.629817 0.094742
0.614290 0.097611
0.598640 0.100472
0.582884 0.103124
0.567036 0.106452
0.551113 0.109615
0.535131 0.112620
0.519106 0.115667
0.503054 0.118407
0.486991 0.121931
0.470934 0.124248
0.454898 0.126582
0.438900 0.128862
0.422956 0.131424
0.407083 0.134279
0.391295 0.136831
0.375610 0.139398
0.360044 0.140097
0.344612 0.141766
0.329330 0.142776
0.314213 0.145056
0.299279 0.145839
0.284541 0.147122
0.270015 0.148568
0.255717 0.149657
0.241661 0.150815
0.227862 0.151138
0.214336 0.151374
0.201095 0.151161
0.188155 0.151962
0.175530 0.150444
0.163234 0.149982
0.151280 0.149071
0.139681 0.145601
0.128452 0.144210
0.117606 0.141904
0.107155 0.137654
0.097113 0.134604
0.087493 0.130731
0.078306 0.126560
0.069566 0.122339
0.061285 0.117141
0.053474 0.113471
0.046150 0.107749
0.039326 0.103584
0.033014 0.096255
0.027230 0.089713
0.021980 0.081800
0.017277 0.074329
0.013141 0.066151
0.009573 0.057311
0.006583 0.048535
0.004188 0.038672
0.002354 0.030639
0.001081 0.023297
0.000371 0.017403
0.000077 0.013300
0.000005 0.010239
0.000000 0.009917
0.000005 0.008095
0.000077 0.003965
0.000371 0.001339
0.001081 -0.005232
0.002353 -0.012165
0.004188 -0.019358
0.006585 -0.026675
0.009576 -0.036108
0.013145 -0.043259
0.017281 -0.052745
0.021983 -0.060274
0.027232 -0.067278
0.033016 -0.074943
0.039328 -0.081187
0.046152 -0.089182
0.053476 -0.093777
0.061287 -0.100568
0.069568 -0.105793
0.078308 -0.109786
0.087495 -0.114186
0.097115 -0.117564
0.107157 -0.122374
0.117608 -0.124330
0.128454 -0.125332
0.139683 -0.128563
0.151282 -0.129723
0.163235 -0.131148
0.175532 -0.131705
0.188157 -0.132772
0.201097 -0.135012
0.214337 -0.134589
0.227864 -0.135508
0.241663 -0.134053
0.255719 -0.133830
0.270017 -0.133435
0.284542 -0.132403
0.299280 -0.131702
0.314215 -0.129891
0.329331 -0.129013
0.344613 -0.127343
0.360045 -0.125938
0.375611 -0.124848
0.391296 -0.123260
0.407083 -0.121167
0.422957 -0.119784
0.438901 -0.117326
0.454899 -0.115632
0.470935 -0.111872
0.486992 -0.109383
0.503055 -0.105487
0.519107 -0.102433
0.535132 -0.098982
0.551114 -0.095803
0.567036 -0.093700
0.582884 -0.088271
0.598640 -0.085979
0.614290 -0.083377
0.629817 -0.078892
0.645206 -0.076112
0.660442 -0.072321
0.675509 -0.068676
0.690393 -0.064027
0.705077 -0.062462
0.719549 -0.058273
0.733793 -0.054182
0.747795 -0.050906
0.761542 -0.047546
0.775019 -0.044282
0.788214 -0.041592
0.801113 -0.038316
0.813704 -0.035209
0.825973 -0.031974
0.837910 -0.029548
0.849501 -0.027090
0.860735 -0.023561
0.871601 -0.022510
0.882088 -0.019603
0.892184 -0.016321
0.901880 -0.013754
0.911165 -0.010461
0.920031 -0.011028
0.928468 -0.008346
0.936467 -0.006214
0.944019 -0.005530
0.951116 -0.004321
0.957751 -0.003117
0.963920 -0.000964
0.969616 0.000568
0.974836 0.002834
0.979575 0.004106
0.983831 0.003937
0.987598 0.006154
0.990874 0.005946
0.993653 0.007522
0.995934 0.007231
0.997711 0.006720
0.998982 0.009256
0.999745 0.007088
1.000000 0.004556
