1.000000 0.000528
0.999745 0.000714
0.998982 0.001268
0.997711 0.002160
0.995933 0.003340
0.993653 0.004871
0.990874 0.006820
0.987598 0.009187
0.983830 0.011955
0.979575 0.015140
0.974836 0.018747
0.969616 0.022764
0.963920 0.027166
0.957751 0.031916
0.951116 0.036952
0.944019 0.042225
0.936467 0.047730
0.928468 0.053481
0.920031 0.059484
0.911165 0.065729
0.901879 0.072245
0.892183 0.079067
0.882087 0.086165
0.871601 0.093514
0.860735 0.101109
0.849501 0.108952
0.837910 0.117116
0.825974 0.125545
0.813704 0.134177
0.801113 0.143002
0.788214 0.151986
0.775019 0.161098
0.761541 0.170221
0.747795 0.179347
0.733792 0.188459
0.719548 0.197530
0.705077 0.206508
0.690392 0.215406
0.675509 0.224159
0.660442 0.232757
0.645206 0.241145
0.629817 0.249281
0.614290 0.257143
0.598640 0.264724
0.582884 0.272013
0.567036 0.278950
0.551113 0.285502
0.535131 0.291656
0.519106 0.297403
0.503054 0.302698
0.486991 0.307527
0.470934 0.311919
0.454898 0.315870
0.438900 0.319337
0.422956 0.322309
0.407083 0.324815
0.391295 0.326860
0.375610 0.328407
0.360044 0.329451
0.344612 0.330010
0.329330 0.330064
0.314213 0.329562
0.299279 0.328513
0.284541 0.326939
0.270015 0.324800
0.255717 0.322060
0.241661 0.318709
0.227862 0.314738
0.214336 0.310120
0.201095 0.304846
0.188155 0.298937
0.175530 0.292376
0.163234 0.285133
0.151280 0.277191
0.139681 0.268546
0.128452 0.259182
0.117606 0.249157
0.107155 0.238561
0.097113 0.227451
0.087493 0.215863
0.078306 0.203778
0.069566 0.191142
0.061285 0.178027
0.053474 0.164669
0.046150 0.151173
0.039326 0.137660
0.033014 0.124147
0.027230 0.110649
0.021980 0.097174
0.017277 0.083854
0.013141 0.070866
0.009573 0.058409
0.006583 0.046721
0.004188 0.035897
0.002354 0.026133
0.001081 0.017744
0.000371 0.011028
0.000077 0.006155
0.000005 0.003222
0.000000 0.002243
0.000005 0.001295
0.000077 -0.001556
0.000371 -0.006139
0.001081 -0.012183
0.002353 -0.019130
0.004188 -0.026202
0.006585 -0.033020
0.009576 -0.039736
0.013145 -0.045702
0.017281 -0.050912
0.021983 -0.055675
0.027232 -0.060097
0.033016 -0.064228
0.039328 -0.068157
0.046152 -0.071954
0.053476 -0.075630
0.061287 -0.079204
0.069568 -0.082692
0.078308 -0.086052
0.087495 -0.089249
0.097115 -0.092298
0.107157 -0.095185
0.117608 -0.097983
0.128454 -0.100653
0.139683 -0.103217
0.151282 -0.105626
0.163235 -0.107861
0.175532 -0.109906
0.188157 -0.111766
0.201097 -0.113434
0.214337 -0.114893
0.227864 -0.116159
0.241663 -0.117229
0.255719 -0.118072
0.270017 -0.118659
0.284542 -0.118999
0.299280 -0.119115
0.314215 -0.119003
0.329331 -0.118649
0.344613 -0.118056
0.360045 -0.117215
0.375611 -0.116140
0.391296 -0.114821
0.407083 -0.113249
0.422957 -0.111467
0.438901 -0.109499
0.454899 -0.107364
0.470935 -0.105072
0.486992 -0.102663
0.503055 -0.100153
0.519107 -0.097542
0.535132 -0.094845
0.551114 -0.092081
0.567036 -0.089248
0.582884 -0.086321
0.598640 -0.083302
0.614290 -0.080202
0.629817 -0.076996
0.645206 -0.073680
0.660442 -0.070284
0.675509 -0.066848
0.690393 -0.063374
0.705077 -0.059865
0.719549 -0.056345
0.733793 -0.052850
0.747795 -0.049367
0.761542 -0.045929
0.775019 -0.042550
0.788214 -0.039249
0.801113 -0.036051
0.813704 -0.032980
0.825973 -0.030018
0.837910 -0.027187
0.849501 -0.024503
0.860735 -0.021979
0.871601 -0.019603
0.882088 -0.017381
0.892184 -0.015333
0.901880 -0.013455
0.911165 -0.011788
0.920031 -0.010314
0.928468 -0.008992
0.936467 -0.007794
0.944019 -0.006710
0.951116 -0.005701
0.957751 -0.004736
0.963920 -0.003838
0.969616 -0.003064
0.974836 -0.002459
0.979575 -0.002055
0.983831 -0.001829
0.987598 -0.001740
0.990874 -0.001727
0.993653 -0.001779
0.995934 -0.001888
0.997711 -0.001987
0.998982 -0.002006
0.999745 -0.001987
1.000000 -0.001979
