1.000000 0.008287
0.999745 0.015295
0.998982 0.013759
0.997711 0.015880
0.995933 0.017261
0.993653 0.017316
0.990874 0.018959
0.987598 0.021243
0.983830 0.023947
0.979575 0.027475
0.974836 0.031424
0.969616 0.036089
0.963920 0.040559
0.957751 0.045045
0.951116 0.049826
0.944019 0.054888
0.936467 0.061590
0.928468 0.068212
0.920031 0.076282
0.911165 0.082294
0.901879 0.089142
0.892183 0.096719
0.882087 0.104318
0.871601 0.111580
0.860735 0.117703
0.849501 0.125846
0.837910 0.133640
0.825974 0.142410
0.813704 0.150111
0.801113 0.157857
0.788214 0.165470
0.775019 0.173318
0.761541 0.180933
0.747795 0.188752
0.733792 0.196231
0.719548 0.203627
0.705077 0.211485
0.690392 0.218845
0.675509 0.226943
0.660442 0.233307
0.645206 0.240119
0.629817 0.246968
0.614290 0.253298
0.598640 0.259896
0.582884 0.265113
0.567036 0.269731
0.551113 0.274180
0.535131 0.280201
0.519106 0.284001
0.503054 0.289126
0.486991 0.292961
0.470934 0.296329
0.454898 0.299485
0.438900 0.301911
0.422956 0.303899
0.407083 0.305678
0.391295 0.307349
0.375610 0.308505
0.360044 0.309660
0.344612 0.308680
0.329330 0.307788
0.314213 0.306114
0.299279 0.304596
0.284541 0.303501
0.270015 0.299965
0.255717 0.300312
0.241661 0.292049
0.227862 0.287607
0.214336 0.281406
0.201095 0.275709
0.188155 0.269836
0.175530 0.262818
0.163234 0.255931
0.151280 0.248255
0.139681 0.240177
0.128452 0.230076
0.117606 0.219440
0.107155 0.209178
0.097113 0.198418
0.087493 0.187976
0.078306 0.177875
0.069566 0.166466
0.061285 0.155361
0.053474 0.144278
0.046150 0.132841
0.039326 0.121704
0.033014 0.109699
0.027230 0.098392
0.021980 0.086764
0.017277 0.074713
0.013141 0.065815
0.009573 0.053408
0.006583 0.045838
0.004188 0.037055
0.002354 0.029833
0.001081 0.022384
0.000371 0.016512
0.000077 0.011120
0.000005 0.007896
0.000000 0.006014
0.000005 0.005857
0.000077 0.003510
0.000371 0.000319
0.001081 -0.004965
0.002353 -0.010723
0.004188 -0.016436
0.006585 -0.019968
0.009576 -0.023621
0.013145 -0.025719
0.017281 -0.027766
0.021983 -0.029424
0.027232 -0.030437
0.033016 -0.031056
0.039328 -0.031671
0.046152 -0.031178
0.053476 -0.031910
0.061287 -0.028922
0.069568 -0.027923
0.078308 -0.026631
0.087495 -0.023723
0.097115 -0.019893
0.107157 -0.015947
0.117608 -0.010198
0.128454 -0.006381
0.139683 -0.001287
0.151282 0.004610
0.163235 0.008794
0.175532 0.011884
0.188157 0.017268
0.201097 0.022312
0.214337 0.026937
0.227864 0.031089
0.241663 0.033949
0.255719 0.037995
0.270017 0.042453
0.284542 0.044346
0.299280 0.047971
0.314215 0.051424
0.329331 0.054234
0.344613 0.058055
0.360045 0.060666
0.375611 0.062461
0.391296 0.064670
0.407083 0.065727
0.422957 0.068037
0.438901 0.069887
0.454899 0.070337
0.470935 0.070814
0.486992 0.071734
0.503055 0.072952
0.519107 0.072712
0.535132 0.072474
0.551114 0.073243
0.567036 0.074895
0.582884 0.071910
0.598640 0.071666
0.614290 0.071317
0.629817 0.069654
0.645206 0.068214
0.660442 0.065958
0.675509 0.064121
0.690393 0.063952
0.705077 0.061992
0.719549 0.060219
0.733793 0.057948
0.747795 0.055614
0.761542 0.054201
0.775019 0.049760
0.788214 0.047268
0.801113 0.044265
0.813704 0.042348
0.825973 0.040716
0.837910 0.037707
0.849501 0.036878
0.860735 0.034609
0.871601 0.032566
0.882088 0.030408
0.892184 0.027908
0.901880 0.025805
0.911165 0.024667
0.920031 0.022443
0.928468 0.019512
0.936467 0.018824
0.944019 0.016834
0.951116 0.016281
0.957751 0.014840
0.963920 0.013019
0.969616 0.010999
0.974836 0.009576
0.979575 0.008996
0.983831 0.008299
0.987598 0.008174
0.990874 0.006881
0.993653 0.006595
0.995934 0.005156
0.997711 0.004406
0.998982 0.005901
0.999745 0.005065
1.000000 0.003006
