1.000000 0.010287
0.999745 0.012665
0.998982 0.013790
0.997711 0.014023
0.995933 0.014969
0.993653 0.015728
0.990874 0.017413
0.987598 0.018336
0.983830 0.020211
0.979575 0.022186
0.974836 0.024426
0.969616 0.028419
0.963920 0.031313
0.957751 0.035008
0.951116 0.038123
0.944019 0.042536
0.936467 0.046945
0.928468 0.052474
0.920031 0.056805
0.911165 0.062932
0.901879 0.068310
0.892183 0.073111
0.882087 0.079880
0.871601 0.085228
0.860735 0.090989
0.849501 0.097094
0.837910 0.103041
0.825974 0.109391
0.813704 0.115572
0.801113 0.121890
0.788214 0.128239
0.775019 0.134914
0.761541 0.141568
0.747795 0.148239
0.733792 0.155801
0.719548 0.163089
0.705077 0.170693
0.690392 0.177768
0.675509 0.185145
0.660442 0.192731
0.645206 0.200473
0.629817 0.207943
0.614290 0.214757
0.598640 0.221540
0.582884 0.228482
0.567036 0.235391
0.551113 0.242644
0.535131 0.249912
0.519106 0.257014
0.503054 0.262963
0.486991 0.268180
0.470934 0.273130
0.454898 0.278516
0.438900 0.282567
0.422956 0.286170
0.407083 0.289186
0.391295 0.292805
0.375610 0.295838
0.360044 0.297946
0.344612 0.297959
0.329330 0.300149
0.314213 0.299895
0.299279 0.299208
0.284541 0.298759
0.270015 0.295394
0.255717 0.292547
0.241661 0.289294
0.227862 0.285211
0.214336 0.281149
0.201095 0.274656
0.188155 0.268391
0.175530 0.262839
0.163234 0.256320
0.151280 0.248473
0.139681 0.240500
0.128452 0.232084
0.117606 0.223953
0.107155 0.215485
0.097113 0.205582
0.087493 0.195666
0.078306 0.186519
0.069566 0.176360
0.061285 0.166393
0.053474 0.156135
0.046150 0.145418
0.039326 0.134438
0.033014 0.123054
0.027230 0.111159
0.021980 0.099357
0.017277 0.088157
0.013141 0.076981
0.009573 0.065875
0.006583 0.053981
0.004188 0.043719
0.002354 0.033570
0.001081 0.024532
0.000371 0.016502
0.000077 0.012187
0.000005 0.009037
0.000000 0.008879
0.000005 0.007153
0.000077 0.004462
0.000371 0.000886
0.001081 -0.006754
0.002353 -0.013538
0.004188 -0.023376
0.006585 -0.031825
0.009576 -0.040272
0.013145 -0.048255
0.017281 -0.056587
0.021983 -0.063660
0.027232 -0.071945
0.033016 -0.076027
0.039328 -0.082052
0.046152 -0.086752
0.053476 -0.091625
0.061287 -0.096330
0.069568 -0.101468
0.078308 -0.105386
0.087495 -0.109853
0.097115 -0.112285
0.107157 -0.115016
0.117608 -0.117523
0.128454 -0.120139
0.139683 -0.122969
0.151282 -0.125598
0.163235 -0.127051
0.175532 -0.128864
0.188157 -0.131580
0.201097 -0.133792
0.214337 -0.136276
0.227864 -0.136303
0.241663 -0.138846
0.255719 -0.140252
0.270017 -0.141940
0.284542 -0.142808
0.299280 -0.143609
0.314215 -0.144573
0.329331 -0.145114
0.344613 -0.146157
0.360045 -0.146027
0.375611 -0.146696
0.391296 -0.147021
0.407083 -0.147491
0.422957 -0.145932
0.438901 -0.145758
0.454899 -0.143966
0.470935 -0.143437
0.486992 -0.141023
0.503055 -0.140339
0.519107 -0.139686
0.535132 -0.137715
0.551114 -0.136141
0.567036 -0.134121
0.582884 -0.132043
0.598640 -0.129331
0.614290 -0.126125
0.629817 -0.122772
0.645206 -0.118623
0.660442 -0.116475
0.675509 -0.113039
0.690393 -0.109728
0.705077 -0.105404
0.719549 -0.102936
0.733793 -0.098255
0.747795 -0.094654
0.761542 -0.091504
0.775019 -0.087537
0.788214 -0.083007
0.801113 -0.078462
0.813704 -0.074585
0.825973 -0.071095
0.837910 -0.066485
0.849501 -0.062118
0.860735 -0.057456
0.871601 -0.051874
0.882088 -0.048596
0.892184 -0.043456
0.901880 -0.040020
0.911165 -0.035379
0.920031 -0.031343
0.928468 -0.027539
0.936467 -0.023696
0.944019 -0.019758
0.951116 -0.017869
0.957751 -0.013909
0.963920 -0.010759
0.969616 -0.008124
0.974836 -0.005586
0.979575 -0.002839
0.983831 -0.002958
0.987598 0.001096
0.990874 0.001428
0.993653 0.003521
0.995934 0.003008
0.997711 0.005320
0.998982 0.004679
0.999745 0.005632
1.000000 0.004205
