1.000000 0.007786
0.999745 0.006006
0.998982 0.008392
0.997711 0.009326
0.995933 0.010211
0.993653 0.011764
0.990874 0.012336
0.987598 0.012924
0.983830 0.015188
0.979575 0.016480
0.974836 0.018512
0.969616 0.019901
0.963920 0.023280
0.957751 0.024456
0.951116 0.028757
0.944019 0.032410
0.936467 0.035636
0.928468 0.038240
0.920031 0.041252
0.911165 0.044348
0.901879 0.048372
0.892183 0.051355
0.882087 0.053494
0.871601 0.059729
0.860735 0.061168
0.849501 0.065362
0.837910 0.070553
0.825974 0.073996
0.813704 0.079098
0.801113 0.082208
0.788214 0.086653
0.775019 0.090485
0.761541 0.095610
0.747795 0.099727
0.733792 0.103396
0.719548 0.107513
0.705077 0.111376
0.690392 0.115784
0.675509 0.119804
0.660442 0.125898
0.645206 0.130922
0.629817 0.137032
0.614290 0.139828
0.598640 0.144481
0.582884 0.148164
0.567036 0.151381
0.551113 0.154932
0.535131 0.158921
0.519106 0.162256
0.503054 0.165323
0.486991 0.168233
0.470934 0.171980
0.454898 0.174535
0.438900 0.177409
0.422956 0.180105
0.407083 0.181272
0.391295 0.182755
0.375610 0.184049
0.360044 0.184336
0.344612 0.185982
0.329330 0.187706
0.314213 0.188349
0.299279 0.188932
0.284541 0.188918
0.270015 0.188754
0.255717 0.188176
0.241661 0.187147
0.227862 0.185688
0.214336 0.183535
0.201095 0.181384
0.188155 0.181184
0.175530 0.177859
0.163234 0.176495
0.151280 0.173109
0.139681 0.169398
0.128452 0.165496
0.117606 0.160817
0.107155 0.156043
0.097113 0.151651
0.087493 0.146135
0.078306 0.139890
0.069566 0.133718
0.061285 0.128052
0.053474 0.121845
0.046150 0.114251
0.039326 0.106657
0.033014 0.098539
0.027230 0.090467
0.021980 0.084141
0.017277 0.074031
0.013141 0.065665
0.009573 0.056212
0.006583 0.048048
0.004188 0.039945
0.002354 0.031449
0.001081 0.024516
0.000371 0.017396
0.000077 0.013162
0.000005 0.010378
0.000000 0.009611
0.000005 0.007629
0.000077 0.005090
0.000371 -0.000001
0.001081 -0.005959
0.002353 -0.013291
0.004188 -0.020356
0.006585 -0.029652
0.009576 -0.038570
0.013145 -0.047280
0.017281 -0.054553
0.021983 -0.062034
0.027232 -0.068900
0.033016 -0.075717
0.039328 -0.084604
0.046152 -0.091036
0.053476 -0.099840
0.061287 -0.104268
0.069568 -0.107600
0.078308 -0.116057
0.087495 -0.121212
0.097115 -0.125146
0.107157 -0.129805
0.117608 -0.134463
0.128454 -0.138739
0.139683 -0.141639
0.151282 -0.146860
0.163235 -0.149498
0.175532 -0.151684
0.188157 -0.153525
0.201097 -0.156782
0.214337 -0.158351
0.227864 -0.160683
0.241663 -0.160725
0.255719 -0.163304
0.270017 -0.162682
0.284542 -0.163026
0.299280 -0.161948
0.314215 -0.163209
0.329331 -0.162338
0.344613 -0.161344
0.360045 -0.160269
0.375611 -0.160244
0.391296 -0.157776
0.407083 -0.156366
0.422957 -0.154515
0.438901 -0.152182
0.454899 -0.150326
0.470935 -0.147520
0.486992 -0.145429
0.503055 -0.142450
0.519107 -0.139856
0.535132 -0.136285
0.551114 -0.134223
0.567036 -0.130741
0.582884 -0.127949
0.598640 -0.123454
0.614290 -0.120437
0.629817 -0.115305
0.645206 -0.112775
0.660442 -0.108968
0.675509 -0.105222
0.690393 -0.100551
0.705077 -0.096172
0.719549 -0.090780
0.733793 -0.086902
0.747795 -0.083769
0.761542 -0.077609
0.775019 -0.073670
0.788214 -0.069282
0.801113 -0.065492
0.813704 -0.060955
0.825973 -0.055412
0.837910 -0.052325
0.849501 -0.049723
0.860735 -0.044078
0.871601 -0.040133
0.882088 -0.036463
0.892184 -0.033738
0.901880 -0.028726
0.911165 -0.025306
0.920031 -0.021782
0.928468 -0.018856
0.936467 -0.016349
0.944019 -0.013479
0.951116 -0.010263
0.957751 -0.007635
0.963920 -0.005977
0.969616 -0.003990
0.974836 -0.002853
0.979575 -0.001415
0.983831 0.000713
0.987598 0.002250
0.990874 0.004209
0.993653 0.005049
0.995934 0.006558
0.997711 0.007788
0.998982 0.006336
0.999745 0.006653
1.000000 0.005714
