1.000000 0.006176
0.999745 0.009681
0.998982 0.007650
0.997711 0.010256
0.995933 0.011851
0.993653 0.011960
0.990874 0.011190
0.987598 0.013508
0.983830 0.016637
0.979575 0.018947
0.974836 0.022264
0.969616 0.024922
0.963920 0.029489
0.957751 0.032897
0.951116 0.037373
0.944019 0.041692
0.936467 0.047421
0.928468 0.052691
0.920031 0.058370
0.911165 0.063939
0.901879 0.070511
0.892183 0.076416
0.882087 0.083351
0.871601 0.090379
0.860735 0.097571
0.849501 0.105626
0.837910 0.111411
0.825974 0.119046
0.813704 0.125282
0.801113 0.132311
0.788214 0.139070
0.775019 0.148340
0.761541 0.152913
0.747795 0.162569
0.733792 0.169675
0.719548 0.178311
0.705077 0.185504
0.690392 0.193614
0.675509 0.199281
0.660442 0.206552
0.645206 0.213577
0.629817 0.220525
0.614290 0.226364
0.598640 0.232129
0.582884 0.238164
0.567036 0.244047
0.551113 0.250020
0.535131 0.254870
0.519106 0.259845
0.503054 0.263854
0.486991 0.267727
0.470934 0.271907
0.454898 0.274044
0.438900 0.276929
0.422956 0.278785
0.407083 0.280456
0.391295 0.282057
0.375610 0.282390
0.360044 0.282872
0.344612 0.282653
0.329330 0.281522
0.314213 0.281690
0.299279 0.280105
0.284541 0.279251
0.270015 0.278360
0.255717 0.276302
0.241661 0.272739
0.227862 0.268924
0.214336 0.264964
0.201095 0.261039
0.188155 0.256281
0.175530 0.251706
0.163234 0.243645
0.151280 0.237491
0.139681 0.230698
0.128452 0.223543
0.117606 0.216843
0.107155 0.206838
0.097113 0.199176
0.087493 0.188886
0.078306 0.179322
0.069566 0.169065
0.061285 0.158869
0.053474 0.148645
0.046150 0.137664
0.039326 0.126472
0.033014 0.115535
0.027230 0.104056
0.021980 0.092882
0.017277 0.082716
0.013141 0.070820
0.009573 0.059982
0.006583 0.048366
0.004188 0.039966
0.002354 0.030154
0.001081 0.021131
0.000371 0.014972
0.000077 0.009356
0.000005 0.007675
0.000000 0.006661
0.000005 0.005121
0.000077 0.001496
0.000371 -0.004225
0.001081 -0.009505
0.002353 -0.016184
0.004188 -0.023731
0.006585 -0.031516
0.009576 -0.038536
0.013145 -0.045548
0.017281 -0.052161
0.021983 -0.057288
0.027232 -0.064126
0.033016 -0.068855
0.039328 -0.073051
0.046152 -0.077263
0.053476 -0.079595
0.061287 -0.083319
0.069568 -0.085434
0.078308 -0.088420
0.087495 -0.091360
0.097115 -0.092147
0.107157 -0.093589
0.117608 -0.094951
0.128454 -0.096559
0.139683 -0.096675
0.151282 -0.097507
0.163235 -0.098734
0.175532 -0.097560
0.188157 -0.096800
0.201097 -0.095410
0.214337 -0.093764
0.227864 -0.093133
0.241663 -0.090687
0.255719 -0.087455
0.270017 -0.085581
0.284542 -0.083246
0.299280 -0.081139
0.314215 -0.077001
0.329331 -0.073573
0.344613 -0.068575
0.360045 -0.068286
0.375611 -0.062276
0.391296 -0.057925
0.407083 -0.054763
0.422957 -0.051772
0.438901 -0.048903
0.454899 -0.045388
0.470935 -0.042254
0.486992 -0.039528
0.503055 -0.035960
0.519107 -0.033517
0.535132 -0.031701
0.551114 -0.027829
0.567036 -0.025587
0.582884 -0.022040
0.598640 -0.018589
0.614290 -0.017317
0.629817 -0.014454
0.645206 -0.011295
0.660442 -0.008494
0.675509 -0.005952
0.690393 -0.004099
0.705077 -0.001923
0.719549 -0.003804
0.733793 0.000072
0.747795 0.000877
0.761542 0.002034
0.775019 0.002652
0.788214 0.003427
0.801113 0.005356
0.813704 0.004416
0.825973 0.007036
0.837910 0.007750
0.849501 0.007038
0.860735 0.008330
0.871601 0.007401
0.882088 0.008477
0.892184 0.009559
0.901880 0.008573
0.911165 0.008323
0.920031 0.008073
0.928468 0.008845
0.936467 0.007886
0.944019 0.007615
0.951116 0.008364
0.957751 0.007517
0.963920 0.007375
0.969616 0.005900
0.974836 0.005275
0.979575 0.004196
0.983831 0.005461
0.987598 0.006517
0.990874 0.005753
0.993653 0.005928
0.995934 0.005318
0.997711 0.005072
0.998982 0.007363
0.999745 0.006432
1.000000 0.002366
