1.000000 0.007830
0.999745 0.005559
0.998982 0.009158
0.997711 0.008659
0.995933 0.009707
0.993653 0.010431
0.990874 0.010313
0.987598 0.011177
0.983830 0.012852
0.979575 0.015953
0.974836 0.018337
0.969616 0.020388
0.963920 0.023297
0.957751 0.026317
0.951116 0.030661
0.944019 0.034711
0.936467 0.037927
0.928468 0.042586
0.920031 0.046837
0.911165 0.052194
0.901879 0.057326
0.892183 0.061255
0.882087 0.066309
0.871601 0.071479
0.860735 0.076279
0.849501 0.082240
0.837910 0.088084
0.825974 0.093729
0.813704 0.099450
0.801113 0.104043
0.788214 0.110080
0.775019 0.116011
0.761541 0.121986
0.747795 0.128770
0.733792 0.134684
0.719548 0.140934
0.705077 0.146017
0.690392 0.151041
0.675509 0.157096
0.660442 0.163075
0.645206 0.168847
0.629817 0.173688
0.614290 0.178090
0.598640 0.183677
0.582884 0.189050
0.567036 0.194654
0.551113 0.199940
0.535131 0.204504
0.519106 0.209509
0.503054 0.212965
0.486991 0.218221
0.470934 0.220788
0.454898 0.224049
0.438900 0.227002
0.422956 0.229855
0.407083 0.232799
0.391295 0.234517
0.375610 0.236225
0.360044 0.237655
0.344612 0.238055
0.329330 0.238541
0.314213 0.238551
0.299279 0.238554
0.284541 0.238366
0.270015 0.237959
0.255717 0.235927
0.241661 0.233994
0.227862 0.231409
0.214336 0.228073
0.201095 0.224489
0.188155 0.220436
0.175530 0.216195
0.163234 0.211985
0.151280 0.206971
0.139681 0.201013
0.128452 0.195273
0.117606 0.188392
0.107155 0.182607
0.097113 0.174831
0.087493 0.167916
0.078306 0.161650
0.069566 0.153219
0.061285 0.144341
0.053474 0.135161
0.046150 0.125321
0.039326 0.116416
0.033014 0.106680
0.027230 0.096214
0.021980 0.085838
0.017277 0.076406
0.013141 0.066636
0.009573 0.056970
0.006583 0.047372
0.004188 0.037630
0.002354 0.030038
0.001081 0.021982
0.000371 0.016350
0.000077 0.011727
0.000005 0.008582
0.000000 0.007251
0.000005 0.006134
0.000077 0.004274
0.000371 0.000605
0.001081 -0.004211
0.002353 -0.009772
0.004188 -0.015457
0.006585 -0.021024
0.009576 -0.025097
0.013145 -0.031416
0.017281 -0.035182
0.021983 -0.040326
0.027232 -0.045281
0.033016 -0.049561
0.039328 -0.054263
0.046152 -0.058539
0.053476 -0.062163
0.061287 -0.066962
0.069568 -0.069607
0.078308 -0.073668
0.087495 -0.077674
0.097115 -0.079738
0.107157 -0.083080
0.117608 -0.084657
0.128454 -0.086476
0.139683 -0.089389
0.151282 -0.090067
0.163235 -0.091420
0.175532 -0.092471
0.188157 -0.092609
0.201097 -0.093644
0.214337 -0.094711
0.227864 -0.094614
0.241663 -0.095776
0.255719 -0.095469
0.270017 -0.094588
0.284542 -0.095039
0.299280 -0.095019
0.314215 -0.094302
0.329331 -0.092528
0.344613 -0.090674
0.360045 -0.088628
0.375611 -0.089171
0.391296 -0.087028
0.407083 -0.084658
0.422957 -0.083815
0.438901 -0.081023
0.454899 -0.080096
0.470935 -0.078446
0.486992 -0.076611
0.503055 -0.072978
0.519107 -0.070027
0.535132 -0.068022
0.551114 -0.064054
0.567036 -0.063044
0.582884 -0.058409
0.598640 -0.056337
0.614290 -0.052171
0.629817 -0.049943
0.645206 -0.046202
0.660442 -0.042801
0.675509 -0.040231
0.690393 -0.040003
0.705077 -0.033426
0.719549 -0.029520
0.733793 -0.026277
0.747795 -0.023872
0.761542 -0.020978
0.775019 -0.015981
0.788214 -0.013587
0.801113 -0.010534
0.813704 -0.008321
0.825973 -0.005513
0.837910 -0.003966
0.849501 -0.002116
0.860735 -0.000755
0.871601 0.001133
0.882088 0.002210
0.892184 0.003212
0.901880 0.003766
0.911165 0.004822
0.920031 0.005514
0.928468 0.006135
0.936467 0.006853
0.944019 0.007486
0.951116 0.008052
0.957751 0.007399
0.963920 0.007299
0.969616 0.008036
0.974836 0.008953
0.979575 0.008862
0.983831 0.008192
0.987598 0.009697
0.990874 0.008853
0.993653 0.008478
0.995934 0.008843
0.997711 0.008666
0.998982 0.009033
0.999745 0.006371
1.000000 0.008223
