1.000000 0.007534
0.999745 0.010049
0.998982 0.010797
0.997711 0.012211
0.995933 0.013914
0.993653 0.015294
0.990874 0.015986
0.987598 0.019302
0.983830 0.022660
0.979575 0.025844
0.974836 0.029911
0.969616 0.033622
0.963920 0.037966
0.957751 0.042482
0.951116 0.046926
0.944019 0.052747
0.936467 0.057553
0.928468 0.063001
0.920031 0.068655
0.911165 0.073304
0.901879 0.080309
0.892183 0.086234
0.882087 0.093029
0.871601 0.099732
0.860735 0.106194
0.849501 0.113159
0.837910 0.120543
0.825974 0.128468
0.813704 0.136285
0.801113 0.144045
0.788214 0.152126
0.775019 0.160132
0.761541 0.168275
0.747795 0.176573
0.733792 0.184778
0.719548 0.192932
0.705077 0.201350
0.690392 0.209679
0.675509 0.217727
0.660442 0.226001
0.645206 0.234009
0.629817 0.242108
0.614290 0.249983
0.598640 0.258033
0.582884 0.264727
0.567036 0.274791
0.551113 0.279701
0.535131 0.287328
0.519106 0.294000
0.503054 0.300728
0.486991 0.307461
0.470934 0.312698
0.454898 0.317211
0.438900 0.320775
0.422956 0.323827
0.407083 0.325599
0.391295 0.329195
0.375610 0.330311
0.360044 0.330327
0.344612 0.331019
0.329330 0.329583
0.314213 0.327638
0.299279 0.325563
0.284541 0.322248
0.270015 0.319599
0.255717 0.315684
0.241661 0.310701
0.227862 0.305350
0.214336 0.299353
0.201095 0.292749
0.188155 0.285554
0.175530 0.277642
0.163234 0.269230
0.151280 0.260815
0.139681 0.252120
0.128452 0.241998
0.117606 0.232027
0.107155 0.220835
0.097113 0.210233
0.087493 0.199152
0.078306 0.186867
0.069566 0.174897
0.061285 0.163339
0.053474 0.151158
0.046150 0.141243
0.039326 0.129230
0.033014 0.118221
0.027230 0.106274
0.021980 0.094281
0.017277 0.082077
0.013141 0.072184
0.009573 0.060995
0.006583 0.050659
0.004188 0.040331
0.002354 0.030338
0.001081 0.022550
0.000371 0.017414
0.000077 0.012652
0.000005 0.009996
0.000000 0.009198
0.000005 0.008013
0.000077 0.004803
0.000371 0.000508
0.001081 -0.004859
0.002353 -0.010838
0.004188 -0.016931
0.006585 -0.022658
0.009576 -0.028487
0.013145 -0.033823
0.017281 -0.038647
0.021983 -0.042187
0.027232 -0.047560
0.033016 -0.050962
0.039328 -0.054656
0.046152 -0.058495
0.053476 -0.061986
0.061287 -0.064536
0.069568 -0.066372
0.078308 -0.069159
0.087495 -0.070566
0.097115 -0.073342
0.107157 -0.075102
0.117608 -0.075352
0.128454 -0.076233
0.139683 -0.076648
0.151282 -0.077249
0.163235 -0.076897
0.175532 -0.076339
0.188157 -0.076322
0.201097 -0.075756
0.214337 -0.074887
0.227864 -0.074386
0.241663 -0.073793
0.255719 -0.072213
0.270017 -0.069681
0.284542 -0.069130
0.299280 -0.067570
0.314215 -0.066357
0.329331 -0.064065
0.344613 -0.062723
0.360045 -0.059846
0.375611 -0.057062
0.391296 -0.055618
0.407083 -0.054291
0.422957 -0.053032
0.438901 -0.050607
0.454899 -0.046171
0.470935 -0.045283
0.486992 -0.042135
0.503055 -0.040707
0.519107 -0.036819
0.535132 -0.035490
0.551114 -0.032726
0.567036 -0.031906
0.582884 -0.029511
0.598640 -0.027749
0.614290 -0.025881
0.629817 -0.023327
0.645206 -0.021329
0.660442 -0.018632
0.675509 -0.016836
0.690393 -0.015250
0.705077 -0.013934
0.719549 -0.012642
0.733793 -0.010513
0.747795 -0.009386
0.761542 -0.009785
0.775019 -0.008446
0.788214 -0.007242
0.801113 -0.005425
0.813704 -0.004268
0.825973 -0.003487
0.837910 -0.001183
0.849501 -0.003140
0.860735 0.000196
0.871601 0.000895
0.882088 0.002867
0.892184 0.003551
0.901880 0.002899
0.911165 0.004017
0.920031 0.004933
0.928468 0.004485
0.936467 0.004398
0.944019 0.005114
0.951116 0.005292
0.957751 0.006642
0.963920 0.006866
0.969616 0.007280
0.974836 0.007226
0.979575 0.007358
0.983831 0.007646
0.987598 0.008542
0.990874 0.008475
0.993653 0.008339
0.995934 0.007522
0.997711 0.008434
0.998982 0.008482
0.999745 0.007550
1.000000 0.008465
