1.000000 0.003650
0.999745 0.009353
0.998982 0.009692
0.997711 0.009536
0.995933 0.008637
0.993653 0.009380
0.990874 0.008635
0.987598 0.009645
0.983830 0.010832
0.979575 0.013502
0.974836 0.014831
0.969616 0.016990
0.963920 0.019071
0.957751 0.021015
0.951116 0.022927
0.944019 0.025295
0.936467 0.027867
0.928468 0.031158
0.920031 0.034281
0.911165 0.036102
0.901879 0.039820
0.892183 0.044255
0.882087 0.048389
0.871601 0.052836
0.860735 0.056720
0.849501 0.061255
0.837910 0.066685
0.825974 0.071909
0.813704 0.076999
0.801113 0.082610
0.788214 0.087875
0.775019 0.094680
0.761541 0.099930
0.747795 0.106679
0.733792 0.113048
0.719548 0.119384
0.705077 0.125979
0.690392 0.131990
0.675509 0.139196
0.660442 0.146232
0.645206 0.153110
0.629817 0.160430
0.614290 0.167674
0.598640 0.175597
0.582884 0.183693
0.567036 0.192617
0.551113 0.198619
0.535131 0.206048
0.519106 0.214256
0.503054 0.222051
0.486991 0.230364
0.470934 0.237231
0.454898 0.244007
0.438900 0.249238
0.422956 0.255506
0.407083 0.259629
0.391295 0.264532
0.375610 0.268396
0.360044 0.271497
0.344612 0.275620
0.329330 0.277245
0.314213 0.278978
0.299279 0.280568
0.284541 0.281195
0.270015 0.282063
0.255717 0.281648
0.241661 0.280992
0.227862 0.278855
0.214336 0.275861
0.201095 0.272427
0.188155 0.269623
0.175530 0.265016
0.163234 0.259646
0.151280 0.253830
0.139681 0.247455
0.128452 0.240150
0.117606 0.232142
0.107155 0.223391
0.097113 0.214133
0.087493 0.204762
0.078306 0.194204
0.069566 0.181662
0.061285 0.170378
0.053474 0.158020
0.046150 0.147238
0.039326 0.134986
0.033014 0.121947
0.027230 0.110921
0.021980 0.098777
0.017277 0.086566
0.013141 0.075731
0.009573 0.064844
0.006583 0.052741
0.004188 0.040969
0.002354 0.031272
0.001081 0.023351
0.000371 0.016783
0.000077 0.011660
0.000005 0.008792
0.000000 0.007492
0.000005 0.006117
0.000077 0.003714
0.000371 -0.000503
0.001081 -0.006004
0.002353 -0.013475
0.004188 -0.019032
0.006585 -0.029230
0.009576 -0.038576
0.013145 -0.045020
0.017281 -0.052793
0.021983 -0.062457
0.027232 -0.070650
0.033016 -0.080602
0.039328 -0.089842
0.046152 -0.097614
0.053476 -0.106274
0.061287 -0.114913
0.069568 -0.123062
0.078308 -0.131104
0.087495 -0.137604
0.097115 -0.144938
0.107157 -0.151184
0.117608 -0.158333
0.128454 -0.164458
0.139683 -0.169553
0.151282 -0.175978
0.163235 -0.180786
0.175532 -0.184536
0.188157 -0.188359
0.201097 -0.191141
0.214337 -0.193515
0.227864 -0.195304
0.241663 -0.197595
0.255719 -0.199395
0.270017 -0.200025
0.284542 -0.198787
0.299280 -0.199609
0.314215 -0.199691
0.329331 -0.199089
0.344613 -0.197803
0.360045 -0.195814
0.375611 -0.193530
0.391296 -0.190741
0.407083 -0.188628
0.422957 -0.186030
0.438901 -0.181794
0.454899 -0.178681
0.470935 -0.175218
0.486992 -0.171064
0.503055 -0.166781
0.519107 -0.161020
0.535132 -0.157319
0.551114 -0.152225
0.567036 -0.147253
0.582884 -0.142909
0.598640 -0.137062
0.614290 -0.131902
0.629817 -0.126422
0.645206 -0.122453
0.660442 -0.115901
0.675509 -0.110527
0.690393 -0.105574
0.705077 -0.099845
0.719549 -0.094041
0.733793 -0.088158
0.747795 -0.084306
0.761542 -0.077265
0.775019 -0.072103
0.788214 -0.067161
0.801113 -0.062734
0.813704 -0.056832
0.825973 -0.051270
0.837910 -0.048404
0.849501 -0.042689
0.860735 -0.037916
0.871601 -0.034154
0.882088 -0.029455
0.892184 -0.026817
0.901880 -0.023082
0.911165 -0.019576
0.920031 -0.016932
0.928468 -0.014879
0.936467 -0.012309
0.944019 -0.009786
0.951116 -0.006309
0.957751 -0.003731
0.963920 -0.001421
0.969616 0.000393
0.974836 0.001340
0.979575 0.004510
0.983831 0.004888
0.987598 0.005600
0.990874 0.006686
0.993653 0.006848
0.995934 0.008253
0.997711 0.008545
0.998982 0.008081
0.999745 0.010352
1.000000 0.010834
