1.000000 0.001636
0.999745 0.001822
0.998982 0.002376
0.997711 0.003271
0.995933 0.004461
0.993653 0.005995
0.990874 0.007937
0.987598 0.010295
0.983830 0.013055
0.979575 0.016219
0.974836 0.019786
0.969616 0.023742
0.963920 0.028060
0.957751 0.032703
0.951116 0.037605
0.944019 0.042709
0.936467 0.048012
0.928468 0.053535
0.920031 0.059288
0.911165 0.065254
0.901879 0.071475
0.892183 0.078001
0.882087 0.084796
0.871601 0.091831
0.860735 0.099104
0.849501 0.106624
0.837910 0.114454
0.825974 0.122538
0.813704 0.130814
0.801113 0.139275
0.788214 0.147895
0.775019 0.156650
0.761541 0.165433
0.747795 0.174233
0.733792 0.183041
0.719548 0.191839
0.705077 0.200580
0.690392 0.209272
0.675509 0.217854
0.660442 0.226318
0.645206 0.234612
0.629817 0.242692
0.614290 0.250543
0.598640 0.258159
0.582884 0.265526
0.567036 0.272580
0.551113 0.279292
0.535131 0.285659
0.519106 0.291668
0.503054 0.297267
0.486991 0.302450
0.470934 0.307246
0.454898 0.311646
0.438900 0.315600
0.422956 0.319095
0.407083 0.322156
0.391295 0.324782
0.375610 0.326923
0.360044 0.328569
0.344612 0.329738
0.329330 0.330415
0.314213 0.330537
0.299279 0.330094
0.284541 0.329105
0.270015 0.327524
0.255717 0.325294
0.241661 0.322402
0.227862 0.318841
0.214336 0.314557
0.201095 0.309543
0.188155 0.303824
0.175530 0.297384
0.163234 0.290191
0.151280 0.282224
0.139681 0.273488
0.128452 0.263982
0.117606 0.253767
0.107155 0.242930
0.097113 0.231531
0.087493 0.219610
0.078306 0.207152
0.069566 0.194111
0.061285 0.180590
0.053474 0.166840
0.046150 0.152969
0.039326 0.139094
0.033014 0.125256
0.027230 0.111476
0.021980 0.097766
0.017277 0.084257
0.013141 0.071127
0.009573 0.058584
0.006583 0.046849
0.004188 0.036009
0.002354 0.026249
0.001081 0.017875
0.000371 0.011173
0.000077 0.006310
0.000005 0.003380
0.000000 0.002400
0.000005 0.001457
0.000077 -0.001366
0.000371 -0.005863
0.001081 -0.011718
0.002353 -0.018316
0.004188 -0.024840
0.006585 -0.030909
0.009576 -0.036697
0.013145 -0.041541
0.017281 -0.045480
0.021983 -0.048947
0.027232 -0.052144
0.033016 -0.055128
0.039328 -0.057989
0.046152 -0.060793
0.053476 -0.063553
0.061287 -0.066278
0.069568 -0.068986
0.078308 -0.071639
0.087495 -0.074202
0.097115 -0.076691
0.107157 -0.079098
0.117608 -0.081492
0.128454 -0.083832
0.139683 -0.086132
0.151282 -0.088342
0.163235 -0.090434
0.175532 -0.092381
0.188157 -0.094183
0.201097 -0.095832
0.214337 -0.097311
0.227864 -0.098629
0.241663 -0.099791
0.255719 -0.100772
0.270017 -0.101535
0.284542 -0.102084
0.299280 -0.102437
0.314215 -0.102595
0.329331 -0.102534
0.344613 -0.102249
0.360045 -0.101731
0.375611 -0.100995
0.391296 -0.100029
0.407083 -0.098816
0.422957 -0.097396
0.438901 -0.095803
0.454899 -0.094050
0.470935 -0.092141
0.486992 -0.090121
0.503055 -0.088014
0.519107 -0.085821
0.535132 -0.083548
0.551114 -0.081206
0.567036 -0.078788
0.582884 -0.076280
0.598640 -0.073685
0.614290 -0.071003
0.629817 -0.068209
0.645206 -0.065305
0.660442 -0.062319
0.675509 -0.059291
0.690393 -0.056222
0.705077 -0.053110
0.719549 -0.049982
0.733793 -0.046880
0.747795 -0.043802
0.761542 -0.040768
0.775019 -0.037785
0.788214 -0.034871
0.801113 -0.032058
0.813704 -0.029358
0.825973 -0.026749
0.837910 -0.024249
0.849501 -0.021876
0.860735 -0.019640
0.871601 -0.017532
0.882088 -0.015558
0.892184 -0.013741
0.901880 -0.012081
0.911165 -0.010620
0.920031 -0.009335
0.928468 -0.008178
0.936467 -0.007124
0.944019 -0.006160
0.951116 -0.005251
0.957751 -0.004365
0.963920 -0.003529
0.969616 -0.002803
0.974836 -0.002233
0.979575 -0.001855
0.983831 -0.001647
0.987598 -0.001569
0.990874 -0.001565
0.993653 -0.001625
0.995934 -0.001739
0.997711 -0.001843
0.998982 -0.001875
0.999745 -0.001870
1.000000 -0.001866
