1.000000 0.008458
0.999745 0.007936
0.998982 0.008989
0.997711 0.010030
0.995933 0.011554
0.993653 0.014128
0.990874 0.014080
0.987598 0.018356
0.983830 0.021384
0.979575 0.024750
0.974836 0.027787
0.969616 0.032919
0.963920 0.037370
0.957751 0.041894
0.951116 0.047236
0.944019 0.051912
0.936467 0.057671
0.928468 0.063221
0.920031 0.069103
0.911165 0.075192
0.901879 0.081723
0.892183 0.088315
0.882087 0.094333
0.871601 0.102676
0.860735 0.108856
0.849501 0.116110
0.837910 0.124215
0.825974 0.131668
0.813704 0.139929
0.801113 0.148428
0.788214 0.158107
0.775019 0.167598
0.761541 0.176465
0.747795 0.184976
0.733792 0.194862
0.719548 0.203238
0.705077 0.211810
0.690392 0.220504
0.675509 0.228718
0.660442 0.236922
0.645206 0.244813
0.629817 0.252257
0.614290 0.261023
0.598640 0.266895
0.582884 0.273844
0.567036 0.280504
0.551113 0.286865
0.535131 0.293322
0.519106 0.299484
0.503054 0.305024
0.486991 0.310729
0.470934 0.314542
0.454898 0.319588
0.438900 0.320392
0.422956 0.324716
0.407083 0.326504
0.391295 0.328057
0.375610 0.329696
0.360044 0.329952
0.344612 0.329593
0.329330 0.329063
0.314213 0.327028
0.299279 0.324671
0.284541 0.321986
0.270015 0.318535
0.255717 0.314027
0.241661 0.309910
0.227862 0.303479
0.214336 0.297123
0.201095 0.290162
0.188155 0.282490
0.175530 0.274001
0.163234 0.265946
0.151280 0.257449
0.139681 0.249056
0.128452 0.239679
0.117606 0.230307
0.107155 0.220278
0.097113 0.209879
0.087493 0.199197
0.078306 0.189294
0.069566 0.177280
0.061285 0.164928
0.053474 0.153737
0.046150 0.143188
0.039326 0.131863
0.033014 0.121721
0.027230 0.109986
0.021980 0.098429
0.017277 0.086222
0.013141 0.074282
0.009573 0.062632
0.006583 0.052022
0.004188 0.041951
0.002354 0.032156
0.001081 0.024244
0.000371 0.016891
0.000077 0.012325
0.000005 0.008177
0.000000 0.007653
0.000005 0.006501
0.000077 0.003053
0.000371 -0.001600
0.001081 -0.008274
0.002353 -0.014403
0.004188 -0.022177
0.006585 -0.030564
0.009576 -0.038771
0.013145 -0.047339
0.017281 -0.056122
0.021983 -0.063647
0.027232 -0.073265
0.033016 -0.078752
0.039328 -0.085932
0.046152 -0.094080
0.053476 -0.099908
0.061287 -0.107946
0.069568 -0.114365
0.078308 -0.119829
0.087495 -0.126369
0.097115 -0.131920
0.107157 -0.137034
0.117608 -0.141233
0.128454 -0.145749
0.139683 -0.150173
0.151282 -0.153601
0.163235 -0.157463
0.175532 -0.160567
0.188157 -0.162921
0.201097 -0.167019
0.214337 -0.168487
0.227864 -0.170377
0.241663 -0.171554
0.255719 -0.172248
0.270017 -0.172346
0.284542 -0.171255
0.299280 -0.170524
0.314215 -0.168039
0.329331 -0.165689
0.344613 -0.164223
0.360045 -0.161273
0.375611 -0.158361
0.391296 -0.155067
0.407083 -0.151497
0.422957 -0.148498
0.438901 -0.144222
0.454899 -0.139987
0.470935 -0.137314
0.486992 -0.130568
0.503055 -0.127447
0.519107 -0.122735
0.535132 -0.117978
0.551114 -0.113826
0.567036 -0.109062
0.582884 -0.106047
0.598640 -0.099136
0.614290 -0.094604
0.629817 -0.090368
0.645206 -0.085515
0.660442 -0.081323
0.675509 -0.076503
0.690393 -0.072888
0.705077 -0.068325
0.719549 -0.065140
0.733793 -0.060881
0.747795 -0.056508
0.761542 -0.053380
0.775019 -0.049417
0.788214 -0.046988
0.801113 -0.043775
0.813704 -0.038975
0.825973 -0.036912
0.837910 -0.032237
0.849501 -0.030008
0.860735 -0.026809
0.871601 -0.024198
0.882088 -0.020947
0.892184 -0.018252
0.901880 -0.015803
0.911165 -0.014023
0.920031 -0.010713
0.928468 -0.009920
0.936467 -0.006363
0.944019 -0.005596
0.951116 -0.004932
0.957751 -0.003364
0.963920 -0.002496
0.969616 -0.000237
0.974836 0.001104
0.979575 0.003028
0.983831 0.004834
0.987598 0.004902
0.990874 0.007808
0.993653 0.005903
0.995934 0.007522
0.997711 0.006322
0.998982 0.006852
0.999745 0.004024
1.000000 0.004389
