1.000000 0.011260
0.999745 0.013339
0.998982 0.010768
0.997711 0.011848
0.995933 0.011580
0.993653 0.011153
0.990874 0.010201
0.987598 0.011891
0.983830 0.012215
0.979575 0.013028
0.974836 0.015631
0.969616 0.016746
0.963920 0.018837
0.957751 0.021844
0.951116 0.024243
0.944019 0.027456
0.936467 0.030124
0.928468 0.034455
0.920031 0.038063
0.911165 0.041466
0.901879 0.046684
0.892183 0.050908
0.882087 0.056575
0.871601 0.061177
0.860735 0.067466
0.849501 0.072439
0.837910 0.078984
0.825974 0.084994
0.813704 0.091504
0.801113 0.097270
0.788214 0.104373
0.775019 0.111521
0.761541 0.118621
0.747795 0.126298
0.733792 0.133465
0.719548 0.140409
0.705077 0.147986
0.690392 0.155362
0.675509 0.162349
0.660442 0.169942
0.645206 0.175323
0.629817 0.182679
0.614290 0.189560
0.598640 0.196245
0.582884 0.202906
0.567036 0.208405
0.551113 0.213466
0.535131 0.218572
0.519106 0.224126
0.503054 0.229226
0.486991 0.235433
0.470934 0.239815
0.454898 0.243533
0.438900 0.246827
0.422956 0.249167
0.407083 0.251504
0.391295 0.253615
0.375610 0.255113
0.360044 0.256400
0.344612 0.256874
0.329330 0.257327
0.314213 0.257089
0.299279 0.256872
0.284541 0.256315
0.270015 0.255115
0.255717 0.253073
0.241661 0.249435
0.227862 0.246579
0.214336 0.242890
0.201095 0.240335
0.188155 0.235928
0.175530 0.230459
0.163234 0.225029
0.151280 0.218973
0.139681 0.213741
0.128452 0.207433
0.117606 0.200216
0.107155 0.192197
0.097113 0.184094
0.087493 0.174985
0.078306 0.166135
0.069566 0.156214
0.061285 0.148234
0.053474 0.138152
0.046150 0.130154
0.039326 0.120314
0.033014 0.109709
0.027230 0.099250
0.021980 0.089189
0.017277 0.079783
0.013141 0.069777
0.009573 0.060375
0.006583 0.050039
0.004188 0.041209
0.002354 0.031698
0.001081 0.024875
0.000371 0.018479
0.000077 0.013575
0.000005 0.010221
0.000000 0.008560
0.000005 0.007858
0.000077 0.005205
0.000371 0.000581
0.001081 -0.005057
0.002353 -0.012909
0.004188 -0.015774
0.006585 -0.020737
0.009576 -0.026360
0.013145 -0.030297
0.017281 -0.034324
0.021983 -0.039347
0.027232 -0.043158
0.033016 -0.047240
0.039328 -0.049850
0.046152 -0.054081
0.053476 -0.057256
0.061287 -0.060751
0.069568 -0.062383
0.078308 -0.065920
0.087495 -0.067696
0.097115 -0.071222
0.107157 -0.069798
0.117608 -0.071745
0.128454 -0.072831
0.139683 -0.073255
0.151282 -0.074792
0.163235 -0.074207
0.175532 -0.074559
0.188157 -0.074586
0.201097 -0.072746
0.214337 -0.075299
0.227864 -0.073608
0.241663 -0.072990
0.255719 -0.073470
0.270017 -0.071600
0.284542 -0.069153
0.299280 -0.069703
0.314215 -0.068259
0.329331 -0.066788
0.344613 -0.064988
0.360045 -0.063876
0.375611 -0.062473
0.391296 -0.060153
0.407083 -0.059238
0.422957 -0.056041
0.438901 -0.053801
0.454899 -0.053001
0.470935 -0.049644
0.486992 -0.047898
0.503055 -0.045226
0.519107 -0.042644
0.535132 -0.040200
0.551114 -0.037645
0.567036 -0.036303
0.582884 -0.033499
0.598640 -0.031425
0.614290 -0.029022
0.629817 -0.027632
0.645206 -0.024365
0.660442 -0.023561
0.675509 -0.021897
0.690393 -0.019407
0.705077 -0.015336
0.719549 -0.013393
0.733793 -0.010782
0.747795 -0.009307
0.761542 -0.006951
0.775019 -0.005920
0.788214 -0.003563
0.801113 -0.002121
0.813704 -0.001523
0.825973 0.000471
0.837910 0.001252
0.849501 0.002758
0.860735 0.003597
0.871601 0.004643
0.882088 0.005285
0.892184 0.006082
0.901880 0.006319
0.911165 0.006121
0.920031 0.006743
0.928468 0.006862
0.936467 0.008105
0.944019 0.008661
0.951116 0.008120
0.957751 0.009163
0.963920 0.009303
0.969616 0.008535
0.974836 0.008851
0.979575 0.008626
0.983831 0.008232
0.987598 0.009382
0.990874 0.006978
0.993653 0.008769
0.995934 0.007462
0.997711 0.008718
0.998982 0.006823
0.999745 0.005417
1.000000 0.007661
