1.000000 0.001344
0.999745 0.001496
0.998982 0.001949
0.997711 0.002675
0.995933 0.003636
0.993653 0.004895
0.990874 0.006519
0.987598 0.008522
0.983830 0.010899
0.979575 0.013655
0.974836 0.016788
0.969616 0.020294
0.963920 0.024157
0.957751 0.028343
0.951116 0.032791
0.944019 0.037453
0.936467 0.042333
0.928468 0.047461
0.920031 0.052847
0.911165 0.058483
0.901879 0.064401
0.892183 0.070644
0.882087 0.077185
0.871601 0.083998
0.860735 0.091085
0.849501 0.098459
0.837910 0.106196
0.825974 0.114244
0.813704 0.122533
0.801113 0.131068
0.788214 0.139829
0.775019 0.148791
0.761541 0.157851
0.747795 0.166997
0.733792 0.176224
0.719548 0.185510
0.705077 0.194810
0.690392 0.204136
0.675509 0.213420
0.660442 0.222649
0.645206 0.231764
0.629817 0.240721
0.614290 0.249506
0.598640 0.258098
0.582884 0.266475
0.567036 0.274566
0.551113 0.282333
0.535131 0.289757
0.519106 0.296813
0.503054 0.303437
0.486991 0.309611
0.470934 0.315352
0.454898 0.320645
0.438900 0.325447
0.422956 0.329750
0.407083 0.333574
0.391295 0.336918
0.375610 0.339733
0.360044 0.342012
0.344612 0.343770
0.329330 0.344994
0.314213 0.345623
0.299279 0.345636
0.284541 0.345022
0.270015 0.343735
0.255717 0.341730
0.241661 0.338979
0.227862 0.335467
0.214336 0.331173
0.201095 0.326078
0.188155 0.320194
0.175530 0.313511
0.163234 0.306010
0.151280 0.297682
0.139681 0.288522
0.128452 0.278521
0.117606 0.267758
0.107155 0.256320
0.097113 0.244248
0.087493 0.231593
0.078306 0.218368
0.069566 0.204521
0.061285 0.190139
0.053474 0.175474
0.046150 0.160664
0.039326 0.145847
0.033014 0.131079
0.027230 0.116384
0.021980 0.101787
0.017277 0.087437
0.013141 0.073535
0.009573 0.060303
0.006583 0.047981
0.004188 0.036685
0.002354 0.026611
0.001081 0.018059
0.000371 0.011268
0.000077 0.006367
0.000005 0.003423
0.000000 0.002440
0.000005 0.001492
0.000077 -0.001365
0.000371 -0.005965
0.001081 -0.012055
0.002353 -0.019079
0.004188 -0.026260
0.006585 -0.033244
0.009576 -0.040181
0.013145 -0.046308
0.017281 -0.051602
0.021983 -0.056414
0.027232 -0.060889
0.033016 -0.065099
0.039328 -0.069145
0.046152 -0.073103
0.053476 -0.077009
0.061287 -0.080888
0.069568 -0.084736
0.078308 -0.088503
0.087495 -0.092165
0.097115 -0.095741
0.107157 -0.099219
0.117608 -0.102672
0.128454 -0.106072
0.139683 -0.109421
0.151282 -0.112669
0.163235 -0.115790
0.175532 -0.118770
0.188157 -0.121598
0.201097 -0.124253
0.214337 -0.126719
0.227864 -0.129020
0.241663 -0.131154
0.255719 -0.133077
0.270017 -0.134760
0.284542 -0.136216
0.299280 -0.137461
0.314215 -0.138485
0.329331 -0.139265
0.344613 -0.139801
0.360045 -0.140085
0.375611 -0.140120
0.391296 -0.139887
0.407083 -0.139369
0.422957 -0.138607
0.438901 -0.137620
0.454899 -0.136422
0.470935 -0.135020
0.486992 -0.133459
0.503055 -0.131749
0.519107 -0.129891
0.535132 -0.127889
0.551114 -0.125758
0.567036 -0.123486
0.582884 -0.121047
0.598640 -0.118442
0.614290 -0.115676
0.629817 -0.112713
0.645206 -0.109544
0.660442 -0.106200
0.675509 -0.102722
0.690393 -0.099099
0.705077 -0.095329
0.719549 -0.091440
0.733793 -0.087477
0.747795 -0.083435
0.761542 -0.079339
0.775019 -0.075198
0.788214 -0.071039
0.801113 -0.066896
0.813704 -0.062783
0.825973 -0.058685
0.837910 -0.054636
0.849501 -0.050662
0.860735 -0.046778
0.871601 -0.042991
0.882088 -0.039326
0.892184 -0.035812
0.901880 -0.032461
0.911165 -0.029322
0.920031 -0.026389
0.928468 -0.023630
0.936467 -0.021020
0.944019 -0.018549
0.951116 -0.016184
0.957751 -0.013904
0.963920 -0.011745
0.969616 -0.009777
0.974836 -0.008055
0.979575 -0.006621
0.983831 -0.005458
0.987598 -0.004529
0.990874 -0.003778
0.993653 -0.003202
0.995934 -0.002801
0.997711 -0.002501
0.998982 -0.002224
0.999745 -0.002024
1.000000 -0.001956
