1.000000 0.005838
0.999745 0.009720
0.998982 0.008844
0.997711 0.009144
0.995933 0.009049
0.993653 0.008550
0.990874 0.009495
0.987598 0.010572
0.983830 0.011647
0.979575 0.012175
0.974836 0.013308
0.969616 0.014170
0.963920 0.016422
0.957751 0.018256
0.951116 0.020520
0.944019 0.022919
0.936467 0.025309
0.928468 0.029679
0.920031 0.033090
0.911165 0.037488
0.901879 0.042436
0.892183 0.047333
0.882087 0.053316
0.871601 0.057652
0.860735 0.064088
0.849501 0.071002
0.837910 0.076214
0.825974 0.082837
0.813704 0.091587
0.801113 0.098995
0.788214 0.107595
0.775019 0.115335
0.761541 0.123570
0.747795 0.132164
0.733792 0.140900
0.719548 0.149262
0.705077 0.158801
0.690392 0.168123
0.675509 0.177009
0.660442 0.187868
0.645206 0.196184
0.629817 0.205806
0.614290 0.216199
0.598640 0.225812
0.582884 0.236340
0.567036 0.246348
0.551113 0.255976
0.535131 0.264995
0.519106 0.273614
0.503054 0.281618
0.486991 0.290605
0.470934 0.297004
0.454898 0.304602
0.438900 0.311488
0.422956 0.316888
0.407083 0.323515
0.391295 0.326318
0.375610 0.330673
0.360044 0.334087
0.344612 0.337025
0.329330 0.339923
0.314213 0.341607
0.299279 0.342584
0.284541 0.345007
0.270015 0.343912
0.255717 0.342617
0.241661 0.340653
0.227862 0.338084
0.214336 0.335604
0.201095 0.332249
0.188155 0.326628
0.175530 0.320342
0.163234 0.313830
0.151280 0.307096
0.139681 0.299050
0.128452 0.290681
0.117606 0.280185
0.107155 0.269674
0.097113 0.258010
0.087493 0.245613
0.078306 0.232936
0.069566 0.218406
0.061285 0.204154
0.053474 0.191203
0.046150 0.174901
0.039326 0.160080
0.033014 0.144215
0.027230 0.127966
0.021980 0.112680
0.017277 0.097345
0.013141 0.082134
0.009573 0.068085
0.006583 0.055953
0.004188 0.042872
0.002354 0.032719
0.001081 0.024719
0.000371 0.018001
0.000077 0.012684
0.000005 0.010486
0.000000 0.008829
0.000005 0.007647
0.000077 0.003682
0.000371 -0.002112
0.001081 -0.007911
0.002353 -0.016622
0.004188 -0.024357
0.006585 -0.033487
0.009576 -0.039272
0.013145 -0.047885
0.017281 -0.056765
0.021983 -0.064871
0.027232 -0.072613
0.033016 -0.082220
0.039328 -0.090823
0.046152 -0.098553
0.053476 -0.107596
0.061287 -0.114711
0.069568 -0.123662
0.078308 -0.131046
0.087495 -0.138789
0.097115 -0.147289
0.107157 -0.153511
0.117608 -0.160630
0.128454 -0.167948
0.139683 -0.174156
0.151282 -0.180784
0.163235 -0.187563
0.175532 -0.193003
0.188157 -0.198816
0.201097 -0.203539
0.214337 -0.207190
0.227864 -0.211255
0.241663 -0.214747
0.255719 -0.218134
0.270017 -0.221635
0.284542 -0.223723
0.299280 -0.227417
0.314215 -0.225465
0.329331 -0.226135
0.344613 -0.226633
0.360045 -0.225396
0.375611 -0.225118
0.391296 -0.221865
0.407083 -0.219705
0.422957 -0.216124
0.438901 -0.214057
0.454899 -0.211776
0.470935 -0.206362
0.486992 -0.201939
0.503055 -0.197771
0.519107 -0.194804
0.535132 -0.190236
0.551114 -0.184954
0.567036 -0.180430
0.582884 -0.173888
0.598640 -0.169265
0.614290 -0.162633
0.629817 -0.157418
0.645206 -0.150849
0.660442 -0.145178
0.675509 -0.138262
0.690393 -0.131704
0.705077 -0.126003
0.719549 -0.120146
0.733793 -0.113435
0.747795 -0.107111
0.761542 -0.100637
0.775019 -0.095369
0.788214 -0.088924
0.801113 -0.083238
0.813704 -0.076253
0.825973 -0.071342
0.837910 -0.065508
0.849501 -0.061091
0.860735 -0.054952
0.871601 -0.048769
0.882088 -0.044104
0.892184 -0.038604
0.901880 -0.033450
0.911165 -0.028803
0.920031 -0.024604
0.928468 -0.019510
0.936467 -0.016056
0.944019 -0.012025
0.951116 -0.009445
0.957751 -0.005191
0.963920 -0.002387
0.969616 -0.001143
0.974836 0.001524
0.979575 0.002497
0.983831 0.004937
0.987598 0.005945
0.990874 0.007345
0.993653 0.008221
0.995934 0.008995
0.997711 0.008117
0.998982 0.008384
0.999745 0.008455
1.000000 0.008637
