1.000000 0.011770
0.999745 0.010225
0.998982 0.012371
0.997711 0.011147
0.995933 0.013628
0.993653 0.013622
0.990874 0.012518
0.987598 0.014398
0.983830 0.014821
0.979575 0.016251
0.974836 0.019444
0.969616 0.020034
0.963920 0.019840
0.957751 0.022845
0.951116 0.024807
0.944019 0.026581
0.936467 0.028798
0.928468 0.030301
0.920031 0.032575
0.911165 0.034394
0.901879 0.036310
0.892183 0.038681
0.882087 0.040668
0.871601 0.042789
0.860735 0.045389
0.849501 0.047788
0.837910 0.050002
0.825974 0.052991
0.813704 0.055647
0.801113 0.057797
0.788214 0.059406
0.775019 0.061874
0.761541 0.064390
0.747795 0.067516
0.733792 0.071288
0.719548 0.074945
0.705077 0.077287
0.690392 0.080321
0.675509 0.083952
0.660442 0.087201
0.645206 0.091107
0.629817 0.094255
0.614290 0.097445
0.598640 0.101679
0.582884 0.103271
0.567036 0.106841
0.551113 0.109617
0.535131 0.113210
0.519106 0.116583
0.503054 0.119312
0.486991 0.122707
0.470934 0.125687
0.454898 0.128515
0.438900 0.131848
0.422956 0.133929
0.407083 0.135677
0.391295 0.139686
0.375610 0.141032
0.360044 0.142818
0.344612 0.145439
0.329330 0.147084
0.314213 0.149262
0.299279 0.151105
0.284541 0.150581
0.270015 0.152425
0.255717 0.152633
0.241661 0.152474
0.227862 0.151894
0.214336 0.152044
0.201095 0.150337
0.188155 0.150073
0.175530 0.149159
0.163234 0.147086
0.151280 0.145003
0.139681 0.142528
0.128452 0.140686
0.117606 0.137526
0.107155 0.134990
0.097113 0.132201
0.087493 0.128211
0.078306 0.123879
0.069566 0.119992
0.061285 0.115667
0.053474 0.111641
0.046150 0.107142
0.039326 0.099986
0.033014 0.092927
0.027230 0.086427
0.021980 0.078431
0.017277 0.071810
0.013141 0.063513
0.009573 0.055041
0.006583 0.046446
0.004188 0.038025
0.002354 0.031124
0.001081 0.024256
0.000371 0.018325
0.000077 0.013885
0.000005 0.009853
0.000000 0.009111
0.000005 0.007885
0.000077 0.005036
0.000371 -0.000025
0.001081 -0.004076
0.002353 -0.008885
0.004188 -0.012128
0.006585 -0.017110
0.009576 -0.022345
0.013145 -0.025751
0.017281 -0.029399
0.021983 -0.033989
0.027232 -0.035842
0.033016 -0.038657
0.039328 -0.042070
0.046152 -0.039956
0.053476 -0.042137
0.061287 -0.042284
0.069568 -0.041385
0.078308 -0.041604
0.087495 -0.041582
0.097115 -0.040886
0.107157 -0.039883
0.117608 -0.038894
0.128454 -0.037917
0.139683 -0.036950
0.151282 -0.035724
0.163235 -0.034484
0.175532 -0.032740
0.188157 -0.031823
0.201097 -0.031165
0.214337 -0.030271
0.227864 -0.029198
0.241663 -0.028702
0.255719 -0.028613
0.270017 -0.026948
0.284542 -0.026373
0.299280 -0.025519
0.314215 -0.025433
0.329331 -0.024725
0.344613 -0.024727
0.360045 -0.023523
0.375611 -0.021705
0.391296 -0.020866
0.407083 -0.021517
0.422957 -0.019808
0.438901 -0.018233
0.454899 -0.019354
0.470935 -0.016610
0.486992 -0.015032
0.503055 -0.014121
0.519107 -0.014037
0.535132 -0.012131
0.551114 -0.012141
0.567036 -0.011899
0.582884 -0.011706
0.598640 -0.010153
0.614290 -0.009403
0.629817 -0.009244
0.645206 -0.008078
0.660442 -0.007224
0.675509 -0.006142
0.690393 -0.005961
0.705077 -0.005562
0.719549 -0.004462
0.733793 -0.003642
0.747795 -0.003663
0.761542 -0.002366
0.775019 -0.002974
0.788214 -0.001945
0.801113 -0.000775
0.813704 -0.000070
0.825973 0.001051
0.837910 0.000950
0.849501 0.001529
0.860735 0.001776
0.871601 0.002541
0.882088 0.003684
0.892184 0.003730
0.901880 0.003882
0.911165 0.005208
0.920031 0.004638
0.928468 0.005906
0.936467 0.005633
0.944019 0.007187
0.951116 0.007905
0.957751 0.007210
0.963920 0.006267
0.969616 0.008950
0.974836 0.008076
0.979575 0.008347
0.983831 0.008125
0.987598 0.007601
0.990874 0.007005
0.993653 0.005828
0.995934 0.004144
0.997711 0.005024
0.998982 0.004360
0.999745 0.004535
1.000000 0.002899
