1.000000 0.005014
0.999745 0.008004
0.998982 0.009761
0.997711 0.008897
0.995933 0.010045
0.993653 0.011938
0.990874 0.012799
0.987598 0.014936
0.983830 0.018099
0.979575 0.020896
0.974836 0.028365
0.969616 0.028442
0.963920 0.031135
0.957751 0.037859
0.951116 0.038843
0.944019 0.041945
0.936467 0.046896
0.928468 0.051328
0.920031 0.056047
0.911165 0.061016
0.901879 0.066115
0.892183 0.071152
0.882087 0.076516
0.871601 0.081091
0.860735 0.087165
0.849501 0.093398
0.837910 0.100569
0.825974 0.106937
0.813704 0.113442
0.801113 0.119458
0.788214 0.125598
0.775019 0.132329
0.761541 0.139495
0.747795 0.146070
0.733792 0.153008
0.719548 0.158437
0.705077 0.166123
0.690392 0.172343
0.675509 0.179165
0.660442 0.185284
0.645206 0.191534
0.629817 0.197373
0.614290 0.202807
0.598640 0.208231
0.582884 0.213788
0.567036 0.219089
0.551113 0.224095
0.535131 0.228454
0.519106 0.231969
0.503054 0.235468
0.486991 0.238599
0.470934 0.241056
0.454898 0.243206
0.438900 0.244284
0.422956 0.245921
0.407083 0.247814
0.391295 0.248759
0.375610 0.250304
0.360044 0.250613
0.344612 0.250078
0.329330 0.250223
0.314213 0.248369
0.299279 0.249254
0.284541 0.246619
0.270015 0.244521
0.255717 0.242710
0.241661 0.240311
0.227862 0.236652
0.214336 0.233286
0.201095 0.229816
0.188155 0.225829
0.175530 0.221583
0.163234 0.217193
0.151280 0.212620
0.139681 0.205890
0.128452 0.199568
0.117606 0.192969
0.107155 0.186316
0.097113 0.179236
0.087493 0.173558
0.078306 0.165881
0.069566 0.158774
0.061285 0.151962
0.053474 0.144117
0.046150 0.134894
0.039326 0.126054
0.033014 0.117199
0.027230 0.107286
0.021980 0.098084
0.017277 0.087678
0.013141 0.078002
0.009573 0.066468
0.006583 0.055422
0.004188 0.044243
0.002354 0.034316
0.001081 0.025795
0.000371 0.019013
0.000077 0.014589
0.000005 0.010856
0.000000 0.010718
0.000005 0.009319
0.000077 0.006076
0.000371 0.000412
0.001081 -0.005194
0.002353 -0.012924
0.004188 -0.018330
0.006585 -0.025424
0.009576 -0.032821
0.013145 -0.040172
0.017281 -0.046134
0.021983 -0.050337
0.027232 -0.055862
0.033016 -0.061321
0.039328 -0.065603
0.046152 -0.071193
0.053476 -0.075044
0.061287 -0.079940
0.069568 -0.084035
0.078308 -0.086338
0.087495 -0.090306
0.097115 -0.092654
0.107157 -0.095644
0.117608 -0.098843
0.128454 -0.102123
0.139683 -0.104163
0.151282 -0.108453
0.163235 -0.110284
0.175532 -0.112582
0.188157 -0.114304
0.201097 -0.115131
0.214337 -0.115583
0.227864 -0.117495
0.241663 -0.118961
0.255719 -0.118952
0.270017 -0.119493
0.284542 -0.120086
0.299280 -0.120611
0.314215 -0.121263
0.329331 -0.121473
0.344613 -0.121853
0.360045 -0.121713
0.375611 -0.121358
0.391296 -0.121661
0.407083 -0.120594
0.422957 -0.120076
0.438901 -0.119261
0.454899 -0.117769
0.470935 -0.115665
0.486992 -0.113386
0.503055 -0.111366
0.519107 -0.108418
0.535132 -0.104783
0.551114 -0.101695
0.567036 -0.098053
0.582884 -0.095438
0.598640 -0.091525
0.614290 -0.087573
0.629817 -0.085045
0.645206 -0.080069
0.660442 -0.077695
0.675509 -0.072434
0.690393 -0.068636
0.705077 -0.065201
0.719549 -0.061344
0.733793 -0.057284
0.747795 -0.052602
0.761542 -0.047990
0.775019 -0.044414
0.788214 -0.040448
0.801113 -0.036739
0.813704 -0.031775
0.825973 -0.028020
0.837910 -0.022982
0.849501 -0.020111
0.860735 -0.016188
0.871601 -0.013261
0.882088 -0.009734
0.892184 -0.006097
0.901880 -0.004581
0.911165 -0.001901
0.920031 -0.002001
0.928468 -0.000788
0.936467 -0.000523
0.944019 0.001501
0.951116 0.003177
0.957751 0.005281
0.963920 0.005751
0.969616 0.006015
0.974836 0.006879
0.979575 0.007360
0.983831 0.007405
0.987598 0.007510
0.990874 0.007582
0.993653 0.007110
0.995934 0.007270
0.997711 0.008781
0.998982 0.007085
0.999745 0.006826
1.000000 0.002412
