1.000000 0.007736
0.999745 0.009051
0.998982 0.010735
0.997711 0.012346
0.995933 0.014382
0.993653 0.016161
0.990874 0.019178
0.987598 0.021911
0.983830 0.024145
0.979575 0.027195
0.974836 0.031465
0.969616 0.035595
0.963920 0.040452
0.957751 0.044819
0.951116 0.050517
0.944019 0.055802
0.936467 0.062414
0.928468 0.068515
0.920031 0.075057
0.911165 0.081282
0.901879 0.086450
0.892183 0.094113
0.882087 0.100067
0.871601 0.108602
0.860735 0.115658
0.849501 0.122076
0.837910 0.128369
0.825974 0.133670
0.813704 0.138833
0.801113 0.144026
0.788214 0.149024
0.775019 0.152716
0.761541 0.156387
0.747795 0.159033
0.733792 0.161736
0.719548 0.163524
0.705077 0.164783
0.690392 0.166420
0.675509 0.167963
0.660442 0.169622
0.645206 0.170893
0.629817 0.171912
0.614290 0.173041
0.598640 0.172690
0.582884 0.173269
0.567036 0.173841
0.551113 0.174206
0.535131 0.175036
0.519106 0.174363
0.503054 0.174237
0.486991 0.173221
0.470934 0.172527
0.454898 0.172103
0.438900 0.172126
0.422956 0.171223
0.407083 0.170492
0.391295 0.168691
0.375610 0.166823
0.360044 0.164741
0.344612 0.161746
0.329330 0.161980
0.314213 0.158385
0.299279 0.155909
0.284541 0.153600
0.270015 0.150991
0.255717 0.148403
0.241661 0.146277
0.227862 0.142917
0.214336 0.140064
0.201095 0.135950
0.188155 0.132712
0.175530 0.129873
0.163234 0.125632
0.151280 0.121662
0.139681 0.118509
0.128452 0.113862
0.117606 0.109819
0.107155 0.105497
0.097113 0.101686
0.087493 0.097115
0.078306 0.092990
0.069566 0.088925
0.061285 0.084928
0.053474 0.079861
0.046150 0.074920
0.039326 0.069833
0.033014 0.063730
0.027230 0.058726
0.021980 0.053161
0.017277 0.046307
0.013141 0.041755
0.009573 0.036825
0.006583 0.031711
0.004188 0.026208
0.002354 0.021225
0.001081 0.016780
0.000371 0.013017
0.000077 0.009856
0.000005 0.007436
0.000000 0.006604
0.000005 0.004606
0.000077 0.002853
0.000371 -0.000792
0.001081 -0.005284
0.002353 -0.011350
0.004188 -0.017087
0.006585 -0.020312
0.009576 -0.026517
0.013145 -0.030013
0.017281 -0.033853
0.021983 -0.038758
0.027232 -0.043487
0.033016 -0.048783
0.039328 -0.051900
0.046152 -0.056795
0.053476 -0.061136
0.061287 -0.065849
0.069568 -0.071646
0.078308 -0.075893
0.087495 -0.082386
0.097115 -0.083835
0.107157 -0.089349
0.117608 -0.093363
0.128454 -0.097489
0.139683 -0.101265
0.151282 -0.105665
0.163235 -0.108665
0.175532 -0.113108
0.188157 -0.116224
0.201097 -0.120906
0.214337 -0.124014
0.227864 -0.127070
0.241663 -0.131343
0.255719 -0.133550
0.270017 -0.136287
0.284542 -0.138033
0.299280 -0.141142
0.314215 -0.143579
0.329331 -0.145676
0.344613 -0.148659
0.360045 -0.151420
0.375611 -0.151309
0.391296 -0.153936
0.407083 -0.154074
0.422957 -0.155556
0.438901 -0.156374
0.454899 -0.157725
0.470935 -0.158388
0.486992 -0.158461
0.503055 -0.159234
0.519107 -0.159467
0.535132 -0.159964
0.551114 -0.161885
0.567036 -0.159549
0.582884 -0.159784
0.598640 -0.160115
0.614290 -0.159588
0.629817 -0.158470
0.645206 -0.156178
0.660442 -0.154779
0.675509 -0.154038
0.690393 -0.150984
0.705077 -0.149614
0.719549 -0.146910
0.733793 -0.144724
0.747795 -0.141930
0.761542 -0.137866
0.775019 -0.133817
0.788214 -0.128708
0.801113 -0.124287
0.813704 -0.119210
0.825973 -0.114619
0.837910 -0.108035
0.849501 -0.103117
0.860735 -0.096200
0.871601 -0.088856
0.882088 -0.081959
0.892184 -0.074722
0.901880 -0.068231
0.911165 -0.060729
0.920031 -0.053801
0.928468 -0.046948
0.936467 -0.040145
0.944019 -0.034191
0.951116 -0.028816
0.957751 -0.024338
0.963920 -0.018460
0.969616 -0.014457
0.974836 -0.010444
0.979575 -0.007484
0.983831 -0.003604
0.987598 -0.002251
0.990874 0.000540
0.993653 0.002970
0.995934 0.004503
0.997711 0.004960
0.998982 0.006236
0.999745 0.003509
1.000000 0.003640
