1.000000 0.010782
0.999745 0.011826
0.998982 0.012297
0.997711 0.013351
0.995933 0.014659
0.993653 0.016415
0.990874 0.017684
0.987598 0.019269
0.983830 0.022370
0.979575 0.027008
0.974836 0.031404
0.969616 0.036764
0.963920 0.042770
0.957751 0.047940
0.951116 0.052128
0.944019 0.058990
0.936467 0.064934
0.928468 0.071676
0.920031 0.077802
0.911165 0.084103
0.901879 0.090418
0.892183 0.099342
0.882087 0.105432
0.871601 0.114213
0.860735 0.121327
0.849501 0.129145
0.837910 0.137960
0.825974 0.145395
0.813704 0.153724
0.801113 0.162007
0.788214 0.170007
0.775019 0.178025
0.761541 0.186255
0.747795 0.195315
0.733792 0.203769
0.719548 0.211585
0.705077 0.221184
0.690392 0.227608
0.675509 0.236238
0.660442 0.244140
0.645206 0.251116
0.629817 0.259363
0.614290 0.265417
0.598640 0.272744
0.582884 0.279047
0.567036 0.286018
0.551113 0.293184
0.535131 0.300103
0.519106 0.305604
0.503054 0.311361
0.486991 0.316471
0.470934 0.320925
0.454898 0.326393
0.438900 0.329001
0.422956 0.333362
0.407083 0.337030
0.391295 0.341361
0.375610 0.344445
0.360044 0.346965
0.344612 0.349010
0.329330 0.350029
0.314213 0.349964
0.299279 0.349681
0.284541 0.349589
0.270015 0.348611
0.255717 0.346719
0.241661 0.343301
0.227862 0.338979
0.214336 0.333952
0.201095 0.328534
0.188155 0.322881
0.175530 0.315705
0.163234 0.307563
0.151280 0.298213
0.139681 0.288234
0.128452 0.277736
0.117606 0.266965
0.107155 0.254693
0.097113 0.244422
0.087493 0.230157
0.078306 0.217216
0.069566 0.203614
0.061285 0.189379
0.053474 0.175458
0.046150 0.160841
0.039326 0.145295
0.033014 0.131018
0.027230 0.116581
0.021980 0.101847
0.017277 0.088164
0.013141 0.074401
0.009573 0.062314
0.006583 0.050306
0.004188 0.038467
0.002354 0.031051
0.001081 0.022301
0.000371 0.017224
0.000077 0.010458
0.000005 0.007881
0.000000 0.006195
0.000005 0.005314
0.000077 0.003171
0.000371 -0.001016
0.001081 -0.004384
0.002353 -0.007240
0.004188 -0.009835
0.006585 -0.010717
0.009576 -0.009536
0.013145 -0.008578
0.017281 -0.005804
0.021983 -0.005029
0.027232 -0.003388
0.033016 -0.001908
0.039328 0.000611
0.046152 0.000658
0.053476 0.002534
0.061287 0.003733
0.069568 0.006800
0.078308 0.008539
0.087495 0.010428
0.097115 0.012612
0.107157 0.014171
0.117608 0.016502
0.128454 0.018068
0.139683 0.019814
0.151282 0.021085
0.163235 0.023738
0.175532 0.024857
0.188157 0.026748
0.201097 0.027649
0.214337 0.029122
0.227864 0.029491
0.241663 0.030897
0.255719 0.032347
0.270017 0.033432
0.284542 0.033119
0.299280 0.033343
0.314215 0.036121
0.329331 0.035577
0.344613 0.035342
0.360045 0.036905
0.375611 0.038292
0.391296 0.037045
0.407083 0.036875
0.422957 0.038183
0.438901 0.038892
0.454899 0.039253
0.470935 0.039486
0.486992 0.039723
0.503055 0.039141
0.519107 0.039518
0.535132 0.039197
0.551114 0.037796
0.567036 0.037005
0.582884 0.036584
0.598640 0.034976
0.614290 0.034151
0.629817 0.033027
0.645206 0.031517
0.660442 0.030801
0.675509 0.030377
0.690393 0.030093
0.705077 0.029220
0.719549 0.027595
0.733793 0.026548
0.747795 0.025273
0.761542 0.024496
0.775019 0.023545
0.788214 0.022059
0.801113 0.021271
0.813704 0.019931
0.825973 0.018330
0.837910 0.016897
0.849501 0.014723
0.860735 0.014175
0.871601 0.012439
0.882088 0.011784
0.892184 0.010888
0.901880 0.009725
0.911165 0.009101
0.920031 0.007652
0.928468 0.007671
0.936467 0.007258
0.944019 0.006130
0.951116 0.004988
0.957751 0.002905
0.963920 0.002864
0.969616 0.002283
0.974836 0.001834
0.979575 0.000836
0.983831 -0.000115
0.987598 0.000037
0.990874 -0.000308
0.993653 -0.000743
0.995934 -0.000053
0.997711 0.000114
0.998982 -0.004501
0.999745 -0.002404
1.000000 -0.002154
