1.000000 0.004116
0.999745 0.006051
0.998982 0.006969
0.997711 0.006356
0.995933 0.005637
0.993653 0.007202
0.990874 0.005839
0.987598 0.006641
0.983830 0.007447
0.979575 0.008143
0.974836 0.008941
0.969616 0.010426
0.963920 0.010167
0.957751 0.011072
0.951116 0.012749
0.944019 0.013550
0.936467 0.014916
0.928468 0.017635
0.920031 0.019447
0.911165 0.021192
0.901879 0.023921
0.892183 0.025313
0.882087 0.031794
0.871601 0.031855
0.860735 0.036409
0.849501 0.039334
0.837910 0.043628
0.825974 0.049282
0.813704 0.053892
0.801113 0.058746
0.788214 0.064766
0.775019 0.069800
0.761541 0.075869
0.747795 0.082185
0.733792 0.088281
0.719548 0.094390
0.705077 0.101151
0.690392 0.107112
0.675509 0.114007
0.660442 0.120701
0.645206 0.128201
0.629817 0.135174
0.614290 0.141911
0.598640 0.148899
0.582884 0.155321
0.567036 0.161806
0.551113 0.167908
0.535131 0.173816
0.519106 0.179775
0.503054 0.184850
0.486991 0.189477
0.470934 0.194023
0.454898 0.196872
0.438900 0.199401
0.422956 0.202858
0.407083 0.204186
0.391295 0.206127
0.375610 0.208158
0.360044 0.207611
0.344612 0.208346
0.329330 0.208037
0.314213 0.208002
0.299279 0.207783
0.284541 0.206749
0.270015 0.204716
0.255717 0.203107
0.241661 0.201076
0.227862 0.198075
0.214336 0.195836
0.201095 0.191446
0.188155 0.187431
0.175530 0.182836
0.163234 0.177890
0.151280 0.172506
0.139681 0.168458
0.128452 0.162349
0.117606 0.157595
0.107155 0.151102
0.097113 0.143699
0.087493 0.138932
0.078306 0.133463
0.069566 0.126184
0.061285 0.119322
0.053474 0.111708
0.046150 0.103936
0.039326 0.096681
0.033014 0.087614
0.027230 0.081371
0.021980 0.071611
0.017277 0.065221
0.013141 0.058518
0.009573 0.050085
0.006583 0.043103
0.004188 0.034396
0.002354 0.028825
0.001081 0.022046
0.000371 0.016036
0.000077 0.011545
0.000005 0.008767
0.000000 0.006523
0.000005 0.007545
0.000077 0.004704
0.000371 0.001116
0.001081 -0.004318
0.002353 -0.012196
0.004188 -0.017659
0.006585 -0.023598
0.009576 -0.030140
0.013145 -0.034238
0.017281 -0.039476
0.021983 -0.044583
0.027232 -0.050364
0.033016 -0.055557
0.039328 -0.060472
0.046152 -0.066066
0.053476 -0.070291
0.061287 -0.073344
0.069568 -0.078854
0.078308 -0.080773
0.087495 -0.084081
0.097115 -0.086532
0.107157 -0.088550
0.117608 -0.092327
0.128454 -0.092559
0.139683 -0.094743
0.151282 -0.097898
0.163235 -0.100812
0.175532 -0.102736
0.188157 -0.105074
0.201097 -0.105089
0.214337 -0.105298
0.227864 -0.106992
0.241663 -0.108580
0.255719 -0.109114
0.270017 -0.109994
0.284542 -0.110488
0.299280 -0.111331
0.314215 -0.112739
0.329331 -0.111729
0.344613 -0.112900
0.360045 -0.113817
0.375611 -0.113589
0.391296 -0.113535
0.407083 -0.113062
0.422957 -0.112515
0.438901 -0.113857
0.454899 -0.112573
0.470935 -0.112237
0.486992 -0.111805
0.503055 -0.111109
0.519107 -0.110962
0.535132 -0.109601
0.551114 -0.108188
0.567036 -0.107626
0.582884 -0.105247
0.598640 -0.105012
0.614290 -0.103171
0.629817 -0.101107
0.645206 -0.099940
0.660442 -0.097317
0.675509 -0.095486
0.690393 -0.092276
0.705077 -0.089535
0.719549 -0.088116
0.733793 -0.084500
0.747795 -0.081236
0.761542 -0.078303
0.775019 -0.074496
0.788214 -0.073064
0.801113 -0.068997
0.813704 -0.065170
0.825973 -0.062255
0.837910 -0.059525
0.849501 -0.054127
0.860735 -0.051570
0.871601 -0.047872
0.882088 -0.044646
0.892184 -0.041712
0.901880 -0.036532
0.911165 -0.032951
0.920031 -0.029100
0.928468 -0.026240
0.936467 -0.022674
0.944019 -0.021198
0.951116 -0.016902
0.957751 -0.014838
0.963920 -0.011402
0.969616 -0.009787
0.974836 -0.006237
0.979575 -0.003546
0.983831 -0.001387
0.987598 0.000956
0.990874 0.002482
0.993653 0.003000
0.995934 0.005522
0.997711 0.005775
0.998982 0.006601
0.999745 0.005986
1.000000 0.008211
