1.000000 0.008280
0.999745 0.010712
0.998982 0.011167
0.997711 0.013274
0.995933 0.012006
0.993653 0.013019
0.990874 0.014980
0.987598 0.016743
0.983830 0.019294
0.979575 0.021320
0.974836 0.022938
0.969616 0.025868
0.963920 0.028353
0.957751 0.030389
0.951116 0.032064
0.944019 0.037285
0.936467 0.039325
0.928468 0.041888
0.920031 0.045167
0.911165 0.048536
0.901879 0.052382
0.892183 0.054715
0.882087 0.058452
0.871601 0.062605
0.860735 0.067048
0.849501 0.071498
0.837910 0.076941
0.825974 0.081733
0.813704 0.086393
0.801113 0.092105
0.788214 0.096854
0.775019 0.101709
0.761541 0.106021
0.747795 0.111224
0.733792 0.116367
0.719548 0.120871
0.705077 0.126681
0.690392 0.131193
0.675509 0.134757
0.660442 0.139659
0.645206 0.144206
0.629817 0.149763
0.614290 0.152938
0.598640 0.156495
0.582884 0.160498
0.567036 0.163953
0.551113 0.166905
0.535131 0.169848
0.519106 0.172117
0.503054 0.174143
0.486991 0.175605
0.470934 0.176680
0.454898 0.177751
0.438900 0.178680
0.422956 0.178853
0.407083 0.178491
0.391295 0.178258
0.375610 0.177239
0.360044 0.177334
0.344612 0.175764
0.329330 0.174730
0.314213 0.173646
0.299279 0.172885
0.284541 0.170543
0.270015 0.169502
0.255717 0.167366
0.241661 0.164627
0.227862 0.162582
0.214336 0.159059
0.201095 0.158779
0.188155 0.152954
0.175530 0.149380
0.163234 0.145603
0.151280 0.140821
0.139681 0.137902
0.128452 0.132365
0.117606 0.128750
0.107155 0.123751
0.097113 0.119003
0.087493 0.113696
0.078306 0.108419
0.069566 0.102602
0.061285 0.098071
0.053474 0.092057
0.046150 0.085919
0.039326 0.080968
0.033014 0.074966
0.027230 0.069867
0.021980 0.064385
0.017277 0.059034
0.013141 0.052875
0.009573 0.047273
0.006583 0.040637
0.004188 0.035306
0.002354 0.028494
0.001081 0.021509
0.000371 0.016737
0.000077 0.012259
0.000005 0.009059
0.000000 0.008528
0.000005 0.006936
0.000077 0.005787
0.000371 0.002576
0.001081 -0.003115
0.002353 -0.009367
0.004188 -0.017018
0.006585 -0.021996
0.009576 -0.027136
0.013145 -0.032294
0.017281 -0.037207
0.021983 -0.043404
0.027232 -0.048096
0.033016 -0.053305
0.039328 -0.057420
0.046152 -0.063482
0.053476 -0.067584
0.061287 -0.071748
0.069568 -0.076324
0.078308 -0.079694
0.087495 -0.085149
0.097115 -0.089119
0.107157 -0.093825
0.117608 -0.099457
0.128454 -0.104765
0.139683 -0.108434
0.151282 -0.112185
0.163235 -0.116688
0.175532 -0.120974
0.188157 -0.125022
0.201097 -0.128259
0.214337 -0.132013
0.227864 -0.136281
0.241663 -0.139389
0.255719 -0.141705
0.270017 -0.146180
0.284542 -0.148704
0.299280 -0.150751
0.314215 -0.153883
0.329331 -0.155867
0.344613 -0.157351
0.360045 -0.159142
0.375611 -0.160439
0.391296 -0.161440
0.407083 -0.161662
0.422957 -0.162627
0.438901 -0.162236
0.454899 -0.162825
0.470935 -0.160623
0.486992 -0.158521
0.503055 -0.157131
0.519107 -0.155097
0.535132 -0.153823
0.551114 -0.150076
0.567036 -0.145491
0.582884 -0.142773
0.598640 -0.140451
0.614290 -0.137539
0.629817 -0.132809
0.645206 -0.126803
0.660442 -0.121939
0.675509 -0.115351
0.690393 -0.110706
0.705077 -0.105347
0.719549 -0.102136
0.733793 -0.094906
0.747795 -0.088714
0.761542 -0.086062
0.775019 -0.079086
0.788214 -0.076086
0.801113 -0.068596
0.813704 -0.065599
0.825973 -0.059017
0.837910 -0.054924
0.849501 -0.050139
0.860735 -0.046364
0.871601 -0.041125
0.882088 -0.038630
0.892184 -0.032456
0.901880 -0.030454
0.911165 -0.027098
0.920031 -0.023714
0.928468 -0.019912
0.936467 -0.016947
0.944019 -0.013526
0.951116 -0.010876
0.957751 -0.008640
0.963920 -0.006203
0.969616 -0.004081
0.974836 -0.001751
0.979575 -0.000350
0.983831 0.001652
0.987598 0.003008
0.990874 0.004177
0.993653 0.004459
0.995934 0.006606
0.997711 0.007716
0.998982 0.006569
0.999745 0.005511
1.000000 0.004897
