1.000000 0.005885
0.999745 0.009658
0.998982 0.007983
0.997711 0.010514
0.995933 0.010867
0.993653 0.011326
0.990874 0.011239
0.987598 0.013661
0.983830 0.014968
0.979575 0.016789
0.974836 0.018923
0.969616 0.021264
0.963920 0.023962
0.957751 0.027069
0.951116 0.028599
0.944019 0.031671
0.936467 0.034015
0.928468 0.038034
0.920031 0.041156
0.911165 0.044287
0.901879 0.048698
0.892183 0.052620
0.882087 0.056220
0.871601 0.060526
0.860735 0.063702
0.849501 0.068619
0.837910 0.072873
0.825974 0.077331
0.813704 0.082622
0.801113 0.086876
0.788214 0.091874
0.775019 0.096671
0.761541 0.100808
0.747795 0.106477
0.733792 0.111429
0.719548 0.117075
0.705077 0.121577
0.690392 0.126241
0.675509 0.131562
0.660442 0.135720
0.645206 0.139233
0.629817 0.143235
0.614290 0.147642
0.598640 0.152717
0.582884 0.155681
0.567036 0.158865
0.551113 0.162343
0.535131 0.164975
0.519106 0.168276
0.503054 0.170883
0.486991 0.173565
0.470934 0.175684
0.454898 0.177441
0.438900 0.178994
0.422956 0.180349
0.407083 0.182018
0.391295 0.182964
0.375610 0.183627
0.360044 0.183329
0.344612 0.183617
0.329330 0.184901
0.314213 0.183698
0.299279 0.183322
0.284541 0.182701
0.270015 0.181570
0.255717 0.180128
0.241661 0.178893
0.227862 0.177675
0.214336 0.175307
0.201095 0.172480
0.188155 0.169905
0.175530 0.167170
0.163234 0.163547
0.151280 0.161089
0.139681 0.157090
0.128452 0.152530
0.117606 0.148642
0.107155 0.143574
0.097113 0.138095
0.087493 0.132194
0.078306 0.127586
0.069566 0.121124
0.061285 0.116627
0.053474 0.110458
0.046150 0.103027
0.039326 0.094066
0.033014 0.085852
0.027230 0.079492
0.021980 0.072401
0.017277 0.065761
0.013141 0.058965
0.009573 0.050244
0.006583 0.041785
0.004188 0.035908
0.002354 0.029113
0.001081 0.022476
0.000371 0.017387
0.000077 0.012483
0.000005 0.010214
0.000000 0.008767
0.000005 0.008371
0.000077 0.005930
0.000371 0.000758
0.001081 -0.005406
0.002353 -0.012264
0.004188 -0.019903
0.006585 -0.027703
0.009576 -0.035643
0.013145 -0.043770
0.017281 -0.050763
0.021983 -0.058732
0.027232 -0.066687
0.033016 -0.073763
0.039328 -0.079527
0.046152 -0.085790
0.053476 -0.091887
0.061287 -0.097796
0.069568 -0.102959
0.078308 -0.109985
0.087495 -0.115434
0.097115 -0.121903
0.107157 -0.125487
0.117608 -0.129583
0.128454 -0.134181
0.139683 -0.138061
0.151282 -0.142531
0.163235 -0.144898
0.175532 -0.148548
0.188157 -0.150851
0.201097 -0.154090
0.214337 -0.157307
0.227864 -0.158462
0.241663 -0.161301
0.255719 -0.162841
0.270017 -0.164096
0.284542 -0.166382
0.299280 -0.167344
0.314215 -0.168615
0.329331 -0.168152
0.344613 -0.168586
0.360045 -0.168959
0.375611 -0.169195
0.391296 -0.168872
0.407083 -0.167991
0.422957 -0.166951
0.438901 -0.164294
0.454899 -0.165134
0.470935 -0.161496
0.486992 -0.160777
0.503055 -0.158183
0.519107 -0.155700
0.535132 -0.152318
0.551114 -0.149949
0.567036 -0.146635
0.582884 -0.144006
0.598640 -0.140072
0.614290 -0.137260
0.629817 -0.133566
0.645206 -0.129197
0.660442 -0.125723
0.675509 -0.121507
0.690393 -0.117609
0.705077 -0.113006
0.719549 -0.107337
0.733793 -0.104931
0.747795 -0.098769
0.761542 -0.093800
0.775019 -0.086941
0.788214 -0.082326
0.801113 -0.077093
0.813704 -0.071975
0.825973 -0.066576
0.837910 -0.061656
0.849501 -0.057844
0.860735 -0.053014
0.871601 -0.049185
0.882088 -0.044038
0.892184 -0.040075
0.901880 -0.036039
0.911165 -0.032279
0.920031 -0.029006
0.928468 -0.025177
0.936467 -0.021077
0.944019 -0.017774
0.951116 -0.013435
0.957751 -0.011003
0.963920 -0.008173
0.969616 -0.005185
0.974836 -0.003311
0.979575 0.000219
0.983831 0.000997
0.987598 0.002922
0.990874 0.005272
0.993653 0.003939
0.995934 0.007286
0.997711 0.008039
0.998982 0.008065
0.999745 0.009062
1.000000 0.007686
