1.000000 0.007685
0.999745 0.006607
0.998982 0.008370
0.997711 0.008734
0.995933 0.007883
0.993653 0.008852
0.990874 0.008689
0.987598 0.008693
0.983830 0.009185
0.979575 0.009949
0.974836 0.010645
0.969616 0.012085
0.963920 0.013529
0.957751 0.015065
0.951116 0.016731
0.944019 0.018521
0.936467 0.020811
0.928468 0.022997
0.920031 0.025590
0.911165 0.027647
0.901879 0.031318
0.892183 0.032931
0.882087 0.037163
0.871601 0.040260
0.860735 0.043693
0.849501 0.046744
0.837910 0.052156
0.825974 0.054301
0.813704 0.059429
0.801113 0.063103
0.788214 0.067899
0.775019 0.074952
0.761541 0.080019
0.747795 0.084999
0.733792 0.092244
0.719548 0.097322
0.705077 0.103803
0.690392 0.110066
0.675509 0.116322
0.660442 0.123057
0.645206 0.130260
0.629817 0.137326
0.614290 0.143070
0.598640 0.150116
0.582884 0.157414
0.567036 0.164563
0.551113 0.171755
0.535131 0.178808
0.519106 0.186115
0.503054 0.193541
0.486991 0.200629
0.470934 0.208298
0.454898 0.215041
0.438900 0.221760
0.422956 0.228548
0.407083 0.235729
0.391295 0.243655
0.375610 0.250778
0.360044 0.256764
0.344612 0.262466
0.329330 0.267262
0.314213 0.271703
0.299279 0.274911
0.284541 0.276411
0.270015 0.277196
0.255717 0.277413
0.241661 0.275146
0.227862 0.272428
0.214336 0.269144
0.201095 0.264284
0.188155 0.259422
0.175530 0.254052
0.163234 0.246908
0.151280 0.240131
0.139681 0.231094
0.128452 0.222991
0.117606 0.214722
0.107155 0.205804
0.097113 0.197005
0.087493 0.187011
0.078306 0.174702
0.069566 0.165118
0.061285 0.152982
0.053474 0.141797
0.046150 0.129980
0.039326 0.118714
0.033014 0.106579
0.027230 0.094649
0.021980 0.084248
0.017277 0.073843
0.013141 0.063859
0.009573 0.054779
0.006583 0.044935
0.004188 0.036216
0.002354 0.028660
0.001081 0.022165
0.000371 0.016109
0.000077 0.012774
0.000005 0.008872
0.000000 0.007649
0.000005 0.006842
0.000077 0.003891
0.000371 0.000067
0.001081 -0.005543
0.002353 -0.009381
0.004188 -0.013441
0.006585 -0.017669
0.009576 -0.022293
0.013145 -0.024820
0.017281 -0.028710
0.021983 -0.031611
0.027232 -0.035275
0.033016 -0.037961
0.039328 -0.042386
0.046152 -0.044965
0.053476 -0.047556
0.061287 -0.049429
0.069568 -0.052533
0.078308 -0.053906
0.087495 -0.055659
0.097115 -0.057886
0.107157 -0.058484
0.117608 -0.059326
0.128454 -0.061960
0.139683 -0.061685
0.151282 -0.062159
0.163235 -0.063022
0.175532 -0.062957
0.188157 -0.062873
0.201097 -0.064337
0.214337 -0.064741
0.227864 -0.066465
0.241663 -0.066765
0.255719 -0.067313
0.270017 -0.068822
0.284542 -0.070962
0.299280 -0.072349
0.314215 -0.073708
0.329331 -0.073700
0.344613 -0.075616
0.360045 -0.074804
0.375611 -0.075382
0.391296 -0.075172
0.407083 -0.075585
0.422957 -0.075132
0.438901 -0.075811
0.454899 -0.075502
0.470935 -0.074999
0.486992 -0.076552
0.503055 -0.076077
0.519107 -0.076293
0.535132 -0.075382
0.551114 -0.076452
0.567036 -0.075630
0.582884 -0.075667
0.598640 -0.076245
0.614290 -0.075236
0.629817 -0.073612
0.645206 -0.073179
0.660442 -0.072312
0.675509 -0.071430
0.690393 -0.070469
0.705077 -0.069296
0.719549 -0.066925
0.733793 -0.065457
0.747795 -0.063974
0.761542 -0.062448
0.775019 -0.060072
0.788214 -0.058414
0.801113 -0.056370
0.813704 -0.053918
0.825973 -0.051247
0.837910 -0.049172
0.849501 -0.047050
0.860735 -0.044881
0.871601 -0.041348
0.882088 -0.038135
0.892184 -0.034548
0.901880 -0.032583
0.911165 -0.028568
0.920031 -0.025411
0.928468 -0.022897
0.936467 -0.018165
0.944019 -0.015154
0.951116 -0.011865
0.957751 -0.010601
0.963920 -0.006888
0.969616 -0.004644
0.974836 -0.001771
0.979575 0.000065
0.983831 0.001855
0.987598 0.003189
0.990874 0.003850
0.993653 0.005699
0.995934 0.007057
0.997711 0.007426
0.998982 0.009702
0.999745 0.007327
1.000000 0.005555
