1.000000 0.009098
0.999745 0.009478
0.998982 0.010592
0.997711 0.009997
0.995933 0.009589
0.993653 0.010882
0.990874 0.011002
0.987598 0.013025
0.983830 0.012861
0.979575 0.012010
0.974836 0.014738
0.969616 0.016127
0.963920 0.018342
0.957751 0.020908
0.951116 0.021773
0.944019 0.026113
0.936467 0.028577
0.928468 0.033166
0.920031 0.034547
0.911165 0.037322
0.901879 0.040630
0.892183 0.043397
0.882087 0.046677
0.871601 0.049248
0.860735 0.053155
0.849501 0.056012
0.837910 0.059440
0.825974 0.062819
0.813704 0.065692
0.801113 0.069946
0.788214 0.072008
0.775019 0.075754
0.761541 0.079363
0.747795 0.081839
0.733792 0.085675
0.719548 0.088971
0.705077 0.091719
0.690392 0.093131
0.675509 0.096454
0.660442 0.099360
0.645206 0.102340
0.629817 0.106056
0.614290 0.108457
0.598640 0.110219
0.582884 0.113375
0.567036 0.114558
0.551113 0.116752
0.535131 0.117983
0.519106 0.119257
0.503054 0.121249
0.486991 0.123212
0.470934 0.124314
0.454898 0.126739
0.438900 0.126858
0.422956 0.127334
0.407083 0.127479
0.391295 0.128720
0.375610 0.129437
0.360044 0.129789
0.344612 0.128203
0.329330 0.129778
0.314213 0.128425
0.299279 0.129120
0.284541 0.128665
0.270015 0.128267
0.255717 0.127862
0.241661 0.127329
0.227862 0.125211
0.214336 0.123679
0.201095 0.121981
0.188155 0.120879
0.175530 0.120775
0.163234 0.118336
0.151280 0.116885
0.139681 0.115517
0.128452 0.113612
0.117606 0.111150
0.107155 0.108778
0.097113 0.106032
0.087493 0.103630
0.078306 0.099746
0.069566 0.098797
0.061285 0.095066
0.053474 0.092343
0.046150 0.089503
0.039326 0.083882
0.033014 0.079818
0.027230 0.074852
0.021980 0.069698
0.017277 0.064533
0.013141 0.057257
0.009573 0.050139
0.006583 0.043045
0.004188 0.034483
0.002354 0.025549
0.001081 0.021107
0.000371 0.017630
0.000077 0.009722
0.000005 0.008170
0.000000 0.007535
0.000005 0.007194
0.000077 0.004539
0.000371 0.000266
0.001081 -0.005425
0.002353 -0.012449
0.004188 -0.019210
0.006585 -0.026858
0.009576 -0.033630
0.013145 -0.039441
0.017281 -0.045946
0.021983 -0.049948
0.027232 -0.056840
0.033016 -0.060720
0.039328 -0.067399
0.046152 -0.069545
0.053476 -0.071520
0.061287 -0.075287
0.069568 -0.079105
0.078308 -0.082463
0.087495 -0.084518
0.097115 -0.089135
0.107157 -0.091360
0.117608 -0.092952
0.128454 -0.095993
0.139683 -0.099864
0.151282 -0.100809
0.163235 -0.101085
0.175532 -0.105384
0.188157 -0.105785
0.201097 -0.110536
0.214337 -0.109020
0.227864 -0.110981
0.241663 -0.112288
0.255719 -0.111436
0.270017 -0.112757
0.284542 -0.113789
0.299280 -0.114284
0.314215 -0.114095
0.329331 -0.114578
0.344613 -0.114237
0.360045 -0.114063
0.375611 -0.113453
0.391296 -0.112610
0.407083 -0.111597
0.422957 -0.110183
0.438901 -0.109459
0.454899 -0.107764
0.470935 -0.106993
0.486992 -0.104483
0.503055 -0.103335
0.519107 -0.101386
0.535132 -0.099090
0.551114 -0.098097
0.567036 -0.097697
0.582884 -0.093226
0.598640 -0.093007
0.614290 -0.089396
0.629817 -0.085230
0.645206 -0.084206
0.660442 -0.080244
0.675509 -0.077245
0.690393 -0.074410
0.705077 -0.071165
0.719549 -0.068136
0.733793 -0.064647
0.747795 -0.061767
0.761542 -0.059664
0.775019 -0.056458
0.788214 -0.053776
0.801113 -0.049920
0.813704 -0.044722
0.825973 -0.044650
0.837910 -0.039305
0.849501 -0.035784
0.860735 -0.033650
0.871601 -0.030652
0.882088 -0.027965
0.892184 -0.024945
0.901880 -0.021805
0.911165 -0.018883
0.920031 -0.016683
0.928468 -0.014201
0.936467 -0.011061
0.944019 -0.008601
0.951116 -0.007437
0.957751 -0.003571
0.963920 -0.002590
0.969616 -0.000198
0.974836 0.000777
0.979575 0.001983
0.983831 0.004023
0.987598 0.004529
0.990874 0.005116
0.993653 0.004097
0.995934 0.004834
0.997711 0.003275
0.998982 0.006505
0.999745 0.003681
1.000000 0.006319
