1.000000 0.007367
0.999745 0.008852
0.998982 0.009277
0.997711 0.009812
0.995933 0.012282
0.993653 0.013365
0.990874 0.014290
0.987598 0.016522
0.983830 0.017120
0.979575 0.018489
0.974836 0.020238
0.969616 0.022119
0.963920 0.025091
0.957751 0.027855
0.951116 0.030446
0.944019 0.030834
0.936467 0.034299
0.928468 0.038166
0.920031 0.039808
0.911165 0.044493
0.901879 0.045892
0.892183 0.051567
0.882087 0.055770
0.871601 0.060087
0.860735 0.063615
0.849501 0.068766
0.837910 0.074488
0.825974 0.080417
0.813704 0.086684
0.801113 0.092148
0.788214 0.100808
0.775019 0.105845
0.761541 0.112802
0.747795 0.119285
0.733792 0.127956
0.719548 0.134044
0.705077 0.141560
0.690392 0.151284
0.675509 0.158335
0.660442 0.166269
0.645206 0.173430
0.629817 0.181059
0.614290 0.187765
0.598640 0.194427
0.582884 0.201274
0.567036 0.208672
0.551113 0.215003
0.535131 0.222250
0.519106 0.226838
0.503054 0.230722
0.486991 0.235129
0.470934 0.238561
0.454898 0.242201
0.438900 0.244879
0.422956 0.246166
0.407083 0.247811
0.391295 0.248866
0.375610 0.250169
0.360044 0.250651
0.344612 0.250371
0.329330 0.249907
0.314213 0.248958
0.299279 0.248138
0.284541 0.246523
0.270015 0.244148
0.255717 0.241422
0.241661 0.237692
0.227862 0.235913
0.214336 0.231525
0.201095 0.227717
0.188155 0.223554
0.175530 0.219571
0.163234 0.213845
0.151280 0.208410
0.139681 0.202797
0.128452 0.196398
0.117606 0.189684
0.107155 0.182486
0.097113 0.176585
0.087493 0.169596
0.078306 0.163063
0.069566 0.154720
0.061285 0.146164
0.053474 0.137624
0.046150 0.129376
0.039326 0.120691
0.033014 0.112438
0.027230 0.103643
0.021980 0.093060
0.017277 0.082314
0.013141 0.071740
0.009573 0.062317
0.006583 0.051896
0.004188 0.041164
0.002354 0.033662
0.001081 0.025077
0.000371 0.018533
0.000077 0.014175
0.000005 0.010115
0.000000 0.009830
0.000005 0.007965
0.000077 0.006418
0.000371 0.000283
0.001081 -0.004547
0.002353 -0.010958
0.004188 -0.017572
0.006585 -0.023938
0.009576 -0.032014
0.013145 -0.038164
0.017281 -0.042884
0.021983 -0.048875
0.027232 -0.054268
0.033016 -0.059998
0.039328 -0.064796
0.046152 -0.070584
0.053476 -0.074381
0.061287 -0.078975
0.069568 -0.082983
0.078308 -0.087513
0.087495 -0.091035
0.097115 -0.095812
0.107157 -0.098626
0.117608 -0.102081
0.128454 -0.106262
0.139683 -0.108235
0.151282 -0.110709
0.163235 -0.113693
0.175532 -0.116267
0.188157 -0.120477
0.201097 -0.122453
0.214337 -0.126112
0.227864 -0.127466
0.241663 -0.129061
0.255719 -0.132299
0.270017 -0.132558
0.284542 -0.134632
0.299280 -0.136309
0.314215 -0.137398
0.329331 -0.139317
0.344613 -0.142056
0.360045 -0.140743
0.375611 -0.141700
0.391296 -0.142103
0.407083 -0.142146
0.422957 -0.142991
0.438901 -0.143236
0.454899 -0.143645
0.470935 -0.142113
0.486992 -0.141522
0.503055 -0.140481
0.519107 -0.140677
0.535132 -0.138873
0.551114 -0.138091
0.567036 -0.137429
0.582884 -0.134656
0.598640 -0.133219
0.614290 -0.130263
0.629817 -0.127980
0.645206 -0.125573
0.660442 -0.122344
0.675509 -0.120475
0.690393 -0.116260
0.705077 -0.113657
0.719549 -0.110736
0.733793 -0.106443
0.747795 -0.101792
0.761542 -0.097990
0.775019 -0.093776
0.788214 -0.088802
0.801113 -0.084049
0.813704 -0.078822
0.825973 -0.073735
0.837910 -0.066479
0.849501 -0.061859
0.860735 -0.056745
0.871601 -0.051174
0.882088 -0.046078
0.892184 -0.040338
0.901880 -0.036120
0.911165 -0.031119
0.920031 -0.027323
0.928468 -0.023446
0.936467 -0.019780
0.944019 -0.017375
0.951116 -0.013625
0.957751 -0.010597
0.963920 -0.008175
0.969616 -0.003710
0.974836 -0.002661
0.979575 -0.000059
0.983831 0.000606
0.987598 0.002047
0.990874 0.002747
0.993653 0.004363
0.995934 0.004485
0.997711 0.006939
0.998982 0.006357
0.999745 0.006180
1.000000 0.002900
