1.000000 0.001880
0.999745 0.002037
0.998982 0.002506
0.997711 0.003260
0.995933 0.004261
0.993653 0.005570
0.990874 0.007247
0.987598 0.009299
0.983830 0.011721
0.979575 0.014529
0.974836 0.017729
0.969616 0.021320
0.963920 0.025290
0.957751 0.029605
0.951116 0.034208
0.944019 0.039058
0.936467 0.044152
0.928468 0.049503
0.920031 0.055116
0.911165 0.060986
0.901879 0.067136
0.892183 0.073596
0.882087 0.080339
0.871601 0.087348
0.860735 0.094621
0.849501 0.102156
0.837910 0.110030
0.825974 0.118186
0.813704 0.126555
0.801113 0.135135
0.788214 0.143904
0.775019 0.152840
0.761541 0.161834
0.747795 0.170883
0.733792 0.179967
0.719548 0.189058
0.705077 0.198107
0.690392 0.207129
0.675509 0.216061
0.660442 0.224896
0.645206 0.233580
0.629817 0.242068
0.614290 0.250341
0.598640 0.258377
0.582884 0.266168
0.567036 0.273660
0.551113 0.280813
0.535131 0.287605
0.519106 0.294027
0.503054 0.300030
0.486991 0.305591
0.470934 0.310719
0.454898 0.315399
0.438900 0.319589
0.422956 0.323275
0.407083 0.326475
0.391295 0.329187
0.375610 0.331370
0.360044 0.333014
0.344612 0.334125
0.329330 0.334681
0.314213 0.334633
0.299279 0.333978
0.284541 0.332715
0.270015 0.330812
0.255717 0.328253
0.241661 0.325016
0.227862 0.321082
0.214336 0.316440
0.201095 0.311093
0.188155 0.305056
0.175530 0.298307
0.163234 0.290835
0.151280 0.282643
0.139681 0.273713
0.128452 0.264029
0.117606 0.253665
0.107155 0.242719
0.097113 0.231231
0.087493 0.219235
0.078306 0.206745
0.069566 0.193721
0.061285 0.180220
0.053474 0.166475
0.046150 0.152628
0.039326 0.138808
0.033014 0.125023
0.027230 0.111279
0.021980 0.097584
0.017277 0.084062
0.013141 0.070896
0.009573 0.058294
0.006583 0.046502
0.004188 0.035615
0.002354 0.025816
0.001081 0.017420
0.000371 0.010705
0.000077 0.005835
0.000005 0.002901
0.000000 0.001921
0.000005 0.000974
0.000077 -0.001880
0.000371 -0.006482
0.001081 -0.012596
0.002353 -0.019716
0.004188 -0.027075
0.006585 -0.034262
0.009576 -0.041372
0.013145 -0.047636
0.017281 -0.052933
0.021983 -0.057544
0.027232 -0.061641
0.033016 -0.065332
0.039328 -0.068697
0.046152 -0.071808
0.053476 -0.074718
0.061287 -0.077472
0.069568 -0.080069
0.078308 -0.082475
0.087495 -0.084694
0.097115 -0.086763
0.107157 -0.088660
0.117608 -0.090468
0.128454 -0.092175
0.139683 -0.093808
0.151282 -0.095313
0.163235 -0.096685
0.175532 -0.097928
0.188157 -0.099049
0.201097 -0.100029
0.214337 -0.100867
0.227864 -0.101598
0.241663 -0.102213
0.255719 -0.102671
0.270017 -0.102956
0.284542 -0.103091
0.299280 -0.103098
0.314215 -0.102961
0.329331 -0.102672
0.344613 -0.102247
0.360045 -0.101678
0.375611 -0.100962
0.391296 -0.100082
0.407083 -0.099037
0.422957 -0.097864
0.438901 -0.096568
0.454899 -0.095165
0.470935 -0.093671
0.486992 -0.092124
0.503055 -0.090521
0.519107 -0.088859
0.535132 -0.087152
0.551114 -0.085423
0.567036 -0.083659
0.582884 -0.081822
0.598640 -0.079914
0.614290 -0.077943
0.629817 -0.075875
0.645206 -0.073692
0.660442 -0.071419
0.675509 -0.069088
0.690393 -0.066683
0.705077 -0.064200
0.719549 -0.061663
0.733793 -0.059100
0.747795 -0.056484
0.761542 -0.053845
0.775019 -0.051193
0.788214 -0.048543
0.801113 -0.045915
0.813704 -0.043318
0.825973 -0.040723
0.837910 -0.038150
0.849501 -0.035615
0.860735 -0.033127
0.871601 -0.030685
0.882088 -0.028305
0.892184 -0.026013
0.901880 -0.023802
0.911165 -0.021715
0.920031 -0.019745
0.928468 -0.017862
0.936467 -0.016045
0.944019 -0.014287
0.951116 -0.012560
0.957751 -0.010846
0.963920 -0.009179
0.969616 -0.007631
0.974836 -0.006261
0.979575 -0.005116
0.983831 -0.004190
0.987598 -0.003450
0.990874 -0.002844
0.993653 -0.002373
0.995934 -0.002045
0.997711 -0.001792
0.998982 -0.001543
0.999745 -0.001357
1.000000 -0.001292
