1.000000 0.007493
0.999745 0.009071
0.998982 0.009805
0.997711 0.009272
0.995933 0.009461
0.993653 0.009566
0.990874 0.009870
0.987598 0.009297
0.983830 0.011849
0.979575 0.010541
0.974836 0.012756
0.969616 0.012916
0.963920 0.014869
0.957751 0.015697
0.951116 0.018218
0.944019 0.021201
0.936467 0.023412
0.928468 0.026632
0.920031 0.030688
0.911165 0.035412
0.901879 0.039156
0.892183 0.050692
0.882087 0.051312
0.871601 0.058608
0.860735 0.066698
0.849501 0.075311
0.837910 0.083577
0.825974 0.093839
0.813704 0.104385
0.801113 0.116363
0.788214 0.127872
0.775019 0.138845
0.761541 0.151326
0.747795 0.164757
0.733792 0.178274
0.719548 0.191615
0.705077 0.206514
0.690392 0.220163
0.675509 0.234229
0.660442 0.249356
0.645206 0.264142
0.629817 0.280398
0.614290 0.294744
0.598640 0.309082
0.582884 0.325087
0.567036 0.339718
0.551113 0.355984
0.535131 0.369733
0.519106 0.384084
0.503054 0.398295
0.486991 0.411896
0.470934 0.426333
0.454898 0.438773
0.438900 0.450293
0.422956 0.460331
0.407083 0.469293
0.391295 0.478326
0.375610 0.485685
0.360044 0.491233
0.344612 0.495907
0.329330 0.498810
0.314213 0.499764
0.299279 0.500101
0.284541 0.496114
0.270015 0.493410
0.255717 0.487475
0.241661 0.482356
0.227862 0.473829
0.214336 0.465130
0.201095 0.454356
0.188155 0.444195
0.175530 0.429861
0.163234 0.419341
0.151280 0.402677
0.139681 0.387062
0.128452 0.370452
0.117606 0.352458
0.107155 0.335488
0.097113 0.315571
0.087493 0.294934
0.078306 0.276744
0.069566 0.255474
0.061285 0.237090
0.053474 0.217446
0.046150 0.197904
0.039326 0.181161
0.033014 0.161400
0.027230 0.142370
0.021980 0.122978
0.017277 0.105420
0.013141 0.087752
0.009573 0.070741
0.006583 0.055236
0.004188 0.043016
0.002354 0.033192
0.001081 0.024116
0.000371 0.018229
0.000077 0.012674
0.000005 0.011286
0.000000 0.009341
0.000005 0.009191
0.000077 0.006192
0.000371 0.001344
0.001081 -0.005979
0.002353 -0.013666
0.004188 -0.022610
0.006585 -0.034968
0.009576 -0.048678
0.013145 -0.063877
0.017281 -0.075321
0.021983 -0.085663
0.027232 -0.096325
0.033016 -0.103669
0.039328 -0.110970
0.046152 -0.118360
0.053476 -0.124905
0.061287 -0.126957
0.069568 -0.129588
0.078308 -0.129874
0.087495 -0.132590
0.097115 -0.131520
0.107157 -0.130461
0.117608 -0.127368
0.128454 -0.125660
0.139683 -0.124151
0.151282 -0.121824
0.163235 -0.118911
0.175532 -0.115024
0.188157 -0.111209
0.201097 -0.108699
0.214337 -0.106442
0.227864 -0.102191
0.241663 -0.100397
0.255719 -0.098270
0.270017 -0.095891
0.284542 -0.094831
0.299280 -0.093289
0.314215 -0.091885
0.329331 -0.090907
0.344613 -0.091224
0.360045 -0.090157
0.375611 -0.089263
0.391296 -0.090022
0.407083 -0.091402
0.422957 -0.090997
0.438901 -0.092061
0.454899 -0.091312
0.470935 -0.092300
0.486992 -0.093829
0.503055 -0.092049
0.519107 -0.093521
0.535132 -0.094047
0.551114 -0.093693
0.567036 -0.093004
0.582884 -0.093716
0.598640 -0.092802
0.614290 -0.093434
0.629817 -0.092433
0.645206 -0.092270
0.660442 -0.093183
0.675509 -0.091034
0.690393 -0.090754
0.705077 -0.089867
0.719549 -0.088023
0.733793 -0.087969
0.747795 -0.086589
0.761542 -0.085530
0.775019 -0.082485
0.788214 -0.079630
0.801113 -0.077118
0.813704 -0.074297
0.825973 -0.070468
0.837910 -0.066782
0.849501 -0.063911
0.860735 -0.059684
0.871601 -0.055272
0.882088 -0.050991
0.892184 -0.046104
0.901880 -0.042124
0.911165 -0.037805
0.920031 -0.034215
0.928468 -0.030335
0.936467 -0.025713
0.944019 -0.022037
0.951116 -0.018846
0.957751 -0.014478
0.963920 -0.012673
0.969616 -0.010293
0.974836 -0.007972
0.979575 -0.004714
0.983831 -0.001475
0.987598 0.000527
0.990874 0.002556
0.993653 0.003575
0.995934 0.004831
0.997711 0.005883
0.998982 0.006836
0.999745 0.003752
1.000000 0.005834
