1.000000 0.007040
0.999745 0.009195
0.998982 0.008875
0.997711 0.010899
0.995933 0.012703
0.993653 0.013693
0.990874 0.014891
0.987598 0.018404
0.983830 0.020624
0.979575 0.022657
0.974836 0.026381
0.969616 0.028941
0.963920 0.033634
0.957751 0.036640
0.951116 0.041302
0.944019 0.045327
0.936467 0.048967
0.928468 0.053305
0.920031 0.058154
0.911165 0.062248
0.901879 0.066431
0.892183 0.070913
0.882087 0.076674
0.871601 0.081277
0.860735 0.086374
0.849501 0.090215
0.837910 0.095560
0.825974 0.100480
0.813704 0.106326
0.801113 0.111150
0.788214 0.116862
0.775019 0.120858
0.761541 0.126307
0.747795 0.132142
0.733792 0.138185
0.719548 0.143383
0.705077 0.149412
0.690392 0.155267
0.675509 0.160833
0.660442 0.168500
0.645206 0.172506
0.629817 0.177814
0.614290 0.182123
0.598640 0.186842
0.582884 0.191639
0.567036 0.195043
0.551113 0.199358
0.535131 0.203137
0.519106 0.206519
0.503054 0.212499
0.486991 0.213187
0.470934 0.218621
0.454898 0.218721
0.438900 0.221532
0.422956 0.223671
0.407083 0.224803
0.391295 0.225950
0.375610 0.227288
0.360044 0.228615
0.344612 0.230553
0.329330 0.231615
0.314213 0.232862
0.299279 0.232783
0.284541 0.233355
0.270015 0.232839
0.255717 0.231956
0.241661 0.230032
0.227862 0.229949
0.214336 0.225600
0.201095 0.222769
0.188155 0.221828
0.175530 0.216684
0.163234 0.213324
0.151280 0.208637
0.139681 0.204354
0.128452 0.199132
0.117606 0.193990
0.107155 0.187612
0.097113 0.180554
0.087493 0.173897
0.078306 0.165938
0.069566 0.159989
0.061285 0.151121
0.053474 0.142544
0.046150 0.134105
0.039326 0.124628
0.033014 0.115403
0.027230 0.105449
0.021980 0.094171
0.017277 0.083558
0.013141 0.073113
0.009573 0.061507
0.006583 0.051064
0.004188 0.041385
0.002354 0.030424
0.001081 0.023951
0.000371 0.016858
0.000077 0.012313
0.000005 0.009647
0.000000 0.007688
0.000005 0.006738
0.000077 0.004692
0.000371 -0.002735
0.001081 -0.009427
0.002353 -0.018344
0.004188 -0.028605
0.006585 -0.038597
0.009576 -0.048407
0.013145 -0.057682
0.017281 -0.068281
0.021983 -0.077476
0.027232 -0.087898
0.033016 -0.096805
0.039328 -0.106266
0.046152 -0.115145
0.053476 -0.122842
0.061287 -0.130747
0.069568 -0.138827
0.078308 -0.145965
0.087495 -0.153485
0.097115 -0.160821
0.107157 -0.166162
0.117608 -0.173166
0.128454 -0.177489
0.139683 -0.182593
0.151282 -0.186964
0.163235 -0.193893
0.175532 -0.196680
0.188157 -0.200712
0.201097 -0.203431
0.214337 -0.206157
0.227864 -0.208415
0.241663 -0.210731
0.255719 -0.212270
0.270017 -0.213969
0.284542 -0.215253
0.299280 -0.215470
0.314215 -0.215287
0.329331 -0.214913
0.344613 -0.214704
0.360045 -0.214297
0.375611 -0.213245
0.391296 -0.211349
0.407083 -0.210154
0.422957 -0.207304
0.438901 -0.206498
0.454899 -0.202908
0.470935 -0.199712
0.486992 -0.197329
0.503055 -0.193444
0.519107 -0.189866
0.535132 -0.186309
0.551114 -0.181390
0.567036 -0.179743
0.582884 -0.173691
0.598640 -0.168843
0.614290 -0.166161
0.629817 -0.159390
0.645206 -0.156208
0.660442 -0.150352
0.675509 -0.144472
0.690393 -0.137893
0.705077 -0.133007
0.719549 -0.126816
0.733793 -0.121200
0.747795 -0.116657
0.761542 -0.110548
0.775019 -0.104378
0.788214 -0.099919
0.801113 -0.093525
0.813704 -0.088430
0.825973 -0.080498
0.837910 -0.076899
0.849501 -0.070794
0.860735 -0.064531
0.871601 -0.058410
0.882088 -0.053965
0.892184 -0.048610
0.901880 -0.045013
0.911165 -0.040071
0.920031 -0.035162
0.928468 -0.031934
0.936467 -0.027759
0.944019 -0.024150
0.951116 -0.020595
0.957751 -0.017249
0.963920 -0.014126
0.969616 -0.011020
0.974836 -0.007554
0.979575 -0.004366
0.983831 -0.001938
0.987598 0.000116
0.990874 0.002544
0.993653 0.004107
0.995934 0.004038
0.997711 0.005293
0.998982 0.006402
0.999745 0.006502
1.000000 0.005376
