1.000000 0.002588
0.999745 0.002749
0.998982 0.003230
0.997711 0.004000
0.995933 0.005010
0.993653 0.006316
0.990874 0.007983
0.987598 0.010026
0.983830 0.012439
0.979575 0.015228
0.974836 0.018390
0.969616 0.021918
0.963920 0.025799
0.957751 0.029999
0.951116 0.034456
0.944019 0.039121
0.936467 0.043996
0.928468 0.049110
0.920031 0.054475
0.911165 0.060073
0.901879 0.065948
0.892183 0.072150
0.882087 0.078646
0.871601 0.085409
0.860735 0.092445
0.849501 0.099769
0.837910 0.107452
0.825974 0.115436
0.813704 0.123654
0.801113 0.132110
0.788214 0.140788
0.775019 0.149663
0.761541 0.158634
0.747795 0.167687
0.733792 0.176814
0.719548 0.185992
0.705077 0.195174
0.690392 0.204362
0.675509 0.213496
0.660442 0.222566
0.645206 0.231516
0.629817 0.240299
0.614290 0.248902
0.598640 0.257304
0.582884 0.265487
0.567036 0.273384
0.551113 0.280962
0.535131 0.288211
0.519106 0.295108
0.503054 0.301595
0.486991 0.307660
0.470934 0.313320
0.454898 0.318558
0.438900 0.323322
0.422956 0.327603
0.407083 0.331415
0.391295 0.334752
0.375610 0.337555
0.360044 0.339812
0.344612 0.341535
0.329330 0.342710
0.314213 0.343272
0.299279 0.343200
0.284541 0.342495
0.270015 0.341118
0.255717 0.339015
0.241661 0.336165
0.227862 0.332556
0.214336 0.328138
0.201095 0.322913
0.188155 0.316900
0.175530 0.310080
0.163234 0.302435
0.151280 0.293949
0.139681 0.284630
0.128452 0.274482
0.117606 0.263585
0.107155 0.252034
0.097113 0.239882
0.087493 0.227170
0.078306 0.213909
0.069566 0.200064
0.061285 0.185746
0.053474 0.171209
0.046150 0.156593
0.039326 0.142028
0.033014 0.127571
0.027230 0.113238
0.021980 0.099042
0.017277 0.085118
0.013141 0.071651
0.009573 0.058859
0.006583 0.046946
0.004188 0.035994
0.002354 0.026171
0.001081 0.017775
0.000371 0.011066
0.000077 0.006201
0.000005 0.003268
0.000000 0.002286
0.000005 0.001345
0.000077 -0.001470
0.000371 -0.005949
0.001081 -0.011783
0.002353 -0.018369
0.004188 -0.024890
0.006585 -0.030967
0.009576 -0.036753
0.013145 -0.041501
0.017281 -0.045201
0.021983 -0.048300
0.027232 -0.051057
0.033016 -0.053569
0.039328 -0.055929
0.046152 -0.058212
0.053476 -0.060461
0.061287 -0.062697
0.069568 -0.064916
0.078308 -0.067084
0.087495 -0.069188
0.097115 -0.071254
0.107157 -0.073278
0.117608 -0.075327
0.128454 -0.077374
0.139683 -0.079424
0.151282 -0.081429
0.163235 -0.083361
0.175532 -0.085201
0.188157 -0.086938
0.201097 -0.088555
0.214337 -0.090045
0.227864 -0.091420
0.241663 -0.092691
0.255719 -0.093818
0.270017 -0.094769
0.284542 -0.095553
0.299280 -0.096189
0.314215 -0.096668
0.329331 -0.096966
0.344613 -0.097077
0.360045 -0.096993
0.375611 -0.096719
0.391296 -0.096230
0.407083 -0.095507
0.422957 -0.094590
0.438901 -0.093504
0.454899 -0.092263
0.470935 -0.090872
0.486992 -0.089380
0.503055 -0.087805
0.519107 -0.086148
0.535132 -0.084417
0.551114 -0.082622
0.567036 -0.080756
0.582884 -0.078798
0.598640 -0.076757
0.614290 -0.074632
0.629817 -0.072384
0.645206 -0.070010
0.660442 -0.067540
0.675509 -0.065013
0.690393 -0.062417
0.705077 -0.059743
0.719549 -0.057017
0.733793 -0.054283
0.747795 -0.051541
0.761542 -0.048797
0.775019 -0.046055
0.788214 -0.043335
0.801113 -0.040670
0.813704 -0.038063
0.825973 -0.035485
0.837910 -0.032956
0.849501 -0.030493
0.860735 -0.028100
0.871601 -0.025776
0.882088 -0.023534
0.892184 -0.021398
0.901880 -0.019373
0.911165 -0.017503
0.920031 -0.015770
0.928468 -0.014136
0.936467 -0.012581
0.944019 -0.011094
0.951116 -0.009643
0.957751 -0.008207
0.963920 -0.006818
0.969616 -0.005546
0.974836 -0.004445
0.979575 -0.003562
0.983831 -0.002885
0.987598 -0.002376
0.990874 -0.001984
0.993653 -0.001706
0.995934 -0.001540
0.997711 -0.001416
0.998982 -0.001268
0.999745 -0.001149
1.000000 -0.001107
