1.000000 0.006479
0.999745 0.010739
0.998982 0.008831
0.997711 0.010015
0.995933 0.011202
0.993653 0.011773
0.990874 0.013291
0.987598 0.013615
0.983830 0.015552
0.979575 0.019602
0.974836 0.023003
0.969616 0.026167
0.963920 0.030016
0.957751 0.033257
0.951116 0.037371
0.944019 0.041769
0.936467 0.044769
0.928468 0.050633
0.920031 0.055601
0.911165 0.061026
0.901879 0.065465
0.892183 0.071495
0.882087 0.076318
0.871601 0.082860
0.860735 0.088752
0.849501 0.095185
0.837910 0.100795
0.825974 0.106866
0.813704 0.113635
0.801113 0.121302
0.788214 0.126116
0.775019 0.132520
0.761541 0.139234
0.747795 0.145824
0.733792 0.153378
0.719548 0.160834
0.705077 0.167705
0.690392 0.174430
0.675509 0.181939
0.660442 0.188511
0.645206 0.195257
0.629817 0.202453
0.614290 0.208283
0.598640 0.214790
0.582884 0.220760
0.567036 0.227400
0.551113 0.231864
0.535131 0.237575
0.519106 0.242226
0.503054 0.247065
0.486991 0.252105
0.470934 0.256463
0.454898 0.260460
0.438900 0.264221
0.422956 0.267238
0.407083 0.269546
0.391295 0.270910
0.375610 0.273597
0.360044 0.274897
0.344612 0.275511
0.329330 0.275418
0.314213 0.274809
0.299279 0.273919
0.284541 0.271225
0.270015 0.270092
0.255717 0.266507
0.241661 0.263484
0.227862 0.260036
0.214336 0.255796
0.201095 0.250837
0.188155 0.245647
0.175530 0.239936
0.163234 0.235058
0.151280 0.229342
0.139681 0.223609
0.128452 0.216516
0.117606 0.209132
0.107155 0.201405
0.097113 0.192765
0.087493 0.185248
0.078306 0.176672
0.069566 0.166937
0.061285 0.157418
0.053474 0.147803
0.046150 0.137519
0.039326 0.127366
0.033014 0.117118
0.027230 0.106543
0.021980 0.095533
0.017277 0.084345
0.013141 0.072367
0.009573 0.060673
0.006583 0.049104
0.004188 0.038674
0.002354 0.031295
0.001081 0.022045
0.000371 0.016713
0.000077 0.011046
0.000005 0.009873
0.000000 0.007207
0.000005 0.006523
0.000077 0.004890
0.000371 0.000696
0.001081 -0.004667
0.002353 -0.009886
0.004188 -0.016769
0.006585 -0.020628
0.009576 -0.026136
0.013145 -0.030130
0.017281 -0.035273
0.021983 -0.037303
0.027232 -0.040770
0.033016 -0.043965
0.039328 -0.046785
0.046152 -0.048115
0.053476 -0.050667
0.061287 -0.050505
0.069568 -0.050225
0.078308 -0.049868
0.087495 -0.049341
0.097115 -0.044539
0.107157 -0.041066
0.117608 -0.035748
0.128454 -0.029468
0.139683 -0.021840
0.151282 -0.014174
0.163235 -0.004537
0.175532 0.005716
0.188157 0.016702
0.201097 0.029038
0.214337 0.041223
0.227864 0.053919
0.241663 0.063957
0.255719 0.076268
0.270017 0.086334
0.284542 0.096401
0.299280 0.106353
0.314215 0.114764
0.329331 0.123800
0.344613 0.132255
0.360045 0.139153
0.375611 0.146121
0.391296 0.152583
0.407083 0.157971
0.422957 0.164132
0.438901 0.169424
0.454899 0.174937
0.470935 0.178268
0.486992 0.181090
0.503055 0.185153
0.519107 0.187861
0.535132 0.190116
0.551114 0.190628
0.567036 0.190710
0.582884 0.189755
0.598640 0.188795
0.614290 0.186622
0.629817 0.184390
0.645206 0.181987
0.660442 0.178526
0.675509 0.174493
0.690393 0.170479
0.705077 0.166088
0.719549 0.160971
0.733793 0.154672
0.747795 0.146521
0.761542 0.139417
0.775019 0.132991
0.788214 0.127101
0.801113 0.119839
0.813704 0.113925
0.825973 0.106366
0.837910 0.099522
0.849501 0.093316
0.860735 0.086482
0.871601 0.079492
0.882088 0.072356
0.892184 0.066010
0.901880 0.060365
0.911165 0.056241
0.920031 0.051169
0.928468 0.047607
0.936467 0.041689
0.944019 0.040150
0.951116 0.036082
0.957751 0.031066
0.963920 0.028209
0.969616 0.026195
0.974836 0.022280
0.979575 0.019561
0.983831 0.017012
0.987598 0.015793
0.990874 0.013636
0.993653 0.011395
0.995934 0.010457
0.997711 0.009391
0.998982 0.009570
0.999745 0.007362
1.000000 0.006369
