1.000000 0.016513
0.999745 0.018125
0.998982 0.020431
0.997711 0.020434
0.995933 0.021047
0.993653 0.023891
0.990874 0.025588
0.987598 0.029116
0.983830 0.032180
0.979575 0.036103
0.974836 0.039913
0.969616 0.044186
0.963920 0.048274
0.957751 0.053511
0.951116 0.059137
0.944019 0.065089
0.936467 0.071207
0.928468 0.076627
0.920031 0.083017
0.911165 0.088354
0.901879 0.093825
0.892183 0.099948
0.882087 0.107050
0.871601 0.113319
0.860735 0.120467
0.849501 0.127902
0.837910 0.135436
0.825974 0.145005
0.813704 0.152319
0.801113 0.160636
0.788214 0.168340
0.775019 0.176687
0.761541 0.184081
0.747795 0.191668
0.733792 0.198859
0.719548 0.206632
0.705077 0.213498
0.690392 0.220771
0.675509 0.226695
0.660442 0.233357
0.645206 0.242809
0.629817 0.249324
0.614290 0.256739
0.598640 0.263847
0.582884 0.270671
0.567036 0.277081
0.551113 0.283184
0.535131 0.288779
0.519106 0.294210
0.503054 0.299623
0.486991 0.304583
0.470934 0.309687
0.454898 0.313427
0.438900 0.317312
0.422956 0.321065
0.407083 0.324449
0.391295 0.327446
0.375610 0.329420
0.360044 0.330604
0.344612 0.330955
0.329330 0.331996
0.314213 0.331667
0.299279 0.330811
0.284541 0.329243
0.270015 0.327060
0.255717 0.324720
0.241661 0.322090
0.227862 0.318679
0.214336 0.313750
0.201095 0.307810
0.188155 0.300804
0.175530 0.294041
0.163234 0.286600
0.151280 0.279932
0.139681 0.269926
0.128452 0.259065
0.117606 0.248195
0.107155 0.237245
0.097113 0.226581
0.087493 0.216425
0.078306 0.203623
0.069566 0.192398
0.061285 0.179448
0.053474 0.166323
0.046150 0.153009
0.039326 0.139650
0.033014 0.126003
0.027230 0.113450
0.021980 0.101457
0.017277 0.087130
0.013141 0.074720
0.009573 0.062412
0.006583 0.051212
0.004188 0.039551
0.002354 0.032200
0.001081 0.023668
0.000371 0.017373
0.000077 0.012712
0.000005 0.009407
0.000000 0.009330
0.000005 0.008056
0.000077 0.004830
0.000371 -0.000211
0.001081 -0.005939
0.002353 -0.012110
0.004188 -0.017650
0.006585 -0.023737
0.009576 -0.027368
0.013145 -0.030992
0.017281 -0.030886
0.021983 -0.032007
0.027232 -0.030525
0.033016 -0.028761
0.039328 -0.028308
0.046152 -0.026481
0.053476 -0.024908
0.061287 -0.023486
0.069568 -0.020950
0.078308 -0.018452
0.087495 -0.016591
0.097115 -0.013903
0.107157 -0.010962
0.117608 -0.010341
0.128454 -0.007829
0.139683 -0.006566
0.151282 -0.004397
0.163235 -0.000814
0.175532 -0.000670
0.188157 0.001884
0.201097 0.003480
0.214337 0.006294
0.227864 0.008091
0.241663 0.010103
0.255719 0.011670
0.270017 0.013731
0.284542 0.017193
0.299280 0.018265
0.314215 0.020606
0.329331 0.022126
0.344613 0.024178
0.360045 0.024768
0.375611 0.025833
0.391296 0.027193
0.407083 0.028627
0.422957 0.028035
0.438901 0.029541
0.454899 0.029358
0.470935 0.030393
0.486992 0.030675
0.503055 0.030701
0.519107 0.030959
0.535132 0.032448
0.551114 0.031651
0.567036 0.031426
0.582884 0.030514
0.598640 0.031433
0.614290 0.031215
0.629817 0.030590
0.645206 0.030910
0.660442 0.030399
0.675509 0.029590
0.690393 0.028695
0.705077 0.028185
0.719549 0.027509
0.733793 0.026199
0.747795 0.025546
0.761542 0.023914
0.775019 0.023777
0.788214 0.022584
0.801113 0.021152
0.813704 0.020148
0.825973 0.019777
0.837910 0.018030
0.849501 0.014899
0.860735 0.014492
0.871601 0.015015
0.882088 0.013780
0.892184 0.013008
0.901880 0.011337
0.911165 0.012063
0.920031 0.011443
0.928468 0.010121
0.936467 0.009935
0.944019 0.008857
0.951116 0.008230
0.957751 0.008214
0.963920 0.007313
0.969616 0.006512
0.974836 0.005547
0.979575 0.004531
0.983831 0.003357
0.987598 0.003330
0.990874 0.001659
0.993653 0.002076
0.995934 0.000470
0.997711 0.001264
0.998982 0.000549
0.999745 0.000737
1.000000 -0.002993
