1.000000 0.000565
0.999745 0.000743
0.998982 0.001272
0.997711 0.002117
0.995933 0.003229
0.993653 0.004687
0.990874 0.006556
0.987598 0.008812
0.983830 0.011440
0.979575 0.014476
0.974836 0.017938
0.969616 0.021818
0.963920 0.026092
0.957751 0.030728
0.951116 0.035684
0.944019 0.040924
0.936467 0.046441
0.928468 0.052239
0.920031 0.058316
0.911165 0.064667
0.901879 0.071309
0.892183 0.078258
0.882087 0.085491
0.871601 0.092991
0.860735 0.100746
0.849501 0.108740
0.837910 0.117039
0.825974 0.125587
0.813704 0.134330
0.801113 0.143259
0.788214 0.152347
0.775019 0.161576
0.761541 0.170837
0.747795 0.180129
0.733792 0.189420
0.719548 0.198670
0.705077 0.207818
0.690392 0.216878
0.675509 0.225787
0.660442 0.234540
0.645206 0.243080
0.629817 0.251358
0.614290 0.259350
0.598640 0.267016
0.582884 0.274355
0.567036 0.281323
0.551113 0.287881
0.535131 0.293996
0.519106 0.299669
0.503054 0.304873
0.486991 0.309570
0.470934 0.313749
0.454898 0.317387
0.438900 0.320446
0.422956 0.322908
0.407083 0.324779
0.391295 0.326061
0.375610 0.326739
0.360044 0.326811
0.344612 0.326281
0.329330 0.325135
0.314213 0.323362
0.299279 0.320999
0.284541 0.318064
0.270015 0.314533
0.255717 0.310424
0.241661 0.305742
0.227862 0.300472
0.214336 0.294639
0.201095 0.288286
0.188155 0.281441
0.175530 0.274075
0.163234 0.266189
0.151280 0.257811
0.139681 0.248926
0.128452 0.239512
0.117606 0.229629
0.107155 0.219362
0.097113 0.208740
0.087493 0.197790
0.078306 0.186531
0.069566 0.174934
0.061285 0.163009
0.053474 0.150925
0.046150 0.138784
0.039326 0.126699
0.033014 0.114630
0.027230 0.102561
0.021980 0.090478
0.017277 0.078457
0.013141 0.066639
0.009573 0.055198
0.006583 0.044368
0.004188 0.034210
0.002354 0.024910
0.001081 0.016794
0.000371 0.010212
0.000077 0.005392
0.000005 0.002475
0.000000 0.001498
0.000005 0.000547
0.000077 -0.002326
0.000371 -0.006985
0.001081 -0.013242
0.002353 -0.020683
0.004188 -0.028626
0.006585 -0.036698
0.009576 -0.044988
0.013145 -0.052760
0.017281 -0.059828
0.021983 -0.066309
0.027232 -0.072222
0.033016 -0.077635
0.039328 -0.082609
0.046152 -0.087177
0.053476 -0.091350
0.061287 -0.095169
0.069568 -0.098660
0.078308 -0.101795
0.087495 -0.104575
0.097115 -0.107047
0.107157 -0.109177
0.117608 -0.111050
0.128454 -0.112650
0.139683 -0.114029
0.151282 -0.115143
0.163235 -0.116011
0.175532 -0.116648
0.188157 -0.117079
0.201097 -0.117289
0.214337 -0.117277
0.227864 -0.117084
0.241663 -0.116696
0.255719 -0.116086
0.270017 -0.115251
0.284542 -0.114226
0.299280 -0.113031
0.314215 -0.111655
0.329331 -0.110112
0.344613 -0.108440
0.360045 -0.106639
0.375611 -0.104708
0.391296 -0.102640
0.407083 -0.100456
0.422957 -0.098181
0.438901 -0.095819
0.454899 -0.093396
0.470935 -0.090940
0.486992 -0.088476
0.503055 -0.085997
0.519107 -0.083501
0.535132 -0.081008
0.551114 -0.078548
0.567036 -0.076105
0.582884 -0.073637
0.598640 -0.071144
0.614290 -0.068645
0.629817 -0.066116
0.645206 -0.063550
0.660442 -0.060954
0.675509 -0.058352
0.690393 -0.055727
0.705077 -0.053089
0.719549 -0.050465
0.733793 -0.047864
0.747795 -0.045256
0.761542 -0.042676
0.775019 -0.040147
0.788214 -0.037677
0.801113 -0.035276
0.813704 -0.032962
0.825973 -0.030700
0.837910 -0.028500
0.849501 -0.026371
0.860735 -0.024321
0.871601 -0.022341
0.882088 -0.020443
0.892184 -0.018644
0.901880 -0.016924
0.911165 -0.015325
0.920031 -0.013845
0.928468 -0.012452
0.936467 -0.011133
0.944019 -0.009881
0.951116 -0.008672
0.957751 -0.007479
0.963920 -0.006324
0.969616 -0.005261
0.974836 -0.004338
0.979575 -0.003597
0.983831 -0.003029
0.987598 -0.002603
0.990874 -0.002263
0.993653 -0.002007
0.995934 -0.001852
0.997711 -0.001734
0.998982 -0.001574
0.999745 -0.001436
1.000000 -0.001388
