1.000000 0.005283
0.999745 0.006882
0.998982 0.008430
0.997711 0.010844
0.995933 0.011427
0.993653 0.011358
0.990874 0.012512
0.987598 0.014893
0.983830 0.017270
0.979575 0.018784
0.974836 0.020496
0.969616 0.024082
0.963920 0.026193
0.957751 0.029376
0.951116 0.032364
0.944019 0.035783
0.936467 0.039396
0.928468 0.042130
0.920031 0.046585
0.911165 0.051438
0.901879 0.054695
0.892183 0.059099
0.882087 0.063142
0.871601 0.067456
0.860735 0.071447
0.849501 0.075474
0.837910 0.080934
0.825974 0.086348
0.813704 0.091099
0.801113 0.096692
0.788214 0.100888
0.775019 0.106436
0.761541 0.111498
0.747795 0.115530
0.733792 0.120893
0.719548 0.126154
0.705077 0.131874
0.690392 0.137390
0.675509 0.140430
0.660442 0.144704
0.645206 0.150481
0.629817 0.155899
0.614290 0.161114
0.598640 0.165588
0.582884 0.170363
0.567036 0.174685
0.551113 0.178862
0.535131 0.183578
0.519106 0.186890
0.503054 0.189993
0.486991 0.192758
0.470934 0.195625
0.454898 0.197529
0.438900 0.200057
0.422956 0.201950
0.407083 0.202948
0.391295 0.203564
0.375610 0.203886
0.360044 0.204126
0.344612 0.203715
0.329330 0.203128
0.314213 0.201795
0.299279 0.199517
0.284541 0.197588
0.270015 0.195581
0.255717 0.193583
0.241661 0.192575
0.227862 0.188664
0.214336 0.186531
0.201095 0.182934
0.188155 0.179104
0.175530 0.175331
0.163234 0.171042
0.151280 0.167062
0.139681 0.162279
0.128452 0.156899
0.117606 0.151896
0.107155 0.146391
0.097113 0.140484
0.087493 0.133134
0.078306 0.127989
0.069566 0.122010
0.061285 0.114138
0.053474 0.108268
0.046150 0.101868
0.039326 0.095402
0.033014 0.087912
0.027230 0.080590
0.021980 0.073588
0.017277 0.066655
0.013141 0.059669
0.009573 0.052956
0.006583 0.042435
0.004188 0.036376
0.002354 0.029424
0.001081 0.023076
0.000371 0.017561
0.000077 0.013728
0.000005 0.010932
0.000000 0.009718
0.000005 0.008594
0.000077 0.005866
0.000371 0.000938
0.001081 -0.004368
0.002353 -0.011747
0.004188 -0.018852
0.006585 -0.026792
0.009576 -0.033706
0.013145 -0.040992
0.017281 -0.046784
0.021983 -0.053109
0.027232 -0.060464
0.033016 -0.066300
0.039328 -0.072619
0.046152 -0.079137
0.053476 -0.085827
0.061287 -0.092286
0.069568 -0.098836
0.078308 -0.104018
0.087495 -0.108914
0.097115 -0.116337
0.107157 -0.120991
0.117608 -0.126858
0.128454 -0.131032
0.139683 -0.135887
0.151282 -0.140595
0.163235 -0.145403
0.175532 -0.149067
0.188157 -0.153229
0.201097 -0.158146
0.214337 -0.160041
0.227864 -0.163556
0.241663 -0.165212
0.255719 -0.168169
0.270017 -0.169532
0.284542 -0.171071
0.299280 -0.171781
0.314215 -0.173916
0.329331 -0.173615
0.344613 -0.174302
0.360045 -0.173903
0.375611 -0.173775
0.391296 -0.173358
0.407083 -0.172965
0.422957 -0.171284
0.438901 -0.169921
0.454899 -0.168034
0.470935 -0.166316
0.486992 -0.164463
0.503055 -0.161861
0.519107 -0.158595
0.535132 -0.156829
0.551114 -0.152199
0.567036 -0.147633
0.582884 -0.145779
0.598640 -0.141011
0.614290 -0.137668
0.629817 -0.133530
0.645206 -0.129017
0.660442 -0.124790
0.675509 -0.120596
0.690393 -0.116219
0.705077 -0.111239
0.719549 -0.108104
0.733793 -0.102755
0.747795 -0.098488
0.761542 -0.094170
0.775019 -0.088679
0.788214 -0.084807
0.801113 -0.079357
0.813704 -0.074680
0.825973 -0.070025
0.837910 -0.065529
0.849501 -0.060714
0.860735 -0.056836
0.871601 -0.052333
0.882088 -0.048248
0.892184 -0.044192
0.901880 -0.040082
0.911165 -0.036238
0.920031 -0.031895
0.928468 -0.027176
0.936467 -0.023873
0.944019 -0.020234
0.951116 -0.017532
0.957751 -0.013274
0.963920 -0.010873
0.969616 -0.007876
0.974836 -0.005449
0.979575 -0.002599
0.983831 -0.002043
0.987598 0.002046
0.990874 0.000575
0.993653 0.003034
0.995934 0.003781
0.997711 0.005566
0.998982 0.006098
0.999745 0.005931
1.000000 0.005964
