1.000000 -0.000034
0.999745 0.000218
0.998982 0.000966
0.997711 0.002164
0.995933 0.003732
0.993653 0.005728
0.990874 0.008221
0.987598 0.011191
0.983830 0.014606
0.979575 0.018484
0.974836 0.022834
0.969616 0.027616
0.963920 0.032780
0.957751 0.038285
0.951116 0.044069
0.944019 0.050075
0.936467 0.056292
0.928468 0.062738
0.920031 0.069423
0.911165 0.076318
0.901879 0.083469
0.892183 0.090932
0.882087 0.098666
0.871601 0.106640
0.860735 0.114837
0.849501 0.123262
0.837910 0.131958
0.825974 0.140883
0.813704 0.149984
0.801113 0.159247
0.788214 0.168631
0.775019 0.178103
0.761541 0.187555
0.747795 0.196963
0.733792 0.206305
0.719548 0.215543
0.705077 0.224614
0.690392 0.233518
0.675509 0.242197
0.660442 0.250638
0.645206 0.258795
0.629817 0.266610
0.614290 0.274057
0.598640 0.281125
0.582884 0.287802
0.567036 0.294026
0.551113 0.299777
0.535131 0.305058
0.519106 0.309877
0.503054 0.314193
0.486991 0.317991
0.470934 0.321309
0.454898 0.324129
0.438900 0.326400
0.422956 0.328095
0.407083 0.329248
0.391295 0.329870
0.375610 0.329937
0.360044 0.329449
0.344612 0.328451
0.329330 0.326941
0.314213 0.324885
0.299279 0.322314
0.284541 0.319307
0.270015 0.315840
0.255717 0.311849
0.241661 0.307354
0.227862 0.302376
0.214336 0.296863
0.201095 0.290827
0.188155 0.284313
0.175530 0.277305
0.163234 0.269742
0.151280 0.261596
0.139681 0.252903
0.128452 0.243667
0.117606 0.233909
0.107155 0.223700
0.097113 0.213140
0.087493 0.202248
0.078306 0.190941
0.069566 0.179173
0.061285 0.167057
0.053474 0.154807
0.046150 0.142453
0.039326 0.130070
0.033014 0.117687
0.027230 0.105305
0.021980 0.092921
0.017277 0.080644
0.013141 0.068622
0.009573 0.057019
0.006583 0.046016
0.004188 0.035681
0.002354 0.026230
0.001081 0.018010
0.000371 0.011366
0.000077 0.006524
0.000005 0.003601
0.000000 0.002622
0.000005 0.001680
0.000077 -0.001135
0.000371 -0.005609
0.001081 -0.011423
0.002353 -0.017951
0.004188 -0.024396
0.006585 -0.030419
0.009576 -0.036209
0.013145 -0.041217
0.017281 -0.045607
0.021983 -0.049802
0.027232 -0.053853
0.033016 -0.057729
0.039328 -0.061519
0.046152 -0.065246
0.053476 -0.068842
0.061287 -0.072298
0.069568 -0.075702
0.078308 -0.079038
0.087495 -0.082233
0.097115 -0.085288
0.107157 -0.088231
0.117608 -0.091118
0.128454 -0.093875
0.139683 -0.096519
0.151282 -0.099029
0.163235 -0.101377
0.175532 -0.103515
0.188157 -0.105453
0.201097 -0.107213
0.214337 -0.108773
0.227864 -0.110115
0.241663 -0.111246
0.255719 -0.112167
0.270017 -0.112821
0.284542 -0.113190
0.299280 -0.113285
0.314215 -0.113119
0.329331 -0.112661
0.344613 -0.111888
0.360045 -0.110784
0.375611 -0.109369
0.391296 -0.107626
0.407083 -0.105513
0.422957 -0.103057
0.438901 -0.100307
0.454899 -0.097276
0.470935 -0.093963
0.486992 -0.090398
0.503055 -0.086620
0.519107 -0.082638
0.535132 -0.078459
0.551114 -0.074096
0.567036 -0.069558
0.582884 -0.064858
0.598640 -0.059994
0.614290 -0.054979
0.629817 -0.049823
0.645206 -0.044567
0.660442 -0.039257
0.675509 -0.033961
0.690393 -0.028732
0.705077 -0.023609
0.719549 -0.018636
0.733793 -0.013864
0.747795 -0.009299
0.761542 -0.004992
0.775019 -0.000962
0.788214 0.002757
0.801113 0.006131
0.813704 0.009134
0.825973 0.011772
0.837910 0.014042
0.849501 0.015938
0.860735 0.017452
0.871601 0.018615
0.882088 0.019452
0.892184 0.019961
0.901880 0.020149
0.911165 0.019995
0.920031 0.019535
0.928468 0.018830
0.936467 0.017911
0.944019 0.016803
0.951116 0.015566
0.957751 0.014261
0.963920 0.012903
0.969616 0.011470
0.974836 0.009947
0.979575 0.008325
0.983831 0.006655
0.987598 0.005002
0.990874 0.003445
0.993653 0.002031
0.995934 0.000795
0.997711 -0.000202
0.998982 -0.000890
0.999745 -0.001284
1.000000 -0.001413
