1.000000 0.006692
0.999745 0.008112
0.998982 0.008738
0.997711 0.008462
0.995933 0.008993
0.993653 0.007874
0.990874 0.009797
0.987598 0.009269
0.983830 0.009775
0.979575 0.011431
0.974836 0.011932
0.969616 0.014089
0.963920 0.016272
0.957751 0.017632
0.951116 0.020172
0.944019 0.021024
0.936467 0.022586
0.928468 0.023751
0.920031 0.026425
0.911165 0.029446
0.901879 0.032478
0.892183 0.035321
0.882087 0.037778
0.871601 0.041089
0.860735 0.044438
0.849501 0.048177
0.837910 0.050663
0.825974 0.055151
0.813704 0.059715
0.801113 0.064231
0.788214 0.069390
0.775019 0.074161
0.761541 0.079530
0.747795 0.084310
0.733792 0.089514
0.719548 0.094138
0.705077 0.099339
0.690392 0.104794
0.675509 0.109045
0.660442 0.114413
0.645206 0.119823
0.629817 0.127135
0.614290 0.130677
0.598640 0.135336
0.582884 0.141649
0.567036 0.147576
0.551113 0.151883
0.535131 0.158218
0.519106 0.161925
0.503054 0.166326
0.486991 0.170833
0.470934 0.174922
0.454898 0.179130
0.438900 0.184372
0.422956 0.187039
0.407083 0.190584
0.391295 0.193636
0.375610 0.196540
0.360044 0.199050
0.344612 0.201113
0.329330 0.202930
0.314213 0.204555
0.299279 0.205066
0.284541 0.206013
0.270015 0.205519
0.255717 0.204532
0.241661 0.203691
0.227862 0.202774
0.214336 0.201639
0.201095 0.200280
0.188155 0.198960
0.175530 0.197238
0.163234 0.194110
0.151280 0.191508
0.139681 0.187701
0.128452 0.183203
0.117606 0.178625
0.107155 0.173302
0.097113 0.167676
0.087493 0.162952
0.078306 0.155979
0.069566 0.149820
0.061285 0.143123
0.053474 0.135763
0.046150 0.129063
0.039326 0.120782
0.033014 0.112775
0.027230 0.103341
0.021980 0.092190
0.017277 0.082783
0.013141 0.072077
0.009573 0.061386
0.006583 0.051210
0.004188 0.041224
0.002354 0.031832
0.001081 0.022887
0.000371 0.016790
0.000077 0.011830
0.000005 0.010776
0.000000 0.010143
0.000005 0.009691
0.000077 0.006538
0.000371 0.001682
0.001081 -0.004963
0.002353 -0.012400
0.004188 -0.021843
0.006585 -0.028753
0.009576 -0.040614
0.013145 -0.050905
0.017281 -0.059408
0.021983 -0.070250
0.027232 -0.078262
0.033016 -0.087074
0.039328 -0.096935
0.046152 -0.104098
0.053476 -0.111781
0.061287 -0.118830
0.069568 -0.125682
0.078308 -0.133046
0.087495 -0.137982
0.097115 -0.143389
0.107157 -0.148774
0.117608 -0.153121
0.128454 -0.156512
0.139683 -0.161694
0.151282 -0.164001
0.163235 -0.166836
0.175532 -0.169969
0.188157 -0.171836
0.201097 -0.172611
0.214337 -0.174132
0.227864 -0.175498
0.241663 -0.175214
0.255719 -0.174501
0.270017 -0.173819
0.284542 -0.173500
0.299280 -0.172538
0.314215 -0.170873
0.329331 -0.170108
0.344613 -0.167126
0.360045 -0.164449
0.375611 -0.163220
0.391296 -0.159744
0.407083 -0.155536
0.422957 -0.152518
0.438901 -0.148869
0.454899 -0.145008
0.470935 -0.140787
0.486992 -0.134850
0.503055 -0.129222
0.519107 -0.125438
0.535132 -0.119549
0.551114 -0.115233
0.567036 -0.109504
0.582884 -0.103161
0.598640 -0.100068
0.614290 -0.092915
0.629817 -0.088211
0.645206 -0.083544
0.660442 -0.078465
0.675509 -0.074712
0.690393 -0.066675
0.705077 -0.064756
0.719549 -0.059348
0.733793 -0.054810
0.747795 -0.050691
0.761542 -0.046132
0.775019 -0.043543
0.788214 -0.038273
0.801113 -0.034881
0.813704 -0.030950
0.825973 -0.027722
0.837910 -0.026005
0.849501 -0.022533
0.860735 -0.020250
0.871601 -0.017075
0.882088 -0.014360
0.892184 -0.012107
0.901880 -0.009467
0.911165 -0.007490
0.920031 -0.005616
0.928468 -0.004347
0.936467 -0.002683
0.944019 -0.000738
0.951116 0.000750
0.957751 0.001704
0.963920 0.002675
0.969616 0.003261
0.974836 0.005559
0.979575 0.006056
0.983831 0.006896
0.987598 0.007196
0.990874 0.007659
0.993653 0.008020
0.995934 0.008524
0.997711 0.006219
0.998982 0.007337
0.999745 0.007167
1.000000 0.006852
