1.000000 -0.000706
0.999745 -0.000485
0.998982 0.000174
0.997711 0.001229
0.995933 0.002623
0.993653 0.004441
0.990874 0.006756
0.987598 0.009536
0.983830 0.012750
0.979575 0.016430
0.974836 0.020594
0.969616 0.025217
0.963920 0.030259
0.957751 0.035682
0.951116 0.041437
0.944019 0.047476
0.936467 0.053789
0.928468 0.060380
0.920031 0.067245
0.911165 0.074373
0.901879 0.081784
0.892183 0.089502
0.882087 0.097495
0.871601 0.105740
0.860735 0.114217
0.849501 0.122915
0.837910 0.131887
0.825974 0.141084
0.813704 0.150454
0.801113 0.159984
0.788214 0.169631
0.775019 0.179364
0.761541 0.189066
0.747795 0.198726
0.733792 0.208313
0.719548 0.217792
0.705077 0.227100
0.690392 0.236244
0.675509 0.245158
0.660442 0.253830
0.645206 0.262205
0.629817 0.270238
0.614290 0.277898
0.598640 0.285165
0.582884 0.292033
0.567036 0.298451
0.551113 0.304384
0.535131 0.309802
0.519106 0.314704
0.503054 0.319062
0.486991 0.322854
0.470934 0.326086
0.454898 0.328748
0.438900 0.330806
0.422956 0.332245
0.407083 0.333084
0.391295 0.333326
0.375610 0.332969
0.360044 0.332014
0.344612 0.330474
0.329330 0.328341
0.314213 0.325612
0.299279 0.322335
0.284541 0.318548
0.270015 0.314216
0.255717 0.309342
0.241661 0.303948
0.227862 0.298028
0.214336 0.291591
0.201095 0.284689
0.188155 0.277366
0.175530 0.269600
0.163234 0.261386
0.151280 0.252740
0.139681 0.243657
0.128452 0.234114
0.117606 0.224162
0.107155 0.213879
0.097113 0.203320
0.087493 0.192519
0.078306 0.181472
0.069566 0.170140
0.061285 0.158539
0.053474 0.146830
0.046150 0.135083
0.039326 0.123396
0.033014 0.111736
0.027230 0.100086
0.021980 0.088425
0.017277 0.076828
0.013141 0.065426
0.009573 0.054374
0.006583 0.043888
0.004188 0.034003
0.002354 0.024896
0.001081 0.016889
0.000371 0.010356
0.000077 0.005554
0.000005 0.002640
0.000000 0.001663
0.000005 0.000712
0.000077 -0.002155
0.000371 -0.006785
0.001081 -0.012961
0.002353 -0.020222
0.004188 -0.027876
0.006585 -0.035585
0.009576 -0.043521
0.013145 -0.051065
0.017281 -0.058132
0.021983 -0.064856
0.027232 -0.071172
0.033016 -0.077102
0.039328 -0.082722
0.046152 -0.088059
0.053476 -0.093088
0.061287 -0.097828
0.069568 -0.102323
0.078308 -0.106528
0.087495 -0.110400
0.097115 -0.113949
0.107157 -0.117138
0.117608 -0.120034
0.128454 -0.122600
0.139683 -0.124889
0.151282 -0.126859
0.163235 -0.128516
0.175532 -0.129850
0.188157 -0.130887
0.201097 -0.131618
0.214337 -0.132022
0.227864 -0.132125
0.241663 -0.131918
0.255719 -0.131383
0.270017 -0.130508
0.284542 -0.129320
0.299280 -0.127845
0.314215 -0.126081
0.329331 -0.124042
0.344613 -0.121761
0.360045 -0.119245
0.375611 -0.116513
0.391296 -0.113569
0.407083 -0.110437
0.422957 -0.107153
0.438901 -0.103742
0.454899 -0.100236
0.470935 -0.096662
0.486992 -0.093053
0.503055 -0.089420
0.519107 -0.085765
0.535132 -0.082110
0.551114 -0.078486
0.567036 -0.074887
0.582884 -0.071283
0.598640 -0.067675
0.614290 -0.064085
0.629817 -0.060498
0.645206 -0.056910
0.660442 -0.053335
0.675509 -0.049801
0.690393 -0.046302
0.705077 -0.042849
0.719549 -0.039471
0.733793 -0.036183
0.747795 -0.032970
0.761542 -0.029861
0.775019 -0.026882
0.788214 -0.024039
0.801113 -0.021350
0.813704 -0.018840
0.825973 -0.016487
0.837910 -0.014300
0.849501 -0.012284
0.860735 -0.010447
0.871601 -0.008771
0.882088 -0.007258
0.892184 -0.005916
0.901880 -0.004731
0.911165 -0.003740
0.920031 -0.002929
0.928468 -0.002259
0.936467 -0.001706
0.944019 -0.001261
0.951116 -0.000886
0.957751 -0.000544
0.963920 -0.000246
0.969616 -0.000034
0.974836 0.000059
0.979575 0.000004
0.983831 -0.000178
0.987598 -0.000441
0.990874 -0.000720
0.993653 -0.001005
0.995934 -0.001303
0.997711 -0.001546
0.998982 -0.001654
0.999745 -0.001680
1.000000 -0.001687
