1.000000 0.008585
0.999745 0.013355
0.998982 0.013517
0.997711 0.013076
0.995933 0.013723
0.993653 0.015826
0.990874 0.015983
0.987598 0.019240
0.983830 0.020542
0.979575 0.024207
0.974836 0.027286
0.969616 0.030506
0.963920 0.034418
0.957751 0.038092
0.951116 0.042652
0.944019 0.047697
0.936467 0.051579
0.928468 0.056872
0.920031 0.062891
0.911165 0.068065
0.901879 0.074243
0.892183 0.079908
0.882087 0.086243
0.871601 0.091954
0.860735 0.098514
0.849501 0.104781
0.837910 0.110713
0.825974 0.117563
0.813704 0.124189
0.801113 0.131216
0.788214 0.136772
0.775019 0.143573
0.761541 0.150646
0.747795 0.157090
0.733792 0.163858
0.719548 0.169624
0.705077 0.176259
0.690392 0.183131
0.675509 0.190945
0.660442 0.195557
0.645206 0.200964
0.629817 0.205013
0.614290 0.209990
0.598640 0.214650
0.582884 0.220128
0.567036 0.222676
0.551113 0.226709
0.535131 0.229793
0.519106 0.233712
0.503054 0.237091
0.486991 0.241040
0.470934 0.243861
0.454898 0.246265
0.438900 0.247588
0.422956 0.248412
0.407083 0.249620
0.391295 0.250269
0.375610 0.250458
0.360044 0.250429
0.344612 0.249690
0.329330 0.248657
0.314213 0.248054
0.299279 0.246203
0.284541 0.243998
0.270015 0.241151
0.255717 0.238144
0.241661 0.234952
0.227862 0.231214
0.214336 0.228641
0.201095 0.224648
0.188155 0.219635
0.175530 0.215883
0.163234 0.211529
0.151280 0.205576
0.139681 0.200867
0.128452 0.196062
0.117606 0.189546
0.107155 0.183408
0.097113 0.177986
0.087493 0.171497
0.078306 0.165036
0.069566 0.158285
0.061285 0.151707
0.053474 0.144316
0.046150 0.135984
0.039326 0.127148
0.033014 0.118488
0.027230 0.108654
0.021980 0.099994
0.017277 0.088448
0.013141 0.077889
0.009573 0.066586
0.006583 0.055884
0.004188 0.045305
0.002354 0.033541
0.001081 0.024426
0.000371 0.017424
0.000077 0.012801
0.000005 0.009718
0.000000 0.009139
0.000005 0.008136
0.000077 0.005921
0.000371 0.000172
0.001081 -0.006277
0.002353 -0.014105
0.004188 -0.023070
0.006585 -0.033246
0.009576 -0.042768
0.013145 -0.051936
0.017281 -0.059444
0.021983 -0.066914
0.027232 -0.072789
0.033016 -0.081744
0.039328 -0.085508
0.046152 -0.091823
0.053476 -0.098127
0.061287 -0.102617
0.069568 -0.107907
0.078308 -0.113356
0.087495 -0.116538
0.097115 -0.121740
0.107157 -0.125079
0.117608 -0.129940
0.128454 -0.134520
0.139683 -0.134542
0.151282 -0.138861
0.163235 -0.139592
0.175532 -0.141968
0.188157 -0.143852
0.201097 -0.144088
0.214337 -0.145567
0.227864 -0.146861
0.241663 -0.146003
0.255719 -0.148101
0.270017 -0.147201
0.284542 -0.147230
0.299280 -0.147529
0.314215 -0.147675
0.329331 -0.145021
0.344613 -0.145031
0.360045 -0.143812
0.375611 -0.142835
0.391296 -0.141709
0.407083 -0.139749
0.422957 -0.137471
0.438901 -0.135575
0.454899 -0.133041
0.470935 -0.131940
0.486992 -0.127291
0.503055 -0.125166
0.519107 -0.123815
0.535132 -0.119460
0.551114 -0.117650
0.567036 -0.114566
0.582884 -0.110374
0.598640 -0.109489
0.614290 -0.104699
0.629817 -0.101901
0.645206 -0.097171
0.660442 -0.092571
0.675509 -0.090697
0.690393 -0.085757
0.705077 -0.081570
0.719549 -0.077444
0.733793 -0.073991
0.747795 -0.069801
0.761542 -0.066408
0.775019 -0.062703
0.788214 -0.059352
0.801113 -0.055333
0.813704 -0.052305
0.825973 -0.048947
0.837910 -0.046009
0.849501 -0.043109
0.860735 -0.037240
0.871601 -0.033636
0.882088 -0.029242
0.892184 -0.027478
0.901880 -0.024173
0.911165 -0.022019
0.920031 -0.018783
0.928468 -0.015888
0.936467 -0.012672
0.944019 -0.011608
0.951116 -0.008570
0.957751 -0.006346
0.963920 -0.004981
0.969616 -0.003197
0.974836 -0.000733
0.979575 0.000865
0.983831 0.001587
0.987598 0.003243
0.990874 0.004165
0.993653 0.005796
0.995934 0.005964
0.997711 0.006125
0.998982 0.005466
0.999745 0.004317
1.000000 0.003523
