1.000000 0.007818
0.999745 0.005821
0.998982 0.009542
0.997711 0.011751
0.995933 0.014084
0.993653 0.016548
0.990874 0.018617
0.987598 0.021555
0.983830 0.025601
0.979575 0.028290
0.974836 0.034722
0.969616 0.038473
0.963920 0.044191
0.957751 0.049598
0.951116 0.055490
0.944019 0.062060
0.936467 0.068021
0.928468 0.075422
0.920031 0.082807
0.911165 0.090675
0.901879 0.098617
0.892183 0.105854
0.882087 0.114350
0.871601 0.122162
0.860735 0.131000
0.849501 0.139375
0.837910 0.149023
0.825974 0.158388
0.813704 0.165709
0.801113 0.175153
0.788214 0.183228
0.775019 0.193236
0.761541 0.202442
0.747795 0.211493
0.733792 0.220973
0.719548 0.229556
0.705077 0.239061
0.690392 0.247600
0.675509 0.256261
0.660442 0.264935
0.645206 0.272666
0.629817 0.281589
0.614290 0.288202
0.598640 0.295522
0.582884 0.302980
0.567036 0.309033
0.551113 0.315410
0.535131 0.321070
0.519106 0.326933
0.503054 0.331939
0.486991 0.336164
0.470934 0.340198
0.454898 0.343225
0.438900 0.345127
0.422956 0.346498
0.407083 0.347391
0.391295 0.348377
0.375610 0.349171
0.360044 0.349750
0.344612 0.348944
0.329330 0.348363
0.314213 0.345769
0.299279 0.343068
0.284541 0.339690
0.270015 0.335114
0.255717 0.329246
0.241661 0.323347
0.227862 0.317179
0.214336 0.308912
0.201095 0.301209
0.188155 0.292878
0.175530 0.284441
0.163234 0.275422
0.151280 0.265037
0.139681 0.254479
0.128452 0.244145
0.117606 0.233617
0.107155 0.221570
0.097113 0.210025
0.087493 0.198017
0.078306 0.186512
0.069566 0.175113
0.061285 0.164008
0.053474 0.151020
0.046150 0.137407
0.039326 0.127092
0.033014 0.112965
0.027230 0.101686
0.021980 0.089622
0.017277 0.079162
0.013141 0.067959
0.009573 0.058666
0.006583 0.048604
0.004188 0.039626
0.002354 0.030869
0.001081 0.021973
0.000371 0.016569
0.000077 0.011824
0.000005 0.008012
0.000000 0.007369
0.000005 0.006000
0.000077 0.001601
0.000371 -0.001769
0.001081 -0.006996
0.002353 -0.011615
0.004188 -0.016686
0.006585 -0.021033
0.009576 -0.022565
0.013145 -0.025181
0.017281 -0.027801
0.021983 -0.028152
0.027232 -0.029782
0.033016 -0.029291
0.039328 -0.028649
0.046152 -0.028744
0.053476 -0.026975
0.061287 -0.025047
0.069568 -0.021649
0.078308 -0.017036
0.087495 -0.012597
0.097115 -0.008747
0.107157 -0.002892
0.117608 0.001506
0.128454 0.008946
0.139683 0.014531
0.151282 0.021617
0.163235 0.027234
0.175532 0.033471
0.188157 0.038790
0.201097 0.044493
0.214337 0.051101
0.227864 0.055890
0.241663 0.061998
0.255719 0.066645
0.270017 0.071557
0.284542 0.075777
0.299280 0.079846
0.314215 0.084770
0.329331 0.087908
0.344613 0.093379
0.360045 0.098133
0.375611 0.099983
0.391296 0.103724
0.407083 0.105795
0.422957 0.108514
0.438901 0.111645
0.454899 0.113268
0.470935 0.114451
0.486992 0.114383
0.503055 0.115227
0.519107 0.115149
0.535132 0.115554
0.551114 0.114282
0.567036 0.113276
0.582884 0.112715
0.598640 0.111914
0.614290 0.110603
0.629817 0.108373
0.645206 0.106526
0.660442 0.104254
0.675509 0.102170
0.690393 0.099188
0.705077 0.095825
0.719549 0.091612
0.733793 0.088477
0.747795 0.084851
0.761542 0.081398
0.775019 0.077262
0.788214 0.073921
0.801113 0.069286
0.813704 0.064207
0.825973 0.059827
0.837910 0.055545
0.849501 0.051937
0.860735 0.048102
0.871601 0.045617
0.882088 0.041350
0.892184 0.038866
0.901880 0.034434
0.911165 0.030146
0.920031 0.026868
0.928468 0.022534
0.936467 0.019997
0.944019 0.017422
0.951116 0.015207
0.957751 0.012285
0.963920 0.010357
0.969616 0.009333
0.974836 0.007496
0.979575 0.004781
0.983831 0.005394
0.987598 0.005150
0.990874 0.004423
0.993653 0.002961
0.995934 0.004418
0.997711 0.005148
0.998982 0.004691
0.999745 0.004648
1.000000 0.004531
