1.000000 0.014796
0.999745 0.015375
0.998982 0.017522
0.997711 0.018827
0.995933 0.018690
0.993653 0.020372
0.990874 0.022312
0.987598 0.025348
0.983830 0.028451
0.979575 0.031814
0.974836 0.034685
0.969616 0.039034
0.963920 0.043587
0.957751 0.048372
0.951116 0.054706
0.944019 0.059578
0.936467 0.065573
0.928468 0.071587
0.920031 0.077585
0.911165 0.083762
0.901879 0.090371
0.892183 0.097179
0.882087 0.104141
0.871601 0.111127
0.860735 0.118243
0.849501 0.125136
0.837910 0.131200
0.825974 0.141904
0.813704 0.145626
0.801113 0.154188
0.788214 0.161903
0.775019 0.168355
0.761541 0.177583
0.747795 0.185737
0.733792 0.193829
0.719548 0.201653
0.705077 0.210746
0.690392 0.218974
0.675509 0.226664
0.660442 0.233851
0.645206 0.242225
0.629817 0.249541
0.614290 0.257208
0.598640 0.264479
0.582884 0.271498
0.567036 0.278197
0.551113 0.284981
0.535131 0.290745
0.519106 0.296158
0.503054 0.301397
0.486991 0.306637
0.470934 0.311498
0.454898 0.315862
0.438900 0.320099
0.422956 0.322946
0.407083 0.326512
0.391295 0.327547
0.375610 0.329257
0.360044 0.330137
0.344612 0.331815
0.329330 0.330349
0.314213 0.329515
0.299279 0.327962
0.284541 0.325654
0.270015 0.323296
0.255717 0.320696
0.241661 0.317034
0.227862 0.313116
0.214336 0.308038
0.201095 0.303318
0.188155 0.295668
0.175530 0.288572
0.163234 0.280568
0.151280 0.272902
0.139681 0.264055
0.128452 0.254496
0.117606 0.244189
0.107155 0.233311
0.097113 0.222324
0.087493 0.209062
0.078306 0.197535
0.069566 0.184168
0.061285 0.171226
0.053474 0.159684
0.046150 0.145843
0.039326 0.133797
0.033014 0.122629
0.027230 0.109693
0.021980 0.097987
0.017277 0.084882
0.013141 0.072867
0.009573 0.061257
0.006583 0.049946
0.004188 0.040218
0.002354 0.030998
0.001081 0.022385
0.000371 0.014985
0.000077 0.010376
0.000005 0.007989
0.000000 0.007590
0.000005 0.006883
0.000077 0.004579
0.000371 -0.000265
0.001081 -0.006581
0.002353 -0.008594
0.004188 -0.018234
0.006585 -0.024941
0.009576 -0.030182
0.013145 -0.034720
0.017281 -0.039532
0.021983 -0.042328
0.027232 -0.044679
0.033016 -0.048319
0.039328 -0.049139
0.046152 -0.051395
0.053476 -0.052235
0.061287 -0.054177
0.069568 -0.054436
0.078308 -0.052343
0.087495 -0.051060
0.097115 -0.048646
0.107157 -0.046160
0.117608 -0.043958
0.128454 -0.039267
0.139683 -0.033551
0.151282 -0.031221
0.163235 -0.027554
0.175532 -0.022722
0.188157 -0.017713
0.201097 -0.014170
0.214337 -0.009165
0.227864 -0.005491
0.241663 0.000118
0.255719 0.003337
0.270017 0.007150
0.284542 0.009915
0.299280 0.013331
0.314215 0.015294
0.329331 0.017059
0.344613 0.019380
0.360045 0.021154
0.375611 0.023146
0.391296 0.024480
0.407083 0.024039
0.422957 0.025287
0.438901 0.025173
0.454899 0.026183
0.470935 0.027169
0.486992 0.025695
0.503055 0.024714
0.519107 0.026047
0.535132 0.026362
0.551114 0.026738
0.567036 0.026623
0.582884 0.025844
0.598640 0.026954
0.614290 0.026227
0.629817 0.025083
0.645206 0.024950
0.660442 0.025202
0.675509 0.024516
0.690393 0.024763
0.705077 0.022915
0.719549 0.023320
0.733793 0.021915
0.747795 0.020137
0.761542 0.018569
0.775019 0.017308
0.788214 0.015747
0.801113 0.015349
0.813704 0.014461
0.825973 0.013897
0.837910 0.013419
0.849501 0.013160
0.860735 0.012327
0.871601 0.010124
0.882088 0.010777
0.892184 0.010613
0.901880 0.011296
0.911165 0.010492
0.920031 0.009573
0.928468 0.009920
0.936467 0.009084
0.944019 0.008519
0.951116 0.009303
0.957751 0.008957
0.963920 0.008366
0.969616 0.007512
0.974836 0.007196
0.979575 0.006757
0.983831 0.005498
0.987598 0.005366
0.990874 0.004092
0.993653 0.003612
0.995934 0.003180
0.997711 0.003364
0.998982 0.002824
0.999745 0.002865
1.000000 -0.000705
