1.000000 0.009656
0.999745 0.006686
0.998982 0.008918
0.997711 0.009741
0.995933 0.010064
0.993653 0.010709
0.990874 0.010213
0.987598 0.012265
0.983830 0.013003
0.979575 0.014756
0.974836 0.015583
0.969616 0.018200
0.963920 0.019038
0.957751 0.020859
0.951116 0.024107
0.944019 0.024462
0.936467 0.026110
0.928468 0.029358
0.920031 0.029875
0.911165 0.032072
0.901879 0.034368
0.892183 0.036300
0.882087 0.038562
0.871601 0.039951
0.860735 0.043365
0.849501 0.046073
0.837910 0.048339
0.825974 0.051195
0.813704 0.053935
0.801113 0.057079
0.788214 0.059811
0.775019 0.063281
0.761541 0.066233
0.747795 0.069096
0.733792 0.071878
0.719548 0.075132
0.705077 0.077839
0.690392 0.080972
0.675509 0.084567
0.660442 0.088144
0.645206 0.091784
0.629817 0.095253
0.614290 0.098329
0.598640 0.100288
0.582884 0.105569
0.567036 0.107886
0.551113 0.112418
0.535131 0.115156
0.519106 0.118423
0.503054 0.121853
0.486991 0.125217
0.470934 0.129495
0.454898 0.133728
0.438900 0.137621
0.422956 0.141430
0.407083 0.144476
0.391295 0.148116
0.375610 0.150822
0.360044 0.153674
0.344612 0.156014
0.329330 0.159889
0.314213 0.162555
0.299279 0.164339
0.284541 0.166189
0.270015 0.167621
0.255717 0.169837
0.241661 0.171121
0.227862 0.171278
0.214336 0.171838
0.201095 0.172206
0.188155 0.171279
0.175530 0.171088
0.163234 0.169884
0.151280 0.166212
0.139681 0.165353
0.128452 0.164835
0.117606 0.158409
0.107155 0.156032
0.097113 0.151502
0.087493 0.146401
0.078306 0.141883
0.069566 0.136172
0.061285 0.131191
0.053474 0.124366
0.046150 0.118258
0.039326 0.110919
0.033014 0.102948
0.027230 0.095326
0.021980 0.086187
0.017277 0.077044
0.013141 0.068615
0.009573 0.058645
0.006583 0.048236
0.004188 0.038754
0.002354 0.029978
0.001081 0.023271
0.000371 0.017444
0.000077 0.012497
0.000005 0.009399
0.000000 0.009002
0.000005 0.007907
0.000077 0.005323
0.000371 0.000214
0.001081 -0.004652
0.002353 -0.011257
0.004188 -0.019792
0.006585 -0.027631
0.009576 -0.038057
0.013145 -0.048994
0.017281 -0.058271
0.021983 -0.066824
0.027232 -0.075853
0.033016 -0.084353
0.039328 -0.091646
0.046152 -0.098985
0.053476 -0.105474
0.061287 -0.112247
0.069568 -0.117408
0.078308 -0.123855
0.087495 -0.127578
0.097115 -0.132710
0.107157 -0.135320
0.117608 -0.141367
0.128454 -0.143534
0.139683 -0.144858
0.151282 -0.146330
0.163235 -0.147982
0.175532 -0.149547
0.188157 -0.150066
0.201097 -0.150020
0.214337 -0.148186
0.227864 -0.149189
0.241663 -0.148492
0.255719 -0.147800
0.270017 -0.145313
0.284542 -0.145321
0.299280 -0.143383
0.314215 -0.142811
0.329331 -0.139660
0.344613 -0.136894
0.360045 -0.135426
0.375611 -0.133365
0.391296 -0.128490
0.407083 -0.126949
0.422957 -0.123879
0.438901 -0.121249
0.454899 -0.118406
0.470935 -0.114750
0.486992 -0.111744
0.503055 -0.108220
0.519107 -0.104974
0.535132 -0.101497
0.551114 -0.097732
0.567036 -0.094007
0.582884 -0.091181
0.598640 -0.087105
0.614290 -0.083031
0.629817 -0.079959
0.645206 -0.076138
0.660442 -0.072228
0.675509 -0.069116
0.690393 -0.064589
0.705077 -0.062037
0.719549 -0.059816
0.733793 -0.057540
0.747795 -0.052882
0.761542 -0.049437
0.775019 -0.045520
0.788214 -0.043447
0.801113 -0.039484
0.813704 -0.036124
0.825973 -0.033149
0.837910 -0.030321
0.849501 -0.027545
0.860735 -0.025291
0.871601 -0.023191
0.882088 -0.020134
0.892184 -0.017639
0.901880 -0.016261
0.911165 -0.014071
0.920031 -0.009928
0.928468 -0.010419
0.936467 -0.007207
0.944019 -0.005069
0.951116 -0.004689
0.957751 -0.003545
0.963920 -0.001433
0.969616 0.000196
0.974836 0.000876
0.979575 0.001851
0.983831 0.003100
0.987598 0.003425
0.990874 0.004409
0.993653 0.005596
0.995934 0.006500
0.997711 0.007624
0.998982 0.007418
0.999745 0.003399
1.000000 0.005423
