1.000000 0.011479
0.999745 0.013573
0.998982 0.014064
0.997711 0.012200
0.995933 0.012240
0.993653 0.011336
0.990874 0.009678
0.987598 0.008594
0.983830 0.006583
0.979575 0.005406
0.974836 0.004373
0.969616 0.004688
0.963920 0.005059
0.957751 0.005588
0.951116 0.006512
0.944019 0.007667
0.936467 0.008941
0.928468 0.010555
0.920031 0.013707
0.911165 0.018213
0.901879 0.022655
0.892183 0.027787
0.882087 0.033743
0.871601 0.041158
0.860735 0.047139
0.849501 0.056128
0.837910 0.062727
0.825974 0.071973
0.813704 0.082632
0.801113 0.091203
0.788214 0.102307
0.775019 0.113011
0.761541 0.123312
0.747795 0.134686
0.733792 0.146523
0.719548 0.158024
0.705077 0.169230
0.690392 0.180426
0.675509 0.191874
0.660442 0.203579
0.645206 0.215728
0.629817 0.226985
0.614290 0.238265
0.598640 0.248597
0.582884 0.257509
0.567036 0.266250
0.551113 0.274705
0.535131 0.282420
0.519106 0.289784
0.503054 0.296459
0.486991 0.302502
0.470934 0.308530
0.454898 0.313540
0.438900 0.318213
0.422956 0.321049
0.407083 0.323104
0.391295 0.324504
0.375610 0.324652
0.360044 0.323753
0.344612 0.322291
0.329330 0.320694
0.314213 0.318185
0.299279 0.317614
0.284541 0.313190
0.270015 0.310081
0.255717 0.306128
0.241661 0.301584
0.227862 0.297408
0.214336 0.290603
0.201095 0.284392
0.188155 0.278573
0.175530 0.270993
0.163234 0.263036
0.151280 0.254302
0.139681 0.245059
0.128452 0.236200
0.117606 0.226925
0.107155 0.216678
0.097113 0.207828
0.087493 0.196370
0.078306 0.185096
0.069566 0.173730
0.061285 0.163483
0.053474 0.152541
0.046150 0.141404
0.039326 0.130173
0.033014 0.118415
0.027230 0.107831
0.021980 0.095937
0.017277 0.085379
0.013141 0.073980
0.009573 0.062381
0.006583 0.051618
0.004188 0.041611
0.002354 0.031141
0.001081 0.023549
0.000371 0.017704
0.000077 0.011383
0.000005 0.010307
0.000000 0.008938
0.000005 0.007906
0.000077 0.005317
0.000371 0.000996
0.001081 -0.005410
0.002353 -0.011179
0.004188 -0.017583
0.006585 -0.022583
0.009576 -0.031150
0.013145 -0.032523
0.017281 -0.037782
0.021983 -0.042501
0.027232 -0.046652
0.033016 -0.051604
0.039328 -0.054673
0.046152 -0.059527
0.053476 -0.063679
0.061287 -0.067766
0.069568 -0.072473
0.078308 -0.075348
0.087495 -0.080220
0.097115 -0.082883
0.107157 -0.086691
0.117608 -0.088482
0.128454 -0.092015
0.139683 -0.095123
0.151282 -0.098231
0.163235 -0.101758
0.175532 -0.101964
0.188157 -0.104560
0.201097 -0.105381
0.214337 -0.108788
0.227864 -0.108286
0.241663 -0.109965
0.255719 -0.111866
0.270017 -0.111461
0.284542 -0.112662
0.299280 -0.112333
0.314215 -0.111584
0.329331 -0.112384
0.344613 -0.111481
0.360045 -0.110433
0.375611 -0.110760
0.391296 -0.108835
0.407083 -0.108948
0.422957 -0.107039
0.438901 -0.104831
0.454899 -0.104392
0.470935 -0.104083
0.486992 -0.101161
0.503055 -0.100786
0.519107 -0.099135
0.535132 -0.098200
0.551114 -0.096907
0.567036 -0.094304
0.582884 -0.093914
0.598640 -0.091864
0.614290 -0.090030
0.629817 -0.089200
0.645206 -0.085400
0.660442 -0.083383
0.675509 -0.081026
0.690393 -0.080243
0.705077 -0.077618
0.719549 -0.074807
0.733793 -0.073244
0.747795 -0.070500
0.761542 -0.068407
0.775019 -0.066323
0.788214 -0.063244
0.801113 -0.061742
0.813704 -0.059561
0.825973 -0.058066
0.837910 -0.054865
0.849501 -0.049826
0.860735 -0.047114
0.871601 -0.043375
0.882088 -0.040527
0.892184 -0.038148
0.901880 -0.034332
0.911165 -0.031795
0.920031 -0.028565
0.928468 -0.025485
0.936467 -0.022302
0.944019 -0.020160
0.951116 -0.017355
0.957751 -0.013754
0.963920 -0.011370
0.969616 -0.008360
0.974836 -0.006453
0.979575 -0.004384
0.983831 -0.001208
0.987598 0.000666
0.990874 0.003029
0.993653 0.003904
0.995934 0.004813
0.997711 0.005935
0.998982 0.007119
0.999745 0.005919
1.000000 0.007583
