1.000000 0.008887
0.999745 0.010286
0.998982 0.012631
0.997711 0.013899
0.995933 0.016957
0.993653 0.019620
0.990874 0.022236
0.987598 0.026251
0.983830 0.029793
0.979575 0.035675
0.974836 0.039010
0.969616 0.046209
0.963920 0.051081
0.957751 0.058386
0.951116 0.064787
0.944019 0.070987
0.936467 0.079364
0.928468 0.086875
0.920031 0.094363
0.911165 0.104524
0.901879 0.112870
0.892183 0.123204
0.882087 0.133729
0.871601 0.144110
0.860735 0.156152
0.849501 0.168189
0.837910 0.181527
0.825974 0.196136
0.813704 0.210563
0.801113 0.226771
0.788214 0.242239
0.775019 0.257538
0.761541 0.276021
0.747795 0.290489
0.733792 0.307509
0.719548 0.325661
0.705077 0.341835
0.690392 0.358528
0.675509 0.373538
0.660442 0.387440
0.645206 0.401808
0.629817 0.415488
0.614290 0.428510
0.598640 0.440601
0.582884 0.450750
0.567036 0.459241
0.551113 0.467335
0.535131 0.474392
0.519106 0.479374
0.503054 0.483956
0.486991 0.485395
0.470934 0.487453
0.454898 0.488422
0.438900 0.488943
0.422956 0.487621
0.407083 0.484432
0.391295 0.480801
0.375610 0.476690
0.360044 0.471813
0.344612 0.466222
0.329330 0.459598
0.314213 0.451910
0.299279 0.445331
0.284541 0.435478
0.270015 0.427474
0.255717 0.418013
0.241661 0.408186
0.227862 0.397403
0.214336 0.385446
0.201095 0.373306
0.188155 0.361415
0.175530 0.348624
0.163234 0.335609
0.151280 0.322100
0.139681 0.307677
0.128452 0.293250
0.117606 0.278092
0.107155 0.263767
0.097113 0.250027
0.087493 0.234409
0.078306 0.219837
0.069566 0.204047
0.061285 0.189877
0.053474 0.175629
0.046150 0.160626
0.039326 0.145788
0.033014 0.131050
0.027230 0.117175
0.021980 0.103522
0.017277 0.090361
0.013141 0.076342
0.009573 0.063135
0.006583 0.052075
0.004188 0.041340
0.002354 0.030239
0.001081 0.021182
0.000371 0.015188
0.000077 0.010939
0.000005 0.007969
0.000000 0.007436
0.000005 0.005702
0.000077 0.002495
0.000371 -0.002821
0.001081 -0.009139
0.002353 -0.019064
0.004188 -0.023543
0.006585 -0.032428
0.009576 -0.039275
0.013145 -0.047279
0.017281 -0.055363
0.021983 -0.061646
0.027232 -0.069354
0.033016 -0.075938
0.039328 -0.081238
0.046152 -0.086896
0.053476 -0.093410
0.061287 -0.102154
0.069568 -0.106836
0.078308 -0.111718
0.087495 -0.115583
0.097115 -0.119625
0.107157 -0.124770
0.117608 -0.129760
0.128454 -0.134592
0.139683 -0.139935
0.151282 -0.142664
0.163235 -0.145684
0.175532 -0.148879
0.188157 -0.153954
0.201097 -0.156227
0.214337 -0.158825
0.227864 -0.161095
0.241663 -0.162627
0.255719 -0.165202
0.270017 -0.166830
0.284542 -0.167336
0.299280 -0.168354
0.314215 -0.168835
0.329331 -0.170434
0.344613 -0.169643
0.360045 -0.169570
0.375611 -0.168577
0.391296 -0.167107
0.407083 -0.165160
0.422957 -0.163357
0.438901 -0.161731
0.454899 -0.157752
0.470935 -0.154160
0.486992 -0.148752
0.503055 -0.144570
0.519107 -0.138484
0.535132 -0.131545
0.551114 -0.123647
0.567036 -0.116094
0.582884 -0.107574
0.598640 -0.099071
0.614290 -0.089429
0.629817 -0.078682
0.645206 -0.068338
0.660442 -0.058357
0.675509 -0.049438
0.690393 -0.039408
0.705077 -0.026443
0.719549 -0.019592
0.733793 -0.010125
0.747795 -0.003486
0.761542 0.003838
0.775019 0.010864
0.788214 0.016832
0.801113 0.020249
0.813704 0.025712
0.825973 0.028507
0.837910 0.032030
0.849501 0.033057
0.860735 0.034978
0.871601 0.035794
0.882088 0.036746
0.892184 0.036752
0.901880 0.036888
0.911165 0.035578
0.920031 0.035789
0.928468 0.034208
0.936467 0.032534
0.944019 0.030168
0.951116 0.028830
0.957751 0.026475
0.963920 0.024513
0.969616 0.022392
0.974836 0.019174
0.979575 0.017552
0.983831 0.015873
0.987598 0.014997
0.990874 0.013555
0.993653 0.011384
0.995934 0.010925
0.997711 0.009474
0.998982 0.009934
0.999745 0.007723
1.000000 0.008769
