1.000000 0.007358
0.999745 0.008262
0.998982 0.008842
0.997711 0.010469
0.995933 0.011293
0.993653 0.011537
0.990874 0.013034
0.987598 0.010692
0.983830 0.013733
0.979575 0.016741
0.974836 0.017662
0.969616 0.020472
0.963920 0.022145
0.957751 0.023261
0.951116 0.025603
0.944019 0.028940
0.936467 0.031171
0.928468 0.034762
0.920031 0.038714
0.911165 0.042001
0.901879 0.044237
0.892183 0.048479
0.882087 0.052673
0.871601 0.056952
0.860735 0.061262
0.849501 0.065532
0.837910 0.069908
0.825974 0.075157
0.813704 0.079481
0.801113 0.084509
0.788214 0.089197
0.775019 0.094307
0.761541 0.099944
0.747795 0.105284
0.733792 0.109801
0.719548 0.115067
0.705077 0.120444
0.690392 0.126172
0.675509 0.132582
0.660442 0.138838
0.645206 0.144595
0.629817 0.151111
0.614290 0.157249
0.598640 0.163413
0.582884 0.170596
0.567036 0.176270
0.551113 0.182685
0.535131 0.188506
0.519106 0.193105
0.503054 0.199810
0.486991 0.206778
0.470934 0.213239
0.454898 0.220007
0.438900 0.225216
0.422956 0.230976
0.407083 0.236964
0.391295 0.242885
0.375610 0.248863
0.360044 0.254523
0.344612 0.259244
0.329330 0.265568
0.314213 0.270102
0.299279 0.274832
0.284541 0.279839
0.270015 0.284660
0.255717 0.288307
0.241661 0.290455
0.227862 0.293601
0.214336 0.292744
0.201095 0.292424
0.188155 0.290968
0.175530 0.289776
0.163234 0.285958
0.151280 0.282821
0.139681 0.276806
0.128452 0.270613
0.117606 0.263479
0.107155 0.255345
0.097113 0.247149
0.087493 0.238058
0.078306 0.227838
0.069566 0.216438
0.061285 0.203569
0.053474 0.190404
0.046150 0.176857
0.039326 0.163387
0.033014 0.148418
0.027230 0.133148
0.021980 0.118292
0.017277 0.101868
0.013141 0.085626
0.009573 0.070932
0.006583 0.056920
0.004188 0.045037
0.002354 0.033727
0.001081 0.023673
0.000371 0.016454
0.000077 0.011725
0.000005 0.008829
0.000000 0.010630
0.000005 0.008357
0.000077 0.005665
0.000371 0.001202
0.001081 -0.005104
0.002353 -0.013367
0.004188 -0.022378
0.006585 -0.032288
0.009576 -0.047731
0.013145 -0.059246
0.017281 -0.071418
0.021983 -0.080745
0.027232 -0.090264
0.033016 -0.099364
0.039328 -0.109785
0.046152 -0.117413
0.053476 -0.127054
0.061287 -0.131621
0.069568 -0.137730
0.078308 -0.142605
0.087495 -0.147494
0.097115 -0.152052
0.107157 -0.156383
0.117608 -0.157904
0.128454 -0.160985
0.139683 -0.162701
0.151282 -0.164804
0.163235 -0.165507
0.175532 -0.166980
0.188157 -0.166387
0.201097 -0.168802
0.214337 -0.168256
0.227864 -0.168732
0.241663 -0.167235
0.255719 -0.167271
0.270017 -0.166672
0.284542 -0.165995
0.299280 -0.165282
0.314215 -0.162107
0.329331 -0.162435
0.344613 -0.159699
0.360045 -0.160860
0.375611 -0.156998
0.391296 -0.155138
0.407083 -0.152790
0.422957 -0.149927
0.438901 -0.147468
0.454899 -0.144671
0.470935 -0.141814
0.486992 -0.138931
0.503055 -0.135202
0.519107 -0.133156
0.535132 -0.128538
0.551114 -0.125322
0.567036 -0.122449
0.582884 -0.119087
0.598640 -0.113960
0.614290 -0.110030
0.629817 -0.105850
0.645206 -0.101944
0.660442 -0.097365
0.675509 -0.093767
0.690393 -0.089063
0.705077 -0.084828
0.719549 -0.081149
0.733793 -0.077135
0.747795 -0.074049
0.761542 -0.070093
0.775019 -0.065897
0.788214 -0.061768
0.801113 -0.057880
0.813704 -0.053866
0.825973 -0.050267
0.837910 -0.045405
0.849501 -0.042050
0.860735 -0.037625
0.871601 -0.034246
0.882088 -0.030019
0.892184 -0.026791
0.901880 -0.023680
0.911165 -0.019932
0.920031 -0.017135
0.928468 -0.015351
0.936467 -0.012041
0.944019 -0.010671
0.951116 -0.007552
0.957751 -0.006300
0.963920 -0.003684
0.969616 -0.002256
0.974836 -0.001012
0.979575 0.001236
0.983831 0.003148
0.987598 0.003849
0.990874 0.005731
0.993653 0.005496
0.995934 0.006172
0.997711 0.006506
0.998982 0.006493
0.999745 0.007973
1.000000 0.004429
