1.000000 0.006888
0.999745 0.010920
0.998982 0.009866
0.997711 0.009125
0.995933 0.010159
0.993653 0.010168
0.990874 0.010799
0.987598 0.012468
0.983830 0.013377
0.979575 0.014131
0.974836 0.015476
0.969616 0.016285
0.963920 0.018181
0.957751 0.019139
0.951116 0.020162
0.944019 0.021223
0.936467 0.020424
0.928468 0.021457
0.920031 0.021203
0.911165 0.021274
0.901879 0.022573
0.892183 0.023071
0.882087 0.025161
0.871601 0.025935
0.860735 0.027540
0.849501 0.028393
0.837910 0.029635
0.825974 0.032006
0.813704 0.034108
0.801113 0.035955
0.788214 0.037442
0.775019 0.042299
0.761541 0.044216
0.747795 0.046013
0.733792 0.050632
0.719548 0.054220
0.705077 0.058198
0.690392 0.061810
0.675509 0.066045
0.660442 0.070743
0.645206 0.074759
0.629817 0.080438
0.614290 0.083698
0.598640 0.088743
0.582884 0.093373
0.567036 0.099460
0.551113 0.105261
0.535131 0.110027
0.519106 0.115098
0.503054 0.119105
0.486991 0.124539
0.470934 0.128960
0.454898 0.133757
0.438900 0.138368
0.422956 0.142582
0.407083 0.147512
0.391295 0.151807
0.375610 0.155617
0.360044 0.161637
0.344612 0.165195
0.329330 0.170000
0.314213 0.175270
0.299279 0.179526
0.284541 0.185751
0.270015 0.187814
0.255717 0.192052
0.241661 0.196219
0.227862 0.198794
0.214336 0.201678
0.201095 0.202281
0.188155 0.201496
0.175530 0.201146
0.163234 0.198864
0.151280 0.196035
0.139681 0.192603
0.128452 0.187848
0.117606 0.180256
0.107155 0.173495
0.097113 0.166144
0.087493 0.158701
0.078306 0.150724
0.069566 0.141103
0.061285 0.133349
0.053474 0.124958
0.046150 0.115515
0.039326 0.104711
0.033014 0.096401
0.027230 0.088145
0.021980 0.079238
0.017277 0.072323
0.013141 0.062035
0.009573 0.054576
0.006583 0.045254
0.004188 0.037479
0.002354 0.029321
0.001081 0.022719
0.000371 0.017331
0.000077 0.013260
0.000005 0.009973
0.000000 0.008111
0.000005 0.007185
0.000077 0.005440
0.000371 0.001911
0.001081 -0.002153
0.002353 -0.006587
0.004188 -0.010044
0.006585 -0.015181
0.009576 -0.017052
0.013145 -0.018148
0.017281 -0.018937
0.021983 -0.021846
0.027232 -0.024025
0.033016 -0.027412
0.039328 -0.028107
0.046152 -0.030924
0.053476 -0.031764
0.061287 -0.033603
0.069568 -0.035256
0.078308 -0.036113
0.087495 -0.036139
0.097115 -0.037585
0.107157 -0.038670
0.117608 -0.040687
0.128454 -0.041831
0.139683 -0.043001
0.151282 -0.045789
0.163235 -0.046535
0.175532 -0.049045
0.188157 -0.050727
0.201097 -0.051593
0.214337 -0.051154
0.227864 -0.052897
0.241663 -0.053915
0.255719 -0.055490
0.270017 -0.057427
0.284542 -0.057290
0.299280 -0.059523
0.314215 -0.061094
0.329331 -0.062298
0.344613 -0.062360
0.360045 -0.066496
0.375611 -0.066421
0.391296 -0.067971
0.407083 -0.068683
0.422957 -0.069826
0.438901 -0.072398
0.454899 -0.073521
0.470935 -0.073984
0.486992 -0.072962
0.503055 -0.073365
0.519107 -0.075437
0.535132 -0.074122
0.551114 -0.074679
0.567036 -0.074059
0.582884 -0.073794
0.598640 -0.073440
0.614290 -0.072557
0.629817 -0.072900
0.645206 -0.072422
0.660442 -0.070772
0.675509 -0.069845
0.690393 -0.068622
0.705077 -0.068256
0.719549 -0.066443
0.733793 -0.066010
0.747795 -0.062168
0.761542 -0.060223
0.775019 -0.057562
0.788214 -0.054745
0.801113 -0.050798
0.813704 -0.048343
0.825973 -0.045349
0.837910 -0.042424
0.849501 -0.037857
0.860735 -0.034995
0.871601 -0.032600
0.882088 -0.028919
0.892184 -0.026000
0.901880 -0.022437
0.911165 -0.019960
0.920031 -0.016763
0.928468 -0.014341
0.936467 -0.012138
0.944019 -0.010487
0.951116 -0.006875
0.957751 -0.004516
0.963920 -0.001030
0.969616 -0.001474
0.974836 0.000346
0.979575 0.002115
0.983831 0.003277
0.987598 0.003454
0.990874 0.004125
0.993653 0.004718
0.995934 0.005433
0.997711 0.005071
0.998982 0.006542
0.999745 0.006659
1.000000 0.004269
