1.000000 -0.000217
0.999745 0.000002
0.998982 0.000654
0.997711 0.001702
0.995933 0.003083
0.993653 0.004857
0.990874 0.007093
0.987598 0.009778
0.983830 0.012883
0.979575 0.016429
0.974836 0.020424
0.969616 0.024842
0.963920 0.029643
0.957751 0.034788
0.951116 0.040217
0.944019 0.045875
0.936467 0.051754
0.928468 0.057869
0.920031 0.064226
0.911165 0.070808
0.901879 0.077649
0.892183 0.084793
0.882087 0.092204
0.871601 0.099855
0.860735 0.107734
0.849501 0.115841
0.837910 0.124233
0.825974 0.132862
0.813704 0.141676
0.801113 0.150657
0.788214 0.159761
0.775019 0.168957
0.761541 0.178128
0.747795 0.187262
0.733792 0.196339
0.719548 0.205328
0.705077 0.214172
0.690392 0.222876
0.675509 0.231377
0.660442 0.239672
0.645206 0.247708
0.629817 0.255438
0.614290 0.262838
0.598640 0.269898
0.582884 0.276611
0.567036 0.282919
0.551113 0.288796
0.535131 0.294239
0.519106 0.299250
0.503054 0.303789
0.486991 0.307843
0.470934 0.311445
0.454898 0.314587
0.438900 0.317225
0.422956 0.319336
0.407083 0.320954
0.391295 0.322089
0.375610 0.322715
0.360044 0.322826
0.344612 0.322457
0.329330 0.321594
0.314213 0.320198
0.299279 0.318292
0.284541 0.315930
0.270015 0.313080
0.255717 0.309693
0.241661 0.305778
0.227862 0.301342
0.214336 0.296349
0.201095 0.290797
0.188155 0.284722
0.175530 0.278106
0.163234 0.270903
0.151280 0.263094
0.139681 0.254689
0.128452 0.245683
0.117606 0.236109
0.107155 0.226044
0.097113 0.215565
0.087493 0.204700
0.078306 0.193394
0.069566 0.181594
0.061285 0.169383
0.053474 0.156977
0.046150 0.144435
0.039326 0.131855
0.033014 0.119249
0.027230 0.106627
0.021980 0.093988
0.017277 0.081447
0.013141 0.069162
0.009573 0.057307
0.006583 0.046092
0.004188 0.035602
0.002354 0.026050
0.001081 0.017775
0.000371 0.011109
0.000077 0.006258
0.000005 0.003333
0.000000 0.002354
0.000005 0.001408
0.000077 -0.001433
0.000371 -0.005984
0.001081 -0.011957
0.002353 -0.018775
0.004188 -0.025663
0.006585 -0.032265
0.009576 -0.038745
0.013145 -0.044526
0.017281 -0.049689
0.021983 -0.054570
0.027232 -0.059214
0.033016 -0.063625
0.039328 -0.067888
0.046152 -0.072046
0.053476 -0.076063
0.061287 -0.079940
0.069568 -0.083733
0.078308 -0.087411
0.087495 -0.090914
0.097115 -0.094254
0.107157 -0.097430
0.117608 -0.100510
0.128454 -0.103433
0.139683 -0.106226
0.151282 -0.108850
0.163235 -0.111286
0.175532 -0.113502
0.188157 -0.115510
0.201097 -0.117320
0.214337 -0.118907
0.227864 -0.120273
0.241663 -0.121419
0.255719 -0.122331
0.270017 -0.122968
0.284542 -0.123327
0.299280 -0.123422
0.314215 -0.123260
0.329331 -0.122821
0.344613 -0.122096
0.360045 -0.121073
0.375611 -0.119770
0.391296 -0.118176
0.407083 -0.116269
0.422957 -0.114081
0.438901 -0.111651
0.454899 -0.108992
0.470935 -0.106109
0.486992 -0.103037
0.503055 -0.099799
0.519107 -0.096398
0.535132 -0.092846
0.551114 -0.089158
0.567036 -0.085340
0.582884 -0.081383
0.598640 -0.077286
0.614290 -0.073062
0.629817 -0.068708
0.645206 -0.064242
0.660442 -0.059702
0.675509 -0.055141
0.690393 -0.050587
0.705077 -0.046063
0.719549 -0.041606
0.733793 -0.037255
0.747795 -0.033009
0.761542 -0.028915
0.775019 -0.024989
0.788214 -0.021256
0.801113 -0.017747
0.813704 -0.014493
0.825973 -0.011486
0.837910 -0.008741
0.849501 -0.006268
0.860735 -0.004078
0.871601 -0.002149
0.882088 -0.000470
0.892184 0.000946
0.901880 0.002110
0.911165 0.002989
0.920031 0.003607
0.928468 0.004017
0.936467 0.004247
0.944019 0.004316
0.951116 0.004272
0.957751 0.004163
0.963920 0.003986
0.969616 0.003703
0.974836 0.003286
0.979575 0.002716
0.983831 0.002029
0.987598 0.001280
0.990874 0.000537
0.993653 -0.000170
0.995934 -0.000824
0.997711 -0.001359
0.998982 -0.001706
0.999745 -0.001890
1.000000 -0.001949
