1.000000 0.010734
0.999745 0.010907
0.998982 0.012792
0.997711 0.012460
0.995933 0.014319
0.993653 0.015454
0.990874 0.017184
0.987598 0.016600
0.983830 0.017807
0.979575 0.019206
0.974836 0.021458
0.969616 0.023329
0.963920 0.023474
0.957751 0.024674
0.951116 0.028677
0.944019 0.029089
0.936467 0.031119
0.928468 0.034090
0.920031 0.035489
0.911165 0.037722
0.901879 0.040700
0.892183 0.043196
0.882087 0.044985
0.871601 0.046852
0.860735 0.047685
0.849501 0.047323
0.837910 0.048821
0.825974 0.049244
0.813704 0.051236
0.801113 0.052737
0.788214 0.054787
0.775019 0.056258
0.761541 0.057070
0.747795 0.058764
0.733792 0.059096
0.719548 0.060206
0.705077 0.062047
0.690392 0.062572
0.675509 0.062637
0.660442 0.064460
0.645206 0.064952
0.629817 0.067796
0.614290 0.069150
0.598640 0.067812
0.582884 0.068535
0.567036 0.068278
0.551113 0.069005
0.535131 0.070406
0.519106 0.069630
0.503054 0.070281
0.486991 0.070437
0.470934 0.070818
0.454898 0.070423
0.438900 0.070401
0.422956 0.071562
0.407083 0.070821
0.391295 0.069541
0.375610 0.070851
0.360044 0.070426
0.344612 0.070787
0.329330 0.069626
0.314213 0.068334
0.299279 0.068155
0.284541 0.068065
0.270015 0.068176
0.255717 0.065746
0.241661 0.064041
0.227862 0.064299
0.214336 0.062106
0.201095 0.060383
0.188155 0.059647
0.175530 0.058532
0.163234 0.057123
0.151280 0.055292
0.139681 0.054575
0.128452 0.053477
0.117606 0.052761
0.107155 0.051798
0.097113 0.049360
0.087493 0.049054
0.078306 0.047787
0.069566 0.046327
0.061285 0.044583
0.053474 0.043407
0.046150 0.040565
0.039326 0.039501
0.033014 0.036674
0.027230 0.035409
0.021980 0.032750
0.017277 0.031426
0.013141 0.030210
0.009573 0.028836
0.006583 0.026671
0.004188 0.023666
0.002354 0.020777
0.001081 0.017918
0.000371 0.014243
0.000077 0.012322
0.000005 0.009744
0.000000 0.008112
0.000005 0.006665
0.000077 0.004494
0.000371 0.004322
0.001081 0.001012
0.002353 0.002504
0.004188 -0.000748
0.006585 -0.004815
0.009576 -0.004410
0.013145 -0.006435
0.017281 -0.008432
0.021983 -0.008989
0.027232 -0.011045
0.033016 -0.012339
0.039328 -0.014754
0.046152 -0.015183
0.053476 -0.016679
0.061287 -0.020136
0.069568 -0.018950
0.078308 -0.021242
0.087495 -0.022732
0.097115 -0.023891
0.107157 -0.023337
0.117608 -0.022903
0.128454 -0.024571
0.139683 -0.025355
0.151282 -0.026215
0.163235 -0.026246
0.175532 -0.026494
0.188157 -0.027352
0.201097 -0.027769
0.214337 -0.027689
0.227864 -0.026203
0.241663 -0.028646
0.255719 -0.028094
0.270017 -0.027988
0.284542 -0.028730
0.299280 -0.028418
0.314215 -0.029477
0.329331 -0.028221
0.344613 -0.028078
0.360045 -0.027501
0.375611 -0.026919
0.391296 -0.026171
0.407083 -0.024419
0.422957 -0.023157
0.438901 -0.021555
0.454899 -0.021933
0.470935 -0.020421
0.486992 -0.019056
0.503055 -0.017307
0.519107 -0.015922
0.535132 -0.014094
0.551114 -0.011900
0.567036 -0.009756
0.582884 -0.008162
0.598640 -0.006171
0.614290 -0.004923
0.629817 -0.002387
0.645206 -0.001637
0.660442 -0.000123
0.675509 0.000860
0.690393 0.003619
0.705077 0.006689
0.719549 0.008596
0.733793 0.008469
0.747795 0.010318
0.761542 0.011769
0.775019 0.014307
0.788214 0.016388
0.801113 0.018178
0.813704 0.018793
0.825973 0.020876
0.837910 0.019774
0.849501 0.022250
0.860735 0.022295
0.871601 0.023334
0.882088 0.023656
0.892184 0.022833
0.901880 0.022797
0.911165 0.021754
0.920031 0.021029
0.928468 0.020432
0.936467 0.019332
0.944019 0.017358
0.951116 0.016311
0.957751 0.015005
0.963920 0.013939
0.969616 0.013156
0.974836 0.011260
0.979575 0.009753
0.983831 0.008922
0.987598 0.008866
0.990874 0.007229
0.993653 0.006471
0.995934 0.006226
0.997711 0.005469
0.998982 0.003207
0.999745 0.002912
1.000000 0.003856
