1.000000 0.007857
0.999745 0.009201
0.998982 0.010092
0.997711 0.011170
0.995933 0.011488
0.993653 0.011397
0.990874 0.012739
0.987598 0.015126
0.983830 0.017784
0.979575 0.020108
0.974836 0.023799
0.969616 0.026135
0.963920 0.030574
0.957751 0.034431
0.951116 0.039671
0.944019 0.043928
0.936467 0.048451
0.928468 0.054443
0.920031 0.059474
0.911165 0.064791
0.901879 0.071200
0.892183 0.077447
0.882087 0.082647
0.871601 0.092025
0.860735 0.095429
0.849501 0.103784
0.837910 0.110116
0.825974 0.116602
0.813704 0.123540
0.801113 0.130111
0.788214 0.136230
0.775019 0.142540
0.761541 0.149006
0.747795 0.156165
0.733792 0.162873
0.719548 0.169930
0.705077 0.176614
0.690392 0.184119
0.675509 0.190782
0.660442 0.198081
0.645206 0.204809
0.629817 0.210667
0.614290 0.217369
0.598640 0.223430
0.582884 0.228253
0.567036 0.234319
0.551113 0.238578
0.535131 0.245520
0.519106 0.249936
0.503054 0.254426
0.486991 0.259039
0.470934 0.262754
0.454898 0.267035
0.438900 0.270182
0.422956 0.272865
0.407083 0.275765
0.391295 0.278454
0.375610 0.280583
0.360044 0.283207
0.344612 0.283310
0.329330 0.285575
0.314213 0.285922
0.299279 0.285874
0.284541 0.285608
0.270015 0.284964
0.255717 0.282755
0.241661 0.280319
0.227862 0.277316
0.214336 0.273877
0.201095 0.271031
0.188155 0.265477
0.175530 0.260212
0.163234 0.254619
0.151280 0.248675
0.139681 0.242532
0.128452 0.235797
0.117606 0.227852
0.107155 0.219165
0.097113 0.209855
0.087493 0.200021
0.078306 0.188790
0.069566 0.179214
0.061285 0.166485
0.053474 0.155176
0.046150 0.143540
0.039326 0.131153
0.033014 0.119180
0.027230 0.106971
0.021980 0.095204
0.017277 0.083211
0.013141 0.071589
0.009573 0.061067
0.006583 0.051236
0.004188 0.040502
0.002354 0.032018
0.001081 0.024141
0.000371 0.017080
0.000077 0.012468
0.000005 0.009252
0.000000 0.008209
0.000005 0.007472
0.000077 0.003977
0.000371 0.000324
0.001081 -0.006060
0.002353 -0.012035
0.004188 -0.020298
0.006585 -0.023833
0.009576 -0.032134
0.013145 -0.035918
0.017281 -0.040601
0.021983 -0.044119
0.027232 -0.047500
0.033016 -0.051232
0.039328 -0.054088
0.046152 -0.056681
0.053476 -0.060021
0.061287 -0.062354
0.069568 -0.064190
0.078308 -0.066777
0.087495 -0.068298
0.097115 -0.069460
0.107157 -0.070929
0.117608 -0.072190
0.128454 -0.072274
0.139683 -0.073357
0.151282 -0.073364
0.163235 -0.074600
0.175532 -0.074100
0.188157 -0.073451
0.201097 -0.073020
0.214337 -0.073194
0.227864 -0.072056
0.241663 -0.071166
0.255719 -0.070125
0.270017 -0.069347
0.284542 -0.067954
0.299280 -0.067246
0.314215 -0.065269
0.329331 -0.064898
0.344613 -0.062651
0.360045 -0.061559
0.375611 -0.059295
0.391296 -0.057457
0.407083 -0.056675
0.422957 -0.056668
0.438901 -0.055457
0.454899 -0.054226
0.470935 -0.053128
0.486992 -0.051775
0.503055 -0.048972
0.519107 -0.046638
0.535132 -0.045985
0.551114 -0.042579
0.567036 -0.041123
0.582884 -0.039826
0.598640 -0.037792
0.614290 -0.035913
0.629817 -0.034423
0.645206 -0.034180
0.660442 -0.031926
0.675509 -0.030709
0.690393 -0.029030
0.705077 -0.027978
0.719549 -0.025965
0.733793 -0.024223
0.747795 -0.022751
0.761542 -0.021206
0.775019 -0.018437
0.788214 -0.017592
0.801113 -0.017529
0.813704 -0.015035
0.825973 -0.011665
0.837910 -0.010974
0.849501 -0.009706
0.860735 -0.007892
0.871601 -0.005581
0.882088 -0.004518
0.892184 -0.002932
0.901880 -0.002162
0.911165 -0.001897
0.920031 -0.000948
0.928468 -0.000256
0.936467 0.000435
0.944019 0.002255
0.951116 0.002588
0.957751 0.004715
0.963920 0.004892
0.969616 0.005678
0.974836 0.005600
0.979575 0.006004
0.983831 0.007690
0.987598 0.006263
0.990874 0.007893
0.993653 0.008048
0.995934 0.008090
0.997711 0.008524
0.998982 0.007979
0.999745 0.005968
1.000000 0.007027
