1.000000 0.002274
0.999742 0.000585
0.998967 0.002609
0.997677 0.003048
0.995873 0.004050
0.993557 0.006347
0.990730 0.007402
0.987397 0.009705
0.983559 0.011739
0.979222 0.014137
0.974389 0.017231
0.969066 0.020307
0.963257 0.022646
0.956968 0.026495
0.950207 0.028275
0.942978 0.033399
0.935291 0.031757
0.927153 0.034209
0.918572 0.046494
0.909557 0.050351
0.900118 0.054425
0.890263 0.057556
0.880003 0.062737
0.869346 0.067426
0.858301 0.071525
0.846878 0.075393
0.835087 0.080570
0.822935 0.086885
0.810434 0.090876
0.797592 0.096112
0.784420 0.101827
0.770932 0.105389
0.757142 0.120059
0.743066 0.110014
0.728720 0.115786
0.714121 0.120000
0.699287 0.126506
0.684233 0.125789
0.668976 0.136620
0.653529 0.137729
0.637906 0.140802
0.622122 0.146783
0.606189 0.154362
0.590124 0.158054
0.573939 0.161818
0.557650 0.166466
0.541270 0.170756
0.524815 0.172352
0.508299 0.179840
0.491736 0.182336
0.475144 0.187806
0.458541 0.190602
0.441947 0.193762
0.425382 0.197164
0.408864 0.199875
0.392413 0.203423
0.376047 0.207492
0.359782 0.210287
0.343631 0.213469
0.327610 0.215167
0.311733 0.218121
0.296015 0.220885
0.280474 0.213725
0.265137 0.223268
0.250032 0.224647
0.235188 0.225428
0.220629 0.228177
0.206380 0.224733
0.192463 0.225777
0.178893 0.224641
0.165673 0.223392
0.152808 0.221898
0.140300 0.219391
0.128174 0.215970
0.116467 0.210046
0.105209 0.206352
0.094427 0.201519
0.084163 0.192999
0.074484 0.187190
0.065433 0.182260
0.056952 0.171519
0.048957 0.161793
0.041413 0.152810
0.034446 0.145203
0.028194 0.132898
0.022741 0.118731
0.018082 0.105695
0.014091 0.095958
0.010654 0.085556
0.007726 0.073252
0.005338 0.063123
0.003484 0.055762
0.002122 0.041579
0.001182 0.033314
0.000586 0.024846
0.000245 0.017449
0.000079 0.011543
0.000016 0.006904
0.000001 0.004272
0.000000 0.003176
0.000002 0.001404
0.000030 -0.001184
0.000151 -0.004957
0.000467 -0.009402
0.001108 -0.014747
0.002220 -0.022794
0.003943 -0.023514
0.006395 -0.025880
0.009644 -0.027847
0.013689 -0.027140
0.018461 -0.029143
0.023908 -0.024205
0.029938 -0.021976
0.036499 -0.019394
0.043576 -0.016338
0.051146 -0.008128
0.059182 -0.013873
0.067663 -0.010856
0.076567 -0.002015
0.085874 -0.000937
0.095579 0.002751
0.105683 0.007439
0.116181 0.008891
0.127062 0.016004
0.138313 0.017401
0.149921 0.020086
0.161871 0.022472
0.174153 0.024806
0.186757 0.026607
0.199673 0.028415
0.212891 0.029820
0.226397 0.030255
0.240177 0.033717
0.254216 0.033666
0.268500 0.032813
0.283012 0.033890
0.297736 0.034819
0.312657 0.036085
0.327758 0.035735
0.343026 0.035069
0.358445 0.036066
0.374000 0.035946
0.389676 0.032615
0.405458 0.035556
0.421329 0.037388
0.437274 0.037338
0.453277 0.035761
0.469320 0.038312
0.485389 0.035574
0.501465 0.034553
0.517533 0.031687
0.533577 0.031235
0.549580 0.031963
0.565525 0.034272
0.581397 0.026992
0.597180 0.028195
0.612856 0.025746
0.628411 0.026844
0.643830 0.026831
0.659098 0.026730
0.674199 0.026270
0.689119 0.024276
0.703843 0.021886
0.718357 0.022078
0.732645 0.021163
0.746693 0.021079
0.760487 0.020437
0.774013 0.018582
0.787256 0.020844
0.800204 0.016253
0.812842 0.015353
0.825159 0.016574
0.837141 0.007110
0.848778 0.012570
0.860056 0.011543
0.870965 0.012175
0.881493 0.009886
0.891630 0.008652
0.901366 0.007541
0.910692 0.006792
0.919596 0.005518
0.928071 0.004375
0.936109 0.003203
0.943700 0.003137
0.950837 0.003393
0.957514 0.003308
0.963723 0.002408
0.969458 0.001756
0.974715 0.001039
0.979486 0.007321
0.983768 -0.003838
0.987557 0.001525
0.990848 -0.003535
0.993639 -0.001965
0.995926 -0.001201
0.997707 0.002734
0.998980 -0.006522
0.999745 -0.004108
1.000000 -0.003425
