1.000000 0.009737
0.999745 0.007835
0.998982 0.010995
0.997711 0.011389
0.995933 0.012210
0.993653 0.012778
0.990874 0.013154
0.987598 0.016820
0.983830 0.017921
0.979575 0.020782
0.974836 0.024068
0.969616 0.027466
0.963920 0.031041
0.957751 0.033956
0.951116 0.039959
0.944019 0.044451
0.936467 0.048737
0.928468 0.054235
0.920031 0.057667
0.911165 0.065359
0.901879 0.067343
0.892183 0.074913
0.882087 0.080398
0.871601 0.085833
0.860735 0.092502
0.849501 0.098417
0.837910 0.104486
0.825974 0.112299
0.813704 0.118357
0.801113 0.125149
0.788214 0.131691
0.775019 0.140169
0.761541 0.146704
0.747795 0.153043
0.733792 0.159196
0.719548 0.165131
0.705077 0.171287
0.690392 0.177377
0.675509 0.184113
0.660442 0.190233
0.645206 0.195624
0.629817 0.200354
0.614290 0.205275
0.598640 0.210435
0.582884 0.214878
0.567036 0.219496
0.551113 0.223534
0.535131 0.227211
0.519106 0.231265
0.503054 0.234253
0.486991 0.238017
0.470934 0.241335
0.454898 0.244873
0.438900 0.247360
0.422956 0.249836
0.407083 0.251935
0.391295 0.254267
0.375610 0.256746
0.360044 0.258843
0.344612 0.258785
0.329330 0.258791
0.314213 0.257499
0.299279 0.257444
0.284541 0.255701
0.270015 0.254106
0.255717 0.251607
0.241661 0.249054
0.227862 0.247931
0.214336 0.244203
0.201095 0.240335
0.188155 0.238141
0.175530 0.232179
0.163234 0.227232
0.151280 0.222008
0.139681 0.215184
0.128452 0.208792
0.117606 0.201787
0.107155 0.194132
0.097113 0.185175
0.087493 0.175956
0.078306 0.166138
0.069566 0.156792
0.061285 0.148289
0.053474 0.140040
0.046150 0.129913
0.039326 0.119466
0.033014 0.108301
0.027230 0.098914
0.021980 0.089337
0.017277 0.079604
0.013141 0.068574
0.009573 0.059928
0.006583 0.049451
0.004188 0.038968
0.002354 0.029818
0.001081 0.021563
0.000371 0.016178
0.000077 0.011224
0.000005 0.009220
0.000000 0.009103
0.000005 0.008503
0.000077 0.005707
0.000371 0.000556
0.001081 -0.005906
0.002353 -0.011389
0.004188 -0.017431
0.006585 -0.024307
0.009576 -0.029557
0.013145 -0.035549
0.017281 -0.039560
0.021983 -0.044984
0.027232 -0.048913
0.033016 -0.054056
0.039328 -0.057022
0.046152 -0.062307
0.053476 -0.065084
0.061287 -0.068386
0.069568 -0.072746
0.078308 -0.076531
0.087495 -0.078802
0.097115 -0.082757
0.107157 -0.084715
0.117608 -0.086204
0.128454 -0.087509
0.139683 -0.089874
0.151282 -0.090923
0.163235 -0.092556
0.175532 -0.093325
0.188157 -0.093265
0.201097 -0.094236
0.214337 -0.093503
0.227864 -0.093883
0.241663 -0.094198
0.255719 -0.092776
0.270017 -0.091795
0.284542 -0.090581
0.299280 -0.090237
0.314215 -0.089296
0.329331 -0.087948
0.344613 -0.085797
0.360045 -0.081707
0.375611 -0.082029
0.391296 -0.078969
0.407083 -0.076746
0.422957 -0.072180
0.438901 -0.069244
0.454899 -0.066088
0.470935 -0.063040
0.486992 -0.059044
0.503055 -0.055154
0.519107 -0.050602
0.535132 -0.046353
0.551114 -0.044340
0.567036 -0.039891
0.582884 -0.036127
0.598640 -0.032542
0.614290 -0.028941
0.629817 -0.025674
0.645206 -0.022546
0.660442 -0.018552
0.675509 -0.015286
0.690393 -0.012753
0.705077 -0.009117
0.719549 -0.006390
0.733793 -0.003696
0.747795 0.000883
0.761542 0.003251
0.775019 0.006503
0.788214 0.008637
0.801113 0.011362
0.813704 0.013062
0.825973 0.014825
0.837910 0.015705
0.849501 0.016203
0.860735 0.016320
0.871601 0.017394
0.882088 0.018412
0.892184 0.020669
0.901880 0.020180
0.911165 0.020740
0.920031 0.019434
0.928468 0.018384
0.936467 0.018210
0.944019 0.018174
0.951116 0.017111
0.957751 0.017358
0.963920 0.016342
0.969616 0.015495
0.974836 0.014933
0.979575 0.013890
0.983831 0.013454
0.987598 0.012050
0.990874 0.011503
0.993653 0.011107
0.995934 0.010230
0.997711 0.008678
0.998982 0.009514
0.999745 0.007015
1.000000 0.006332
