1.000000 0.006884
0.999745 0.006526
0.998982 0.008872
0.997711 0.009099
0.995933 0.011398
0.993653 0.012876
0.990874 0.012086
0.987598 0.014662
0.983830 0.017360
0.979575 0.020402
0.974836 0.023631
0.969616 0.025203
0.963920 0.029215
0.957751 0.032495
0.951116 0.035865
0.944019 0.038815
0.936467 0.041778
0.928468 0.044655
0.920031 0.050222
0.911165 0.052163
0.901879 0.057043
0.892183 0.060147
0.882087 0.064258
0.871601 0.068237
0.860735 0.073195
0.849501 0.075184
0.837910 0.080182
0.825974 0.084255
0.813704 0.089195
0.801113 0.093353
0.788214 0.097834
0.775019 0.101614
0.761541 0.105762
0.747795 0.109901
0.733792 0.114143
0.719548 0.117634
0.705077 0.121967
0.690392 0.125606
0.675509 0.130004
0.660442 0.134545
0.645206 0.139312
0.629817 0.144256
0.614290 0.148327
0.598640 0.152914
0.582884 0.156833
0.567036 0.161161
0.551113 0.164488
0.535131 0.168101
0.519106 0.171502
0.503054 0.174451
0.486991 0.177681
0.470934 0.179997
0.454898 0.183127
0.438900 0.184392
0.422956 0.186949
0.407083 0.188759
0.391295 0.192176
0.375610 0.194699
0.360044 0.197348
0.344612 0.198797
0.329330 0.199203
0.314213 0.200631
0.299279 0.201856
0.284541 0.201976
0.270015 0.202177
0.255717 0.200966
0.241661 0.200168
0.227862 0.199514
0.214336 0.196842
0.201095 0.195073
0.188155 0.192085
0.175530 0.188727
0.163234 0.185614
0.151280 0.180569
0.139681 0.180783
0.128452 0.171475
0.117606 0.168078
0.107155 0.162287
0.097113 0.156342
0.087493 0.151138
0.078306 0.145802
0.069566 0.138350
0.061285 0.131704
0.053474 0.124059
0.046150 0.116832
0.039326 0.109411
0.033014 0.100205
0.027230 0.090931
0.021980 0.082217
0.017277 0.073587
0.013141 0.064504
0.009573 0.055737
0.006583 0.045650
0.004188 0.037264
0.002354 0.029951
0.001081 0.022971
0.000371 0.017229
0.000077 0.012293
0.000005 0.009856
0.000000 0.008458
0.000005 0.007228
0.000077 0.004399
0.000371 0.000535
0.001081 -0.004152
0.002353 -0.010702
0.004188 -0.016505
0.006585 -0.021689
0.009576 -0.026330
0.013145 -0.030913
0.017281 -0.034356
0.021983 -0.038847
0.027232 -0.040468
0.033016 -0.043957
0.039328 -0.046743
0.046152 -0.048407
0.053476 -0.049088
0.061287 -0.051063
0.069568 -0.051127
0.078308 -0.051579
0.087495 -0.050791
0.097115 -0.052071
0.107157 -0.050856
0.117608 -0.050413
0.128454 -0.048338
0.139683 -0.049559
0.151282 -0.047225
0.163235 -0.045708
0.175532 -0.043592
0.188157 -0.041361
0.201097 -0.038517
0.214337 -0.037107
0.227864 -0.034024
0.241663 -0.031899
0.255719 -0.029106
0.270017 -0.027455
0.284542 -0.025615
0.299280 -0.022148
0.314215 -0.021103
0.329331 -0.018485
0.344613 -0.016577
0.360045 -0.014922
0.375611 -0.014004
0.391296 -0.011829
0.407083 -0.011047
0.422957 -0.009243
0.438901 -0.008082
0.454899 -0.007474
0.470935 -0.006722
0.486992 -0.007690
0.503055 -0.006969
0.519107 -0.007232
0.535132 -0.007391
0.551114 -0.007217
0.567036 -0.006965
0.582884 -0.006613
0.598640 -0.007832
0.614290 -0.007730
0.629817 -0.007533
0.645206 -0.007203
0.660442 -0.007922
0.675509 -0.007616
0.690393 -0.007372
0.705077 -0.007159
0.719549 -0.007156
0.733793 -0.007892
0.747795 -0.007914
0.761542 -0.006606
0.775019 -0.007559
0.788214 -0.006221
0.801113 -0.006328
0.813704 -0.006115
0.825973 -0.005907
0.837910 -0.005422
0.849501 -0.005971
0.860735 -0.005976
0.871601 -0.006635
0.882088 -0.004126
0.892184 -0.003665
0.901880 -0.003830
0.911165 -0.002725
0.920031 -0.002095
0.928468 -0.001222
0.936467 -0.000619
0.944019 -0.000255
0.951116 0.000429
0.957751 0.001739
0.963920 0.001617
0.969616 0.000833
0.974836 0.001695
0.979575 0.000483
0.983831 0.001594
0.987598 0.000818
0.990874 0.001105
0.993653 0.001401
0.995934 0.000918
0.997711 0.001602
0.998982 0.000778
0.999745 -0.001983
1.000000 0.000465
