1.000000 0.002010
0.999745 0.002166
0.998982 0.002632
0.997711 0.003380
0.995933 0.004371
0.993653 0.005674
0.990874 0.007347
0.987598 0.009388
0.983830 0.011797
0.979575 0.014600
0.974836 0.017813
0.969616 0.021436
0.963920 0.025459
0.957751 0.029850
0.951116 0.034559
0.944019 0.039554
0.936467 0.044831
0.928468 0.050396
0.920031 0.056248
0.911165 0.062389
0.901879 0.068833
0.892183 0.075595
0.882087 0.082658
0.871601 0.090009
0.860735 0.097644
0.849501 0.105551
0.837910 0.113807
0.825974 0.122356
0.813704 0.131130
0.801113 0.140123
0.788214 0.149317
0.775019 0.158688
0.761541 0.168132
0.747795 0.177648
0.733792 0.187207
0.719548 0.196768
0.705077 0.206276
0.690392 0.215746
0.675509 0.225120
0.660442 0.234393
0.645206 0.243512
0.629817 0.252426
0.614290 0.261106
0.598640 0.269517
0.582884 0.277655
0.567036 0.285475
0.551113 0.292932
0.535131 0.299993
0.519106 0.306658
0.503054 0.312888
0.486991 0.318638
0.470934 0.323897
0.454898 0.328643
0.438900 0.332832
0.422956 0.336445
0.407083 0.339492
0.391295 0.341975
0.375610 0.343859
0.360044 0.345129
0.344612 0.345791
0.329330 0.345820
0.314213 0.345179
0.299279 0.343879
0.284541 0.341915
0.270015 0.339271
0.255717 0.335960
0.241661 0.331959
0.227862 0.327249
0.214336 0.321852
0.201095 0.315785
0.188155 0.309062
0.175530 0.301658
0.163234 0.293575
0.151280 0.284834
0.139681 0.275415
0.128452 0.265292
0.117606 0.254543
0.107155 0.243272
0.097113 0.231512
0.087493 0.219289
0.078306 0.206635
0.069566 0.193517
0.061285 0.179967
0.053474 0.166197
0.046150 0.152364
0.039326 0.138594
0.033014 0.124869
0.027230 0.111175
0.021980 0.097519
0.017277 0.084012
0.013141 0.070833
0.009573 0.058197
0.006583 0.046366
0.004188 0.035434
0.002354 0.025594
0.001081 0.017161
0.000371 0.010423
0.000077 0.005540
0.000005 0.002601
0.000000 0.001619
0.000005 0.000669
0.000077 -0.002207
0.000371 -0.006888
0.001081 -0.013211
0.002353 -0.020767
0.004188 -0.028825
0.006585 -0.036947
0.009576 -0.045159
0.013145 -0.052590
0.017281 -0.058998
0.021983 -0.064550
0.027232 -0.069386
0.033016 -0.073637
0.039328 -0.077374
0.046152 -0.080660
0.053476 -0.083557
0.061287 -0.086140
0.069568 -0.088409
0.078308 -0.090343
0.087495 -0.091975
0.097115 -0.093366
0.107157 -0.094494
0.117608 -0.095450
0.128454 -0.096244
0.139683 -0.096912
0.151282 -0.097411
0.163235 -0.097754
0.175532 -0.097972
0.188157 -0.098080
0.201097 -0.098062
0.214337 -0.097932
0.227864 -0.097742
0.241663 -0.097481
0.255719 -0.097105
0.270017 -0.096611
0.284542 -0.096035
0.299280 -0.095398
0.314215 -0.094679
0.329331 -0.093879
0.344613 -0.093033
0.360045 -0.092132
0.375611 -0.091161
0.391296 -0.090100
0.407083 -0.088958
0.422957 -0.087759
0.438901 -0.086491
0.454899 -0.085172
0.470935 -0.083825
0.486992 -0.082477
0.503055 -0.081103
0.519107 -0.079699
0.535132 -0.078282
0.551114 -0.076882
0.567036 -0.075480
0.582884 -0.074024
0.598640 -0.072509
0.614290 -0.070953
0.629817 -0.069317
0.645206 -0.067580
0.660442 -0.065762
0.675509 -0.063890
0.690393 -0.061942
0.705077 -0.059920
0.719549 -0.057852
0.733793 -0.055752
0.747795 -0.053578
0.761542 -0.051371
0.775019 -0.049145
0.788214 -0.046911
0.801113 -0.044679
0.813704 -0.042458
0.825973 -0.040215
0.837910 -0.037966
0.849501 -0.035722
0.860735 -0.033489
0.871601 -0.031265
0.882088 -0.029069
0.892184 -0.026925
0.901880 -0.024815
0.911165 -0.022780
0.920031 -0.020824
0.928468 -0.018924
0.936467 -0.017064
0.944019 -0.015238
0.951116 -0.013420
0.957751 -0.011596
0.963920 -0.009800
0.969616 -0.008106
0.974836 -0.006581
0.979575 -0.005276
0.983831 -0.004192
0.987598 -0.003303
0.990874 -0.002554
0.993653 -0.001948
0.995934 -0.001504
0.997711 -0.001154
0.998982 -0.000821
0.999745 -0.000577
1.000000 -0.000493
