1.000000 0.000976
0.999745 0.001137
0.998982 0.001614
0.997711 0.002381
0.995933 0.003395
0.993653 0.004722
0.990874 0.006426
0.987598 0.008508
0.983830 0.010955
0.979575 0.013784
0.974836 0.017006
0.969616 0.020616
0.963920 0.024597
0.957751 0.028919
0.951116 0.033526
0.944019 0.038373
0.936467 0.043457
0.928468 0.048790
0.920031 0.054372
0.911165 0.060202
0.901879 0.066299
0.892183 0.072688
0.882087 0.079348
0.871601 0.086257
0.860735 0.093409
0.849501 0.100808
0.837910 0.108521
0.825974 0.116500
0.813704 0.124671
0.801113 0.133041
0.788214 0.141584
0.775019 0.150264
0.761541 0.158984
0.747795 0.167730
0.733792 0.176488
0.719548 0.185231
0.705077 0.193914
0.690392 0.202550
0.675509 0.211076
0.660442 0.219477
0.645206 0.227699
0.629817 0.235705
0.614290 0.243473
0.598640 0.250995
0.582884 0.258259
0.567036 0.265209
0.551113 0.271806
0.535131 0.278029
0.519106 0.283861
0.503054 0.289256
0.486991 0.294201
0.470934 0.298714
0.454898 0.302791
0.438900 0.306391
0.422956 0.309505
0.407083 0.312155
0.391295 0.314343
0.375610 0.316039
0.360044 0.317240
0.344612 0.317956
0.329330 0.318166
0.314213 0.317828
0.299279 0.316950
0.284541 0.315543
0.270015 0.313567
0.255717 0.311001
0.241661 0.307835
0.227862 0.304052
0.214336 0.299633
0.201095 0.294581
0.188155 0.288914
0.175530 0.282610
0.163234 0.275650
0.151280 0.268028
0.139681 0.259724
0.128452 0.250718
0.117606 0.241075
0.107155 0.230887
0.097113 0.220195
0.087493 0.209031
0.078306 0.197404
0.069566 0.185248
0.061285 0.172621
0.053474 0.159738
0.046150 0.146735
0.039326 0.133716
0.033014 0.120700
0.027230 0.107685
0.021980 0.094679
0.017277 0.081798
0.013141 0.069212
0.009573 0.057112
0.006583 0.045730
0.004188 0.035158
0.002354 0.025576
0.001081 0.017306
0.000371 0.010655
0.000077 0.005811
0.000005 0.002886
0.000000 0.001909
0.000005 0.000962
0.000077 -0.001889
0.000371 -0.006472
0.001081 -0.012516
0.002353 -0.019481
0.004188 -0.026604
0.006585 -0.033502
0.009576 -0.040308
0.013145 -0.046374
0.017281 -0.051639
0.021983 -0.056373
0.027232 -0.060701
0.033016 -0.064696
0.039328 -0.068440
0.046152 -0.072013
0.053476 -0.075447
0.061287 -0.078776
0.069568 -0.081990
0.078308 -0.085053
0.087495 -0.087950
0.097115 -0.090692
0.107157 -0.093268
0.117608 -0.095728
0.128454 -0.098075
0.139683 -0.100315
0.151282 -0.102410
0.163235 -0.104337
0.175532 -0.106093
0.188157 -0.107686
0.201097 -0.109093
0.214337 -0.110310
0.227864 -0.111352
0.241663 -0.112210
0.255719 -0.112849
0.270017 -0.113248
0.284542 -0.113426
0.299280 -0.113408
0.314215 -0.113184
0.329331 -0.112746
0.344613 -0.112106
0.360045 -0.111259
0.375611 -0.110211
0.391296 -0.108951
0.407083 -0.107484
0.422957 -0.105850
0.438901 -0.104069
0.454899 -0.102159
0.470935 -0.100134
0.486992 -0.098039
0.503055 -0.095881
0.519107 -0.093661
0.535132 -0.091396
0.551114 -0.089110
0.567036 -0.086795
0.582884 -0.084422
0.598640 -0.081994
0.614290 -0.079525
0.629817 -0.076984
0.645206 -0.074353
0.660442 -0.071656
0.675509 -0.068925
0.690393 -0.066146
0.705077 -0.063315
0.719549 -0.060454
0.733793 -0.057588
0.747795 -0.054694
0.761542 -0.051800
0.775019 -0.048919
0.788214 -0.046066
0.801113 -0.043263
0.813704 -0.040518
0.825973 -0.037805
0.837910 -0.035143
0.849501 -0.032552
0.860735 -0.030042
0.871601 -0.027609
0.882088 -0.025264
0.892184 -0.023035
0.901880 -0.020919
0.911165 -0.018955
0.920031 -0.017133
0.928468 -0.015417
0.936467 -0.013787
0.944019 -0.012235
0.951116 -0.010733
0.957751 -0.009260
0.963920 -0.007846
0.969616 -0.006554
0.974836 -0.005435
0.979575 -0.004529
0.983831 -0.003824
0.987598 -0.003286
0.990874 -0.002863
0.993653 -0.002551
0.995934 -0.002355
0.997711 -0.002209
0.998982 -0.002042
0.999745 -0.001908
1.000000 -0.001861
