1.000000 0.006413
0.999745 0.009637
0.998982 0.010792
0.997711 0.011026
0.995933 0.012623
0.993653 0.013228
0.990874 0.016493
0.987598 0.018832
0.983830 0.020054
0.979575 0.022367
0.974836 0.027841
0.969616 0.032268
0.963920 0.034448
0.957751 0.039605
0.951116 0.044467
0.944019 0.051104
0.936467 0.056232
0.928468 0.060912
0.920031 0.067237
0.911165 0.073603
0.901879 0.078840
0.892183 0.085386
0.882087 0.091441
0.871601 0.098538
0.860735 0.104440
0.849501 0.110110
0.837910 0.116179
0.825974 0.123965
0.813704 0.129819
0.801113 0.136662
0.788214 0.143973
0.775019 0.150672
0.761541 0.156843
0.747795 0.162959
0.733792 0.169309
0.719548 0.175881
0.705077 0.183242
0.690392 0.189725
0.675509 0.195691
0.660442 0.202095
0.645206 0.208032
0.629817 0.213696
0.614290 0.219320
0.598640 0.224296
0.582884 0.229817
0.567036 0.235268
0.551113 0.239539
0.535131 0.244275
0.519106 0.247892
0.503054 0.251157
0.486991 0.254881
0.470934 0.258655
0.454898 0.262349
0.438900 0.265326
0.422956 0.268327
0.407083 0.270101
0.391295 0.271482
0.375610 0.272271
0.360044 0.274230
0.344612 0.274276
0.329330 0.273887
0.314213 0.273095
0.299279 0.271259
0.284541 0.269249
0.270015 0.265757
0.255717 0.262087
0.241661 0.257614
0.227862 0.252657
0.214336 0.247422
0.201095 0.242261
0.188155 0.236622
0.175530 0.230627
0.163234 0.223602
0.151280 0.216202
0.139681 0.208245
0.128452 0.200150
0.117606 0.190542
0.107155 0.181858
0.097113 0.172745
0.087493 0.163712
0.078306 0.153730
0.069566 0.143776
0.061285 0.134323
0.053474 0.125035
0.046150 0.115848
0.039326 0.106825
0.033014 0.097555
0.027230 0.089010
0.021980 0.078853
0.017277 0.070691
0.013141 0.060893
0.009573 0.051140
0.006583 0.044054
0.004188 0.037020
0.002354 0.029716
0.001081 0.022552
0.000371 0.015743
0.000077 0.011713
0.000005 0.009331
0.000000 0.008391
0.000005 0.007672
0.000077 0.005324
0.000371 0.000946
0.001081 -0.005475
0.002353 -0.008407
0.004188 -0.014346
0.006585 -0.018726
0.009576 -0.022138
0.013145 -0.023489
0.017281 -0.025636
0.021983 -0.026942
0.027232 -0.027803
0.033016 -0.027702
0.039328 -0.029105
0.046152 -0.027619
0.053476 -0.026994
0.061287 -0.028056
0.069568 -0.026191
0.078308 -0.024301
0.087495 -0.021789
0.097115 -0.021739
0.107157 -0.019271
0.117608 -0.017595
0.128454 -0.016223
0.139683 -0.013240
0.151282 -0.011146
0.163235 -0.008930
0.175532 -0.005047
0.188157 -0.003297
0.201097 -0.000901
0.214337 0.002276
0.227864 0.004443
0.241663 0.008634
0.255719 0.011308
0.270017 0.014414
0.284542 0.017268
0.299280 0.019500
0.314215 0.022855
0.329331 0.025521
0.344613 0.029455
0.360045 0.031023
0.375611 0.034438
0.391296 0.036218
0.407083 0.039587
0.422957 0.041849
0.438901 0.044170
0.454899 0.046155
0.470935 0.049292
0.486992 0.051257
0.503055 0.053758
0.519107 0.055872
0.535132 0.057357
0.551114 0.059045
0.567036 0.059992
0.582884 0.061741
0.598640 0.062849
0.614290 0.063600
0.629817 0.063151
0.645206 0.063905
0.660442 0.062828
0.675509 0.064938
0.690393 0.061872
0.705077 0.061243
0.719549 0.060500
0.733793 0.058758
0.747795 0.058985
0.761542 0.057003
0.775019 0.055716
0.788214 0.054515
0.801113 0.053543
0.813704 0.052403
0.825973 0.048783
0.837910 0.047611
0.849501 0.045414
0.860735 0.043057
0.871601 0.040851
0.882088 0.038495
0.892184 0.035923
0.901880 0.033181
0.911165 0.030744
0.920031 0.027672
0.928468 0.025972
0.936467 0.023478
0.944019 0.021977
0.951116 0.020467
0.957751 0.018712
0.963920 0.017147
0.969616 0.015592
0.974836 0.014166
0.979575 0.013365
0.983831 0.011611
0.987598 0.011735
0.990874 0.010066
0.993653 0.008734
0.995934 0.008376
0.997711 0.007932
0.998982 0.007985
0.999745 0.008079
1.000000 0.004567
