1.000000 0.007427
0.999745 0.007903
0.998982 0.008430
0.997711 0.007020
0.995933 0.007672
0.993653 0.010390
0.990874 0.010561
0.987598 0.011887
0.983830 0.014775
0.979575 0.015139
0.974836 0.016265
0.969616 0.019486
0.963920 0.021442
0.957751 0.023302
0.951116 0.025629
0.944019 0.027932
0.936467 0.034239
0.928468 0.036146
0.920031 0.040069
0.911165 0.043600
0.901879 0.048219
0.892183 0.051422
0.882087 0.055464
0.871601 0.059439
0.860735 0.062281
0.849501 0.067647
0.837910 0.071337
0.825974 0.076962
0.813704 0.080581
0.801113 0.084811
0.788214 0.089709
0.775019 0.094383
0.761541 0.097950
0.747795 0.103105
0.733792 0.108765
0.719548 0.114702
0.705077 0.118707
0.690392 0.124590
0.675509 0.129721
0.660442 0.134106
0.645206 0.139722
0.629817 0.144817
0.614290 0.149593
0.598640 0.155664
0.582884 0.160264
0.567036 0.164809
0.551113 0.170309
0.535131 0.174209
0.519106 0.179250
0.503054 0.183225
0.486991 0.186785
0.470934 0.190961
0.454898 0.194987
0.438900 0.199075
0.422956 0.201904
0.407083 0.204802
0.391295 0.207872
0.375610 0.210973
0.360044 0.213683
0.344612 0.215583
0.329330 0.217691
0.314213 0.219020
0.299279 0.220000
0.284541 0.221479
0.270015 0.222211
0.255717 0.222942
0.241661 0.222178
0.227862 0.221138
0.214336 0.220019
0.201095 0.218832
0.188155 0.215498
0.175530 0.212513
0.163234 0.208922
0.151280 0.206002
0.139681 0.202231
0.128452 0.198646
0.117606 0.194150
0.107155 0.187931
0.097113 0.182697
0.087493 0.176794
0.078306 0.169964
0.069566 0.164847
0.061285 0.154228
0.053474 0.146372
0.046150 0.136717
0.039326 0.127833
0.033014 0.117878
0.027230 0.106958
0.021980 0.096730
0.017277 0.086021
0.013141 0.073817
0.009573 0.063304
0.006583 0.052666
0.004188 0.040407
0.002354 0.030367
0.001081 0.025567
0.000371 0.016936
0.000077 0.012762
0.000005 0.008945
0.000000 0.007830
0.000005 0.007187
0.000077 0.005465
0.000371 0.000297
0.001081 -0.005381
0.002353 -0.012510
0.004188 -0.018937
0.006585 -0.026812
0.009576 -0.032912
0.013145 -0.040193
0.017281 -0.047241
0.021983 -0.053642
0.027232 -0.060431
0.033016 -0.065523
0.039328 -0.072037
0.046152 -0.078897
0.053476 -0.085095
0.061287 -0.091529
0.069568 -0.096948
0.078308 -0.102190
0.087495 -0.106520
0.097115 -0.111370
0.107157 -0.114541
0.117608 -0.117965
0.128454 -0.121099
0.139683 -0.122815
0.151282 -0.124392
0.163235 -0.125689
0.175532 -0.127586
0.188157 -0.128809
0.201097 -0.129759
0.214337 -0.130216
0.227864 -0.130170
0.241663 -0.130034
0.255719 -0.128947
0.270017 -0.127558
0.284542 -0.125670
0.299280 -0.124523
0.314215 -0.122871
0.329331 -0.120030
0.344613 -0.117369
0.360045 -0.115582
0.375611 -0.113622
0.391296 -0.109324
0.407083 -0.106294
0.422957 -0.102638
0.438901 -0.100279
0.454899 -0.096557
0.470935 -0.092122
0.486992 -0.088827
0.503055 -0.085093
0.519107 -0.081331
0.535132 -0.077841
0.551114 -0.074248
0.567036 -0.067713
0.582884 -0.062591
0.598640 -0.058771
0.614290 -0.054747
0.629817 -0.050879
0.645206 -0.047425
0.660442 -0.042680
0.675509 -0.038692
0.690393 -0.034693
0.705077 -0.031916
0.719549 -0.028662
0.733793 -0.024810
0.747795 -0.021028
0.761542 -0.017448
0.775019 -0.015181
0.788214 -0.011611
0.801113 -0.009453
0.813704 -0.005667
0.825973 -0.004539
0.837910 -0.001691
0.849501 0.000105
0.860735 0.001953
0.871601 0.003762
0.882088 0.004991
0.892184 0.006823
0.901880 0.007954
0.911165 0.009032
0.920031 0.009340
0.928468 0.010769
0.936467 0.010835
0.944019 0.010384
0.951116 0.011925
0.957751 0.011153
0.963920 0.012454
0.969616 0.011334
0.974836 0.011380
0.979575 0.011290
0.983831 0.010650
0.987598 0.009866
0.990874 0.009212
0.993653 0.008417
0.995934 0.008627
0.997711 0.009685
0.998982 0.009517
0.999745 0.009973
1.000000 0.007944
