1.000000 0.000376
0.999745 0.000570
0.998982 0.001149
0.997711 0.002081
0.995933 0.003313
0.993653 0.004908
0.990874 0.006931
0.987598 0.009379
0.983830 0.012230
0.979575 0.015500
0.974836 0.019196
0.969616 0.023300
0.963920 0.027782
0.957751 0.032607
0.951116 0.037713
0.944019 0.043050
0.936467 0.048610
0.928468 0.054410
0.920031 0.060454
0.911165 0.066730
0.901879 0.073270
0.892183 0.080113
0.882087 0.087227
0.871601 0.094587
0.860735 0.102186
0.849501 0.110025
0.837910 0.118169
0.825974 0.126565
0.813704 0.135154
0.801113 0.143927
0.788214 0.152847
0.775019 0.161891
0.761541 0.170943
0.747795 0.179995
0.733792 0.189032
0.719548 0.198027
0.705077 0.206930
0.690392 0.215751
0.675509 0.224424
0.660442 0.232943
0.645206 0.241253
0.629817 0.249311
0.614290 0.257092
0.598640 0.264589
0.582884 0.271793
0.567036 0.278642
0.551113 0.285104
0.535131 0.291166
0.519106 0.296821
0.503054 0.302022
0.486991 0.306756
0.470934 0.311051
0.454898 0.314899
0.438900 0.318254
0.422956 0.321099
0.407083 0.323464
0.391295 0.325352
0.375610 0.326730
0.360044 0.327592
0.344612 0.327960
0.329330 0.327819
0.314213 0.327118
0.299279 0.325870
0.284541 0.324111
0.270015 0.321798
0.255717 0.318890
0.241661 0.315386
0.227862 0.311281
0.214336 0.306544
0.201095 0.301170
0.188155 0.295187
0.175530 0.288579
0.163234 0.281309
0.151280 0.273361
0.139681 0.264738
0.128452 0.255429
0.117606 0.245485
0.107155 0.234991
0.097113 0.224013
0.087493 0.212587
0.078306 0.200681
0.069566 0.188243
0.061285 0.175356
0.053474 0.162249
0.046150 0.149011
0.039326 0.135755
0.033014 0.122501
0.027230 0.109259
0.021980 0.096036
0.017277 0.082956
0.013141 0.070194
0.009573 0.057941
0.006583 0.046421
0.004188 0.035723
0.002354 0.026045
0.001081 0.017706
0.000371 0.011013
0.000077 0.006151
0.000005 0.003221
0.000000 0.002242
0.000005 0.001296
0.000077 -0.001548
0.000371 -0.006108
0.001081 -0.012102
0.002353 -0.018961
0.004188 -0.025905
0.006585 -0.032565
0.009576 -0.039094
0.013145 -0.044872
0.017281 -0.049921
0.021983 -0.054563
0.027232 -0.058892
0.033016 -0.062947
0.039328 -0.066818
0.046152 -0.070566
0.053476 -0.074187
0.061287 -0.077694
0.069568 -0.081115
0.078308 -0.084411
0.087495 -0.087540
0.097115 -0.090516
0.107157 -0.093330
0.117608 -0.096052
0.128454 -0.098633
0.139683 -0.101100
0.151282 -0.103407
0.163235 -0.105535
0.175532 -0.107461
0.188157 -0.109194
0.201097 -0.110734
0.214337 -0.112061
0.227864 -0.113186
0.241663 -0.114107
0.255719 -0.114803
0.270017 -0.115240
0.284542 -0.115423
0.299280 -0.115372
0.314215 -0.115091
0.329331 -0.114562
0.344613 -0.113786
0.360045 -0.112755
0.375611 -0.111484
0.391296 -0.109965
0.407083 -0.108185
0.422957 -0.106183
0.438901 -0.103990
0.454899 -0.101624
0.470935 -0.099096
0.486992 -0.096443
0.503055 -0.093687
0.519107 -0.090831
0.535132 -0.087885
0.551114 -0.084870
0.567036 -0.081786
0.582884 -0.078614
0.598640 -0.075357
0.614290 -0.072026
0.629817 -0.068605
0.645206 -0.065094
0.660442 -0.061523
0.675509 -0.057933
0.690393 -0.054332
0.705077 -0.050728
0.719549 -0.047148
0.733793 -0.043627
0.747795 -0.040157
0.761542 -0.036769
0.775019 -0.033479
0.788214 -0.030305
0.801113 -0.027272
0.813704 -0.024402
0.825973 -0.021676
0.837910 -0.019108
0.849501 -0.016714
0.860735 -0.014505
0.871601 -0.012465
0.882088 -0.010596
0.892184 -0.008916
0.901880 -0.007418
0.911165 -0.006143
0.920031 -0.005067
0.928468 -0.004146
0.936467 -0.003354
0.944019 -0.002677
0.951116 -0.002076
0.957751 -0.001515
0.963920 -0.001012
0.969616 -0.000618
0.974836 -0.000372
0.979575 -0.000302
0.983831 -0.000384
0.987598 -0.000571
0.990874 -0.000805
0.993653 -0.001067
0.995934 -0.001351
0.997711 -0.001589
0.998982 -0.001713
0.999745 -0.001759
1.000000 -0.001772
