1.000000 0.008020
0.999745 0.008321
0.998982 0.008751
0.997711 0.009189
0.995933 0.010266
0.993653 0.010440
0.990874 0.009329
0.987598 0.011107
0.983830 0.011721
0.979575 0.014268
0.974836 0.016508
0.969616 0.018002
0.963920 0.019762
0.957751 0.022078
0.951116 0.024375
0.944019 0.026764
0.936467 0.028856
0.928468 0.032630
0.920031 0.035104
0.911165 0.039140
0.901879 0.042519
0.892183 0.046352
0.882087 0.050126
0.871601 0.054004
0.860735 0.058554
0.849501 0.062605
0.837910 0.066462
0.825974 0.071514
0.813704 0.076757
0.801113 0.082313
0.788214 0.088008
0.775019 0.093790
0.761541 0.099833
0.747795 0.105949
0.733792 0.112062
0.719548 0.118844
0.705077 0.126214
0.690392 0.133747
0.675509 0.141495
0.660442 0.148208
0.645206 0.155329
0.629817 0.163112
0.614290 0.170643
0.598640 0.179044
0.582884 0.187025
0.567036 0.194571
0.551113 0.201930
0.535131 0.209599
0.519106 0.216950
0.503054 0.225551
0.486991 0.232000
0.470934 0.239458
0.454898 0.246325
0.438900 0.253921
0.422956 0.259300
0.407083 0.264692
0.391295 0.274203
0.375610 0.274434
0.360044 0.281124
0.344612 0.286633
0.329330 0.290069
0.314213 0.293799
0.299279 0.297646
0.284541 0.299871
0.270015 0.300550
0.255717 0.301282
0.241661 0.300811
0.227862 0.299401
0.214336 0.297713
0.201095 0.295094
0.188155 0.291813
0.175530 0.286808
0.163234 0.280537
0.151280 0.273835
0.139681 0.265968
0.128452 0.258270
0.117606 0.249582
0.107155 0.237956
0.097113 0.227592
0.087493 0.215878
0.078306 0.204130
0.069566 0.192055
0.061285 0.179742
0.053474 0.168580
0.046150 0.155274
0.039326 0.144001
0.033014 0.132532
0.027230 0.118699
0.021980 0.105002
0.017277 0.091659
0.013141 0.079874
0.009573 0.066129
0.006583 0.055192
0.004188 0.043628
0.002354 0.034503
0.001081 0.025638
0.000371 0.019053
0.000077 0.013828
0.000005 0.010271
0.000000 0.009762
0.000005 0.008319
0.000077 0.006210
0.000371 0.001492
0.001081 -0.003243
0.002353 -0.009416
0.004188 -0.014760
0.006585 -0.019824
0.009576 -0.024988
0.013145 -0.029295
0.017281 -0.032942
0.021983 -0.037348
0.027232 -0.040769
0.033016 -0.045499
0.039328 -0.050222
0.046152 -0.052706
0.053476 -0.057851
0.061287 -0.059208
0.069568 -0.063074
0.078308 -0.066056
0.087495 -0.069428
0.097115 -0.073592
0.107157 -0.076463
0.117608 -0.079499
0.128454 -0.084157
0.139683 -0.086041
0.151282 -0.089566
0.163235 -0.092679
0.175532 -0.096923
0.188157 -0.097826
0.201097 -0.101702
0.214337 -0.103996
0.227864 -0.106473
0.241663 -0.108250
0.255719 -0.111411
0.270017 -0.113429
0.284542 -0.115230
0.299280 -0.117523
0.314215 -0.121278
0.329331 -0.122719
0.344613 -0.123944
0.360045 -0.126767
0.375611 -0.127021
0.391296 -0.129938
0.407083 -0.131423
0.422957 -0.132872
0.438901 -0.133938
0.454899 -0.133942
0.470935 -0.135039
0.486992 -0.135958
0.503055 -0.135848
0.519107 -0.135521
0.535132 -0.133858
0.551114 -0.132774
0.567036 -0.131333
0.582884 -0.129400
0.598640 -0.127291
0.614290 -0.125295
0.629817 -0.124597
0.645206 -0.121688
0.660442 -0.117504
0.675509 -0.116239
0.690393 -0.114490
0.705077 -0.109741
0.719549 -0.105974
0.733793 -0.101143
0.747795 -0.098147
0.761542 -0.093260
0.775019 -0.088326
0.788214 -0.083649
0.801113 -0.080117
0.813704 -0.073948
0.825973 -0.069844
0.837910 -0.063913
0.849501 -0.060024
0.860735 -0.054535
0.871601 -0.050147
0.882088 -0.045280
0.892184 -0.041097
0.901880 -0.036222
0.911165 -0.031797
0.920031 -0.027755
0.928468 -0.024039
0.936467 -0.021059
0.944019 -0.016049
0.951116 -0.012781
0.957751 -0.011119
0.963920 -0.006810
0.969616 -0.005316
0.974836 -0.002213
0.979575 -0.000239
0.983831 0.000877
0.987598 0.002855
0.990874 0.004890
0.993653 0.004490
0.995934 0.005796
0.997711 0.007184
0.998982 0.007157
0.999745 0.007763
1.000000 0.008457
