1.000000 0.000008
0.999745 0.000242
0.998982 0.000934
0.997711 0.002052
0.995933 0.003531
0.993653 0.005426
0.990874 0.007803
0.987598 0.010642
0.983830 0.013914
0.979575 0.017635
0.974836 0.021815
0.969616 0.026421
0.963920 0.031407
0.957751 0.036733
0.951116 0.042337
0.944019 0.048165
0.936467 0.054202
0.928468 0.060460
0.920031 0.066939
0.911165 0.073623
0.901879 0.080546
0.892183 0.087753
0.882087 0.095209
0.871601 0.102882
0.860735 0.110756
0.849501 0.118823
0.837910 0.127132
0.825974 0.135635
0.813704 0.144281
0.801113 0.153051
0.788214 0.161910
0.775019 0.170841
0.761541 0.179730
0.747795 0.188566
0.733792 0.197326
0.719548 0.205979
0.705077 0.214471
0.690392 0.222815
0.675509 0.230947
0.660442 0.238859
0.645206 0.246500
0.629817 0.253822
0.614290 0.260804
0.598640 0.267438
0.582884 0.273720
0.567036 0.279590
0.551113 0.285027
0.535131 0.290024
0.519106 0.294590
0.503054 0.298688
0.486991 0.302305
0.470934 0.305472
0.454898 0.308180
0.438900 0.310382
0.422956 0.312054
0.407083 0.313228
0.391295 0.313915
0.375610 0.314097
0.360044 0.313776
0.344612 0.312987
0.329330 0.311722
0.314213 0.309947
0.299279 0.307697
0.284541 0.305034
0.270015 0.301932
0.255717 0.298343
0.241661 0.294281
0.227862 0.289757
0.214336 0.284732
0.201095 0.279215
0.188155 0.273245
0.175530 0.266802
0.163234 0.259836
0.151280 0.252324
0.139681 0.244282
0.128452 0.235698
0.117606 0.226595
0.107155 0.217039
0.097113 0.207115
0.087493 0.196842
0.078306 0.186150
0.069566 0.174989
0.061285 0.163440
0.053474 0.151712
0.046150 0.139841
0.039326 0.127912
0.033014 0.115929
0.027230 0.103893
0.021980 0.091805
0.017277 0.079770
0.013141 0.067933
0.009573 0.056461
0.006583 0.045564
0.004188 0.035317
0.002354 0.025933
0.001081 0.017757
0.000371 0.011140
0.000077 0.006311
0.000005 0.003394
0.000000 0.002418
0.000005 0.001472
0.000077 -0.001359
0.000371 -0.005880
0.001081 -0.011787
0.002353 -0.018486
0.004188 -0.025201
0.006585 -0.031583
0.009576 -0.037807
0.013145 -0.043337
0.017281 -0.048270
0.021983 -0.052956
0.027232 -0.057436
0.033016 -0.061693
0.039328 -0.065803
0.046152 -0.069801
0.053476 -0.073635
0.061287 -0.077306
0.069568 -0.080888
0.078308 -0.084358
0.087495 -0.087651
0.097115 -0.090772
0.107157 -0.093723
0.117608 -0.096576
0.128454 -0.099265
0.139683 -0.101818
0.151282 -0.104201
0.163235 -0.106398
0.175532 -0.108372
0.188157 -0.110141
0.201097 -0.111717
0.214337 -0.113074
0.227864 -0.114210
0.241663 -0.115118
0.255719 -0.115794
0.270017 -0.116194
0.284542 -0.116311
0.299280 -0.116157
0.314215 -0.115741
0.329331 -0.115046
0.344613 -0.114062
0.360045 -0.112775
0.375611 -0.111205
0.391296 -0.109344
0.407083 -0.107171
0.422957 -0.104714
0.438901 -0.102013
0.454899 -0.099084
0.470935 -0.095932
0.486992 -0.092587
0.503055 -0.089081
0.519107 -0.085420
0.535132 -0.081615
0.551114 -0.077680
0.567036 -0.073619
0.582884 -0.069432
0.598640 -0.065116
0.614290 -0.060688
0.629817 -0.056151
0.645206 -0.051531
0.660442 -0.046863
0.675509 -0.042200
0.690393 -0.037583
0.705077 -0.033045
0.719549 -0.028621
0.733793 -0.024352
0.747795 -0.020226
0.761542 -0.016298
0.775019 -0.012590
0.788214 -0.009127
0.801113 -0.005934
0.813704 -0.003035
0.825973 -0.000411
0.837910 0.001931
0.849501 0.003982
0.860735 0.005725
0.871601 0.007183
0.882088 0.008372
0.892184 0.009280
0.901880 0.009920
0.911165 0.010261
0.920031 0.010335
0.928468 0.010200
0.936467 0.009884
0.944019 0.009408
0.951116 0.008820
0.957751 0.008173
0.963920 0.007469
0.969616 0.006678
0.974836 0.005779
0.979575 0.004759
0.983831 0.003658
0.987598 0.002533
0.990874 0.001455
0.993653 0.000459
0.995934 -0.000427
0.997711 -0.001148
0.998982 -0.001636
0.999745 -0.001909
1.000000 -0.001999
