1.000000 0.006663
0.999745 0.008080
0.998982 0.010735
0.997711 0.011056
0.995933 0.013554
0.993653 0.013924
0.990874 0.016176
0.987598 0.018582
0.983830 0.022465
0.979575 0.026055
0.974836 0.029948
0.969616 0.035453
0.963920 0.039961
0.957751 0.044551
0.951116 0.050784
0.944019 0.056753
0.936467 0.062876
0.928468 0.069904
0.920031 0.077481
0.911165 0.085622
0.901879 0.092009
0.892183 0.101614
0.882087 0.107956
0.871601 0.116653
0.860735 0.124951
0.849501 0.133231
0.837910 0.141890
0.825974 0.150210
0.813704 0.159368
0.801113 0.168241
0.788214 0.177632
0.775019 0.187134
0.761541 0.195894
0.747795 0.205689
0.733792 0.214526
0.719548 0.223120
0.705077 0.232226
0.690392 0.240096
0.675509 0.248527
0.660442 0.255680
0.645206 0.263996
0.629817 0.271346
0.614290 0.279041
0.598640 0.286722
0.582884 0.293928
0.567036 0.298828
0.551113 0.305226
0.535131 0.310782
0.519106 0.316353
0.503054 0.321606
0.486991 0.326142
0.470934 0.329895
0.454898 0.333274
0.438900 0.336656
0.422956 0.338970
0.407083 0.341115
0.391295 0.341814
0.375610 0.343266
0.360044 0.343845
0.344612 0.343741
0.329330 0.343238
0.314213 0.342110
0.299279 0.340218
0.284541 0.338345
0.270015 0.334272
0.255717 0.330585
0.241661 0.326412
0.227862 0.320609
0.214336 0.315094
0.201095 0.309314
0.188155 0.303477
0.175530 0.296338
0.163234 0.288897
0.151280 0.280489
0.139681 0.270695
0.128452 0.260625
0.117606 0.251754
0.107155 0.241707
0.097113 0.230308
0.087493 0.218597
0.078306 0.206161
0.069566 0.192740
0.061285 0.181834
0.053474 0.169309
0.046150 0.156247
0.039326 0.146297
0.033014 0.130495
0.027230 0.118062
0.021980 0.104442
0.017277 0.091128
0.013141 0.080140
0.009573 0.065298
0.006583 0.054562
0.004188 0.043452
0.002354 0.032782
0.001081 0.024498
0.000371 0.017810
0.000077 0.012499
0.000005 0.008141
0.000000 0.007694
0.000005 0.006820
0.000077 0.003958
0.000371 0.000823
0.001081 -0.005854
0.002353 -0.014823
0.004188 -0.023502
0.006585 -0.035878
0.009576 -0.043991
0.013145 -0.057361
0.017281 -0.067584
0.021983 -0.077552
0.027232 -0.085775
0.033016 -0.095284
0.039328 -0.103529
0.046152 -0.110050
0.053476 -0.115662
0.061287 -0.120300
0.069568 -0.124170
0.078308 -0.128648
0.087495 -0.132053
0.097115 -0.134720
0.107157 -0.136910
0.117608 -0.139409
0.128454 -0.141183
0.139683 -0.142011
0.151282 -0.143150
0.163235 -0.143050
0.175532 -0.142787
0.188157 -0.143497
0.201097 -0.142541
0.214337 -0.140404
0.227864 -0.138079
0.241663 -0.135760
0.255719 -0.133394
0.270017 -0.131435
0.284542 -0.127485
0.299280 -0.123795
0.314215 -0.119325
0.329331 -0.116017
0.344613 -0.110921
0.360045 -0.106519
0.375611 -0.102533
0.391296 -0.097885
0.407083 -0.092796
0.422957 -0.090680
0.438901 -0.086544
0.454899 -0.081397
0.470935 -0.078947
0.486992 -0.075699
0.503055 -0.072906
0.519107 -0.071522
0.535132 -0.068123
0.551114 -0.065390
0.567036 -0.064774
0.582884 -0.061894
0.598640 -0.060027
0.614290 -0.058151
0.629817 -0.056345
0.645206 -0.056097
0.660442 -0.052314
0.675509 -0.050675
0.690393 -0.049711
0.705077 -0.046685
0.719549 -0.044697
0.733793 -0.042956
0.747795 -0.040621
0.761542 -0.039135
0.775019 -0.035990
0.788214 -0.034498
0.801113 -0.032362
0.813704 -0.030007
0.825973 -0.028232
0.837910 -0.025973
0.849501 -0.024356
0.860735 -0.022553
0.871601 -0.020372
0.882088 -0.019063
0.892184 -0.018092
0.901880 -0.017076
0.911165 -0.015112
0.920031 -0.013534
0.928468 -0.012808
0.936467 -0.010754
0.944019 -0.008762
0.951116 -0.007134
0.957751 -0.006733
0.963920 -0.005137
0.969616 -0.003691
0.974836 -0.002136
0.979575 -0.000935
0.983831 0.000832
0.987598 0.003533
0.990874 0.004017
0.993653 0.004755
0.995934 0.006773
0.997711 0.007531
0.998982 0.007810
0.999745 0.008698
1.000000 0.007422
