1.000000 0.006641
0.999745 0.009252
0.998982 0.008162
0.997711 0.009021
0.995933 0.010300
0.993653 0.009571
0.990874 0.009820
0.987598 0.012281
0.983830 0.012121
0.979575 0.013505
0.974836 0.014435
0.969616 0.018034
0.963920 0.021525
0.957751 0.025367
0.951116 0.027916
0.944019 0.030955
0.936467 0.036531
0.928468 0.039213
0.920031 0.043706
0.911165 0.047849
0.901879 0.051439
0.892183 0.057657
0.882087 0.061098
0.871601 0.065063
0.860735 0.069466
0.849501 0.075437
0.837910 0.080484
0.825974 0.085189
0.813704 0.090194
0.801113 0.094454
0.788214 0.099151
0.775019 0.104124
0.761541 0.108990
0.747795 0.114360
0.733792 0.119028
0.719548 0.125355
0.705077 0.129802
0.690392 0.135692
0.675509 0.140354
0.660442 0.144916
0.645206 0.149934
0.629817 0.153188
0.614290 0.159342
0.598640 0.163225
0.582884 0.167532
0.567036 0.170535
0.551113 0.174573
0.535131 0.175754
0.519106 0.179002
0.503054 0.180960
0.486991 0.182239
0.470934 0.183900
0.454898 0.184945
0.438900 0.186269
0.422956 0.187616
0.407083 0.187963
0.391295 0.187924
0.375610 0.187722
0.360044 0.187229
0.344612 0.186831
0.329330 0.186823
0.314213 0.185499
0.299279 0.183773
0.284541 0.182174
0.270015 0.179958
0.255717 0.179075
0.241661 0.177436
0.227862 0.174741
0.214336 0.172275
0.201095 0.170061
0.188155 0.166867
0.175530 0.164211
0.163234 0.160312
0.151280 0.156438
0.139681 0.152225
0.128452 0.147948
0.117606 0.143087
0.107155 0.137229
0.097113 0.132030
0.087493 0.126437
0.078306 0.121240
0.069566 0.115663
0.061285 0.109071
0.053474 0.103189
0.046150 0.096702
0.039326 0.090137
0.033014 0.083343
0.027230 0.077496
0.021980 0.071021
0.017277 0.064892
0.013141 0.057720
0.009573 0.050826
0.006583 0.044216
0.004188 0.037212
0.002354 0.030074
0.001081 0.024274
0.000371 0.019054
0.000077 0.015041
0.000005 0.011586
0.000000 0.010706
0.000005 0.008428
0.000077 0.005734
0.000371 0.001362
0.001081 -0.002444
0.002353 -0.007051
0.004188 -0.011158
0.006585 -0.015444
0.009576 -0.021935
0.013145 -0.021807
0.017281 -0.026036
0.021983 -0.029359
0.027232 -0.033179
0.033016 -0.036809
0.039328 -0.040562
0.046152 -0.042239
0.053476 -0.045573
0.061287 -0.047333
0.069568 -0.051200
0.078308 -0.053101
0.087495 -0.056470
0.097115 -0.056777
0.107157 -0.060654
0.117608 -0.061177
0.128454 -0.064170
0.139683 -0.066075
0.151282 -0.067879
0.163235 -0.069217
0.175532 -0.070037
0.188157 -0.071375
0.201097 -0.072519
0.214337 -0.074529
0.227864 -0.074944
0.241663 -0.076872
0.255719 -0.076351
0.270017 -0.078008
0.284542 -0.078503
0.299280 -0.078948
0.314215 -0.078799
0.329331 -0.079696
0.344613 -0.079122
0.360045 -0.079112
0.375611 -0.078701
0.391296 -0.078266
0.407083 -0.077590
0.422957 -0.075869
0.438901 -0.076499
0.454899 -0.074420
0.470935 -0.072778
0.486992 -0.071891
0.503055 -0.069685
0.519107 -0.068062
0.535132 -0.067085
0.551114 -0.064037
0.567036 -0.062346
0.582884 -0.059417
0.598640 -0.057277
0.614290 -0.054608
0.629817 -0.051800
0.645206 -0.050028
0.660442 -0.047164
0.675509 -0.044369
0.690393 -0.041030
0.705077 -0.038109
0.719549 -0.035973
0.733793 -0.032121
0.747795 -0.029167
0.761542 -0.026620
0.775019 -0.023138
0.788214 -0.021305
0.801113 -0.018974
0.813704 -0.016964
0.825973 -0.013943
0.837910 -0.011118
0.849501 -0.010602
0.860735 -0.007856
0.871601 -0.005961
0.882088 -0.004383
0.892184 -0.002406
0.901880 -0.000112
0.911165 0.001547
0.920031 0.002458
0.928468 0.003849
0.936467 0.004227
0.944019 0.006277
0.951116 0.005883
0.957751 0.007045
0.963920 0.007446
0.969616 0.008284
0.974836 0.007774
0.979575 0.007885
0.983831 0.007523
0.987598 0.007599
0.990874 0.007765
0.993653 0.008362
0.995934 0.007594
0.997711 0.007593
0.998982 0.007739
0.999745 0.008212
1.000000 0.008029
