1.000000 0.005508
0.999745 0.011041
0.998982 0.007483
0.997711 0.008023
0.995933 0.007603
0.993653 0.007257
0.990874 0.007893
0.987598 0.007478
0.983830 0.009266
0.979575 0.008501
0.974836 0.008626
0.969616 0.011623
0.963920 0.011755
0.957751 0.013951
0.951116 0.016009
0.944019 0.016342
0.936467 0.016360
0.928468 0.018054
0.920031 0.020637
0.911165 0.023161
0.901879 0.025507
0.892183 0.027560
0.882087 0.030118
0.871601 0.033406
0.860735 0.036686
0.849501 0.040117
0.837910 0.043950
0.825974 0.047480
0.813704 0.050836
0.801113 0.054842
0.788214 0.059046
0.775019 0.065033
0.761541 0.069091
0.747795 0.074474
0.733792 0.078239
0.719548 0.083933
0.705077 0.088765
0.690392 0.094008
0.675509 0.099769
0.660442 0.105040
0.645206 0.110458
0.629817 0.115719
0.614290 0.121569
0.598640 0.128218
0.582884 0.134638
0.567036 0.140948
0.551113 0.148047
0.535131 0.153894
0.519106 0.160596
0.503054 0.166208
0.486991 0.171654
0.470934 0.178343
0.454898 0.182951
0.438900 0.188518
0.422956 0.193405
0.407083 0.198025
0.391295 0.201919
0.375610 0.205029
0.360044 0.207433
0.344612 0.209652
0.329330 0.211956
0.314213 0.214174
0.299279 0.216128
0.284541 0.217958
0.270015 0.219181
0.255717 0.219612
0.241661 0.219295
0.227862 0.218466
0.214336 0.217802
0.201095 0.215575
0.188155 0.213191
0.175530 0.210741
0.163234 0.207331
0.151280 0.204174
0.139681 0.199271
0.128452 0.193543
0.117606 0.187994
0.107155 0.181670
0.097113 0.174704
0.087493 0.167602
0.078306 0.159146
0.069566 0.150339
0.061285 0.140957
0.053474 0.132702
0.046150 0.124000
0.039326 0.113790
0.033014 0.103843
0.027230 0.093719
0.021980 0.084552
0.017277 0.074793
0.013141 0.064945
0.009573 0.055821
0.006583 0.047426
0.004188 0.038721
0.002354 0.030490
0.001081 0.022674
0.000371 0.016191
0.000077 0.010789
0.000005 0.009335
0.000000 0.008188
0.000005 0.007430
0.000077 0.005622
0.000371 0.000458
0.001081 -0.004200
0.002353 -0.010773
0.004188 -0.019490
0.006585 -0.025906
0.009576 -0.031541
0.013145 -0.038588
0.017281 -0.044034
0.021983 -0.052611
0.027232 -0.059172
0.033016 -0.065731
0.039328 -0.070863
0.046152 -0.076403
0.053476 -0.083099
0.061287 -0.090476
0.069568 -0.095699
0.078308 -0.099818
0.087495 -0.104801
0.097115 -0.108533
0.107157 -0.112255
0.117608 -0.116837
0.128454 -0.120183
0.139683 -0.123983
0.151282 -0.127601
0.163235 -0.130215
0.175532 -0.132009
0.188157 -0.133739
0.201097 -0.136538
0.214337 -0.138366
0.227864 -0.139810
0.241663 -0.140566
0.255719 -0.142316
0.270017 -0.141800
0.284542 -0.143479
0.299280 -0.144476
0.314215 -0.144891
0.329331 -0.144881
0.344613 -0.143822
0.360045 -0.144030
0.375611 -0.144395
0.391296 -0.143362
0.407083 -0.142165
0.422957 -0.141213
0.438901 -0.140225
0.454899 -0.138657
0.470935 -0.137135
0.486992 -0.136123
0.503055 -0.134285
0.519107 -0.131501
0.535132 -0.128797
0.551114 -0.129190
0.567036 -0.124366
0.582884 -0.123305
0.598640 -0.118579
0.614290 -0.116767
0.629817 -0.114744
0.645206 -0.110732
0.660442 -0.106977
0.675509 -0.104301
0.690393 -0.099739
0.705077 -0.097407
0.719549 -0.091825
0.733793 -0.088717
0.747795 -0.085392
0.761542 -0.081124
0.775019 -0.077708
0.788214 -0.073571
0.801113 -0.070500
0.813704 -0.066229
0.825973 -0.062898
0.837910 -0.058921
0.849501 -0.055424
0.860735 -0.052611
0.871601 -0.046270
0.882088 -0.045590
0.892184 -0.040879
0.901880 -0.037074
0.911165 -0.033877
0.920031 -0.029686
0.928468 -0.026534
0.936467 -0.022717
0.944019 -0.019422
0.951116 -0.016935
0.957751 -0.015049
0.963920 -0.010817
0.969616 -0.007885
0.974836 -0.005530
0.979575 -0.003335
0.983831 -0.000677
0.987598 -0.000149
0.990874 0.001152
0.993653 0.003495
0.995934 0.003474
0.997711 0.003342
0.998982 0.005606
0.999745 0.005482
1.000000 0.004524
