1.000000 0.007569
0.999745 0.007746
0.998982 0.009378
0.997711 0.009600
0.995933 0.009318
0.993653 0.010066
0.990874 0.011902
0.987598 0.012654
0.983830 0.014647
0.979575 0.016675
0.974836 0.017841
0.969616 0.020162
0.963920 0.022367
0.957751 0.025628
0.951116 0.028031
0.944019 0.031155
0.936467 0.035040
0.928468 0.037853
0.920031 0.041152
0.911165 0.045806
0.901879 0.050306
0.892183 0.055236
0.882087 0.059283
0.871601 0.064970
0.860735 0.069031
0.849501 0.074819
0.837910 0.078196
0.825974 0.084242
0.813704 0.089772
0.801113 0.096455
0.788214 0.102606
0.775019 0.108508
0.761541 0.114933
0.747795 0.121727
0.733792 0.127739
0.719548 0.134840
0.705077 0.141810
0.690392 0.148835
0.675509 0.155811
0.660442 0.163403
0.645206 0.170074
0.629817 0.178005
0.614290 0.185183
0.598640 0.191303
0.582884 0.198523
0.567036 0.205415
0.551113 0.212654
0.535131 0.221683
0.519106 0.226572
0.503054 0.233728
0.486991 0.240230
0.470934 0.246567
0.454898 0.253797
0.438900 0.258168
0.422956 0.263398
0.407083 0.268189
0.391295 0.273502
0.375610 0.277781
0.360044 0.282804
0.344612 0.284934
0.329330 0.289062
0.314213 0.291781
0.299279 0.293878
0.284541 0.296043
0.270015 0.296140
0.255717 0.296721
0.241661 0.296476
0.227862 0.296947
0.214336 0.296033
0.201095 0.294346
0.188155 0.292157
0.175530 0.289037
0.163234 0.285527
0.151280 0.281256
0.139681 0.275885
0.128452 0.269211
0.117606 0.261748
0.107155 0.253510
0.097113 0.243653
0.087493 0.233201
0.078306 0.222698
0.069566 0.211375
0.061285 0.200639
0.053474 0.188912
0.046150 0.173424
0.039326 0.158834
0.033014 0.143902
0.027230 0.129260
0.021980 0.114544
0.017277 0.099344
0.013141 0.084401
0.009573 0.070536
0.006583 0.056187
0.004188 0.042761
0.002354 0.031000
0.001081 0.023388
0.000371 0.016053
0.000077 0.011589
0.000005 0.008954
0.000000 0.008076
0.000005 0.006002
0.000077 0.002876
0.000371 -0.001018
0.001081 -0.006480
0.002353 -0.013615
0.004188 -0.022052
0.006585 -0.030702
0.009576 -0.039506
0.013145 -0.048717
0.017281 -0.054455
0.021983 -0.062654
0.027232 -0.069924
0.033016 -0.076340
0.039328 -0.083681
0.046152 -0.090086
0.053476 -0.096109
0.061287 -0.103702
0.069568 -0.109755
0.078308 -0.116455
0.087495 -0.121585
0.097115 -0.127519
0.107157 -0.133186
0.117608 -0.138640
0.128454 -0.143556
0.139683 -0.149304
0.151282 -0.153985
0.163235 -0.159074
0.175532 -0.163996
0.188157 -0.167793
0.201097 -0.171204
0.214337 -0.175380
0.227864 -0.177849
0.241663 -0.180270
0.255719 -0.182750
0.270017 -0.183120
0.284542 -0.185649
0.299280 -0.184840
0.314215 -0.185220
0.329331 -0.184687
0.344613 -0.184331
0.360045 -0.183608
0.375611 -0.181422
0.391296 -0.179401
0.407083 -0.178890
0.422957 -0.175908
0.438901 -0.172507
0.454899 -0.170112
0.470935 -0.166182
0.486992 -0.162266
0.503055 -0.157427
0.519107 -0.152661
0.535132 -0.146471
0.551114 -0.142635
0.567036 -0.136411
0.582884 -0.131026
0.598640 -0.125451
0.614290 -0.118178
0.629817 -0.112246
0.645206 -0.105145
0.660442 -0.099563
0.675509 -0.093073
0.690393 -0.087369
0.705077 -0.081066
0.719549 -0.075860
0.733793 -0.070421
0.747795 -0.065853
0.761542 -0.061099
0.775019 -0.055728
0.788214 -0.051106
0.801113 -0.046058
0.813704 -0.042812
0.825973 -0.036182
0.837910 -0.032835
0.849501 -0.028029
0.860735 -0.025168
0.871601 -0.021384
0.882088 -0.019156
0.892184 -0.014023
0.901880 -0.012214
0.911165 -0.010045
0.920031 -0.006820
0.928468 -0.004948
0.936467 -0.002821
0.944019 -0.001355
0.951116 0.000537
0.957751 0.002852
0.963920 0.004300
0.969616 0.004166
0.974836 0.006355
0.979575 0.006615
0.983831 0.008448
0.987598 0.009051
0.990874 0.009887
0.993653 0.010276
0.995934 0.010457
0.997711 0.011334
0.998982 0.012253
0.999745 0.011758
1.000000 0.012997
