1.000000 0.000464
0.999745 0.000622
0.998982 0.001092
0.997711 0.001847
0.995933 0.002841
0.993653 0.004129
0.990874 0.005765
0.987598 0.007754
0.983830 0.010083
0.979575 0.012768
0.974836 0.015818
0.969616 0.019228
0.963920 0.022984
0.957751 0.027055
0.951116 0.031386
0.944019 0.035933
0.936467 0.040696
0.928468 0.045690
0.920031 0.050918
0.911165 0.056377
0.901879 0.062098
0.892183 0.068112
0.882087 0.074396
0.871601 0.080935
0.860735 0.087729
0.849501 0.094778
0.837910 0.102146
0.825974 0.109778
0.813704 0.117626
0.801113 0.125674
0.788214 0.133892
0.775019 0.142264
0.761541 0.150694
0.747795 0.159186
0.733792 0.167728
0.719548 0.176304
0.705077 0.184866
0.690392 0.193416
0.675509 0.201912
0.660442 0.210372
0.645206 0.218750
0.629817 0.226989
0.614290 0.235058
0.598640 0.242938
0.582884 0.250626
0.567036 0.258069
0.551113 0.265235
0.535131 0.272115
0.519106 0.278713
0.503054 0.284978
0.486991 0.290872
0.470934 0.296398
0.454898 0.301525
0.438900 0.306181
0.422956 0.310336
0.407083 0.314023
0.391295 0.317236
0.375610 0.319915
0.360044 0.322038
0.344612 0.323627
0.329330 0.324657
0.314213 0.325052
0.299279 0.324824
0.284541 0.324008
0.270015 0.322569
0.255717 0.320470
0.241661 0.317704
0.227862 0.314277
0.214336 0.310170
0.201095 0.305353
0.188155 0.299836
0.175530 0.293600
0.163234 0.286617
0.151280 0.278872
0.139681 0.270366
0.128452 0.261107
0.117606 0.251156
0.107155 0.240609
0.097113 0.229522
0.087493 0.217915
0.078306 0.205769
0.069566 0.193044
0.061285 0.179829
0.053474 0.166362
0.046150 0.152758
0.039326 0.139126
0.033014 0.125477
0.027230 0.111813
0.021980 0.098137
0.017277 0.084583
0.013141 0.071352
0.009573 0.058658
0.006583 0.046737
0.004188 0.035707
0.002354 0.025782
0.001081 0.017287
0.000371 0.010513
0.000077 0.005619
0.000005 0.002682
0.000000 0.001703
0.000005 0.000754
0.000077 -0.002102
0.000371 -0.006720
0.001081 -0.012866
0.002353 -0.020048
0.004188 -0.027523
0.006585 -0.034860
0.009576 -0.042098
0.013145 -0.048536
0.017281 -0.054101
0.021983 -0.059027
0.027232 -0.063416
0.033016 -0.067335
0.039328 -0.070859
0.046152 -0.074026
0.053476 -0.076842
0.061287 -0.079338
0.069568 -0.081539
0.078308 -0.083416
0.087495 -0.084970
0.097115 -0.086267
0.107157 -0.087322
0.117608 -0.088201
0.128454 -0.088867
0.139683 -0.089355
0.151282 -0.089626
0.163235 -0.089675
0.175532 -0.089506
0.188157 -0.089155
0.201097 -0.088625
0.214337 -0.087928
0.227864 -0.087100
0.241663 -0.086155
0.255719 -0.085080
0.270017 -0.083856
0.284542 -0.082503
0.299280 -0.081052
0.314215 -0.079510
0.329331 -0.077873
0.344613 -0.076155
0.360045 -0.074351
0.375611 -0.072469
0.391296 -0.070489
0.407083 -0.068403
0.422957 -0.066244
0.438901 -0.064027
0.454899 -0.061772
0.470935 -0.059487
0.486992 -0.057209
0.503055 -0.054939
0.519107 -0.052672
0.535132 -0.050419
0.551114 -0.048198
0.567036 -0.046007
0.582884 -0.043821
0.598640 -0.041642
0.614290 -0.039481
0.629817 -0.037314
0.645206 -0.035138
0.660442 -0.032973
0.675509 -0.030845
0.690393 -0.028741
0.705077 -0.026660
0.719549 -0.024622
0.733793 -0.022657
0.747795 -0.020741
0.761542 -0.018899
0.775019 -0.017137
0.788214 -0.015460
0.801113 -0.013889
0.813704 -0.012443
0.825973 -0.011084
0.837910 -0.009821
0.849501 -0.008657
0.860735 -0.007590
0.871601 -0.006603
0.882088 -0.005697
0.892184 -0.004888
0.901880 -0.004157
0.911165 -0.003544
0.920031 -0.003031
0.928468 -0.002579
0.936467 -0.002167
0.944019 -0.001788
0.951116 -0.001408
0.957751 -0.000999
0.963920 -0.000580
0.969616 -0.000209
0.974836 0.000063
0.979575 0.000200
0.983831 0.000215
0.987598 0.000141
0.990874 0.000027
0.993653 -0.000119
0.995934 -0.000303
0.997711 -0.000465
0.998982 -0.000530
0.999745 -0.000539
1.000000 -0.000541
