1.000000 0.005583
0.999745 0.007923
0.998982 0.008112
0.997711 0.008195
0.995933 0.007135
0.993653 0.007149
0.990874 0.006157
0.987598 0.007335
0.983830 0.007080
0.979575 0.007293
0.974836 0.008064
0.969616 0.008722
0.963920 0.009880
0.957751 0.011515
0.951116 0.012685
0.944019 0.013831
0.936467 0.016302
0.928468 0.018166
0.920031 0.021121
0.911165 0.024656
0.901879 0.026914
0.892183 0.031366
0.882087 0.033733
0.871601 0.036813
0.860735 0.041525
0.849501 0.045964
0.837910 0.050538
0.825974 0.055394
0.813704 0.062534
0.801113 0.068299
0.788214 0.075088
0.775019 0.081421
0.761541 0.087594
0.747795 0.093756
0.733792 0.101450
0.719548 0.108084
0.705077 0.115808
0.690392 0.122496
0.675509 0.130355
0.660442 0.137161
0.645206 0.144587
0.629817 0.151869
0.614290 0.158442
0.598640 0.164842
0.582884 0.172261
0.567036 0.178392
0.551113 0.185093
0.535131 0.190715
0.519106 0.196049
0.503054 0.202880
0.486991 0.207279
0.470934 0.211343
0.454898 0.215193
0.438900 0.219147
0.422956 0.222654
0.407083 0.225537
0.391295 0.228573
0.375610 0.230443
0.360044 0.231687
0.344612 0.232248
0.329330 0.233950
0.314213 0.234580
0.299279 0.234785
0.284541 0.234694
0.270015 0.232924
0.255717 0.231545
0.241661 0.229721
0.227862 0.227427
0.214336 0.225315
0.201095 0.221866
0.188155 0.218955
0.175530 0.214560
0.163234 0.211270
0.151280 0.207431
0.139681 0.202328
0.128452 0.196796
0.117606 0.190466
0.107155 0.184385
0.097113 0.177699
0.087493 0.169816
0.078306 0.161070
0.069566 0.151758
0.061285 0.142984
0.053474 0.134270
0.046150 0.125706
0.039326 0.116018
0.033014 0.106201
0.027230 0.096852
0.021980 0.086509
0.017277 0.076313
0.013141 0.066477
0.009573 0.056542
0.006583 0.046776
0.004188 0.037218
0.002354 0.029511
0.001081 0.021360
0.000371 0.016892
0.000077 0.012180
0.000005 0.008101
0.000000 0.006543
0.000005 0.005574
0.000077 0.004184
0.000371 0.000462
0.001081 -0.002794
0.002353 -0.009896
0.004188 -0.015319
0.006585 -0.019461
0.009576 -0.025359
0.013145 -0.031090
0.017281 -0.036220
0.021983 -0.041924
0.027232 -0.047617
0.033016 -0.053115
0.039328 -0.057036
0.046152 -0.061964
0.053476 -0.067621
0.061287 -0.070225
0.069568 -0.073489
0.078308 -0.077275
0.087495 -0.081626
0.097115 -0.084396
0.107157 -0.086795
0.117608 -0.089627
0.128454 -0.092863
0.139683 -0.094924
0.151282 -0.095880
0.163235 -0.096393
0.175532 -0.098120
0.188157 -0.098213
0.201097 -0.098957
0.214337 -0.097855
0.227864 -0.098130
0.241663 -0.097918
0.255719 -0.097169
0.270017 -0.096393
0.284542 -0.096469
0.299280 -0.093359
0.314215 -0.093590
0.329331 -0.091252
0.344613 -0.089386
0.360045 -0.087918
0.375611 -0.085945
0.391296 -0.086103
0.407083 -0.082706
0.422957 -0.080807
0.438901 -0.078419
0.454899 -0.076658
0.470935 -0.075718
0.486992 -0.072013
0.503055 -0.070747
0.519107 -0.067566
0.535132 -0.065017
0.551114 -0.063644
0.567036 -0.060093
0.582884 -0.058098
0.598640 -0.056499
0.614290 -0.054003
0.629817 -0.049310
0.645206 -0.046495
0.660442 -0.045960
0.675509 -0.042510
0.690393 -0.039570
0.705077 -0.037360
0.719549 -0.034783
0.733793 -0.033136
0.747795 -0.030723
0.761542 -0.029024
0.775019 -0.027562
0.788214 -0.025533
0.801113 -0.023012
0.813704 -0.020388
0.825973 -0.017757
0.837910 -0.016427
0.849501 -0.013830
0.860735 -0.012690
0.871601 -0.011773
0.882088 -0.010008
0.892184 -0.008595
0.901880 -0.007579
0.911165 -0.006777
0.920031 -0.005760
0.928468 -0.004058
0.936467 -0.003166
0.944019 -0.002784
0.951116 -0.002272
0.957751 -0.000974
0.963920 -0.000558
0.969616 0.001085
0.974836 0.003148
0.979575 0.004241
0.983831 0.005431
0.987598 0.004509
0.990874 0.004469
0.993653 0.006982
0.995934 0.007212
0.997711 0.007952
0.998982 0.007777
0.999745 0.005966
1.000000 0.007794
