1.000000 0.001554
0.999745 0.007108
0.998982 0.006916
0.997711 0.009681
0.995933 0.010731
0.993653 0.010822
0.990874 0.013133
0.987598 0.015260
0.983830 0.017599
0.979575 0.019888
0.974836 0.023152
0.969616 0.026969
0.963920 0.031781
0.957751 0.035208
0.951116 0.039899
0.944019 0.044168
0.936467 0.047640
0.928468 0.051847
0.920031 0.056545
0.911165 0.061062
0.901879 0.065929
0.892183 0.070635
0.882087 0.075549
0.871601 0.080324
0.860735 0.085754
0.849501 0.090335
0.837910 0.095474
0.825974 0.101077
0.813704 0.105095
0.801113 0.110587
0.788214 0.114205
0.775019 0.120713
0.761541 0.125588
0.747795 0.131765
0.733792 0.136190
0.719548 0.141064
0.705077 0.145919
0.690392 0.150952
0.675509 0.155184
0.660442 0.159989
0.645206 0.165505
0.629817 0.170012
0.614290 0.175485
0.598640 0.179423
0.582884 0.183808
0.567036 0.188256
0.551113 0.192273
0.535131 0.196425
0.519106 0.199865
0.503054 0.202788
0.486991 0.206023
0.470934 0.208263
0.454898 0.210845
0.438900 0.214094
0.422956 0.216038
0.407083 0.217692
0.391295 0.218989
0.375610 0.219862
0.360044 0.220532
0.344612 0.219888
0.329330 0.220013
0.314213 0.219338
0.299279 0.219928
0.284541 0.218821
0.270015 0.217712
0.255717 0.216912
0.241661 0.214074
0.227862 0.211696
0.214336 0.208656
0.201095 0.206442
0.188155 0.203291
0.175530 0.199046
0.163234 0.194496
0.151280 0.189356
0.139681 0.184119
0.128452 0.178568
0.117606 0.172027
0.107155 0.166170
0.097113 0.158637
0.087493 0.152090
0.078306 0.144938
0.069566 0.138003
0.061285 0.129420
0.053474 0.120413
0.046150 0.115079
0.039326 0.106113
0.033014 0.098494
0.027230 0.089820
0.021980 0.081007
0.017277 0.071871
0.013141 0.063873
0.009573 0.054614
0.006583 0.046209
0.004188 0.038591
0.002354 0.030282
0.001081 0.023229
0.000371 0.017257
0.000077 0.012771
0.000005 0.009929
0.000000 0.009027
0.000005 0.008570
0.000077 0.002423
0.000371 0.000271
0.001081 -0.005501
0.002353 -0.010581
0.004188 -0.015674
0.006585 -0.022637
0.009576 -0.026535
0.013145 -0.031443
0.017281 -0.036261
0.021983 -0.040854
0.027232 -0.044052
0.033016 -0.048208
0.039328 -0.052277
0.046152 -0.054818
0.053476 -0.058688
0.061287 -0.060172
0.069568 -0.063171
0.078308 -0.065514
0.087495 -0.067770
0.097115 -0.069717
0.107157 -0.070732
0.117608 -0.073895
0.128454 -0.073080
0.139683 -0.074403
0.151282 -0.074825
0.163235 -0.075289
0.175532 -0.075917
0.188157 -0.076004
0.201097 -0.076325
0.214337 -0.076323
0.227864 -0.077165
0.241663 -0.076417
0.255719 -0.071998
0.270017 -0.074496
0.284542 -0.072961
0.299280 -0.073572
0.314215 -0.072039
0.329331 -0.070143
0.344613 -0.069308
0.360045 -0.067366
0.375611 -0.066762
0.391296 -0.064763
0.407083 -0.065573
0.422957 -0.060564
0.438901 -0.058083
0.454899 -0.056534
0.470935 -0.055477
0.486992 -0.052986
0.503055 -0.050129
0.519107 -0.047746
0.535132 -0.045719
0.551114 -0.043924
0.567036 -0.042462
0.582884 -0.040396
0.598640 -0.038950
0.614290 -0.035548
0.629817 -0.033308
0.645206 -0.030593
0.660442 -0.029741
0.675509 -0.024621
0.690393 -0.022891
0.705077 -0.020693
0.719549 -0.019048
0.733793 -0.017145
0.747795 -0.014137
0.761542 -0.012031
0.775019 -0.010663
0.788214 -0.008091
0.801113 -0.007450
0.813704 -0.005932
0.825973 -0.004367
0.837910 -0.003835
0.849501 -0.000283
0.860735 0.000135
0.871601 0.001342
0.882088 0.003280
0.892184 0.005113
0.901880 0.006595
0.911165 0.007714
0.920031 0.007863
0.928468 0.009162
0.936467 0.009583
0.944019 0.009188
0.951116 0.010445
0.957751 0.010580
0.963920 0.009589
0.969616 0.009597
0.974836 0.009472
0.979575 0.009215
0.983831 0.009520
0.987598 0.007750
0.990874 0.008321
0.993653 0.008112
0.995934 0.007096
0.997711 0.008331
0.998982 0.008709
0.999745 0.006785
1.000000 0.004834
