1.000000 0.011981
0.999745 0.012940
0.998982 0.015026
0.997711 0.017193
0.995933 0.017802
0.993653 0.017712
0.990874 0.018928
0.987598 0.021148
0.983830 0.023562
0.979575 0.026110
0.974836 0.028842
0.969616 0.032831
0.963920 0.036927
0.957751 0.040471
0.951116 0.044569
0.944019 0.049360
0.936467 0.052951
0.928468 0.057471
0.920031 0.062510
0.911165 0.068835
0.901879 0.074681
0.892183 0.080996
0.882087 0.087521
0.871601 0.095227
0.860735 0.102336
0.849501 0.109448
0.837910 0.117090
0.825974 0.124656
0.813704 0.132145
0.801113 0.140126
0.788214 0.147396
0.775019 0.157241
0.761541 0.165209
0.747795 0.173313
0.733792 0.182029
0.719548 0.190686
0.705077 0.199981
0.690392 0.208408
0.675509 0.216690
0.660442 0.224789
0.645206 0.232940
0.629817 0.241004
0.614290 0.250692
0.598640 0.257918
0.582884 0.267964
0.567036 0.275124
0.551113 0.282759
0.535131 0.290321
0.519106 0.296927
0.503054 0.305725
0.486991 0.310898
0.470934 0.317300
0.454898 0.323166
0.438900 0.328648
0.422956 0.332821
0.407083 0.336703
0.391295 0.340328
0.375610 0.343306
0.360044 0.346219
0.344612 0.348261
0.329330 0.350211
0.314213 0.350236
0.299279 0.349596
0.284541 0.348105
0.270015 0.345756
0.255717 0.342681
0.241661 0.338017
0.227862 0.332340
0.214336 0.326157
0.201095 0.319858
0.188155 0.312858
0.175530 0.305373
0.163234 0.297611
0.151280 0.288912
0.139681 0.281462
0.128452 0.270253
0.117606 0.259692
0.107155 0.247496
0.097113 0.235499
0.087493 0.223156
0.078306 0.209509
0.069566 0.196935
0.061285 0.182876
0.053474 0.170400
0.046150 0.156874
0.039326 0.143187
0.033014 0.129846
0.027230 0.116251
0.021980 0.103179
0.017277 0.089531
0.013141 0.077816
0.009573 0.065776
0.006583 0.053972
0.004188 0.041306
0.002354 0.031694
0.001081 0.023940
0.000371 0.015199
0.000077 0.011279
0.000005 0.008588
0.000000 0.007101
0.000005 0.006444
0.000077 0.004553
0.000371 -0.001144
0.001081 -0.005924
0.002353 -0.011216
0.004188 -0.018443
0.006585 -0.025449
0.009576 -0.029463
0.013145 -0.032561
0.017281 -0.035147
0.021983 -0.031206
0.027232 -0.030859
0.033016 -0.028800
0.039328 -0.028001
0.046152 -0.025885
0.053476 -0.025169
0.061287 -0.024916
0.069568 -0.022116
0.078308 -0.020888
0.087495 -0.021018
0.097115 -0.019758
0.107157 -0.018491
0.117608 -0.017494
0.128454 -0.017239
0.139683 -0.016783
0.151282 -0.015666
0.163235 -0.015152
0.175532 -0.014098
0.188157 -0.015063
0.201097 -0.013795
0.214337 -0.013960
0.227864 -0.014344
0.241663 -0.013253
0.255719 -0.013120
0.270017 -0.011498
0.284542 -0.012006
0.299280 -0.011105
0.314215 -0.010486
0.329331 -0.010275
0.344613 -0.011625
0.360045 -0.010904
0.375611 -0.011320
0.391296 -0.011049
0.407083 -0.010894
0.422957 -0.010413
0.438901 -0.009251
0.454899 -0.010415
0.470935 -0.009922
0.486992 -0.007862
0.503055 -0.008502
0.519107 -0.007599
0.535132 -0.007239
0.551114 -0.005669
0.567036 -0.005480
0.582884 -0.005387
0.598640 -0.005084
0.614290 -0.004559
0.629817 -0.004111
0.645206 -0.004646
0.660442 -0.004064
0.675509 -0.004193
0.690393 -0.003881
0.705077 -0.003539
0.719549 -0.002886
0.733793 -0.002621
0.747795 -0.002877
0.761542 -0.002278
0.775019 -0.002542
0.788214 -0.001541
0.801113 -0.001137
0.813704 -0.001177
0.825973 -0.001131
0.837910 -0.001428
0.849501 -0.000378
0.860735 -0.000336
0.871601 -0.000645
0.882088 -0.000879
0.892184 -0.000234
0.901880 0.000165
0.911165 -0.000318
0.920031 -0.000250
0.928468 -0.000557
0.936467 -0.000839
0.944019 -0.000300
0.951116 -0.001303
0.957751 -0.001672
0.963920 -0.001607
0.969616 -0.002049
0.974836 -0.002838
0.979575 -0.000640
0.983831 -0.001344
0.987598 -0.000459
0.990874 -0.001024
0.993653 -0.000521
0.995934 0.000699
0.997711 0.000435
0.998982 -0.000183
0.999745 -0.000747
1.000000 -0.002700
