1.000000 0.006723
0.999745 0.008054
0.998982 0.008148
0.997711 0.008738
0.995933 0.008511
0.993653 0.009044
0.990874 0.009445
0.987598 0.007819
0.983830 0.008786
0.979575 0.009551
0.974836 0.010961
0.969616 0.011749
0.963920 0.013373
0.957751 0.014980
0.951116 0.016574
0.944019 0.017223
0.936467 0.020255
0.928468 0.023023
0.920031 0.025948
0.911165 0.029370
0.901879 0.030616
0.892183 0.034642
0.882087 0.037972
0.871601 0.041299
0.860735 0.045364
0.849501 0.049735
0.837910 0.053836
0.825974 0.058952
0.813704 0.063323
0.801113 0.067648
0.788214 0.073975
0.775019 0.079808
0.761541 0.086079
0.747795 0.093261
0.733792 0.099138
0.719548 0.107348
0.705077 0.114624
0.690392 0.124560
0.675509 0.133404
0.660442 0.143035
0.645206 0.153898
0.629817 0.163913
0.614290 0.175919
0.598640 0.185215
0.582884 0.197668
0.567036 0.209449
0.551113 0.221787
0.535131 0.234108
0.519106 0.246951
0.503054 0.259037
0.486991 0.271335
0.470934 0.282815
0.454898 0.292395
0.438900 0.303440
0.422956 0.313029
0.407083 0.323972
0.391295 0.333017
0.375610 0.340532
0.360044 0.349372
0.344612 0.354015
0.329330 0.358950
0.314213 0.363507
0.299279 0.366119
0.284541 0.369381
0.270015 0.371463
0.255717 0.372052
0.241661 0.370244
0.227862 0.367984
0.214336 0.364528
0.201095 0.361222
0.188155 0.353134
0.175530 0.345923
0.163234 0.337362
0.151280 0.328662
0.139681 0.318682
0.128452 0.307481
0.117606 0.295011
0.107155 0.282101
0.097113 0.268902
0.087493 0.255432
0.078306 0.240324
0.069566 0.230467
0.061285 0.209102
0.053474 0.196669
0.046150 0.181333
0.039326 0.166033
0.033014 0.149488
0.027230 0.132621
0.021980 0.115897
0.017277 0.099515
0.013141 0.083834
0.009573 0.070304
0.006583 0.056602
0.004188 0.044173
0.002354 0.033148
0.001081 0.024353
0.000371 0.018308
0.000077 0.011365
0.000005 0.010703
0.000000 0.009095
0.000005 0.008492
0.000077 0.004786
0.000371 -0.001234
0.001081 -0.006421
0.002353 -0.014734
0.004188 -0.023265
0.006585 -0.033239
0.009576 -0.041992
0.013145 -0.050558
0.017281 -0.058381
0.021983 -0.065596
0.027232 -0.072967
0.033016 -0.079269
0.039328 -0.084866
0.046152 -0.091390
0.053476 -0.096450
0.061287 -0.102237
0.069568 -0.107968
0.078308 -0.111690
0.087495 -0.115397
0.097115 -0.118920
0.107157 -0.122168
0.117608 -0.125608
0.128454 -0.128617
0.139683 -0.131797
0.151282 -0.134569
0.163235 -0.136163
0.175532 -0.138470
0.188157 -0.139616
0.201097 -0.142286
0.214337 -0.143377
0.227864 -0.144751
0.241663 -0.145017
0.255719 -0.147060
0.270017 -0.147638
0.284542 -0.150124
0.299280 -0.150768
0.314215 -0.151227
0.329331 -0.152113
0.344613 -0.153605
0.360045 -0.155754
0.375611 -0.155838
0.391296 -0.157335
0.407083 -0.157515
0.422957 -0.157163
0.438901 -0.157745
0.454899 -0.156834
0.470935 -0.156980
0.486992 -0.156702
0.503055 -0.155272
0.519107 -0.155184
0.535132 -0.153180
0.551114 -0.152185
0.567036 -0.149697
0.582884 -0.147684
0.598640 -0.145424
0.614290 -0.143322
0.629817 -0.141608
0.645206 -0.136961
0.660442 -0.133334
0.675509 -0.130207
0.690393 -0.125475
0.705077 -0.121873
0.719549 -0.117158
0.733793 -0.112506
0.747795 -0.107383
0.761542 -0.102968
0.775019 -0.098157
0.788214 -0.094169
0.801113 -0.087005
0.813704 -0.083105
0.825973 -0.078007
0.837910 -0.073286
0.849501 -0.067150
0.860735 -0.062033
0.871601 -0.056863
0.882088 -0.052947
0.892184 -0.046976
0.901880 -0.042990
0.911165 -0.037896
0.920031 -0.033081
0.928468 -0.029077
0.936467 -0.024989
0.944019 -0.022065
0.951116 -0.017228
0.957751 -0.013335
0.963920 -0.010367
0.969616 -0.007539
0.974836 -0.005150
0.979575 -0.001342
0.983831 0.000507
0.987598 0.001841
0.990874 0.002508
0.993653 0.005779
0.995934 0.007034
0.997711 0.009158
0.998982 0.007558
0.999745 0.008406
1.000000 0.009392
