1.000000 0.007657
0.999745 0.009134
0.998982 0.007992
0.997711 0.009154
0.995933 0.008908
0.993653 0.009156
0.990874 0.008781
0.987598 0.010074
0.983830 0.010461
0.979575 0.011239
0.974836 0.011996
0.969616 0.012713
0.963920 0.014610
0.957751 0.015912
0.951116 0.018005
0.944019 0.020622
0.936467 0.023904
0.928468 0.026036
0.920031 0.029454
0.911165 0.032946
0.901879 0.037807
0.892183 0.041887
0.882087 0.047241
0.871601 0.052661
0.860735 0.058383
0.849501 0.063841
0.837910 0.070162
0.825974 0.076954
0.813704 0.082919
0.801113 0.092308
0.788214 0.097845
0.775019 0.108921
0.761541 0.113374
0.747795 0.122026
0.733792 0.130619
0.719548 0.138554
0.705077 0.147728
0.690392 0.157274
0.675509 0.167577
0.660442 0.178786
0.645206 0.188582
0.629817 0.198276
0.614290 0.208467
0.598640 0.219675
0.582884 0.230600
0.567036 0.240848
0.551113 0.251179
0.535131 0.261282
0.519106 0.271621
0.503054 0.281339
0.486991 0.291296
0.470934 0.300433
0.454898 0.309318
0.438900 0.318372
0.422956 0.326639
0.407083 0.334474
0.391295 0.342024
0.375610 0.349331
0.360044 0.357310
0.344612 0.363848
0.329330 0.369523
0.314213 0.374871
0.299279 0.379067
0.284541 0.382375
0.270015 0.384782
0.255717 0.386045
0.241661 0.385858
0.227862 0.384801
0.214336 0.382723
0.201095 0.377963
0.188155 0.372168
0.175530 0.363574
0.163234 0.357397
0.151280 0.346003
0.139681 0.335628
0.128452 0.322695
0.117606 0.310100
0.107155 0.296999
0.097113 0.282719
0.087493 0.265924
0.078306 0.249550
0.069566 0.232976
0.061285 0.216240
0.053474 0.198390
0.046150 0.181272
0.039326 0.164737
0.033014 0.146026
0.027230 0.129529
0.021980 0.112769
0.017277 0.096624
0.013141 0.080995
0.009573 0.065754
0.006583 0.052858
0.004188 0.041540
0.002354 0.031528
0.001081 0.022062
0.000371 0.014116
0.000077 0.011642
0.000005 0.008682
0.000000 0.007389
0.000005 0.006503
0.000077 0.003701
0.000371 -0.001288
0.001081 -0.007077
0.002353 -0.013273
0.004188 -0.018540
0.006585 -0.024558
0.009576 -0.029862
0.013145 -0.035320
0.017281 -0.040798
0.021983 -0.047080
0.027232 -0.053040
0.033016 -0.058351
0.039328 -0.062867
0.046152 -0.067484
0.053476 -0.069904
0.061287 -0.074260
0.069568 -0.078510
0.078308 -0.082539
0.087495 -0.084705
0.097115 -0.088895
0.107157 -0.091275
0.117608 -0.092923
0.128454 -0.094620
0.139683 -0.096870
0.151282 -0.097822
0.163235 -0.098545
0.175532 -0.100082
0.188157 -0.100433
0.201097 -0.100337
0.214337 -0.101269
0.227864 -0.100831
0.241663 -0.100675
0.255719 -0.101450
0.270017 -0.101227
0.284542 -0.099904
0.299280 -0.099429
0.314215 -0.097847
0.329331 -0.096815
0.344613 -0.095278
0.360045 -0.095128
0.375611 -0.095250
0.391296 -0.091783
0.407083 -0.090786
0.422957 -0.088760
0.438901 -0.087490
0.454899 -0.085238
0.470935 -0.084756
0.486992 -0.081684
0.503055 -0.079383
0.519107 -0.077763
0.535132 -0.075298
0.551114 -0.074070
0.567036 -0.072820
0.582884 -0.069894
0.598640 -0.068010
0.614290 -0.066246
0.629817 -0.062013
0.645206 -0.061155
0.660442 -0.058337
0.675509 -0.055584
0.690393 -0.054173
0.705077 -0.051329
0.719549 -0.049234
0.733793 -0.047752
0.747795 -0.045277
0.761542 -0.043918
0.775019 -0.040948
0.788214 -0.039022
0.801113 -0.035740
0.813704 -0.033615
0.825973 -0.029929
0.837910 -0.030174
0.849501 -0.028216
0.860735 -0.026542
0.871601 -0.024341
0.882088 -0.022440
0.892184 -0.020889
0.901880 -0.019696
0.911165 -0.017533
0.920031 -0.015829
0.928468 -0.012986
0.936467 -0.009917
0.944019 -0.007875
0.951116 -0.006062
0.957751 -0.005331
0.963920 -0.004155
0.969616 -0.002745
0.974836 -0.002131
0.979575 -0.001141
0.983831 -0.001309
0.987598 0.000585
0.990874 0.000963
0.993653 0.002818
0.995934 0.003141
0.997711 0.003333
0.998982 0.005254
0.999745 0.005013
1.000000 0.004332
