1.000000 0.008018
0.999745 0.008591
0.998982 0.009852
0.997711 0.011636
0.995933 0.011899
0.993653 0.011913
0.990874 0.012245
0.987598 0.013628
0.983830 0.013912
0.979575 0.015568
0.974836 0.018883
0.969616 0.019485
0.963920 0.024226
0.957751 0.027598
0.951116 0.030895
0.944019 0.035321
0.936467 0.040161
0.928468 0.045434
0.920031 0.050946
0.911165 0.056256
0.901879 0.062996
0.892183 0.069104
0.882087 0.075765
0.871601 0.082870
0.860735 0.089759
0.849501 0.098159
0.837910 0.105492
0.825974 0.113766
0.813704 0.122213
0.801113 0.131181
0.788214 0.140232
0.775019 0.149633
0.761541 0.158525
0.747795 0.167648
0.733792 0.177417
0.719548 0.186613
0.705077 0.195249
0.690392 0.204379
0.675509 0.213726
0.660442 0.222639
0.645206 0.230835
0.629817 0.239758
0.614290 0.247149
0.598640 0.254634
0.582884 0.262223
0.567036 0.269341
0.551113 0.276182
0.535131 0.281802
0.519106 0.287095
0.503054 0.292340
0.486991 0.297790
0.470934 0.302656
0.454898 0.307569
0.438900 0.310668
0.422956 0.313555
0.407083 0.315290
0.391295 0.317149
0.375610 0.319069
0.360044 0.320854
0.344612 0.322238
0.329330 0.323582
0.314213 0.323575
0.299279 0.323243
0.284541 0.323194
0.270015 0.321668
0.255717 0.319880
0.241661 0.317785
0.227862 0.314923
0.214336 0.311400
0.201095 0.306935
0.188155 0.301714
0.175530 0.297796
0.163234 0.290969
0.151280 0.283971
0.139681 0.275418
0.128452 0.266239
0.117606 0.256811
0.107155 0.247139
0.097113 0.236341
0.087493 0.224156
0.078306 0.213375
0.069566 0.200088
0.061285 0.187546
0.053474 0.174759
0.046150 0.160352
0.039326 0.146487
0.033014 0.133809
0.027230 0.119150
0.021980 0.104514
0.017277 0.092068
0.013141 0.078546
0.009573 0.065543
0.006583 0.052163
0.004188 0.042527
0.002354 0.032301
0.001081 0.024327
0.000371 0.017387
0.000077 0.012556
0.000005 0.010134
0.000000 0.008433
0.000005 0.006954
0.000077 0.005078
0.000371 -0.000197
0.001081 -0.005863
0.002353 -0.013442
0.004188 -0.023113
0.006585 -0.028002
0.009576 -0.040133
0.013145 -0.048257
0.017281 -0.058427
0.021983 -0.066420
0.027232 -0.074451
0.033016 -0.082529
0.039328 -0.089144
0.046152 -0.097147
0.053476 -0.102584
0.061287 -0.108277
0.069568 -0.113900
0.078308 -0.118893
0.087495 -0.123113
0.097115 -0.127469
0.107157 -0.130912
0.117608 -0.134178
0.128454 -0.136381
0.139683 -0.139105
0.151282 -0.140699
0.163235 -0.141563
0.175532 -0.144282
0.188157 -0.143938
0.201097 -0.145482
0.214337 -0.145163
0.227864 -0.144595
0.241663 -0.145029
0.255719 -0.143705
0.270017 -0.143199
0.284542 -0.141692
0.299280 -0.140093
0.314215 -0.139459
0.329331 -0.136909
0.344613 -0.136370
0.360045 -0.135525
0.375611 -0.134675
0.391296 -0.133061
0.407083 -0.132166
0.422957 -0.130848
0.438901 -0.130744
0.454899 -0.127674
0.470935 -0.126103
0.486992 -0.125518
0.503055 -0.123370
0.519107 -0.123869
0.535132 -0.122040
0.551114 -0.120182
0.567036 -0.118341
0.582884 -0.118679
0.598640 -0.115633
0.614290 -0.114453
0.629817 -0.111940
0.645206 -0.110716
0.660442 -0.108492
0.675509 -0.106403
0.690393 -0.103826
0.705077 -0.100597
0.719549 -0.098011
0.733793 -0.094541
0.747795 -0.091676
0.761542 -0.086404
0.775019 -0.083512
0.788214 -0.080076
0.801113 -0.074766
0.813704 -0.071401
0.825973 -0.066110
0.837910 -0.062749
0.849501 -0.058595
0.860735 -0.053567
0.871601 -0.049003
0.882088 -0.044693
0.892184 -0.041334
0.901880 -0.036892
0.911165 -0.031127
0.920031 -0.028568
0.928468 -0.024191
0.936467 -0.020858
0.944019 -0.017893
0.951116 -0.014186
0.957751 -0.011296
0.963920 -0.008439
0.969616 -0.005609
0.974836 -0.003597
0.979575 -0.001420
0.983831 -0.000046
0.987598 0.001742
0.990874 0.003788
0.993653 0.004288
0.995934 0.006258
0.997711 0.007363
0.998982 0.008043
0.999745 0.008842
1.000000 0.005946
