1.000000 0.020979
0.999745 0.023790
0.998982 0.023262
0.997711 0.021389
0.995933 0.022218
0.993653 0.022227
0.990874 0.023467
0.987598 0.023632
0.983830 0.025250
0.979575 0.025752
0.974836 0.025738
0.969616 0.027201
0.963920 0.027457
0.957751 0.028155
0.951116 0.029597
0.944019 0.030641
0.936467 0.031330
0.928468 0.032700
0.920031 0.033994
0.911165 0.035136
0.901879 0.036490
0.892183 0.037508
0.882087 0.039009
0.871601 0.039828
0.860735 0.042193
0.849501 0.043493
0.837910 0.044971
0.825974 0.046189
0.813704 0.047264
0.801113 0.048899
0.788214 0.049969
0.775019 0.051606
0.761541 0.053265
0.747795 0.054492
0.733792 0.055391
0.719548 0.057074
0.705077 0.057803
0.690392 0.059592
0.675509 0.059133
0.660442 0.061448
0.645206 0.062510
0.629817 0.063914
0.614290 0.065275
0.598640 0.066193
0.582884 0.068568
0.567036 0.070191
0.551113 0.072688
0.535131 0.073753
0.519106 0.074842
0.503054 0.076874
0.486991 0.079384
0.470934 0.081877
0.454898 0.084262
0.438900 0.085893
0.422956 0.086936
0.407083 0.087422
0.391295 0.090276
0.375610 0.093265
0.360044 0.096278
0.344612 0.096801
0.329330 0.097438
0.314213 0.099027
0.299279 0.100628
0.284541 0.102876
0.270015 0.104657
0.255717 0.105614
0.241661 0.105366
0.227862 0.105506
0.214336 0.106145
0.201095 0.107300
0.188155 0.107618
0.175530 0.108040
0.163234 0.107961
0.151280 0.107228
0.139681 0.107320
0.128452 0.105575
0.117606 0.104213
0.107155 0.103092
0.097113 0.100919
0.087493 0.098425
0.078306 0.095752
0.069566 0.092897
0.061285 0.089707
0.053474 0.086647
0.046150 0.083242
0.039326 0.079267
0.033014 0.075334
0.027230 0.071186
0.021980 0.065420
0.017277 0.062240
0.013141 0.055427
0.009573 0.049442
0.006583 0.042703
0.004188 0.036708
0.002354 0.030650
0.001081 0.024953
0.000371 0.019083
0.000077 0.014924
0.000005 0.011875
0.000000 0.010350
0.000005 0.008715
0.000077 0.005608
0.000371 -0.000236
0.001081 -0.006206
0.002353 -0.012141
0.004188 -0.018282
0.006585 -0.022687
0.009576 -0.032282
0.013145 -0.036877
0.017281 -0.041589
0.021983 -0.046715
0.027232 -0.052203
0.033016 -0.054714
0.039328 -0.059024
0.046152 -0.061984
0.053476 -0.065442
0.061287 -0.068246
0.069568 -0.070539
0.078308 -0.072827
0.087495 -0.075479
0.097115 -0.078108
0.107157 -0.079922
0.117608 -0.081486
0.128454 -0.082341
0.139683 -0.083002
0.151282 -0.084730
0.163235 -0.083291
0.175532 -0.085310
0.188157 -0.083847
0.201097 -0.083628
0.214337 -0.083009
0.227864 -0.082043
0.241663 -0.080698
0.255719 -0.079428
0.270017 -0.078957
0.284542 -0.077054
0.299280 -0.075725
0.314215 -0.074341
0.329331 -0.073550
0.344613 -0.071037
0.360045 -0.069759
0.375611 -0.068694
0.391296 -0.066510
0.407083 -0.065161
0.422957 -0.064080
0.438901 -0.061953
0.454899 -0.060903
0.470935 -0.059352
0.486992 -0.054935
0.503055 -0.056359
0.519107 -0.053789
0.535132 -0.051754
0.551114 -0.050196
0.567036 -0.049722
0.582884 -0.046391
0.598640 -0.045308
0.614290 -0.042119
0.629817 -0.044134
0.645206 -0.040261
0.660442 -0.039162
0.675509 -0.037383
0.690393 -0.037476
0.705077 -0.034861
0.719549 -0.034210
0.733793 -0.032920
0.747795 -0.031586
0.761542 -0.029634
0.775019 -0.031422
0.788214 -0.028313
0.801113 -0.027959
0.813704 -0.026808
0.825973 -0.026171
0.837910 -0.024800
0.849501 -0.022824
0.860735 -0.022425
0.871601 -0.022681
0.882088 -0.021584
0.892184 -0.020607
0.901880 -0.019109
0.911165 -0.018019
0.920031 -0.016678
0.928468 -0.015049
0.936467 -0.013426
0.944019 -0.012445
0.951116 -0.011558
0.957751 -0.009954
0.963920 -0.009919
0.969616 -0.007913
0.974836 -0.009169
0.979575 -0.006394
0.983831 -0.005981
0.987598 -0.006907
0.990874 -0.005600
0.993653 -0.004933
0.995934 -0.003953
0.997711 -0.002698
0.998982 -0.004581
0.999745 -0.001866
1.000000 -0.005169
