1.000000 0.005305
0.999745 0.005493
0.998982 0.006261
0.997711 0.006863
0.995933 0.007780
0.993653 0.009266
0.990874 0.010990
0.987598 0.013089
0.983830 0.015298
0.979575 0.018258
0.974836 0.021203
0.969616 0.024636
0.963920 0.028133
0.957751 0.031636
0.951116 0.036102
0.944019 0.040647
0.936467 0.045186
0.928468 0.050434
0.920031 0.055769
0.911165 0.061897
0.901879 0.067339
0.892183 0.073405
0.882087 0.079897
0.871601 0.086227
0.860735 0.093396
0.849501 0.100244
0.837910 0.107264
0.825974 0.115727
0.813704 0.123727
0.801113 0.131855
0.788214 0.140800
0.775019 0.148944
0.761541 0.158081
0.747795 0.166810
0.733792 0.175246
0.719548 0.184694
0.705077 0.193224
0.690392 0.202274
0.675509 0.211120
0.660442 0.219689
0.645206 0.227985
0.629817 0.236792
0.614290 0.244983
0.598640 0.252517
0.582884 0.259942
0.567036 0.267371
0.551113 0.274287
0.535131 0.280949
0.519106 0.286646
0.503054 0.291853
0.486991 0.296545
0.470934 0.301623
0.454898 0.305482
0.438900 0.308160
0.422956 0.311107
0.407083 0.312968
0.391295 0.314603
0.375610 0.315645
0.360044 0.315822
0.344612 0.315236
0.329330 0.314230
0.314213 0.313229
0.299279 0.310460
0.284541 0.307597
0.270015 0.303898
0.255717 0.300420
0.241661 0.295362
0.227862 0.289926
0.214336 0.284278
0.201095 0.277240
0.188155 0.269904
0.175530 0.262669
0.163234 0.254061
0.151280 0.245869
0.139681 0.237084
0.128452 0.227152
0.117606 0.217850
0.107155 0.207261
0.097113 0.196663
0.087493 0.185545
0.078306 0.174289
0.069566 0.162813
0.061285 0.150918
0.053474 0.139550
0.046150 0.127391
0.039326 0.115364
0.033014 0.103180
0.027230 0.091328
0.021980 0.079674
0.017277 0.068478
0.013141 0.057282
0.009573 0.046822
0.006583 0.037255
0.004188 0.028236
0.002354 0.020174
0.001081 0.013809
0.000371 0.008356
0.000077 0.004600
0.000005 0.002378
0.000000 0.001672
0.000005 0.000902
0.000077 -0.001063
0.000371 -0.005052
0.001081 -0.009757
0.002353 -0.015958
0.004188 -0.022895
0.006585 -0.029967
0.009576 -0.037044
0.013145 -0.044064
0.017281 -0.050931
0.021983 -0.057268
0.027232 -0.062716
0.033016 -0.068254
0.039328 -0.073637
0.046152 -0.078258
0.053476 -0.082875
0.061287 -0.087297
0.069568 -0.091423
0.078308 -0.096252
0.087495 -0.099447
0.097115 -0.102931
0.107157 -0.106617
0.117608 -0.109547
0.128454 -0.112041
0.139683 -0.115069
0.151282 -0.117756
0.163235 -0.120282
0.175532 -0.122233
0.188157 -0.125061
0.201097 -0.126648
0.214337 -0.128950
0.227864 -0.129983
0.241663 -0.131344
0.255719 -0.133210
0.270017 -0.134020
0.284542 -0.135457
0.299280 -0.136589
0.314215 -0.137272
0.329331 -0.138253
0.344613 -0.137959
0.360045 -0.137990
0.375611 -0.138289
0.391296 -0.138329
0.407083 -0.138604
0.422957 -0.137757
0.438901 -0.136845
0.454899 -0.136982
0.470935 -0.136046
0.486992 -0.135001
0.503055 -0.133971
0.519107 -0.132465
0.535132 -0.130294
0.551114 -0.128677
0.567036 -0.126789
0.582884 -0.124074
0.598640 -0.121970
0.614290 -0.119028
0.629817 -0.116360
0.645206 -0.113172
0.660442 -0.110444
0.675509 -0.107075
0.690393 -0.103628
0.705077 -0.099056
0.719549 -0.095505
0.733793 -0.091961
0.747795 -0.087913
0.761542 -0.083979
0.775019 -0.079606
0.788214 -0.075592
0.801113 -0.071416
0.813704 -0.067175
0.825973 -0.062961
0.837910 -0.058534
0.849501 -0.054607
0.860735 -0.050699
0.871601 -0.046736
0.882088 -0.042407
0.892184 -0.039338
0.901880 -0.035388
0.911165 -0.032206
0.920031 -0.029569
0.928468 -0.026457
0.936467 -0.023578
0.944019 -0.021127
0.951116 -0.018618
0.957751 -0.016181
0.963920 -0.014122
0.969616 -0.012367
0.974836 -0.010481
0.979575 -0.009166
0.983831 -0.007881
0.987598 -0.006949
0.990874 -0.006120
0.993653 -0.005513
0.995934 -0.005039
0.997711 -0.004575
0.998982 -0.003881
0.999745 -0.003946
1.000000 -0.003693
