1.000000 -0.002006
0.999742 0.000964
0.998967 0.000694
0.997677 0.000465
0.995873 0.003335
0.993557 0.001513
0.990730 0.004446
0.987397 0.004439
0.983559 0.004239
0.979222 0.010604
0.974389 0.010017
0.969066 0.012075
0.963257 0.017136
0.956968 0.020767
0.950207 0.026876
0.942978 0.028050
0.935291 0.031712
0.927153 0.031276
0.918572 0.041948
0.909557 0.053844
0.900118 0.050001
0.890263 0.051781
0.880003 0.062428
0.869346 0.067856
0.858301 0.071394
0.846878 0.079123
0.835087 0.085069
0.822935 0.091339
0.810434 0.097552
0.797592 0.103200
0.784420 0.109534
0.770932 0.116746
0.757142 0.124219
0.743066 0.131171
0.728720 0.138056
0.714121 0.146062
0.699287 0.152301
0.684233 0.160686
0.668976 0.168311
0.653529 0.175201
0.637906 0.182663
0.622122 0.190439
0.606189 0.196925
0.590124 0.206851
0.573939 0.209614
0.557650 0.216034
0.541270 0.219989
0.524815 0.231080
0.508299 0.235074
0.491736 0.251665
0.475144 0.242878
0.458541 0.250244
0.441947 0.252849
0.425382 0.254894
0.408864 0.258204
0.392413 0.262500
0.376047 0.260613
0.359782 0.261908
0.343631 0.262828
0.327610 0.264675
0.311733 0.258939
0.296015 0.257513
0.280474 0.258341
0.265137 0.258325
0.250032 0.255273
0.235188 0.250515
0.220629 0.250696
0.206380 0.246287
0.192463 0.245788
0.178893 0.239317
0.165673 0.234769
0.152808 0.230874
0.140300 0.225463
0.128174 0.220685
0.116467 0.214408
0.105209 0.211362
0.094427 0.201426
0.084163 0.193302
0.074484 0.192108
0.065433 0.179422
0.056952 0.170556
0.048957 0.162256
0.041413 0.152670
0.034446 0.143060
0.028194 0.136006
0.022741 0.122035
0.018082 0.112003
0.014091 0.102177
0.010654 0.089776
0.007726 0.078707
0.005338 0.067649
0.003484 0.056157
0.002122 0.046866
0.001182 0.030366
0.000586 0.034361
0.000245 0.004781
0.000079 0.007696
0.000016 0.002880
0.000001 -0.000609
0.000000 -0.002403
0.000002 0.002418
0.000030 -0.001694
0.000151 -0.008029
0.000467 -0.015620
0.001108 -0.022410
0.002220 -0.030877
0.003943 -0.042014
0.006395 -0.047517
0.009644 -0.060961
0.013689 -0.069525
0.018461 -0.083021
0.023908 -0.078733
0.029938 -0.095308
0.036499 -0.098174
0.043576 -0.113453
0.051146 -0.116930
0.059182 -0.125106
0.067663 -0.132104
0.076567 -0.139141
0.085874 -0.144604
0.095579 -0.151638
0.105683 -0.158276
0.116181 -0.163195
0.127062 -0.169823
0.138313 -0.174843
0.149921 -0.180377
0.161871 -0.184438
0.174153 -0.186947
0.186757 -0.191478
0.199673 -0.192245
0.212891 -0.197337
0.226397 -0.201323
0.240177 -0.203732
0.254216 -0.205956
0.268500 -0.207735
0.283012 -0.212339
0.297736 -0.211006
0.312657 -0.213024
0.327758 -0.202389
0.343026 -0.222379
0.358445 -0.215114
0.374000 -0.216081
0.389676 -0.215492
0.405458 -0.215325
0.421329 -0.216514
0.437274 -0.201642
0.453277 -0.222593
0.469320 -0.207531
0.485389 -0.208952
0.501465 -0.203911
0.517533 -0.203966
0.533577 -0.198551
0.549580 -0.193304
0.565525 -0.194574
0.581397 -0.187211
0.597180 -0.183545
0.612856 -0.179595
0.628411 -0.173251
0.643830 -0.170897
0.659098 -0.164483
0.674199 -0.156259
0.689119 -0.153918
0.703843 -0.146237
0.718357 -0.140293
0.732645 -0.135663
0.746693 -0.130010
0.760487 -0.124572
0.774013 -0.121941
0.787256 -0.111974
0.800204 -0.102387
0.812842 -0.094018
0.825159 -0.088245
0.837141 -0.090199
0.848778 -0.078586
0.860056 -0.072391
0.870965 -0.068194
0.881493 -0.062430
0.891630 -0.045307
0.901366 -0.050105
0.910692 -0.043628
0.919596 -0.040695
0.928071 -0.032207
0.936109 -0.028937
0.943700 -0.023291
0.950837 -0.022274
0.957514 -0.017931
0.963723 -0.014068
0.969458 -0.011050
0.974715 -0.006281
0.979486 -0.005676
0.983768 -0.004715
0.987557 -0.005921
0.990848 -0.002862
0.993639 -0.001663
0.995926 -0.001184
0.997707 -0.000040
0.998980 0.002787
0.999745 -0.008321
1.000000 -0.001505
