1.000000 0.011376
0.999745 0.008743
0.998982 0.011390
0.997711 0.012559
0.995933 0.013420
0.993653 0.014219
0.990874 0.015007
0.987598 0.017849
0.983830 0.020104
0.979575 0.020858
0.974836 0.021707
0.969616 0.025112
0.963920 0.027185
0.957751 0.030857
0.951116 0.034599
0.944019 0.037204
0.936467 0.038518
0.928468 0.043209
0.920031 0.046255
0.911165 0.049914
0.901879 0.054435
0.892183 0.056780
0.882087 0.060408
0.871601 0.064337
0.860735 0.069571
0.849501 0.074605
0.837910 0.077992
0.825974 0.083010
0.813704 0.089291
0.801113 0.094653
0.788214 0.099543
0.775019 0.104100
0.761541 0.109082
0.747795 0.114364
0.733792 0.118990
0.719548 0.124285
0.705077 0.128666
0.690392 0.133839
0.675509 0.138622
0.660442 0.144602
0.645206 0.149196
0.629817 0.156502
0.614290 0.160294
0.598640 0.165041
0.582884 0.169977
0.567036 0.174205
0.551113 0.179016
0.535131 0.182998
0.519106 0.186982
0.503054 0.190500
0.486991 0.194096
0.470934 0.197620
0.454898 0.199270
0.438900 0.202339
0.422956 0.203836
0.407083 0.206274
0.391295 0.208734
0.375610 0.210691
0.360044 0.212620
0.344612 0.213409
0.329330 0.213881
0.314213 0.215054
0.299279 0.215766
0.284541 0.215140
0.270015 0.214473
0.255717 0.213376
0.241661 0.210849
0.227862 0.209073
0.214336 0.206860
0.201095 0.203168
0.188155 0.200160
0.175530 0.196283
0.163234 0.193602
0.151280 0.189121
0.139681 0.184696
0.128452 0.180351
0.117606 0.174860
0.107155 0.168532
0.097113 0.162247
0.087493 0.155037
0.078306 0.148927
0.069566 0.141581
0.061285 0.134915
0.053474 0.125822
0.046150 0.117615
0.039326 0.108903
0.033014 0.102092
0.027230 0.093514
0.021980 0.083371
0.017277 0.075175
0.013141 0.064725
0.009573 0.055194
0.006583 0.046618
0.004188 0.038575
0.002354 0.030575
0.001081 0.023104
0.000371 0.016512
0.000077 0.012128
0.000005 0.009107
0.000000 0.007608
0.000005 0.006381
0.000077 0.004253
0.000371 0.000772
0.001081 -0.004104
0.002353 -0.008933
0.004188 -0.014485
0.006585 -0.017852
0.009576 -0.021621
0.013145 -0.024676
0.017281 -0.024393
0.021983 -0.032188
0.027232 -0.032593
0.033016 -0.035159
0.039328 -0.036414
0.046152 -0.038035
0.053476 -0.038513
0.061287 -0.039107
0.069568 -0.039784
0.078308 -0.040467
0.087495 -0.039927
0.097115 -0.039724
0.107157 -0.038513
0.117608 -0.037254
0.128454 -0.036803
0.139683 -0.035939
0.151282 -0.033249
0.163235 -0.032062
0.175532 -0.031036
0.188157 -0.028208
0.201097 -0.026576
0.214337 -0.024502
0.227864 -0.021872
0.241663 -0.020054
0.255719 -0.017748
0.270017 -0.015865
0.284542 -0.012859
0.299280 -0.010552
0.314215 -0.007778
0.329331 -0.005200
0.344613 -0.001990
0.360045 0.000076
0.375611 0.003444
0.391296 0.006123
0.407083 0.008970
0.422957 0.010464
0.438901 0.013058
0.454899 0.017607
0.470935 0.020396
0.486992 0.022620
0.503055 0.024019
0.519107 0.026291
0.535132 0.028265
0.551114 0.030260
0.567036 0.031845
0.582884 0.032793
0.598640 0.033323
0.614290 0.034233
0.629817 0.035196
0.645206 0.035325
0.660442 0.035801
0.675509 0.036567
0.690393 0.038469
0.705077 0.037424
0.719549 0.038864
0.733793 0.038646
0.747795 0.038092
0.761542 0.039756
0.775019 0.039207
0.788214 0.038225
0.801113 0.037517
0.813704 0.035018
0.825973 0.034015
0.837910 0.031661
0.849501 0.031047
0.860735 0.028760
0.871601 0.027457
0.882088 0.026434
0.892184 0.025903
0.901880 0.023937
0.911165 0.020606
0.920031 0.019248
0.928468 0.017973
0.936467 0.017655
0.944019 0.016106
0.951116 0.016257
0.957751 0.015217
0.963920 0.014652
0.969616 0.013947
0.974836 0.013473
0.979575 0.011829
0.983831 0.011713
0.987598 0.011201
0.990874 0.010092
0.993653 0.009061
0.995934 0.009209
0.997711 0.007435
0.998982 0.009165
0.999745 0.007255
1.000000 0.005868
