1.000000 0.008929
0.999745 0.009542
0.998982 0.011492
0.997711 0.012182
0.995933 0.013880
0.993653 0.014798
0.990874 0.015648
0.987598 0.018124
0.983830 0.021071
0.979575 0.024640
0.974836 0.028731
0.969616 0.032780
0.963920 0.037815
0.957751 0.042023
0.951116 0.048007
0.944019 0.053041
0.936467 0.058534
0.928468 0.064593
0.920031 0.070528
0.911165 0.076891
0.901879 0.083793
0.892183 0.091195
0.882087 0.098011
0.871601 0.104324
0.860735 0.112862
0.849501 0.120695
0.837910 0.129432
0.825974 0.137589
0.813704 0.145278
0.801113 0.153676
0.788214 0.162884
0.775019 0.171914
0.761541 0.180513
0.747795 0.189296
0.733792 0.198552
0.719548 0.207536
0.705077 0.216430
0.690392 0.225091
0.675509 0.233542
0.660442 0.242328
0.645206 0.250395
0.629817 0.258803
0.614290 0.266468
0.598640 0.276161
0.582884 0.283041
0.567036 0.291100
0.551113 0.298112
0.535131 0.304822
0.519106 0.310421
0.503054 0.315699
0.486991 0.320537
0.470934 0.325017
0.454898 0.328523
0.438900 0.331151
0.422956 0.333121
0.407083 0.334957
0.391295 0.335647
0.375610 0.335993
0.360044 0.335773
0.344612 0.333640
0.329330 0.332122
0.314213 0.329622
0.299279 0.327048
0.284541 0.323610
0.270015 0.319673
0.255717 0.315646
0.241661 0.311243
0.227862 0.306816
0.214336 0.301625
0.201095 0.293832
0.188155 0.286788
0.175530 0.278784
0.163234 0.271446
0.151280 0.263465
0.139681 0.254948
0.128452 0.245760
0.117606 0.234808
0.107155 0.225294
0.097113 0.214105
0.087493 0.202302
0.078306 0.190496
0.069566 0.179128
0.061285 0.167966
0.053474 0.156223
0.046150 0.144791
0.039326 0.132560
0.033014 0.121317
0.027230 0.109211
0.021980 0.096990
0.017277 0.085604
0.013141 0.073527
0.009573 0.062258
0.006583 0.052411
0.004188 0.041869
0.002354 0.031580
0.001081 0.023665
0.000371 0.016716
0.000077 0.012671
0.000005 0.010291
0.000000 0.008508
0.000005 0.009349
0.000077 0.004231
0.000371 0.000536
0.001081 -0.005892
0.002353 -0.013507
0.004188 -0.018099
0.006585 -0.024528
0.009576 -0.029839
0.013145 -0.035302
0.017281 -0.038983
0.021983 -0.042785
0.027232 -0.046443
0.033016 -0.049057
0.039328 -0.052582
0.046152 -0.054763
0.053476 -0.056470
0.061287 -0.059882
0.069568 -0.062215
0.078308 -0.062794
0.087495 -0.063848
0.097115 -0.065005
0.107157 -0.066629
0.117608 -0.067771
0.128454 -0.067783
0.139683 -0.068825
0.151282 -0.068858
0.163235 -0.069726
0.175532 -0.067174
0.188157 -0.068391
0.201097 -0.066892
0.214337 -0.067379
0.227864 -0.065908
0.241663 -0.063997
0.255719 -0.064579
0.270017 -0.061892
0.284542 -0.059635
0.299280 -0.058148
0.314215 -0.056298
0.329331 -0.054764
0.344613 -0.052074
0.360045 -0.048312
0.375611 -0.047953
0.391296 -0.045148
0.407083 -0.040873
0.422957 -0.041196
0.438901 -0.038031
0.454899 -0.034502
0.470935 -0.032413
0.486992 -0.028537
0.503055 -0.024740
0.519107 -0.027557
0.535132 -0.020920
0.551114 -0.019458
0.567036 -0.017703
0.582884 -0.015049
0.598640 -0.012757
0.614290 -0.011083
0.629817 -0.007704
0.645206 -0.007797
0.660442 -0.005803
0.675509 -0.003634
0.690393 -0.002250
0.705077 -0.000001
0.719549 0.001288
0.733793 0.002549
0.747795 0.003196
0.761542 0.006375
0.775019 0.006732
0.788214 0.007259
0.801113 0.007974
0.813704 0.008090
0.825973 0.007963
0.837910 0.008995
0.849501 0.007906
0.860735 0.008395
0.871601 0.009037
0.882088 0.009179
0.892184 0.010029
0.901880 0.009638
0.911165 0.008875
0.920031 0.010216
0.928468 0.009523
0.936467 0.009490
0.944019 0.009242
0.951116 0.009088
0.957751 0.009035
0.963920 0.009082
0.969616 0.009011
0.974836 0.008306
0.979575 0.008967
0.983831 0.008871
0.987598 0.008412
0.990874 0.007235
0.993653 0.008649
0.995934 0.008198
0.997711 0.008934
0.998982 0.008666
0.999745 0.006330
1.000000 0.007514
