1.000000 0.006308
0.999745 0.006226
0.998982 0.007201
0.997711 0.007341
0.995933 0.007707
0.993653 0.007784
0.990874 0.006972
0.987598 0.007848
0.983830 0.009256
0.979575 0.010397
0.974836 0.011429
0.969616 0.012462
0.963920 0.015480
0.957751 0.017625
0.951116 0.019985
0.944019 0.021755
0.936467 0.025679
0.928468 0.028118
0.920031 0.031996
0.911165 0.035045
0.901879 0.039183
0.892183 0.042299
0.882087 0.047134
0.871601 0.050954
0.860735 0.054906
0.849501 0.059198
0.837910 0.064403
0.825974 0.069810
0.813704 0.075377
0.801113 0.081001
0.788214 0.086737
0.775019 0.093581
0.761541 0.099884
0.747795 0.107079
0.733792 0.114533
0.719548 0.121256
0.705077 0.129208
0.690392 0.137137
0.675509 0.146110
0.660442 0.155680
0.645206 0.163493
0.629817 0.172271
0.614290 0.181453
0.598640 0.189871
0.582884 0.199077
0.567036 0.207922
0.551113 0.217283
0.535131 0.226654
0.519106 0.234835
0.503054 0.242186
0.486991 0.251320
0.470934 0.258189
0.454898 0.266799
0.438900 0.274783
0.422956 0.281328
0.407083 0.287888
0.391295 0.293095
0.375610 0.300231
0.360044 0.303432
0.344612 0.309102
0.329330 0.313559
0.314213 0.316344
0.299279 0.320492
0.284541 0.321451
0.270015 0.322753
0.255717 0.322863
0.241661 0.322155
0.227862 0.320092
0.214336 0.317195
0.201095 0.313770
0.188155 0.308773
0.175530 0.302630
0.163234 0.295538
0.151280 0.289067
0.139681 0.279504
0.128452 0.269996
0.117606 0.259648
0.107155 0.247881
0.097113 0.236835
0.087493 0.224705
0.078306 0.212748
0.069566 0.200397
0.061285 0.187243
0.053474 0.173681
0.046150 0.160155
0.039326 0.146007
0.033014 0.132065
0.027230 0.118323
0.021980 0.105082
0.017277 0.091364
0.013141 0.077998
0.009573 0.065180
0.006583 0.053950
0.004188 0.042083
0.002354 0.031501
0.001081 0.022645
0.000371 0.016791
0.000077 0.012196
0.000005 0.009520
0.000000 0.008083
0.000005 0.007293
0.000077 0.004267
0.000371 0.000345
0.001081 -0.006692
0.002353 -0.010352
0.004188 -0.015476
0.006585 -0.021634
0.009576 -0.025961
0.013145 -0.030167
0.017281 -0.033476
0.021983 -0.038512
0.027232 -0.042593
0.033016 -0.048051
0.039328 -0.051862
0.046152 -0.056811
0.053476 -0.059906
0.061287 -0.063571
0.069568 -0.068007
0.078308 -0.069764
0.087495 -0.073631
0.097115 -0.076381
0.107157 -0.080123
0.117608 -0.084074
0.128454 -0.087160
0.139683 -0.090997
0.151282 -0.094089
0.163235 -0.098738
0.175532 -0.103120
0.188157 -0.105550
0.201097 -0.107095
0.214337 -0.111207
0.227864 -0.113202
0.241663 -0.116433
0.255719 -0.118721
0.270017 -0.120717
0.284542 -0.123977
0.299280 -0.127293
0.314215 -0.128617
0.329331 -0.130234
0.344613 -0.133822
0.360045 -0.134956
0.375611 -0.137249
0.391296 -0.138400
0.407083 -0.140468
0.422957 -0.142554
0.438901 -0.143941
0.454899 -0.144856
0.470935 -0.145470
0.486992 -0.145717
0.503055 -0.146026
0.519107 -0.146253
0.535132 -0.145862
0.551114 -0.145834
0.567036 -0.145716
0.582884 -0.144124
0.598640 -0.143703
0.614290 -0.141880
0.629817 -0.139903
0.645206 -0.138398
0.660442 -0.135878
0.675509 -0.133858
0.690393 -0.131291
0.705077 -0.128043
0.719549 -0.125970
0.733793 -0.122704
0.747795 -0.119529
0.761542 -0.115876
0.775019 -0.112745
0.788214 -0.108283
0.801113 -0.104820
0.813704 -0.099195
0.825973 -0.095220
0.837910 -0.090790
0.849501 -0.085089
0.860735 -0.081363
0.871601 -0.076125
0.882088 -0.071334
0.892184 -0.064703
0.901880 -0.059144
0.911165 -0.054568
0.920031 -0.048071
0.928468 -0.043678
0.936467 -0.037629
0.944019 -0.034094
0.951116 -0.028451
0.957751 -0.023384
0.963920 -0.018527
0.969616 -0.014211
0.974836 -0.009814
0.979575 -0.006676
0.983831 -0.004258
0.987598 -0.002009
0.990874 0.000701
0.993653 0.002908
0.995934 0.004556
0.997711 0.006456
0.998982 0.005323
0.999745 0.005785
1.000000 0.006371
