1.000000 0.008940
0.999745 0.009451
0.998982 0.009878
0.997711 0.009885
0.995933 0.010016
0.993653 0.010939
0.990874 0.009745
0.987598 0.010825
0.983830 0.011380
0.979575 0.012789
0.974836 0.014307
0.969616 0.014969
0.963920 0.017780
0.957751 0.017198
0.951116 0.018922
0.944019 0.020648
0.936467 0.022948
0.928468 0.026440
0.920031 0.029334
0.911165 0.030888
0.901879 0.033322
0.892183 0.037427
0.882087 0.042585
0.871601 0.048207
0.860735 0.053767
0.849501 0.059319
0.837910 0.065188
0.825974 0.071314
0.813704 0.078412
0.801113 0.084916
0.788214 0.091923
0.775019 0.099343
0.761541 0.105973
0.747795 0.113981
0.733792 0.122245
0.719548 0.130598
0.705077 0.139304
0.690392 0.147023
0.675509 0.155011
0.660442 0.164164
0.645206 0.172751
0.629817 0.182021
0.614290 0.190425
0.598640 0.198849
0.582884 0.207434
0.567036 0.214675
0.551113 0.222231
0.535131 0.228896
0.519106 0.235952
0.503054 0.242823
0.486991 0.249239
0.470934 0.255491
0.454898 0.262064
0.438900 0.267287
0.422956 0.272794
0.407083 0.276876
0.391295 0.280745
0.375610 0.283671
0.360044 0.286641
0.344612 0.287712
0.329330 0.288406
0.314213 0.288352
0.299279 0.288477
0.284541 0.288117
0.270015 0.286639
0.255717 0.284385
0.241661 0.281539
0.227862 0.278447
0.214336 0.274708
0.201095 0.270597
0.188155 0.265245
0.175530 0.259306
0.163234 0.252838
0.151280 0.245625
0.139681 0.238470
0.128452 0.229127
0.117606 0.220319
0.107155 0.211070
0.097113 0.202128
0.087493 0.193141
0.078306 0.183703
0.069566 0.172555
0.061285 0.161545
0.053474 0.151426
0.046150 0.139666
0.039326 0.128002
0.033014 0.116600
0.027230 0.104769
0.021980 0.093509
0.017277 0.082159
0.013141 0.070824
0.009573 0.060623
0.006583 0.050823
0.004188 0.040566
0.002354 0.031075
0.001081 0.023031
0.000371 0.017163
0.000077 0.011600
0.000005 0.008760
0.000000 0.007875
0.000005 0.006573
0.000077 0.004127
0.000371 -0.000775
0.001081 -0.006597
0.002353 -0.014601
0.004188 -0.021242
0.006585 -0.026409
0.009576 -0.032544
0.013145 -0.037189
0.017281 -0.041696
0.021983 -0.046052
0.027232 -0.049218
0.033016 -0.053223
0.039328 -0.057123
0.046152 -0.060983
0.053476 -0.064656
0.061287 -0.068142
0.069568 -0.070402
0.078308 -0.073311
0.087495 -0.075305
0.097115 -0.078342
0.107157 -0.079469
0.117608 -0.081420
0.128454 -0.083167
0.139683 -0.085428
0.151282 -0.087520
0.163235 -0.088144
0.175532 -0.088569
0.188157 -0.090187
0.201097 -0.091171
0.214337 -0.091773
0.227864 -0.093352
0.241663 -0.092708
0.255719 -0.093611
0.270017 -0.093826
0.284542 -0.095644
0.299280 -0.096692
0.314215 -0.097277
0.329331 -0.096921
0.344613 -0.098146
0.360045 -0.096818
0.375611 -0.096906
0.391296 -0.097990
0.407083 -0.097839
0.422957 -0.098569
0.438901 -0.098531
0.454899 -0.097861
0.470935 -0.098403
0.486992 -0.099212
0.503055 -0.099215
0.519107 -0.099093
0.535132 -0.099275
0.551114 -0.099385
0.567036 -0.100679
0.582884 -0.099420
0.598640 -0.099164
0.614290 -0.098286
0.629817 -0.098497
0.645206 -0.097760
0.660442 -0.097042
0.675509 -0.094900
0.690393 -0.093306
0.705077 -0.091623
0.719549 -0.089163
0.733793 -0.087079
0.747795 -0.084082
0.761542 -0.081542
0.775019 -0.078333
0.788214 -0.075431
0.801113 -0.071592
0.813704 -0.070010
0.825973 -0.065632
0.837910 -0.063438
0.849501 -0.059342
0.860735 -0.054375
0.871601 -0.049771
0.882088 -0.046115
0.892184 -0.041806
0.901880 -0.037693
0.911165 -0.035000
0.920031 -0.030203
0.928468 -0.026934
0.936467 -0.022441
0.944019 -0.018776
0.951116 -0.014919
0.957751 -0.011669
0.963920 -0.008261
0.969616 -0.005455
0.974836 -0.001927
0.979575 -0.000125
0.983831 0.002016
0.987598 0.004195
0.990874 0.004736
0.993653 0.007621
0.995934 0.007923
0.997711 0.008713
0.998982 0.008435
0.999745 0.008237
1.000000 0.008166
