1.000000 0.004344
0.999745 0.009123
0.998982 0.006855
0.997711 0.008472
0.995933 0.007676
0.993653 0.007148
0.990874 0.008478
0.987598 0.009096
0.983830 0.009622
0.979575 0.010829
0.974836 0.011140
0.969616 0.012146
0.963920 0.013872
0.957751 0.013856
0.951116 0.015631
0.944019 0.016003
0.936467 0.017091
0.928468 0.019155
0.920031 0.021875
0.911165 0.023769
0.901879 0.027099
0.892183 0.029857
0.882087 0.033263
0.871601 0.036839
0.860735 0.040257
0.849501 0.043598
0.837910 0.048548
0.825974 0.053729
0.813704 0.059027
0.801113 0.064280
0.788214 0.070244
0.775019 0.075772
0.761541 0.081774
0.747795 0.087793
0.733792 0.093843
0.719548 0.099612
0.705077 0.106208
0.690392 0.112091
0.675509 0.118566
0.660442 0.126702
0.645206 0.133812
0.629817 0.141510
0.614290 0.148362
0.598640 0.154790
0.582884 0.162875
0.567036 0.167855
0.551113 0.174458
0.535131 0.179803
0.519106 0.186217
0.503054 0.192430
0.486991 0.196895
0.470934 0.201373
0.454898 0.205796
0.438900 0.209253
0.422956 0.211482
0.407083 0.213825
0.391295 0.215568
0.375610 0.218433
0.360044 0.219787
0.344612 0.221079
0.329330 0.222133
0.314213 0.222847
0.299279 0.223180
0.284541 0.222971
0.270015 0.221548
0.255717 0.220804
0.241661 0.219163
0.227862 0.217090
0.214336 0.214995
0.201095 0.212015
0.188155 0.207356
0.175530 0.202368
0.163234 0.197451
0.151280 0.192566
0.139681 0.187511
0.128452 0.182334
0.117606 0.177256
0.107155 0.169789
0.097113 0.163067
0.087493 0.156243
0.078306 0.148998
0.069566 0.141519
0.061285 0.133808
0.053474 0.125677
0.046150 0.116819
0.039326 0.108707
0.033014 0.099672
0.027230 0.089936
0.021980 0.082644
0.017277 0.073906
0.013141 0.064832
0.009573 0.055486
0.006583 0.047576
0.004188 0.039204
0.002354 0.030910
0.001081 0.023588
0.000371 0.018244
0.000077 0.013565
0.000005 0.011459
0.000000 0.009300
0.000005 0.008188
0.000077 0.005472
0.000371 0.001368
0.001081 -0.004006
0.002353 -0.007829
0.004188 -0.014427
0.006585 -0.019466
0.009576 -0.024707
0.013145 -0.028243
0.017281 -0.034371
0.021983 -0.038537
0.027232 -0.042814
0.033016 -0.047715
0.039328 -0.050549
0.046152 -0.055309
0.053476 -0.059114
0.061287 -0.062287
0.069568 -0.065489
0.078308 -0.068984
0.087495 -0.071097
0.097115 -0.073640
0.107157 -0.074901
0.117608 -0.075958
0.128454 -0.077539
0.139683 -0.077441
0.151282 -0.078724
0.163235 -0.079652
0.175532 -0.081465
0.188157 -0.081140
0.201097 -0.081431
0.214337 -0.081640
0.227864 -0.082128
0.241663 -0.082792
0.255719 -0.082846
0.270017 -0.080254
0.284542 -0.079247
0.299280 -0.078770
0.314215 -0.077591
0.329331 -0.076580
0.344613 -0.074886
0.360045 -0.073120
0.375611 -0.071796
0.391296 -0.071709
0.407083 -0.070209
0.422957 -0.067900
0.438901 -0.065732
0.454899 -0.063940
0.470935 -0.060949
0.486992 -0.059101
0.503055 -0.057933
0.519107 -0.055362
0.535132 -0.054379
0.551114 -0.050957
0.567036 -0.050355
0.582884 -0.048155
0.598640 -0.045793
0.614290 -0.044772
0.629817 -0.040032
0.645206 -0.040796
0.660442 -0.038336
0.675509 -0.035933
0.690393 -0.034389
0.705077 -0.032133
0.719549 -0.029927
0.733793 -0.028296
0.747795 -0.026916
0.761542 -0.025269
0.775019 -0.022908
0.788214 -0.020965
0.801113 -0.019011
0.813704 -0.017459
0.825973 -0.015153
0.837910 -0.013658
0.849501 -0.013389
0.860735 -0.011905
0.871601 -0.009648
0.882088 -0.009162
0.892184 -0.008450
0.901880 -0.006025
0.911165 -0.004943
0.920031 -0.004018
0.928468 -0.002143
0.936467 -0.001081
0.944019 0.000320
0.951116 0.000134
0.957751 0.000423
0.963920 0.002346
0.969616 0.002562
0.974836 0.004712
0.979575 0.003928
0.983831 0.005621
0.987598 0.006813
0.990874 0.006906
0.993653 0.007100
0.995934 0.008072
0.997711 0.008792
0.998982 0.006624
0.999745 0.009123
1.000000 0.008028
