1.000000 0.004439
0.999745 0.006905
0.998982 0.008968
0.997711 0.008085
0.995933 0.010248
0.993653 0.011013
0.990874 0.011216
0.987598 0.012522
0.983830 0.014631
0.979575 0.017213
0.974836 0.019702
0.969616 0.022541
0.963920 0.025663
0.957751 0.029014
0.951116 0.032588
0.944019 0.036164
0.936467 0.039527
0.928468 0.043888
0.920031 0.048037
0.911165 0.053557
0.901879 0.057892
0.892183 0.064535
0.882087 0.069470
0.871601 0.074601
0.860735 0.079776
0.849501 0.087182
0.837910 0.093138
0.825974 0.100731
0.813704 0.106926
0.801113 0.113919
0.788214 0.120594
0.775019 0.127186
0.761541 0.134219
0.747795 0.141603
0.733792 0.147059
0.719548 0.154400
0.705077 0.161021
0.690392 0.168048
0.675509 0.175144
0.660442 0.182645
0.645206 0.189113
0.629817 0.195630
0.614290 0.201761
0.598640 0.208387
0.582884 0.213957
0.567036 0.223252
0.551113 0.227276
0.535131 0.232746
0.519106 0.238726
0.503054 0.243176
0.486991 0.247832
0.470934 0.251718
0.454898 0.255149
0.438900 0.259695
0.422956 0.262737
0.407083 0.265826
0.391295 0.267093
0.375610 0.268918
0.360044 0.270962
0.344612 0.272453
0.329330 0.272840
0.314213 0.273307
0.299279 0.273096
0.284541 0.272757
0.270015 0.271021
0.255717 0.268860
0.241661 0.266484
0.227862 0.263400
0.214336 0.260536
0.201095 0.256752
0.188155 0.252831
0.175530 0.248376
0.163234 0.243068
0.151280 0.236559
0.139681 0.229995
0.128452 0.223397
0.117606 0.215545
0.107155 0.207363
0.097113 0.198903
0.087493 0.190028
0.078306 0.180456
0.069566 0.170643
0.061285 0.159826
0.053474 0.149727
0.046150 0.139363
0.039326 0.127729
0.033014 0.118419
0.027230 0.107847
0.021980 0.096835
0.017277 0.085599
0.013141 0.073848
0.009573 0.061926
0.006583 0.051742
0.004188 0.041805
0.002354 0.030892
0.001081 0.024215
0.000371 0.018065
0.000077 0.012244
0.000005 0.010664
0.000000 0.008730
0.000005 0.008097
0.000077 0.005625
0.000371 0.001219
0.001081 -0.005164
0.002353 -0.012596
0.004188 -0.019584
0.006585 -0.026521
0.009576 -0.032974
0.013145 -0.038518
0.017281 -0.044260
0.021983 -0.051170
0.027232 -0.057789
0.033016 -0.061593
0.039328 -0.066537
0.046152 -0.069870
0.053476 -0.074305
0.061287 -0.077737
0.069568 -0.080598
0.078308 -0.085116
0.087495 -0.086421
0.097115 -0.087794
0.107157 -0.089641
0.117608 -0.091177
0.128454 -0.091255
0.139683 -0.092482
0.151282 -0.092367
0.163235 -0.093038
0.175532 -0.092163
0.188157 -0.091873
0.201097 -0.090952
0.214337 -0.089650
0.227864 -0.089632
0.241663 -0.088290
0.255719 -0.085821
0.270017 -0.083420
0.284542 -0.082858
0.299280 -0.079765
0.314215 -0.078812
0.329331 -0.076699
0.344613 -0.074010
0.360045 -0.071549
0.375611 -0.069582
0.391296 -0.067192
0.407083 -0.064962
0.422957 -0.061915
0.438901 -0.058837
0.454899 -0.056790
0.470935 -0.052853
0.486992 -0.050932
0.503055 -0.047788
0.519107 -0.044813
0.535132 -0.040000
0.551114 -0.037413
0.567036 -0.033431
0.582884 -0.030867
0.598640 -0.027507
0.614290 -0.025289
0.629817 -0.021355
0.645206 -0.020263
0.660442 -0.017711
0.675509 -0.015884
0.690393 -0.011696
0.705077 -0.011479
0.719549 -0.008543
0.733793 -0.007070
0.747795 -0.006826
0.761542 -0.004475
0.775019 -0.001321
0.788214 0.000183
0.801113 0.002368
0.813704 0.001986
0.825973 0.002811
0.837910 0.004924
0.849501 0.006457
0.860735 0.007695
0.871601 0.008038
0.882088 0.009008
0.892184 0.010134
0.901880 0.009780
0.911165 0.009891
0.920031 0.009763
0.928468 0.010725
0.936467 0.010462
0.944019 0.011327
0.951116 0.010956
0.957751 0.011034
0.963920 0.010485
0.969616 0.011567
0.974836 0.010282
0.979575 0.010127
0.983831 0.010193
0.987598 0.009301
0.990874 0.009722
0.993653 0.009288
0.995934 0.008693
0.997711 0.009222
0.998982 0.009123
0.999745 0.008289
1.000000 0.007737
