1.000000 0.009220
0.999745 0.008890
0.998982 0.009465
0.997711 0.012153
0.995933 0.011335
0.993653 0.011985
0.990874 0.012921
0.987598 0.013716
0.983830 0.014942
0.979575 0.017324
0.974836 0.019728
0.969616 0.023581
0.963920 0.024997
0.957751 0.029600
0.951116 0.032189
0.944019 0.036305
0.936467 0.040386
0.928468 0.044518
0.920031 0.049113
0.911165 0.053846
0.901879 0.059352
0.892183 0.064754
0.882087 0.069194
0.871601 0.075811
0.860735 0.081330
0.849501 0.087173
0.837910 0.093406
0.825974 0.099195
0.813704 0.107412
0.801113 0.114293
0.788214 0.120428
0.775019 0.126231
0.761541 0.133112
0.747795 0.138445
0.733792 0.144766
0.719548 0.149769
0.705077 0.155014
0.690392 0.160647
0.675509 0.166375
0.660442 0.171612
0.645206 0.177063
0.629817 0.180934
0.614290 0.184565
0.598640 0.188508
0.582884 0.192375
0.567036 0.196357
0.551113 0.200018
0.535131 0.203138
0.519106 0.205727
0.503054 0.208524
0.486991 0.211122
0.470934 0.213243
0.454898 0.214425
0.438900 0.215119
0.422956 0.216328
0.407083 0.216730
0.391295 0.219526
0.375610 0.219928
0.360044 0.219935
0.344612 0.219969
0.329330 0.220712
0.314213 0.220176
0.299279 0.219437
0.284541 0.218219
0.270015 0.217192
0.255717 0.215503
0.241661 0.213768
0.227862 0.211383
0.214336 0.208704
0.201095 0.206610
0.188155 0.203614
0.175530 0.200926
0.163234 0.196854
0.151280 0.192657
0.139681 0.189276
0.128452 0.183241
0.117606 0.178421
0.107155 0.173057
0.097113 0.167139
0.087493 0.160974
0.078306 0.153859
0.069566 0.148881
0.061285 0.141058
0.053474 0.133771
0.046150 0.125436
0.039326 0.117565
0.033014 0.108419
0.027230 0.100582
0.021980 0.090011
0.017277 0.081965
0.013141 0.071915
0.009573 0.061371
0.006583 0.048954
0.004188 0.039552
0.002354 0.030130
0.001081 0.021796
0.000371 0.017921
0.000077 0.012140
0.000005 0.010189
0.000000 0.009089
0.000005 0.008650
0.000077 0.004690
0.000371 -0.000315
0.001081 -0.004837
0.002353 -0.011637
0.004188 -0.016071
0.006585 -0.024064
0.009576 -0.026707
0.013145 -0.030538
0.017281 -0.032716
0.021983 -0.036545
0.027232 -0.039982
0.033016 -0.044204
0.039328 -0.046143
0.046152 -0.049205
0.053476 -0.051391
0.061287 -0.053840
0.069568 -0.056431
0.078308 -0.058909
0.087495 -0.060929
0.097115 -0.063078
0.107157 -0.066422
0.117608 -0.068744
0.128454 -0.071655
0.139683 -0.074768
0.151282 -0.077755
0.163235 -0.080317
0.175532 -0.082835
0.188157 -0.083939
0.201097 -0.086625
0.214337 -0.087193
0.227864 -0.089480
0.241663 -0.090387
0.255719 -0.092249
0.270017 -0.093716
0.284542 -0.096791
0.299280 -0.097670
0.314215 -0.098900
0.329331 -0.099392
0.344613 -0.101395
0.360045 -0.101019
0.375611 -0.102197
0.391296 -0.102135
0.407083 -0.102465
0.422957 -0.102647
0.438901 -0.102186
0.454899 -0.101794
0.470935 -0.101312
0.486992 -0.100777
0.503055 -0.098539
0.519107 -0.098400
0.535132 -0.096387
0.551114 -0.095694
0.567036 -0.093539
0.582884 -0.091515
0.598640 -0.089710
0.614290 -0.086782
0.629817 -0.084345
0.645206 -0.081702
0.660442 -0.077993
0.675509 -0.074504
0.690393 -0.071088
0.705077 -0.067505
0.719549 -0.064209
0.733793 -0.059472
0.747795 -0.056901
0.761542 -0.052108
0.775019 -0.049744
0.788214 -0.044140
0.801113 -0.041773
0.813704 -0.037994
0.825973 -0.034792
0.837910 -0.031883
0.849501 -0.028064
0.860735 -0.026043
0.871601 -0.023286
0.882088 -0.020473
0.892184 -0.016988
0.901880 -0.015395
0.911165 -0.012628
0.920031 -0.010278
0.928468 -0.006965
0.936467 -0.005103
0.944019 -0.002473
0.951116 -0.001354
0.957751 -0.000362
0.963920 0.000813
0.969616 0.002636
0.974836 0.003336
0.979575 0.003422
0.983831 0.002791
0.987598 0.003117
0.990874 0.004017
0.993653 0.004860
0.995934 0.005608
0.997711 0.005110
0.998982 0.006712
0.999745 0.006382
1.000000 0.006653
