1.000000 0.006228
0.999745 0.007179
0.998982 0.009725
0.997711 0.009448
0.995933 0.011535
0.993653 0.013549
0.990874 0.016917
0.987598 0.020841
0.983830 0.024904
0.979575 0.030375
0.974836 0.036090
0.969616 0.043114
0.963920 0.050182
0.957751 0.057325
0.951116 0.065383
0.944019 0.072546
0.936467 0.082215
0.928468 0.091721
0.920031 0.100768
0.911165 0.111776
0.901879 0.121903
0.892183 0.133661
0.882087 0.144933
0.871601 0.156302
0.860735 0.168132
0.849501 0.180498
0.837910 0.192879
0.825974 0.204440
0.813704 0.216946
0.801113 0.228747
0.788214 0.240651
0.775019 0.253250
0.761541 0.264363
0.747795 0.276472
0.733792 0.286510
0.719548 0.296145
0.705077 0.305441
0.690392 0.313722
0.675509 0.321244
0.660442 0.327865
0.645206 0.334800
0.629817 0.340908
0.614290 0.346857
0.598640 0.352152
0.582884 0.356577
0.567036 0.360277
0.551113 0.363052
0.535131 0.365449
0.519106 0.366848
0.503054 0.368353
0.486991 0.369052
0.470934 0.368997
0.454898 0.369597
0.438900 0.368787
0.422956 0.368357
0.407083 0.367345
0.391295 0.365548
0.375610 0.363234
0.360044 0.360562
0.344612 0.357301
0.329330 0.354840
0.314213 0.350806
0.299279 0.348012
0.284541 0.344264
0.270015 0.338939
0.255717 0.334190
0.241661 0.328300
0.227862 0.322754
0.214336 0.318891
0.201095 0.309395
0.188155 0.302395
0.175530 0.295390
0.163234 0.287442
0.151280 0.278971
0.139681 0.269680
0.128452 0.259967
0.117606 0.249769
0.107155 0.239377
0.097113 0.228788
0.087493 0.217185
0.078306 0.205145
0.069566 0.193296
0.061285 0.181345
0.053474 0.169439
0.046150 0.156171
0.039326 0.145432
0.033014 0.132881
0.027230 0.119832
0.021980 0.106109
0.017277 0.093674
0.013141 0.079981
0.009573 0.067353
0.006583 0.056100
0.004188 0.044251
0.002354 0.033588
0.001081 0.026071
0.000371 0.018628
0.000077 0.013616
0.000005 0.010523
0.000000 0.009713
0.000005 0.008001
0.000077 0.006808
0.000371 0.001036
0.001081 -0.003573
0.002353 -0.011224
0.004188 -0.017193
0.006585 -0.024142
0.009576 -0.031926
0.013145 -0.039182
0.017281 -0.045884
0.021983 -0.052807
0.027232 -0.059642
0.033016 -0.067092
0.039328 -0.074533
0.046152 -0.081559
0.053476 -0.089328
0.061287 -0.096873
0.069568 -0.104515
0.078308 -0.110813
0.087495 -0.117420
0.097115 -0.124498
0.107157 -0.131247
0.117608 -0.139367
0.128454 -0.144857
0.139683 -0.150615
0.151282 -0.156781
0.163235 -0.162959
0.175532 -0.168893
0.188157 -0.175207
0.201097 -0.180870
0.214337 -0.184665
0.227864 -0.191585
0.241663 -0.196264
0.255719 -0.200424
0.270017 -0.206006
0.284542 -0.208861
0.299280 -0.212830
0.314215 -0.216661
0.329331 -0.218179
0.344613 -0.222408
0.360045 -0.224260
0.375611 -0.226072
0.391296 -0.229050
0.407083 -0.230376
0.422957 -0.232920
0.438901 -0.234683
0.454899 -0.235166
0.470935 -0.236217
0.486992 -0.235190
0.503055 -0.234401
0.519107 -0.232808
0.535132 -0.231643
0.551114 -0.229134
0.567036 -0.224095
0.582884 -0.221612
0.598640 -0.216792
0.614290 -0.212452
0.629817 -0.206394
0.645206 -0.197398
0.660442 -0.188664
0.675509 -0.180199
0.690393 -0.168855
0.705077 -0.160036
0.719549 -0.148343
0.733793 -0.137293
0.747795 -0.125088
0.761542 -0.111844
0.775019 -0.100816
0.788214 -0.089272
0.801113 -0.078900
0.813704 -0.067700
0.825973 -0.058742
0.837910 -0.049432
0.849501 -0.040704
0.860735 -0.033030
0.871601 -0.025464
0.882088 -0.019327
0.892184 -0.012342
0.901880 -0.007050
0.911165 -0.005026
0.920031 0.001408
0.928468 0.005113
0.936467 0.008078
0.944019 0.010340
0.951116 0.012399
0.957751 0.013674
0.963920 0.015713
0.969616 0.015727
0.974836 0.016555
0.979575 0.015685
0.983831 0.015725
0.987598 0.015272
0.990874 0.014096
0.993653 0.012609
0.995934 0.011587
0.997711 0.012647
0.998982 0.011772
0.999745 0.011037
1.000000 0.007823
