1.000000 0.006755
0.999745 0.007014
0.998982 0.009663
0.997711 0.009203
0.995933 0.010174
0.993653 0.011377
0.990874 0.011416
0.987598 0.013083
0.983830 0.014634
0.979575 0.014867
0.974836 0.016396
0.969616 0.018488
0.963920 0.021256
0.957751 0.023925
0.951116 0.026529
0.944019 0.030067
0.936467 0.034147
0.928468 0.037191
0.920031 0.041438
0.911165 0.045713
0.901879 0.050882
0.892183 0.056339
0.882087 0.061758
0.871601 0.067057
0.860735 0.073032
0.849501 0.079344
0.837910 0.086398
0.825974 0.091666
0.813704 0.098329
0.801113 0.103952
0.788214 0.110924
0.775019 0.118945
0.761541 0.123191
0.747795 0.130574
0.733792 0.136302
0.719548 0.142829
0.705077 0.150466
0.690392 0.157023
0.675509 0.164781
0.660442 0.170052
0.645206 0.176291
0.629817 0.183530
0.614290 0.188134
0.598640 0.193934
0.582884 0.198737
0.567036 0.204797
0.551113 0.210144
0.535131 0.215246
0.519106 0.219504
0.503054 0.222516
0.486991 0.225177
0.470934 0.227515
0.454898 0.230133
0.438900 0.232259
0.422956 0.233775
0.407083 0.234635
0.391295 0.234948
0.375610 0.235359
0.360044 0.235002
0.344612 0.234009
0.329330 0.232473
0.314213 0.230926
0.299279 0.229219
0.284541 0.227732
0.270015 0.225367
0.255717 0.222081
0.241661 0.220070
0.227862 0.215726
0.214336 0.211646
0.201095 0.208254
0.188155 0.203321
0.175530 0.198960
0.163234 0.193978
0.151280 0.188003
0.139681 0.182709
0.128452 0.176192
0.117606 0.168999
0.107155 0.162576
0.097113 0.154774
0.087493 0.148065
0.078306 0.141555
0.069566 0.134918
0.061285 0.128328
0.053474 0.121053
0.046150 0.114192
0.039326 0.106363
0.033014 0.098707
0.027230 0.091785
0.021980 0.083667
0.017277 0.075205
0.013141 0.064612
0.009573 0.056312
0.006583 0.046945
0.004188 0.039433
0.002354 0.030702
0.001081 0.022052
0.000371 0.016974
0.000077 0.011134
0.000005 0.009276
0.000000 0.007971
0.000005 0.006971
0.000077 0.004073
0.000371 -0.000397
0.001081 -0.006074
0.002353 -0.013801
0.004188 -0.022289
0.006585 -0.029329
0.009576 -0.038128
0.013145 -0.045751
0.017281 -0.053452
0.021983 -0.061773
0.027232 -0.070055
0.033016 -0.078873
0.039328 -0.086908
0.046152 -0.093991
0.053476 -0.099876
0.061287 -0.109146
0.069568 -0.115457
0.078308 -0.122637
0.087495 -0.129826
0.097115 -0.137443
0.107157 -0.143451
0.117608 -0.149077
0.128454 -0.155639
0.139683 -0.161442
0.151282 -0.167988
0.163235 -0.173230
0.175532 -0.179654
0.188157 -0.185494
0.201097 -0.189767
0.214337 -0.194896
0.227864 -0.199050
0.241663 -0.203003
0.255719 -0.205670
0.270017 -0.210897
0.284542 -0.213345
0.299280 -0.217837
0.314215 -0.219342
0.329331 -0.221249
0.344613 -0.222900
0.360045 -0.224180
0.375611 -0.225413
0.391296 -0.224367
0.407083 -0.226265
0.422957 -0.224391
0.438901 -0.224322
0.454899 -0.222431
0.470935 -0.220252
0.486992 -0.218500
0.503055 -0.216367
0.519107 -0.212515
0.535132 -0.212429
0.551114 -0.203711
0.567036 -0.201860
0.582884 -0.193647
0.598640 -0.189434
0.614290 -0.184015
0.629817 -0.176560
0.645206 -0.170197
0.660442 -0.162524
0.675509 -0.155313
0.690393 -0.147161
0.705077 -0.140687
0.719549 -0.131926
0.733793 -0.124263
0.747795 -0.116575
0.761542 -0.108759
0.775019 -0.101854
0.788214 -0.094001
0.801113 -0.087087
0.813704 -0.080360
0.825973 -0.075171
0.837910 -0.067700
0.849501 -0.060977
0.860735 -0.054335
0.871601 -0.049809
0.882088 -0.045097
0.892184 -0.041164
0.901880 -0.034290
0.911165 -0.028580
0.920031 -0.025055
0.928468 -0.021368
0.936467 -0.018148
0.944019 -0.013855
0.951116 -0.010759
0.957751 -0.008214
0.963920 -0.006319
0.969616 -0.004771
0.974836 -0.003144
0.979575 -0.002529
0.983831 -0.000992
0.987598 0.000120
0.990874 0.001009
0.993653 0.003478
0.995934 0.004110
0.997711 0.004632
0.998982 0.005924
0.999745 0.002611
1.000000 0.005362
