1.000000 0.018986
0.999745 0.018926
0.998982 0.021477
0.997711 0.022559
0.995933 0.023135
0.993653 0.024775
0.990874 0.025923
0.987598 0.027944
0.983830 0.030278
0.979575 0.033915
0.974836 0.037455
0.969616 0.040993
0.963920 0.044529
0.957751 0.049317
0.951116 0.053345
0.944019 0.057594
0.936467 0.061805
0.928468 0.067299
0.920031 0.074206
0.911165 0.080261
0.901879 0.086457
0.892183 0.091579
0.882087 0.097937
0.871601 0.104276
0.860735 0.110871
0.849501 0.118043
0.837910 0.124071
0.825974 0.130660
0.813704 0.136935
0.801113 0.143979
0.788214 0.150563
0.775019 0.157376
0.761541 0.163944
0.747795 0.169972
0.733792 0.176474
0.719548 0.182625
0.705077 0.188436
0.690392 0.194169
0.675509 0.199037
0.660442 0.203996
0.645206 0.208248
0.629817 0.212482
0.614290 0.215505
0.598640 0.218962
0.582884 0.220412
0.567036 0.224006
0.551113 0.226180
0.535131 0.227398
0.519106 0.229384
0.503054 0.230194
0.486991 0.232274
0.470934 0.232600
0.454898 0.232639
0.438900 0.232410
0.422956 0.232384
0.407083 0.232259
0.391295 0.231395
0.375610 0.230583
0.360044 0.228114
0.344612 0.226158
0.329330 0.224322
0.314213 0.222288
0.299279 0.220657
0.284541 0.218122
0.270015 0.214853
0.255717 0.210768
0.241661 0.207037
0.227862 0.204063
0.214336 0.200748
0.201095 0.197782
0.188155 0.193750
0.175530 0.188858
0.163234 0.184460
0.151280 0.180222
0.139681 0.175484
0.128452 0.170978
0.117606 0.165257
0.107155 0.159940
0.097113 0.154526
0.087493 0.149329
0.078306 0.145040
0.069566 0.140130
0.061285 0.132834
0.053474 0.127630
0.046150 0.121727
0.039326 0.114911
0.033014 0.107486
0.027230 0.099577
0.021980 0.091345
0.017277 0.081785
0.013141 0.072148
0.009573 0.060980
0.006583 0.050241
0.004188 0.039726
0.002354 0.029156
0.001081 0.022018
0.000371 0.015433
0.000077 0.011178
0.000005 0.008767
0.000000 0.008700
0.000005 0.007213
0.000077 0.004102
0.000371 -0.000398
0.001081 -0.007008
0.002353 -0.015610
0.004188 -0.025817
0.006585 -0.037036
0.009576 -0.048223
0.013145 -0.059726
0.017281 -0.070485
0.021983 -0.080280
0.027232 -0.091090
0.033016 -0.100027
0.039328 -0.108779
0.046152 -0.116386
0.053476 -0.124970
0.061287 -0.133056
0.069568 -0.141140
0.078308 -0.146936
0.087495 -0.153467
0.097115 -0.160953
0.107157 -0.166145
0.117608 -0.172738
0.128454 -0.177960
0.139683 -0.184401
0.151282 -0.189401
0.163235 -0.193202
0.175532 -0.198255
0.188157 -0.203412
0.201097 -0.207195
0.214337 -0.211099
0.227864 -0.214076
0.241663 -0.215081
0.255719 -0.218610
0.270017 -0.221415
0.284542 -0.221197
0.299280 -0.222457
0.314215 -0.223419
0.329331 -0.223578
0.344613 -0.224828
0.360045 -0.220969
0.375611 -0.217797
0.391296 -0.215082
0.407083 -0.211696
0.422957 -0.207869
0.438901 -0.204215
0.454899 -0.197985
0.470935 -0.194390
0.486992 -0.184901
0.503055 -0.178804
0.519107 -0.172667
0.535132 -0.163772
0.551114 -0.155840
0.567036 -0.147418
0.582884 -0.138489
0.598640 -0.130089
0.614290 -0.121396
0.629817 -0.112085
0.645206 -0.102835
0.660442 -0.093105
0.675509 -0.084386
0.690393 -0.075477
0.705077 -0.066969
0.719549 -0.059349
0.733793 -0.050935
0.747795 -0.043587
0.761542 -0.034748
0.775019 -0.027385
0.788214 -0.021034
0.801113 -0.015120
0.813704 -0.009619
0.825973 -0.003333
0.837910 0.001597
0.849501 0.006481
0.860735 0.011187
0.871601 0.013295
0.882088 0.015971
0.892184 0.016502
0.901880 0.017966
0.911165 0.018230
0.920031 0.018833
0.928468 0.018918
0.936467 0.018477
0.944019 0.017621
0.951116 0.016773
0.957751 0.015664
0.963920 0.014564
0.969616 0.013282
0.974836 0.011156
0.979575 0.010438
0.983831 0.008825
0.987598 0.006828
0.990874 0.006124
0.993653 0.004790
0.995934 0.003303
0.997711 0.003253
0.998982 0.003368
0.999745 0.003848
1.000000 0.000383
