1.000000 0.015007
0.999745 0.015577
0.998982 0.015160
0.997711 0.012924
0.995933 0.009779
0.993653 0.011434
0.990874 0.012415
0.987598 0.013263
0.983830 0.014280
0.979575 0.013993
0.974836 0.015225
0.969616 0.015666
0.963920 0.017218
0.957751 0.018409
0.951116 0.021099
0.944019 0.022855
0.936467 0.023210
0.928468 0.026624
0.920031 0.029291
0.911165 0.032763
0.901879 0.037262
0.892183 0.041719
0.882087 0.046424
0.871601 0.051673
0.860735 0.056850
0.849501 0.062095
0.837910 0.067951
0.825974 0.074424
0.813704 0.080695
0.801113 0.086848
0.788214 0.094032
0.775019 0.101203
0.761541 0.109672
0.747795 0.117750
0.733792 0.125752
0.719548 0.132531
0.705077 0.139422
0.690392 0.151473
0.675509 0.156401
0.660442 0.165705
0.645206 0.173243
0.629817 0.182046
0.614290 0.189553
0.598640 0.197923
0.582884 0.204434
0.567036 0.213583
0.551113 0.218041
0.535131 0.223907
0.519106 0.229778
0.503054 0.234334
0.486991 0.239373
0.470934 0.243647
0.454898 0.247396
0.438900 0.250853
0.422956 0.253425
0.407083 0.256078
0.391295 0.258021
0.375610 0.259415
0.360044 0.260369
0.344612 0.259234
0.329330 0.258485
0.314213 0.258999
0.299279 0.255752
0.284541 0.254121
0.270015 0.251570
0.255717 0.248735
0.241661 0.245947
0.227862 0.242295
0.214336 0.238922
0.201095 0.235292
0.188155 0.230456
0.175530 0.224581
0.163234 0.218605
0.151280 0.212900
0.139681 0.206185
0.128452 0.200873
0.117606 0.193497
0.107155 0.185870
0.097113 0.177220
0.087493 0.170212
0.078306 0.161179
0.069566 0.153172
0.061285 0.144667
0.053474 0.136315
0.046150 0.126131
0.039326 0.117314
0.033014 0.108628
0.027230 0.099268
0.021980 0.089473
0.017277 0.081257
0.013141 0.071162
0.009573 0.059899
0.006583 0.052131
0.004188 0.041977
0.002354 0.032260
0.001081 0.024886
0.000371 0.018500
0.000077 0.012850
0.000005 0.009841
0.000000 0.007666
0.000005 0.006492
0.000077 0.003527
0.000371 -0.000749
0.001081 -0.006581
0.002353 -0.012143
0.004188 -0.019307
0.006585 -0.025569
0.009576 -0.031195
0.013145 -0.036777
0.017281 -0.041434
0.021983 -0.045718
0.027232 -0.049363
0.033016 -0.054157
0.039328 -0.056376
0.046152 -0.060503
0.053476 -0.063599
0.061287 -0.066147
0.069568 -0.069409
0.078308 -0.071618
0.087495 -0.074844
0.097115 -0.076244
0.107157 -0.079400
0.117608 -0.080033
0.128454 -0.082749
0.139683 -0.083669
0.151282 -0.084900
0.163235 -0.086462
0.175532 -0.087721
0.188157 -0.088464
0.201097 -0.088725
0.214337 -0.088536
0.227864 -0.089477
0.241663 -0.090438
0.255719 -0.090858
0.270017 -0.091286
0.284542 -0.091319
0.299280 -0.092274
0.314215 -0.091759
0.329331 -0.092548
0.344613 -0.090288
0.360045 -0.090461
0.375611 -0.090566
0.391296 -0.090184
0.407083 -0.088900
0.422957 -0.089159
0.438901 -0.087672
0.454899 -0.087395
0.470935 -0.086558
0.486992 -0.084336
0.503055 -0.084419
0.519107 -0.083019
0.535132 -0.082011
0.551114 -0.080964
0.567036 -0.079709
0.582884 -0.078497
0.598640 -0.075758
0.614290 -0.074643
0.629817 -0.073181
0.645206 -0.072119
0.660442 -0.070676
0.675509 -0.067823
0.690393 -0.066101
0.705077 -0.063475
0.719549 -0.061309
0.733793 -0.058133
0.747795 -0.058005
0.761542 -0.054289
0.775019 -0.051734
0.788214 -0.049802
0.801113 -0.047428
0.813704 -0.045170
0.825973 -0.041573
0.837910 -0.039737
0.849501 -0.036616
0.860735 -0.034561
0.871601 -0.032282
0.882088 -0.028817
0.892184 -0.026583
0.901880 -0.023519
0.911165 -0.020839
0.920031 -0.018101
0.928468 -0.016112
0.936467 -0.013473
0.944019 -0.010372
0.951116 -0.008211
0.957751 -0.006091
0.963920 -0.004560
0.969616 -0.002555
0.974836 -0.001199
0.979575 0.000157
0.983831 0.001181
0.987598 0.000980
0.990874 0.003133
0.993653 0.004145
0.995934 0.004569
0.997711 0.005296
0.998982 0.006627
0.999745 0.002519
1.000000 0.002642
