1.000000 0.008814
0.999745 0.009934
0.998982 0.013091
0.997711 0.011631
0.995933 0.011175
0.993653 0.012028
0.990874 0.013282
0.987598 0.014372
0.983830 0.015549
0.979575 0.018363
0.974836 0.019741
0.969616 0.021361
0.963920 0.025017
0.957751 0.027401
0.951116 0.030975
0.944019 0.034244
0.936467 0.037790
0.928468 0.041553
0.920031 0.044888
0.911165 0.049481
0.901879 0.053926
0.892183 0.058327
0.882087 0.062644
0.871601 0.066469
0.860735 0.072348
0.849501 0.077123
0.837910 0.082898
0.825974 0.088538
0.813704 0.093464
0.801113 0.100399
0.788214 0.105700
0.775019 0.111078
0.761541 0.118733
0.747795 0.123497
0.733792 0.128777
0.719548 0.136796
0.705077 0.141869
0.690392 0.148554
0.675509 0.154784
0.660442 0.159983
0.645206 0.166084
0.629817 0.169739
0.614290 0.174814
0.598640 0.179748
0.582884 0.184538
0.567036 0.189387
0.551113 0.193551
0.535131 0.197220
0.519106 0.200945
0.503054 0.202829
0.486991 0.205775
0.470934 0.207458
0.454898 0.210878
0.438900 0.210387
0.422956 0.212549
0.407083 0.213852
0.391295 0.214978
0.375610 0.214428
0.360044 0.214398
0.344612 0.213695
0.329330 0.212362
0.314213 0.210926
0.299279 0.209262
0.284541 0.208020
0.270015 0.206572
0.255717 0.204993
0.241661 0.202838
0.227862 0.199798
0.214336 0.196602
0.201095 0.193607
0.188155 0.189941
0.175530 0.185840
0.163234 0.183329
0.151280 0.178237
0.139681 0.173115
0.128452 0.167689
0.117606 0.161411
0.107155 0.155582
0.097113 0.149955
0.087493 0.143979
0.078306 0.135853
0.069566 0.131281
0.061285 0.123994
0.053474 0.115129
0.046150 0.109293
0.039326 0.100631
0.033014 0.093264
0.027230 0.083949
0.021980 0.077457
0.017277 0.069968
0.013141 0.062163
0.009573 0.054551
0.006583 0.044989
0.004188 0.036547
0.002354 0.029459
0.001081 0.021771
0.000371 0.015828
0.000077 0.011697
0.000005 0.008204
0.000000 0.007990
0.000005 0.007119
0.000077 0.005223
0.000371 -0.000773
0.001081 -0.005723
0.002353 -0.011718
0.004188 -0.017681
0.006585 -0.023137
0.009576 -0.026578
0.013145 -0.030368
0.017281 -0.033737
0.021983 -0.036345
0.027232 -0.039723
0.033016 -0.042942
0.039328 -0.044880
0.046152 -0.047855
0.053476 -0.052584
0.061287 -0.052347
0.069568 -0.053653
0.078308 -0.056147
0.087495 -0.058611
0.097115 -0.060936
0.107157 -0.063088
0.117608 -0.066069
0.128454 -0.068535
0.139683 -0.072238
0.151282 -0.074665
0.163235 -0.075857
0.175532 -0.079798
0.188157 -0.082736
0.201097 -0.084429
0.214337 -0.086698
0.227864 -0.091477
0.241663 -0.092613
0.255719 -0.093855
0.270017 -0.095570
0.284542 -0.097078
0.299280 -0.099471
0.314215 -0.099655
0.329331 -0.101322
0.344613 -0.103150
0.360045 -0.105146
0.375611 -0.106326
0.391296 -0.107167
0.407083 -0.107533
0.422957 -0.108031
0.438901 -0.108299
0.454899 -0.107716
0.470935 -0.107810
0.486992 -0.107155
0.503055 -0.107374
0.519107 -0.104246
0.535132 -0.101393
0.551114 -0.102640
0.567036 -0.097969
0.582884 -0.095787
0.598640 -0.092700
0.614290 -0.089726
0.629817 -0.086977
0.645206 -0.083082
0.660442 -0.079411
0.675509 -0.075640
0.690393 -0.072161
0.705077 -0.069423
0.719549 -0.064913
0.733793 -0.062219
0.747795 -0.057120
0.761542 -0.052513
0.775019 -0.049663
0.788214 -0.044220
0.801113 -0.041224
0.813704 -0.036670
0.825973 -0.033095
0.837910 -0.030398
0.849501 -0.027223
0.860735 -0.023863
0.871601 -0.019841
0.882088 -0.016951
0.892184 -0.015739
0.901880 -0.012311
0.911165 -0.010514
0.920031 -0.007897
0.928468 -0.006189
0.936467 -0.004758
0.944019 -0.004664
0.951116 -0.003203
0.957751 -0.002002
0.963920 0.000214
0.969616 0.001560
0.974836 0.002829
0.979575 0.004055
0.983831 0.004776
0.987598 0.005586
0.990874 0.006237
0.993653 0.007015
0.995934 0.007128
0.997711 0.006933
0.998982 0.008152
0.999745 0.007038
1.000000 0.006915
