1.000000 0.009939
0.999745 0.016900
0.998982 0.018276
0.997711 0.018404
0.995933 0.020315
0.993653 0.022899
0.990874 0.023635
0.987598 0.027122
0.983830 0.030927
0.979575 0.035330
0.974836 0.041225
0.969616 0.046740
0.963920 0.051946
0.957751 0.057981
0.951116 0.065278
0.944019 0.072279
0.936467 0.079770
0.928468 0.086343
0.920031 0.093047
0.911165 0.100901
0.901879 0.108374
0.892183 0.116389
0.882087 0.124668
0.871601 0.132987
0.860735 0.141266
0.849501 0.149274
0.837910 0.157134
0.825974 0.165718
0.813704 0.173163
0.801113 0.180426
0.788214 0.188425
0.775019 0.195938
0.761541 0.201557
0.747795 0.208631
0.733792 0.214672
0.719548 0.221780
0.705077 0.228598
0.690392 0.233298
0.675509 0.239009
0.660442 0.243243
0.645206 0.248145
0.629817 0.253121
0.614290 0.255868
0.598640 0.259435
0.582884 0.262415
0.567036 0.265193
0.551113 0.267318
0.535131 0.269349
0.519106 0.270979
0.503054 0.272776
0.486991 0.273315
0.470934 0.273606
0.454898 0.274165
0.438900 0.274604
0.422956 0.274424
0.407083 0.275856
0.391295 0.273973
0.375610 0.273192
0.360044 0.273279
0.344612 0.271154
0.329330 0.270149
0.314213 0.268851
0.299279 0.265739
0.284541 0.262749
0.270015 0.259262
0.255717 0.256449
0.241661 0.252865
0.227862 0.248366
0.214336 0.244331
0.201095 0.240002
0.188155 0.235007
0.175530 0.230119
0.163234 0.224351
0.151280 0.218090
0.139681 0.212410
0.128452 0.207694
0.117606 0.201454
0.107155 0.195324
0.097113 0.187554
0.087493 0.179200
0.078306 0.171207
0.069566 0.163958
0.061285 0.155736
0.053474 0.147364
0.046150 0.138077
0.039326 0.127938
0.033014 0.118212
0.027230 0.107329
0.021980 0.096700
0.017277 0.086483
0.013141 0.074665
0.009573 0.062309
0.006583 0.050065
0.004188 0.039061
0.002354 0.029577
0.001081 0.021761
0.000371 0.014010
0.000077 0.009163
0.000005 0.007015
0.000000 0.005732
0.000005 0.006510
0.000077 0.003097
0.000371 -0.000881
0.001081 -0.007210
0.002353 -0.016346
0.004188 -0.026063
0.006585 -0.036547
0.009576 -0.045601
0.013145 -0.057030
0.017281 -0.066896
0.021983 -0.076956
0.027232 -0.087843
0.033016 -0.095356
0.039328 -0.103134
0.046152 -0.109561
0.053476 -0.117052
0.061287 -0.122065
0.069568 -0.128842
0.078308 -0.134216
0.087495 -0.140905
0.097115 -0.146625
0.107157 -0.150562
0.117608 -0.154913
0.128454 -0.158746
0.139683 -0.164786
0.151282 -0.167705
0.163235 -0.171240
0.175532 -0.174857
0.188157 -0.177566
0.201097 -0.180727
0.214337 -0.182421
0.227864 -0.185714
0.241663 -0.187512
0.255719 -0.189193
0.270017 -0.190334
0.284542 -0.191543
0.299280 -0.192439
0.314215 -0.192516
0.329331 -0.192623
0.344613 -0.193030
0.360045 -0.191908
0.375611 -0.191732
0.391296 -0.190131
0.407083 -0.187633
0.422957 -0.187213
0.438901 -0.183206
0.454899 -0.182065
0.470935 -0.176393
0.486992 -0.171719
0.503055 -0.169531
0.519107 -0.161351
0.535132 -0.155689
0.551114 -0.148143
0.567036 -0.139867
0.582884 -0.131573
0.598640 -0.124089
0.614290 -0.113666
0.629817 -0.105397
0.645206 -0.093468
0.660442 -0.084180
0.675509 -0.073124
0.690393 -0.061333
0.705077 -0.049988
0.719549 -0.039814
0.733793 -0.027515
0.747795 -0.017640
0.761542 -0.006476
0.775019 0.003097
0.788214 0.011392
0.801113 0.018987
0.813704 0.027026
0.825973 0.032120
0.837910 0.037646
0.849501 0.042313
0.860735 0.044894
0.871601 0.047981
0.882088 0.049696
0.892184 0.050320
0.901880 0.051296
0.911165 0.049240
0.920031 0.048007
0.928468 0.045990
0.936467 0.043181
0.944019 0.040092
0.951116 0.036903
0.957751 0.032874
0.963920 0.029034
0.969616 0.025013
0.974836 0.021874
0.979575 0.017909
0.983831 0.014449
0.987598 0.011737
0.990874 0.008470
0.993653 0.006718
0.995934 0.004514
0.997711 0.003289
0.998982 0.002107
0.999745 0.002380
1.000000 0.000648
