1.000000 -0.001437
0.999745 -0.001203
0.998982 -0.000506
0.997711 0.000613
0.995933 0.002093
0.993653 0.004007
0.990874 0.006426
0.987598 0.009316
0.983830 0.012646
0.979575 0.016445
0.974836 0.020729
0.969616 0.025469
0.963920 0.030614
0.957751 0.036127
0.951116 0.041955
0.944019 0.048048
0.936467 0.054394
0.928468 0.060990
0.920031 0.067837
0.911165 0.074920
0.901879 0.082261
0.892183 0.089886
0.882087 0.097765
0.871601 0.105873
0.860735 0.114186
0.849501 0.122689
0.837910 0.131431
0.825974 0.140363
0.813704 0.149438
0.801113 0.158636
0.788214 0.167916
0.775019 0.177262
0.761541 0.186554
0.747795 0.195786
0.733792 0.204924
0.719548 0.213933
0.705077 0.222750
0.690392 0.231395
0.675509 0.239799
0.660442 0.247954
0.645206 0.255808
0.629817 0.263314
0.614290 0.270442
0.598640 0.277178
0.582884 0.283523
0.567036 0.289426
0.551113 0.294855
0.535131 0.299788
0.519106 0.304237
0.503054 0.308173
0.486991 0.311570
0.470934 0.314448
0.454898 0.316795
0.438900 0.318573
0.422956 0.319755
0.407083 0.320372
0.391295 0.320434
0.375610 0.319939
0.360044 0.318891
0.344612 0.317318
0.329330 0.315208
0.314213 0.312547
0.299279 0.309388
0.284541 0.305796
0.270015 0.301747
0.255717 0.297228
0.241661 0.292261
0.227862 0.286853
0.214336 0.281007
0.201095 0.274741
0.188155 0.268102
0.175530 0.261071
0.163234 0.253612
0.151280 0.245720
0.139681 0.237402
0.128452 0.228635
0.117606 0.219441
0.107155 0.209887
0.097113 0.200054
0.087493 0.189964
0.078306 0.179560
0.069566 0.168789
0.061285 0.157695
0.053474 0.146450
0.046150 0.135091
0.039326 0.123711
0.033014 0.112278
0.027230 0.100781
0.021980 0.089210
0.017277 0.077657
0.013141 0.066258
0.009573 0.055164
0.006583 0.044592
0.004188 0.034603
0.002354 0.025401
0.001081 0.017328
0.000371 0.010758
0.000077 0.005943
0.000005 0.003028
0.000000 0.002052
0.000005 0.001103
0.000077 -0.001756
0.000371 -0.006362
0.001081 -0.012465
0.002353 -0.019553
0.004188 -0.026914
0.006585 -0.034212
0.009576 -0.041613
0.013145 -0.048587
0.017281 -0.055143
0.021983 -0.061452
0.027232 -0.067429
0.033016 -0.073066
0.039328 -0.078440
0.046152 -0.083580
0.053476 -0.088437
0.061287 -0.093024
0.069568 -0.097407
0.078308 -0.101557
0.087495 -0.105412
0.097115 -0.108986
0.107157 -0.112264
0.117608 -0.115317
0.128454 -0.118085
0.139683 -0.120618
0.151282 -0.122881
0.163235 -0.124877
0.175532 -0.126582
0.188157 -0.128024
0.201097 -0.129211
0.214337 -0.130121
0.227864 -0.130760
0.241663 -0.131114
0.255719 -0.131177
0.270017 -0.130921
0.284542 -0.130350
0.299280 -0.129483
0.314215 -0.128327
0.329331 -0.126882
0.344613 -0.125155
0.360045 -0.123142
0.375611 -0.120863
0.391296 -0.118316
0.407083 -0.115499
0.422957 -0.112438
0.438901 -0.109167
0.454899 -0.105709
0.470935 -0.102081
0.486992 -0.098308
0.503055 -0.094412
0.519107 -0.090399
0.535132 -0.086286
0.551114 -0.082100
0.567036 -0.077845
0.582884 -0.073504
0.598640 -0.069077
0.614290 -0.064588
0.629817 -0.060039
0.645206 -0.055445
0.660442 -0.050832
0.675509 -0.046245
0.690393 -0.041712
0.705077 -0.037268
0.719549 -0.032945
0.733793 -0.028766
0.747795 -0.024714
0.761542 -0.020844
0.775019 -0.017186
0.788214 -0.013759
0.801113 -0.010580
0.813704 -0.007676
0.825973 -0.005024
0.837910 -0.002629
0.849501 -0.000500
0.860735 0.001347
0.871601 0.002936
0.882088 0.004278
0.892184 0.005361
0.901880 0.006206
0.911165 0.006776
0.920031 0.007097
0.928468 0.007217
0.936467 0.007163
0.944019 0.006951
0.951116 0.006625
0.957751 0.006235
0.963920 0.005781
0.969616 0.005234
0.974836 0.004574
0.979575 0.003786
0.983831 0.002905
0.987598 0.001985
0.990874 0.001098
0.993653 0.000274
0.995934 -0.000472
0.997711 -0.001079
0.998982 -0.001469
0.999745 -0.001676
1.000000 -0.001743
