1.000000 0.009524
0.999745 0.008687
0.998982 0.010293
0.997711 0.012501
0.995933 0.012885
0.993653 0.014329
0.990874 0.015098
0.987598 0.016181
0.983830 0.018269
0.979575 0.020160
0.974836 0.023685
0.969616 0.024586
0.963920 0.026020
0.957751 0.028198
0.951116 0.030517
0.944019 0.031495
0.936467 0.033083
0.928468 0.034803
0.920031 0.036690
0.911165 0.038540
0.901879 0.040587
0.892183 0.042187
0.882087 0.043912
0.871601 0.046133
0.860735 0.047199
0.849501 0.048548
0.837910 0.049430
0.825974 0.051196
0.813704 0.052732
0.801113 0.054496
0.788214 0.056849
0.775019 0.057690
0.761541 0.059538
0.747795 0.059946
0.733792 0.062126
0.719548 0.063277
0.705077 0.064187
0.690392 0.064964
0.675509 0.064767
0.660442 0.066523
0.645206 0.066922
0.629817 0.067927
0.614290 0.068328
0.598640 0.068360
0.582884 0.069122
0.567036 0.068827
0.551113 0.069677
0.535131 0.071221
0.519106 0.069888
0.503054 0.069004
0.486991 0.068625
0.470934 0.068538
0.454898 0.070075
0.438900 0.069948
0.422956 0.069884
0.407083 0.069267
0.391295 0.068933
0.375610 0.068167
0.360044 0.067277
0.344612 0.066161
0.329330 0.066477
0.314213 0.065848
0.299279 0.064911
0.284541 0.063743
0.270015 0.062827
0.255717 0.061779
0.241661 0.060658
0.227862 0.059949
0.214336 0.059131
0.201095 0.057413
0.188155 0.056001
0.175530 0.054924
0.163234 0.052978
0.151280 0.052847
0.139681 0.051027
0.128452 0.050118
0.117606 0.049159
0.107155 0.048458
0.097113 0.047807
0.087493 0.045528
0.078306 0.044595
0.069566 0.042204
0.061285 0.040071
0.053474 0.039382
0.046150 0.035675
0.039326 0.034810
0.033014 0.033509
0.027230 0.031254
0.021980 0.029269
0.017277 0.027476
0.013141 0.026737
0.009573 0.025223
0.006583 0.023221
0.004188 0.021313
0.002354 0.018931
0.001081 0.015592
0.000371 0.013576
0.000077 0.008073
0.000005 0.008988
0.000000 0.007275
0.000005 0.005715
0.000077 0.003427
0.000371 0.001201
0.001081 -0.001200
0.002353 -0.002293
0.004188 -0.003018
0.006585 -0.004712
0.009576 -0.005845
0.013145 -0.008307
0.017281 -0.008820
0.021983 -0.009358
0.027232 -0.010468
0.033016 -0.012721
0.039328 -0.013985
0.046152 -0.014133
0.053476 -0.014607
0.061287 -0.015773
0.069568 -0.015544
0.078308 -0.016813
0.087495 -0.017043
0.097115 -0.017269
0.107157 -0.018052
0.117608 -0.018223
0.128454 -0.018259
0.139683 -0.018830
0.151282 -0.019639
0.163235 -0.019446
0.175532 -0.019780
0.188157 -0.020235
0.201097 -0.020560
0.214337 -0.019445
0.227864 -0.020257
0.241663 -0.019582
0.255719 -0.019832
0.270017 -0.020179
0.284542 -0.019477
0.299280 -0.019750
0.314215 -0.021257
0.329331 -0.019627
0.344613 -0.019584
0.360045 -0.019281
0.375611 -0.017560
0.391296 -0.017913
0.407083 -0.017854
0.422957 -0.017457
0.438901 -0.017115
0.454899 -0.015363
0.470935 -0.015890
0.486992 -0.013731
0.503055 -0.012576
0.519107 -0.012155
0.535132 -0.010595
0.551114 -0.010482
0.567036 -0.009455
0.582884 -0.007079
0.598640 -0.006389
0.614290 -0.004103
0.629817 -0.000643
0.645206 -0.000065
0.660442 0.002357
0.675509 0.004511
0.690393 0.006199
0.705077 0.008783
0.719549 0.011152
0.733793 0.013077
0.747795 0.014015
0.761542 0.017108
0.775019 0.017197
0.788214 0.019254
0.801113 0.020234
0.813704 0.021185
0.825973 0.022289
0.837910 0.023459
0.849501 0.024148
0.860735 0.025865
0.871601 0.026027
0.882088 0.026787
0.892184 0.026314
0.901880 0.024681
0.911165 0.024435
0.920031 0.023766
0.928468 0.023478
0.936467 0.022326
0.944019 0.020486
0.951116 0.019181
0.957751 0.017530
0.963920 0.015315
0.969616 0.014585
0.974836 0.011868
0.979575 0.011887
0.983831 0.011537
0.987598 0.010568
0.990874 0.009772
0.993653 0.010297
0.995934 0.010009
0.997711 0.010765
0.998982 0.011466
0.999745 0.010787
1.000000 0.009677
