1.000000 0.010629
0.999745 0.008551
0.998982 0.011090
0.997711 0.011418
0.995933 0.013139
0.993653 0.014198
0.990874 0.014046
0.987598 0.016417
0.983830 0.018791
0.979575 0.021898
0.974836 0.024314
0.969616 0.025697
0.963920 0.031499
0.957751 0.034779
0.951116 0.037990
0.944019 0.042789
0.936467 0.046412
0.928468 0.050880
0.920031 0.055316
0.911165 0.059483
0.901879 0.064762
0.892183 0.069015
0.882087 0.074882
0.871601 0.078882
0.860735 0.082994
0.849501 0.087391
0.837910 0.093435
0.825974 0.097297
0.813704 0.102413
0.801113 0.107472
0.788214 0.112824
0.775019 0.118465
0.761541 0.123790
0.747795 0.128822
0.733792 0.134357
0.719548 0.138922
0.705077 0.142790
0.690392 0.148817
0.675509 0.152205
0.660442 0.156749
0.645206 0.161180
0.629817 0.165055
0.614290 0.169315
0.598640 0.172692
0.582884 0.174945
0.567036 0.177716
0.551113 0.181250
0.535131 0.184395
0.519106 0.187406
0.503054 0.190044
0.486991 0.192487
0.470934 0.194421
0.454898 0.196279
0.438900 0.197441
0.422956 0.198328
0.407083 0.198519
0.391295 0.198859
0.375610 0.199066
0.360044 0.199566
0.344612 0.199905
0.329330 0.200148
0.314213 0.199189
0.299279 0.198911
0.284541 0.198214
0.270015 0.197657
0.255717 0.197054
0.241661 0.195211
0.227862 0.193989
0.214336 0.192109
0.201095 0.190659
0.188155 0.189368
0.175530 0.187234
0.163234 0.184241
0.151280 0.181475
0.139681 0.177904
0.128452 0.174635
0.117606 0.171232
0.107155 0.165831
0.097113 0.160049
0.087493 0.155816
0.078306 0.150681
0.069566 0.146828
0.061285 0.140431
0.053474 0.133559
0.046150 0.126616
0.039326 0.119696
0.033014 0.111711
0.027230 0.102471
0.021980 0.092819
0.017277 0.082558
0.013141 0.072950
0.009573 0.063294
0.006583 0.052738
0.004188 0.041852
0.002354 0.032409
0.001081 0.023638
0.000371 0.016485
0.000077 0.010820
0.000005 0.008163
0.000000 0.007721
0.000005 0.006584
0.000077 0.004416
0.000371 -0.000125
0.001081 -0.006574
0.002353 -0.014622
0.004188 -0.024679
0.006585 -0.035383
0.009576 -0.046117
0.013145 -0.056797
0.017281 -0.065243
0.021983 -0.074571
0.027232 -0.083130
0.033016 -0.090093
0.039328 -0.096009
0.046152 -0.102828
0.053476 -0.110352
0.061287 -0.113189
0.069568 -0.119221
0.078308 -0.125904
0.087495 -0.129361
0.097115 -0.133858
0.107157 -0.138285
0.117608 -0.143744
0.128454 -0.147724
0.139683 -0.151252
0.151282 -0.153764
0.163235 -0.157336
0.175532 -0.160966
0.188157 -0.162827
0.201097 -0.165336
0.214337 -0.167535
0.227864 -0.168610
0.241663 -0.170343
0.255719 -0.172982
0.270017 -0.172654
0.284542 -0.173837
0.299280 -0.174630
0.314215 -0.174641
0.329331 -0.175924
0.344613 -0.174679
0.360045 -0.175750
0.375611 -0.173632
0.391296 -0.172932
0.407083 -0.171999
0.422957 -0.170059
0.438901 -0.169220
0.454899 -0.166944
0.470935 -0.163606
0.486992 -0.161889
0.503055 -0.159190
0.519107 -0.156620
0.535132 -0.153552
0.551114 -0.150662
0.567036 -0.146774
0.582884 -0.143817
0.598640 -0.140725
0.614290 -0.136550
0.629817 -0.132390
0.645206 -0.128437
0.660442 -0.123848
0.675509 -0.119772
0.690393 -0.115227
0.705077 -0.110543
0.719549 -0.107005
0.733793 -0.100847
0.747795 -0.096920
0.761542 -0.090729
0.775019 -0.087168
0.788214 -0.081505
0.801113 -0.078033
0.813704 -0.073387
0.825973 -0.068411
0.837910 -0.063233
0.849501 -0.059674
0.860735 -0.056149
0.871601 -0.051306
0.882088 -0.046448
0.892184 -0.043197
0.901880 -0.037879
0.911165 -0.034704
0.920031 -0.030138
0.928468 -0.027994
0.936467 -0.023344
0.944019 -0.018782
0.951116 -0.015714
0.957751 -0.012739
0.963920 -0.009621
0.969616 -0.007209
0.974836 -0.005144
0.979575 -0.003105
0.983831 -0.001572
0.987598 0.000201
0.990874 0.001747
0.993653 0.003451
0.995934 0.003945
0.997711 0.005997
0.998982 0.006188
0.999745 0.005974
1.000000 0.005998
