1.000000 0.004100
0.999745 0.005450
0.998982 0.007123
0.997711 0.008908
0.995933 0.011458
0.993653 0.014116
0.990874 0.015211
0.987598 0.019219
0.983830 0.021818
0.979575 0.026679
0.974836 0.033562
0.969616 0.039711
0.963920 0.045678
0.957751 0.051501
0.951116 0.058501
0.944019 0.064912
0.936467 0.073204
0.928468 0.080021
0.920031 0.087728
0.911165 0.095292
0.901879 0.103600
0.892183 0.111421
0.882087 0.119581
0.871601 0.128405
0.860735 0.137000
0.849501 0.145648
0.837910 0.155350
0.825974 0.163724
0.813704 0.173270
0.801113 0.182670
0.788214 0.191650
0.775019 0.200872
0.761541 0.210481
0.747795 0.220182
0.733792 0.229334
0.719548 0.237537
0.705077 0.246820
0.690392 0.253642
0.675509 0.260146
0.660442 0.267897
0.645206 0.272729
0.629817 0.278858
0.614290 0.283448
0.598640 0.288426
0.582884 0.290285
0.567036 0.294099
0.551113 0.295530
0.535131 0.297424
0.519106 0.299334
0.503054 0.299576
0.486991 0.299888
0.470934 0.299485
0.454898 0.299239
0.438900 0.298760
0.422956 0.296887
0.407083 0.295267
0.391295 0.293174
0.375610 0.290527
0.360044 0.287893
0.344612 0.284854
0.329330 0.281494
0.314213 0.277707
0.299279 0.273346
0.284541 0.269627
0.270015 0.264524
0.255717 0.258649
0.241661 0.253119
0.227862 0.247487
0.214336 0.241570
0.201095 0.234078
0.188155 0.226895
0.175530 0.219654
0.163234 0.212339
0.151280 0.204692
0.139681 0.196526
0.128452 0.187614
0.117606 0.179049
0.107155 0.170635
0.097113 0.161771
0.087493 0.153700
0.078306 0.143513
0.069566 0.133746
0.061285 0.124642
0.053474 0.115983
0.046150 0.107775
0.039326 0.098377
0.033014 0.089178
0.027230 0.080891
0.021980 0.073442
0.017277 0.065771
0.013141 0.057565
0.009573 0.049984
0.006583 0.042043
0.004188 0.034983
0.002354 0.028098
0.001081 0.021616
0.000371 0.015506
0.000077 0.012845
0.000005 0.009273
0.000000 0.008118
0.000005 0.006220
0.000077 0.003588
0.000371 -0.000664
0.001081 -0.003133
0.002353 -0.008035
0.004188 -0.013085
0.006585 -0.018135
0.009576 -0.024021
0.013145 -0.030124
0.017281 -0.036304
0.021983 -0.041087
0.027232 -0.046914
0.033016 -0.051876
0.039328 -0.058008
0.046152 -0.063384
0.053476 -0.068845
0.061287 -0.074273
0.069568 -0.077997
0.078308 -0.082826
0.087495 -0.087108
0.097115 -0.089960
0.107157 -0.093404
0.117608 -0.095862
0.128454 -0.098609
0.139683 -0.099947
0.151282 -0.101067
0.163235 -0.100926
0.175532 -0.101820
0.188157 -0.101131
0.201097 -0.098953
0.214337 -0.099599
0.227864 -0.096860
0.241663 -0.094741
0.255719 -0.093148
0.270017 -0.089936
0.284542 -0.086705
0.299280 -0.084337
0.314215 -0.080725
0.329331 -0.076043
0.344613 -0.073619
0.360045 -0.068433
0.375611 -0.064223
0.391296 -0.059605
0.407083 -0.056036
0.422957 -0.051600
0.438901 -0.047628
0.454899 -0.043783
0.470935 -0.039589
0.486992 -0.036445
0.503055 -0.033126
0.519107 -0.028538
0.535132 -0.024305
0.551114 -0.020912
0.567036 -0.017979
0.582884 -0.014055
0.598640 -0.011239
0.614290 -0.008719
0.629817 -0.006223
0.645206 -0.003559
0.660442 -0.001061
0.675509 0.002263
0.690393 0.004122
0.705077 0.005406
0.719549 0.005882
0.733793 0.008793
0.747795 0.010212
0.761542 0.011559
0.775019 0.012709
0.788214 0.013488
0.801113 0.014267
0.813704 0.015418
0.825973 0.015748
0.837910 0.015722
0.849501 0.015156
0.860735 0.015501
0.871601 0.015458
0.882088 0.014836
0.892184 0.014101
0.901880 0.013257
0.911165 0.012377
0.920031 0.012791
0.928468 0.011063
0.936467 0.011597
0.944019 0.011940
0.951116 0.011674
0.957751 0.010833
0.963920 0.010269
0.969616 0.009898
0.974836 0.010795
0.979575 0.010295
0.983831 0.008449
0.987598 0.010228
0.990874 0.009509
0.993653 0.009271
0.995934 0.008842
0.997711 0.008548
0.998982 0.007431
0.999745 0.008772
1.000000 0.007606
