1.000000 0.007383
0.999745 0.008463
0.998982 0.008756
0.997711 0.008799
0.995933 0.008393
0.993653 0.008590
0.990874 0.009297
0.987598 0.010400
0.983830 0.011313
0.979575 0.013207
0.974836 0.015087
0.969616 0.016137
0.963920 0.016876
0.957751 0.019770
0.951116 0.021205
0.944019 0.021899
0.936467 0.023331
0.928468 0.026429
0.920031 0.028567
0.911165 0.033124
0.901879 0.034861
0.892183 0.037070
0.882087 0.040048
0.871601 0.042953
0.860735 0.045348
0.849501 0.048619
0.837910 0.051293
0.825974 0.054987
0.813704 0.057856
0.801113 0.061567
0.788214 0.065137
0.775019 0.068209
0.761541 0.071065
0.747795 0.074248
0.733792 0.076729
0.719548 0.081315
0.705077 0.083590
0.690392 0.086996
0.675509 0.089256
0.660442 0.092422
0.645206 0.094947
0.629817 0.098600
0.614290 0.101019
0.598640 0.102723
0.582884 0.104891
0.567036 0.107579
0.551113 0.108939
0.535131 0.110941
0.519106 0.112429
0.503054 0.114640
0.486991 0.116644
0.470934 0.118511
0.454898 0.119881
0.438900 0.121097
0.422956 0.122167
0.407083 0.122757
0.391295 0.123466
0.375610 0.123410
0.360044 0.123925
0.344612 0.124456
0.329330 0.123866
0.314213 0.123066
0.299279 0.122112
0.284541 0.121579
0.270015 0.120461
0.255717 0.118688
0.241661 0.117295
0.227862 0.116178
0.214336 0.115151
0.201095 0.111666
0.188155 0.108224
0.175530 0.104031
0.163234 0.104543
0.151280 0.099335
0.139681 0.099230
0.128452 0.095800
0.117606 0.091591
0.107155 0.089390
0.097113 0.085521
0.087493 0.081563
0.078306 0.078044
0.069566 0.075527
0.061285 0.069927
0.053474 0.065879
0.046150 0.062525
0.039326 0.059983
0.033014 0.054902
0.027230 0.051751
0.021980 0.046617
0.017277 0.044961
0.013141 0.042813
0.009573 0.038901
0.006583 0.034770
0.004188 0.029832
0.002354 0.025289
0.001081 0.021512
0.000371 0.017071
0.000077 0.013032
0.000005 0.010508
0.000000 0.008601
0.000005 0.007440
0.000077 0.005083
0.000371 0.001507
0.001081 -0.003228
0.002353 -0.006582
0.004188 -0.010954
0.006585 -0.014446
0.009576 -0.018449
0.013145 -0.021518
0.017281 -0.024584
0.021983 -0.028092
0.027232 -0.031474
0.033016 -0.035456
0.039328 -0.040057
0.046152 -0.042777
0.053476 -0.046230
0.061287 -0.050497
0.069568 -0.054575
0.078308 -0.058461
0.087495 -0.063047
0.097115 -0.065686
0.107157 -0.068470
0.117608 -0.072991
0.128454 -0.076184
0.139683 -0.078607
0.151282 -0.081684
0.163235 -0.085962
0.175532 -0.088314
0.188157 -0.090746
0.201097 -0.093428
0.214337 -0.095401
0.227864 -0.097233
0.241663 -0.100707
0.255719 -0.101958
0.270017 -0.103903
0.284542 -0.103657
0.299280 -0.104087
0.314215 -0.104231
0.329331 -0.105555
0.344613 -0.105334
0.360045 -0.104839
0.375611 -0.104777
0.391296 -0.106193
0.407083 -0.101408
0.422957 -0.101136
0.438901 -0.099403
0.454899 -0.099419
0.470935 -0.096604
0.486992 -0.094910
0.503055 -0.093221
0.519107 -0.091182
0.535132 -0.087768
0.551114 -0.086195
0.567036 -0.082662
0.582884 -0.081090
0.598640 -0.078123
0.614290 -0.075401
0.629817 -0.071379
0.645206 -0.070296
0.660442 -0.067272
0.675509 -0.064571
0.690393 -0.060461
0.705077 -0.058069
0.719549 -0.054697
0.733793 -0.052872
0.747795 -0.048857
0.761542 -0.046142
0.775019 -0.043457
0.788214 -0.041098
0.801113 -0.037678
0.813704 -0.035543
0.825973 -0.032136
0.837910 -0.029942
0.849501 -0.026850
0.860735 -0.024674
0.871601 -0.022207
0.882088 -0.020032
0.892184 -0.017964
0.901880 -0.015806
0.911165 -0.013863
0.920031 -0.011912
0.928468 -0.009980
0.936467 -0.008784
0.944019 -0.007801
0.951116 -0.005640
0.957751 -0.003900
0.963920 -0.001352
0.969616 -0.000059
0.974836 0.000626
0.979575 0.002088
0.983831 0.003202
0.987598 0.004982
0.990874 0.004966
0.993653 0.006696
0.995934 0.006753
0.997711 0.007666
0.998982 0.007901
0.999745 0.003810
1.000000 0.008005
