1.000000 0.003731
0.999745 0.003890
0.998982 0.004362
0.997711 0.005128
0.995933 0.006153
0.993653 0.007492
0.990874 0.009199
0.987598 0.011285
0.983830 0.013751
0.979575 0.016607
0.974836 0.019855
0.969616 0.023492
0.963920 0.027506
0.957751 0.031862
0.951116 0.036501
0.944019 0.041377
0.936467 0.046490
0.928468 0.051854
0.920031 0.057475
0.911165 0.063344
0.901879 0.069491
0.892183 0.075949
0.882087 0.082688
0.871601 0.089688
0.860735 0.096947
0.849501 0.104463
0.837910 0.112310
0.825974 0.120429
0.813704 0.128747
0.801113 0.137265
0.788214 0.145967
0.775019 0.154830
0.761541 0.163753
0.747795 0.172728
0.733792 0.181737
0.719548 0.190748
0.705077 0.199713
0.690392 0.208650
0.675509 0.217498
0.660442 0.226244
0.645206 0.234834
0.629817 0.243228
0.614290 0.251417
0.598640 0.259371
0.582884 0.267084
0.567036 0.274505
0.551113 0.281600
0.535131 0.288352
0.519106 0.294755
0.503054 0.300767
0.486991 0.306363
0.470934 0.311549
0.454898 0.316305
0.438900 0.320596
0.422956 0.324412
0.407083 0.327755
0.391295 0.330622
0.375610 0.332970
0.360044 0.334782
0.344612 0.336058
0.329330 0.336775
0.314213 0.336893
0.299279 0.336392
0.284541 0.335246
0.270015 0.333429
0.255717 0.330930
0.241661 0.327714
0.227862 0.323751
0.214336 0.319029
0.201095 0.313570
0.188155 0.307390
0.175530 0.300466
0.163234 0.292802
0.151280 0.284417
0.139681 0.275290
0.128452 0.265402
0.117606 0.254837
0.107155 0.243693
0.097113 0.231990
0.087493 0.219765
0.078306 0.207061
0.069566 0.193854
0.061285 0.180190
0.053474 0.166304
0.046150 0.152350
0.039326 0.138456
0.033014 0.124631
0.027230 0.110875
0.021980 0.097204
0.017277 0.083724
0.013141 0.070601
0.009573 0.058053
0.006583 0.046330
0.004188 0.035513
0.002354 0.025778
0.001081 0.017432
0.000371 0.010751
0.000077 0.005896
0.000005 0.002967
0.000000 0.001986
0.000005 0.001041
0.000077 -0.001801
0.000371 -0.006369
0.001081 -0.012428
0.002353 -0.019475
0.004188 -0.026725
0.006585 -0.033754
0.009576 -0.040659
0.013145 -0.046581
0.017281 -0.051361
0.021983 -0.055352
0.027232 -0.058825
0.033016 -0.061903
0.039328 -0.064658
0.046152 -0.067155
0.053476 -0.069460
0.061287 -0.071631
0.069568 -0.073662
0.078308 -0.075531
0.087495 -0.077254
0.097115 -0.078868
0.107157 -0.080342
0.117608 -0.081770
0.128454 -0.083163
0.139683 -0.084537
0.151282 -0.085836
0.163235 -0.087057
0.175532 -0.088215
0.188157 -0.089303
0.201097 -0.090295
0.214337 -0.091191
0.227864 -0.092036
0.241663 -0.092819
0.255719 -0.093486
0.270017 -0.094023
0.284542 -0.094463
0.299280 -0.094823
0.314215 -0.095078
0.329331 -0.095218
0.344613 -0.095268
0.360045 -0.095218
0.375611 -0.095052
0.391296 -0.094757
0.407083 -0.094335
0.422957 -0.093818
0.438901 -0.093199
0.454899 -0.092488
0.470935 -0.091704
0.486992 -0.090880
0.503055 -0.090001
0.519107 -0.089064
0.535132 -0.088079
0.551114 -0.087059
0.567036 -0.085977
0.582884 -0.084792
0.598640 -0.083500
0.614290 -0.082103
0.629817 -0.080559
0.645206 -0.078858
0.660442 -0.077020
0.675509 -0.075077
0.690393 -0.073012
0.705077 -0.070822
0.719549 -0.068535
0.733793 -0.066179
0.747795 -0.063723
0.761542 -0.061201
0.775019 -0.058620
0.788214 -0.056001
0.801113 -0.053363
0.813704 -0.050711
0.825973 -0.048017
0.837910 -0.045305
0.849501 -0.042590
0.860735 -0.039885
0.871601 -0.037198
0.882088 -0.034552
0.892184 -0.031975
0.901880 -0.029463
0.911165 -0.027057
0.920031 -0.024759
0.928468 -0.022537
0.936467 -0.020370
0.944019 -0.018250
0.951116 -0.016153
0.957751 -0.014064
0.963920 -0.012025
0.969616 -0.010112
0.974836 -0.008393
0.979575 -0.006920
0.983831 -0.005690
0.987598 -0.004673
0.990874 -0.003820
0.993653 -0.003132
0.995934 -0.002620
0.997711 -0.002220
0.998982 -0.001864
0.999745 -0.001616
1.000000 -0.001530
