1.000000 0.009646
0.999745 0.009903
0.998982 0.009681
0.997711 0.012296
0.995933 0.012491
0.993653 0.012554
0.990874 0.013175
0.987598 0.014672
0.983830 0.015777
0.979575 0.017627
0.974836 0.020081
0.969616 0.021745
0.963920 0.024728
0.957751 0.027359
0.951116 0.030277
0.944019 0.034104
0.936467 0.036932
0.928468 0.039672
0.920031 0.046367
0.911165 0.049151
0.901879 0.054425
0.892183 0.058509
0.882087 0.062590
0.871601 0.067880
0.860735 0.071897
0.849501 0.076589
0.837910 0.081684
0.825974 0.086776
0.813704 0.091540
0.801113 0.096216
0.788214 0.101947
0.775019 0.107685
0.761541 0.114343
0.747795 0.121219
0.733792 0.127046
0.719548 0.133034
0.705077 0.138489
0.690392 0.144629
0.675509 0.150460
0.660442 0.155992
0.645206 0.161929
0.629817 0.167647
0.614290 0.172717
0.598640 0.177603
0.582884 0.181875
0.567036 0.186369
0.551113 0.190551
0.535131 0.195443
0.519106 0.199167
0.503054 0.202931
0.486991 0.205993
0.470934 0.208320
0.454898 0.211727
0.438900 0.213142
0.422956 0.215086
0.407083 0.215507
0.391295 0.216212
0.375610 0.216846
0.360044 0.217005
0.344612 0.217498
0.329330 0.215994
0.314213 0.214867
0.299279 0.213169
0.284541 0.211267
0.270015 0.209246
0.255717 0.206117
0.241661 0.202923
0.227862 0.198813
0.214336 0.194383
0.201095 0.190744
0.188155 0.186172
0.175530 0.181294
0.163234 0.177905
0.151280 0.171562
0.139681 0.169328
0.128452 0.163367
0.117606 0.157696
0.107155 0.152427
0.097113 0.145606
0.087493 0.139300
0.078306 0.132873
0.069566 0.125572
0.061285 0.120644
0.053474 0.113285
0.046150 0.106006
0.039326 0.098259
0.033014 0.091303
0.027230 0.084501
0.021980 0.075145
0.017277 0.070207
0.013141 0.063296
0.009573 0.056232
0.006583 0.048212
0.004188 0.039826
0.002354 0.032273
0.001081 0.024997
0.000371 0.019281
0.000077 0.014438
0.000005 0.010754
0.000000 0.009587
0.000005 0.008233
0.000077 0.005845
0.000371 0.002103
0.001081 -0.003854
0.002353 -0.010472
0.004188 -0.016677
0.006585 -0.022225
0.009576 -0.028115
0.013145 -0.034265
0.017281 -0.040697
0.021983 -0.045819
0.027232 -0.051764
0.033016 -0.057375
0.039328 -0.064207
0.046152 -0.070267
0.053476 -0.075133
0.061287 -0.079743
0.069568 -0.085341
0.078308 -0.090402
0.087495 -0.093842
0.097115 -0.098155
0.107157 -0.102784
0.117608 -0.106315
0.128454 -0.111383
0.139683 -0.113064
0.151282 -0.116166
0.163235 -0.118928
0.175532 -0.121948
0.188157 -0.123641
0.201097 -0.125743
0.214337 -0.127281
0.227864 -0.128741
0.241663 -0.130644
0.255719 -0.130634
0.270017 -0.131740
0.284542 -0.131717
0.299280 -0.131816
0.314215 -0.131615
0.329331 -0.130450
0.344613 -0.131465
0.360045 -0.128845
0.375611 -0.128741
0.391296 -0.126881
0.407083 -0.125831
0.422957 -0.122596
0.438901 -0.119286
0.454899 -0.116807
0.470935 -0.113795
0.486992 -0.109811
0.503055 -0.108417
0.519107 -0.103576
0.535132 -0.100806
0.551114 -0.095653
0.567036 -0.090620
0.582884 -0.087780
0.598640 -0.082622
0.614290 -0.079844
0.629817 -0.073096
0.645206 -0.069487
0.660442 -0.064578
0.675509 -0.060180
0.690393 -0.056130
0.705077 -0.051625
0.719549 -0.047755
0.733793 -0.043483
0.747795 -0.040928
0.761542 -0.035334
0.775019 -0.031041
0.788214 -0.026926
0.801113 -0.023834
0.813704 -0.021063
0.825973 -0.017486
0.837910 -0.014217
0.849501 -0.012304
0.860735 -0.009642
0.871601 -0.007583
0.882088 -0.005589
0.892184 -0.004371
0.901880 -0.001854
0.911165 -0.001230
0.920031 -0.000273
0.928468 0.001439
0.936467 0.002665
0.944019 0.004534
0.951116 0.004964
0.957751 0.004728
0.963920 0.006586
0.969616 0.007120
0.974836 0.007387
0.979575 0.008302
0.983831 0.007584
0.987598 0.007379
0.990874 0.006836
0.993653 0.006437
0.995934 0.006447
0.997711 0.006505
0.998982 0.007347
0.999745 0.007776
1.000000 0.008260
