1.000000 0.006746
0.999745 0.008433
0.998982 0.007833
0.997711 0.008074
0.995933 0.009288
0.993653 0.009953
0.990874 0.011459
0.987598 0.012186
0.983830 0.013601
0.979575 0.014653
0.974836 0.015967
0.969616 0.017935
0.963920 0.018912
0.957751 0.022885
0.951116 0.023145
0.944019 0.026803
0.936467 0.028736
0.928468 0.031165
0.920031 0.034354
0.911165 0.036474
0.901879 0.040007
0.892183 0.043102
0.882087 0.045731
0.871601 0.048664
0.860735 0.051899
0.849501 0.055339
0.837910 0.059889
0.825974 0.063977
0.813704 0.067194
0.801113 0.070222
0.788214 0.073248
0.775019 0.077203
0.761541 0.080659
0.747795 0.084467
0.733792 0.088210
0.719548 0.092248
0.705077 0.096792
0.690392 0.101218
0.675509 0.105815
0.660442 0.109142
0.645206 0.113343
0.629817 0.117992
0.614290 0.123582
0.598640 0.128786
0.582884 0.133469
0.567036 0.138257
0.551113 0.143239
0.535131 0.147778
0.519106 0.152731
0.503054 0.155803
0.486991 0.161507
0.470934 0.164331
0.454898 0.171865
0.438900 0.172640
0.422956 0.177093
0.407083 0.180160
0.391295 0.182814
0.375610 0.186017
0.360044 0.188718
0.344612 0.191607
0.329330 0.194294
0.314213 0.196710
0.299279 0.198178
0.284541 0.198996
0.270015 0.199493
0.255717 0.200078
0.241661 0.199116
0.227862 0.198314
0.214336 0.197096
0.201095 0.194392
0.188155 0.192331
0.175530 0.190420
0.163234 0.188014
0.151280 0.184899
0.139681 0.180712
0.128452 0.176231
0.117606 0.172179
0.107155 0.167317
0.097113 0.162210
0.087493 0.155472
0.078306 0.149084
0.069566 0.142776
0.061285 0.136075
0.053474 0.129028
0.046150 0.121787
0.039326 0.114002
0.033014 0.104893
0.027230 0.096340
0.021980 0.088895
0.017277 0.076504
0.013141 0.066393
0.009573 0.058082
0.006583 0.049465
0.004188 0.039908
0.002354 0.033062
0.001081 0.024450
0.000371 0.018699
0.000077 0.014105
0.000005 0.009388
0.000000 0.008719
0.000005 0.007974
0.000077 0.005246
0.000371 0.002484
0.001081 -0.002348
0.002353 -0.008559
0.004188 -0.012829
0.006585 -0.017735
0.009576 -0.021833
0.013145 -0.024995
0.017281 -0.028975
0.021983 -0.033464
0.027232 -0.036647
0.033016 -0.039790
0.039328 -0.043605
0.046152 -0.046367
0.053476 -0.048049
0.061287 -0.050629
0.069568 -0.053271
0.078308 -0.053796
0.087495 -0.054705
0.097115 -0.056470
0.107157 -0.056622
0.117608 -0.057233
0.128454 -0.058080
0.139683 -0.057857
0.151282 -0.058374
0.163235 -0.057716
0.175532 -0.057251
0.188157 -0.056352
0.201097 -0.054665
0.214337 -0.054425
0.227864 -0.053350
0.241663 -0.051220
0.255719 -0.051559
0.270017 -0.049998
0.284542 -0.048856
0.299280 -0.046797
0.314215 -0.044833
0.329331 -0.042818
0.344613 -0.040360
0.360045 -0.038749
0.375611 -0.036909
0.391296 -0.034318
0.407083 -0.034738
0.422957 -0.031090
0.438901 -0.030003
0.454899 -0.029006
0.470935 -0.026262
0.486992 -0.024791
0.503055 -0.023480
0.519107 -0.021195
0.535132 -0.019180
0.551114 -0.018910
0.567036 -0.016510
0.582884 -0.015186
0.598640 -0.014070
0.614290 -0.011845
0.629817 -0.012085
0.645206 -0.009632
0.660442 -0.008672
0.675509 -0.007904
0.690393 -0.007288
0.705077 -0.006912
0.719549 -0.006086
0.733793 -0.003139
0.747795 -0.004160
0.761542 -0.001798
0.775019 -0.000806
0.788214 0.000150
0.801113 0.000092
0.813704 0.001004
0.825973 0.002021
0.837910 0.002836
0.849501 0.001164
0.860735 0.002717
0.871601 0.003229
0.882088 0.002465
0.892184 0.003779
0.901880 0.003857
0.911165 0.004225
0.920031 0.003466
0.928468 0.003044
0.936467 0.003699
0.944019 0.006013
0.951116 0.005318
0.957751 0.004320
0.963920 0.005605
0.969616 0.005495
0.974836 0.004940
0.979575 0.004780
0.983831 0.005403
0.987598 0.005563
0.990874 0.005657
0.993653 0.005867
0.995934 0.005946
0.997711 0.006050
0.998982 0.006758
0.999745 0.005965
1.000000 0.004633
