1.000000 0.000963
0.999745 0.001128
0.998982 0.001615
0.997711 0.002395
0.995933 0.003424
0.993653 0.004773
0.990874 0.006503
0.987598 0.008599
0.983830 0.011052
0.979575 0.013895
0.974836 0.017150
0.969616 0.020811
0.963920 0.024864
0.957751 0.029275
0.951116 0.034003
0.944019 0.039015
0.936467 0.044305
0.928468 0.049876
0.920031 0.055725
0.911165 0.061855
0.901879 0.068277
0.892183 0.075006
0.882087 0.082021
0.871601 0.089311
0.860735 0.096865
0.849501 0.104668
0.837910 0.112791
0.825974 0.121179
0.813704 0.129774
0.801113 0.138565
0.788214 0.147526
0.775019 0.156640
0.761541 0.165797
0.747795 0.175001
0.733792 0.184221
0.719548 0.193414
0.705077 0.202523
0.690392 0.211560
0.675509 0.220468
0.660442 0.229246
0.645206 0.237838
0.629817 0.246200
0.614290 0.254300
0.598640 0.262101
0.582884 0.269607
0.567036 0.276777
0.551113 0.283569
0.535131 0.289953
0.519106 0.295936
0.503054 0.301486
0.486991 0.306561
0.470934 0.311147
0.454898 0.315222
0.438900 0.318743
0.422956 0.321686
0.407083 0.324058
0.391295 0.325864
0.375610 0.327079
0.360044 0.327693
0.344612 0.327714
0.329330 0.327120
0.314213 0.325886
0.299279 0.324038
0.284541 0.321590
0.270015 0.318524
0.255717 0.314858
0.241661 0.310584
0.227862 0.305688
0.214336 0.300198
0.201095 0.294140
0.188155 0.287535
0.175530 0.280357
0.163234 0.272606
0.151280 0.264311
0.139681 0.255451
0.128452 0.246004
0.117606 0.236031
0.107155 0.225625
0.097113 0.214817
0.087493 0.203630
0.078306 0.192082
0.069566 0.180144
0.061285 0.167831
0.053474 0.155327
0.046150 0.142754
0.039326 0.130230
0.033014 0.117717
0.027230 0.105199
0.021980 0.092669
0.017277 0.080213
0.013141 0.067984
0.009573 0.056167
0.006583 0.045006
0.004188 0.034582
0.002354 0.025088
0.001081 0.016856
0.000371 0.010216
0.000077 0.005375
0.000005 0.002450
0.000000 0.001472
0.000005 0.000522
0.000077 -0.002351
0.000371 -0.007020
0.001081 -0.013304
0.002353 -0.020790
0.004188 -0.028775
0.006585 -0.036842
0.009576 -0.045037
0.013145 -0.052580
0.017281 -0.059259
0.021983 -0.065205
0.027232 -0.070496
0.033016 -0.075233
0.039328 -0.079479
0.046152 -0.083279
0.053476 -0.086665
0.061287 -0.089693
0.069568 -0.092383
0.078308 -0.094713
0.087495 -0.096705
0.097115 -0.098422
0.107157 -0.099835
0.117608 -0.101034
0.128454 -0.102018
0.139683 -0.102834
0.151282 -0.103438
0.163235 -0.103851
0.175532 -0.104099
0.188157 -0.104206
0.201097 -0.104162
0.214337 -0.103973
0.227864 -0.103688
0.241663 -0.103291
0.255719 -0.102749
0.270017 -0.102059
0.284542 -0.101257
0.299280 -0.100361
0.314215 -0.099356
0.329331 -0.098250
0.344613 -0.097079
0.360045 -0.095838
0.375611 -0.094515
0.391296 -0.093095
0.407083 -0.091592
0.422957 -0.090025
0.438901 -0.088388
0.454899 -0.086700
0.470935 -0.084983
0.486992 -0.083260
0.503055 -0.081509
0.519107 -0.079725
0.535132 -0.077925
0.551114 -0.076139
0.567036 -0.074348
0.582884 -0.072504
0.598640 -0.070601
0.614290 -0.068658
0.629817 -0.066648
0.645206 -0.064560
0.660442 -0.062405
0.675509 -0.060210
0.690393 -0.057960
0.705077 -0.055662
0.719549 -0.053344
0.733793 -0.051017
0.747795 -0.048641
0.761542 -0.046260
0.775019 -0.043896
0.788214 -0.041559
0.801113 -0.039256
0.813704 -0.037005
0.825973 -0.034774
0.837910 -0.032575
0.849501 -0.030416
0.860735 -0.028306
0.871601 -0.026239
0.882088 -0.024230
0.892184 -0.022298
0.901880 -0.020421
0.911165 -0.018641
0.920031 -0.016959
0.928468 -0.015347
0.936467 -0.013794
0.944019 -0.012292
0.951116 -0.010818
0.957751 -0.009350
0.963920 -0.007915
0.969616 -0.006574
0.974836 -0.005384
0.979575 -0.004390
0.983831 -0.003590
0.987598 -0.002954
0.990874 -0.002429
0.993653 -0.002014
0.995934 -0.001729
0.997711 -0.001508
0.998982 -0.001273
0.999745 -0.001090
1.000000 -0.001027
