1.000000 0.006096
0.999745 0.006983
0.998982 0.008700
0.997711 0.007787
0.995933 0.008960
0.993653 0.010365
0.990874 0.012110
0.987598 0.013537
0.983830 0.015115
0.979575 0.017292
0.974836 0.020139
0.969616 0.022665
0.963920 0.024449
0.957751 0.027865
0.951116 0.030950
0.944019 0.033524
0.936467 0.037208
0.928468 0.040211
0.920031 0.043815
0.911165 0.047397
0.901879 0.051917
0.892183 0.056406
0.882087 0.059483
0.871601 0.064504
0.860735 0.068754
0.849501 0.072709
0.837910 0.078116
0.825974 0.083072
0.813704 0.088256
0.801113 0.093551
0.788214 0.097938
0.775019 0.102448
0.761541 0.107524
0.747795 0.112212
0.733792 0.117998
0.719548 0.120681
0.705077 0.126211
0.690392 0.130771
0.675509 0.135172
0.660442 0.139654
0.645206 0.145015
0.629817 0.148597
0.614290 0.152261
0.598640 0.155636
0.582884 0.158877
0.567036 0.162089
0.551113 0.165150
0.535131 0.167784
0.519106 0.169997
0.503054 0.172332
0.486991 0.174451
0.470934 0.176479
0.454898 0.178082
0.438900 0.179029
0.422956 0.179747
0.407083 0.180660
0.391295 0.181762
0.375610 0.182787
0.360044 0.183350
0.344612 0.182803
0.329330 0.182138
0.314213 0.180569
0.299279 0.180304
0.284541 0.179278
0.270015 0.178358
0.255717 0.176295
0.241661 0.176692
0.227862 0.172493
0.214336 0.170384
0.201095 0.167757
0.188155 0.164884
0.175530 0.162030
0.163234 0.159415
0.151280 0.154194
0.139681 0.150510
0.128452 0.147563
0.117606 0.141513
0.107155 0.136470
0.097113 0.130843
0.087493 0.125302
0.078306 0.120535
0.069566 0.114496
0.061285 0.108604
0.053474 0.103183
0.046150 0.096428
0.039326 0.088810
0.033014 0.082332
0.027230 0.076114
0.021980 0.069808
0.017277 0.063713
0.013141 0.057294
0.009573 0.049932
0.006583 0.042989
0.004188 0.035604
0.002354 0.029851
0.001081 0.023809
0.000371 0.018200
0.000077 0.014163
0.000005 0.010707
0.000000 0.009722
0.000005 0.008267
0.000077 0.006284
0.000371 0.002154
0.001081 -0.002718
0.002353 -0.008578
0.004188 -0.012589
0.006585 -0.018398
0.009576 -0.023530
0.013145 -0.029151
0.017281 -0.033412
0.021983 -0.037556
0.027232 -0.042107
0.033016 -0.045831
0.039328 -0.049244
0.046152 -0.052392
0.053476 -0.054935
0.061287 -0.059194
0.069568 -0.061474
0.078308 -0.063610
0.087495 -0.064476
0.097115 -0.065505
0.107157 -0.066891
0.117608 -0.068640
0.128454 -0.068579
0.139683 -0.070999
0.151282 -0.071745
0.163235 -0.072712
0.175532 -0.073075
0.188157 -0.072887
0.201097 -0.074685
0.214337 -0.072745
0.227864 -0.074076
0.241663 -0.072225
0.255719 -0.072400
0.270017 -0.070699
0.284542 -0.070236
0.299280 -0.069108
0.314215 -0.069123
0.329331 -0.067586
0.344613 -0.065384
0.360045 -0.066029
0.375611 -0.064190
0.391296 -0.062331
0.407083 -0.059391
0.422957 -0.058121
0.438901 -0.058666
0.454899 -0.054415
0.470935 -0.052530
0.486992 -0.051666
0.503055 -0.049467
0.519107 -0.047029
0.535132 -0.044911
0.551114 -0.042878
0.567036 -0.039963
0.582884 -0.038111
0.598640 -0.033988
0.614290 -0.032382
0.629817 -0.030721
0.645206 -0.027566
0.660442 -0.025287
0.675509 -0.023104
0.690393 -0.020958
0.705077 -0.018729
0.719549 -0.015142
0.733793 -0.013221
0.747795 -0.010901
0.761542 -0.009263
0.775019 -0.006782
0.788214 -0.004992
0.801113 -0.003075
0.813704 -0.001537
0.825973 -0.001007
0.837910 0.001482
0.849501 0.003268
0.860735 0.004219
0.871601 0.004492
0.882088 0.006615
0.892184 0.007677
0.901880 0.008723
0.911165 0.007609
0.920031 0.008476
0.928468 0.007752
0.936467 0.008038
0.944019 0.008692
0.951116 0.009489
0.957751 0.009638
0.963920 0.009766
0.969616 0.008889
0.974836 0.008305
0.979575 0.007585
0.983831 0.007181
0.987598 0.008309
0.990874 0.006182
0.993653 0.007413
0.995934 0.006866
0.997711 0.006229
0.998982 0.006628
0.999745 0.005967
1.000000 0.005148
