1.000000 0.010939
0.999745 0.010052
0.998982 0.011905
0.997711 0.012084
0.995933 0.013082
0.993653 0.013295
0.990874 0.014410
0.987598 0.015756
0.983830 0.017674
0.979575 0.019323
0.974836 0.022011
0.969616 0.025039
0.963920 0.028193
0.957751 0.031169
0.951116 0.033726
0.944019 0.036499
0.936467 0.041596
0.928468 0.045277
0.920031 0.050141
0.911165 0.054572
0.901879 0.058776
0.892183 0.063678
0.882087 0.068753
0.871601 0.072445
0.860735 0.077981
0.849501 0.082504
0.837910 0.088864
0.825974 0.094053
0.813704 0.100503
0.801113 0.105289
0.788214 0.110865
0.775019 0.117072
0.761541 0.122571
0.747795 0.127926
0.733792 0.133620
0.719548 0.139143
0.705077 0.144920
0.690392 0.150474
0.675509 0.155785
0.660442 0.161757
0.645206 0.166529
0.629817 0.171877
0.614290 0.176275
0.598640 0.180591
0.582884 0.185336
0.567036 0.188535
0.551113 0.191274
0.535131 0.194102
0.519106 0.197017
0.503054 0.200570
0.486991 0.203364
0.470934 0.205519
0.454898 0.207139
0.438900 0.208471
0.422956 0.210521
0.407083 0.212246
0.391295 0.214233
0.375610 0.216030
0.360044 0.216185
0.344612 0.217380
0.329330 0.217428
0.314213 0.218035
0.299279 0.218631
0.284541 0.218186
0.270015 0.217039
0.255717 0.215428
0.241661 0.213435
0.227862 0.211219
0.214336 0.208034
0.201095 0.204654
0.188155 0.201491
0.175530 0.197536
0.163234 0.193197
0.151280 0.189025
0.139681 0.183642
0.128452 0.178375
0.117606 0.172715
0.107155 0.166650
0.097113 0.160051
0.087493 0.154189
0.078306 0.146430
0.069566 0.140057
0.061285 0.131769
0.053474 0.124976
0.046150 0.117155
0.039326 0.107641
0.033014 0.099243
0.027230 0.090606
0.021980 0.083497
0.017277 0.073223
0.013141 0.064165
0.009573 0.056330
0.006583 0.048201
0.004188 0.039676
0.002354 0.030246
0.001081 0.023122
0.000371 0.017252
0.000077 0.011389
0.000005 0.009679
0.000000 0.008697
0.000005 0.007822
0.000077 0.005349
0.000371 0.000250
0.001081 -0.005896
0.002353 -0.011813
0.004188 -0.015873
0.006585 -0.022051
0.009576 -0.028093
0.013145 -0.032844
0.017281 -0.037560
0.021983 -0.042341
0.027232 -0.047172
0.033016 -0.050638
0.039328 -0.055985
0.046152 -0.060229
0.053476 -0.064717
0.061287 -0.068714
0.069568 -0.072541
0.078308 -0.076711
0.087495 -0.080587
0.097115 -0.083563
0.107157 -0.088060
0.117608 -0.090374
0.128454 -0.093701
0.139683 -0.096442
0.151282 -0.100034
0.163235 -0.100867
0.175532 -0.102701
0.188157 -0.102621
0.201097 -0.105354
0.214337 -0.106013
0.227864 -0.107018
0.241663 -0.107232
0.255719 -0.107568
0.270017 -0.109688
0.284542 -0.109435
0.299280 -0.110060
0.314215 -0.109437
0.329331 -0.109667
0.344613 -0.110313
0.360045 -0.109866
0.375611 -0.110311
0.391296 -0.108498
0.407083 -0.108553
0.422957 -0.107311
0.438901 -0.105813
0.454899 -0.104197
0.470935 -0.102663
0.486992 -0.100026
0.503055 -0.096156
0.519107 -0.097702
0.535132 -0.093167
0.551114 -0.090870
0.567036 -0.088579
0.582884 -0.085811
0.598640 -0.082986
0.614290 -0.080710
0.629817 -0.076625
0.645206 -0.073665
0.660442 -0.070437
0.675509 -0.067025
0.690393 -0.063239
0.705077 -0.059019
0.719549 -0.053680
0.733793 -0.050657
0.747795 -0.046270
0.761542 -0.041786
0.775019 -0.037880
0.788214 -0.032517
0.801113 -0.028287
0.813704 -0.024880
0.825973 -0.020870
0.837910 -0.017614
0.849501 -0.013850
0.860735 -0.010718
0.871601 -0.007422
0.882088 -0.004677
0.892184 -0.002722
0.901880 -0.000536
0.911165 0.001356
0.920031 0.003367
0.928468 0.005169
0.936467 0.005664
0.944019 0.007070
0.951116 0.007857
0.957751 0.009173
0.963920 0.008253
0.969616 0.008908
0.974836 0.008373
0.979575 0.009187
0.983831 0.008336
0.987598 0.007989
0.990874 0.008668
0.993653 0.008973
0.995934 0.008413
0.997711 0.009465
0.998982 0.008675
0.999745 0.008878
1.000000 0.007460
