1.000000 0.011552
0.999745 0.012821
0.998982 0.013394
0.997711 0.015020
0.995933 0.013630
0.993653 0.015674
0.990874 0.015741
0.987598 0.018178
0.983830 0.019668
0.979575 0.021298
0.974836 0.022628
0.969616 0.026551
0.963920 0.029763
0.957751 0.033131
0.951116 0.035654
0.944019 0.040229
0.936467 0.044685
0.928468 0.047904
0.920031 0.051552
0.911165 0.056146
0.901879 0.060854
0.892183 0.065160
0.882087 0.070398
0.871601 0.075790
0.860735 0.081486
0.849501 0.087008
0.837910 0.091818
0.825974 0.096745
0.813704 0.102956
0.801113 0.109204
0.788214 0.115325
0.775019 0.120864
0.761541 0.126749
0.747795 0.132660
0.733792 0.138334
0.719548 0.145461
0.705077 0.150862
0.690392 0.156566
0.675509 0.162314
0.660442 0.168002
0.645206 0.173430
0.629817 0.178693
0.614290 0.183368
0.598640 0.187990
0.582884 0.192900
0.567036 0.197115
0.551113 0.202202
0.535131 0.205266
0.519106 0.209347
0.503054 0.213989
0.486991 0.218725
0.470934 0.222633
0.454898 0.226158
0.438900 0.228622
0.422956 0.236632
0.407083 0.234379
0.391295 0.237902
0.375610 0.239210
0.360044 0.240865
0.344612 0.242838
0.329330 0.243300
0.314213 0.242931
0.299279 0.242642
0.284541 0.241664
0.270015 0.241111
0.255717 0.238995
0.241661 0.236635
0.227862 0.233989
0.214336 0.231393
0.201095 0.227870
0.188155 0.224241
0.175530 0.219982
0.163234 0.215279
0.151280 0.210184
0.139681 0.205019
0.128452 0.198273
0.117606 0.195467
0.107155 0.186234
0.097113 0.179353
0.087493 0.171664
0.078306 0.164755
0.069566 0.157831
0.061285 0.149408
0.053474 0.139948
0.046150 0.131255
0.039326 0.120026
0.033014 0.113654
0.027230 0.100600
0.021980 0.093666
0.017277 0.082186
0.013141 0.072609
0.009573 0.062519
0.006583 0.050926
0.004188 0.043099
0.002354 0.032968
0.001081 0.024120
0.000371 0.017771
0.000077 0.012075
0.000005 0.010283
0.000000 0.009767
0.000005 0.008560
0.000077 0.006064
0.000371 -0.000102
0.001081 -0.006317
0.002353 -0.013845
0.004188 -0.022659
0.006585 -0.030892
0.009576 -0.036446
0.013145 -0.042678
0.017281 -0.046203
0.021983 -0.048296
0.027232 -0.049925
0.033016 -0.050494
0.039328 -0.051015
0.046152 -0.052048
0.053476 -0.052578
0.061287 -0.053009
0.069568 -0.053940
0.078308 -0.055328
0.087495 -0.056810
0.097115 -0.057673
0.107157 -0.058322
0.117608 -0.060940
0.128454 -0.060839
0.139683 -0.062336
0.151282 -0.065613
0.163235 -0.067683
0.175532 -0.068412
0.188157 -0.071380
0.201097 -0.073499
0.214337 -0.075640
0.227864 -0.077678
0.241663 -0.078702
0.255719 -0.081229
0.270017 -0.082545
0.284542 -0.086493
0.299280 -0.086771
0.314215 -0.087215
0.329331 -0.090135
0.344613 -0.090745
0.360045 -0.091117
0.375611 -0.091653
0.391296 -0.092658
0.407083 -0.093978
0.422957 -0.091939
0.438901 -0.093724
0.454899 -0.093138
0.470935 -0.094153
0.486992 -0.093519
0.503055 -0.092220
0.519107 -0.090472
0.535132 -0.089597
0.551114 -0.087856
0.567036 -0.084627
0.582884 -0.083655
0.598640 -0.080926
0.614290 -0.078086
0.629817 -0.076343
0.645206 -0.073846
0.660442 -0.070006
0.675509 -0.067322
0.690393 -0.065478
0.705077 -0.059799
0.719549 -0.057149
0.733793 -0.053939
0.747795 -0.051974
0.761542 -0.047447
0.775019 -0.044562
0.788214 -0.040310
0.801113 -0.037875
0.813704 -0.034897
0.825973 -0.032116
0.837910 -0.029530
0.849501 -0.026498
0.860735 -0.023927
0.871601 -0.021254
0.882088 -0.018835
0.892184 -0.016719
0.901880 -0.013280
0.911165 -0.012229
0.920031 -0.009973
0.928468 -0.007847
0.936467 -0.007530
0.944019 -0.003999
0.951116 -0.002467
0.957751 -0.000518
0.963920 0.000753
0.969616 0.001714
0.974836 0.002169
0.979575 0.002870
0.983831 0.003065
0.987598 0.002889
0.990874 0.002483
0.993653 0.003657
0.995934 0.002585
0.997711 0.004741
0.998982 0.005358
0.999745 0.001416
1.000000 0.003140
