1.000000 0.003837
0.999745 0.007796
0.998982 0.008026
0.997711 0.008282
0.995933 0.010359
0.993653 0.010910
0.990874 0.013173
0.987598 0.016741
0.983830 0.018917
0.979575 0.023316
0.974836 0.025490
0.969616 0.030449
0.963920 0.034460
0.957751 0.039274
0.951116 0.043953
0.944019 0.048798
0.936467 0.053281
0.928468 0.058784
0.920031 0.064497
0.911165 0.069917
0.901879 0.075422
0.892183 0.080015
0.882087 0.085392
0.871601 0.091804
0.860735 0.098322
0.849501 0.106337
0.837910 0.111718
0.825974 0.118544
0.813704 0.126116
0.801113 0.133556
0.788214 0.141520
0.775019 0.149312
0.761541 0.156179
0.747795 0.164778
0.733792 0.171347
0.719548 0.178775
0.705077 0.186139
0.690392 0.193108
0.675509 0.199973
0.660442 0.206240
0.645206 0.212132
0.629817 0.217838
0.614290 0.222064
0.598640 0.226800
0.582884 0.231659
0.567036 0.236913
0.551113 0.242070
0.535131 0.248326
0.519106 0.251059
0.503054 0.255676
0.486991 0.258618
0.470934 0.261106
0.454898 0.263316
0.438900 0.264739
0.422956 0.266338
0.407083 0.267392
0.391295 0.267268
0.375610 0.268158
0.360044 0.267836
0.344612 0.268197
0.329330 0.267176
0.314213 0.265868
0.299279 0.263969
0.284541 0.262028
0.270015 0.259753
0.255717 0.257975
0.241661 0.255123
0.227862 0.252040
0.214336 0.248555
0.201095 0.243899
0.188155 0.239242
0.175530 0.233784
0.163234 0.228249
0.151280 0.222714
0.139681 0.216146
0.128452 0.208960
0.117606 0.201928
0.107155 0.194981
0.097113 0.187677
0.087493 0.181280
0.078306 0.172066
0.069566 0.163700
0.061285 0.155640
0.053474 0.146754
0.046150 0.138004
0.039326 0.126906
0.033014 0.114703
0.027230 0.104088
0.021980 0.093982
0.017277 0.084309
0.013141 0.074438
0.009573 0.063298
0.006583 0.052936
0.004188 0.043062
0.002354 0.032666
0.001081 0.023946
0.000371 0.016036
0.000077 0.011026
0.000005 0.008924
0.000000 0.008544
0.000005 0.008335
0.000077 0.005806
0.000371 0.000363
0.001081 -0.005225
0.002353 -0.011563
0.004188 -0.019102
0.006585 -0.024714
0.009576 -0.031866
0.013145 -0.035801
0.017281 -0.041502
0.021983 -0.045764
0.027232 -0.050340
0.033016 -0.052382
0.039328 -0.055361
0.046152 -0.058539
0.053476 -0.060868
0.061287 -0.063448
0.069568 -0.062844
0.078308 -0.067463
0.087495 -0.067157
0.097115 -0.068899
0.107157 -0.069556
0.117608 -0.070436
0.128454 -0.070608
0.139683 -0.070846
0.151282 -0.071755
0.163235 -0.071996
0.175532 -0.070795
0.188157 -0.071537
0.201097 -0.070236
0.214337 -0.069277
0.227864 -0.067925
0.241663 -0.067935
0.255719 -0.065150
0.270017 -0.064446
0.284542 -0.062230
0.299280 -0.060788
0.314215 -0.058717
0.329331 -0.055474
0.344613 -0.053563
0.360045 -0.051089
0.375611 -0.049469
0.391296 -0.047467
0.407083 -0.043418
0.422957 -0.040982
0.438901 -0.038785
0.454899 -0.034978
0.470935 -0.031669
0.486992 -0.028636
0.503055 -0.026963
0.519107 -0.023427
0.535132 -0.020554
0.551114 -0.016245
0.567036 -0.013046
0.582884 -0.008958
0.598640 -0.005954
0.614290 -0.002881
0.629817 0.000697
0.645206 0.004198
0.660442 0.007675
0.675509 0.010789
0.690393 0.013929
0.705077 0.014781
0.719549 0.021259
0.733793 0.019940
0.747795 0.023574
0.761542 0.024259
0.775019 0.025554
0.788214 0.026936
0.801113 0.026569
0.813704 0.028161
0.825973 0.028292
0.837910 0.028271
0.849501 0.028053
0.860735 0.027777
0.871601 0.028046
0.882088 0.027202
0.892184 0.026212
0.901880 0.024583
0.911165 0.025964
0.920031 0.022844
0.928468 0.023160
0.936467 0.021946
0.944019 0.022036
0.951116 0.019750
0.957751 0.019291
0.963920 0.017519
0.969616 0.014210
0.974836 0.012482
0.979575 0.011353
0.983831 0.010616
0.987598 0.011676
0.990874 0.009115
0.993653 0.008235
0.995934 0.007746
0.997711 0.008949
0.998982 0.008238
0.999745 0.007015
1.000000 0.006194
