1.000000 0.007849
0.999745 0.010479
0.998982 0.010817
0.997711 0.010572
0.995933 0.011879
0.993653 0.012744
0.990874 0.012812
0.987598 0.013994
0.983830 0.016080
0.979575 0.018182
0.974836 0.019952
0.969616 0.020579
0.963920 0.022730
0.957751 0.025478
0.951116 0.027580
0.944019 0.029484
0.936467 0.031849
0.928468 0.034641
0.920031 0.037141
0.911165 0.040949
0.901879 0.042909
0.892183 0.046664
0.882087 0.048703
0.871601 0.051727
0.860735 0.057261
0.849501 0.058477
0.837910 0.062262
0.825974 0.065750
0.813704 0.069685
0.801113 0.073065
0.788214 0.075887
0.775019 0.078228
0.761541 0.082272
0.747795 0.085256
0.733792 0.090467
0.719548 0.094240
0.705077 0.098160
0.690392 0.102410
0.675509 0.105031
0.660442 0.108709
0.645206 0.113840
0.629817 0.117751
0.614290 0.123361
0.598640 0.127275
0.582884 0.131091
0.567036 0.135320
0.551113 0.138421
0.535131 0.142754
0.519106 0.145853
0.503054 0.149361
0.486991 0.152428
0.470934 0.156135
0.454898 0.159853
0.438900 0.161888
0.422956 0.164814
0.407083 0.166712
0.391295 0.170569
0.375610 0.172260
0.360044 0.174162
0.344612 0.176081
0.329330 0.177684
0.314213 0.179514
0.299279 0.181133
0.284541 0.181723
0.270015 0.182737
0.255717 0.182907
0.241661 0.182475
0.227862 0.181422
0.214336 0.180091
0.201095 0.178851
0.188155 0.177130
0.175530 0.174431
0.163234 0.172443
0.151280 0.169474
0.139681 0.167046
0.128452 0.162905
0.117606 0.160085
0.107155 0.154949
0.097113 0.150702
0.087493 0.145628
0.078306 0.140461
0.069566 0.135899
0.061285 0.129797
0.053474 0.123382
0.046150 0.116702
0.039326 0.109690
0.033014 0.101999
0.027230 0.095383
0.021980 0.086817
0.017277 0.078105
0.013141 0.068302
0.009573 0.059073
0.006583 0.050397
0.004188 0.042104
0.002354 0.033256
0.001081 0.026444
0.000371 0.019959
0.000077 0.014680
0.000005 0.011401
0.000000 0.011306
0.000005 0.008324
0.000077 0.005839
0.000371 0.002200
0.001081 -0.003904
0.002353 -0.008394
0.004188 -0.015087
0.006585 -0.019038
0.009576 -0.024639
0.013145 -0.029699
0.017281 -0.032993
0.021983 -0.035391
0.027232 -0.037128
0.033016 -0.038782
0.039328 -0.039994
0.046152 -0.040593
0.053476 -0.040148
0.061287 -0.039606
0.069568 -0.038090
0.078308 -0.037745
0.087495 -0.036883
0.097115 -0.035791
0.107157 -0.032137
0.117608 -0.032095
0.128454 -0.030959
0.139683 -0.028424
0.151282 -0.027075
0.163235 -0.025291
0.175532 -0.024079
0.188157 -0.022275
0.201097 -0.020840
0.214337 -0.019867
0.227864 -0.017193
0.241663 -0.016321
0.255719 -0.014570
0.270017 -0.013437
0.284542 -0.012373
0.299280 -0.010720
0.314215 -0.009653
0.329331 -0.009510
0.344613 -0.008301
0.360045 -0.007799
0.375611 -0.007090
0.391296 -0.006214
0.407083 -0.004132
0.422957 -0.003285
0.438901 -0.003891
0.454899 -0.003118
0.470935 -0.001979
0.486992 -0.001783
0.503055 -0.000580
0.519107 0.001912
0.535132 -0.000493
0.551114 0.002190
0.567036 0.002463
0.582884 0.001994
0.598640 0.003614
0.614290 0.003780
0.629817 0.002816
0.645206 0.004705
0.660442 0.003858
0.675509 0.003910
0.690393 0.004075
0.705077 0.003872
0.719549 0.003087
0.733793 0.003729
0.747795 0.003373
0.761542 0.005026
0.775019 0.003916
0.788214 0.005316
0.801113 0.005832
0.813704 0.005746
0.825973 0.005466
0.837910 0.005891
0.849501 0.006538
0.860735 0.006186
0.871601 0.005438
0.882088 0.004685
0.892184 0.004386
0.901880 0.004440
0.911165 0.004800
0.920031 0.004613
0.928468 0.004200
0.936467 0.002681
0.944019 0.002111
0.951116 0.001642
0.957751 0.002324
0.963920 0.002601
0.969616 0.003094
0.974836 0.002078
0.979575 0.001682
0.983831 0.002904
0.987598 0.000724
0.990874 0.000900
0.993653 0.001347
0.995934 0.001048
0.997711 0.001633
0.998982 0.000830
0.999745 -0.001557
1.000000 -0.001181
