1.000000 0.005791
0.999745 0.006301
0.998982 0.007727
0.997711 0.008257
0.995933 0.009193
0.993653 0.009580
0.990874 0.010516
0.987598 0.010140
0.983830 0.009030
0.979575 0.010284
0.974836 0.010659
0.969616 0.010352
0.963920 0.010370
0.957751 0.011054
0.951116 0.011349
0.944019 0.011042
0.936467 0.013139
0.928468 0.013914
0.920031 0.016587
0.911165 0.019472
0.901879 0.022600
0.892183 0.025686
0.882087 0.028980
0.871601 0.034317
0.860735 0.039679
0.849501 0.045582
0.837910 0.052491
0.825974 0.061159
0.813704 0.071078
0.801113 0.081396
0.788214 0.091453
0.775019 0.102102
0.761541 0.113255
0.747795 0.124557
0.733792 0.136181
0.719548 0.149433
0.705077 0.161156
0.690392 0.173911
0.675509 0.185466
0.660442 0.197393
0.645206 0.209897
0.629817 0.222666
0.614290 0.233207
0.598640 0.244800
0.582884 0.255767
0.567036 0.266800
0.551113 0.277675
0.535131 0.287560
0.519106 0.296202
0.503054 0.304952
0.486991 0.312725
0.470934 0.321096
0.454898 0.327362
0.438900 0.332513
0.422956 0.336752
0.407083 0.340854
0.391295 0.342806
0.375610 0.343967
0.360044 0.343641
0.344612 0.343312
0.329330 0.342215
0.314213 0.341079
0.299279 0.338929
0.284541 0.336042
0.270015 0.332772
0.255717 0.328427
0.241661 0.323866
0.227862 0.317926
0.214336 0.311268
0.201095 0.303767
0.188155 0.295523
0.175530 0.286741
0.163234 0.278386
0.151280 0.269634
0.139681 0.259506
0.128452 0.250184
0.117606 0.238759
0.107155 0.228448
0.097113 0.216453
0.087493 0.204588
0.078306 0.192894
0.069566 0.181903
0.061285 0.170611
0.053474 0.158609
0.046150 0.147151
0.039326 0.135515
0.033014 0.125153
0.027230 0.113131
0.021980 0.101815
0.017277 0.090184
0.013141 0.077877
0.009573 0.066813
0.006583 0.054923
0.004188 0.043436
0.002354 0.036116
0.001081 0.024593
0.000371 0.016083
0.000077 0.011569
0.000005 0.005162
0.000000 0.008258
0.000005 0.004533
0.000077 0.003064
0.000371 0.000335
0.001081 -0.004027
0.002353 -0.006227
0.004188 -0.008610
0.006585 -0.007383
0.009576 -0.007988
0.013145 -0.007437
0.017281 -0.006698
0.021983 -0.007012
0.027232 -0.005842
0.033016 -0.004491
0.039328 -0.003071
0.046152 -0.002036
0.053476 -0.001104
0.061287 0.001637
0.069568 0.003204
0.078308 0.003927
0.087495 0.007200
0.097115 0.009750
0.107157 0.012112
0.117608 0.014831
0.128454 0.016810
0.139683 0.018586
0.151282 0.019670
0.163235 0.020181
0.175532 0.021208
0.188157 0.021267
0.201097 0.020573
0.214337 0.021023
0.227864 0.019667
0.241663 0.018111
0.255719 0.017139
0.270017 0.015614
0.284542 0.013573
0.299280 0.011280
0.314215 0.010681
0.329331 0.007377
0.344613 0.006865
0.360045 0.007126
0.375611 0.005147
0.391296 0.003601
0.407083 0.003290
0.422957 0.001572
0.438901 -0.002763
0.454899 -0.004843
0.470935 -0.006876
0.486992 -0.007473
0.503055 -0.010638
0.519107 -0.012801
0.535132 -0.014703
0.551114 -0.016123
0.567036 -0.020760
0.582884 -0.023411
0.598640 -0.024821
0.614290 -0.026621
0.629817 -0.029798
0.645206 -0.031498
0.660442 -0.032127
0.675509 -0.035703
0.690393 -0.037725
0.705077 -0.038791
0.719549 -0.039603
0.733793 -0.039467
0.747795 -0.040395
0.761542 -0.040516
0.775019 -0.041610
0.788214 -0.041320
0.801113 -0.041159
0.813704 -0.040794
0.825973 -0.039909
0.837910 -0.037753
0.849501 -0.036955
0.860735 -0.035426
0.871601 -0.034593
0.882088 -0.032416
0.892184 -0.031205
0.901880 -0.030042
0.911165 -0.028651
0.920031 -0.027537
0.928468 -0.022118
0.936467 -0.019665
0.944019 -0.017269
0.951116 -0.015099
0.957751 -0.011291
0.963920 -0.010220
0.969616 -0.008306
0.974836 -0.005326
0.979575 -0.003932
0.983831 -0.001504
0.987598 -0.000005
0.990874 -0.000323
0.993653 -0.000541
0.995934 0.002029
0.997711 0.003517
0.998982 0.006043
0.999745 0.004732
1.000000 0.005517
