1.000000 0.008037
0.999745 0.004730
0.998982 0.009757
0.997711 0.009637
0.995933 0.010973
0.993653 0.012350
0.990874 0.013661
0.987598 0.016618
0.983830 0.018521
0.979575 0.020436
0.974836 0.023325
0.969616 0.026243
0.963920 0.030170
0.957751 0.033246
0.951116 0.036636
0.944019 0.040373
0.936467 0.044493
0.928468 0.048256
0.920031 0.052494
0.911165 0.055715
0.901879 0.060854
0.892183 0.065095
0.882087 0.071086
0.871601 0.076163
0.860735 0.081703
0.849501 0.087504
0.837910 0.094786
0.825974 0.100143
0.813704 0.105711
0.801113 0.111975
0.788214 0.118015
0.775019 0.124616
0.761541 0.129645
0.747795 0.135350
0.733792 0.142485
0.719548 0.148016
0.705077 0.154467
0.690392 0.160484
0.675509 0.166015
0.660442 0.172604
0.645206 0.176413
0.629817 0.181933
0.614290 0.186500
0.598640 0.191258
0.582884 0.196387
0.567036 0.201197
0.551113 0.206510
0.535131 0.211231
0.519106 0.213302
0.503054 0.220717
0.486991 0.220774
0.470934 0.224419
0.454898 0.227412
0.438900 0.230026
0.422956 0.232760
0.407083 0.234742
0.391295 0.235741
0.375610 0.237568
0.360044 0.239446
0.344612 0.240360
0.329330 0.240621
0.314213 0.239251
0.299279 0.238824
0.284541 0.238556
0.270015 0.238174
0.255717 0.236861
0.241661 0.235055
0.227862 0.233321
0.214336 0.231107
0.201095 0.228424
0.188155 0.224954
0.175530 0.220962
0.163234 0.216960
0.151280 0.211663
0.139681 0.205616
0.128452 0.199854
0.117606 0.193674
0.107155 0.187763
0.097113 0.180641
0.087493 0.172736
0.078306 0.164430
0.069566 0.157171
0.061285 0.148527
0.053474 0.139970
0.046150 0.130615
0.039326 0.121468
0.033014 0.112247
0.027230 0.101287
0.021980 0.090484
0.017277 0.080663
0.013141 0.069146
0.009573 0.060315
0.006583 0.050330
0.004188 0.039773
0.002354 0.030198
0.001081 0.020990
0.000371 0.015347
0.000077 0.011184
0.000005 0.008627
0.000000 0.009269
0.000005 0.006592
0.000077 0.004796
0.000371 0.000193
0.001081 -0.005131
0.002353 -0.012983
0.004188 -0.019358
0.006585 -0.026836
0.009576 -0.034991
0.013145 -0.042412
0.017281 -0.050733
0.021983 -0.057484
0.027232 -0.066270
0.033016 -0.073399
0.039328 -0.078997
0.046152 -0.088158
0.053476 -0.092548
0.061287 -0.099613
0.069568 -0.104867
0.078308 -0.110226
0.087495 -0.114988
0.097115 -0.120023
0.107157 -0.124703
0.117608 -0.127671
0.128454 -0.130942
0.139683 -0.133491
0.151282 -0.136765
0.163235 -0.138278
0.175532 -0.139411
0.188157 -0.139025
0.201097 -0.139810
0.214337 -0.141189
0.227864 -0.141360
0.241663 -0.139916
0.255719 -0.137277
0.270017 -0.137092
0.284542 -0.135205
0.299280 -0.135035
0.314215 -0.132944
0.329331 -0.132216
0.344613 -0.129601
0.360045 -0.129335
0.375611 -0.126889
0.391296 -0.124381
0.407083 -0.122994
0.422957 -0.118972
0.438901 -0.117973
0.454899 -0.115215
0.470935 -0.112952
0.486992 -0.111064
0.503055 -0.106272
0.519107 -0.104200
0.535132 -0.101434
0.551114 -0.098672
0.567036 -0.095051
0.582884 -0.091895
0.598640 -0.087533
0.614290 -0.084592
0.629817 -0.080607
0.645206 -0.077640
0.660442 -0.074444
0.675509 -0.070758
0.690393 -0.066716
0.705077 -0.063394
0.719549 -0.061148
0.733793 -0.056275
0.747795 -0.052643
0.761542 -0.048838
0.775019 -0.045985
0.788214 -0.042042
0.801113 -0.038130
0.813704 -0.034848
0.825973 -0.031460
0.837910 -0.028107
0.849501 -0.025182
0.860735 -0.022537
0.871601 -0.019102
0.882088 -0.016667
0.892184 -0.013751
0.901880 -0.010837
0.911165 -0.009918
0.920031 -0.005448
0.928468 -0.004658
0.936467 -0.002071
0.944019 -0.000197
0.951116 -0.000921
0.957751 0.000917
0.963920 0.002183
0.969616 0.003748
0.974836 0.004673
0.979575 0.004052
0.983831 0.004517
0.987598 0.004724
0.990874 0.004745
0.993653 0.004545
0.995934 0.005839
0.997711 0.006886
0.998982 0.005618
0.999745 0.005874
1.000000 0.005559
