1.000000 0.007967
0.999745 0.009368
0.998982 0.010652
0.997711 0.010576
0.995933 0.011261
0.993653 0.011956
0.990874 0.013167
0.987598 0.014097
0.983830 0.014144
0.979575 0.015930
0.974836 0.019799
0.969616 0.021645
0.963920 0.024554
0.957751 0.027434
0.951116 0.032985
0.944019 0.034722
0.936467 0.040505
0.928468 0.044040
0.920031 0.049393
0.911165 0.052987
0.901879 0.058456
0.892183 0.063608
0.882087 0.069054
0.871601 0.074071
0.860735 0.080742
0.849501 0.087181
0.837910 0.094029
0.825974 0.100365
0.813704 0.109009
0.801113 0.116092
0.788214 0.124195
0.775019 0.132011
0.761541 0.140295
0.747795 0.148563
0.733792 0.156151
0.719548 0.163863
0.705077 0.171840
0.690392 0.180175
0.675509 0.188646
0.660442 0.197121
0.645206 0.205139
0.629817 0.213010
0.614290 0.220833
0.598640 0.227730
0.582884 0.235284
0.567036 0.241846
0.551113 0.249276
0.535131 0.256258
0.519106 0.263076
0.503054 0.267939
0.486991 0.273344
0.470934 0.277597
0.454898 0.282215
0.438900 0.285294
0.422956 0.287674
0.407083 0.289797
0.391295 0.290858
0.375610 0.291839
0.360044 0.291830
0.344612 0.290648
0.329330 0.290390
0.314213 0.286904
0.299279 0.284832
0.284541 0.281979
0.270015 0.278388
0.255717 0.274191
0.241661 0.270721
0.227862 0.265522
0.214336 0.260108
0.201095 0.253970
0.188155 0.247617
0.175530 0.241126
0.163234 0.235591
0.151280 0.227333
0.139681 0.221680
0.128452 0.212085
0.117606 0.204068
0.107155 0.196909
0.097113 0.186948
0.087493 0.178509
0.078306 0.168302
0.069566 0.159004
0.061285 0.150922
0.053474 0.140956
0.046150 0.131967
0.039326 0.123273
0.033014 0.114121
0.027230 0.104221
0.021980 0.094918
0.017277 0.084951
0.013141 0.073920
0.009573 0.063198
0.006583 0.054150
0.004188 0.042970
0.002354 0.033553
0.001081 0.025097
0.000371 0.016544
0.000077 0.012677
0.000005 0.009883
0.000000 0.008675
0.000005 0.007284
0.000077 0.003792
0.000371 -0.002529
0.001081 -0.008400
0.002353 -0.015017
0.004188 -0.021533
0.006585 -0.031382
0.009576 -0.042954
0.013145 -0.052949
0.017281 -0.061054
0.021983 -0.070606
0.027232 -0.078858
0.033016 -0.087503
0.039328 -0.095809
0.046152 -0.103662
0.053476 -0.113363
0.061287 -0.118775
0.069568 -0.126889
0.078308 -0.134434
0.087495 -0.140568
0.097115 -0.147710
0.107157 -0.154073
0.117608 -0.160161
0.128454 -0.167437
0.139683 -0.173280
0.151282 -0.179497
0.163235 -0.185565
0.175532 -0.191294
0.188157 -0.197566
0.201097 -0.200626
0.214337 -0.206137
0.227864 -0.209870
0.241663 -0.214563
0.255719 -0.219321
0.270017 -0.220539
0.284542 -0.224095
0.299280 -0.226187
0.314215 -0.227570
0.329331 -0.229339
0.344613 -0.228747
0.360045 -0.229282
0.375611 -0.227812
0.391296 -0.227084
0.407083 -0.225721
0.422957 -0.221961
0.438901 -0.218339
0.454899 -0.214925
0.470935 -0.211124
0.486992 -0.204842
0.503055 -0.201024
0.519107 -0.193942
0.535132 -0.187893
0.551114 -0.180835
0.567036 -0.174291
0.582884 -0.166133
0.598640 -0.158184
0.614290 -0.151104
0.629817 -0.142124
0.645206 -0.135749
0.660442 -0.127233
0.675509 -0.119805
0.690393 -0.112609
0.705077 -0.105272
0.719549 -0.096447
0.733793 -0.090424
0.747795 -0.082417
0.761542 -0.076055
0.775019 -0.069422
0.788214 -0.062626
0.801113 -0.055563
0.813704 -0.050633
0.825973 -0.044519
0.837910 -0.038884
0.849501 -0.033475
0.860735 -0.027497
0.871601 -0.022139
0.882088 -0.017546
0.892184 -0.014242
0.901880 -0.009763
0.911165 -0.006279
0.920031 -0.003465
0.928468 -0.000801
0.936467 0.001507
0.944019 0.003741
0.951116 0.003998
0.957751 0.005239
0.963920 0.006350
0.969616 0.007120
0.974836 0.007774
0.979575 0.007210
0.983831 0.007899
0.987598 0.008808
0.990874 0.007878
0.993653 0.008598
0.995934 0.007938
0.997711 0.007306
0.998982 0.008235
0.999745 0.005403
1.000000 0.006495
