1.000000 0.000001
0.999745 0.000205
0.998982 0.000811
0.997711 0.001785
0.995933 0.003072
0.993653 0.004740
0.990874 0.006857
0.987598 0.009405
0.983830 0.012359
0.979575 0.015742
0.974836 0.019569
0.969616 0.023818
0.963920 0.028456
0.957751 0.033448
0.951116 0.038739
0.944019 0.044281
0.936467 0.050065
0.928468 0.056099
0.920031 0.062383
0.911165 0.068908
0.901879 0.075700
0.892183 0.082789
0.882087 0.090147
0.871601 0.097750
0.860735 0.105586
0.849501 0.113647
0.837910 0.121994
0.825974 0.130575
0.813704 0.139337
0.801113 0.148266
0.788214 0.157328
0.775019 0.166501
0.761541 0.175670
0.747795 0.184828
0.733792 0.193952
0.719548 0.203011
0.705077 0.211953
0.690392 0.220788
0.675509 0.229447
0.660442 0.237923
0.645206 0.246159
0.629817 0.254111
0.614290 0.261752
0.598640 0.269068
0.582884 0.276055
0.567036 0.282654
0.551113 0.288831
0.535131 0.294561
0.519106 0.299843
0.503054 0.304637
0.486991 0.308923
0.470934 0.312722
0.454898 0.316026
0.438900 0.318790
0.422956 0.320994
0.407083 0.322665
0.391295 0.323809
0.375610 0.324407
0.360044 0.324460
0.344612 0.323990
0.329330 0.322984
0.314213 0.321412
0.299279 0.319308
0.284541 0.316715
0.270015 0.313596
0.255717 0.309928
0.241661 0.305719
0.227862 0.300969
0.214336 0.295663
0.201095 0.289817
0.188155 0.283465
0.175530 0.276586
0.163234 0.269151
0.151280 0.261153
0.139681 0.252592
0.128452 0.243450
0.117606 0.233771
0.107155 0.223633
0.097113 0.213105
0.087493 0.202215
0.078306 0.190930
0.069566 0.179201
0.061285 0.167088
0.053474 0.154791
0.046150 0.142382
0.039326 0.129968
0.033014 0.117542
0.027230 0.105103
0.021980 0.092647
0.017277 0.080279
0.013141 0.068156
0.009573 0.056454
0.006583 0.045391
0.004188 0.035041
0.002354 0.025600
0.001081 0.017396
0.000371 0.010765
0.000077 0.005928
0.000005 0.003006
0.000000 0.002028
0.000005 0.001081
0.000077 -0.001770
0.000371 -0.006351
0.001081 -0.012397
0.002353 -0.019372
0.004188 -0.026526
0.006585 -0.033493
0.009576 -0.040425
0.013145 -0.046724
0.017281 -0.052381
0.021983 -0.057647
0.027232 -0.062560
0.033016 -0.067148
0.039328 -0.071495
0.046152 -0.075650
0.053476 -0.079598
0.061287 -0.083356
0.069568 -0.086963
0.078308 -0.090385
0.087495 -0.093578
0.097115 -0.096557
0.107157 -0.099305
0.117608 -0.101892
0.128454 -0.104273
0.139683 -0.106485
0.151282 -0.108486
0.163235 -0.110270
0.175532 -0.111816
0.188157 -0.113145
0.201097 -0.114258
0.214337 -0.115134
0.227864 -0.115786
0.241663 -0.116207
0.255719 -0.116380
0.270017 -0.116277
0.284542 -0.115906
0.299280 -0.115290
0.314215 -0.114430
0.329331 -0.113321
0.344613 -0.111972
0.360045 -0.110378
0.375611 -0.108557
0.391296 -0.106502
0.407083 -0.104211
0.422957 -0.101719
0.438901 -0.099057
0.454899 -0.096246
0.470935 -0.093301
0.486992 -0.090258
0.503055 -0.087134
0.519107 -0.083933
0.535132 -0.080669
0.551114 -0.077369
0.567036 -0.074033
0.582884 -0.070638
0.598640 -0.067188
0.614290 -0.063699
0.629817 -0.060162
0.645206 -0.056576
0.660442 -0.052964
0.675509 -0.049366
0.690393 -0.045789
0.705077 -0.042247
0.719549 -0.038768
0.733793 -0.035376
0.747795 -0.032055
0.761542 -0.028844
0.775019 -0.025763
0.788214 -0.022826
0.801113 -0.020055
0.813704 -0.017469
0.825973 -0.015043
0.837910 -0.012787
0.849501 -0.010713
0.860735 -0.008832
0.871601 -0.007127
0.882088 -0.005597
0.892184 -0.004257
0.901880 -0.003095
0.911165 -0.002147
0.920031 -0.001393
0.928468 -0.000787
0.936467 -0.000306
0.944019 0.000063
0.951116 0.000358
0.957751 0.000616
0.963920 0.000828
0.969616 0.000947
0.974836 0.000941
0.979575 0.000783
0.983831 0.000498
0.987598 0.000132
0.990874 -0.000253
0.993653 -0.000638
0.995934 -0.001020
0.997711 -0.001333
0.998982 -0.001505
0.999745 -0.001577
1.000000 -0.001600
