1.000000 0.000281
0.999745 0.000510
0.998982 0.001191
0.997711 0.002287
0.995933 0.003738
0.993653 0.005606
0.990874 0.007955
0.987598 0.010769
0.983830 0.014020
0.979575 0.017727
0.974836 0.021900
0.969616 0.026510
0.963920 0.031515
0.957751 0.036875
0.951116 0.042527
0.944019 0.048420
0.936467 0.054541
0.928468 0.060902
0.920031 0.067507
0.911165 0.074339
0.901879 0.081435
0.892183 0.088833
0.882087 0.096500
0.871601 0.104409
0.860735 0.112544
0.849501 0.120902
0.837910 0.129537
0.825974 0.138399
0.813704 0.147436
0.801113 0.156630
0.788214 0.165938
0.775019 0.175330
0.761541 0.184692
0.747795 0.194010
0.733792 0.203262
0.719548 0.212416
0.705077 0.221414
0.690392 0.230263
0.675509 0.238898
0.660442 0.247313
0.645206 0.255457
0.629817 0.263280
0.614290 0.270760
0.598640 0.277883
0.582884 0.284643
0.567036 0.290985
0.551113 0.296880
0.535131 0.302321
0.519106 0.307312
0.503054 0.311816
0.486991 0.315817
0.470934 0.319344
0.454898 0.322387
0.438900 0.324903
0.422956 0.326867
0.407083 0.328309
0.391295 0.329239
0.375610 0.329633
0.360044 0.329487
0.344612 0.328832
0.329330 0.327657
0.314213 0.325928
0.299279 0.323675
0.284541 0.320946
0.270015 0.317708
0.255717 0.313924
0.241661 0.309600
0.227862 0.304743
0.214336 0.299323
0.201095 0.293353
0.188155 0.286872
0.175530 0.279864
0.163234 0.272292
0.151280 0.264143
0.139681 0.255429
0.128452 0.246139
0.117606 0.236309
0.107155 0.226017
0.097113 0.215337
0.087493 0.204299
0.078306 0.192858
0.069566 0.180966
0.061285 0.168699
0.053474 0.156267
0.046150 0.143730
0.039326 0.131181
0.033014 0.118627
0.027230 0.106067
0.021980 0.093501
0.017277 0.081034
0.013141 0.068817
0.009573 0.057028
0.006583 0.045882
0.004188 0.035451
0.002354 0.025945
0.001081 0.017695
0.000371 0.011041
0.000077 0.006194
0.000005 0.003269
0.000000 0.002290
0.000005 0.001344
0.000077 -0.001497
0.000371 -0.006048
0.001081 -0.012037
0.002353 -0.018899
0.004188 -0.025858
0.006585 -0.032544
0.009576 -0.039118
0.013145 -0.044968
0.017281 -0.050142
0.021983 -0.054973
0.027232 -0.059524
0.033016 -0.063806
0.039328 -0.067903
0.046152 -0.071851
0.053476 -0.075617
0.061287 -0.079211
0.069568 -0.082691
0.078308 -0.086030
0.087495 -0.089173
0.097115 -0.092132
0.107157 -0.094901
0.117608 -0.097549
0.128454 -0.100026
0.139683 -0.102362
0.151282 -0.104520
0.163235 -0.106484
0.175532 -0.108229
0.188157 -0.109770
0.201097 -0.111114
0.214337 -0.112241
0.227864 -0.113157
0.241663 -0.113861
0.255719 -0.114341
0.270017 -0.114559
0.284542 -0.114517
0.299280 -0.114230
0.314215 -0.113704
0.329331 -0.112923
0.344613 -0.111887
0.360045 -0.110587
0.375611 -0.109041
0.391296 -0.107241
0.407083 -0.105171
0.422957 -0.102864
0.438901 -0.100353
0.454899 -0.097654
0.470935 -0.094777
0.486992 -0.091751
0.503055 -0.088596
0.519107 -0.085316
0.535132 -0.081921
0.551114 -0.078428
0.567036 -0.074837
0.582884 -0.071136
0.598640 -0.067321
0.614290 -0.063405
0.629817 -0.059385
0.645206 -0.055276
0.660442 -0.051110
0.675509 -0.046937
0.690393 -0.042780
0.705077 -0.038664
0.719549 -0.034622
0.733793 -0.030691
0.747795 -0.026864
0.761542 -0.023186
0.775019 -0.019676
0.788214 -0.016356
0.801113 -0.013252
0.813704 -0.010392
0.825973 -0.007765
0.837910 -0.005383
0.849501 -0.003253
0.860735 -0.001387
0.871601 0.000236
0.882088 0.001627
0.892184 0.002774
0.901880 0.003690
0.911165 0.004342
0.920031 0.004757
0.928468 0.004983
0.936467 0.005052
0.944019 0.004980
0.951116 0.004816
0.957751 0.004605
0.963920 0.004344
0.969616 0.003994
0.974836 0.003524
0.979575 0.002915
0.983831 0.002199
0.987598 0.001431
0.990874 0.000679
0.993653 -0.000030
0.995934 -0.000681
0.997711 -0.001211
0.998982 -0.001551
0.999745 -0.001730
1.000000 -0.001787
