1.000000 0.004017
0.999745 0.009873
0.998982 0.010985
0.997711 0.012590
0.995933 0.013329
0.993653 0.014064
0.990874 0.015564
0.987598 0.016128
0.983830 0.017684
0.979575 0.019669
0.974836 0.020976
0.969616 0.023908
0.963920 0.025613
0.957751 0.027737
0.951116 0.030569
0.944019 0.032998
0.936467 0.035781
0.928468 0.038295
0.920031 0.040894
0.911165 0.043933
0.901879 0.047358
0.892183 0.050095
0.882087 0.053703
0.871601 0.056926
0.860735 0.060401
0.849501 0.064750
0.837910 0.066941
0.825974 0.072174
0.813704 0.076669
0.801113 0.081147
0.788214 0.085762
0.775019 0.088988
0.761541 0.095653
0.747795 0.098137
0.733792 0.102633
0.719548 0.107386
0.705077 0.111906
0.690392 0.116923
0.675509 0.120956
0.660442 0.125328
0.645206 0.129447
0.629817 0.134297
0.614290 0.137712
0.598640 0.142235
0.582884 0.146455
0.567036 0.151217
0.551113 0.156484
0.535131 0.160511
0.519106 0.164251
0.503054 0.167609
0.486991 0.170499
0.470934 0.174700
0.454898 0.177127
0.438900 0.179632
0.422956 0.181837
0.407083 0.184587
0.391295 0.186981
0.375610 0.188277
0.360044 0.189537
0.344612 0.191632
0.329330 0.192475
0.314213 0.192999
0.299279 0.192983
0.284541 0.192629
0.270015 0.191816
0.255717 0.191976
0.241661 0.190160
0.227862 0.188915
0.214336 0.187539
0.201095 0.185572
0.188155 0.182336
0.175530 0.180044
0.163234 0.177455
0.151280 0.174661
0.139681 0.172773
0.128452 0.167248
0.117606 0.162763
0.107155 0.157401
0.097113 0.151944
0.087493 0.147136
0.078306 0.139477
0.069566 0.133013
0.061285 0.126663
0.053474 0.119226
0.046150 0.112147
0.039326 0.104018
0.033014 0.095881
0.027230 0.087263
0.021980 0.080476
0.017277 0.071290
0.013141 0.063558
0.009573 0.055206
0.006583 0.046894
0.004188 0.038448
0.002354 0.030838
0.001081 0.023979
0.000371 0.019190
0.000077 0.014489
0.000005 0.011690
0.000000 0.010036
0.000005 0.008751
0.000077 0.006311
0.000371 0.002166
0.001081 -0.002829
0.002353 -0.008883
0.004188 -0.015155
0.006585 -0.021984
0.009576 -0.027474
0.013145 -0.031702
0.017281 -0.036239
0.021983 -0.040754
0.027232 -0.045397
0.033016 -0.048589
0.039328 -0.050142
0.046152 -0.051499
0.053476 -0.055372
0.061287 -0.057741
0.069568 -0.059493
0.078308 -0.062905
0.087495 -0.062533
0.097115 -0.064284
0.107157 -0.065397
0.117608 -0.065599
0.128454 -0.065617
0.139683 -0.066180
0.151282 -0.066499
0.163235 -0.066416
0.175532 -0.064506
0.188157 -0.063002
0.201097 -0.061473
0.214337 -0.060260
0.227864 -0.058258
0.241663 -0.055914
0.255719 -0.054109
0.270017 -0.052270
0.284542 -0.050171
0.299280 -0.047490
0.314215 -0.044734
0.329331 -0.041729
0.344613 -0.039863
0.360045 -0.036342
0.375611 -0.032641
0.391296 -0.030145
0.407083 -0.027304
0.422957 -0.024314
0.438901 -0.021459
0.454899 -0.018629
0.470935 -0.016009
0.486992 -0.013130
0.503055 -0.010800
0.519107 -0.008209
0.535132 -0.005071
0.551114 -0.003174
0.567036 -0.001595
0.582884 0.000501
0.598640 0.002879
0.614290 0.006630
0.629817 0.008230
0.645206 0.009964
0.660442 0.012842
0.675509 0.014016
0.690393 0.016556
0.705077 0.016416
0.719549 0.019091
0.733793 0.019963
0.747795 0.020720
0.761542 0.022500
0.775019 0.021677
0.788214 0.022272
0.801113 0.021571
0.813704 0.022604
0.825973 0.021069
0.837910 0.021819
0.849501 0.020773
0.860735 0.020142
0.871601 0.019650
0.882088 0.018998
0.892184 0.018051
0.901880 0.016447
0.911165 0.014897
0.920031 0.014379
0.928468 0.014011
0.936467 0.012629
0.944019 0.012514
0.951116 0.012048
0.957751 0.011465
0.963920 0.011026
0.969616 0.010492
0.974836 0.009899
0.979575 0.009890
0.983831 0.009412
0.987598 0.008249
0.990874 0.009078
0.993653 0.006146
0.995934 0.007174
0.997711 0.007543
0.998982 0.005057
0.999745 0.007066
1.000000 0.004054
