1.000000 0.010343
0.999745 0.012325
0.998982 0.013781
0.997711 0.015460
0.995933 0.016108
0.993653 0.017722
0.990874 0.021558
0.987598 0.023293
0.983830 0.026474
0.979575 0.032242
0.974836 0.036312
0.969616 0.041181
0.963920 0.047022
0.957751 0.052592
0.951116 0.060058
0.944019 0.065322
0.936467 0.070221
0.928468 0.077711
0.920031 0.084489
0.911165 0.092560
0.901879 0.099640
0.892183 0.106651
0.882087 0.112776
0.871601 0.120958
0.860735 0.128106
0.849501 0.135975
0.837910 0.142414
0.825974 0.149607
0.813704 0.156776
0.801113 0.164916
0.788214 0.172368
0.775019 0.180894
0.761541 0.188309
0.747795 0.195810
0.733792 0.202427
0.719548 0.209848
0.705077 0.216808
0.690392 0.223161
0.675509 0.229855
0.660442 0.236014
0.645206 0.242715
0.629817 0.248256
0.614290 0.252378
0.598640 0.256911
0.582884 0.261043
0.567036 0.265596
0.551113 0.268314
0.535131 0.270864
0.519106 0.273128
0.503054 0.275592
0.486991 0.278266
0.470934 0.279977
0.454898 0.280697
0.438900 0.282006
0.422956 0.281875
0.407083 0.282501
0.391295 0.281743
0.375610 0.280874
0.360044 0.279344
0.344612 0.276693
0.329330 0.274438
0.314213 0.272348
0.299279 0.269832
0.284541 0.266866
0.270015 0.263343
0.255717 0.259430
0.241661 0.255497
0.227862 0.250843
0.214336 0.246040
0.201095 0.240829
0.188155 0.235621
0.175530 0.230540
0.163234 0.224797
0.151280 0.219456
0.139681 0.212402
0.128452 0.206057
0.117606 0.200272
0.107155 0.193977
0.097113 0.187634
0.087493 0.181326
0.078306 0.175076
0.069566 0.167387
0.061285 0.160491
0.053474 0.151615
0.046150 0.144998
0.039326 0.134235
0.033014 0.124378
0.027230 0.114870
0.021980 0.103507
0.017277 0.092371
0.013141 0.079930
0.009573 0.069501
0.006583 0.056940
0.004188 0.045631
0.002354 0.035799
0.001081 0.026721
0.000371 0.019596
0.000077 0.014363
0.000005 0.010533
0.000000 0.010303
0.000005 0.008666
0.000077 0.005035
0.000371 -0.000816
0.001081 -0.008083
0.002353 -0.016394
0.004188 -0.025915
0.006585 -0.035505
0.009576 -0.046264
0.013145 -0.057239
0.017281 -0.066207
0.021983 -0.075770
0.027232 -0.084829
0.033016 -0.093092
0.039328 -0.102302
0.046152 -0.108488
0.053476 -0.117132
0.061287 -0.123879
0.069568 -0.130446
0.078308 -0.137384
0.087495 -0.142695
0.097115 -0.147471
0.107157 -0.153868
0.117608 -0.159773
0.128454 -0.163732
0.139683 -0.167979
0.151282 -0.171530
0.163235 -0.177264
0.175532 -0.180385
0.188157 -0.181930
0.201097 -0.184435
0.214337 -0.186284
0.227864 -0.189217
0.241663 -0.191566
0.255719 -0.194185
0.270017 -0.195183
0.284542 -0.197754
0.299280 -0.198024
0.314215 -0.199887
0.329331 -0.199610
0.344613 -0.201379
0.360045 -0.200415
0.375611 -0.200359
0.391296 -0.199798
0.407083 -0.199103
0.422957 -0.198105
0.438901 -0.196191
0.454899 -0.193650
0.470935 -0.193013
0.486992 -0.190935
0.503055 -0.187358
0.519107 -0.184959
0.535132 -0.180312
0.551114 -0.176553
0.567036 -0.172630
0.582884 -0.168499
0.598640 -0.162423
0.614290 -0.157566
0.629817 -0.152603
0.645206 -0.147516
0.660442 -0.140992
0.675509 -0.136679
0.690393 -0.130208
0.705077 -0.125364
0.719549 -0.119653
0.733793 -0.113854
0.747795 -0.108248
0.761542 -0.101913
0.775019 -0.096051
0.788214 -0.089676
0.801113 -0.084451
0.813704 -0.078962
0.825973 -0.074494
0.837910 -0.069593
0.849501 -0.063578
0.860735 -0.059272
0.871601 -0.055129
0.882088 -0.051106
0.892184 -0.046410
0.901880 -0.042046
0.911165 -0.038600
0.920031 -0.033764
0.928468 -0.030126
0.936467 -0.026342
0.944019 -0.023706
0.951116 -0.020012
0.957751 -0.017114
0.963920 -0.014567
0.969616 -0.012213
0.974836 -0.010015
0.979575 -0.007794
0.983831 -0.007602
0.987598 -0.006392
0.990874 -0.004258
0.993653 -0.000402
0.995934 -0.001153
0.997711 0.000643
0.998982 0.000543
0.999745 -0.000259
1.000000 0.000120
