1.000000 0.005385
0.999745 0.008279
0.998982 0.008410
0.997711 0.010883
0.995933 0.011544
0.993653 0.013175
0.990874 0.013961
0.987598 0.014554
0.983830 0.016551
0.979575 0.017748
0.974836 0.018875
0.969616 0.021688
0.963920 0.024422
0.957751 0.024751
0.951116 0.027701
0.944019 0.029940
0.936467 0.033206
0.928468 0.035247
0.920031 0.039378
0.911165 0.041941
0.901879 0.045899
0.892183 0.048680
0.882087 0.052694
0.871601 0.056438
0.860735 0.059839
0.849501 0.065077
0.837910 0.068199
0.825974 0.073029
0.813704 0.077458
0.801113 0.080917
0.788214 0.085248
0.775019 0.089520
0.761541 0.092969
0.747795 0.097810
0.733792 0.101242
0.719548 0.106023
0.705077 0.110589
0.690392 0.114961
0.675509 0.119895
0.660442 0.124087
0.645206 0.128413
0.629817 0.133240
0.614290 0.137294
0.598640 0.139444
0.582884 0.142692
0.567036 0.145946
0.551113 0.149701
0.535131 0.153320
0.519106 0.154910
0.503054 0.156848
0.486991 0.159369
0.470934 0.161931
0.454898 0.165069
0.438900 0.166681
0.422956 0.167989
0.407083 0.169280
0.391295 0.169547
0.375610 0.170056
0.360044 0.170376
0.344612 0.170864
0.329330 0.170938
0.314213 0.171370
0.299279 0.171094
0.284541 0.169914
0.270015 0.168720
0.255717 0.167546
0.241661 0.166078
0.227862 0.164632
0.214336 0.162748
0.201095 0.160830
0.188155 0.158465
0.175530 0.155588
0.163234 0.153045
0.151280 0.149096
0.139681 0.145846
0.128452 0.143351
0.117606 0.138371
0.107155 0.135478
0.097113 0.130063
0.087493 0.126780
0.078306 0.122337
0.069566 0.117088
0.061285 0.113022
0.053474 0.108462
0.046150 0.102186
0.039326 0.096096
0.033014 0.089957
0.027230 0.084178
0.021980 0.077260
0.017277 0.070198
0.013141 0.063279
0.009573 0.054317
0.006583 0.046315
0.004188 0.038000
0.002354 0.030800
0.001081 0.021842
0.000371 0.017550
0.000077 0.013050
0.000005 0.009013
0.000000 0.009024
0.000005 0.007036
0.000077 0.004015
0.000371 -0.001144
0.001081 -0.006800
0.002353 -0.012850
0.004188 -0.021957
0.006585 -0.029234
0.009576 -0.037342
0.013145 -0.046292
0.017281 -0.051627
0.021983 -0.059098
0.027232 -0.065940
0.033016 -0.070709
0.039328 -0.075954
0.046152 -0.080912
0.053476 -0.087395
0.061287 -0.092512
0.069568 -0.096229
0.078308 -0.101382
0.087495 -0.107258
0.097115 -0.110542
0.107157 -0.114773
0.117608 -0.118079
0.128454 -0.122034
0.139683 -0.125645
0.151282 -0.129318
0.163235 -0.131783
0.175532 -0.134212
0.188157 -0.137359
0.201097 -0.139682
0.214337 -0.142244
0.227864 -0.143375
0.241663 -0.144287
0.255719 -0.146706
0.270017 -0.148019
0.284542 -0.147066
0.299280 -0.149514
0.314215 -0.149487
0.329331 -0.150809
0.344613 -0.149643
0.360045 -0.149643
0.375611 -0.149280
0.391296 -0.149367
0.407083 -0.146824
0.422957 -0.147843
0.438901 -0.145579
0.454899 -0.144832
0.470935 -0.143058
0.486992 -0.139112
0.503055 -0.137374
0.519107 -0.136454
0.535132 -0.133528
0.551114 -0.132447
0.567036 -0.128748
0.582884 -0.125785
0.598640 -0.121307
0.614290 -0.117715
0.629817 -0.113885
0.645206 -0.109650
0.660442 -0.105465
0.675509 -0.101800
0.690393 -0.096505
0.705077 -0.092354
0.719549 -0.090050
0.733793 -0.084160
0.747795 -0.079496
0.761542 -0.076310
0.775019 -0.071532
0.788214 -0.067284
0.801113 -0.062808
0.813704 -0.058497
0.825973 -0.054876
0.837910 -0.050533
0.849501 -0.045457
0.860735 -0.040520
0.871601 -0.037549
0.882088 -0.033370
0.892184 -0.029531
0.901880 -0.025834
0.911165 -0.023373
0.920031 -0.019808
0.928468 -0.016452
0.936467 -0.013075
0.944019 -0.011966
0.951116 -0.007110
0.957751 -0.005446
0.963920 -0.002885
0.969616 -0.000867
0.974836 0.000443
0.979575 0.002747
0.983831 0.003527
0.987598 0.003094
0.990874 0.005457
0.993653 0.005031
0.995934 0.005909
0.997711 0.006535
0.998982 0.003745
0.999745 0.007197
1.000000 0.006101
