1.000000 0.009670
0.999745 0.010112
0.998982 0.011068
0.997711 0.011289
0.995933 0.011676
0.993653 0.011389
0.990874 0.012077
0.987598 0.015189
0.983830 0.017338
0.979575 0.018901
0.974836 0.021440
0.969616 0.023754
0.963920 0.028321
0.957751 0.032253
0.951116 0.036426
0.944019 0.045060
0.936467 0.048019
0.928468 0.053564
0.920031 0.060709
0.911165 0.066755
0.901879 0.074588
0.892183 0.080752
0.882087 0.088375
0.871601 0.095780
0.860735 0.103055
0.849501 0.110969
0.837910 0.118628
0.825974 0.125964
0.813704 0.133727
0.801113 0.141589
0.788214 0.149638
0.775019 0.157352
0.761541 0.164714
0.747795 0.172373
0.733792 0.179919
0.719548 0.188093
0.705077 0.194648
0.690392 0.202622
0.675509 0.209197
0.660442 0.216712
0.645206 0.223547
0.629817 0.230383
0.614290 0.235501
0.598640 0.241374
0.582884 0.246874
0.567036 0.252170
0.551113 0.257121
0.535131 0.261493
0.519106 0.266178
0.503054 0.271056
0.486991 0.275477
0.470934 0.278861
0.454898 0.282088
0.438900 0.284581
0.422956 0.287704
0.407083 0.289681
0.391295 0.290423
0.375610 0.292103
0.360044 0.292943
0.344612 0.293006
0.329330 0.292752
0.314213 0.291904
0.299279 0.290873
0.284541 0.288708
0.270015 0.287217
0.255717 0.284815
0.241661 0.281436
0.227862 0.277763
0.214336 0.273378
0.201095 0.268480
0.188155 0.263046
0.175530 0.256734
0.163234 0.249075
0.151280 0.241914
0.139681 0.233707
0.128452 0.225885
0.117606 0.218461
0.107155 0.209817
0.097113 0.200837
0.087493 0.190334
0.078306 0.179277
0.069566 0.168632
0.061285 0.157776
0.053474 0.147368
0.046150 0.136855
0.039326 0.125197
0.033014 0.114243
0.027230 0.102956
0.021980 0.092242
0.017277 0.081372
0.013141 0.071741
0.009573 0.060512
0.006583 0.049307
0.004188 0.040376
0.002354 0.030086
0.001081 0.021913
0.000371 0.014686
0.000077 0.010451
0.000005 0.007469
0.000000 0.006771
0.000005 0.006314
0.000077 0.003224
0.000371 -0.001455
0.001081 -0.007715
0.002353 -0.013569
0.004188 -0.021473
0.006585 -0.027539
0.009576 -0.032683
0.013145 -0.039054
0.017281 -0.042954
0.021983 -0.047470
0.027232 -0.050726
0.033016 -0.054911
0.039328 -0.057394
0.046152 -0.061115
0.053476 -0.063771
0.061287 -0.065494
0.069568 -0.067987
0.078308 -0.069730
0.087495 -0.071308
0.097115 -0.073388
0.107157 -0.073443
0.117608 -0.074099
0.128454 -0.074668
0.139683 -0.074717
0.151282 -0.074097
0.163235 -0.074116
0.175532 -0.074793
0.188157 -0.073847
0.201097 -0.073356
0.214337 -0.073736
0.227864 -0.072531
0.241663 -0.072680
0.255719 -0.069363
0.270017 -0.070043
0.284542 -0.066916
0.299280 -0.064455
0.314215 -0.062051
0.329331 -0.060686
0.344613 -0.059092
0.360045 -0.057497
0.375611 -0.055107
0.391296 -0.054124
0.407083 -0.052321
0.422957 -0.050852
0.438901 -0.049236
0.454899 -0.046970
0.470935 -0.044814
0.486992 -0.042050
0.503055 -0.039590
0.519107 -0.037716
0.535132 -0.035892
0.551114 -0.033267
0.567036 -0.032510
0.582884 -0.030169
0.598640 -0.028313
0.614290 -0.026339
0.629817 -0.025068
0.645206 -0.023378
0.660442 -0.022713
0.675509 -0.020094
0.690393 -0.020498
0.705077 -0.018164
0.719549 -0.016908
0.733793 -0.015516
0.747795 -0.014285
0.761542 -0.014375
0.775019 -0.010482
0.788214 -0.009357
0.801113 -0.008481
0.813704 -0.008552
0.825973 -0.005941
0.837910 -0.005765
0.849501 -0.004732
0.860735 -0.003861
0.871601 -0.002285
0.882088 -0.001978
0.892184 -0.001998
0.901880 -0.001179
0.911165 -0.000665
0.920031 -0.000343
0.928468 0.000632
0.936467 -0.000247
0.944019 0.001858
0.951116 0.002285
0.957751 0.002377
0.963920 0.002536
0.969616 0.002454
0.974836 0.003656
0.979575 0.004199
0.983831 0.005108
0.987598 0.005140
0.990874 0.006156
0.993653 0.005088
0.995934 0.008184
0.997711 0.006723
0.998982 0.005626
0.999745 0.007571
1.000000 0.005825
