1.000000 0.006080
0.999745 0.007112
0.998982 0.007581
0.997711 0.007734
0.995933 0.009156
0.993653 0.009679
0.990874 0.011730
0.987598 0.010755
0.983830 0.012058
0.979575 0.016092
0.974836 0.016210
0.969616 0.018928
0.963920 0.020381
0.957751 0.022620
0.951116 0.025432
0.944019 0.027963
0.936467 0.030190
0.928468 0.033219
0.920031 0.034191
0.911165 0.037977
0.901879 0.040178
0.892183 0.044367
0.882087 0.048628
0.871601 0.051897
0.860735 0.056794
0.849501 0.060549
0.837910 0.064961
0.825974 0.070972
0.813704 0.074439
0.801113 0.078725
0.788214 0.083736
0.775019 0.087482
0.761541 0.092235
0.747795 0.096447
0.733792 0.102249
0.719548 0.107259
0.705077 0.112979
0.690392 0.116488
0.675509 0.121980
0.660442 0.127407
0.645206 0.134465
0.629817 0.139529
0.614290 0.143957
0.598640 0.147790
0.582884 0.153602
0.567036 0.157395
0.551113 0.164205
0.535131 0.166990
0.519106 0.170932
0.503054 0.173708
0.486991 0.176770
0.470934 0.179285
0.454898 0.182411
0.438900 0.184086
0.422956 0.185556
0.407083 0.186336
0.391295 0.188534
0.375610 0.188984
0.360044 0.189432
0.344612 0.189399
0.329330 0.188853
0.314213 0.189312
0.299279 0.188140
0.284541 0.187212
0.270015 0.185384
0.255717 0.183810
0.241661 0.182097
0.227862 0.180655
0.214336 0.177366
0.201095 0.173566
0.188155 0.169719
0.175530 0.166602
0.163234 0.163083
0.151280 0.159566
0.139681 0.154724
0.128452 0.149552
0.117606 0.144859
0.107155 0.139830
0.097113 0.135645
0.087493 0.130157
0.078306 0.126012
0.069566 0.120206
0.061285 0.114422
0.053474 0.108507
0.046150 0.104360
0.039326 0.098617
0.033014 0.092966
0.027230 0.086145
0.021980 0.077998
0.017277 0.070973
0.013141 0.065207
0.009573 0.055490
0.006583 0.047929
0.004188 0.039925
0.002354 0.031316
0.001081 0.024290
0.000371 0.017398
0.000077 0.013696
0.000005 0.010450
0.000000 0.009763
0.000005 0.008466
0.000077 0.006187
0.000371 0.000456
0.001081 -0.007601
0.002353 -0.013656
0.004188 -0.021693
0.006585 -0.029808
0.009576 -0.037914
0.013145 -0.044880
0.017281 -0.053478
0.021983 -0.059864
0.027232 -0.066316
0.033016 -0.072427
0.039328 -0.078782
0.046152 -0.085290
0.053476 -0.091136
0.061287 -0.098023
0.069568 -0.104339
0.078308 -0.110347
0.087495 -0.115851
0.097115 -0.121328
0.107157 -0.126144
0.117608 -0.132190
0.128454 -0.136830
0.139683 -0.141376
0.151282 -0.145481
0.163235 -0.148358
0.175532 -0.151787
0.188157 -0.154830
0.201097 -0.159432
0.214337 -0.161287
0.227864 -0.163552
0.241663 -0.166830
0.255719 -0.166854
0.270017 -0.169858
0.284542 -0.170135
0.299280 -0.170401
0.314215 -0.170928
0.329331 -0.171184
0.344613 -0.171204
0.360045 -0.170914
0.375611 -0.170005
0.391296 -0.169255
0.407083 -0.166731
0.422957 -0.165643
0.438901 -0.163777
0.454899 -0.161357
0.470935 -0.158058
0.486992 -0.156757
0.503055 -0.153363
0.519107 -0.150223
0.535132 -0.145780
0.551114 -0.142345
0.567036 -0.138785
0.582884 -0.136340
0.598640 -0.130298
0.614290 -0.126524
0.629817 -0.121232
0.645206 -0.116863
0.660442 -0.111934
0.675509 -0.107210
0.690393 -0.102187
0.705077 -0.097441
0.719549 -0.093124
0.733793 -0.087840
0.747795 -0.082860
0.761542 -0.078462
0.775019 -0.073123
0.788214 -0.068632
0.801113 -0.063872
0.813704 -0.059469
0.825973 -0.054752
0.837910 -0.049956
0.849501 -0.046364
0.860735 -0.042569
0.871601 -0.038683
0.882088 -0.034895
0.892184 -0.032072
0.901880 -0.028835
0.911165 -0.025668
0.920031 -0.022680
0.928468 -0.019593
0.936467 -0.016027
0.944019 -0.012930
0.951116 -0.009739
0.957751 -0.006945
0.963920 -0.005260
0.969616 -0.002950
0.974836 -0.001207
0.979575 0.000799
0.983831 0.002000
0.987598 0.004074
0.990874 0.003450
0.993653 0.005802
0.995934 0.006000
0.997711 0.005955
0.998982 0.008620
0.999745 0.006401
1.000000 0.005345
