1.000000 0.008288
0.999745 0.009627
0.998982 0.008473
0.997711 0.007757
0.995933 0.009757
0.993653 0.007841
0.990874 0.009232
0.987598 0.008053
0.983830 0.008912
0.979575 0.009556
0.974836 0.009207
0.969616 0.010192
0.963920 0.011026
0.957751 0.010295
0.951116 0.011762
0.944019 0.012037
0.936467 0.013507
0.928468 0.014405
0.920031 0.016115
0.911165 0.018281
0.901879 0.020631
0.892183 0.023876
0.882087 0.027917
0.871601 0.033386
0.860735 0.040049
0.849501 0.046554
0.837910 0.053827
0.825974 0.062282
0.813704 0.072139
0.801113 0.082151
0.788214 0.093296
0.775019 0.104542
0.761541 0.117073
0.747795 0.127697
0.733792 0.139202
0.719548 0.152347
0.705077 0.163186
0.690392 0.174660
0.675509 0.187963
0.660442 0.199168
0.645206 0.212277
0.629817 0.224761
0.614290 0.235837
0.598640 0.247939
0.582884 0.258752
0.567036 0.270530
0.551113 0.280623
0.535131 0.290983
0.519106 0.300936
0.503054 0.310138
0.486991 0.319333
0.470934 0.326032
0.454898 0.334216
0.438900 0.338193
0.422956 0.343395
0.407083 0.346507
0.391295 0.350355
0.375610 0.351874
0.360044 0.352728
0.344612 0.352646
0.329330 0.350238
0.314213 0.347143
0.299279 0.343888
0.284541 0.340162
0.270015 0.335421
0.255717 0.329623
0.241661 0.322663
0.227862 0.315797
0.214336 0.309023
0.201095 0.300912
0.188155 0.293522
0.175530 0.282660
0.163234 0.275225
0.151280 0.264137
0.139681 0.254227
0.128452 0.244222
0.117606 0.233176
0.107155 0.222493
0.097113 0.213029
0.087493 0.201139
0.078306 0.189683
0.069566 0.179104
0.061285 0.167358
0.053474 0.154877
0.046150 0.143564
0.039326 0.131598
0.033014 0.121280
0.027230 0.110800
0.021980 0.099060
0.017277 0.084649
0.013141 0.074734
0.009573 0.063266
0.006583 0.052509
0.004188 0.042725
0.002354 0.032760
0.001081 0.024330
0.000371 0.018323
0.000077 0.012285
0.000005 0.010223
0.000000 0.009056
0.000005 0.007041
0.000077 0.005229
0.000371 0.002054
0.001081 -0.002510
0.002353 -0.004922
0.004188 -0.005821
0.006585 -0.006857
0.009576 -0.006506
0.013145 -0.006291
0.017281 -0.007436
0.021983 -0.006931
0.027232 -0.006329
0.033016 -0.006671
0.039328 -0.006097
0.046152 -0.006195
0.053476 -0.005797
0.061287 -0.004355
0.069568 -0.003057
0.078308 -0.002652
0.087495 -0.002067
0.097115 0.000297
0.107157 0.003012
0.117608 0.004141
0.128454 0.005739
0.139683 0.006803
0.151282 0.007327
0.163235 0.008160
0.175532 0.009002
0.188157 0.009114
0.201097 0.010383
0.214337 0.010231
0.227864 0.008745
0.241663 0.008834
0.255719 0.007053
0.270017 0.007461
0.284542 0.007040
0.299280 0.006046
0.314215 0.003746
0.329331 0.003059
0.344613 0.001399
0.360045 0.000374
0.375611 -0.001164
0.391296 -0.001592
0.407083 -0.004380
0.422957 -0.005606
0.438901 -0.006259
0.454899 -0.009725
0.470935 -0.011230
0.486992 -0.013140
0.503055 -0.015881
0.519107 -0.019039
0.535132 -0.021383
0.551114 -0.024243
0.567036 -0.026253
0.582884 -0.029518
0.598640 -0.031266
0.614290 -0.034547
0.629817 -0.036311
0.645206 -0.039061
0.660442 -0.042142
0.675509 -0.044148
0.690393 -0.046607
0.705077 -0.047812
0.719549 -0.048267
0.733793 -0.050750
0.747795 -0.051715
0.761542 -0.051145
0.775019 -0.051462
0.788214 -0.051291
0.801113 -0.050889
0.813704 -0.050245
0.825973 -0.048406
0.837910 -0.045396
0.849501 -0.043947
0.860735 -0.041244
0.871601 -0.039237
0.882088 -0.037056
0.892184 -0.034306
0.901880 -0.033474
0.911165 -0.031031
0.920031 -0.028386
0.928468 -0.025050
0.936467 -0.022880
0.944019 -0.019577
0.951116 -0.017010
0.957751 -0.014283
0.963920 -0.011671
0.969616 -0.009130
0.974836 -0.006239
0.979575 -0.003256
0.983831 -0.001586
0.987598 0.000499
0.990874 0.000406
0.993653 0.002787
0.995934 0.003509
0.997711 0.005002
0.998982 0.005515
0.999745 0.005020
1.000000 0.003565
