1.000000 0.010536
0.999745 0.011921
0.998982 0.012400
0.997711 0.013587
0.995933 0.012438
0.993653 0.012809
0.990874 0.012152
0.987598 0.015654
0.983830 0.013576
0.979575 0.015660
0.974836 0.015864
0.969616 0.017329
0.963920 0.018199
0.957751 0.018759
0.951116 0.020328
0.944019 0.022890
0.936467 0.025323
0.928468 0.028456
0.920031 0.031567
0.911165 0.034694
0.901879 0.037805
0.892183 0.042432
0.882087 0.045840
0.871601 0.050320
0.860735 0.054773
0.849501 0.058817
0.837910 0.065178
0.825974 0.067732
0.813704 0.073805
0.801113 0.078527
0.788214 0.082827
0.775019 0.087957
0.761541 0.093686
0.747795 0.098768
0.733792 0.104377
0.719548 0.109251
0.705077 0.114549
0.690392 0.119160
0.675509 0.123285
0.660442 0.127517
0.645206 0.132008
0.629817 0.137026
0.614290 0.141480
0.598640 0.145636
0.582884 0.150753
0.567036 0.155166
0.551113 0.158844
0.535131 0.163828
0.519106 0.165955
0.503054 0.168052
0.486991 0.170944
0.470934 0.173367
0.454898 0.176200
0.438900 0.179133
0.422956 0.180054
0.407083 0.181770
0.391295 0.183740
0.375610 0.184666
0.360044 0.186217
0.344612 0.185774
0.329330 0.186104
0.314213 0.186962
0.299279 0.185698
0.284541 0.185071
0.270015 0.184070
0.255717 0.182494
0.241661 0.180820
0.227862 0.178441
0.214336 0.175976
0.201095 0.173191
0.188155 0.170450
0.175530 0.166715
0.163234 0.163280
0.151280 0.159514
0.139681 0.155859
0.128452 0.152385
0.117606 0.147089
0.107155 0.141695
0.097113 0.136269
0.087493 0.131533
0.078306 0.125645
0.069566 0.120704
0.061285 0.112522
0.053474 0.106147
0.046150 0.099726
0.039326 0.093431
0.033014 0.086907
0.027230 0.079534
0.021980 0.073325
0.017277 0.066085
0.013141 0.058913
0.009573 0.051423
0.006583 0.043759
0.004188 0.036845
0.002354 0.029074
0.001081 0.022216
0.000371 0.016276
0.000077 0.011126
0.000005 0.009646
0.000000 0.008250
0.000005 0.007654
0.000077 0.005244
0.000371 0.000771
0.001081 -0.003224
0.002353 -0.008504
0.004188 -0.014014
0.006585 -0.018325
0.009576 -0.021857
0.013145 -0.025700
0.017281 -0.028280
0.021983 -0.031448
0.027232 -0.034674
0.033016 -0.037825
0.039328 -0.041177
0.046152 -0.044740
0.053476 -0.046910
0.061287 -0.048215
0.069568 -0.051227
0.078308 -0.054018
0.087495 -0.057413
0.097115 -0.060267
0.107157 -0.062254
0.117608 -0.064411
0.128454 -0.066575
0.139683 -0.069620
0.151282 -0.070145
0.163235 -0.072547
0.175532 -0.076116
0.188157 -0.076131
0.201097 -0.079706
0.214337 -0.080938
0.227864 -0.081012
0.241663 -0.082032
0.255719 -0.084412
0.270017 -0.085280
0.284542 -0.087133
0.299280 -0.087389
0.314215 -0.089354
0.329331 -0.090150
0.344613 -0.090942
0.360045 -0.092458
0.375611 -0.093231
0.391296 -0.093761
0.407083 -0.093516
0.422957 -0.093079
0.438901 -0.094929
0.454899 -0.094127
0.470935 -0.093935
0.486992 -0.093142
0.503055 -0.092641
0.519107 -0.092078
0.535132 -0.091098
0.551114 -0.089466
0.567036 -0.086745
0.582884 -0.085590
0.598640 -0.083871
0.614290 -0.081520
0.629817 -0.080168
0.645206 -0.077592
0.660442 -0.075588
0.675509 -0.072608
0.690393 -0.070458
0.705077 -0.068432
0.719549 -0.065406
0.733793 -0.063333
0.747795 -0.058900
0.761542 -0.057993
0.775019 -0.055170
0.788214 -0.052816
0.801113 -0.048911
0.813704 -0.045090
0.825973 -0.041463
0.837910 -0.039343
0.849501 -0.035932
0.860735 -0.034304
0.871601 -0.031147
0.882088 -0.027968
0.892184 -0.026392
0.901880 -0.024503
0.911165 -0.022599
0.920031 -0.020046
0.928468 -0.016983
0.936467 -0.014273
0.944019 -0.010540
0.951116 -0.008383
0.957751 -0.007426
0.963920 -0.004745
0.969616 -0.001993
0.974836 0.000126
0.979575 0.001992
0.983831 0.002966
0.987598 0.004983
0.990874 0.004148
0.993653 0.007366
0.995934 0.006994
0.997711 0.009457
0.998982 0.007100
0.999745 0.007916
1.000000 0.008167
