1.000000 0.001549
0.999745 0.008660
0.998982 0.006998
0.997711 0.008869
0.995933 0.009663
0.993653 0.010715
0.990874 0.013440
0.987598 0.015029
0.983830 0.016291
0.979575 0.019372
0.974836 0.022788
0.969616 0.026069
0.963920 0.029355
0.957751 0.032838
0.951116 0.036999
0.944019 0.040516
0.936467 0.043284
0.928468 0.048194
0.920031 0.051301
0.911165 0.056619
0.901879 0.060884
0.892183 0.065584
0.882087 0.070100
0.871601 0.076500
0.860735 0.081497
0.849501 0.086654
0.837910 0.092789
0.825974 0.096641
0.813704 0.102927
0.801113 0.108041
0.788214 0.114435
0.775019 0.121218
0.761541 0.126105
0.747795 0.132800
0.733792 0.138720
0.719548 0.144871
0.705077 0.151437
0.690392 0.155831
0.675509 0.161704
0.660442 0.166923
0.645206 0.172487
0.629817 0.178590
0.614290 0.184164
0.598640 0.189868
0.582884 0.195446
0.567036 0.199730
0.551113 0.205210
0.535131 0.210194
0.519106 0.214174
0.503054 0.219177
0.486991 0.222308
0.470934 0.225559
0.454898 0.228742
0.438900 0.230989
0.422956 0.232424
0.407083 0.233316
0.391295 0.233663
0.375610 0.234165
0.360044 0.234601
0.344612 0.234305
0.329330 0.233430
0.314213 0.231335
0.299279 0.229825
0.284541 0.226839
0.270015 0.223122
0.255717 0.219935
0.241661 0.215852
0.227862 0.211959
0.214336 0.207713
0.201095 0.203334
0.188155 0.199066
0.175530 0.194587
0.163234 0.189746
0.151280 0.184982
0.139681 0.179076
0.128452 0.173279
0.117606 0.167633
0.107155 0.160896
0.097113 0.153800
0.087493 0.147696
0.078306 0.140523
0.069566 0.132488
0.061285 0.126611
0.053474 0.118039
0.046150 0.111387
0.039326 0.102921
0.033014 0.094706
0.027230 0.086430
0.021980 0.078539
0.017277 0.071302
0.013141 0.063445
0.009573 0.054943
0.006583 0.047431
0.004188 0.039300
0.002354 0.031441
0.001081 0.022765
0.000371 0.018660
0.000077 0.013901
0.000005 0.010616
0.000000 0.009798
0.000005 0.008411
0.000077 0.005759
0.000371 0.003951
0.001081 -0.007436
0.002353 -0.011428
0.004188 -0.019233
0.006585 -0.026050
0.009576 -0.033986
0.013145 -0.043140
0.017281 -0.050792
0.021983 -0.057333
0.027232 -0.067064
0.033016 -0.075690
0.039328 -0.083296
0.046152 -0.089294
0.053476 -0.097115
0.061287 -0.104519
0.069568 -0.111540
0.078308 -0.119143
0.087495 -0.128604
0.097115 -0.133172
0.107157 -0.138636
0.117608 -0.146983
0.128454 -0.151626
0.139683 -0.158826
0.151282 -0.164590
0.163235 -0.169818
0.175532 -0.174405
0.188157 -0.181480
0.201097 -0.185855
0.214337 -0.190978
0.227864 -0.194038
0.241663 -0.197587
0.255719 -0.200536
0.270017 -0.204056
0.284542 -0.208627
0.299280 -0.209822
0.314215 -0.212296
0.329331 -0.212879
0.344613 -0.214301
0.360045 -0.215105
0.375611 -0.214937
0.391296 -0.215680
0.407083 -0.213504
0.422957 -0.213102
0.438901 -0.210775
0.454899 -0.208741
0.470935 -0.205759
0.486992 -0.203119
0.503055 -0.199980
0.519107 -0.196131
0.535132 -0.192579
0.551114 -0.188380
0.567036 -0.184244
0.582884 -0.178339
0.598640 -0.174636
0.614290 -0.168722
0.629817 -0.164145
0.645206 -0.157318
0.660442 -0.153184
0.675509 -0.146772
0.690393 -0.141062
0.705077 -0.134513
0.719549 -0.127550
0.733793 -0.122338
0.747795 -0.115844
0.761542 -0.111449
0.775019 -0.103872
0.788214 -0.098466
0.801113 -0.092692
0.813704 -0.086826
0.825973 -0.081224
0.837910 -0.075006
0.849501 -0.071512
0.860735 -0.065496
0.871601 -0.060199
0.882088 -0.053839
0.892184 -0.049046
0.901880 -0.044534
0.911165 -0.040274
0.920031 -0.035854
0.928468 -0.030470
0.936467 -0.026534
0.944019 -0.023493
0.951116 -0.019609
0.957751 -0.016267
0.963920 -0.012865
0.969616 -0.009890
0.974836 -0.007046
0.979575 -0.004468
0.983831 -0.003147
0.987598 -0.001959
0.990874 0.000453
0.993653 0.001070
0.995934 0.002602
0.997711 0.003970
0.998982 0.004922
0.999745 0.003534
1.000000 0.003462
