1.000000 0.008941
0.999745 0.011385
0.998982 0.011104
0.997711 0.014022
0.995933 0.014292
0.993653 0.015915
0.990874 0.015167
0.987598 0.016489
0.983830 0.017801
0.979575 0.019219
0.974836 0.021485
0.969616 0.024668
0.963920 0.029108
0.957751 0.034619
0.951116 0.039031
0.944019 0.044060
0.936467 0.049884
0.928468 0.055931
0.920031 0.062958
0.911165 0.070276
0.901879 0.074254
0.892183 0.082842
0.882087 0.090038
0.871601 0.099112
0.860735 0.106949
0.849501 0.115215
0.837910 0.124022
0.825974 0.132600
0.813704 0.141447
0.801113 0.151215
0.788214 0.160575
0.775019 0.169454
0.761541 0.179826
0.747795 0.189053
0.733792 0.198564
0.719548 0.206730
0.705077 0.214467
0.690392 0.223118
0.675509 0.231198
0.660442 0.238813
0.645206 0.245567
0.629817 0.252123
0.614290 0.258514
0.598640 0.264383
0.582884 0.268560
0.567036 0.272010
0.551113 0.278024
0.535131 0.280815
0.519106 0.284078
0.503054 0.286097
0.486991 0.288982
0.470934 0.290671
0.454898 0.291971
0.438900 0.293020
0.422956 0.292506
0.407083 0.293640
0.391295 0.292235
0.375610 0.291099
0.360044 0.289184
0.344612 0.288628
0.329330 0.286631
0.314213 0.284322
0.299279 0.281564
0.284541 0.278020
0.270015 0.274797
0.255717 0.271055
0.241661 0.266623
0.227862 0.260698
0.214336 0.255322
0.201095 0.250532
0.188155 0.245631
0.175530 0.238453
0.163234 0.233111
0.151280 0.226743
0.139681 0.220705
0.128452 0.216582
0.117606 0.207433
0.107155 0.201283
0.097113 0.194720
0.087493 0.186740
0.078306 0.179190
0.069566 0.170662
0.061285 0.162843
0.053474 0.154806
0.046150 0.145283
0.039326 0.135023
0.033014 0.124961
0.027230 0.114388
0.021980 0.102824
0.017277 0.090334
0.013141 0.078343
0.009573 0.066487
0.006583 0.056250
0.004188 0.045355
0.002354 0.033973
0.001081 0.025366
0.000371 0.017583
0.000077 0.013307
0.000005 0.010449
0.000000 0.010230
0.000005 0.009508
0.000077 0.005836
0.000371 0.000739
0.001081 -0.006214
0.002353 -0.013603
0.004188 -0.024665
0.006585 -0.037581
0.009576 -0.049399
0.013145 -0.059913
0.017281 -0.071534
0.021983 -0.080392
0.027232 -0.089296
0.033016 -0.096212
0.039328 -0.102054
0.046152 -0.108845
0.053476 -0.113400
0.061287 -0.118076
0.069568 -0.120826
0.078308 -0.124974
0.087495 -0.127597
0.097115 -0.130536
0.107157 -0.134728
0.117608 -0.135355
0.128454 -0.138553
0.139683 -0.141815
0.151282 -0.142714
0.163235 -0.144060
0.175532 -0.145549
0.188157 -0.148461
0.201097 -0.149864
0.214337 -0.150082
0.227864 -0.152470
0.241663 -0.152381
0.255719 -0.153710
0.270017 -0.154177
0.284542 -0.155116
0.299280 -0.156124
0.314215 -0.155728
0.329331 -0.156602
0.344613 -0.155882
0.360045 -0.157357
0.375611 -0.156593
0.391296 -0.155716
0.407083 -0.156132
0.422957 -0.154702
0.438901 -0.154319
0.454899 -0.152774
0.470935 -0.150991
0.486992 -0.149017
0.503055 -0.147859
0.519107 -0.145887
0.535132 -0.143458
0.551114 -0.140930
0.567036 -0.136517
0.582884 -0.133302
0.598640 -0.129258
0.614290 -0.125503
0.629817 -0.122210
0.645206 -0.117189
0.660442 -0.112846
0.675509 -0.107334
0.690393 -0.102484
0.705077 -0.098115
0.719549 -0.093556
0.733793 -0.088831
0.747795 -0.083249
0.761542 -0.078505
0.775019 -0.074217
0.788214 -0.070075
0.801113 -0.066040
0.813704 -0.061339
0.825973 -0.056058
0.837910 -0.052546
0.849501 -0.049080
0.860735 -0.044661
0.871601 -0.041172
0.882088 -0.038138
0.892184 -0.034358
0.901880 -0.030569
0.911165 -0.026860
0.920031 -0.023588
0.928468 -0.021674
0.936467 -0.018304
0.944019 -0.015015
0.951116 -0.012932
0.957751 -0.012689
0.963920 -0.009825
0.969616 -0.008009
0.974836 -0.004950
0.979575 -0.004577
0.983831 -0.005145
0.987598 -0.003538
0.990874 -0.003019
0.993653 -0.000616
0.995934 0.000679
0.997711 0.002400
0.998982 0.002719
0.999745 0.001730
1.000000 0.002819
