1.000000 0.008204
0.999745 0.008632
0.998982 0.009064
0.997711 0.011824
0.995933 0.012203
0.993653 0.012671
0.990874 0.016266
0.987598 0.019055
0.983830 0.022080
0.979575 0.026093
0.974836 0.032357
0.969616 0.037502
0.963920 0.042643
0.957751 0.048194
0.951116 0.055228
0.944019 0.060572
0.936467 0.068066
0.928468 0.074378
0.920031 0.080704
0.911165 0.087945
0.901879 0.095949
0.892183 0.102998
0.882087 0.109925
0.871601 0.117387
0.860735 0.125969
0.849501 0.133069
0.837910 0.140637
0.825974 0.148024
0.813704 0.155796
0.801113 0.162952
0.788214 0.170908
0.775019 0.177475
0.761541 0.184395
0.747795 0.191438
0.733792 0.197406
0.719548 0.204746
0.705077 0.211147
0.690392 0.216849
0.675509 0.224100
0.660442 0.228129
0.645206 0.232413
0.629817 0.238850
0.614290 0.242223
0.598640 0.246520
0.582884 0.250396
0.567036 0.253215
0.551113 0.256825
0.535131 0.258972
0.519106 0.261856
0.503054 0.262997
0.486991 0.264070
0.470934 0.265965
0.454898 0.266688
0.438900 0.268046
0.422956 0.268356
0.407083 0.268513
0.391295 0.268504
0.375610 0.267540
0.360044 0.266046
0.344612 0.264670
0.329330 0.263164
0.314213 0.261487
0.299279 0.258750
0.284541 0.256224
0.270015 0.252924
0.255717 0.250979
0.241661 0.247517
0.227862 0.243869
0.214336 0.239434
0.201095 0.235663
0.188155 0.230840
0.175530 0.225732
0.163234 0.220282
0.151280 0.214081
0.139681 0.208680
0.128452 0.203314
0.117606 0.196773
0.107155 0.189665
0.097113 0.182498
0.087493 0.175832
0.078306 0.168203
0.069566 0.160859
0.061285 0.153250
0.053474 0.144394
0.046150 0.136553
0.039326 0.127956
0.033014 0.118728
0.027230 0.109365
0.021980 0.097158
0.017277 0.085023
0.013141 0.073264
0.009573 0.062584
0.006583 0.052033
0.004188 0.041758
0.002354 0.033209
0.001081 0.022652
0.000371 0.015770
0.000077 0.009639
0.000005 0.007812
0.000000 0.007990
0.000005 0.006769
0.000077 0.004535
0.000371 0.000229
0.001081 -0.006464
0.002353 -0.013296
0.004188 -0.022163
0.006585 -0.029646
0.009576 -0.036416
0.013145 -0.042266
0.017281 -0.047212
0.021983 -0.051912
0.027232 -0.056812
0.033016 -0.059325
0.039328 -0.063644
0.046152 -0.066247
0.053476 -0.068331
0.061287 -0.071253
0.069568 -0.073943
0.078308 -0.075536
0.087495 -0.077773
0.097115 -0.078803
0.107157 -0.081302
0.117608 -0.082249
0.128454 -0.083024
0.139683 -0.085227
0.151282 -0.087002
0.163235 -0.087654
0.175532 -0.088329
0.188157 -0.090080
0.201097 -0.090996
0.214337 -0.092230
0.227864 -0.092663
0.241663 -0.092847
0.255719 -0.092243
0.270017 -0.092642
0.284542 -0.093859
0.299280 -0.094309
0.314215 -0.093767
0.329331 -0.094732
0.344613 -0.093493
0.360045 -0.093620
0.375611 -0.092776
0.391296 -0.093250
0.407083 -0.092283
0.422957 -0.091073
0.438901 -0.092214
0.454899 -0.089750
0.470935 -0.088646
0.486992 -0.087738
0.503055 -0.085793
0.519107 -0.084515
0.535132 -0.083904
0.551114 -0.081751
0.567036 -0.078937
0.582884 -0.076657
0.598640 -0.075430
0.614290 -0.072223
0.629817 -0.070772
0.645206 -0.067844
0.660442 -0.064838
0.675509 -0.062883
0.690393 -0.060144
0.705077 -0.057473
0.719549 -0.055573
0.733793 -0.052782
0.747795 -0.049721
0.761542 -0.046237
0.775019 -0.043574
0.788214 -0.040628
0.801113 -0.037626
0.813704 -0.035389
0.825973 -0.032741
0.837910 -0.030929
0.849501 -0.029738
0.860735 -0.025186
0.871601 -0.024218
0.882088 -0.020669
0.892184 -0.018022
0.901880 -0.015419
0.911165 -0.014849
0.920031 -0.011561
0.928468 -0.010023
0.936467 -0.008015
0.944019 -0.006722
0.951116 -0.005351
0.957751 -0.001683
0.963920 -0.001563
0.969616 -0.000325
0.974836 0.001165
0.979575 0.000396
0.983831 0.002490
0.987598 0.003621
0.990874 0.004458
0.993653 0.005812
0.995934 0.005267
0.997711 0.008113
0.998982 0.007234
0.999745 0.004101
1.000000 0.006829
