1.000000 0.007933
0.999745 0.011812
0.998982 0.012056
0.997711 0.009611
0.995933 0.009566
0.993653 0.009252
0.990874 0.008335
0.987598 0.008819
0.983830 0.009685
0.979575 0.009234
0.974836 0.008494
0.969616 0.009198
0.963920 0.010426
0.957751 0.011243
0.951116 0.011917
0.944019 0.013853
0.936467 0.014610
0.928468 0.016225
0.920031 0.018846
0.911165 0.021415
0.901879 0.023801
0.892183 0.027337
0.882087 0.030973
0.871601 0.035145
0.860735 0.039701
0.849501 0.045790
0.837910 0.053016
0.825974 0.059931
0.813704 0.067882
0.801113 0.077095
0.788214 0.085757
0.775019 0.096055
0.761541 0.105864
0.747795 0.116868
0.733792 0.128229
0.719548 0.140274
0.705077 0.151564
0.690392 0.163853
0.675509 0.176720
0.660442 0.190685
0.645206 0.204015
0.629817 0.218250
0.614290 0.231919
0.598640 0.247052
0.582884 0.259935
0.567036 0.274105
0.551113 0.287714
0.535131 0.300646
0.519106 0.313305
0.503054 0.324313
0.486991 0.336387
0.470934 0.345306
0.454898 0.354134
0.438900 0.361770
0.422956 0.368153
0.407083 0.373517
0.391295 0.377720
0.375610 0.381344
0.360044 0.382858
0.344612 0.383424
0.329330 0.383204
0.314213 0.381338
0.299279 0.379656
0.284541 0.376320
0.270015 0.372531
0.255717 0.368072
0.241661 0.361277
0.227862 0.354397
0.214336 0.347021
0.201095 0.338224
0.188155 0.328761
0.175530 0.318528
0.163234 0.307896
0.151280 0.297057
0.139681 0.285552
0.128452 0.273945
0.117606 0.261454
0.107155 0.248016
0.097113 0.237596
0.087493 0.222994
0.078306 0.210442
0.069566 0.197431
0.061285 0.184675
0.053474 0.171020
0.046150 0.157057
0.039326 0.141933
0.033014 0.130455
0.027230 0.115811
0.021980 0.102366
0.017277 0.089713
0.013141 0.076908
0.009573 0.064364
0.006583 0.051660
0.004188 0.039312
0.002354 0.031363
0.001081 0.022956
0.000371 0.016252
0.000077 0.012221
0.000005 0.008943
0.000000 0.007747
0.000005 0.006247
0.000077 0.002996
0.000371 -0.001921
0.001081 -0.006134
0.002353 -0.012066
0.004188 -0.019197
0.006585 -0.026034
0.009576 -0.031706
0.013145 -0.035262
0.017281 -0.040774
0.021983 -0.044653
0.027232 -0.047795
0.033016 -0.050911
0.039328 -0.053755
0.046152 -0.056390
0.053476 -0.057854
0.061287 -0.060168
0.069568 -0.062811
0.078308 -0.063374
0.087495 -0.065093
0.097115 -0.067158
0.107157 -0.067668
0.117608 -0.068697
0.128454 -0.070485
0.139683 -0.071712
0.151282 -0.072120
0.163235 -0.073297
0.175532 -0.073759
0.188157 -0.074749
0.201097 -0.075274
0.214337 -0.076005
0.227864 -0.075839
0.241663 -0.077899
0.255719 -0.078949
0.270017 -0.078058
0.284542 -0.078420
0.299280 -0.079108
0.314215 -0.078968
0.329331 -0.079621
0.344613 -0.080932
0.360045 -0.080733
0.375611 -0.082647
0.391296 -0.081921
0.407083 -0.080817
0.422957 -0.081492
0.438901 -0.079770
0.454899 -0.077633
0.470935 -0.074856
0.486992 -0.074476
0.503055 -0.073446
0.519107 -0.072203
0.535132 -0.071681
0.551114 -0.069803
0.567036 -0.069475
0.582884 -0.067995
0.598640 -0.065634
0.614290 -0.065825
0.629817 -0.064175
0.645206 -0.063353
0.660442 -0.061390
0.675509 -0.058808
0.690393 -0.057651
0.705077 -0.055186
0.719549 -0.053806
0.733793 -0.052649
0.747795 -0.051078
0.761542 -0.050434
0.775019 -0.048863
0.788214 -0.045833
0.801113 -0.044387
0.813704 -0.041428
0.825973 -0.040117
0.837910 -0.038471
0.849501 -0.036389
0.860735 -0.034521
0.871601 -0.032195
0.882088 -0.031074
0.892184 -0.028099
0.901880 -0.026480
0.911165 -0.024886
0.920031 -0.022654
0.928468 -0.021181
0.936467 -0.018674
0.944019 -0.016142
0.951116 -0.014908
0.957751 -0.011942
0.963920 -0.009819
0.969616 -0.006249
0.974836 -0.004073
0.979575 -0.001607
0.983831 -0.000109
0.987598 0.000677
0.990874 0.002264
0.993653 0.003133
0.995934 0.005392
0.997711 0.005730
0.998982 0.007594
0.999745 0.007104
1.000000 0.005348
