1.000000 0.007261
0.999745 0.005484
0.998982 0.009427
0.997711 0.009621
0.995933 0.010849
0.993653 0.012591
0.990874 0.012089
0.987598 0.014805
0.983830 0.018183
0.979575 0.022701
0.974836 0.024864
0.969616 0.028865
0.963920 0.033642
0.957751 0.039697
0.951116 0.045932
0.944019 0.052502
0.936467 0.058641
0.928468 0.067587
0.920031 0.075448
0.911165 0.083884
0.901879 0.092797
0.892183 0.101790
0.882087 0.110325
0.871601 0.117577
0.860735 0.127047
0.849501 0.135468
0.837910 0.144058
0.825974 0.152168
0.813704 0.160852
0.801113 0.168460
0.788214 0.175459
0.775019 0.182701
0.761541 0.188178
0.747795 0.194404
0.733792 0.199901
0.719548 0.204518
0.705077 0.210912
0.690392 0.215964
0.675509 0.219530
0.660442 0.225159
0.645206 0.228471
0.629817 0.232366
0.614290 0.235731
0.598640 0.239458
0.582884 0.241630
0.567036 0.245082
0.551113 0.247588
0.535131 0.249077
0.519106 0.251122
0.503054 0.252461
0.486991 0.253526
0.470934 0.254904
0.454898 0.255088
0.438900 0.255852
0.422956 0.256381
0.407083 0.257253
0.391295 0.257858
0.375610 0.257604
0.360044 0.257699
0.344612 0.256643
0.329330 0.255609
0.314213 0.254631
0.299279 0.253428
0.284541 0.252127
0.270015 0.250884
0.255717 0.248181
0.241661 0.245639
0.227862 0.243621
0.214336 0.240090
0.201095 0.236464
0.188155 0.233239
0.175530 0.228433
0.163234 0.224270
0.151280 0.220004
0.139681 0.212696
0.128452 0.209578
0.117606 0.201797
0.107155 0.195523
0.097113 0.189243
0.087493 0.181647
0.078306 0.175662
0.069566 0.166362
0.061285 0.157807
0.053474 0.149121
0.046150 0.139379
0.039326 0.131223
0.033014 0.120959
0.027230 0.109763
0.021980 0.098902
0.017277 0.089018
0.013141 0.078851
0.009573 0.066851
0.006583 0.055133
0.004188 0.044386
0.002354 0.034362
0.001081 0.024862
0.000371 0.020195
0.000077 0.014437
0.000005 0.011456
0.000000 0.010144
0.000005 0.009168
0.000077 0.007131
0.000371 0.001938
0.001081 -0.004505
0.002353 -0.011112
0.004188 -0.015802
0.006585 -0.020099
0.009576 -0.024065
0.013145 -0.026093
0.017281 -0.030512
0.021983 -0.033305
0.027232 -0.036427
0.033016 -0.041066
0.039328 -0.044203
0.046152 -0.047032
0.053476 -0.051265
0.061287 -0.055959
0.069568 -0.059382
0.078308 -0.063152
0.087495 -0.066222
0.097115 -0.069877
0.107157 -0.072902
0.117608 -0.077695
0.128454 -0.079240
0.139683 -0.083453
0.151282 -0.087557
0.163235 -0.087888
0.175532 -0.092287
0.188157 -0.094172
0.201097 -0.097949
0.214337 -0.099844
0.227864 -0.101255
0.241663 -0.102899
0.255719 -0.104365
0.270017 -0.106703
0.284542 -0.107357
0.299280 -0.109270
0.314215 -0.110467
0.329331 -0.111137
0.344613 -0.112825
0.360045 -0.113699
0.375611 -0.113627
0.391296 -0.114637
0.407083 -0.116435
0.422957 -0.116474
0.438901 -0.116715
0.454899 -0.115085
0.470935 -0.117577
0.486992 -0.115183
0.503055 -0.114194
0.519107 -0.113448
0.535132 -0.112925
0.551114 -0.112458
0.567036 -0.111324
0.582884 -0.111206
0.598640 -0.109658
0.614290 -0.108929
0.629817 -0.108525
0.645206 -0.106697
0.660442 -0.103893
0.675509 -0.103085
0.690393 -0.101136
0.705077 -0.099132
0.719549 -0.097025
0.733793 -0.094783
0.747795 -0.092750
0.761542 -0.090163
0.775019 -0.086567
0.788214 -0.084675
0.801113 -0.083319
0.813704 -0.080163
0.825973 -0.077216
0.837910 -0.074772
0.849501 -0.073496
0.860735 -0.066982
0.871601 -0.063942
0.882088 -0.060751
0.892184 -0.057736
0.901880 -0.054321
0.911165 -0.050243
0.920031 -0.047196
0.928468 -0.041979
0.936467 -0.038819
0.944019 -0.034969
0.951116 -0.030932
0.957751 -0.026379
0.963920 -0.022005
0.969616 -0.019367
0.974836 -0.014782
0.979575 -0.013862
0.983831 -0.008585
0.987598 -0.006446
0.990874 -0.003202
0.993653 -0.000846
0.995934 0.001219
0.997711 0.003871
0.998982 0.004734
0.999745 0.004773
1.000000 0.006568
