1.000000 0.015534
0.999745 0.015752
0.998982 0.017538
0.997711 0.018131
0.995933 0.020476
0.993653 0.022869
0.990874 0.023737
0.987598 0.027030
0.983830 0.030435
0.979575 0.033492
0.974836 0.038230
0.969616 0.042216
0.963920 0.046233
0.957751 0.050591
0.951116 0.055085
0.944019 0.059273
0.936467 0.065740
0.928468 0.067826
0.920031 0.073827
0.911165 0.078666
0.901879 0.083611
0.892183 0.088538
0.882087 0.093835
0.871601 0.097437
0.860735 0.103131
0.849501 0.107775
0.837910 0.112515
0.825974 0.117548
0.813704 0.122104
0.801113 0.127214
0.788214 0.131823
0.775019 0.136542
0.761541 0.141522
0.747795 0.146127
0.733792 0.150203
0.719548 0.154635
0.705077 0.158666
0.690392 0.163968
0.675509 0.169714
0.660442 0.174176
0.645206 0.179204
0.629817 0.183558
0.614290 0.189008
0.598640 0.193580
0.582884 0.197639
0.567036 0.201564
0.551113 0.205404
0.535131 0.209172
0.519106 0.212510
0.503054 0.215209
0.486991 0.218355
0.470934 0.220076
0.454898 0.222698
0.438900 0.224339
0.422956 0.226548
0.407083 0.228218
0.391295 0.230448
0.375610 0.231570
0.360044 0.233474
0.344612 0.235497
0.329330 0.236912
0.314213 0.237862
0.299279 0.238812
0.284541 0.238891
0.270015 0.239018
0.255717 0.238456
0.241661 0.239712
0.227862 0.237053
0.214336 0.235107
0.201095 0.233794
0.188155 0.230777
0.175530 0.227742
0.163234 0.223922
0.151280 0.220334
0.139681 0.215248
0.128452 0.210545
0.117606 0.203275
0.107155 0.195805
0.097113 0.189454
0.087493 0.182592
0.078306 0.175063
0.069566 0.167248
0.061285 0.158434
0.053474 0.149006
0.046150 0.139281
0.039326 0.129524
0.033014 0.119746
0.027230 0.110346
0.021980 0.099766
0.017277 0.087952
0.013141 0.077117
0.009573 0.066620
0.006583 0.056509
0.004188 0.043478
0.002354 0.035854
0.001081 0.027338
0.000371 0.019813
0.000077 0.013886
0.000005 0.009859
0.000000 0.009237
0.000005 0.008261
0.000077 0.005113
0.000371 0.001495
0.001081 -0.004183
0.002353 -0.010676
0.004188 -0.017594
0.006585 -0.024903
0.009576 -0.029056
0.013145 -0.036440
0.017281 -0.042736
0.021983 -0.046455
0.027232 -0.050596
0.033016 -0.053620
0.039328 -0.056381
0.046152 -0.059990
0.053476 -0.060686
0.061287 -0.060408
0.069568 -0.059948
0.078308 -0.059732
0.087495 -0.059166
0.097115 -0.056340
0.107157 -0.054583
0.117608 -0.051502
0.128454 -0.048743
0.139683 -0.045597
0.151282 -0.042421
0.163235 -0.038907
0.175532 -0.035270
0.188157 -0.032298
0.201097 -0.029714
0.214337 -0.025799
0.227864 -0.021876
0.241663 -0.018890
0.255719 -0.017030
0.270017 -0.013626
0.284542 -0.009984
0.299280 -0.008700
0.314215 -0.006387
0.329331 -0.003935
0.344613 -0.002600
0.360045 -0.001285
0.375611 -0.001017
0.391296 -0.001188
0.407083 -0.001901
0.422957 -0.001822
0.438901 -0.002866
0.454899 -0.004539
0.470935 -0.006119
0.486992 -0.007223
0.503055 -0.010412
0.519107 -0.011712
0.535132 -0.014666
0.551114 -0.016842
0.567036 -0.018326
0.582884 -0.021711
0.598640 -0.024881
0.614290 -0.027772
0.629817 -0.030431
0.645206 -0.031221
0.660442 -0.034412
0.675509 -0.035633
0.690393 -0.036989
0.705077 -0.038256
0.719549 -0.038863
0.733793 -0.039457
0.747795 -0.040023
0.761542 -0.039781
0.775019 -0.040320
0.788214 -0.040882
0.801113 -0.041069
0.813704 -0.040332
0.825973 -0.039723
0.837910 -0.039122
0.849501 -0.038668
0.860735 -0.038833
0.871601 -0.038140
0.882088 -0.036148
0.892184 -0.034266
0.901880 -0.033176
0.911165 -0.030442
0.920031 -0.029377
0.928468 -0.028167
0.936467 -0.023889
0.944019 -0.020370
0.951116 -0.019020
0.957751 -0.016014
0.963920 -0.013761
0.969616 -0.011661
0.974836 -0.008960
0.979575 -0.009080
0.983831 -0.005833
0.987598 -0.003184
0.990874 -0.004186
0.993653 -0.001317
0.995934 0.000171
0.997711 0.001180
0.998982 -0.000503
0.999745 0.001880
1.000000 0.001778
