1.000000 0.002863
0.999745 0.007375
0.998982 0.006005
0.997711 0.007415
0.995933 0.007920
0.993653 0.007882
0.990874 0.008808
0.987598 0.009009
0.983830 0.009727
0.979575 0.010110
0.974836 0.012152
0.969616 0.013215
0.963920 0.015834
0.957751 0.017821
0.951116 0.019292
0.944019 0.023009
0.936467 0.025736
0.928468 0.028502
0.920031 0.031454
0.911165 0.036135
0.901879 0.039120
0.892183 0.043171
0.882087 0.049507
0.871601 0.053019
0.860735 0.059919
0.849501 0.065849
0.837910 0.072544
0.825974 0.076233
0.813704 0.084607
0.801113 0.091549
0.788214 0.099067
0.775019 0.105934
0.761541 0.113768
0.747795 0.120207
0.733792 0.127738
0.719548 0.135106
0.705077 0.142155
0.690392 0.149813
0.675509 0.156654
0.660442 0.164305
0.645206 0.170974
0.629817 0.177903
0.614290 0.184327
0.598640 0.193013
0.582884 0.196987
0.567036 0.203439
0.551113 0.208099
0.535131 0.213141
0.519106 0.218173
0.503054 0.222488
0.486991 0.225323
0.470934 0.230363
0.454898 0.232422
0.438900 0.235524
0.422956 0.237744
0.407083 0.239244
0.391295 0.240821
0.375610 0.242380
0.360044 0.241372
0.344612 0.241960
0.329330 0.242546
0.314213 0.242678
0.299279 0.242624
0.284541 0.242031
0.270015 0.239938
0.255717 0.238416
0.241661 0.235934
0.227862 0.233206
0.214336 0.230794
0.201095 0.228237
0.188155 0.225087
0.175530 0.223243
0.163234 0.217273
0.151280 0.212696
0.139681 0.207759
0.128452 0.201538
0.117606 0.195944
0.107155 0.188980
0.097113 0.180605
0.087493 0.173359
0.078306 0.165418
0.069566 0.156857
0.061285 0.147984
0.053474 0.138755
0.046150 0.129140
0.039326 0.120830
0.033014 0.110743
0.027230 0.103544
0.021980 0.091339
0.017277 0.081401
0.013141 0.070677
0.009573 0.060604
0.006583 0.051312
0.004188 0.042217
0.002354 0.032498
0.001081 0.025111
0.000371 0.019046
0.000077 0.014135
0.000005 0.011268
0.000000 0.010696
0.000005 0.009208
0.000077 0.007147
0.000371 0.002850
0.001081 -0.003304
0.002353 -0.009496
0.004188 -0.016175
0.006585 -0.023107
0.009576 -0.032148
0.013145 -0.038239
0.017281 -0.045211
0.021983 -0.052228
0.027232 -0.059955
0.033016 -0.064724
0.039328 -0.070297
0.046152 -0.076200
0.053476 -0.081795
0.061287 -0.089326
0.069568 -0.094138
0.078308 -0.099340
0.087495 -0.103727
0.097115 -0.106449
0.107157 -0.110608
0.117608 -0.114814
0.128454 -0.117650
0.139683 -0.119872
0.151282 -0.122901
0.163235 -0.125506
0.175532 -0.127085
0.188157 -0.129130
0.201097 -0.130518
0.214337 -0.131693
0.227864 -0.133195
0.241663 -0.134571
0.255719 -0.134855
0.270017 -0.136554
0.284542 -0.135755
0.299280 -0.135559
0.314215 -0.135957
0.329331 -0.135696
0.344613 -0.134368
0.360045 -0.133854
0.375611 -0.133115
0.391296 -0.132183
0.407083 -0.130619
0.422957 -0.127952
0.438901 -0.128380
0.454899 -0.125780
0.470935 -0.122429
0.486992 -0.121523
0.503055 -0.118507
0.519107 -0.116014
0.535132 -0.113174
0.551114 -0.109286
0.567036 -0.106681
0.582884 -0.102269
0.598640 -0.099168
0.614290 -0.094424
0.629817 -0.089927
0.645206 -0.087026
0.660442 -0.083478
0.675509 -0.079276
0.690393 -0.075007
0.705077 -0.070445
0.719549 -0.066371
0.733793 -0.062990
0.747795 -0.058112
0.761542 -0.054882
0.775019 -0.051920
0.788214 -0.048268
0.801113 -0.044844
0.813704 -0.041016
0.825973 -0.037498
0.837910 -0.035018
0.849501 -0.029769
0.860735 -0.027791
0.871601 -0.025552
0.882088 -0.022037
0.892184 -0.019559
0.901880 -0.016580
0.911165 -0.014217
0.920031 -0.013195
0.928468 -0.010937
0.936467 -0.007971
0.944019 -0.005243
0.951116 -0.003681
0.957751 -0.001981
0.963920 -0.003022
0.969616 0.001007
0.974836 0.001964
0.979575 0.003765
0.983831 0.003880
0.987598 0.004345
0.990874 0.005228
0.993653 0.004935
0.995934 0.006675
0.997711 0.007935
0.998982 0.005282
0.999745 0.004983
1.000000 0.004372
