1.000000 0.009549
0.999745 0.012859
0.998982 0.013784
0.997711 0.015680
0.995933 0.018954
0.993653 0.020665
0.990874 0.024745
0.987598 0.026479
0.983830 0.028597
0.979575 0.034459
0.974836 0.037040
0.969616 0.042877
0.963920 0.047618
0.957751 0.052536
0.951116 0.060218
0.944019 0.064523
0.936467 0.071122
0.928468 0.077573
0.920031 0.084660
0.911165 0.091073
0.901879 0.098521
0.892183 0.106355
0.882087 0.115007
0.871601 0.123884
0.860735 0.131059
0.849501 0.140263
0.837910 0.149039
0.825974 0.158511
0.813704 0.167134
0.801113 0.174957
0.788214 0.184200
0.775019 0.193098
0.761541 0.201528
0.747795 0.210670
0.733792 0.219523
0.719548 0.228731
0.705077 0.238050
0.690392 0.245912
0.675509 0.254935
0.660442 0.262363
0.645206 0.270255
0.629817 0.277946
0.614290 0.285623
0.598640 0.293098
0.582884 0.300737
0.567036 0.308356
0.551113 0.315088
0.535131 0.321473
0.519106 0.327389
0.503054 0.333128
0.486991 0.338096
0.470934 0.343657
0.454898 0.345863
0.438900 0.350244
0.422956 0.353547
0.407083 0.356396
0.391295 0.359029
0.375610 0.361058
0.360044 0.362409
0.344612 0.363513
0.329330 0.362837
0.314213 0.361849
0.299279 0.360664
0.284541 0.357419
0.270015 0.354036
0.255717 0.349664
0.241661 0.344603
0.227862 0.339275
0.214336 0.333332
0.201095 0.326758
0.188155 0.320413
0.175530 0.311451
0.163234 0.303340
0.151280 0.294561
0.139681 0.285563
0.128452 0.276034
0.117606 0.265971
0.107155 0.254587
0.097113 0.243339
0.087493 0.231678
0.078306 0.219331
0.069566 0.207449
0.061285 0.194574
0.053474 0.180345
0.046150 0.167042
0.039326 0.153313
0.033014 0.138185
0.027230 0.123800
0.021980 0.108896
0.017277 0.094879
0.013141 0.080967
0.009573 0.067156
0.006583 0.054124
0.004188 0.044320
0.002354 0.031675
0.001081 0.023523
0.000371 0.016621
0.000077 0.011157
0.000005 0.008587
0.000000 0.008557
0.000005 0.007537
0.000077 0.004964
0.000371 -0.000460
0.001081 -0.007004
0.002353 -0.015144
0.004188 -0.024655
0.006585 -0.033748
0.009576 -0.044277
0.013145 -0.056954
0.017281 -0.070463
0.021983 -0.083841
0.027232 -0.099416
0.033016 -0.106195
0.039328 -0.118621
0.046152 -0.128955
0.053476 -0.139055
0.061287 -0.148889
0.069568 -0.158259
0.078308 -0.166622
0.087495 -0.172845
0.097115 -0.179125
0.107157 -0.184592
0.117608 -0.188933
0.128454 -0.193554
0.139683 -0.195745
0.151282 -0.199789
0.163235 -0.200433
0.175532 -0.201960
0.188157 -0.203247
0.201097 -0.204675
0.214337 -0.204605
0.227864 -0.203505
0.241663 -0.202635
0.255719 -0.200810
0.270017 -0.200371
0.284542 -0.198207
0.299280 -0.195787
0.314215 -0.193689
0.329331 -0.189679
0.344613 -0.186226
0.360045 -0.182967
0.375611 -0.180069
0.391296 -0.176055
0.407083 -0.171159
0.422957 -0.169295
0.438901 -0.164348
0.454899 -0.162164
0.470935 -0.156303
0.486992 -0.152594
0.503055 -0.149056
0.519107 -0.144776
0.535132 -0.140419
0.551114 -0.136159
0.567036 -0.132270
0.582884 -0.128015
0.598640 -0.123349
0.614290 -0.118692
0.629817 -0.114748
0.645206 -0.111835
0.660442 -0.106446
0.675509 -0.102345
0.690393 -0.097928
0.705077 -0.093158
0.719549 -0.089144
0.733793 -0.084655
0.747795 -0.081403
0.761542 -0.074512
0.775019 -0.072238
0.788214 -0.067512
0.801113 -0.063713
0.813704 -0.058623
0.825973 -0.056070
0.837910 -0.051631
0.849501 -0.047237
0.860735 -0.044477
0.871601 -0.040593
0.882088 -0.037662
0.892184 -0.033678
0.901880 -0.030727
0.911165 -0.027587
0.920031 -0.024901
0.928468 -0.022661
0.936467 -0.020170
0.944019 -0.017677
0.951116 -0.015125
0.957751 -0.011679
0.963920 -0.009852
0.969616 -0.007228
0.974836 -0.005789
0.979575 -0.004265
0.983831 -0.002206
0.987598 -0.000976
0.990874 0.000270
0.993653 0.001688
0.995934 0.000947
0.997711 0.001571
0.998982 0.002395
0.999745 0.000843
1.000000 -0.000598
