1.000000 0.076527
0.999745 0.090764
0.998982 0.093681
0.997711 0.086588
0.995933 0.083751
0.993653 0.084767
0.990874 0.087518
0.987598 0.088823
0.983830 0.088006
0.979575 0.087171
0.974836 0.085493
0.969616 0.086892
0.963920 0.086447
0.957751 0.089362
0.951116 0.090789
0.944019 0.092551
0.936467 0.095899
0.928468 0.098656
0.920031 0.102965
0.911165 0.106830
0.901879 0.112429
0.892183 0.116526
0.882087 0.121315
0.871601 0.125914
0.860735 0.131055
0.849501 0.136587
0.837910 0.141702
0.825974 0.147376
0.813704 0.152832
0.801113 0.158863
0.788214 0.164874
0.775019 0.170058
0.761541 0.176160
0.747795 0.181888
0.733792 0.188719
0.719548 0.194411
0.705077 0.200803
0.690392 0.206397
0.675509 0.212456
0.660442 0.219089
0.645206 0.225367
0.629817 0.231816
0.614290 0.237654
0.598640 0.244108
0.582884 0.249790
0.567036 0.255461
0.551113 0.261259
0.535131 0.267137
0.519106 0.272355
0.503054 0.277515
0.486991 0.282165
0.470934 0.286942
0.454898 0.291097
0.438900 0.294870
0.422956 0.298376
0.407083 0.300218
0.391295 0.302863
0.375610 0.304935
0.360044 0.306999
0.344612 0.308638
0.329330 0.308538
0.314213 0.308026
0.299279 0.307234
0.284541 0.305589
0.270015 0.303644
0.255717 0.301135
0.241661 0.298366
0.227862 0.295241
0.214336 0.291680
0.201095 0.287062
0.188155 0.281777
0.175530 0.276724
0.163234 0.270694
0.151280 0.263470
0.139681 0.255822
0.128452 0.247825
0.117606 0.238899
0.107155 0.229163
0.097113 0.219874
0.087493 0.208889
0.078306 0.199448
0.069566 0.189350
0.061285 0.178611
0.053474 0.167944
0.046150 0.155351
0.039326 0.143875
0.033014 0.130792
0.027230 0.117892
0.021980 0.105697
0.017277 0.092540
0.013141 0.080441
0.009573 0.067578
0.006583 0.055037
0.004188 0.044749
0.002354 0.033953
0.001081 0.024683
0.000371 0.018230
0.000077 0.013474
0.000005 0.009113
0.000000 0.008731
0.000005 0.006395
0.000077 0.003049
0.000371 -0.001519
0.001081 -0.008318
0.002353 -0.015162
0.004188 -0.022553
0.006585 -0.029146
0.009576 -0.036846
0.013145 -0.045405
0.017281 -0.052279
0.021983 -0.056385
0.027232 -0.060784
0.033016 -0.063779
0.039328 -0.067651
0.046152 -0.072182
0.053476 -0.075485
0.061287 -0.076986
0.069568 -0.080013
0.078308 -0.081483
0.087495 -0.083174
0.097115 -0.084287
0.107157 -0.085967
0.117608 -0.086241
0.128454 -0.087384
0.139683 -0.087757
0.151282 -0.088537
0.163235 -0.088127
0.175532 -0.087361
0.188157 -0.089236
0.201097 -0.086628
0.214337 -0.086075
0.227864 -0.085634
0.241663 -0.084871
0.255719 -0.084513
0.270017 -0.081413
0.284542 -0.083001
0.299280 -0.080115
0.314215 -0.079471
0.329331 -0.076747
0.344613 -0.075384
0.360045 -0.074379
0.375611 -0.072646
0.391296 -0.070164
0.407083 -0.068891
0.422957 -0.066923
0.438901 -0.063819
0.454899 -0.061931
0.470935 -0.059536
0.486992 -0.058027
0.503055 -0.056804
0.519107 -0.053073
0.535132 -0.051493
0.551114 -0.050277
0.567036 -0.046298
0.582884 -0.044038
0.598640 -0.042019
0.614290 -0.040281
0.629817 -0.038760
0.645206 -0.037265
0.660442 -0.033075
0.675509 -0.034031
0.690393 -0.030521
0.705077 -0.029094
0.719549 -0.026750
0.733793 -0.025307
0.747795 -0.023921
0.761542 -0.021037
0.775019 -0.019861
0.788214 -0.017193
0.801113 -0.016985
0.813704 -0.014013
0.825973 -0.012677
0.837910 -0.011141
0.849501 -0.010072
0.860735 -0.008602
0.871601 -0.007690
0.882088 -0.005858
0.892184 -0.004994
0.901880 -0.004163
0.911165 -0.001597
0.920031 -0.003205
0.928468 -0.001107
0.936467 0.000160
0.944019 0.000406
0.951116 0.001334
0.957751 0.001842
0.963920 0.003226
0.969616 0.002242
0.974836 0.002585
0.979575 0.003379
0.983831 0.003488
0.987598 0.003790
0.990874 0.004330
0.993653 0.004339
0.995934 0.004002
0.997711 0.005140
0.998982 0.004794
0.999745 0.005290
1.000000 0.002735
