1.000000 -0.000218
0.999745 0.000001
0.998982 0.000652
0.997711 0.001702
0.995933 0.003092
0.993653 0.004888
0.990874 0.007157
0.987598 0.009881
0.983830 0.013034
0.979575 0.016638
0.974836 0.020702
0.969616 0.025204
0.963920 0.030103
0.957751 0.035360
0.951116 0.040917
0.944019 0.046723
0.936467 0.052768
0.928468 0.059060
0.920031 0.065602
0.911165 0.072382
0.901879 0.079428
0.892183 0.086774
0.882087 0.094390
0.871601 0.102252
0.860735 0.110345
0.849501 0.118662
0.837910 0.127261
0.825974 0.136093
0.813704 0.145105
0.801113 0.154280
0.788214 0.163576
0.775019 0.172965
0.761541 0.182332
0.747795 0.191667
0.733792 0.200949
0.719548 0.210146
0.705077 0.219202
0.690392 0.228126
0.675509 0.236854
0.660442 0.245376
0.645206 0.253643
0.629817 0.261605
0.614290 0.269234
0.598640 0.276521
0.582884 0.283460
0.567036 0.289992
0.551113 0.296086
0.535131 0.301726
0.519106 0.306913
0.503054 0.311608
0.486991 0.315793
0.470934 0.319492
0.454898 0.322698
0.438900 0.325366
0.422956 0.327474
0.407083 0.329052
0.391295 0.330110
0.375610 0.330625
0.360044 0.330594
0.344612 0.330045
0.329330 0.328965
0.314213 0.327319
0.299279 0.325139
0.284541 0.322473
0.270015 0.319288
0.255717 0.315550
0.241661 0.311267
0.227862 0.306444
0.214336 0.301061
0.201095 0.295126
0.188155 0.288674
0.175530 0.281690
0.163234 0.274137
0.151280 0.266004
0.139681 0.257295
0.128452 0.247997
0.117606 0.238148
0.107155 0.227826
0.097113 0.217108
0.087493 0.206024
0.078306 0.194529
0.069566 0.182571
0.061285 0.170219
0.053474 0.157683
0.046150 0.145027
0.039326 0.132353
0.033014 0.119662
0.027230 0.106954
0.021980 0.094229
0.017277 0.081601
0.013141 0.069230
0.009573 0.057298
0.006583 0.046029
0.004188 0.035503
0.002354 0.025930
0.001081 0.017640
0.000371 0.010964
0.000077 0.006107
0.000005 0.003178
0.000000 0.002199
0.000005 0.001251
0.000077 -0.001602
0.000371 -0.006192
0.001081 -0.012263
0.002353 -0.019274
0.004188 -0.026467
0.006585 -0.033475
0.009576 -0.040442
0.013145 -0.046765
0.017281 -0.052463
0.021983 -0.057809
0.027232 -0.062826
0.033016 -0.067532
0.039328 -0.072016
0.046152 -0.076321
0.053476 -0.080419
0.061287 -0.084327
0.069568 -0.088094
0.078308 -0.091687
0.087495 -0.095052
0.097115 -0.098203
0.107157 -0.101131
0.117608 -0.103905
0.128454 -0.106474
0.139683 -0.108873
0.151282 -0.111064
0.163235 -0.113036
0.175532 -0.114764
0.188157 -0.116268
0.201097 -0.117555
0.214337 -0.118604
0.227864 -0.119425
0.241663 -0.120014
0.255719 -0.120356
0.270017 -0.120419
0.284542 -0.120206
0.299280 -0.119736
0.314215 -0.119014
0.329331 -0.118031
0.344613 -0.116788
0.360045 -0.115279
0.375611 -0.113523
0.391296 -0.111511
0.407083 -0.109235
0.422957 -0.106728
0.438901 -0.104023
0.454899 -0.101139
0.470935 -0.098088
0.486992 -0.094903
0.503055 -0.091602
0.519107 -0.088188
0.535132 -0.084675
0.551114 -0.081086
0.567036 -0.077424
0.582884 -0.073671
0.598640 -0.069827
0.614290 -0.065907
0.629817 -0.061909
0.645206 -0.057838
0.660442 -0.053726
0.675509 -0.049617
0.690393 -0.045530
0.705077 -0.041487
0.719549 -0.037518
0.733793 -0.033656
0.747795 -0.029887
0.761542 -0.026259
0.775019 -0.022790
0.788214 -0.019499
0.801113 -0.016410
0.813704 -0.013551
0.825973 -0.010904
0.837910 -0.008482
0.849501 -0.006293
0.860735 -0.004349
0.871601 -0.002630
0.882088 -0.001129
0.892184 0.000143
0.901880 0.001197
0.911165 0.002000
0.920031 0.002576
0.928468 0.002970
0.936467 0.003212
0.944019 0.003319
0.951116 0.003333
0.957751 0.003301
0.963920 0.003214
0.969616 0.003033
0.974836 0.002726
0.979575 0.002271
0.983831 0.001702
0.987598 0.001069
0.990874 0.000439
0.993653 -0.000165
0.995934 -0.000729
0.997711 -0.001190
0.998982 -0.001475
0.999745 -0.001618
1.000000 -0.001664
