1.000000 0.006913
0.999745 0.009502
0.998982 0.009792
0.997711 0.009432
0.995933 0.009597
0.993653 0.009582
0.990874 0.010071
0.987598 0.010580
0.983830 0.012056
0.979575 0.013857
0.974836 0.015812
0.969616 0.018523
0.963920 0.020856
0.957751 0.023713
0.951116 0.026337
0.944019 0.030530
0.936467 0.031359
0.928468 0.034795
0.920031 0.038417
0.911165 0.042886
0.901879 0.048110
0.892183 0.052207
0.882087 0.055018
0.871601 0.061365
0.860735 0.065849
0.849501 0.072295
0.837910 0.076972
0.825974 0.081882
0.813704 0.087560
0.801113 0.092849
0.788214 0.098525
0.775019 0.104367
0.761541 0.110135
0.747795 0.115847
0.733792 0.120328
0.719548 0.126825
0.705077 0.132172
0.690392 0.138244
0.675509 0.143572
0.660442 0.149488
0.645206 0.155614
0.629817 0.161539
0.614290 0.166478
0.598640 0.170845
0.582884 0.176189
0.567036 0.179922
0.551113 0.184266
0.535131 0.188077
0.519106 0.192073
0.503054 0.196502
0.486991 0.201283
0.470934 0.204116
0.454898 0.206491
0.438900 0.209249
0.422956 0.211532
0.407083 0.213464
0.391295 0.215506
0.375610 0.216285
0.360044 0.217059
0.344612 0.216697
0.329330 0.216203
0.314213 0.215557
0.299279 0.214589
0.284541 0.213333
0.270015 0.211652
0.255717 0.209406
0.241661 0.207510
0.227862 0.205170
0.214336 0.203429
0.201095 0.199983
0.188155 0.196037
0.175530 0.192292
0.163234 0.188631
0.151280 0.183334
0.139681 0.177643
0.128452 0.173570
0.117606 0.166232
0.107155 0.159124
0.097113 0.152954
0.087493 0.146336
0.078306 0.140538
0.069566 0.133784
0.061285 0.125884
0.053474 0.118414
0.046150 0.110564
0.039326 0.102731
0.033014 0.094834
0.027230 0.086365
0.021980 0.077659
0.017277 0.070773
0.013141 0.063753
0.009573 0.054072
0.006583 0.046192
0.004188 0.038377
0.002354 0.031132
0.001081 0.024359
0.000371 0.018132
0.000077 0.013625
0.000005 0.009957
0.000000 0.008974
0.000005 0.008279
0.000077 0.005359
0.000371 0.001354
0.001081 -0.004815
0.002353 -0.010225
0.004188 -0.014756
0.006585 -0.018207
0.009576 -0.023944
0.013145 -0.028162
0.017281 -0.031841
0.021983 -0.035644
0.027232 -0.043959
0.033016 -0.043937
0.039328 -0.048895
0.046152 -0.052536
0.053476 -0.057235
0.061287 -0.059830
0.069568 -0.063031
0.078308 -0.066729
0.087495 -0.069359
0.097115 -0.071602
0.107157 -0.073741
0.117608 -0.075386
0.128454 -0.078317
0.139683 -0.080389
0.151282 -0.081831
0.163235 -0.082677
0.175532 -0.084798
0.188157 -0.086527
0.201097 -0.088235
0.214337 -0.088357
0.227864 -0.087715
0.241663 -0.087436
0.255719 -0.088119
0.270017 -0.088649
0.284542 -0.088025
0.299280 -0.089785
0.314215 -0.089566
0.329331 -0.089375
0.344613 -0.087734
0.360045 -0.086497
0.375611 -0.086753
0.391296 -0.084540
0.407083 -0.082160
0.422957 -0.079154
0.438901 -0.077821
0.454899 -0.075390
0.470935 -0.072872
0.486992 -0.069361
0.503055 -0.067360
0.519107 -0.063545
0.535132 -0.060858
0.551114 -0.057295
0.567036 -0.054384
0.582884 -0.051790
0.598640 -0.047922
0.614290 -0.044393
0.629817 -0.039479
0.645206 -0.035824
0.660442 -0.034360
0.675509 -0.028493
0.690393 -0.025632
0.705077 -0.022257
0.719549 -0.017626
0.733793 -0.015086
0.747795 -0.011587
0.761542 -0.008801
0.775019 -0.005878
0.788214 -0.004276
0.801113 -0.002579
0.813704 -0.001281
0.825973 0.001008
0.837910 0.003819
0.849501 0.005616
0.860735 0.007774
0.871601 0.008482
0.882088 0.010390
0.892184 0.009750
0.901880 0.011257
0.911165 0.012089
0.920031 0.012212
0.928468 0.012812
0.936467 0.012807
0.944019 0.012846
0.951116 0.012527
0.957751 0.012166
0.963920 0.012393
0.969616 0.011957
0.974836 0.011648
0.979575 0.010977
0.983831 0.010891
0.987598 0.010246
0.990874 0.009706
0.993653 0.008314
0.995934 0.008683
0.997711 0.006684
0.998982 0.009257
0.999745 0.009124
1.000000 0.010340
