1.000000 0.011571
0.999745 0.011674
0.998982 0.014484
0.997711 0.015600
0.995933 0.018333
0.993653 0.020209
0.990874 0.022015
0.987598 0.025338
0.983830 0.028637
0.979575 0.031918
0.974836 0.035780
0.969616 0.039797
0.963920 0.044054
0.957751 0.049419
0.951116 0.054507
0.944019 0.060040
0.936467 0.065627
0.928468 0.071470
0.920031 0.076491
0.911165 0.082721
0.901879 0.090258
0.892183 0.096709
0.882087 0.104276
0.871601 0.111849
0.860735 0.119567
0.849501 0.127845
0.837910 0.135880
0.825974 0.142968
0.813704 0.153798
0.801113 0.159877
0.788214 0.169029
0.775019 0.176981
0.761541 0.185996
0.747795 0.193587
0.733792 0.201796
0.719548 0.209663
0.705077 0.218161
0.690392 0.226167
0.675509 0.234081
0.660442 0.241714
0.645206 0.249342
0.629817 0.256368
0.614290 0.264570
0.598640 0.271078
0.582884 0.279066
0.567036 0.285418
0.551113 0.292233
0.535131 0.298281
0.519106 0.303491
0.503054 0.309278
0.486991 0.313982
0.470934 0.318681
0.454898 0.322795
0.438900 0.326684
0.422956 0.330368
0.407083 0.333149
0.391295 0.335097
0.375610 0.336874
0.360044 0.338206
0.344612 0.339420
0.329330 0.338194
0.314213 0.336759
0.299279 0.334944
0.284541 0.332419
0.270015 0.329281
0.255717 0.325286
0.241661 0.321175
0.227862 0.316735
0.214336 0.312370
0.201095 0.305903
0.188155 0.299455
0.175530 0.291452
0.163234 0.285295
0.151280 0.277202
0.139681 0.268083
0.128452 0.258268
0.117606 0.247417
0.107155 0.236002
0.097113 0.226819
0.087493 0.214392
0.078306 0.203141
0.069566 0.190656
0.061285 0.177636
0.053474 0.164525
0.046150 0.152451
0.039326 0.140536
0.033014 0.128093
0.027230 0.115322
0.021980 0.103489
0.017277 0.090680
0.013141 0.077843
0.009573 0.064709
0.006583 0.053376
0.004188 0.042411
0.002354 0.031377
0.001081 0.024535
0.000371 0.017156
0.000077 0.013860
0.000005 0.008652
0.000000 0.008491
0.000005 0.006551
0.000077 0.004859
0.000371 0.000649
0.001081 -0.005024
0.002353 -0.011900
0.004188 -0.018898
0.006585 -0.026339
0.009576 -0.030632
0.013145 -0.035147
0.017281 -0.038355
0.021983 -0.038732
0.027232 -0.039981
0.033016 -0.039660
0.039328 -0.040310
0.046152 -0.039153
0.053476 -0.039424
0.061287 -0.038232
0.069568 -0.036404
0.078308 -0.035077
0.087495 -0.034332
0.097115 -0.032030
0.107157 -0.031647
0.117608 -0.025178
0.128454 -0.024198
0.139683 -0.022175
0.151282 -0.018168
0.163235 -0.014832
0.175532 -0.011890
0.188157 -0.007793
0.201097 -0.005387
0.214337 -0.002303
0.227864 0.000655
0.241663 0.003154
0.255719 0.006969
0.270017 0.008776
0.284542 0.010955
0.299280 0.012799
0.314215 0.014676
0.329331 0.015002
0.344613 0.016816
0.360045 0.017258
0.375611 0.018125
0.391296 0.018053
0.407083 0.018788
0.422957 0.019226
0.438901 0.018976
0.454899 0.018129
0.470935 0.017665
0.486992 0.017209
0.503055 0.016954
0.519107 0.016352
0.535132 0.015980
0.551114 0.015317
0.567036 0.014279
0.582884 0.014120
0.598640 0.013416
0.614290 0.012508
0.629817 0.011310
0.645206 0.010583
0.660442 0.009213
0.675509 0.008382
0.690393 0.007091
0.705077 0.006533
0.719549 0.005397
0.733793 0.004538
0.747795 0.004113
0.761542 0.002241
0.775019 0.000421
0.788214 -0.002242
0.801113 -0.001216
0.813704 -0.003064
0.825973 -0.004389
0.837910 -0.004976
0.849501 -0.006527
0.860735 -0.008046
0.871601 -0.009765
0.882088 -0.010700
0.892184 -0.012095
0.901880 -0.011462
0.911165 -0.011107
0.920031 -0.011527
0.928468 -0.011340
0.936467 -0.012565
0.944019 -0.011144
0.951116 -0.009614
0.957751 -0.009063
0.963920 -0.006519
0.969616 -0.005865
0.974836 -0.005662
0.979575 -0.003803
0.983831 -0.002946
0.987598 -0.002186
0.990874 -0.000388
0.993653 0.000363
0.995934 0.000042
0.997711 0.002347
0.998982 0.003289
0.999745 0.003006
1.000000 0.001611
