1.000000 0.009163
0.999745 0.009463
0.998982 0.009955
0.997711 0.007084
0.995933 0.007104
0.993653 0.008403
0.990874 0.008703
0.987598 0.008830
0.983830 0.009576
0.979575 0.009752
0.974836 0.011255
0.969616 0.013285
0.963920 0.014312
0.957751 0.016405
0.951116 0.017312
0.944019 0.018882
0.936467 0.019294
0.928468 0.021703
0.920031 0.023357
0.911165 0.024585
0.901879 0.025477
0.892183 0.028056
0.882087 0.029295
0.871601 0.031559
0.860735 0.033133
0.849501 0.034509
0.837910 0.036184
0.825974 0.039278
0.813704 0.041049
0.801113 0.043895
0.788214 0.044366
0.775019 0.046994
0.761541 0.048910
0.747795 0.050925
0.733792 0.053161
0.719548 0.055310
0.705077 0.056816
0.690392 0.059243
0.675509 0.061101
0.660442 0.063585
0.645206 0.065334
0.629817 0.068756
0.614290 0.069270
0.598640 0.073060
0.582884 0.075529
0.567036 0.078084
0.551113 0.079929
0.535131 0.081967
0.519106 0.085700
0.503054 0.088509
0.486991 0.090565
0.470934 0.094173
0.454898 0.095308
0.438900 0.097897
0.422956 0.099975
0.407083 0.102408
0.391295 0.103552
0.375610 0.105075
0.360044 0.107068
0.344612 0.108286
0.329330 0.110556
0.314213 0.112123
0.299279 0.113499
0.284541 0.114320
0.270015 0.115222
0.255717 0.116295
0.241661 0.117913
0.227862 0.119287
0.214336 0.119725
0.201095 0.119928
0.188155 0.120580
0.175530 0.120038
0.163234 0.121414
0.151280 0.120830
0.139681 0.120391
0.128452 0.119620
0.117606 0.118690
0.107155 0.116004
0.097113 0.115522
0.087493 0.111871
0.078306 0.109098
0.069566 0.106247
0.061285 0.102128
0.053474 0.099170
0.046150 0.094813
0.039326 0.089170
0.033014 0.084148
0.027230 0.078363
0.021980 0.072977
0.017277 0.066112
0.013141 0.057954
0.009573 0.051059
0.006583 0.044221
0.004188 0.037805
0.002354 0.031016
0.001081 0.025071
0.000371 0.019610
0.000077 0.014965
0.000005 0.011834
0.000000 0.010595
0.000005 0.009058
0.000077 0.005169
0.000371 0.002133
0.001081 -0.004375
0.002353 -0.009816
0.004188 -0.016970
0.006585 -0.024424
0.009576 -0.030672
0.013145 -0.037004
0.017281 -0.043252
0.021983 -0.049617
0.027232 -0.054674
0.033016 -0.059604
0.039328 -0.065082
0.046152 -0.068450
0.053476 -0.072930
0.061287 -0.077073
0.069568 -0.081461
0.078308 -0.085253
0.087495 -0.088824
0.097115 -0.090335
0.107157 -0.092349
0.117608 -0.094434
0.128454 -0.095931
0.139683 -0.097287
0.151282 -0.097199
0.163235 -0.098089
0.175532 -0.098010
0.188157 -0.097821
0.201097 -0.098217
0.214337 -0.096790
0.227864 -0.096698
0.241663 -0.095555
0.255719 -0.094678
0.270017 -0.092663
0.284542 -0.090728
0.299280 -0.089302
0.314215 -0.089740
0.329331 -0.085571
0.344613 -0.085489
0.360045 -0.082859
0.375611 -0.082303
0.391296 -0.079822
0.407083 -0.079082
0.422957 -0.075157
0.438901 -0.073423
0.454899 -0.072376
0.470935 -0.068663
0.486992 -0.066416
0.503055 -0.064441
0.519107 -0.062136
0.535132 -0.062159
0.551114 -0.058204
0.567036 -0.055870
0.582884 -0.053766
0.598640 -0.051872
0.614290 -0.049551
0.629817 -0.046665
0.645206 -0.044722
0.660442 -0.043139
0.675509 -0.041544
0.690393 -0.039620
0.705077 -0.037444
0.719549 -0.035327
0.733793 -0.034018
0.747795 -0.031714
0.761542 -0.029817
0.775019 -0.029331
0.788214 -0.024952
0.801113 -0.024444
0.813704 -0.022438
0.825973 -0.020032
0.837910 -0.018897
0.849501 -0.017074
0.860735 -0.015791
0.871601 -0.014329
0.882088 -0.013548
0.892184 -0.011680
0.901880 -0.010960
0.911165 -0.009555
0.920031 -0.008947
0.928468 -0.007905
0.936467 -0.007491
0.944019 -0.006628
0.951116 -0.006104
0.957751 -0.004520
0.963920 -0.004022
0.969616 -0.002522
0.974836 -0.002151
0.979575 -0.002266
0.983831 -0.001071
0.987598 -0.000081
0.990874 0.000192
0.993653 0.000780
0.995934 0.000841
0.997711 0.001716
0.998982 0.002522
0.999745 -0.000608
1.000000 -0.000451
