1.000000 0.008697
0.999745 0.011677
0.998982 0.013690
0.997711 0.012874
0.995933 0.013432
0.993653 0.013582
0.990874 0.013979
0.987598 0.014679
0.983830 0.015411
0.979575 0.016045
0.974836 0.018979
0.969616 0.021310
0.963920 0.022335
0.957751 0.024963
0.951116 0.026979
0.944019 0.028999
0.936467 0.031954
0.928468 0.035005
0.920031 0.038136
0.911165 0.041866
0.901879 0.043780
0.892183 0.048721
0.882087 0.050560
0.871601 0.054506
0.860735 0.058410
0.849501 0.061788
0.837910 0.066121
0.825974 0.068768
0.813704 0.073101
0.801113 0.077033
0.788214 0.082437
0.775019 0.084839
0.761541 0.088113
0.747795 0.092159
0.733792 0.097429
0.719548 0.101394
0.705077 0.106258
0.690392 0.110838
0.675509 0.115010
0.660442 0.119808
0.645206 0.124370
0.629817 0.128876
0.614290 0.135286
0.598640 0.139156
0.582884 0.144448
0.567036 0.149754
0.551113 0.155430
0.535131 0.162104
0.519106 0.166569
0.503054 0.172841
0.486991 0.177321
0.470934 0.183438
0.454898 0.189139
0.438900 0.194177
0.422956 0.199870
0.407083 0.205455
0.391295 0.212538
0.375610 0.218279
0.360044 0.224345
0.344612 0.230086
0.329330 0.236572
0.314213 0.243256
0.299279 0.248488
0.284541 0.254455
0.270015 0.259973
0.255717 0.264778
0.241661 0.268822
0.227862 0.270604
0.214336 0.272665
0.201095 0.273945
0.188155 0.273879
0.175530 0.272373
0.163234 0.269149
0.151280 0.265825
0.139681 0.260635
0.128452 0.255050
0.117606 0.249242
0.107155 0.241566
0.097113 0.232779
0.087493 0.223066
0.078306 0.213143
0.069566 0.202148
0.061285 0.190303
0.053474 0.178168
0.046150 0.164603
0.039326 0.151922
0.033014 0.138968
0.027230 0.124040
0.021980 0.109341
0.017277 0.094629
0.013141 0.080126
0.009573 0.067973
0.006583 0.055186
0.004188 0.043219
0.002354 0.031467
0.001081 0.021704
0.000371 0.014936
0.000077 0.007626
0.000005 0.006350
0.000000 0.004781
0.000005 0.006264
0.000077 0.003326
0.000371 -0.001487
0.001081 -0.007684
0.002353 -0.014717
0.004188 -0.021154
0.006585 -0.027181
0.009576 -0.028358
0.013145 -0.025338
0.017281 -0.022976
0.021983 -0.020059
0.027232 -0.016557
0.033016 -0.014541
0.039328 -0.010620
0.046152 -0.006803
0.053476 -0.008345
0.061287 -0.003883
0.069568 -0.002432
0.078308 0.000269
0.087495 0.001150
0.097115 0.002179
0.107157 0.003309
0.117608 0.002490
0.128454 0.006230
0.139683 0.006773
0.151282 0.008109
0.163235 0.008917
0.175532 0.009474
0.188157 0.009570
0.201097 0.011485
0.214337 0.012082
0.227864 0.013214
0.241663 0.014903
0.255719 0.015654
0.270017 0.016540
0.284542 0.015931
0.299280 0.016721
0.314215 0.016837
0.329331 0.017349
0.344613 0.015855
0.360045 0.015695
0.375611 0.016531
0.391296 0.016148
0.407083 0.016893
0.422957 0.017306
0.438901 0.016932
0.454899 0.017969
0.470935 0.017616
0.486992 0.019142
0.503055 0.018851
0.519107 0.019054
0.535132 0.019419
0.551114 0.019488
0.567036 0.018392
0.582884 0.019578
0.598640 0.019697
0.614290 0.018669
0.629817 0.019204
0.645206 0.018626
0.660442 0.018479
0.675509 0.020206
0.690393 0.018453
0.705077 0.019279
0.719549 0.019055
0.733793 0.018372
0.747795 0.018447
0.761542 0.018099
0.775019 0.018565
0.788214 0.019060
0.801113 0.018174
0.813704 0.018182
0.825973 0.016770
0.837910 0.017298
0.849501 0.016471
0.860735 0.014694
0.871601 0.012626
0.882088 0.011357
0.892184 0.009734
0.901880 0.010575
0.911165 0.009078
0.920031 0.008692
0.928468 0.007796
0.936467 0.005982
0.944019 0.004499
0.951116 0.002283
0.957751 0.002146
0.963920 0.001172
0.969616 0.000649
0.974836 -0.000328
0.979575 -0.001673
0.983831 -0.000279
0.987598 -0.000211
0.990874 -0.001222
0.993653 -0.000658
0.995934 -0.000389
0.997711 0.000181
0.998982 -0.000345
0.999745 0.000252
1.000000 -0.001102
