1.000000 0.002598
0.999745 0.005349
0.998982 0.006689
0.997711 0.010122
0.995933 0.009292
0.993653 0.010836
0.990874 0.014218
0.987598 0.015941
0.983830 0.018300
0.979575 0.021779
0.974836 0.025353
0.969616 0.029585
0.963920 0.034379
0.957751 0.039214
0.951116 0.043532
0.944019 0.049554
0.936467 0.052988
0.928468 0.057902
0.920031 0.062897
0.911165 0.067895
0.901879 0.072847
0.892183 0.078696
0.882087 0.083455
0.871601 0.089272
0.860735 0.094556
0.849501 0.099863
0.837910 0.105055
0.825974 0.112118
0.813704 0.116679
0.801113 0.123655
0.788214 0.128723
0.775019 0.134874
0.761541 0.139718
0.747795 0.144668
0.733792 0.150603
0.719548 0.156504
0.705077 0.161906
0.690392 0.166987
0.675509 0.171692
0.660442 0.176852
0.645206 0.181767
0.629817 0.185831
0.614290 0.190003
0.598640 0.193387
0.582884 0.196173
0.567036 0.199386
0.551113 0.201888
0.535131 0.204294
0.519106 0.206559
0.503054 0.208396
0.486991 0.210373
0.470934 0.211871
0.454898 0.213074
0.438900 0.213552
0.422956 0.213993
0.407083 0.214070
0.391295 0.213695
0.375610 0.213099
0.360044 0.211577
0.344612 0.209880
0.329330 0.207803
0.314213 0.205763
0.299279 0.203921
0.284541 0.201579
0.270015 0.199198
0.255717 0.194953
0.241661 0.192332
0.227862 0.188092
0.214336 0.184191
0.201095 0.179464
0.188155 0.175312
0.175530 0.170749
0.163234 0.165002
0.151280 0.159726
0.139681 0.154343
0.128452 0.148883
0.117606 0.144585
0.107155 0.137343
0.097113 0.132775
0.087493 0.126590
0.078306 0.120608
0.069566 0.114019
0.061285 0.108504
0.053474 0.102208
0.046150 0.096850
0.039326 0.089623
0.033014 0.081734
0.027230 0.075575
0.021980 0.067988
0.017277 0.062333
0.013141 0.055618
0.009573 0.048287
0.006583 0.041097
0.004188 0.034606
0.002354 0.027932
0.001081 0.021095
0.000371 0.015516
0.000077 0.011283
0.000005 0.008405
0.000000 0.008452
0.000005 0.007633
0.000077 0.004907
0.000371 0.000856
0.001081 -0.004491
0.002353 -0.010572
0.004188 -0.014516
0.006585 -0.019594
0.009576 -0.022120
0.013145 -0.025469
0.017281 -0.027400
0.021983 -0.029098
0.027232 -0.030541
0.033016 -0.030941
0.039328 -0.032081
0.046152 -0.032740
0.053476 -0.034054
0.061287 -0.034885
0.069568 -0.035677
0.078308 -0.036769
0.087495 -0.036696
0.097115 -0.036665
0.107157 -0.037079
0.117608 -0.036482
0.128454 -0.036364
0.139683 -0.035510
0.151282 -0.033722
0.163235 -0.033040
0.175532 -0.032304
0.188157 -0.029923
0.201097 -0.028927
0.214337 -0.027427
0.227864 -0.025147
0.241663 -0.022793
0.255719 -0.020754
0.270017 -0.019026
0.284542 -0.014661
0.299280 -0.013780
0.314215 -0.010891
0.329331 -0.007844
0.344613 -0.006189
0.360045 -0.003230
0.375611 -0.002052
0.391296 0.000903
0.407083 0.003363
0.422957 0.005086
0.438901 0.006291
0.454899 0.010309
0.470935 0.011922
0.486992 0.015141
0.503055 0.017355
0.519107 0.020214
0.535132 0.021062
0.551114 0.022738
0.567036 0.024733
0.582884 0.025863
0.598640 0.026836
0.614290 0.028024
0.629817 0.028206
0.645206 0.029307
0.660442 0.031001
0.675509 0.031215
0.690393 0.032086
0.705077 0.032373
0.719549 0.032840
0.733793 0.033593
0.747795 0.034130
0.761542 0.033377
0.775019 0.032561
0.788214 0.030979
0.801113 0.030799
0.813704 0.028942
0.825973 0.032484
0.837910 0.028643
0.849501 0.028112
0.860735 0.028008
0.871601 0.024850
0.882088 0.025058
0.892184 0.023649
0.901880 0.024428
0.911165 0.022421
0.920031 0.020057
0.928468 0.018161
0.936467 0.016846
0.944019 0.015921
0.951116 0.013360
0.957751 0.010345
0.963920 0.010363
0.969616 0.009810
0.974836 0.009826
0.979575 0.009568
0.983831 0.008079
0.987598 0.009031
0.990874 0.008702
0.993653 0.007854
0.995934 0.007433
0.997711 0.007396
0.998982 0.006677
0.999745 0.009676
1.000000 0.008227
