1.000000 0.009549
0.999745 0.008353
0.998982 0.008787
0.997711 0.009586
0.995933 0.009724
0.993653 0.009891
0.990874 0.008821
0.987598 0.008857
0.983830 0.009285
0.979575 0.009659
0.974836 0.010722
0.969616 0.011669
0.963920 0.011228
0.957751 0.012524
0.951116 0.014684
0.944019 0.016941
0.936467 0.018790
0.928468 0.022234
0.920031 0.024849
0.911165 0.028379
0.901879 0.032015
0.892183 0.037301
0.882087 0.041679
0.871601 0.046357
0.860735 0.052048
0.849501 0.058821
0.837910 0.064735
0.825974 0.072063
0.813704 0.080101
0.801113 0.086257
0.788214 0.094299
0.775019 0.102294
0.761541 0.109801
0.747795 0.117794
0.733792 0.127196
0.719548 0.135811
0.705077 0.143556
0.690392 0.152356
0.675509 0.161095
0.660442 0.170842
0.645206 0.179707
0.629817 0.188978
0.614290 0.197779
0.598640 0.206213
0.582884 0.213846
0.567036 0.220963
0.551113 0.227907
0.535131 0.233465
0.519106 0.241788
0.503054 0.244090
0.486991 0.250726
0.470934 0.255814
0.454898 0.260618
0.438900 0.265548
0.422956 0.266558
0.407083 0.270511
0.391295 0.273101
0.375610 0.275441
0.360044 0.277713
0.344612 0.278078
0.329330 0.279158
0.314213 0.279467
0.299279 0.278357
0.284541 0.277663
0.270015 0.275427
0.255717 0.273782
0.241661 0.270485
0.227862 0.266780
0.214336 0.263520
0.201095 0.260087
0.188155 0.255873
0.175530 0.250740
0.163234 0.244853
0.151280 0.238883
0.139681 0.232612
0.128452 0.224782
0.117606 0.217202
0.107155 0.208334
0.097113 0.199689
0.087493 0.190202
0.078306 0.181219
0.069566 0.171662
0.061285 0.163145
0.053474 0.151952
0.046150 0.140397
0.039326 0.129209
0.033014 0.118251
0.027230 0.107104
0.021980 0.095905
0.017277 0.083198
0.013141 0.070576
0.009573 0.059163
0.006583 0.048619
0.004188 0.037650
0.002354 0.030413
0.001081 0.022559
0.000371 0.017031
0.000077 0.012716
0.000005 0.010416
0.000000 0.008369
0.000005 0.007695
0.000077 0.003503
0.000371 0.001726
0.001081 -0.006338
0.002353 -0.011274
0.004188 -0.019495
0.006585 -0.026287
0.009576 -0.032651
0.013145 -0.038513
0.017281 -0.043932
0.021983 -0.050755
0.027232 -0.055905
0.033016 -0.063584
0.039328 -0.068318
0.046152 -0.073535
0.053476 -0.078122
0.061287 -0.082356
0.069568 -0.086732
0.078308 -0.090837
0.087495 -0.094739
0.097115 -0.097756
0.107157 -0.100647
0.117608 -0.103307
0.128454 -0.105159
0.139683 -0.108364
0.151282 -0.110162
0.163235 -0.112227
0.175532 -0.112742
0.188157 -0.113333
0.201097 -0.113829
0.214337 -0.113572
0.227864 -0.113623
0.241663 -0.113076
0.255719 -0.112502
0.270017 -0.111883
0.284542 -0.110020
0.299280 -0.108621
0.314215 -0.106708
0.329331 -0.106403
0.344613 -0.105437
0.360045 -0.100807
0.375611 -0.098754
0.391296 -0.095980
0.407083 -0.093279
0.422957 -0.090047
0.438901 -0.088357
0.454899 -0.084653
0.470935 -0.080632
0.486992 -0.078452
0.503055 -0.076348
0.519107 -0.073607
0.535132 -0.069262
0.551114 -0.068183
0.567036 -0.065805
0.582884 -0.063461
0.598640 -0.060992
0.614290 -0.059537
0.629817 -0.055308
0.645206 -0.053809
0.660442 -0.051103
0.675509 -0.047940
0.690393 -0.047150
0.705077 -0.043359
0.719549 -0.042331
0.733793 -0.038630
0.747795 -0.036161
0.761542 -0.035898
0.775019 -0.032676
0.788214 -0.031349
0.801113 -0.029454
0.813704 -0.028156
0.825973 -0.026463
0.837910 -0.024090
0.849501 -0.021857
0.860735 -0.021294
0.871601 -0.019060
0.882088 -0.017558
0.892184 -0.016412
0.901880 -0.014093
0.911165 -0.013159
0.920031 -0.011889
0.928468 -0.009690
0.936467 -0.008570
0.944019 -0.006145
0.951116 -0.004956
0.957751 -0.004725
0.963920 -0.002505
0.969616 -0.000477
0.974836 -0.000534
0.979575 0.002245
0.983831 0.003145
0.987598 0.002830
0.990874 0.004508
0.993653 0.005649
0.995934 0.006741
0.997711 0.007330
0.998982 0.007226
0.999745 0.004794
1.000000 0.005683
