1.000000 0.008750
0.999745 0.009259
0.998982 0.010437
0.997711 0.009646
0.995933 0.010406
0.993653 0.009100
0.990874 0.011415
0.987598 0.014087
0.983830 0.015101
0.979575 0.016733
0.974836 0.018015
0.969616 0.020715
0.963920 0.023424
0.957751 0.025250
0.951116 0.028013
0.944019 0.030376
0.936467 0.034240
0.928468 0.037978
0.920031 0.040011
0.911165 0.045507
0.901879 0.049026
0.892183 0.052945
0.882087 0.057423
0.871601 0.061173
0.860735 0.066242
0.849501 0.071294
0.837910 0.076549
0.825974 0.081868
0.813704 0.087502
0.801113 0.093577
0.788214 0.099270
0.775019 0.105420
0.761541 0.111383
0.747795 0.117600
0.733792 0.124395
0.719548 0.130372
0.705077 0.137550
0.690392 0.143361
0.675509 0.149368
0.660442 0.156206
0.645206 0.161969
0.629817 0.168172
0.614290 0.174682
0.598640 0.181732
0.582884 0.188309
0.567036 0.193820
0.551113 0.199561
0.535131 0.205039
0.519106 0.210685
0.503054 0.215515
0.486991 0.220701
0.470934 0.224266
0.454898 0.229324
0.438900 0.232739
0.422956 0.235813
0.407083 0.238576
0.391295 0.241046
0.375610 0.243332
0.360044 0.246477
0.344612 0.247603
0.329330 0.248985
0.314213 0.249507
0.299279 0.250015
0.284541 0.250677
0.270015 0.250116
0.255717 0.248876
0.241661 0.247799
0.227862 0.246549
0.214336 0.243869
0.201095 0.240644
0.188155 0.237590
0.175530 0.232536
0.163234 0.228128
0.151280 0.224029
0.139681 0.217656
0.128452 0.211284
0.117606 0.204259
0.107155 0.197002
0.097113 0.189606
0.087493 0.181201
0.078306 0.172556
0.069566 0.163053
0.061285 0.152111
0.053474 0.141792
0.046150 0.131684
0.039326 0.122229
0.033014 0.111271
0.027230 0.101616
0.021980 0.090313
0.017277 0.080531
0.013141 0.069684
0.009573 0.059352
0.006583 0.049002
0.004188 0.039439
0.002354 0.030554
0.001081 0.022420
0.000371 0.016549
0.000077 0.011318
0.000005 0.009477
0.000000 0.008758
0.000005 0.008634
0.000077 0.006224
0.000371 0.001341
0.001081 -0.004520
0.002353 -0.011914
0.004188 -0.018918
0.006585 -0.025504
0.009576 -0.033225
0.013145 -0.039432
0.017281 -0.046000
0.021983 -0.053087
0.027232 -0.057357
0.033016 -0.062695
0.039328 -0.067644
0.046152 -0.072569
0.053476 -0.077395
0.061287 -0.081388
0.069568 -0.085269
0.078308 -0.089706
0.087495 -0.093879
0.097115 -0.098429
0.107157 -0.100782
0.117608 -0.103838
0.128454 -0.108322
0.139683 -0.112030
0.151282 -0.115711
0.163235 -0.118314
0.175532 -0.121787
0.188157 -0.124742
0.201097 -0.127679
0.214337 -0.130666
0.227864 -0.133265
0.241663 -0.136057
0.255719 -0.138410
0.270017 -0.140246
0.284542 -0.142630
0.299280 -0.145029
0.314215 -0.146943
0.329331 -0.148066
0.344613 -0.149047
0.360045 -0.151347
0.375611 -0.150721
0.391296 -0.152115
0.407083 -0.151239
0.422957 -0.151041
0.438901 -0.151587
0.454899 -0.150319
0.470935 -0.150491
0.486992 -0.150130
0.503055 -0.149084
0.519107 -0.148170
0.535132 -0.145041
0.551114 -0.143242
0.567036 -0.140379
0.582884 -0.137492
0.598640 -0.133503
0.614290 -0.131204
0.629817 -0.127893
0.645206 -0.123905
0.660442 -0.119930
0.675509 -0.115923
0.690393 -0.111823
0.705077 -0.108718
0.719549 -0.103733
0.733793 -0.099821
0.747795 -0.095323
0.761542 -0.090798
0.775019 -0.087104
0.788214 -0.082475
0.801113 -0.078635
0.813704 -0.074270
0.825973 -0.070705
0.837910 -0.065451
0.849501 -0.060842
0.860735 -0.057951
0.871601 -0.052379
0.882088 -0.048343
0.892184 -0.045343
0.901880 -0.038509
0.911165 -0.034312
0.920031 -0.030901
0.928468 -0.025896
0.936467 -0.022670
0.944019 -0.019527
0.951116 -0.015692
0.957751 -0.012350
0.963920 -0.010437
0.969616 -0.006987
0.974836 -0.005458
0.979575 -0.002746
0.983831 -0.003004
0.987598 -0.001670
0.990874 -0.000396
0.993653 0.001141
0.995934 0.002048
0.997711 0.001816
0.998982 0.003163
0.999745 0.001855
1.000000 0.003201
