1.000000 0.005700
0.999745 0.008191
0.998982 0.009793
0.997711 0.010633
0.995933 0.011529
0.993653 0.012867
0.990874 0.015343
0.987598 0.018973
0.983830 0.020503
0.979575 0.024488
0.974836 0.028913
0.969616 0.034362
0.963920 0.038635
0.957751 0.044667
0.951116 0.049700
0.944019 0.055507
0.936467 0.061686
0.928468 0.066788
0.920031 0.072526
0.911165 0.079315
0.901879 0.085676
0.892183 0.092766
0.882087 0.099761
0.871601 0.107057
0.860735 0.113998
0.849501 0.121638
0.837910 0.128564
0.825974 0.136762
0.813704 0.143774
0.801113 0.151684
0.788214 0.158540
0.775019 0.165361
0.761541 0.172142
0.747795 0.179371
0.733792 0.185470
0.719548 0.192042
0.705077 0.198095
0.690392 0.204055
0.675509 0.210705
0.660442 0.216202
0.645206 0.222297
0.629817 0.227236
0.614290 0.232978
0.598640 0.237417
0.582884 0.241275
0.567036 0.245816
0.551113 0.249895
0.535131 0.254640
0.519106 0.258467
0.503054 0.261075
0.486991 0.264315
0.470934 0.264811
0.454898 0.267202
0.438900 0.269199
0.422956 0.270249
0.407083 0.271299
0.391295 0.271767
0.375610 0.273055
0.360044 0.273572
0.344612 0.272846
0.329330 0.272980
0.314213 0.272348
0.299279 0.272590
0.284541 0.270656
0.270015 0.268508
0.255717 0.265485
0.241661 0.262696
0.227862 0.259167
0.214336 0.254389
0.201095 0.249737
0.188155 0.243688
0.175530 0.238557
0.163234 0.233859
0.151280 0.227235
0.139681 0.220214
0.128452 0.212643
0.117606 0.204523
0.107155 0.197721
0.097113 0.189550
0.087493 0.180457
0.078306 0.171436
0.069566 0.162849
0.061285 0.153426
0.053474 0.141905
0.046150 0.130902
0.039326 0.120030
0.033014 0.109723
0.027230 0.100689
0.021980 0.090139
0.017277 0.078277
0.013141 0.068142
0.009573 0.057852
0.006583 0.049061
0.004188 0.037503
0.002354 0.029743
0.001081 0.021233
0.000371 0.014948
0.000077 0.009262
0.000005 0.005545
0.000000 0.003875
0.000005 0.002965
0.000077 0.002184
0.000371 -0.002824
0.001081 -0.008134
0.002353 -0.013920
0.004188 -0.022461
0.006585 -0.026651
0.009576 -0.030667
0.013145 -0.035324
0.017281 -0.039281
0.021983 -0.043095
0.027232 -0.046926
0.033016 -0.050210
0.039328 -0.053192
0.046152 -0.056495
0.053476 -0.059453
0.061287 -0.062287
0.069568 -0.064371
0.078308 -0.065393
0.087495 -0.068784
0.097115 -0.068571
0.107157 -0.069178
0.117608 -0.069322
0.128454 -0.070339
0.139683 -0.071760
0.151282 -0.070611
0.163235 -0.069582
0.175532 -0.071248
0.188157 -0.069592
0.201097 -0.069138
0.214337 -0.068095
0.227864 -0.068041
0.241663 -0.067573
0.255719 -0.067315
0.270017 -0.066355
0.284542 -0.066192
0.299280 -0.065130
0.314215 -0.063469
0.329331 -0.063597
0.344613 -0.062056
0.360045 -0.061358
0.375611 -0.059378
0.391296 -0.059342
0.407083 -0.057996
0.422957 -0.056600
0.438901 -0.055670
0.454899 -0.054213
0.470935 -0.052965
0.486992 -0.051518
0.503055 -0.050287
0.519107 -0.049205
0.535132 -0.048912
0.551114 -0.047957
0.567036 -0.046784
0.582884 -0.044210
0.598640 -0.042028
0.614290 -0.040313
0.629817 -0.038877
0.645206 -0.036685
0.660442 -0.034082
0.675509 -0.032025
0.690393 -0.030060
0.705077 -0.028451
0.719549 -0.027730
0.733793 -0.025118
0.747795 -0.023395
0.761542 -0.022510
0.775019 -0.021842
0.788214 -0.019138
0.801113 -0.017612
0.813704 -0.015635
0.825973 -0.014732
0.837910 -0.015258
0.849501 -0.011679
0.860735 -0.009274
0.871601 -0.008682
0.882088 -0.006542
0.892184 -0.006399
0.901880 -0.003782
0.911165 -0.003834
0.920031 -0.001900
0.928468 -0.001607
0.936467 -0.000627
0.944019 0.000764
0.951116 0.001407
0.957751 0.000130
0.963920 0.000116
0.969616 0.002174
0.974836 0.003096
0.979575 0.003258
0.983831 0.003947
0.987598 0.004676
0.990874 0.004673
0.993653 0.005810
0.995934 0.006533
0.997711 0.007171
0.998982 0.007345
0.999745 0.006260
1.000000 0.005290
