1.000000 0.007067
0.999745 0.011248
0.998982 0.010126
0.997711 0.010377
0.995933 0.009857
0.993653 0.010164
0.990874 0.010100
0.987598 0.011887
0.983830 0.012618
0.979575 0.016139
0.974836 0.017752
0.969616 0.019838
0.963920 0.022036
0.957751 0.026563
0.951116 0.029391
0.944019 0.034434
0.936467 0.040662
0.928468 0.044859
0.920031 0.050430
0.911165 0.055698
0.901879 0.062272
0.892183 0.067492
0.882087 0.073962
0.871601 0.080418
0.860735 0.086600
0.849501 0.094967
0.837910 0.102739
0.825974 0.111271
0.813704 0.119377
0.801113 0.128378
0.788214 0.137842
0.775019 0.147515
0.761541 0.156500
0.747795 0.166100
0.733792 0.174853
0.719548 0.185854
0.705077 0.194657
0.690392 0.204569
0.675509 0.214759
0.660442 0.223821
0.645206 0.235606
0.629817 0.244222
0.614290 0.253310
0.598640 0.262095
0.582884 0.270527
0.567036 0.278143
0.551113 0.286224
0.535131 0.292556
0.519106 0.299451
0.503054 0.305432
0.486991 0.310813
0.470934 0.315989
0.454898 0.320631
0.438900 0.324211
0.422956 0.327234
0.407083 0.329732
0.391295 0.331677
0.375610 0.333297
0.360044 0.334391
0.344612 0.334745
0.329330 0.334062
0.314213 0.332714
0.299279 0.330707
0.284541 0.328250
0.270015 0.326100
0.255717 0.320752
0.241661 0.317426
0.227862 0.313561
0.214336 0.308240
0.201095 0.302875
0.188155 0.296486
0.175530 0.288065
0.163234 0.280541
0.151280 0.272191
0.139681 0.263635
0.128452 0.255223
0.117606 0.245456
0.107155 0.234654
0.097113 0.223789
0.087493 0.212938
0.078306 0.201328
0.069566 0.189661
0.061285 0.177777
0.053474 0.165966
0.046150 0.153506
0.039326 0.139896
0.033014 0.126769
0.027230 0.111964
0.021980 0.098297
0.017277 0.085984
0.013141 0.073180
0.009573 0.061509
0.006583 0.050694
0.004188 0.039444
0.002354 0.032381
0.001081 0.020591
0.000371 0.015729
0.000077 0.011524
0.000005 0.008493
0.000000 0.007640
0.000005 0.006446
0.000077 0.003316
0.000371 -0.002004
0.001081 -0.007679
0.002353 -0.015018
0.004188 -0.020555
0.006585 -0.027373
0.009576 -0.033011
0.013145 -0.038247
0.017281 -0.042338
0.021983 -0.044859
0.027232 -0.048589
0.033016 -0.049359
0.039328 -0.053961
0.046152 -0.054857
0.053476 -0.056834
0.061287 -0.058429
0.069568 -0.058190
0.078308 -0.061006
0.087495 -0.060445
0.097115 -0.060873
0.107157 -0.060826
0.117608 -0.061198
0.128454 -0.061204
0.139683 -0.061250
0.151282 -0.059829
0.163235 -0.059702
0.175532 -0.058800
0.188157 -0.058284
0.201097 -0.056698
0.214337 -0.055472
0.227864 -0.053992
0.241663 -0.053749
0.255719 -0.051835
0.270017 -0.050393
0.284542 -0.048599
0.299280 -0.047603
0.314215 -0.046467
0.329331 -0.044555
0.344613 -0.042216
0.360045 -0.040226
0.375611 -0.037939
0.391296 -0.036366
0.407083 -0.032423
0.422957 -0.032268
0.438901 -0.029006
0.454899 -0.027582
0.470935 -0.025550
0.486992 -0.024048
0.503055 -0.023307
0.519107 -0.019771
0.535132 -0.019216
0.551114 -0.018529
0.567036 -0.014912
0.582884 -0.015285
0.598640 -0.012188
0.614290 -0.010538
0.629817 -0.009792
0.645206 -0.008270
0.660442 -0.005815
0.675509 -0.005569
0.690393 -0.004587
0.705077 -0.003247
0.719549 -0.001252
0.733793 -0.001010
0.747795 0.001048
0.761542 0.001454
0.775019 0.001682
0.788214 0.002759
0.801113 0.002718
0.813704 0.003378
0.825973 0.003867
0.837910 0.005283
0.849501 0.006543
0.860735 0.007099
0.871601 0.007959
0.882088 0.009034
0.892184 0.009747
0.901880 0.009843
0.911165 0.009516
0.920031 0.009928
0.928468 0.010249
0.936467 0.010474
0.944019 0.010721
0.951116 0.010454
0.957751 0.010202
0.963920 0.010260
0.969616 0.010263
0.974836 0.009553
0.979575 0.010018
0.983831 0.009142
0.987598 0.008871
0.990874 0.008442
0.993653 0.008796
0.995934 0.009172
0.997711 0.007929
0.998982 0.008773
0.999745 0.006219
1.000000 0.006527
