1.000000 0.012537
0.999745 0.016479
0.998982 0.017272
0.997711 0.015585
0.995933 0.013789
0.993653 0.014772
0.990874 0.015283
0.987598 0.019092
0.983830 0.021922
0.979575 0.024719
0.974836 0.026873
0.969616 0.032577
0.963920 0.036657
0.957751 0.041801
0.951116 0.046719
0.944019 0.052212
0.936467 0.057287
0.928468 0.062595
0.920031 0.068696
0.911165 0.074835
0.901879 0.081395
0.892183 0.087735
0.882087 0.094093
0.871601 0.099970
0.860735 0.106402
0.849501 0.113081
0.837910 0.119497
0.825974 0.127718
0.813704 0.134374
0.801113 0.141294
0.788214 0.147572
0.775019 0.156675
0.761541 0.163576
0.747795 0.171634
0.733792 0.179208
0.719548 0.186782
0.705077 0.194443
0.690392 0.201589
0.675509 0.209042
0.660442 0.216338
0.645206 0.224876
0.629817 0.232286
0.614290 0.240233
0.598640 0.247073
0.582884 0.254818
0.567036 0.260874
0.551113 0.268023
0.535131 0.274474
0.519106 0.281607
0.503054 0.287522
0.486991 0.293202
0.470934 0.298901
0.454898 0.303939
0.438900 0.308623
0.422956 0.314111
0.407083 0.318205
0.391295 0.322525
0.375610 0.326617
0.360044 0.328189
0.344612 0.331219
0.329330 0.332979
0.314213 0.333658
0.299279 0.333440
0.284541 0.332884
0.270015 0.331530
0.255717 0.330153
0.241661 0.328145
0.227862 0.324387
0.214336 0.320224
0.201095 0.315217
0.188155 0.309294
0.175530 0.302801
0.163234 0.294811
0.151280 0.285948
0.139681 0.276636
0.128452 0.265898
0.117606 0.255216
0.107155 0.244543
0.097113 0.233258
0.087493 0.221940
0.078306 0.210231
0.069566 0.197374
0.061285 0.184085
0.053474 0.172993
0.046150 0.159201
0.039326 0.145756
0.033014 0.131613
0.027230 0.117732
0.021980 0.104643
0.017277 0.090823
0.013141 0.078351
0.009573 0.065776
0.006583 0.053235
0.004188 0.042145
0.002354 0.032732
0.001081 0.023370
0.000371 0.017227
0.000077 0.012211
0.000005 0.010040
0.000000 0.008332
0.000005 0.007119
0.000077 0.003666
0.000371 0.000023
0.001081 -0.005202
0.002353 -0.010172
0.004188 -0.016176
0.006585 -0.022413
0.009576 -0.025479
0.013145 -0.028508
0.017281 -0.030628
0.021983 -0.031933
0.027232 -0.033109
0.033016 -0.035251
0.039328 -0.036379
0.046152 -0.036805
0.053476 -0.037903
0.061287 -0.036717
0.069568 -0.038016
0.078308 -0.036327
0.087495 -0.034930
0.097115 -0.034641
0.107157 -0.031763
0.117608 -0.029030
0.128454 -0.025943
0.139683 -0.022472
0.151282 -0.019420
0.163235 -0.015389
0.175532 -0.011135
0.188157 -0.007024
0.201097 -0.002983
0.214337 0.001080
0.227864 0.005638
0.241663 0.009489
0.255719 0.013224
0.270017 0.016921
0.284542 0.020188
0.299280 0.023644
0.314215 0.026824
0.329331 0.028308
0.344613 0.030784
0.360045 0.033641
0.375611 0.034616
0.391296 0.036733
0.407083 0.039529
0.422957 0.040615
0.438901 0.042326
0.454899 0.042800
0.470935 0.043492
0.486992 0.043994
0.503055 0.043919
0.519107 0.043593
0.535132 0.045362
0.551114 0.043364
0.567036 0.042011
0.582884 0.041515
0.598640 0.041148
0.614290 0.040781
0.629817 0.039042
0.645206 0.039031
0.660442 0.038483
0.675509 0.037381
0.690393 0.035851
0.705077 0.035153
0.719549 0.034259
0.733793 0.032131
0.747795 0.031762
0.761542 0.030200
0.775019 0.029690
0.788214 0.029104
0.801113 0.028271
0.813704 0.026264
0.825973 0.025670
0.837910 0.025051
0.849501 0.024420
0.860735 0.023189
0.871601 0.021943
0.882088 0.021125
0.892184 0.019866
0.901880 0.017705
0.911165 0.017951
0.920031 0.015894
0.928468 0.015564
0.936467 0.015083
0.944019 0.013987
0.951116 0.013455
0.957751 0.012627
0.963920 0.011616
0.969616 0.011334
0.974836 0.010325
0.979575 0.009145
0.983831 0.008709
0.987598 0.008000
0.990874 0.006957
0.993653 0.006362
0.995934 0.005592
0.997711 0.005409
0.998982 0.006035
0.999745 0.004537
1.000000 0.003907
