1.000000 0.008086
0.999745 0.006854
0.998982 0.009838
0.997711 0.009017
0.995933 0.013435
0.993653 0.015299
0.990874 0.018322
0.987598 0.021237
0.983830 0.025479
0.979575 0.029818
0.974836 0.035811
0.969616 0.041492
0.963920 0.046934
0.957751 0.053298
0.951116 0.059325
0.944019 0.065838
0.936467 0.072836
0.928468 0.079291
0.920031 0.086188
0.911165 0.093431
0.901879 0.101740
0.892183 0.110415
0.882087 0.118971
0.871601 0.127805
0.860735 0.137227
0.849501 0.146969
0.837910 0.156118
0.825974 0.166623
0.813704 0.177680
0.801113 0.189166
0.788214 0.200286
0.775019 0.211713
0.761541 0.223297
0.747795 0.234846
0.733792 0.246998
0.719548 0.260365
0.705077 0.272670
0.690392 0.285389
0.675509 0.298202
0.660442 0.310904
0.645206 0.323448
0.629817 0.337485
0.614290 0.348654
0.598640 0.361965
0.582884 0.374980
0.567036 0.387499
0.551113 0.399208
0.535131 0.409559
0.519106 0.420393
0.503054 0.431028
0.486991 0.441568
0.470934 0.451293
0.454898 0.460935
0.438900 0.468762
0.422956 0.475816
0.407083 0.482817
0.391295 0.487384
0.375610 0.490735
0.360044 0.493738
0.344612 0.494478
0.329330 0.495436
0.314213 0.493612
0.299279 0.490572
0.284541 0.486606
0.270015 0.482065
0.255717 0.476441
0.241661 0.469463
0.227862 0.460453
0.214336 0.449971
0.201095 0.438272
0.188155 0.425782
0.175530 0.412402
0.163234 0.398733
0.151280 0.383729
0.139681 0.368506
0.128452 0.352291
0.117606 0.336478
0.107155 0.318398
0.097113 0.301074
0.087493 0.282525
0.078306 0.265424
0.069566 0.247189
0.061285 0.227962
0.053474 0.209067
0.046150 0.190292
0.039326 0.172313
0.033014 0.153970
0.027230 0.135805
0.021980 0.119081
0.017277 0.102756
0.013141 0.087433
0.009573 0.072881
0.006583 0.057928
0.004188 0.046462
0.002354 0.034906
0.001081 0.025733
0.000371 0.018359
0.000077 0.012874
0.000005 0.009633
0.000000 0.008276
0.000005 0.006460
0.000077 0.004252
0.000371 -0.000215
0.001081 -0.006948
0.002353 -0.017500
0.004188 -0.029245
0.006585 -0.041431
0.009576 -0.052099
0.013145 -0.064043
0.017281 -0.076233
0.021983 -0.089902
0.027232 -0.101634
0.033016 -0.112501
0.039328 -0.122923
0.046152 -0.133935
0.053476 -0.143396
0.061287 -0.152784
0.069568 -0.162499
0.078308 -0.169096
0.087495 -0.176894
0.097115 -0.183370
0.107157 -0.188923
0.117608 -0.195264
0.128454 -0.198402
0.139683 -0.204108
0.151282 -0.207148
0.163235 -0.209701
0.175532 -0.212204
0.188157 -0.214201
0.201097 -0.213362
0.214337 -0.214905
0.227864 -0.214634
0.241663 -0.214328
0.255719 -0.212437
0.270017 -0.210883
0.284542 -0.207896
0.299280 -0.204768
0.314215 -0.202055
0.329331 -0.198575
0.344613 -0.191638
0.360045 -0.189495
0.375611 -0.184403
0.391296 -0.178380
0.407083 -0.173670
0.422957 -0.167199
0.438901 -0.160653
0.454899 -0.155889
0.470935 -0.150021
0.486992 -0.144248
0.503055 -0.139512
0.519107 -0.133140
0.535132 -0.126142
0.551114 -0.121410
0.567036 -0.114042
0.582884 -0.109539
0.598640 -0.104101
0.614290 -0.097024
0.629817 -0.093690
0.645206 -0.084765
0.660442 -0.082026
0.675509 -0.077106
0.690393 -0.069785
0.705077 -0.066781
0.719549 -0.062089
0.733793 -0.056870
0.747795 -0.051658
0.761542 -0.047488
0.775019 -0.043011
0.788214 -0.039148
0.801113 -0.034233
0.813704 -0.030385
0.825973 -0.026302
0.837910 -0.023894
0.849501 -0.021135
0.860735 -0.017429
0.871601 -0.017215
0.882088 -0.014048
0.892184 -0.009970
0.901880 -0.007500
0.911165 -0.004399
0.920031 -0.001976
0.928468 -0.000055
0.936467 0.003629
0.944019 0.002550
0.951116 0.004773
0.957751 0.005355
0.963920 0.006259
0.969616 0.007259
0.974836 0.006982
0.979575 0.007106
0.983831 0.007702
0.987598 0.007553
0.990874 0.007402
0.993653 0.008590
0.995934 0.007865
0.997711 0.010016
0.998982 0.008751
0.999745 0.007450
1.000000 0.003865
