1.000000 0.006072
0.999745 0.008166
0.998982 0.008606
0.997711 0.008309
0.995933 0.008537
0.993653 0.010121
0.990874 0.011194
0.987598 0.013133
0.983830 0.014780
0.979575 0.019185
0.974836 0.018580
0.969616 0.021842
0.963920 0.025323
0.957751 0.028618
0.951116 0.032349
0.944019 0.036792
0.936467 0.038661
0.928468 0.043908
0.920031 0.048530
0.911165 0.054278
0.901879 0.060809
0.892183 0.066417
0.882087 0.072678
0.871601 0.078137
0.860735 0.085120
0.849501 0.091602
0.837910 0.098155
0.825974 0.105353
0.813704 0.111786
0.801113 0.118909
0.788214 0.126128
0.775019 0.132487
0.761541 0.139409
0.747795 0.146487
0.733792 0.153004
0.719548 0.160849
0.705077 0.167056
0.690392 0.173802
0.675509 0.179885
0.660442 0.186808
0.645206 0.192463
0.629817 0.199260
0.614290 0.205134
0.598640 0.211328
0.582884 0.216398
0.567036 0.220907
0.551113 0.225380
0.535131 0.229695
0.519106 0.234963
0.503054 0.239411
0.486991 0.243605
0.470934 0.246680
0.454898 0.249579
0.438900 0.251526
0.422956 0.253713
0.407083 0.255826
0.391295 0.257033
0.375610 0.257545
0.360044 0.257370
0.344612 0.256004
0.329330 0.256148
0.314213 0.253311
0.299279 0.251702
0.284541 0.249351
0.270015 0.246524
0.255717 0.243929
0.241661 0.240338
0.227862 0.236861
0.214336 0.231943
0.201095 0.227139
0.188155 0.222860
0.175530 0.217264
0.163234 0.210463
0.151280 0.203392
0.139681 0.197736
0.128452 0.190322
0.117606 0.183747
0.107155 0.175753
0.097113 0.168717
0.087493 0.160751
0.078306 0.152495
0.069566 0.144723
0.061285 0.136571
0.053474 0.128965
0.046150 0.121319
0.039326 0.113542
0.033014 0.103881
0.027230 0.094487
0.021980 0.085879
0.017277 0.076380
0.013141 0.066235
0.009573 0.056710
0.006583 0.047412
0.004188 0.038683
0.002354 0.031014
0.001081 0.022850
0.000371 0.017137
0.000077 0.011877
0.000005 0.008249
0.000000 0.008232
0.000005 0.006593
0.000077 0.004497
0.000371 0.000106
0.001081 -0.004617
0.002353 -0.011610
0.004188 -0.018925
0.006585 -0.022647
0.009576 -0.032443
0.013145 -0.038115
0.017281 -0.044832
0.021983 -0.052959
0.027232 -0.060708
0.033016 -0.069589
0.039328 -0.075106
0.046152 -0.079984
0.053476 -0.089855
0.061287 -0.095979
0.069568 -0.102137
0.078308 -0.108720
0.087495 -0.112672
0.097115 -0.118249
0.107157 -0.122499
0.117608 -0.126874
0.128454 -0.132566
0.139683 -0.137658
0.151282 -0.140226
0.163235 -0.145206
0.175532 -0.149446
0.188157 -0.150845
0.201097 -0.152198
0.214337 -0.154709
0.227864 -0.155034
0.241663 -0.156978
0.255719 -0.158322
0.270017 -0.158128
0.284542 -0.157661
0.299280 -0.157625
0.314215 -0.156410
0.329331 -0.156111
0.344613 -0.156276
0.360045 -0.151291
0.375611 -0.151238
0.391296 -0.147921
0.407083 -0.144109
0.422957 -0.142219
0.438901 -0.138505
0.454899 -0.134465
0.470935 -0.131034
0.486992 -0.126727
0.503055 -0.121597
0.519107 -0.118669
0.535132 -0.111852
0.551114 -0.106668
0.567036 -0.102616
0.582884 -0.096956
0.598640 -0.092871
0.614290 -0.087634
0.629817 -0.082616
0.645206 -0.077083
0.660442 -0.071538
0.675509 -0.067487
0.690393 -0.061618
0.705077 -0.057064
0.719549 -0.052936
0.733793 -0.047470
0.747795 -0.043041
0.761542 -0.039260
0.775019 -0.036380
0.788214 -0.033477
0.801113 -0.029879
0.813704 -0.027341
0.825973 -0.024519
0.837910 -0.021776
0.849501 -0.018554
0.860735 -0.016338
0.871601 -0.013415
0.882088 -0.008908
0.892184 -0.007421
0.901880 -0.004895
0.911165 -0.003527
0.920031 -0.002409
0.928468 -0.001210
0.936467 -0.000470
0.944019 0.000258
0.951116 0.001211
0.957751 0.002325
0.963920 0.002259
0.969616 0.001407
0.974836 0.003409
0.979575 0.004755
0.983831 0.003742
0.987598 0.004753
0.990874 0.003657
0.993653 0.006680
0.995934 0.006528
0.997711 0.007230
0.998982 0.008417
0.999745 0.007921
1.000000 0.007264
