1.000000 0.009321
0.999745 0.010861
0.998982 0.011985
0.997711 0.012917
0.995933 0.013144
0.993653 0.015105
0.990874 0.015206
0.987598 0.016891
0.983830 0.019166
0.979575 0.022326
0.974836 0.025030
0.969616 0.027150
0.963920 0.029857
0.957751 0.033574
0.951116 0.038365
0.944019 0.041665
0.936467 0.046666
0.928468 0.051383
0.920031 0.056239
0.911165 0.061650
0.901879 0.066104
0.892183 0.071406
0.882087 0.077196
0.871601 0.082366
0.860735 0.087636
0.849501 0.092898
0.837910 0.098872
0.825974 0.104819
0.813704 0.108174
0.801113 0.116206
0.788214 0.119825
0.775019 0.127072
0.761541 0.132494
0.747795 0.139744
0.733792 0.147101
0.719548 0.153665
0.705077 0.160210
0.690392 0.165555
0.675509 0.171917
0.660442 0.177622
0.645206 0.182908
0.629817 0.190409
0.614290 0.191936
0.598640 0.197940
0.582884 0.202096
0.567036 0.205547
0.551113 0.209155
0.535131 0.211970
0.519106 0.215088
0.503054 0.217064
0.486991 0.219472
0.470934 0.221234
0.454898 0.223318
0.438900 0.225221
0.422956 0.225502
0.407083 0.225430
0.391295 0.226267
0.375610 0.226336
0.360044 0.227178
0.344612 0.227672
0.329330 0.227536
0.314213 0.227073
0.299279 0.226013
0.284541 0.225706
0.270015 0.224490
0.255717 0.222805
0.241661 0.221126
0.227862 0.218400
0.214336 0.215832
0.201095 0.212079
0.188155 0.207675
0.175530 0.204501
0.163234 0.199863
0.151280 0.195275
0.139681 0.192008
0.128452 0.186082
0.117606 0.181433
0.107155 0.177717
0.097113 0.172194
0.087493 0.165846
0.078306 0.158478
0.069566 0.152152
0.061285 0.145140
0.053474 0.138104
0.046150 0.129306
0.039326 0.119737
0.033014 0.111672
0.027230 0.101568
0.021980 0.092776
0.017277 0.081577
0.013141 0.069559
0.009573 0.058924
0.006583 0.048556
0.004188 0.038411
0.002354 0.028484
0.001081 0.021046
0.000371 0.014953
0.000077 0.010249
0.000005 0.007380
0.000000 0.006353
0.000005 0.005584
0.000077 0.003338
0.000371 -0.000943
0.001081 -0.006486
0.002353 -0.016668
0.004188 -0.027254
0.006585 -0.037355
0.009576 -0.046681
0.013145 -0.056578
0.017281 -0.066221
0.021983 -0.077736
0.027232 -0.086579
0.033016 -0.095525
0.039328 -0.103611
0.046152 -0.111996
0.053476 -0.120638
0.061287 -0.126641
0.069568 -0.134603
0.078308 -0.141371
0.087495 -0.147520
0.097115 -0.154315
0.107157 -0.160219
0.117608 -0.165241
0.128454 -0.171456
0.139683 -0.176507
0.151282 -0.181745
0.163235 -0.186047
0.175532 -0.190139
0.188157 -0.194122
0.201097 -0.197885
0.214337 -0.201181
0.227864 -0.204724
0.241663 -0.208234
0.255719 -0.210182
0.270017 -0.213249
0.284542 -0.216026
0.299280 -0.216564
0.314215 -0.216413
0.329331 -0.218002
0.344613 -0.219524
0.360045 -0.219158
0.375611 -0.218137
0.391296 -0.217623
0.407083 -0.217625
0.422957 -0.215604
0.438901 -0.214598
0.454899 -0.212865
0.470935 -0.210696
0.486992 -0.208409
0.503055 -0.205840
0.519107 -0.203306
0.535132 -0.200646
0.551114 -0.196796
0.567036 -0.193150
0.582884 -0.188473
0.598640 -0.182505
0.614290 -0.176729
0.629817 -0.173042
0.645206 -0.166863
0.660442 -0.161555
0.675509 -0.156721
0.690393 -0.150894
0.705077 -0.144648
0.719549 -0.139190
0.733793 -0.133224
0.747795 -0.127865
0.761542 -0.121380
0.775019 -0.115198
0.788214 -0.109563
0.801113 -0.102033
0.813704 -0.097311
0.825973 -0.091518
0.837910 -0.085102
0.849501 -0.078846
0.860735 -0.074408
0.871601 -0.069092
0.882088 -0.063877
0.892184 -0.058661
0.901880 -0.053172
0.911165 -0.047534
0.920031 -0.042898
0.928468 -0.038757
0.936467 -0.034655
0.944019 -0.030412
0.951116 -0.025878
0.957751 -0.021109
0.963920 -0.017742
0.969616 -0.011745
0.974836 -0.011596
0.979575 -0.006545
0.983831 -0.003454
0.987598 -0.002059
0.990874 0.000685
0.993653 0.002136
0.995934 0.003601
0.997711 0.005435
0.998982 0.004973
0.999745 0.005735
1.000000 0.005491
