1.000000 0.007532
0.999745 0.011176
0.998982 0.009070
0.997711 0.010889
0.995933 0.010881
0.993653 0.011790
0.990874 0.011165
0.987598 0.012783
0.983830 0.014564
0.979575 0.015144
0.974836 0.016201
0.969616 0.017156
0.963920 0.020127
0.957751 0.023089
0.951116 0.025900
0.944019 0.027834
0.936467 0.030038
0.928468 0.033069
0.920031 0.035966
0.911165 0.038759
0.901879 0.042244
0.892183 0.045237
0.882087 0.048146
0.871601 0.050806
0.860735 0.054088
0.849501 0.057833
0.837910 0.061691
0.825974 0.065258
0.813704 0.070045
0.801113 0.072582
0.788214 0.077042
0.775019 0.080327
0.761541 0.084534
0.747795 0.087383
0.733792 0.092844
0.719548 0.095697
0.705077 0.100171
0.690392 0.104217
0.675509 0.107707
0.660442 0.111330
0.645206 0.117870
0.629817 0.122256
0.614290 0.127322
0.598640 0.131974
0.582884 0.137487
0.567036 0.142843
0.551113 0.146360
0.535131 0.151841
0.519106 0.156184
0.503054 0.160806
0.486991 0.165325
0.470934 0.168223
0.454898 0.173388
0.438900 0.176144
0.422956 0.181478
0.407083 0.185220
0.391295 0.188104
0.375610 0.191606
0.360044 0.192917
0.344612 0.195468
0.329330 0.197108
0.314213 0.199391
0.299279 0.202162
0.284541 0.201701
0.270015 0.202769
0.255717 0.203129
0.241661 0.202590
0.227862 0.201984
0.214336 0.200243
0.201095 0.198691
0.188155 0.197159
0.175530 0.194563
0.163234 0.191709
0.151280 0.187947
0.139681 0.184338
0.128452 0.180282
0.117606 0.175053
0.107155 0.168911
0.097113 0.162618
0.087493 0.156692
0.078306 0.151052
0.069566 0.145125
0.061285 0.138080
0.053474 0.131091
0.046150 0.123443
0.039326 0.115384
0.033014 0.107340
0.027230 0.098623
0.021980 0.089554
0.017277 0.080769
0.013141 0.071416
0.009573 0.061216
0.006583 0.050676
0.004188 0.041918
0.002354 0.032094
0.001081 0.025113
0.000371 0.017283
0.000077 0.012647
0.000005 0.009797
0.000000 0.009499
0.000005 0.008134
0.000077 0.005063
0.000371 0.002227
0.001081 -0.004736
0.002353 -0.009157
0.004188 -0.013993
0.006585 -0.020375
0.009576 -0.020884
0.013145 -0.028509
0.017281 -0.030245
0.021983 -0.033660
0.027232 -0.037944
0.033016 -0.039945
0.039328 -0.043130
0.046152 -0.046917
0.053476 -0.047914
0.061287 -0.050851
0.069568 -0.051993
0.078308 -0.053641
0.087495 -0.055258
0.097115 -0.055960
0.107157 -0.056787
0.117608 -0.056558
0.128454 -0.057156
0.139683 -0.057555
0.151282 -0.057844
0.163235 -0.056800
0.175532 -0.056372
0.188157 -0.055993
0.201097 -0.055609
0.214337 -0.055117
0.227864 -0.054396
0.241663 -0.052701
0.255719 -0.050617
0.270017 -0.049475
0.284542 -0.050248
0.299280 -0.046665
0.314215 -0.045298
0.329331 -0.043242
0.344613 -0.042171
0.360045 -0.040153
0.375611 -0.038063
0.391296 -0.036182
0.407083 -0.035462
0.422957 -0.032896
0.438901 -0.031237
0.454899 -0.030940
0.470935 -0.027019
0.486992 -0.026786
0.503055 -0.024062
0.519107 -0.023101
0.535132 -0.021447
0.551114 -0.018773
0.567036 -0.016891
0.582884 -0.015313
0.598640 -0.013607
0.614290 -0.012217
0.629817 -0.010794
0.645206 -0.009398
0.660442 -0.007220
0.675509 -0.006524
0.690393 -0.004401
0.705077 -0.002994
0.719549 -0.002004
0.733793 -0.001106
0.747795 0.000054
0.761542 0.001075
0.775019 0.002208
0.788214 0.001875
0.801113 0.002861
0.813704 0.003143
0.825973 0.004123
0.837910 0.004450
0.849501 0.005580
0.860735 0.005612
0.871601 0.006387
0.882088 0.007394
0.892184 0.007664
0.901880 0.007214
0.911165 0.008167
0.920031 0.008146
0.928468 0.007810
0.936467 0.007985
0.944019 0.009859
0.951116 0.008191
0.957751 0.008971
0.963920 0.008917
0.969616 0.008681
0.974836 0.009510
0.979575 0.008444
0.983831 0.009195
0.987598 0.009200
0.990874 0.006859
0.993653 0.007320
0.995934 0.005241
0.997711 0.006654
0.998982 0.004403
0.999745 0.004854
1.000000 0.003874
