1.000000 0.006609
0.999745 0.007929
0.998982 0.006045
0.997711 0.011895
0.995933 0.013475
0.993653 0.016478
0.990874 0.020387
0.987598 0.023891
0.983830 0.029329
0.979575 0.034335
0.974836 0.041894
0.969616 0.048648
0.963920 0.056410
0.957751 0.065109
0.951116 0.074596
0.944019 0.085198
0.936467 0.095292
0.928468 0.104303
0.920031 0.115692
0.911165 0.127963
0.901879 0.139889
0.892183 0.150996
0.882087 0.162301
0.871601 0.174337
0.860735 0.186310
0.849501 0.198662
0.837910 0.210602
0.825974 0.222261
0.813704 0.234726
0.801113 0.245595
0.788214 0.257372
0.775019 0.268474
0.761541 0.280200
0.747795 0.291471
0.733792 0.302255
0.719548 0.313909
0.705077 0.324430
0.690392 0.336420
0.675509 0.346564
0.660442 0.357002
0.645206 0.367234
0.629817 0.377622
0.614290 0.387273
0.598640 0.396127
0.582884 0.403552
0.567036 0.411125
0.551113 0.417822
0.535131 0.423088
0.519106 0.428639
0.503054 0.432811
0.486991 0.437379
0.470934 0.440503
0.454898 0.443898
0.438900 0.445106
0.422956 0.445563
0.407083 0.447759
0.391295 0.446323
0.375610 0.445472
0.360044 0.444558
0.344612 0.441400
0.329330 0.439274
0.314213 0.434484
0.299279 0.430499
0.284541 0.426234
0.270015 0.421050
0.255717 0.415721
0.241661 0.409409
0.227862 0.402102
0.214336 0.395900
0.201095 0.385756
0.188155 0.376952
0.175530 0.366821
0.163234 0.355974
0.151280 0.345071
0.139681 0.333073
0.128452 0.320589
0.117606 0.307498
0.107155 0.293315
0.097113 0.279730
0.087493 0.265275
0.078306 0.249714
0.069566 0.233243
0.061285 0.216830
0.053474 0.200838
0.046150 0.184304
0.039326 0.166801
0.033014 0.150162
0.027230 0.133767
0.021980 0.116774
0.017277 0.100708
0.013141 0.085271
0.009573 0.069696
0.006583 0.054841
0.004188 0.044991
0.002354 0.030095
0.001081 0.022117
0.000371 0.015532
0.000077 0.011295
0.000005 0.008925
0.000000 0.007842
0.000005 0.006040
0.000077 0.003687
0.000371 -0.001818
0.001081 -0.006264
0.002353 -0.015770
0.004188 -0.022822
0.006585 -0.031610
0.009576 -0.040317
0.013145 -0.050969
0.017281 -0.059398
0.021983 -0.069905
0.027232 -0.078110
0.033016 -0.087186
0.039328 -0.095370
0.046152 -0.105267
0.053476 -0.111102
0.061287 -0.120062
0.069568 -0.127524
0.078308 -0.133788
0.087495 -0.141303
0.097115 -0.147849
0.107157 -0.154017
0.117608 -0.159910
0.128454 -0.165339
0.139683 -0.170154
0.151282 -0.176519
0.163235 -0.181879
0.175532 -0.185045
0.188157 -0.188664
0.201097 -0.191558
0.214337 -0.193574
0.227864 -0.195803
0.241663 -0.196267
0.255719 -0.198022
0.270017 -0.200101
0.284542 -0.200148
0.299280 -0.201049
0.314215 -0.200885
0.329331 -0.200951
0.344613 -0.200031
0.360045 -0.199595
0.375611 -0.197807
0.391296 -0.195914
0.407083 -0.193312
0.422957 -0.191191
0.438901 -0.187987
0.454899 -0.183581
0.470935 -0.180282
0.486992 -0.174586
0.503055 -0.168130
0.519107 -0.164461
0.535132 -0.156841
0.551114 -0.148830
0.567036 -0.139677
0.582884 -0.131143
0.598640 -0.122904
0.614290 -0.113753
0.629817 -0.103892
0.645206 -0.093433
0.660442 -0.083785
0.675509 -0.074038
0.690393 -0.064417
0.705077 -0.054230
0.719549 -0.044474
0.733793 -0.035451
0.747795 -0.027357
0.761542 -0.017753
0.775019 -0.010916
0.788214 -0.003957
0.801113 0.003027
0.813704 0.008461
0.825973 0.014469
0.837910 0.017323
0.849501 0.021982
0.860735 0.024609
0.871601 0.027602
0.882088 0.029755
0.892184 0.031695
0.901880 0.032630
0.911165 0.033903
0.920031 0.034044
0.928468 0.033809
0.936467 0.033633
0.944019 0.033290
0.951116 0.031586
0.957751 0.030024
0.963920 0.027108
0.969616 0.025153
0.974836 0.023016
0.979575 0.020665
0.983831 0.017903
0.987598 0.016302
0.990874 0.012810
0.993653 0.012059
0.995934 0.009607
0.997711 0.007592
0.998982 0.008092
0.999745 0.005784
1.000000 0.006151
