1.000000 -0.000951
0.999745 -0.000710
0.998982 0.000005
0.997711 0.001150
0.995933 0.002653
0.993653 0.004585
0.990874 0.007017
0.987598 0.009920
0.983830 0.013261
0.979575 0.017069
0.974836 0.021356
0.969616 0.026089
0.963920 0.031218
0.957751 0.036704
0.951116 0.042491
0.944019 0.048528
0.936467 0.054804
0.928468 0.061326
0.920031 0.068095
0.911165 0.075093
0.901879 0.082350
0.892183 0.089903
0.882087 0.097717
0.871601 0.105763
0.860735 0.114021
0.849501 0.122482
0.837910 0.131196
0.825974 0.140113
0.813704 0.149187
0.801113 0.158399
0.788214 0.167706
0.775019 0.177080
0.761541 0.186405
0.747795 0.195666
0.733792 0.204834
0.719548 0.213867
0.705077 0.222701
0.690392 0.231345
0.675509 0.239737
0.660442 0.247868
0.645206 0.255687
0.629817 0.263147
0.614290 0.270221
0.598640 0.276892
0.582884 0.283158
0.567036 0.288968
0.551113 0.294298
0.535131 0.299140
0.519106 0.303506
0.503054 0.307368
0.486991 0.310705
0.470934 0.313541
0.454898 0.315864
0.438900 0.317633
0.422956 0.318823
0.407083 0.319461
0.391295 0.319559
0.375610 0.319108
0.360044 0.318111
0.344612 0.316597
0.329330 0.314562
0.314213 0.311985
0.299279 0.308912
0.284541 0.305409
0.270015 0.301453
0.255717 0.297019
0.241661 0.292129
0.227862 0.286791
0.214336 0.280989
0.201095 0.274747
0.188155 0.268113
0.175530 0.261067
0.163234 0.253570
0.151280 0.245617
0.139681 0.237223
0.128452 0.228377
0.117606 0.219102
0.107155 0.209466
0.097113 0.199548
0.087493 0.189370
0.078306 0.178877
0.069566 0.168022
0.061285 0.156862
0.053474 0.145578
0.046150 0.134202
0.039326 0.122821
0.033014 0.111420
0.027230 0.099989
0.021980 0.088517
0.017277 0.077089
0.013141 0.065829
0.009573 0.054882
0.006583 0.044442
0.004188 0.034560
0.002354 0.025433
0.001081 0.017409
0.000371 0.010866
0.000077 0.006064
0.000005 0.003153
0.000000 0.002178
0.000005 0.001231
0.000077 -0.001607
0.000371 -0.006148
0.001081 -0.012109
0.002353 -0.018935
0.004188 -0.025887
0.006585 -0.032635
0.009576 -0.039367
0.013145 -0.045555
0.017281 -0.051259
0.021983 -0.056746
0.027232 -0.061984
0.033016 -0.066959
0.039328 -0.071747
0.046152 -0.076372
0.053476 -0.080776
0.061287 -0.084962
0.069568 -0.089002
0.078308 -0.092871
0.087495 -0.096508
0.097115 -0.099926
0.107157 -0.103117
0.117608 -0.106150
0.128454 -0.108960
0.139683 -0.111589
0.151282 -0.114003
0.163235 -0.116196
0.175532 -0.118136
0.188157 -0.119846
0.201097 -0.121332
0.214337 -0.122570
0.227864 -0.123565
0.241663 -0.124305
0.255719 -0.124787
0.270017 -0.124975
0.284542 -0.124869
0.299280 -0.124483
0.314215 -0.123822
0.329331 -0.122879
0.344613 -0.121651
0.360045 -0.120130
0.375611 -0.118334
0.391296 -0.116257
0.407083 -0.113883
0.422957 -0.111238
0.438901 -0.108358
0.454899 -0.105261
0.470935 -0.101956
0.486992 -0.098469
0.503055 -0.094825
0.519107 -0.091029
0.535132 -0.087094
0.551114 -0.083038
0.567036 -0.078863
0.582884 -0.074563
0.598640 -0.070133
0.614290 -0.065591
0.629817 -0.060940
0.645206 -0.056206
0.660442 -0.051421
0.675509 -0.046639
0.690393 -0.041894
0.705077 -0.037221
0.719549 -0.032658
0.733793 -0.028236
0.747795 -0.023953
0.761542 -0.019857
0.775019 -0.015978
0.788214 -0.012338
0.801113 -0.008964
0.813704 -0.005885
0.825973 -0.003088
0.837910 -0.000582
0.849501 0.001628
0.860735 0.003527
0.871601 0.005141
0.882088 0.006484
0.892184 0.007550
0.901880 0.008351
0.911165 0.008856
0.920031 0.009092
0.928468 0.009111
0.936467 0.008940
0.944019 0.008598
0.951116 0.008132
0.957751 0.007596
0.963920 0.006995
0.969616 0.006301
0.974836 0.005494
0.979575 0.004560
0.983831 0.003537
0.987598 0.002481
0.990874 0.001468
0.993653 0.000531
0.995934 -0.000310
0.997711 -0.000993
0.998982 -0.001443
0.999745 -0.001688
1.000000 -0.001767
