1.000000 0.005867
0.999745 0.008946
0.998982 0.009882
0.997711 0.008922
0.995933 0.010893
0.993653 0.011623
0.990874 0.013972
0.987598 0.016415
0.983830 0.017878
0.979575 0.021907
0.974836 0.025412
0.969616 0.029403
0.963920 0.035267
0.957751 0.038433
0.951116 0.043207
0.944019 0.048583
0.936467 0.053455
0.928468 0.058299
0.920031 0.063814
0.911165 0.070072
0.901879 0.075191
0.892183 0.081541
0.882087 0.087486
0.871601 0.094677
0.860735 0.101388
0.849501 0.107749
0.837910 0.114336
0.825974 0.120827
0.813704 0.127727
0.801113 0.134617
0.788214 0.141721
0.775019 0.148611
0.761541 0.155612
0.747795 0.163087
0.733792 0.169678
0.719548 0.176553
0.705077 0.181986
0.690392 0.187928
0.675509 0.193749
0.660442 0.199341
0.645206 0.204618
0.629817 0.209360
0.614290 0.214768
0.598640 0.218990
0.582884 0.223881
0.567036 0.227677
0.551113 0.231226
0.535131 0.233896
0.519106 0.237021
0.503054 0.239661
0.486991 0.242170
0.470934 0.244298
0.454898 0.246381
0.438900 0.248460
0.422956 0.249404
0.407083 0.249624
0.391295 0.250425
0.375610 0.251126
0.360044 0.250946
0.344612 0.250487
0.329330 0.249604
0.314213 0.248830
0.299279 0.247379
0.284541 0.244828
0.270015 0.242005
0.255717 0.239675
0.241661 0.237479
0.227862 0.235937
0.214336 0.232420
0.201095 0.226937
0.188155 0.224637
0.175530 0.217843
0.163234 0.213648
0.151280 0.207363
0.139681 0.201534
0.128452 0.195389
0.117606 0.189717
0.107155 0.182440
0.097113 0.177051
0.087493 0.169986
0.078306 0.161989
0.069566 0.154463
0.061285 0.146978
0.053474 0.139360
0.046150 0.130989
0.039326 0.120855
0.033014 0.113038
0.027230 0.104213
0.021980 0.094205
0.017277 0.084556
0.013141 0.074820
0.009573 0.064497
0.006583 0.054456
0.004188 0.043623
0.002354 0.034095
0.001081 0.024956
0.000371 0.018049
0.000077 0.013236
0.000005 0.010214
0.000000 0.008372
0.000005 0.007395
0.000077 0.003965
0.000371 0.000555
0.001081 -0.004502
0.002353 -0.011347
0.004188 -0.018228
0.006585 -0.025469
0.009576 -0.031212
0.013145 -0.036241
0.017281 -0.040359
0.021983 -0.045197
0.027232 -0.050169
0.033016 -0.053762
0.039328 -0.056956
0.046152 -0.059968
0.053476 -0.064157
0.061287 -0.066872
0.069568 -0.070563
0.078308 -0.071907
0.087495 -0.074486
0.097115 -0.077291
0.107157 -0.078282
0.117608 -0.079413
0.128454 -0.082263
0.139683 -0.083414
0.151282 -0.083618
0.163235 -0.084564
0.175532 -0.085141
0.188157 -0.085870
0.201097 -0.086539
0.214337 -0.085518
0.227864 -0.085310
0.241663 -0.084786
0.255719 -0.085148
0.270017 -0.084752
0.284542 -0.086203
0.299280 -0.084407
0.314215 -0.084451
0.329331 -0.082933
0.344613 -0.082322
0.360045 -0.082278
0.375611 -0.080934
0.391296 -0.080718
0.407083 -0.079167
0.422957 -0.077945
0.438901 -0.076605
0.454899 -0.076120
0.470935 -0.074949
0.486992 -0.071806
0.503055 -0.069845
0.519107 -0.066086
0.535132 -0.063973
0.551114 -0.060458
0.567036 -0.057604
0.582884 -0.055649
0.598640 -0.051843
0.614290 -0.048378
0.629817 -0.045173
0.645206 -0.041750
0.660442 -0.039583
0.675509 -0.035860
0.690393 -0.032326
0.705077 -0.029394
0.719549 -0.025862
0.733793 -0.022044
0.747795 -0.018832
0.761542 -0.015403
0.775019 -0.011602
0.788214 -0.007946
0.801113 -0.006148
0.813704 -0.003189
0.825973 -0.001457
0.837910 0.001480
0.849501 0.003111
0.860735 0.004353
0.871601 0.007920
0.882088 0.009407
0.892184 0.010687
0.901880 0.012210
0.911165 0.012685
0.920031 0.013930
0.928468 0.013695
0.936467 0.014266
0.944019 0.015684
0.951116 0.014238
0.957751 0.015006
0.963920 0.014437
0.969616 0.014545
0.974836 0.013861
0.979575 0.013071
0.983831 0.011996
0.987598 0.011649
0.990874 0.010203
0.993653 0.012431
0.995934 0.008099
0.997711 0.009405
0.998982 0.009277
0.999745 0.008052
1.000000 0.009248
