1.000000 0.004952
0.999745 0.001625
0.998982 0.003482
0.997711 0.004929
0.995933 0.004013
0.993653 0.004831
0.990874 0.004092
0.987598 0.004332
0.983830 0.006450
0.979575 0.007185
0.974836 0.008169
0.969616 0.010508
0.963920 0.011171
0.957751 0.012072
0.951116 0.013570
0.944019 0.014464
0.936467 0.015856
0.928468 0.017556
0.920031 0.019113
0.911165 0.021644
0.901879 0.024090
0.892183 0.026195
0.882087 0.028235
0.871601 0.030246
0.860735 0.033266
0.849501 0.035384
0.837910 0.038026
0.825974 0.040836
0.813704 0.043952
0.801113 0.048008
0.788214 0.049605
0.775019 0.054549
0.761541 0.058822
0.747795 0.063155
0.733792 0.067170
0.719548 0.071609
0.705077 0.077059
0.690392 0.082467
0.675509 0.086532
0.660442 0.092775
0.645206 0.097290
0.629817 0.102931
0.614290 0.108864
0.598640 0.114485
0.582884 0.119804
0.567036 0.126244
0.551113 0.131901
0.535131 0.137565
0.519106 0.143752
0.503054 0.150242
0.486991 0.156483
0.470934 0.162016
0.454898 0.168775
0.438900 0.174361
0.422956 0.179513
0.407083 0.186350
0.391295 0.191207
0.375610 0.195839
0.360044 0.200999
0.344612 0.205390
0.329330 0.209269
0.314213 0.213039
0.299279 0.216586
0.284541 0.219294
0.270015 0.221493
0.255717 0.223126
0.241661 0.224762
0.227862 0.225749
0.214336 0.226036
0.201095 0.225669
0.188155 0.224359
0.175530 0.223057
0.163234 0.221260
0.151280 0.218296
0.139681 0.215414
0.128452 0.209353
0.117606 0.203380
0.107155 0.196607
0.097113 0.189206
0.087493 0.180762
0.078306 0.172281
0.069566 0.164048
0.061285 0.152091
0.053474 0.143715
0.046150 0.133262
0.039326 0.122557
0.033014 0.111414
0.027230 0.099743
0.021980 0.090043
0.017277 0.079347
0.013141 0.067726
0.009573 0.059700
0.006583 0.049382
0.004188 0.039926
0.002354 0.029596
0.001081 0.021624
0.000371 0.015376
0.000077 0.011732
0.000005 0.009668
0.000000 0.007708
0.000005 0.006939
0.000077 0.003802
0.000371 -0.000413
0.001081 -0.003783
0.002353 -0.011571
0.004188 -0.019380
0.006585 -0.025422
0.009576 -0.031493
0.013145 -0.036982
0.017281 -0.042609
0.021983 -0.048079
0.027232 -0.054080
0.033016 -0.059635
0.039328 -0.064593
0.046152 -0.069621
0.053476 -0.075932
0.061287 -0.080443
0.069568 -0.085910
0.078308 -0.089449
0.087495 -0.093030
0.097115 -0.098505
0.107157 -0.102436
0.117608 -0.105124
0.128454 -0.108359
0.139683 -0.111996
0.151282 -0.116107
0.163235 -0.118139
0.175532 -0.120313
0.188157 -0.122693
0.201097 -0.124210
0.214337 -0.125914
0.227864 -0.128303
0.241663 -0.130025
0.255719 -0.130285
0.270017 -0.131961
0.284542 -0.131976
0.299280 -0.132241
0.314215 -0.132590
0.329331 -0.132854
0.344613 -0.133021
0.360045 -0.131999
0.375611 -0.131572
0.391296 -0.132938
0.407083 -0.130237
0.422957 -0.129673
0.438901 -0.130068
0.454899 -0.127876
0.470935 -0.126166
0.486992 -0.124357
0.503055 -0.122756
0.519107 -0.119701
0.535132 -0.117992
0.551114 -0.115985
0.567036 -0.113730
0.582884 -0.110768
0.598640 -0.106780
0.614290 -0.105441
0.629817 -0.102913
0.645206 -0.099679
0.660442 -0.096330
0.675509 -0.093390
0.690393 -0.090543
0.705077 -0.085591
0.719549 -0.083742
0.733793 -0.079834
0.747795 -0.076576
0.761542 -0.073220
0.775019 -0.068000
0.788214 -0.065092
0.801113 -0.060282
0.813704 -0.057436
0.825973 -0.054520
0.837910 -0.050665
0.849501 -0.046539
0.860735 -0.042705
0.871601 -0.038886
0.882088 -0.035804
0.892184 -0.032540
0.901880 -0.028518
0.911165 -0.025718
0.920031 -0.022392
0.928468 -0.018979
0.936467 -0.016424
0.944019 -0.013330
0.951116 -0.010001
0.957751 -0.007865
0.963920 -0.004899
0.969616 -0.004187
0.974836 0.000124
0.979575 0.000097
0.983831 0.001500
0.987598 0.002743
0.990874 0.003565
0.993653 0.004675
0.995934 0.006508
0.997711 0.005942
0.998982 0.007874
0.999745 0.006226
1.000000 0.005038
