1.000000 0.005061
0.999745 0.005112
0.998982 0.007830
0.997711 0.009143
0.995933 0.010492
0.993653 0.011827
0.990874 0.011877
0.987598 0.015729
0.983830 0.018076
0.979575 0.020585
0.974836 0.024698
0.969616 0.027309
0.963920 0.033041
0.957751 0.037507
0.951116 0.043068
0.944019 0.047852
0.936467 0.053076
0.928468 0.059669
0.920031 0.066068
0.911165 0.073202
0.901879 0.079824
0.892183 0.087306
0.882087 0.095091
0.871601 0.102815
0.860735 0.110168
0.849501 0.117605
0.837910 0.125811
0.825974 0.134357
0.813704 0.142611
0.801113 0.150739
0.788214 0.158342
0.775019 0.167478
0.761541 0.175793
0.747795 0.185414
0.733792 0.192458
0.719548 0.200579
0.705077 0.208570
0.690392 0.215571
0.675509 0.223141
0.660442 0.229245
0.645206 0.236128
0.629817 0.242744
0.614290 0.247508
0.598640 0.253079
0.582884 0.257817
0.567036 0.262651
0.551113 0.266834
0.535131 0.270357
0.519106 0.273139
0.503054 0.277472
0.486991 0.279620
0.470934 0.282054
0.454898 0.284369
0.438900 0.285439
0.422956 0.287132
0.407083 0.287234
0.391295 0.287214
0.375610 0.286890
0.360044 0.285787
0.344612 0.284936
0.329330 0.283977
0.314213 0.282379
0.299279 0.280004
0.284541 0.276842
0.270015 0.273878
0.255717 0.270812
0.241661 0.267146
0.227862 0.263348
0.214336 0.257915
0.201095 0.253789
0.188155 0.248889
0.175530 0.244185
0.163234 0.239771
0.151280 0.232174
0.139681 0.225493
0.128452 0.218782
0.117606 0.209519
0.107155 0.201859
0.097113 0.193595
0.087493 0.184498
0.078306 0.175704
0.069566 0.165506
0.061285 0.155084
0.053474 0.144864
0.046150 0.135234
0.039326 0.125267
0.033014 0.113900
0.027230 0.103028
0.021980 0.092385
0.017277 0.082103
0.013141 0.071543
0.009573 0.061287
0.006583 0.050777
0.004188 0.041984
0.002354 0.033102
0.001081 0.024562
0.000371 0.018564
0.000077 0.012643
0.000005 0.010960
0.000000 0.008518
0.000005 0.008149
0.000077 0.005697
0.000371 0.001024
0.001081 -0.003101
0.002353 -0.010108
0.004188 -0.013337
0.006585 -0.017075
0.009576 -0.020719
0.013145 -0.023514
0.017281 -0.026753
0.021983 -0.027691
0.027232 -0.031086
0.033016 -0.032513
0.039328 -0.033317
0.046152 -0.035233
0.053476 -0.037329
0.061287 -0.038998
0.069568 -0.040164
0.078308 -0.042057
0.087495 -0.043900
0.097115 -0.046286
0.107157 -0.046298
0.117608 -0.048721
0.128454 -0.051050
0.139683 -0.051906
0.151282 -0.051570
0.163235 -0.053125
0.175532 -0.052892
0.188157 -0.052177
0.201097 -0.053946
0.214337 -0.052881
0.227864 -0.052626
0.241663 -0.052229
0.255719 -0.050975
0.270017 -0.050731
0.284542 -0.049471
0.299280 -0.049128
0.314215 -0.048958
0.329331 -0.046963
0.344613 -0.044826
0.360045 -0.044341
0.375611 -0.041559
0.391296 -0.038813
0.407083 -0.037341
0.422957 -0.034741
0.438901 -0.031925
0.454899 -0.028715
0.470935 -0.026188
0.486992 -0.022165
0.503055 -0.018578
0.519107 -0.016503
0.535132 -0.012335
0.551114 -0.007725
0.567036 -0.003520
0.582884 -0.000923
0.598640 0.002585
0.614290 0.005424
0.629817 0.008251
0.645206 0.010885
0.660442 0.012840
0.675509 0.015833
0.690393 0.018779
0.705077 0.019171
0.719549 0.022091
0.733793 0.024991
0.747795 0.025696
0.761542 0.028270
0.775019 0.029703
0.788214 0.030958
0.801113 0.032531
0.813704 0.033169
0.825973 0.035295
0.837910 0.034346
0.849501 0.034836
0.860735 0.033760
0.871601 0.033506
0.882088 0.032540
0.892184 0.031116
0.901880 0.031741
0.911165 0.027631
0.920031 0.028624
0.928468 0.027131
0.936467 0.026442
0.944019 0.024688
0.951116 0.023469
0.957751 0.021826
0.963920 0.020806
0.969616 0.018563
0.974836 0.016938
0.979575 0.015048
0.983831 0.014591
0.987598 0.009230
0.990874 0.009499
0.993653 0.008870
0.995934 0.009038
0.997711 0.009134
0.998982 0.006208
0.999745 0.007936
1.000000 0.009692
