1.000000 0.011199
0.999745 0.012012
0.998982 0.012259
0.997711 0.014430
0.995933 0.015779
0.993653 0.016289
0.990874 0.017405
0.987598 0.019152
0.983830 0.021051
0.979575 0.024377
0.974836 0.026714
0.969616 0.029503
0.963920 0.033696
0.957751 0.037102
0.951116 0.039988
0.944019 0.043323
0.936467 0.046239
0.928468 0.050363
0.920031 0.054102
0.911165 0.057111
0.901879 0.062104
0.892183 0.065906
0.882087 0.068997
0.871601 0.073918
0.860735 0.077265
0.849501 0.080972
0.837910 0.084066
0.825974 0.089474
0.813704 0.093464
0.801113 0.098352
0.788214 0.100019
0.775019 0.103684
0.761541 0.106790
0.747795 0.109875
0.733792 0.112038
0.719548 0.114441
0.705077 0.116725
0.690392 0.119017
0.675509 0.122625
0.660442 0.123497
0.645206 0.125649
0.629817 0.127784
0.614290 0.129952
0.598640 0.131037
0.582884 0.132286
0.567036 0.133476
0.551113 0.134341
0.535131 0.135761
0.519106 0.135921
0.503054 0.136229
0.486991 0.136704
0.470934 0.136734
0.454898 0.136439
0.438900 0.136296
0.422956 0.136548
0.407083 0.135986
0.391295 0.134861
0.375610 0.134702
0.360044 0.133093
0.344612 0.132078
0.329330 0.130683
0.314213 0.129408
0.299279 0.127728
0.284541 0.125483
0.270015 0.122633
0.255717 0.120651
0.241661 0.118754
0.227862 0.116931
0.214336 0.113580
0.201095 0.110027
0.188155 0.108215
0.175530 0.107392
0.163234 0.102168
0.151280 0.100576
0.139681 0.097641
0.128452 0.094491
0.117606 0.090125
0.107155 0.086848
0.097113 0.083318
0.087493 0.079890
0.078306 0.075894
0.069566 0.071980
0.061285 0.067919
0.053474 0.065253
0.046150 0.061608
0.039326 0.058531
0.033014 0.055333
0.027230 0.052220
0.021980 0.049170
0.017277 0.047313
0.013141 0.043321
0.009573 0.039526
0.006583 0.034632
0.004188 0.030873
0.002354 0.026493
0.001081 0.021847
0.000371 0.017387
0.000077 0.013802
0.000005 0.010865
0.000000 0.009542
0.000005 0.008825
0.000077 0.006156
0.000371 0.003548
0.001081 -0.001272
0.002353 -0.002434
0.004188 -0.005522
0.006585 -0.007497
0.009576 -0.008037
0.013145 -0.008456
0.017281 -0.008689
0.021983 -0.008228
0.027232 -0.009657
0.033016 -0.009275
0.039328 -0.010221
0.046152 -0.010514
0.053476 -0.010902
0.061287 -0.010549
0.069568 -0.010289
0.078308 -0.009960
0.087495 -0.009029
0.097115 -0.009534
0.107157 -0.009214
0.117608 -0.009356
0.128454 -0.007937
0.139683 -0.007712
0.151282 -0.010068
0.163235 -0.007924
0.175532 -0.008867
0.188157 -0.007683
0.201097 -0.008296
0.214337 -0.007871
0.227864 -0.007505
0.241663 -0.007846
0.255719 -0.007192
0.270017 -0.007454
0.284542 -0.006487
0.299280 -0.007130
0.314215 -0.005785
0.329331 -0.006286
0.344613 -0.005784
0.360045 -0.005393
0.375611 -0.004439
0.391296 -0.002520
0.407083 -0.002025
0.422957 -0.001678
0.438901 -0.001184
0.454899 0.000279
0.470935 0.000974
0.486992 0.002322
0.503055 0.002770
0.519107 0.003395
0.535132 0.003210
0.551114 0.002525
0.567036 0.002531
0.582884 0.003372
0.598640 0.002545
0.614290 0.002772
0.629817 0.002969
0.645206 0.003074
0.660442 0.004539
0.675509 0.002537
0.690393 0.002305
0.705077 0.001371
0.719549 0.000683
0.733793 0.001681
0.747795 0.000213
0.761542 0.000503
0.775019 0.000977
0.788214 0.001477
0.801113 0.001724
0.813704 0.001898
0.825973 0.001126
0.837910 0.002534
0.849501 -0.001004
0.860735 -0.000247
0.871601 -0.000998
0.882088 -0.001075
0.892184 -0.000455
0.901880 0.000248
0.911165 0.000934
0.920031 0.001788
0.928468 0.002558
0.936467 0.003254
0.944019 0.003830
0.951116 0.003580
0.957751 0.003955
0.963920 0.003611
0.969616 0.003847
0.974836 0.005083
0.979575 0.005186
0.983831 0.005541
0.987598 0.005119
0.990874 0.005367
0.993653 0.005177
0.995934 0.005830
0.997711 0.005841
0.998982 0.006169
0.999745 0.004815
1.000000 0.002369
