1.000000 0.006394
0.999745 0.007570
0.998982 0.009950
0.997711 0.007877
0.995933 0.007875
0.993653 0.007944
0.990874 0.008250
0.987598 0.010552
0.983830 0.011579
0.979575 0.012111
0.974836 0.012759
0.969616 0.012929
0.963920 0.015964
0.957751 0.016702
0.951116 0.018627
0.944019 0.020660
0.936467 0.022408
0.928468 0.023638
0.920031 0.026962
0.911165 0.028730
0.901879 0.032518
0.892183 0.035454
0.882087 0.039164
0.871601 0.042743
0.860735 0.046255
0.849501 0.051345
0.837910 0.055435
0.825974 0.060015
0.813704 0.064177
0.801113 0.069205
0.788214 0.074345
0.775019 0.081829
0.761541 0.085522
0.747795 0.092038
0.733792 0.099622
0.719548 0.106988
0.705077 0.114188
0.690392 0.122057
0.675509 0.129678
0.660442 0.137116
0.645206 0.144707
0.629817 0.152281
0.614290 0.159942
0.598640 0.167512
0.582884 0.174659
0.567036 0.182407
0.551113 0.189053
0.535131 0.195132
0.519106 0.202024
0.503054 0.207500
0.486991 0.213362
0.470934 0.218519
0.454898 0.222826
0.438900 0.226648
0.422956 0.230412
0.407083 0.233528
0.391295 0.236183
0.375610 0.238110
0.360044 0.239270
0.344612 0.240363
0.329330 0.240581
0.314213 0.240409
0.299279 0.239578
0.284541 0.238960
0.270015 0.237686
0.255717 0.236219
0.241661 0.233443
0.227862 0.231187
0.214336 0.228094
0.201095 0.224481
0.188155 0.219778
0.175530 0.214976
0.163234 0.210206
0.151280 0.204059
0.139681 0.198542
0.128452 0.191914
0.117606 0.187497
0.107155 0.179885
0.097113 0.172891
0.087493 0.166052
0.078306 0.157519
0.069566 0.150082
0.061285 0.141676
0.053474 0.133264
0.046150 0.124290
0.039326 0.113448
0.033014 0.104774
0.027230 0.095696
0.021980 0.086740
0.017277 0.077329
0.013141 0.068157
0.009573 0.059146
0.006583 0.049614
0.004188 0.040518
0.002354 0.030552
0.001081 0.021113
0.000371 0.015064
0.000077 0.009718
0.000005 0.008653
0.000000 0.008501
0.000005 0.008062
0.000077 0.006454
0.000371 0.001837
0.001081 -0.003400
0.002353 -0.011642
0.004188 -0.019615
0.006585 -0.024247
0.009576 -0.028463
0.013145 -0.034389
0.017281 -0.038800
0.021983 -0.042454
0.027232 -0.047557
0.033016 -0.052753
0.039328 -0.055848
0.046152 -0.059230
0.053476 -0.063340
0.061287 -0.065920
0.069568 -0.069795
0.078308 -0.073051
0.087495 -0.077708
0.097115 -0.078272
0.107157 -0.082857
0.117608 -0.084877
0.128454 -0.086465
0.139683 -0.089715
0.151282 -0.090367
0.163235 -0.092698
0.175532 -0.095737
0.188157 -0.097878
0.201097 -0.098966
0.214337 -0.101069
0.227864 -0.102432
0.241663 -0.102416
0.255719 -0.106324
0.270017 -0.106076
0.284542 -0.109311
0.299280 -0.107886
0.314215 -0.109951
0.329331 -0.111524
0.344613 -0.111553
0.360045 -0.113467
0.375611 -0.114157
0.391296 -0.114321
0.407083 -0.114773
0.422957 -0.115364
0.438901 -0.114667
0.454899 -0.114603
0.470935 -0.114965
0.486992 -0.113700
0.503055 -0.112292
0.519107 -0.110976
0.535132 -0.110300
0.551114 -0.109397
0.567036 -0.108011
0.582884 -0.104827
0.598640 -0.103479
0.614290 -0.100305
0.629817 -0.097385
0.645206 -0.094526
0.660442 -0.091675
0.675509 -0.089272
0.690393 -0.085582
0.705077 -0.081936
0.719549 -0.078995
0.733793 -0.075889
0.747795 -0.072196
0.761542 -0.068491
0.775019 -0.065786
0.788214 -0.061526
0.801113 -0.058501
0.813704 -0.054095
0.825973 -0.052407
0.837910 -0.049128
0.849501 -0.043469
0.860735 -0.040587
0.871601 -0.036153
0.882088 -0.032094
0.892184 -0.028836
0.901880 -0.024671
0.911165 -0.023706
0.920031 -0.019379
0.928468 -0.016170
0.936467 -0.015331
0.944019 -0.010389
0.951116 -0.009864
0.957751 -0.005991
0.963920 -0.004659
0.969616 -0.002857
0.974836 -0.001668
0.979575 -0.000090
0.983831 0.001565
0.987598 0.003102
0.990874 0.002210
0.993653 0.004412
0.995934 0.003028
0.997711 0.004925
0.998982 0.005203
0.999745 0.004358
1.000000 0.004263
