1.000000 0.006638
0.999745 0.009374
0.998982 0.009488
0.997711 0.011451
0.995933 0.011170
0.993653 0.013664
0.990874 0.013822
0.987598 0.014873
0.983830 0.018767
0.979575 0.021781
0.974836 0.022059
0.969616 0.026160
0.963920 0.031006
0.957751 0.034842
0.951116 0.038872
0.944019 0.043770
0.936467 0.047327
0.928468 0.052742
0.920031 0.058170
0.911165 0.063202
0.901879 0.068731
0.892183 0.074511
0.882087 0.080979
0.871601 0.087429
0.860735 0.093594
0.849501 0.098996
0.837910 0.106569
0.825974 0.111825
0.813704 0.119228
0.801113 0.125960
0.788214 0.133239
0.775019 0.139088
0.761541 0.147284
0.747795 0.152940
0.733792 0.158284
0.719548 0.167240
0.705077 0.171977
0.690392 0.177573
0.675509 0.184125
0.660442 0.189826
0.645206 0.196241
0.629817 0.202145
0.614290 0.207298
0.598640 0.212541
0.582884 0.216653
0.567036 0.220895
0.551113 0.226100
0.535131 0.230021
0.519106 0.233768
0.503054 0.237279
0.486991 0.239396
0.470934 0.241327
0.454898 0.243399
0.438900 0.244770
0.422956 0.247616
0.407083 0.248417
0.391295 0.248907
0.375610 0.248676
0.360044 0.249721
0.344612 0.248900
0.329330 0.249811
0.314213 0.248894
0.299279 0.248255
0.284541 0.245713
0.270015 0.243750
0.255717 0.241264
0.241661 0.238892
0.227862 0.236259
0.214336 0.233400
0.201095 0.229048
0.188155 0.225037
0.175530 0.220571
0.163234 0.216319
0.151280 0.211129
0.139681 0.205149
0.128452 0.200136
0.117606 0.193188
0.107155 0.186079
0.097113 0.180546
0.087493 0.173073
0.078306 0.165225
0.069566 0.159109
0.061285 0.151407
0.053474 0.142720
0.046150 0.133658
0.039326 0.122752
0.033014 0.114809
0.027230 0.105200
0.021980 0.095501
0.017277 0.085287
0.013141 0.074380
0.009573 0.063108
0.006583 0.053380
0.004188 0.042484
0.002354 0.032406
0.001081 0.024637
0.000371 0.017715
0.000077 0.012045
0.000005 0.010460
0.000000 0.008998
0.000005 0.009175
0.000077 0.004649
0.000371 0.000101
0.001081 -0.005916
0.002353 -0.014121
0.004188 -0.022749
0.006585 -0.033424
0.009576 -0.045481
0.013145 -0.055056
0.017281 -0.065633
0.021983 -0.075236
0.027232 -0.085151
0.033016 -0.095059
0.039328 -0.104460
0.046152 -0.110901
0.053476 -0.120343
0.061287 -0.126746
0.069568 -0.134780
0.078308 -0.141041
0.087495 -0.150519
0.097115 -0.155371
0.107157 -0.162056
0.117608 -0.168712
0.128454 -0.174132
0.139683 -0.181049
0.151282 -0.184360
0.163235 -0.188156
0.175532 -0.192540
0.188157 -0.196032
0.201097 -0.200467
0.214337 -0.203080
0.227864 -0.206549
0.241663 -0.209679
0.255719 -0.212335
0.270017 -0.214246
0.284542 -0.216081
0.299280 -0.217755
0.314215 -0.219206
0.329331 -0.219970
0.344613 -0.220563
0.360045 -0.221561
0.375611 -0.221188
0.391296 -0.221454
0.407083 -0.220993
0.422957 -0.219768
0.438901 -0.218306
0.454899 -0.216949
0.470935 -0.214470
0.486992 -0.213151
0.503055 -0.209649
0.519107 -0.206094
0.535132 -0.202805
0.551114 -0.199008
0.567036 -0.195957
0.582884 -0.190304
0.598640 -0.185439
0.614290 -0.180634
0.629817 -0.175544
0.645206 -0.171496
0.660442 -0.164767
0.675509 -0.158574
0.690393 -0.151656
0.705077 -0.145370
0.719549 -0.137924
0.733793 -0.131849
0.747795 -0.125264
0.761542 -0.118738
0.775019 -0.111963
0.788214 -0.104663
0.801113 -0.098467
0.813704 -0.091825
0.825973 -0.085537
0.837910 -0.079418
0.849501 -0.072875
0.860735 -0.066975
0.871601 -0.060956
0.882088 -0.055310
0.892184 -0.050666
0.901880 -0.043880
0.911165 -0.038924
0.920031 -0.034700
0.928468 -0.029698
0.936467 -0.026590
0.944019 -0.021673
0.951116 -0.017671
0.957751 -0.013991
0.963920 -0.010735
0.969616 -0.008008
0.974836 -0.004757
0.979575 -0.002393
0.983831 0.000044
0.987598 0.001810
0.990874 0.002918
0.993653 0.004264
0.995934 0.005285
0.997711 0.006422
0.998982 0.006955
0.999745 0.006829
1.000000 0.006393
