1.000000 0.019537
0.999745 0.022554
0.998982 0.024028
0.997711 0.025260
0.995933 0.027514
0.993653 0.029648
0.990874 0.032423
0.987598 0.036364
0.983830 0.040238
0.979575 0.044142
0.974836 0.049755
0.969616 0.055245
0.963920 0.060975
0.957751 0.067744
0.951116 0.073828
0.944019 0.081122
0.936467 0.087465
0.928468 0.094127
0.920031 0.100864
0.911165 0.107909
0.901879 0.115016
0.892183 0.122892
0.882087 0.130359
0.871601 0.137390
0.860735 0.145122
0.849501 0.152087
0.837910 0.159703
0.825974 0.166894
0.813704 0.174355
0.801113 0.182063
0.788214 0.189243
0.775019 0.196481
0.761541 0.203176
0.747795 0.209586
0.733792 0.215319
0.719548 0.221118
0.705077 0.225857
0.690392 0.230700
0.675509 0.234677
0.660442 0.239578
0.645206 0.243726
0.629817 0.247638
0.614290 0.252176
0.598640 0.254185
0.582884 0.256932
0.567036 0.259184
0.551113 0.261054
0.535131 0.261972
0.519106 0.263513
0.503054 0.264354
0.486991 0.265797
0.470934 0.266199
0.454898 0.266197
0.438900 0.266286
0.422956 0.266060
0.407083 0.266704
0.391295 0.266307
0.375610 0.264925
0.360044 0.263626
0.344612 0.262981
0.329330 0.260975
0.314213 0.260207
0.299279 0.258240
0.284541 0.255116
0.270015 0.252232
0.255717 0.249263
0.241661 0.245469
0.227862 0.243820
0.214336 0.238893
0.201095 0.233675
0.188155 0.232334
0.175530 0.226248
0.163234 0.221842
0.151280 0.217216
0.139681 0.212578
0.128452 0.205199
0.117606 0.200177
0.107155 0.193985
0.097113 0.186943
0.087493 0.181690
0.078306 0.174316
0.069566 0.167010
0.061285 0.159136
0.053474 0.152483
0.046150 0.143587
0.039326 0.135314
0.033014 0.125801
0.027230 0.114455
0.021980 0.104010
0.017277 0.091539
0.013141 0.079555
0.009573 0.066106
0.006583 0.055683
0.004188 0.043402
0.002354 0.031234
0.001081 0.023036
0.000371 0.016687
0.000077 0.011521
0.000005 0.008791
0.000000 0.007410
0.000005 0.007129
0.000077 0.004115
0.000371 -0.000653
0.001081 -0.006096
0.002353 -0.014274
0.004188 -0.025084
0.006585 -0.038204
0.009576 -0.050505
0.013145 -0.063474
0.017281 -0.074809
0.021983 -0.087246
0.027232 -0.099243
0.033016 -0.109278
0.039328 -0.118429
0.046152 -0.126778
0.053476 -0.135720
0.061287 -0.143925
0.069568 -0.150307
0.078308 -0.157062
0.087495 -0.163546
0.097115 -0.169972
0.107157 -0.175786
0.117608 -0.181106
0.128454 -0.186887
0.139683 -0.190063
0.151282 -0.196351
0.163235 -0.199558
0.175532 -0.203705
0.188157 -0.207063
0.201097 -0.211182
0.214337 -0.214019
0.227864 -0.216475
0.241663 -0.218430
0.255719 -0.221233
0.270017 -0.221849
0.284542 -0.222875
0.299280 -0.224672
0.314215 -0.225063
0.329331 -0.225513
0.344613 -0.224062
0.360045 -0.224853
0.375611 -0.223147
0.391296 -0.222502
0.407083 -0.220515
0.422957 -0.217617
0.438901 -0.215195
0.454899 -0.211725
0.470935 -0.206356
0.486992 -0.202614
0.503055 -0.196894
0.519107 -0.189051
0.535132 -0.183832
0.551114 -0.175806
0.567036 -0.165217
0.582884 -0.155745
0.598640 -0.144868
0.614290 -0.133061
0.629817 -0.118559
0.645206 -0.109270
0.660442 -0.091435
0.675509 -0.079933
0.690393 -0.066582
0.705077 -0.054123
0.719549 -0.041118
0.733793 -0.028282
0.747795 -0.018841
0.761542 -0.009915
0.775019 0.003992
0.788214 0.013777
0.801113 0.021803
0.813704 0.028927
0.825973 0.033388
0.837910 0.040108
0.849501 0.044719
0.860735 0.048687
0.871601 0.050355
0.882088 0.051378
0.892184 0.051861
0.901880 0.051606
0.911165 0.050890
0.920031 0.048776
0.928468 0.046443
0.936467 0.042950
0.944019 0.039487
0.951116 0.035195
0.957751 0.030521
0.963920 0.026922
0.969616 0.023048
0.974836 0.019681
0.979575 0.017249
0.983831 0.011615
0.987598 0.010053
0.990874 0.007543
0.993653 0.005290
0.995934 0.005171
0.997711 0.002924
0.998982 0.002553
0.999745 0.002451
1.000000 0.000189
