1.000000 0.006820
0.999745 0.008446
0.998982 0.009010
0.997711 0.010804
0.995933 0.010506
0.993653 0.011853
0.990874 0.012387
0.987598 0.013164
0.983830 0.014430
0.979575 0.016357
0.974836 0.018555
0.969616 0.019977
0.963920 0.021437
0.957751 0.024060
0.951116 0.026206
0.944019 0.030943
0.936467 0.034087
0.928468 0.038089
0.920031 0.042119
0.911165 0.046768
0.901879 0.052264
0.892183 0.057263
0.882087 0.062070
0.871601 0.067412
0.860735 0.072589
0.849501 0.078546
0.837910 0.085365
0.825974 0.092154
0.813704 0.096990
0.801113 0.102766
0.788214 0.108116
0.775019 0.113901
0.761541 0.119112
0.747795 0.125847
0.733792 0.131754
0.719548 0.138563
0.705077 0.143435
0.690392 0.149112
0.675509 0.155460
0.660442 0.160478
0.645206 0.165419
0.629817 0.170363
0.614290 0.174741
0.598640 0.179164
0.582884 0.183912
0.567036 0.187660
0.551113 0.191769
0.535131 0.194005
0.519106 0.196958
0.503054 0.199106
0.486991 0.201121
0.470934 0.202905
0.454898 0.204986
0.438900 0.206419
0.422956 0.207087
0.407083 0.207750
0.391295 0.208868
0.375610 0.209608
0.360044 0.209593
0.344612 0.208513
0.329330 0.208404
0.314213 0.206742
0.299279 0.206117
0.284541 0.204756
0.270015 0.202841
0.255717 0.201026
0.241661 0.197881
0.227862 0.195283
0.214336 0.192506
0.201095 0.189970
0.188155 0.186175
0.175530 0.181433
0.163234 0.177354
0.151280 0.173134
0.139681 0.167875
0.128452 0.163220
0.117606 0.157491
0.107155 0.151628
0.097113 0.146263
0.087493 0.140180
0.078306 0.133474
0.069566 0.127383
0.061285 0.120674
0.053474 0.113834
0.046150 0.105681
0.039326 0.098187
0.033014 0.090463
0.027230 0.082413
0.021980 0.074971
0.017277 0.067345
0.013141 0.058844
0.009573 0.050399
0.006583 0.042410
0.004188 0.034039
0.002354 0.026941
0.001081 0.020085
0.000371 0.015297
0.000077 0.010554
0.000005 0.008139
0.000000 0.007386
0.000005 0.005691
0.000077 0.002488
0.000371 -0.001676
0.001081 -0.007902
0.002353 -0.014404
0.004188 -0.020326
0.006585 -0.027844
0.009576 -0.034772
0.013145 -0.040937
0.017281 -0.046840
0.021983 -0.052886
0.027232 -0.058388
0.033016 -0.064426
0.039328 -0.068880
0.046152 -0.072293
0.053476 -0.077628
0.061287 -0.080254
0.069568 -0.084275
0.078308 -0.089451
0.087495 -0.091981
0.097115 -0.095668
0.107157 -0.099582
0.117608 -0.099843
0.128454 -0.100842
0.139683 -0.104262
0.151282 -0.106910
0.163235 -0.110352
0.175532 -0.111421
0.188157 -0.114008
0.201097 -0.115509
0.214337 -0.117656
0.227864 -0.119311
0.241663 -0.120867
0.255719 -0.122719
0.270017 -0.124780
0.284542 -0.127077
0.299280 -0.129275
0.314215 -0.129646
0.329331 -0.129485
0.344613 -0.130577
0.360045 -0.131623
0.375611 -0.133198
0.391296 -0.132579
0.407083 -0.132430
0.422957 -0.131766
0.438901 -0.132961
0.454899 -0.131597
0.470935 -0.131808
0.486992 -0.130179
0.503055 -0.130711
0.519107 -0.128648
0.535132 -0.127790
0.551114 -0.127411
0.567036 -0.124899
0.582884 -0.124040
0.598640 -0.123315
0.614290 -0.117221
0.629817 -0.115167
0.645206 -0.113418
0.660442 -0.109259
0.675509 -0.107801
0.690393 -0.101063
0.705077 -0.099400
0.719549 -0.094620
0.733793 -0.091648
0.747795 -0.087240
0.761542 -0.084631
0.775019 -0.078692
0.788214 -0.073714
0.801113 -0.070691
0.813704 -0.065810
0.825973 -0.060367
0.837910 -0.056440
0.849501 -0.051759
0.860735 -0.048090
0.871601 -0.042949
0.882088 -0.039122
0.892184 -0.034813
0.901880 -0.031006
0.911165 -0.027693
0.920031 -0.023750
0.928468 -0.020352
0.936467 -0.017947
0.944019 -0.012921
0.951116 -0.010967
0.957751 -0.008544
0.963920 -0.004396
0.969616 -0.002658
0.974836 -0.000826
0.979575 0.000836
0.983831 0.002339
0.987598 0.004207
0.990874 0.004791
0.993653 0.005202
0.995934 0.006413
0.997711 0.007427
0.998982 0.005939
0.999745 0.004202
1.000000 0.005051
