1.000000 -0.000612
0.999745 -0.000383
0.998982 0.000296
0.997711 0.001385
0.995933 0.002826
0.993653 0.004700
0.990874 0.007081
0.987598 0.009937
0.983830 0.013236
0.979575 0.017004
0.974836 0.021256
0.969616 0.025966
0.963920 0.031088
0.957751 0.036586
0.951116 0.042405
0.944019 0.048495
0.936467 0.054843
0.928468 0.061456
0.920031 0.068329
0.911165 0.075446
0.901879 0.082829
0.892183 0.090509
0.882087 0.098448
0.871601 0.106620
0.860735 0.115005
0.849501 0.123592
0.837910 0.132429
0.825974 0.141463
0.813704 0.150644
0.801113 0.159961
0.788214 0.169370
0.775019 0.178845
0.761541 0.188273
0.747795 0.197640
0.733792 0.206918
0.719548 0.216071
0.705077 0.225039
0.690392 0.233833
0.675509 0.242390
0.660442 0.250700
0.645206 0.258710
0.629817 0.266377
0.614290 0.273672
0.598640 0.280576
0.582884 0.287086
0.567036 0.293152
0.551113 0.298746
0.535131 0.303844
0.519106 0.308450
0.503054 0.312538
0.486991 0.316088
0.470934 0.319105
0.454898 0.321576
0.438900 0.323466
0.422956 0.324762
0.407083 0.325484
0.391295 0.325634
0.375610 0.325206
0.360044 0.324203
0.344612 0.322631
0.329330 0.320486
0.314213 0.317765
0.299279 0.314515
0.284541 0.310770
0.270015 0.306498
0.255717 0.301701
0.241661 0.296402
0.227862 0.290594
0.214336 0.284280
0.201095 0.277516
0.188155 0.270344
0.175530 0.262742
0.163234 0.254706
0.151280 0.246254
0.139681 0.237380
0.128452 0.228063
0.117606 0.218358
0.107155 0.208342
0.097113 0.198062
0.087493 0.187551
0.078306 0.176810
0.069566 0.165804
0.061285 0.154546
0.053474 0.143196
0.046150 0.131818
0.039326 0.120505
0.033014 0.109214
0.027230 0.097927
0.021980 0.086622
0.017277 0.075366
0.013141 0.064280
0.009573 0.053516
0.006583 0.043287
0.004188 0.033617
0.002354 0.024668
0.001081 0.016759
0.000371 0.010277
0.000077 0.005498
0.000005 0.002590
0.000000 0.001615
0.000005 0.000665
0.000077 -0.002194
0.000371 -0.006795
0.001081 -0.012906
0.002353 -0.020053
0.004188 -0.027550
0.006585 -0.035064
0.009576 -0.042794
0.013145 -0.050152
0.017281 -0.057063
0.021983 -0.063663
0.027232 -0.069888
0.033016 -0.075744
0.039328 -0.081293
0.046152 -0.086558
0.053476 -0.091500
0.061287 -0.096136
0.069568 -0.100511
0.078308 -0.104583
0.087495 -0.108306
0.097115 -0.111690
0.107157 -0.114696
0.117608 -0.117390
0.128454 -0.119730
0.139683 -0.121773
0.151282 -0.123472
0.163235 -0.124834
0.175532 -0.125850
0.188157 -0.126548
0.201097 -0.126914
0.214337 -0.126928
0.227864 -0.126623
0.241663 -0.125989
0.255719 -0.125013
0.270017 -0.123687
0.284542 -0.122042
0.299280 -0.120108
0.314215 -0.117886
0.329331 -0.115398
0.344613 -0.112677
0.360045 -0.109736
0.375611 -0.106599
0.391296 -0.103275
0.407083 -0.099792
0.422957 -0.096191
0.438901 -0.092500
0.454899 -0.088747
0.470935 -0.084964
0.486992 -0.081185
0.503055 -0.077425
0.519107 -0.073688
0.535132 -0.069993
0.551114 -0.066367
0.567036 -0.062801
0.582884 -0.059266
0.598640 -0.055770
0.614290 -0.052325
0.629817 -0.048916
0.645206 -0.045541
0.660442 -0.042210
0.675509 -0.038947
0.690393 -0.035743
0.705077 -0.032606
0.719549 -0.029563
0.733793 -0.026627
0.747795 -0.023785
0.761542 -0.021059
0.775019 -0.018471
0.788214 -0.016026
0.801113 -0.013743
0.813704 -0.011644
0.825973 -0.009701
0.837910 -0.007920
0.849501 -0.006305
0.860735 -0.004864
0.871601 -0.003580
0.882088 -0.002451
0.892184 -0.001486
0.901880 -0.000669
0.911165 -0.000042
0.920031 0.000415
0.928468 0.000748
0.936467 0.000978
0.944019 0.001118
0.951116 0.001202
0.957751 0.001268
0.963920 0.001306
0.969616 0.001275
0.974836 0.001144
0.979575 0.000886
0.983831 0.000521
0.987598 0.000095
0.990874 -0.000328
0.993653 -0.000736
0.995934 -0.001134
0.997711 -0.001458
0.998982 -0.001629
0.999745 -0.001696
1.000000 -0.001717
