1.000000 0.004357
0.999745 0.010368
0.998982 0.007196
0.997711 0.009130
0.995933 0.010206
0.993653 0.010271
0.990874 0.011584
0.987598 0.011846
0.983830 0.013941
0.979575 0.012989
0.974836 0.014898
0.969616 0.017454
0.963920 0.019888
0.957751 0.021516
0.951116 0.024158
0.944019 0.026182
0.936467 0.029246
0.928468 0.032246
0.920031 0.034943
0.911165 0.038511
0.901879 0.041594
0.892183 0.045444
0.882087 0.049308
0.871601 0.052385
0.860735 0.056916
0.849501 0.060325
0.837910 0.064040
0.825974 0.069802
0.813704 0.073180
0.801113 0.078965
0.788214 0.082868
0.775019 0.088324
0.761541 0.093012
0.747795 0.098588
0.733792 0.103729
0.719548 0.108810
0.705077 0.114923
0.690392 0.119710
0.675509 0.125077
0.660442 0.130096
0.645206 0.135380
0.629817 0.141204
0.614290 0.147198
0.598640 0.154335
0.582884 0.160568
0.567036 0.166873
0.551113 0.172616
0.535131 0.178855
0.519106 0.184307
0.503054 0.191073
0.486991 0.197279
0.470934 0.203698
0.454898 0.209284
0.438900 0.215829
0.422956 0.223178
0.407083 0.231459
0.391295 0.235198
0.375610 0.242122
0.360044 0.247308
0.344612 0.253523
0.329330 0.258577
0.314213 0.263162
0.299279 0.267425
0.284541 0.270373
0.270015 0.274089
0.255717 0.277057
0.241661 0.278823
0.227862 0.281337
0.214336 0.280666
0.201095 0.279740
0.188155 0.279621
0.175530 0.274944
0.163234 0.273968
0.151280 0.269466
0.139681 0.265679
0.128452 0.260038
0.117606 0.253173
0.107155 0.245491
0.097113 0.238455
0.087493 0.229830
0.078306 0.220005
0.069566 0.208836
0.061285 0.197109
0.053474 0.184496
0.046150 0.171514
0.039326 0.157114
0.033014 0.142882
0.027230 0.128433
0.021980 0.115266
0.017277 0.099269
0.013141 0.083870
0.009573 0.068893
0.006583 0.056292
0.004188 0.044037
0.002354 0.031556
0.001081 0.023329
0.000371 0.018026
0.000077 0.011689
0.000005 0.009155
0.000000 0.008678
0.000005 0.006478
0.000077 0.004642
0.000371 -0.000239
0.001081 -0.006136
0.002353 -0.013123
0.004188 -0.024021
0.006585 -0.034635
0.009576 -0.045754
0.013145 -0.059007
0.017281 -0.068164
0.021983 -0.080843
0.027232 -0.089872
0.033016 -0.098514
0.039328 -0.107811
0.046152 -0.114305
0.053476 -0.123729
0.061287 -0.129895
0.069568 -0.135289
0.078308 -0.142986
0.087495 -0.147863
0.097115 -0.153702
0.107157 -0.157578
0.117608 -0.159783
0.128454 -0.163761
0.139683 -0.166127
0.151282 -0.168499
0.163235 -0.169432
0.175532 -0.172437
0.188157 -0.173876
0.201097 -0.174290
0.214337 -0.173793
0.227864 -0.176339
0.241663 -0.175831
0.255719 -0.173824
0.270017 -0.174468
0.284542 -0.174221
0.299280 -0.171824
0.314215 -0.171143
0.329331 -0.168681
0.344613 -0.165571
0.360045 -0.162657
0.375611 -0.160387
0.391296 -0.157062
0.407083 -0.154334
0.422957 -0.150500
0.438901 -0.147513
0.454899 -0.142687
0.470935 -0.138631
0.486992 -0.135688
0.503055 -0.131453
0.519107 -0.127630
0.535132 -0.124534
0.551114 -0.119329
0.567036 -0.115554
0.582884 -0.110684
0.598640 -0.107428
0.614290 -0.102882
0.629817 -0.098558
0.645206 -0.093404
0.660442 -0.087515
0.675509 -0.083451
0.690393 -0.078223
0.705077 -0.073489
0.719549 -0.070283
0.733793 -0.066146
0.747795 -0.060983
0.761542 -0.058042
0.775019 -0.052455
0.788214 -0.050288
0.801113 -0.045806
0.813704 -0.043072
0.825973 -0.039638
0.837910 -0.036702
0.849501 -0.034402
0.860735 -0.029356
0.871601 -0.025760
0.882088 -0.022449
0.892184 -0.019749
0.901880 -0.017531
0.911165 -0.014694
0.920031 -0.013183
0.928468 -0.011316
0.936467 -0.007578
0.944019 -0.008115
0.951116 -0.004169
0.957751 -0.003127
0.963920 -0.001171
0.969616 0.000389
0.974836 0.002140
0.979575 0.003438
0.983831 0.003711
0.987598 0.005538
0.990874 0.005938
0.993653 0.005947
0.995934 0.006470
0.997711 0.006886
0.998982 0.008089
0.999745 0.007032
1.000000 0.006997
