1.000000 0.005883
0.999745 0.008279
0.998982 0.008670
0.997711 0.010573
0.995933 0.011721
0.993653 0.013337
0.990874 0.013360
0.987598 0.013233
0.983830 0.014363
0.979575 0.015614
0.974836 0.016600
0.969616 0.019087
0.963920 0.020692
0.957751 0.025118
0.951116 0.025948
0.944019 0.028832
0.936467 0.032805
0.928468 0.037043
0.920031 0.042502
0.911165 0.046008
0.901879 0.051422
0.892183 0.056751
0.882087 0.062445
0.871601 0.068783
0.860735 0.075804
0.849501 0.082605
0.837910 0.091378
0.825974 0.099875
0.813704 0.110041
0.801113 0.120333
0.788214 0.134198
0.775019 0.148240
0.761541 0.162120
0.747795 0.177725
0.733792 0.192888
0.719548 0.209501
0.705077 0.225914
0.690392 0.242589
0.675509 0.262128
0.660442 0.278714
0.645206 0.293338
0.629817 0.308319
0.614290 0.323276
0.598640 0.336811
0.582884 0.349182
0.567036 0.360507
0.551113 0.369988
0.535131 0.377952
0.519106 0.385006
0.503054 0.391263
0.486991 0.396975
0.470934 0.402285
0.454898 0.406388
0.438900 0.409798
0.422956 0.412055
0.407083 0.414771
0.391295 0.415276
0.375610 0.415146
0.360044 0.413178
0.344612 0.411565
0.329330 0.407318
0.314213 0.402408
0.299279 0.397098
0.284541 0.391492
0.270015 0.385124
0.255717 0.377336
0.241661 0.368755
0.227862 0.359625
0.214336 0.350628
0.201095 0.341200
0.188155 0.329635
0.175530 0.318899
0.163234 0.306970
0.151280 0.295077
0.139681 0.283526
0.128452 0.271185
0.117606 0.259387
0.107155 0.246725
0.097113 0.234195
0.087493 0.220946
0.078306 0.206431
0.069566 0.193598
0.061285 0.180715
0.053474 0.167299
0.046150 0.153386
0.039326 0.139095
0.033014 0.125594
0.027230 0.112521
0.021980 0.099760
0.017277 0.086726
0.013141 0.074590
0.009573 0.063549
0.006583 0.052416
0.004188 0.041573
0.002354 0.032608
0.001081 0.023497
0.000371 0.018114
0.000077 0.012965
0.000005 0.010107
0.000000 0.009018
0.000005 0.008466
0.000077 0.004223
0.000371 0.000290
0.001081 -0.006457
0.002353 -0.012731
0.004188 -0.021063
0.006585 -0.030173
0.009576 -0.036937
0.013145 -0.044557
0.017281 -0.050413
0.021983 -0.056488
0.027232 -0.061077
0.033016 -0.065662
0.039328 -0.071237
0.046152 -0.075794
0.053476 -0.080142
0.061287 -0.083017
0.069568 -0.086345
0.078308 -0.089583
0.087495 -0.092619
0.097115 -0.096674
0.107157 -0.099981
0.117608 -0.102875
0.128454 -0.106070
0.139683 -0.109223
0.151282 -0.112446
0.163235 -0.115154
0.175532 -0.117312
0.188157 -0.120481
0.201097 -0.122841
0.214337 -0.124913
0.227864 -0.127640
0.241663 -0.129779
0.255719 -0.132195
0.270017 -0.134154
0.284542 -0.136453
0.299280 -0.137704
0.314215 -0.140048
0.329331 -0.140209
0.344613 -0.143914
0.360045 -0.144775
0.375611 -0.146187
0.391296 -0.146987
0.407083 -0.147782
0.422957 -0.150543
0.438901 -0.149990
0.454899 -0.151352
0.470935 -0.151326
0.486992 -0.152058
0.503055 -0.152082
0.519107 -0.153191
0.535132 -0.151626
0.551114 -0.152804
0.567036 -0.151237
0.582884 -0.150425
0.598640 -0.149702
0.614290 -0.148249
0.629817 -0.146417
0.645206 -0.144102
0.660442 -0.142389
0.675509 -0.139381
0.690393 -0.137682
0.705077 -0.135141
0.719549 -0.132373
0.733793 -0.129502
0.747795 -0.126525
0.761542 -0.122845
0.775019 -0.119414
0.788214 -0.113006
0.801113 -0.107469
0.813704 -0.100845
0.825973 -0.095569
0.837910 -0.088100
0.849501 -0.082227
0.860735 -0.075707
0.871601 -0.069385
0.882088 -0.063823
0.892184 -0.057119
0.901880 -0.052495
0.911165 -0.046133
0.920031 -0.041242
0.928468 -0.036910
0.936467 -0.032098
0.944019 -0.027128
0.951116 -0.022066
0.957751 -0.017874
0.963920 -0.014317
0.969616 -0.011979
0.974836 -0.008186
0.979575 -0.004937
0.983831 -0.001953
0.987598 0.000376
0.990874 0.002581
0.993653 0.003809
0.995934 0.005738
0.997711 0.007840
0.998982 0.007787
0.999745 0.008870
1.000000 0.007753
