1.000000 0.006412
0.999745 0.008607
0.998982 0.009124
0.997711 0.009848
0.995933 0.010363
0.993653 0.012272
0.990874 0.013552
0.987598 0.015181
0.983830 0.018249
0.979575 0.021219
0.974836 0.024733
0.969616 0.027909
0.963920 0.030862
0.957751 0.034420
0.951116 0.038009
0.944019 0.042441
0.936467 0.046081
0.928468 0.049053
0.920031 0.054704
0.911165 0.058494
0.901879 0.063831
0.892183 0.067999
0.882087 0.072833
0.871601 0.077717
0.860735 0.082588
0.849501 0.087057
0.837910 0.093524
0.825974 0.098837
0.813704 0.105510
0.801113 0.111523
0.788214 0.117828
0.775019 0.123714
0.761541 0.129862
0.747795 0.136300
0.733792 0.142801
0.719548 0.149691
0.705077 0.156821
0.690392 0.162925
0.675509 0.170934
0.660442 0.177233
0.645206 0.183717
0.629817 0.190329
0.614290 0.197502
0.598640 0.204194
0.582884 0.210532
0.567036 0.216707
0.551113 0.223848
0.535131 0.229730
0.519106 0.235472
0.503054 0.241124
0.486991 0.246912
0.470934 0.253624
0.454898 0.259165
0.438900 0.264877
0.422956 0.270218
0.407083 0.274612
0.391295 0.280119
0.375610 0.283545
0.360044 0.287307
0.344612 0.289660
0.329330 0.291782
0.314213 0.294590
0.299279 0.296125
0.284541 0.297794
0.270015 0.298547
0.255717 0.298992
0.241661 0.298532
0.227862 0.297021
0.214336 0.294460
0.201095 0.291270
0.188155 0.287513
0.175530 0.282551
0.163234 0.276418
0.151280 0.269252
0.139681 0.260881
0.128452 0.252382
0.117606 0.243348
0.107155 0.234455
0.097113 0.224249
0.087493 0.214979
0.078306 0.203181
0.069566 0.191575
0.061285 0.180222
0.053474 0.168118
0.046150 0.155147
0.039326 0.142623
0.033014 0.129421
0.027230 0.116765
0.021980 0.103681
0.017277 0.091071
0.013141 0.077259
0.009573 0.067224
0.006583 0.054169
0.004188 0.043393
0.002354 0.033939
0.001081 0.025478
0.000371 0.018706
0.000077 0.013681
0.000005 0.011175
0.000000 0.010281
0.000005 0.009740
0.000077 0.007223
0.000371 0.001986
0.001081 -0.002603
0.002353 -0.014885
0.004188 -0.020065
0.006585 -0.027622
0.009576 -0.036686
0.013145 -0.046134
0.017281 -0.056165
0.021983 -0.065382
0.027232 -0.074404
0.033016 -0.084132
0.039328 -0.092815
0.046152 -0.102118
0.053476 -0.109184
0.061287 -0.118705
0.069568 -0.126412
0.078308 -0.135156
0.087495 -0.141708
0.097115 -0.149736
0.107157 -0.155708
0.117608 -0.160486
0.128454 -0.168698
0.139683 -0.173092
0.151282 -0.177836
0.163235 -0.182050
0.175532 -0.186103
0.188157 -0.190506
0.201097 -0.192974
0.214337 -0.195242
0.227864 -0.197887
0.241663 -0.199585
0.255719 -0.201239
0.270017 -0.202299
0.284542 -0.204293
0.299280 -0.203212
0.314215 -0.204076
0.329331 -0.203844
0.344613 -0.202189
0.360045 -0.201408
0.375611 -0.198570
0.391296 -0.198827
0.407083 -0.195024
0.422957 -0.193211
0.438901 -0.190133
0.454899 -0.188761
0.470935 -0.186451
0.486992 -0.182864
0.503055 -0.179038
0.519107 -0.175893
0.535132 -0.172163
0.551114 -0.168837
0.567036 -0.165586
0.582884 -0.160424
0.598640 -0.156548
0.614290 -0.151274
0.629817 -0.147485
0.645206 -0.142904
0.660442 -0.136965
0.675509 -0.132154
0.690393 -0.126548
0.705077 -0.122179
0.719549 -0.117526
0.733793 -0.111635
0.747795 -0.106565
0.761542 -0.101085
0.775019 -0.095238
0.788214 -0.090507
0.801113 -0.085843
0.813704 -0.079871
0.825973 -0.073928
0.837910 -0.069220
0.849501 -0.064951
0.860735 -0.060466
0.871601 -0.055974
0.882088 -0.051337
0.892184 -0.047867
0.901880 -0.043476
0.911165 -0.040505
0.920031 -0.035244
0.928468 -0.029561
0.936467 -0.026617
0.944019 -0.022270
0.951116 -0.017665
0.957751 -0.014531
0.963920 -0.010692
0.969616 -0.007755
0.974836 -0.005097
0.979575 -0.002237
0.983831 0.000243
0.987598 0.002137
0.990874 0.003010
0.993653 0.004373
0.995934 0.005839
0.997711 0.006163
0.998982 0.008451
0.999745 0.005369
1.000000 0.002573
