1.000000 0.012483
0.999745 0.013957
0.998982 0.014407
0.997711 0.017097
0.995933 0.019888
0.993653 0.023324
0.990874 0.025951
0.987598 0.030910
0.983830 0.035922
0.979575 0.041512
0.974836 0.048452
0.969616 0.056661
0.963920 0.065129
0.957751 0.073869
0.951116 0.082797
0.944019 0.092821
0.936467 0.103045
0.928468 0.113989
0.920031 0.124074
0.911165 0.135860
0.901879 0.149030
0.892183 0.161814
0.882087 0.175714
0.871601 0.187197
0.860735 0.201399
0.849501 0.214572
0.837910 0.229305
0.825974 0.243059
0.813704 0.256584
0.801113 0.270973
0.788214 0.285664
0.775019 0.300456
0.761541 0.315001
0.747795 0.329563
0.733792 0.343348
0.719548 0.357786
0.705077 0.373230
0.690392 0.387359
0.675509 0.400966
0.660442 0.414660
0.645206 0.428535
0.629817 0.441599
0.614290 0.454256
0.598640 0.465106
0.582884 0.478132
0.567036 0.490089
0.551113 0.498788
0.535131 0.508382
0.519106 0.517151
0.503054 0.525085
0.486991 0.532220
0.470934 0.537957
0.454898 0.543765
0.438900 0.548315
0.422956 0.553498
0.407083 0.557527
0.391295 0.560041
0.375610 0.561823
0.360044 0.562604
0.344612 0.561928
0.329330 0.560663
0.314213 0.557878
0.299279 0.553927
0.284541 0.548734
0.270015 0.540797
0.255717 0.531506
0.241661 0.521282
0.227862 0.511149
0.214336 0.499317
0.201095 0.486758
0.188155 0.473090
0.175530 0.457175
0.163234 0.441059
0.151280 0.422746
0.139681 0.405033
0.128452 0.386821
0.117606 0.366610
0.107155 0.349598
0.097113 0.325399
0.087493 0.305975
0.078306 0.285576
0.069566 0.264104
0.061285 0.241179
0.053474 0.217927
0.046150 0.197062
0.039326 0.177324
0.033014 0.158191
0.027230 0.138680
0.021980 0.119679
0.017277 0.101848
0.013141 0.085641
0.009573 0.070373
0.006583 0.054895
0.004188 0.042586
0.002354 0.030806
0.001081 0.022696
0.000371 0.016349
0.000077 0.011226
0.000005 0.009354
0.000000 0.008081
0.000005 0.008003
0.000077 0.003398
0.000371 -0.003670
0.001081 -0.007774
0.002353 -0.016758
0.004188 -0.025596
0.006585 -0.034916
0.009576 -0.045680
0.013145 -0.054116
0.017281 -0.061868
0.021983 -0.068010
0.027232 -0.074686
0.033016 -0.079423
0.039328 -0.083476
0.046152 -0.087419
0.053476 -0.090566
0.061287 -0.093043
0.069568 -0.095625
0.078308 -0.097985
0.087495 -0.099744
0.097115 -0.101271
0.107157 -0.102694
0.117608 -0.103433
0.128454 -0.103876
0.139683 -0.104119
0.151282 -0.103085
0.163235 -0.101460
0.175532 -0.096896
0.188157 -0.097450
0.201097 -0.092193
0.214337 -0.088529
0.227864 -0.083523
0.241663 -0.077830
0.255719 -0.073143
0.270017 -0.066466
0.284542 -0.059975
0.299280 -0.053438
0.314215 -0.046070
0.329331 -0.040743
0.344613 -0.032628
0.360045 -0.025498
0.375611 -0.016558
0.391296 -0.010964
0.407083 -0.003026
0.422957 0.003842
0.438901 0.011454
0.454899 0.017531
0.470935 0.024049
0.486992 0.030587
0.503055 0.034276
0.519107 0.040973
0.535132 0.047171
0.551114 0.051075
0.567036 0.055559
0.582884 0.060951
0.598640 0.064254
0.614290 0.067817
0.629817 0.071161
0.645206 0.073330
0.660442 0.076558
0.675509 0.077260
0.690393 0.078384
0.705077 0.079233
0.719549 0.079978
0.733793 0.081589
0.747795 0.080460
0.761542 0.079601
0.775019 0.080400
0.788214 0.079671
0.801113 0.077810
0.813704 0.075447
0.825973 0.075293
0.837910 0.072627
0.849501 0.071555
0.860735 0.067321
0.871601 0.064913
0.882088 0.062303
0.892184 0.059575
0.901880 0.054259
0.911165 0.050576
0.920031 0.047734
0.928468 0.044158
0.936467 0.040380
0.944019 0.037037
0.951116 0.033839
0.957751 0.030206
0.963920 0.027377
0.969616 0.024401
0.974836 0.021887
0.979575 0.019380
0.983831 0.016629
0.987598 0.014883
0.990874 0.013419
0.993653 0.012207
0.995934 0.010393
0.997711 0.010601
0.998982 0.008522
0.999745 0.009135
1.000000 0.006282
