1.000000 0.001155
0.999745 0.001326
0.998982 0.001836
0.997711 0.002653
0.995933 0.003733
0.993653 0.005148
0.990874 0.006964
0.987598 0.009173
0.983830 0.011763
0.979575 0.014760
0.974836 0.018178
0.969616 0.022010
0.963920 0.026240
0.957751 0.030834
0.951116 0.035743
0.944019 0.040924
0.936467 0.046375
0.928468 0.052101
0.920031 0.058102
0.911165 0.064376
0.901879 0.070939
0.892183 0.077812
0.882087 0.084970
0.871601 0.092399
0.860735 0.100089
0.849501 0.108033
0.837910 0.116306
0.825974 0.124851
0.813704 0.133602
0.801113 0.142557
0.788214 0.151692
0.775019 0.160983
0.761541 0.170317
0.747795 0.179689
0.733792 0.189074
0.719548 0.198436
0.705077 0.207722
0.690392 0.216949
0.675509 0.226047
0.660442 0.235004
0.645206 0.243762
0.629817 0.252277
0.614290 0.260524
0.598640 0.268479
0.582884 0.276137
0.567036 0.283441
0.551113 0.290350
0.535131 0.296830
0.519106 0.302872
0.503054 0.308434
0.486991 0.313489
0.470934 0.318044
0.454898 0.322086
0.438900 0.325578
0.422956 0.328506
0.407083 0.330887
0.391295 0.332723
0.375610 0.333990
0.360044 0.334687
0.344612 0.334820
0.329330 0.334371
0.314213 0.333311
0.299279 0.331661
0.284541 0.329429
0.270015 0.326586
0.255717 0.323131
0.241661 0.319056
0.227862 0.314343
0.214336 0.308998
0.201095 0.303044
0.188155 0.296502
0.175530 0.289348
0.163234 0.281574
0.151280 0.273190
0.139681 0.264178
0.128452 0.254512
0.117606 0.244258
0.107155 0.233511
0.097113 0.222316
0.087493 0.210703
0.078306 0.198683
0.069566 0.186214
0.061285 0.173332
0.053474 0.160244
0.046150 0.147073
0.039326 0.133945
0.033014 0.120846
0.027230 0.107769
0.021980 0.094716
0.017277 0.081794
0.013141 0.069171
0.009573 0.057042
0.006583 0.045647
0.004188 0.035066
0.002354 0.025478
0.001081 0.017198
0.000371 0.010536
0.000077 0.005684
0.000005 0.002755
0.000000 0.001776
0.000005 0.000827
0.000077 -0.002036
0.000371 -0.006665
0.001081 -0.012837
0.002353 -0.020075
0.004188 -0.027639
0.006585 -0.035135
0.009576 -0.042670
0.013145 -0.049517
0.017281 -0.055536
0.021983 -0.060925
0.027232 -0.065782
0.033016 -0.070196
0.039328 -0.074246
0.046152 -0.077999
0.053476 -0.081492
0.061287 -0.084773
0.069568 -0.087846
0.078308 -0.090679
0.087495 -0.093267
0.097115 -0.095640
0.107157 -0.097766
0.117608 -0.099727
0.128454 -0.101510
0.139683 -0.103150
0.151282 -0.104600
0.163235 -0.105860
0.175532 -0.106938
0.188157 -0.107847
0.201097 -0.108570
0.214337 -0.109102
0.227864 -0.109477
0.241663 -0.109681
0.255719 -0.109677
0.270017 -0.109452
0.284542 -0.109034
0.299280 -0.108446
0.314215 -0.107676
0.329331 -0.106725
0.344613 -0.105618
0.360045 -0.104353
0.375611 -0.102929
0.391296 -0.101337
0.407083 -0.099589
0.422957 -0.097719
0.438901 -0.095737
0.454899 -0.093665
0.470935 -0.091526
0.486992 -0.089354
0.503055 -0.087150
0.519107 -0.084912
0.535132 -0.082661
0.551114 -0.080425
0.567036 -0.078196
0.582884 -0.075931
0.598640 -0.073634
0.614290 -0.071321
0.629817 -0.068962
0.645206 -0.066536
0.660442 -0.064064
0.675509 -0.061572
0.690393 -0.059045
0.705077 -0.056485
0.719549 -0.053914
0.733793 -0.051347
0.747795 -0.048754
0.761542 -0.046169
0.775019 -0.043608
0.788214 -0.041082
0.801113 -0.038607
0.813704 -0.036193
0.825973 -0.033806
0.837910 -0.031464
0.849501 -0.029179
0.860735 -0.026962
0.871601 -0.024808
0.882088 -0.022730
0.892184 -0.020751
0.901880 -0.018859
0.911165 -0.017095
0.920031 -0.015453
0.928468 -0.013901
0.936467 -0.012421
0.944019 -0.011004
0.951116 -0.009623
0.957751 -0.008256
0.963920 -0.006933
0.969616 -0.005717
0.974836 -0.004659
0.979575 -0.003803
0.983831 -0.003140
0.987598 -0.002636
0.990874 -0.002235
0.993653 -0.001934
0.995934 -0.001744
0.997711 -0.001597
0.998982 -0.001417
0.999745 -0.001268
1.000000 -0.001216
