1.000000 0.001664
0.999745 0.010364
0.998982 0.004573
0.997711 0.010638
0.995933 0.012506
0.993653 0.011875
0.990874 0.015153
0.987598 0.017192
0.983830 0.018903
0.979575 0.021676
0.974836 0.023976
0.969616 0.029298
0.963920 0.032328
0.957751 0.037009
0.951116 0.041517
0.944019 0.046970
0.936467 0.053709
0.928468 0.060316
0.920031 0.066947
0.911165 0.074408
0.901879 0.082275
0.892183 0.091566
0.882087 0.100057
0.871601 0.109385
0.860735 0.120242
0.849501 0.130662
0.837910 0.141666
0.825974 0.154811
0.813704 0.165646
0.801113 0.177106
0.788214 0.192108
0.775019 0.203449
0.761541 0.216312
0.747795 0.229750
0.733792 0.242935
0.719548 0.255390
0.705077 0.268805
0.690392 0.280678
0.675509 0.292609
0.660442 0.304694
0.645206 0.315280
0.629817 0.327660
0.614290 0.337515
0.598640 0.347278
0.582884 0.358744
0.567036 0.366080
0.551113 0.374693
0.535131 0.382512
0.519106 0.389912
0.503054 0.396838
0.486991 0.404528
0.470934 0.409473
0.454898 0.414381
0.438900 0.418085
0.422956 0.420949
0.407083 0.422408
0.391295 0.423827
0.375610 0.424228
0.360044 0.424385
0.344612 0.424180
0.329330 0.422472
0.314213 0.420183
0.299279 0.415833
0.284541 0.411632
0.270015 0.406737
0.255717 0.401530
0.241661 0.394097
0.227862 0.386310
0.214336 0.376163
0.201095 0.366364
0.188155 0.355956
0.175530 0.345604
0.163234 0.333568
0.151280 0.319636
0.139681 0.306805
0.128452 0.294057
0.117606 0.281374
0.107155 0.267742
0.097113 0.254790
0.087493 0.238766
0.078306 0.223157
0.069566 0.208455
0.061285 0.193008
0.053474 0.178735
0.046150 0.163978
0.039326 0.149402
0.033014 0.135335
0.027230 0.120021
0.021980 0.108182
0.017277 0.093022
0.013141 0.078058
0.009573 0.066607
0.006583 0.053998
0.004188 0.043368
0.002354 0.031482
0.001081 0.023104
0.000371 0.016454
0.000077 0.012390
0.000005 0.009297
0.000000 0.007131
0.000005 0.006598
0.000077 0.003410
0.000371 -0.001957
0.001081 -0.008208
0.002353 -0.016194
0.004188 -0.024072
0.006585 -0.033255
0.009576 -0.040300
0.013145 -0.045802
0.017281 -0.051483
0.021983 -0.053959
0.027232 -0.059305
0.033016 -0.061734
0.039328 -0.065004
0.046152 -0.067454
0.053476 -0.069700
0.061287 -0.072893
0.069568 -0.074209
0.078308 -0.076431
0.087495 -0.078374
0.097115 -0.079055
0.107157 -0.079081
0.117608 -0.082535
0.128454 -0.082401
0.139683 -0.083191
0.151282 -0.083954
0.163235 -0.083504
0.175532 -0.084263
0.188157 -0.084283
0.201097 -0.084344
0.214337 -0.083946
0.227864 -0.082346
0.241663 -0.081816
0.255719 -0.080874
0.270017 -0.079671
0.284542 -0.078279
0.299280 -0.077169
0.314215 -0.075711
0.329331 -0.073801
0.344613 -0.073010
0.360045 -0.071312
0.375611 -0.070029
0.391296 -0.067042
0.407083 -0.066067
0.422957 -0.063555
0.438901 -0.062322
0.454899 -0.059352
0.470935 -0.057789
0.486992 -0.055810
0.503055 -0.053880
0.519107 -0.051000
0.535132 -0.046005
0.551114 -0.045337
0.567036 -0.042081
0.582884 -0.039320
0.598640 -0.035944
0.614290 -0.033282
0.629817 -0.030322
0.645206 -0.027223
0.660442 -0.024506
0.675509 -0.023947
0.690393 -0.019123
0.705077 -0.017493
0.719549 -0.016018
0.733793 -0.012580
0.747795 -0.009136
0.761542 -0.006679
0.775019 -0.003488
0.788214 -0.000807
0.801113 0.001523
0.813704 0.004840
0.825973 0.006692
0.837910 0.009001
0.849501 0.011281
0.860735 0.012855
0.871601 0.014470
0.882088 0.016800
0.892184 0.018053
0.901880 0.019239
0.911165 0.019831
0.920031 0.018918
0.928468 0.019779
0.936467 0.019270
0.944019 0.019484
0.951116 0.018819
0.957751 0.017856
0.963920 0.017173
0.969616 0.016649
0.974836 0.016109
0.979575 0.014592
0.983831 0.013766
0.987598 0.012017
0.990874 0.011975
0.993653 0.008982
0.995934 0.009131
0.997711 0.008723
0.998982 0.006952
0.999745 0.008589
1.000000 0.006694
