1.000000 0.009850
0.999745 0.012174
0.998982 0.010756
0.997711 0.013446
0.995933 0.013110
0.993653 0.013121
0.990874 0.013322
0.987598 0.015886
0.983830 0.016515
0.979575 0.018608
0.974836 0.019789
0.969616 0.025407
0.963920 0.025813
0.957751 0.029483
0.951116 0.033128
0.944019 0.035901
0.936467 0.040046
0.928468 0.042642
0.920031 0.050418
0.911165 0.052771
0.901879 0.058438
0.892183 0.063496
0.882087 0.069759
0.871601 0.074263
0.860735 0.080293
0.849501 0.086149
0.837910 0.091759
0.825974 0.096760
0.813704 0.102109
0.801113 0.107825
0.788214 0.111833
0.775019 0.117351
0.761541 0.123214
0.747795 0.128042
0.733792 0.133781
0.719548 0.139002
0.705077 0.144066
0.690392 0.149399
0.675509 0.154237
0.660442 0.159203
0.645206 0.163207
0.629817 0.168372
0.614290 0.171950
0.598640 0.175635
0.582884 0.179128
0.567036 0.182765
0.551113 0.185726
0.535131 0.188776
0.519106 0.191408
0.503054 0.193186
0.486991 0.194844
0.470934 0.196188
0.454898 0.197644
0.438900 0.198466
0.422956 0.199981
0.407083 0.200416
0.391295 0.202873
0.375610 0.201663
0.360044 0.202669
0.344612 0.202846
0.329330 0.201629
0.314213 0.200725
0.299279 0.199872
0.284541 0.198513
0.270015 0.196770
0.255717 0.194783
0.241661 0.192539
0.227862 0.190483
0.214336 0.188080
0.201095 0.185020
0.188155 0.181901
0.175530 0.178659
0.163234 0.175263
0.151280 0.170125
0.139681 0.166057
0.128452 0.160864
0.117606 0.155007
0.107155 0.149817
0.097113 0.143992
0.087493 0.137776
0.078306 0.133492
0.069566 0.125785
0.061285 0.119140
0.053474 0.111391
0.046150 0.104010
0.039326 0.097777
0.033014 0.090172
0.027230 0.082416
0.021980 0.075568
0.017277 0.069144
0.013141 0.062443
0.009573 0.054883
0.006583 0.046676
0.004188 0.038924
0.002354 0.031646
0.001081 0.024831
0.000371 0.018784
0.000077 0.014286
0.000005 0.011929
0.000000 0.010612
0.000005 0.009431
0.000077 0.005893
0.000371 0.000136
0.001081 -0.004747
0.002353 -0.011961
0.004188 -0.020090
0.006585 -0.025429
0.009576 -0.030795
0.013145 -0.034334
0.017281 -0.039501
0.021983 -0.043574
0.027232 -0.046963
0.033016 -0.050128
0.039328 -0.054604
0.046152 -0.057000
0.053476 -0.061202
0.061287 -0.062039
0.069568 -0.065230
0.078308 -0.067965
0.087495 -0.070314
0.097115 -0.072938
0.107157 -0.075955
0.117608 -0.077786
0.128454 -0.081957
0.139683 -0.083594
0.151282 -0.087299
0.163235 -0.088688
0.175532 -0.088815
0.188157 -0.090927
0.201097 -0.094340
0.214337 -0.095273
0.227864 -0.095969
0.241663 -0.098558
0.255719 -0.098436
0.270017 -0.100371
0.284542 -0.100301
0.299280 -0.103114
0.314215 -0.103986
0.329331 -0.104077
0.344613 -0.105897
0.360045 -0.104677
0.375611 -0.106143
0.391296 -0.106666
0.407083 -0.106096
0.422957 -0.107436
0.438901 -0.106274
0.454899 -0.106482
0.470935 -0.106033
0.486992 -0.105382
0.503055 -0.104511
0.519107 -0.104316
0.535132 -0.103666
0.551114 -0.102784
0.567036 -0.100973
0.582884 -0.099853
0.598640 -0.098037
0.614290 -0.097691
0.629817 -0.094451
0.645206 -0.093608
0.660442 -0.090828
0.675509 -0.089305
0.690393 -0.086604
0.705077 -0.085001
0.719549 -0.082493
0.733793 -0.080288
0.747795 -0.076927
0.761542 -0.074392
0.775019 -0.071685
0.788214 -0.069857
0.801113 -0.065787
0.813704 -0.062295
0.825973 -0.059604
0.837910 -0.056086
0.849501 -0.052887
0.860735 -0.048735
0.871601 -0.045080
0.882088 -0.041042
0.892184 -0.037469
0.901880 -0.034063
0.911165 -0.030676
0.920031 -0.027738
0.928468 -0.022742
0.936467 -0.020824
0.944019 -0.016185
0.951116 -0.013242
0.957751 -0.009302
0.963920 -0.007982
0.969616 -0.004535
0.974836 -0.001181
0.979575 0.000555
0.983831 0.003177
0.987598 0.003471
0.990874 0.004806
0.993653 0.006281
0.995934 0.006274
0.997711 0.007433
0.998982 0.008410
0.999745 0.007230
1.000000 0.004842
