1.000000 0.014033
0.999745 0.010185
0.998982 0.009908
0.997711 0.009540
0.995933 0.010835
0.993653 0.013292
0.990874 0.014085
0.987598 0.015962
0.983830 0.018082
0.979575 0.019518
0.974836 0.022369
0.969616 0.024623
0.963920 0.027275
0.957751 0.029061
0.951116 0.030334
0.944019 0.032575
0.936467 0.034678
0.928468 0.035977
0.920031 0.038257
0.911165 0.040097
0.901879 0.043328
0.892183 0.044973
0.882087 0.047873
0.871601 0.050364
0.860735 0.052606
0.849501 0.053730
0.837910 0.054784
0.825974 0.056196
0.813704 0.056920
0.801113 0.057991
0.788214 0.060811
0.775019 0.061610
0.761541 0.063084
0.747795 0.064356
0.733792 0.066648
0.719548 0.068421
0.705077 0.070389
0.690392 0.071477
0.675509 0.072160
0.660442 0.072992
0.645206 0.074728
0.629817 0.076081
0.614290 0.078039
0.598640 0.080083
0.582884 0.078902
0.567036 0.079270
0.551113 0.079806
0.535131 0.080682
0.519106 0.080149
0.503054 0.080054
0.486991 0.080606
0.470934 0.081095
0.454898 0.080001
0.438900 0.080423
0.422956 0.079941
0.407083 0.079899
0.391295 0.077871
0.375610 0.077316
0.360044 0.077328
0.344612 0.077767
0.329330 0.078005
0.314213 0.076501
0.299279 0.074927
0.284541 0.074198
0.270015 0.073443
0.255717 0.071952
0.241661 0.071626
0.227862 0.069919
0.214336 0.068519
0.201095 0.067110
0.188155 0.066029
0.175530 0.064099
0.163234 0.063191
0.151280 0.061373
0.139681 0.060502
0.128452 0.059631
0.117606 0.056503
0.107155 0.053752
0.097113 0.053244
0.087493 0.050889
0.078306 0.049532
0.069566 0.048282
0.061285 0.045701
0.053474 0.044108
0.046150 0.043009
0.039326 0.042093
0.033014 0.040759
0.027230 0.035636
0.021980 0.036089
0.017277 0.035005
0.013141 0.032725
0.009573 0.031175
0.006583 0.028339
0.004188 0.025351
0.002354 0.023295
0.001081 0.019060
0.000371 0.015634
0.000077 0.012293
0.000005 0.008931
0.000000 0.007724
0.000005 0.005753
0.000077 0.004533
0.000371 0.000982
0.001081 -0.001449
0.002353 -0.003484
0.004188 -0.006023
0.006585 -0.007922
0.009576 -0.008748
0.013145 -0.008870
0.017281 -0.009114
0.021983 -0.010964
0.027232 -0.013504
0.033016 -0.014189
0.039328 -0.015609
0.046152 -0.017561
0.053476 -0.017112
0.061287 -0.017358
0.069568 -0.017784
0.078308 -0.020064
0.087495 -0.021132
0.097115 -0.020448
0.107157 -0.021851
0.117608 -0.021195
0.128454 -0.020661
0.139683 -0.020995
0.151282 -0.020696
0.163235 -0.020862
0.175532 -0.021229
0.188157 -0.020593
0.201097 -0.020566
0.214337 -0.020848
0.227864 -0.021627
0.241663 -0.021127
0.255719 -0.020847
0.270017 -0.021279
0.284542 -0.020390
0.299280 -0.019638
0.314215 -0.019512
0.329331 -0.019789
0.344613 -0.018220
0.360045 -0.019735
0.375611 -0.018233
0.391296 -0.016930
0.407083 -0.017036
0.422957 -0.015978
0.438901 -0.014761
0.454899 -0.014492
0.470935 -0.014112
0.486992 -0.012685
0.503055 -0.012156
0.519107 -0.012021
0.535132 -0.011822
0.551114 -0.010005
0.567036 -0.011419
0.582884 -0.009301
0.598640 -0.007963
0.614290 -0.007173
0.629817 -0.004848
0.645206 -0.004195
0.660442 -0.002226
0.675509 -0.000741
0.690393 0.000131
0.705077 0.000773
0.719549 0.003091
0.733793 0.004596
0.747795 0.004785
0.761542 0.006581
0.775019 0.007869
0.788214 0.011030
0.801113 0.011963
0.813704 0.011863
0.825973 0.013818
0.837910 0.014698
0.849501 0.014764
0.860735 0.016011
0.871601 0.015365
0.882088 0.016141
0.892184 0.015380
0.901880 0.016423
0.911165 0.016616
0.920031 0.016374
0.928468 0.016610
0.936467 0.016112
0.944019 0.014055
0.951116 0.013693
0.957751 0.012180
0.963920 0.012295
0.969616 0.010295
0.974836 0.009746
0.979575 0.008720
0.983831 0.008035
0.987598 0.007164
0.990874 0.005918
0.993653 0.003432
0.995934 0.004903
0.997711 0.004903
0.998982 0.004169
0.999745 0.002775
1.000000 -0.000919
