1.000000 0.005071
0.999745 0.007746
0.998982 0.008988
0.997711 0.009724
0.995933 0.011691
0.993653 0.010383
0.990874 0.010654
0.987598 0.012784
0.983830 0.015754
0.979575 0.017643
0.974836 0.018402
0.969616 0.021528
0.963920 0.023628
0.957751 0.026229
0.951116 0.029120
0.944019 0.032036
0.936467 0.034919
0.928468 0.038118
0.920031 0.041596
0.911165 0.045642
0.901879 0.048793
0.892183 0.053245
0.882087 0.057299
0.871601 0.061749
0.860735 0.067128
0.849501 0.071992
0.837910 0.076999
0.825974 0.083147
0.813704 0.088673
0.801113 0.093927
0.788214 0.099487
0.775019 0.104469
0.761541 0.109888
0.747795 0.115853
0.733792 0.121718
0.719548 0.126464
0.705077 0.131834
0.690392 0.137277
0.675509 0.143023
0.660442 0.148001
0.645206 0.153924
0.629817 0.157436
0.614290 0.161671
0.598640 0.165962
0.582884 0.170202
0.567036 0.174859
0.551113 0.178386
0.535131 0.180791
0.519106 0.185246
0.503054 0.187022
0.486991 0.189100
0.470934 0.190614
0.454898 0.192207
0.438900 0.193122
0.422956 0.193893
0.407083 0.194629
0.391295 0.194575
0.375610 0.194446
0.360044 0.193870
0.344612 0.192664
0.329330 0.191539
0.314213 0.191322
0.299279 0.189532
0.284541 0.189002
0.270015 0.186087
0.255717 0.183008
0.241661 0.180439
0.227862 0.177459
0.214336 0.174671
0.201095 0.172376
0.188155 0.167705
0.175530 0.164552
0.163234 0.161622
0.151280 0.157235
0.139681 0.153327
0.128452 0.148590
0.117606 0.143464
0.107155 0.138632
0.097113 0.133097
0.087493 0.128120
0.078306 0.123050
0.069566 0.117822
0.061285 0.112130
0.053474 0.108401
0.046150 0.101231
0.039326 0.095653
0.033014 0.089428
0.027230 0.082972
0.021980 0.075791
0.017277 0.068797
0.013141 0.061919
0.009573 0.054111
0.006583 0.045145
0.004188 0.038699
0.002354 0.031235
0.001081 0.023499
0.000371 0.017467
0.000077 0.012338
0.000005 0.011098
0.000000 0.009038
0.000005 0.008497
0.000077 0.004079
0.000371 0.000608
0.001081 -0.006265
0.002353 -0.012961
0.004188 -0.021701
0.006585 -0.028828
0.009576 -0.035507
0.013145 -0.041632
0.017281 -0.050474
0.021983 -0.057604
0.027232 -0.065010
0.033016 -0.070147
0.039328 -0.074654
0.046152 -0.081645
0.053476 -0.087677
0.061287 -0.093209
0.069568 -0.098936
0.078308 -0.103663
0.087495 -0.108473
0.097115 -0.113439
0.107157 -0.119188
0.117608 -0.124510
0.128454 -0.129720
0.139683 -0.134569
0.151282 -0.138887
0.163235 -0.144908
0.175532 -0.149151
0.188157 -0.153196
0.201097 -0.157026
0.214337 -0.160563
0.227864 -0.165413
0.241663 -0.168240
0.255719 -0.171713
0.270017 -0.174072
0.284542 -0.176505
0.299280 -0.179847
0.314215 -0.181710
0.329331 -0.181898
0.344613 -0.182820
0.360045 -0.183799
0.375611 -0.182586
0.391296 -0.182163
0.407083 -0.183343
0.422957 -0.181634
0.438901 -0.180244
0.454899 -0.178211
0.470935 -0.176258
0.486992 -0.174380
0.503055 -0.171255
0.519107 -0.167353
0.535132 -0.164471
0.551114 -0.160788
0.567036 -0.155818
0.582884 -0.152375
0.598640 -0.147212
0.614290 -0.143897
0.629817 -0.138246
0.645206 -0.133350
0.660442 -0.128496
0.675509 -0.122351
0.690393 -0.118642
0.705077 -0.111606
0.719549 -0.106977
0.733793 -0.101190
0.747795 -0.096095
0.761542 -0.090109
0.775019 -0.084745
0.788214 -0.080722
0.801113 -0.075589
0.813704 -0.070373
0.825973 -0.064172
0.837910 -0.059084
0.849501 -0.055261
0.860735 -0.049047
0.871601 -0.044574
0.882088 -0.040080
0.892184 -0.036307
0.901880 -0.032423
0.911165 -0.028102
0.920031 -0.023879
0.928468 -0.019754
0.936467 -0.017632
0.944019 -0.014192
0.951116 -0.011325
0.957751 -0.009148
0.963920 -0.005857
0.969616 -0.003762
0.974836 -0.002702
0.979575 -0.000286
0.983831 -0.000090
0.987598 0.001384
0.990874 0.003999
0.993653 0.004115
0.995934 0.005860
0.997711 0.006590
0.998982 0.006098
0.999745 0.010358
1.000000 0.006599
