1.000000 0.006078
0.999745 0.007886
0.998982 0.008466
0.997711 0.009873
0.995933 0.011742
0.993653 0.014151
0.990874 0.016213
0.987598 0.018395
0.983830 0.022134
0.979575 0.028258
0.974836 0.033544
0.969616 0.039277
0.963920 0.045958
0.957751 0.051076
0.951116 0.057318
0.944019 0.064011
0.936467 0.070043
0.928468 0.077441
0.920031 0.083901
0.911165 0.091354
0.901879 0.098810
0.892183 0.105619
0.882087 0.113974
0.871601 0.121142
0.860735 0.129291
0.849501 0.137136
0.837910 0.145061
0.825974 0.153059
0.813704 0.162834
0.801113 0.170099
0.788214 0.178392
0.775019 0.186198
0.761541 0.193667
0.747795 0.201683
0.733792 0.208587
0.719548 0.216679
0.705077 0.221242
0.690392 0.226474
0.675509 0.231737
0.660442 0.236811
0.645206 0.241263
0.629817 0.245399
0.614290 0.247887
0.598640 0.251091
0.582884 0.252477
0.567036 0.255042
0.551113 0.256649
0.535131 0.258769
0.519106 0.259979
0.503054 0.260013
0.486991 0.259803
0.470934 0.259262
0.454898 0.258601
0.438900 0.258760
0.422956 0.257511
0.407083 0.256000
0.391295 0.254504
0.375610 0.253027
0.360044 0.250962
0.344612 0.248228
0.329330 0.245471
0.314213 0.242687
0.299279 0.238845
0.284541 0.235788
0.270015 0.230859
0.255717 0.226094
0.241661 0.222219
0.227862 0.217140
0.214336 0.212138
0.201095 0.206725
0.188155 0.201121
0.175530 0.196603
0.163234 0.190026
0.151280 0.183900
0.139681 0.176500
0.128452 0.169254
0.117606 0.162184
0.107155 0.155846
0.097113 0.149294
0.087493 0.141917
0.078306 0.134310
0.069566 0.126831
0.061285 0.119259
0.053474 0.112321
0.046150 0.103938
0.039326 0.094589
0.033014 0.086411
0.027230 0.078638
0.021980 0.072416
0.017277 0.065705
0.013141 0.057251
0.009573 0.049048
0.006583 0.041442
0.004188 0.033628
0.002354 0.027178
0.001081 0.020468
0.000371 0.015343
0.000077 0.011110
0.000005 0.008131
0.000000 0.007913
0.000005 0.006132
0.000077 0.003567
0.000371 -0.000260
0.001081 -0.007415
0.002353 -0.011874
0.004188 -0.018493
0.006585 -0.025885
0.009576 -0.032866
0.013145 -0.039274
0.017281 -0.046091
0.021983 -0.051143
0.027232 -0.056566
0.033016 -0.061170
0.039328 -0.065405
0.046152 -0.070872
0.053476 -0.076342
0.061287 -0.080586
0.069568 -0.085321
0.078308 -0.088439
0.087495 -0.092667
0.097115 -0.094522
0.107157 -0.098896
0.117608 -0.102430
0.128454 -0.105427
0.139683 -0.107938
0.151282 -0.109407
0.163235 -0.111268
0.175532 -0.111840
0.188157 -0.113077
0.201097 -0.114040
0.214337 -0.112731
0.227864 -0.114838
0.241663 -0.112480
0.255719 -0.110699
0.270017 -0.111224
0.284542 -0.108511
0.299280 -0.107175
0.314215 -0.105151
0.329331 -0.101899
0.344613 -0.099589
0.360045 -0.095527
0.375611 -0.091482
0.391296 -0.086956
0.407083 -0.082800
0.422957 -0.078444
0.438901 -0.072898
0.454899 -0.069769
0.470935 -0.063111
0.486992 -0.059545
0.503055 -0.052740
0.519107 -0.049835
0.535132 -0.044010
0.551114 -0.039038
0.567036 -0.034143
0.582884 -0.029311
0.598640 -0.024597
0.614290 -0.020947
0.629817 -0.015331
0.645206 -0.011680
0.660442 -0.005750
0.675509 -0.000253
0.690393 0.004043
0.705077 0.008825
0.719549 0.013012
0.733793 0.017637
0.747795 0.021491
0.761542 0.024110
0.775019 0.029678
0.788214 0.030807
0.801113 0.035363
0.813704 0.038099
0.825973 0.039774
0.837910 0.041520
0.849501 0.043396
0.860735 0.043926
0.871601 0.044219
0.882088 0.043890
0.892184 0.043301
0.901880 0.041793
0.911165 0.039231
0.920031 0.036709
0.928468 0.036377
0.936467 0.033217
0.944019 0.031991
0.951116 0.030932
0.957751 0.028250
0.963920 0.024211
0.969616 0.021324
0.974836 0.019654
0.979575 0.017531
0.983831 0.016024
0.987598 0.014081
0.990874 0.011792
0.993653 0.009261
0.995934 0.008654
0.997711 0.009708
0.998982 0.006514
0.999745 0.008281
1.000000 0.006609
