1.000000 0.004342
0.999745 0.004358
0.998982 0.009967
0.997711 0.008700
0.995933 0.011786
0.993653 0.015309
0.990874 0.017691
0.987598 0.020934
0.983830 0.024966
0.979575 0.030299
0.974836 0.035810
0.969616 0.041944
0.963920 0.046932
0.957751 0.053528
0.951116 0.059856
0.944019 0.066270
0.936467 0.073682
0.928468 0.080921
0.920031 0.088610
0.911165 0.096723
0.901879 0.105285
0.892183 0.114751
0.882087 0.122811
0.871601 0.134665
0.860735 0.143505
0.849501 0.154113
0.837910 0.163809
0.825974 0.173793
0.813704 0.183638
0.801113 0.193117
0.788214 0.203948
0.775019 0.213645
0.761541 0.223473
0.747795 0.233217
0.733792 0.242084
0.719548 0.251847
0.705077 0.261381
0.690392 0.271693
0.675509 0.280522
0.660442 0.290043
0.645206 0.298739
0.629817 0.306884
0.614290 0.315094
0.598640 0.322529
0.582884 0.330652
0.567036 0.338959
0.551113 0.345903
0.535131 0.352653
0.519106 0.359446
0.503054 0.365340
0.486991 0.371766
0.470934 0.376451
0.454898 0.380598
0.438900 0.384561
0.422956 0.387709
0.407083 0.388860
0.391295 0.391292
0.375610 0.392803
0.360044 0.394120
0.344612 0.396129
0.329330 0.394817
0.314213 0.393758
0.299279 0.392224
0.284541 0.389694
0.270015 0.386201
0.255717 0.381900
0.241661 0.377263
0.227862 0.371525
0.214336 0.364442
0.201095 0.358720
0.188155 0.349827
0.175530 0.340711
0.163234 0.331722
0.151280 0.321030
0.139681 0.309836
0.128452 0.297437
0.117606 0.285122
0.107155 0.271849
0.097113 0.258971
0.087493 0.243764
0.078306 0.229102
0.069566 0.213180
0.061285 0.199321
0.053474 0.183821
0.046150 0.168699
0.039326 0.153817
0.033014 0.137599
0.027230 0.121884
0.021980 0.106676
0.017277 0.090710
0.013141 0.079384
0.009573 0.065283
0.006583 0.051324
0.004188 0.041285
0.002354 0.031038
0.001081 0.022222
0.000371 0.016200
0.000077 0.011723
0.000005 0.007817
0.000000 0.008083
0.000005 0.006341
0.000077 0.003696
0.000371 -0.000523
0.001081 -0.006751
0.002353 -0.014456
0.004188 -0.025299
0.006585 -0.035175
0.009576 -0.047013
0.013145 -0.060637
0.017281 -0.072468
0.021983 -0.082134
0.027232 -0.090023
0.033016 -0.097299
0.039328 -0.105092
0.046152 -0.109720
0.053476 -0.117158
0.061287 -0.121012
0.069568 -0.125736
0.078308 -0.128831
0.087495 -0.131098
0.097115 -0.132168
0.107157 -0.134659
0.117608 -0.134058
0.128454 -0.133430
0.139683 -0.133240
0.151282 -0.131378
0.163235 -0.129038
0.175532 -0.126001
0.188157 -0.124478
0.201097 -0.120876
0.214337 -0.114968
0.227864 -0.110226
0.241663 -0.104872
0.255719 -0.102742
0.270017 -0.095061
0.284542 -0.090219
0.299280 -0.086749
0.314215 -0.080950
0.329331 -0.076282
0.344613 -0.069919
0.360045 -0.065672
0.375611 -0.060280
0.391296 -0.056491
0.407083 -0.053633
0.422957 -0.050689
0.438901 -0.048274
0.454899 -0.045550
0.470935 -0.044312
0.486992 -0.044047
0.503055 -0.042154
0.519107 -0.042130
0.535132 -0.042151
0.551114 -0.041465
0.567036 -0.043125
0.582884 -0.042327
0.598640 -0.042938
0.614290 -0.042305
0.629817 -0.044903
0.645206 -0.044552
0.660442 -0.045588
0.675509 -0.047096
0.690393 -0.046446
0.705077 -0.048200
0.719549 -0.048162
0.733793 -0.048447
0.747795 -0.046148
0.761542 -0.045658
0.775019 -0.044953
0.788214 -0.044093
0.801113 -0.043349
0.813704 -0.041236
0.825973 -0.040352
0.837910 -0.038244
0.849501 -0.037152
0.860735 -0.033611
0.871601 -0.030570
0.882088 -0.027967
0.892184 -0.025098
0.901880 -0.023283
0.911165 -0.019683
0.920031 -0.017926
0.928468 -0.015947
0.936467 -0.013542
0.944019 -0.010137
0.951116 -0.007851
0.957751 -0.006411
0.963920 -0.005054
0.969616 -0.001771
0.974836 -0.000347
0.979575 0.001068
0.983831 0.002909
0.987598 0.004747
0.990874 0.005016
0.993653 0.005914
0.995934 0.007074
0.997711 0.007584
0.998982 0.008681
0.999745 0.004642
1.000000 0.006736
