1.000000 0.007369
0.999745 0.005355
0.998982 0.008234
0.997711 0.008975
0.995933 0.009146
0.993653 0.009057
0.990874 0.009401
0.987598 0.010054
0.983830 0.010858
0.979575 0.011122
0.974836 0.011796
0.969616 0.013748
0.963920 0.015640
0.957751 0.016289
0.951116 0.017527
0.944019 0.018565
0.936467 0.020241
0.928468 0.021461
0.920031 0.022141
0.911165 0.023260
0.901879 0.024888
0.892183 0.025725
0.882087 0.027965
0.871601 0.029369
0.860735 0.031361
0.849501 0.033162
0.837910 0.035209
0.825974 0.036873
0.813704 0.039524
0.801113 0.041657
0.788214 0.043969
0.775019 0.045803
0.761541 0.048279
0.747795 0.050125
0.733792 0.051746
0.719548 0.053358
0.705077 0.056093
0.690392 0.058745
0.675509 0.062569
0.660442 0.065484
0.645206 0.068158
0.629817 0.071329
0.614290 0.074469
0.598640 0.077711
0.582884 0.080019
0.567036 0.083364
0.551113 0.086276
0.535131 0.089345
0.519106 0.092496
0.503054 0.095743
0.486991 0.098156
0.470934 0.101454
0.454898 0.105048
0.438900 0.108741
0.422956 0.113695
0.407083 0.117518
0.391295 0.120671
0.375610 0.124174
0.360044 0.128171
0.344612 0.132238
0.329330 0.135548
0.314213 0.137961
0.299279 0.140674
0.284541 0.143115
0.270015 0.145290
0.255717 0.146753
0.241661 0.148719
0.227862 0.150912
0.214336 0.151554
0.201095 0.153901
0.188155 0.154509
0.175530 0.155100
0.163234 0.154604
0.151280 0.153851
0.139681 0.152617
0.128452 0.150996
0.117606 0.149283
0.107155 0.147317
0.097113 0.144762
0.087493 0.141677
0.078306 0.136919
0.069566 0.130803
0.061285 0.125678
0.053474 0.119937
0.046150 0.115146
0.039326 0.108115
0.033014 0.101915
0.027230 0.093894
0.021980 0.085426
0.017277 0.076518
0.013141 0.067040
0.009573 0.058992
0.006583 0.049233
0.004188 0.040871
0.002354 0.031697
0.001081 0.023295
0.000371 0.018184
0.000077 0.013689
0.000005 0.011591
0.000000 0.010113
0.000005 0.009136
0.000077 0.006496
0.000371 0.000566
0.001081 -0.005368
0.002353 -0.013006
0.004188 -0.021729
0.006585 -0.030852
0.009576 -0.039148
0.013145 -0.047523
0.017281 -0.055363
0.021983 -0.064398
0.027232 -0.073181
0.033016 -0.079484
0.039328 -0.084805
0.046152 -0.090338
0.053476 -0.096354
0.061287 -0.101919
0.069568 -0.106932
0.078308 -0.109737
0.087495 -0.113731
0.097115 -0.116174
0.107157 -0.119777
0.117608 -0.121548
0.128454 -0.121621
0.139683 -0.125214
0.151282 -0.124017
0.163235 -0.125353
0.175532 -0.125855
0.188157 -0.125574
0.201097 -0.126173
0.214337 -0.125496
0.227864 -0.124337
0.241663 -0.123390
0.255719 -0.122715
0.270017 -0.121334
0.284542 -0.118127
0.299280 -0.116940
0.314215 -0.114169
0.329331 -0.111269
0.344613 -0.109017
0.360045 -0.105546
0.375611 -0.102503
0.391296 -0.100769
0.407083 -0.097281
0.422957 -0.093437
0.438901 -0.090846
0.454899 -0.088222
0.470935 -0.084688
0.486992 -0.082445
0.503055 -0.078491
0.519107 -0.075229
0.535132 -0.071344
0.551114 -0.068983
0.567036 -0.065981
0.582884 -0.062234
0.598640 -0.059384
0.614290 -0.056483
0.629817 -0.053707
0.645206 -0.052151
0.660442 -0.050572
0.675509 -0.046605
0.690393 -0.043923
0.705077 -0.041020
0.719549 -0.038327
0.733793 -0.035390
0.747795 -0.032880
0.761542 -0.030149
0.775019 -0.027931
0.788214 -0.025493
0.801113 -0.023950
0.813704 -0.021082
0.825973 -0.019127
0.837910 -0.017236
0.849501 -0.016315
0.860735 -0.013765
0.871601 -0.011694
0.882088 -0.010649
0.892184 -0.010238
0.901880 -0.007748
0.911165 -0.006586
0.920031 -0.005669
0.928468 -0.005762
0.936467 -0.005077
0.944019 -0.004057
0.951116 -0.002977
0.957751 -0.001729
0.963920 -0.001361
0.969616 0.000711
0.974836 0.000806
0.979575 0.001297
0.983831 0.002009
0.987598 0.003227
0.990874 0.004465
0.993653 0.004386
0.995934 0.005726
0.997711 0.005745
0.998982 0.007590
0.999745 0.006614
1.000000 0.001840
