1.000000 0.011910
0.999745 0.013869
0.998982 0.013533
0.997711 0.014936
0.995933 0.013990
0.993653 0.013009
0.990874 0.012999
0.987598 0.012384
0.983830 0.013097
0.979575 0.012618
0.974836 0.014683
0.969616 0.014580
0.963920 0.016462
0.957751 0.017390
0.951116 0.018770
0.944019 0.020827
0.936467 0.022755
0.928468 0.024361
0.920031 0.027107
0.911165 0.030106
0.901879 0.032473
0.892183 0.034967
0.882087 0.038740
0.871601 0.042885
0.860735 0.046676
0.849501 0.050314
0.837910 0.054723
0.825974 0.058599
0.813704 0.063110
0.801113 0.066948
0.788214 0.070735
0.775019 0.074730
0.761541 0.078774
0.747795 0.083140
0.733792 0.086566
0.719548 0.089944
0.705077 0.092759
0.690392 0.097168
0.675509 0.101932
0.660442 0.105867
0.645206 0.110443
0.629817 0.113639
0.614290 0.117304
0.598640 0.120027
0.582884 0.123241
0.567036 0.126357
0.551113 0.130354
0.535131 0.133659
0.519106 0.136863
0.503054 0.139224
0.486991 0.141766
0.470934 0.144932
0.454898 0.147404
0.438900 0.150533
0.422956 0.152018
0.407083 0.154389
0.391295 0.156662
0.375610 0.158881
0.360044 0.160818
0.344612 0.161939
0.329330 0.162935
0.314213 0.163387
0.299279 0.164555
0.284541 0.164768
0.270015 0.164610
0.255717 0.164930
0.241661 0.163495
0.227862 0.163499
0.214336 0.162101
0.201095 0.161183
0.188155 0.159966
0.175530 0.158124
0.163234 0.156221
0.151280 0.154110
0.139681 0.152517
0.128452 0.149888
0.117606 0.145021
0.107155 0.140261
0.097113 0.135978
0.087493 0.132139
0.078306 0.128085
0.069566 0.123037
0.061285 0.115660
0.053474 0.110138
0.046150 0.104356
0.039326 0.097710
0.033014 0.090865
0.027230 0.081898
0.021980 0.074051
0.017277 0.065057
0.013141 0.059293
0.009573 0.051267
0.006583 0.043375
0.004188 0.036092
0.002354 0.029369
0.001081 0.022712
0.000371 0.017186
0.000077 0.012987
0.000005 0.009952
0.000000 0.008412
0.000005 0.007937
0.000077 0.005575
0.000371 0.000323
0.001081 -0.003597
0.002353 -0.008397
0.004188 -0.013968
0.006585 -0.017808
0.009576 -0.021602
0.013145 -0.024966
0.017281 -0.027162
0.021983 -0.030110
0.027232 -0.033518
0.033016 -0.034938
0.039328 -0.037222
0.046152 -0.038840
0.053476 -0.040973
0.061287 -0.043732
0.069568 -0.044488
0.078308 -0.045721
0.087495 -0.049357
0.097115 -0.050577
0.107157 -0.052470
0.117608 -0.054365
0.128454 -0.054989
0.139683 -0.057287
0.151282 -0.059432
0.163235 -0.059388
0.175532 -0.061544
0.188157 -0.061694
0.201097 -0.063286
0.214337 -0.064205
0.227864 -0.067363
0.241663 -0.068117
0.255719 -0.069547
0.270017 -0.070571
0.284542 -0.072023
0.299280 -0.072354
0.314215 -0.075072
0.329331 -0.075015
0.344613 -0.076818
0.360045 -0.076647
0.375611 -0.076657
0.391296 -0.075612
0.407083 -0.078179
0.422957 -0.077873
0.438901 -0.076483
0.454899 -0.077056
0.470935 -0.077277
0.486992 -0.076328
0.503055 -0.075446
0.519107 -0.075615
0.535132 -0.073251
0.551114 -0.072683
0.567036 -0.070478
0.582884 -0.070803
0.598640 -0.069206
0.614290 -0.067088
0.629817 -0.066712
0.645206 -0.062711
0.660442 -0.060172
0.675509 -0.057549
0.690393 -0.055533
0.705077 -0.052493
0.719549 -0.050794
0.733793 -0.048270
0.747795 -0.044948
0.761542 -0.042738
0.775019 -0.040114
0.788214 -0.036819
0.801113 -0.034563
0.813704 -0.031997
0.825973 -0.028580
0.837910 -0.025866
0.849501 -0.023659
0.860735 -0.021494
0.871601 -0.017827
0.882088 -0.014661
0.892184 -0.010717
0.901880 -0.009862
0.911165 -0.006726
0.920031 -0.004981
0.928468 -0.002705
0.936467 -0.000634
0.944019 0.000182
0.951116 0.001351
0.957751 0.001284
0.963920 0.002777
0.969616 0.003384
0.974836 0.004510
0.979575 0.005194
0.983831 0.003675
0.987598 0.005892
0.990874 0.004841
0.993653 0.006059
0.995934 0.006048
0.997711 0.006473
0.998982 0.006907
0.999745 0.004561
1.000000 0.004870
