1.000000 0.013704
0.999745 0.015151
0.998982 0.015793
0.997711 0.016525
0.995933 0.017163
0.993653 0.017860
0.990874 0.017758
0.987598 0.019445
0.983830 0.019750
0.979575 0.020086
0.974836 0.021565
0.969616 0.022123
0.963920 0.024373
0.957751 0.026390
0.951116 0.029021
0.944019 0.031114
0.936467 0.032910
0.928468 0.037213
0.920031 0.040388
0.911165 0.043141
0.901879 0.046631
0.892183 0.050960
0.882087 0.057022
0.871601 0.062910
0.860735 0.067226
0.849501 0.073930
0.837910 0.080417
0.825974 0.086686
0.813704 0.093179
0.801113 0.099023
0.788214 0.104812
0.775019 0.113699
0.761541 0.117392
0.747795 0.124661
0.733792 0.130578
0.719548 0.137865
0.705077 0.145055
0.690392 0.150266
0.675509 0.155844
0.660442 0.162361
0.645206 0.167453
0.629817 0.174078
0.614290 0.179509
0.598640 0.185368
0.582884 0.190889
0.567036 0.195849
0.551113 0.200494
0.535131 0.205678
0.519106 0.210289
0.503054 0.214233
0.486991 0.218441
0.470934 0.221622
0.454898 0.224583
0.438900 0.227433
0.422956 0.228992
0.407083 0.232116
0.391295 0.233160
0.375610 0.234304
0.360044 0.234922
0.344612 0.234840
0.329330 0.235075
0.314213 0.235147
0.299279 0.234063
0.284541 0.232075
0.270015 0.229741
0.255717 0.227872
0.241661 0.225207
0.227862 0.223010
0.214336 0.220309
0.201095 0.216634
0.188155 0.212940
0.175530 0.208783
0.163234 0.205209
0.151280 0.200146
0.139681 0.194536
0.128452 0.189976
0.117606 0.183674
0.107155 0.176962
0.097113 0.169055
0.087493 0.162705
0.078306 0.154985
0.069566 0.147228
0.061285 0.139493
0.053474 0.131143
0.046150 0.120462
0.039326 0.113586
0.033014 0.103736
0.027230 0.095762
0.021980 0.086690
0.017277 0.076759
0.013141 0.068292
0.009573 0.059595
0.006583 0.050072
0.004188 0.041700
0.002354 0.032258
0.001081 0.023598
0.000371 0.017795
0.000077 0.012669
0.000005 0.010289
0.000000 0.009604
0.000005 0.007544
0.000077 0.006182
0.000371 0.000303
0.001081 -0.006563
0.002353 -0.015450
0.004188 -0.024288
0.006585 -0.033187
0.009576 -0.041549
0.013145 -0.048237
0.017281 -0.054553
0.021983 -0.055940
0.027232 -0.056623
0.033016 -0.055436
0.039328 -0.053975
0.046152 -0.050362
0.053476 -0.046806
0.061287 -0.043838
0.069568 -0.040493
0.078308 -0.037682
0.087495 -0.036167
0.097115 -0.034878
0.107157 -0.033433
0.117608 -0.031632
0.128454 -0.031677
0.139683 -0.031620
0.151282 -0.032251
0.163235 -0.033111
0.175532 -0.035043
0.188157 -0.035559
0.201097 -0.036826
0.214337 -0.037473
0.227864 -0.039210
0.241663 -0.041032
0.255719 -0.043054
0.270017 -0.043882
0.284542 -0.045235
0.299280 -0.047070
0.314215 -0.047923
0.329331 -0.049535
0.344613 -0.051983
0.360045 -0.054070
0.375611 -0.053238
0.391296 -0.054245
0.407083 -0.055682
0.422957 -0.056203
0.438901 -0.057475
0.454899 -0.058950
0.470935 -0.058700
0.486992 -0.058791
0.503055 -0.060453
0.519107 -0.060741
0.535132 -0.060296
0.551114 -0.060876
0.567036 -0.061146
0.582884 -0.061680
0.598640 -0.060799
0.614290 -0.060276
0.629817 -0.058805
0.645206 -0.058310
0.660442 -0.057535
0.675509 -0.057373
0.690393 -0.055796
0.705077 -0.055051
0.719549 -0.054904
0.733793 -0.051424
0.747795 -0.050389
0.761542 -0.049715
0.775019 -0.047331
0.788214 -0.045878
0.801113 -0.045128
0.813704 -0.042808
0.825973 -0.040659
0.837910 -0.037916
0.849501 -0.036271
0.860735 -0.034391
0.871601 -0.032402
0.882088 -0.030296
0.892184 -0.029431
0.901880 -0.027644
0.911165 -0.025434
0.920031 -0.022390
0.928468 -0.020637
0.936467 -0.019657
0.944019 -0.017361
0.951116 -0.014688
0.957751 -0.012423
0.963920 -0.010638
0.969616 -0.009231
0.974836 -0.009089
0.979575 -0.005063
0.983831 -0.004266
0.987598 -0.002815
0.990874 -0.001269
0.993653 -0.000776
0.995934 0.000740
0.997711 0.001346
0.998982 0.001320
0.999745 0.000721
1.000000 -0.000057
