1.000000 0.014894
0.999745 0.016789
0.998982 0.016064
0.997711 0.019109
0.995933 0.019732
0.993653 0.021008
0.990874 0.022709
0.987598 0.024704
0.983830 0.027227
0.979575 0.030813
0.974836 0.034250
0.969616 0.038155
0.963920 0.042578
0.957751 0.047742
0.951116 0.053162
0.944019 0.058803
0.936467 0.064898
0.928468 0.070630
0.920031 0.077542
0.911165 0.084220
0.901879 0.091643
0.892183 0.099844
0.882087 0.106554
0.871601 0.114762
0.860735 0.122975
0.849501 0.133468
0.837910 0.140319
0.825974 0.151355
0.813704 0.159943
0.801113 0.169824
0.788214 0.179676
0.775019 0.189962
0.761541 0.199604
0.747795 0.209221
0.733792 0.219402
0.719548 0.228572
0.705077 0.239726
0.690392 0.249846
0.675509 0.260235
0.660442 0.270546
0.645206 0.280264
0.629817 0.289888
0.614290 0.299604
0.598640 0.308964
0.582884 0.318995
0.567036 0.328451
0.551113 0.337958
0.535131 0.347270
0.519106 0.356089
0.503054 0.364627
0.486991 0.371346
0.470934 0.378847
0.454898 0.385310
0.438900 0.391318
0.422956 0.395730
0.407083 0.400211
0.391295 0.403829
0.375610 0.406469
0.360044 0.407471
0.344612 0.408743
0.329330 0.407922
0.314213 0.408438
0.299279 0.405312
0.284541 0.403020
0.270015 0.400839
0.255717 0.396366
0.241661 0.391986
0.227862 0.385900
0.214336 0.380182
0.201095 0.372701
0.188155 0.363974
0.175530 0.355040
0.163234 0.344224
0.151280 0.331964
0.139681 0.319308
0.128452 0.305871
0.117606 0.292872
0.107155 0.279722
0.097113 0.265746
0.087493 0.250952
0.078306 0.235826
0.069566 0.220468
0.061285 0.203383
0.053474 0.185822
0.046150 0.172201
0.039326 0.157127
0.033014 0.142024
0.027230 0.126852
0.021980 0.111742
0.017277 0.097506
0.013141 0.082582
0.009573 0.069058
0.006583 0.056509
0.004188 0.044410
0.002354 0.033717
0.001081 0.024544
0.000371 0.017851
0.000077 0.011897
0.000005 0.009688
0.000000 0.008581
0.000005 0.008150
0.000077 0.004886
0.000371 -0.000236
0.001081 -0.006383
0.002353 -0.014485
0.004188 -0.024094
0.006585 -0.032209
0.009576 -0.039722
0.013145 -0.046959
0.017281 -0.048693
0.021983 -0.049119
0.027232 -0.049035
0.033016 -0.047154
0.039328 -0.045677
0.046152 -0.043209
0.053476 -0.038912
0.061287 -0.036140
0.069568 -0.030940
0.078308 -0.027075
0.087495 -0.022442
0.097115 -0.018532
0.107157 -0.015555
0.117608 -0.010405
0.128454 -0.006761
0.139683 -0.003227
0.151282 0.000544
0.163235 0.003944
0.175532 0.005900
0.188157 0.010402
0.201097 0.011895
0.214337 0.014875
0.227864 0.016799
0.241663 0.018440
0.255719 0.019387
0.270017 0.020552
0.284542 0.022645
0.299280 0.023719
0.314215 0.025557
0.329331 0.026144
0.344613 0.026746
0.360045 0.025971
0.375611 0.026257
0.391296 0.027872
0.407083 0.028009
0.422957 0.027302
0.438901 0.026431
0.454899 0.027029
0.470935 0.026203
0.486992 0.026230
0.503055 0.025534
0.519107 0.025501
0.535132 0.025012
0.551114 0.024020
0.567036 0.022840
0.582884 0.021567
0.598640 0.020181
0.614290 0.020670
0.629817 0.020415
0.645206 0.021109
0.660442 0.018010
0.675509 0.018738
0.690393 0.016821
0.705077 0.016065
0.719549 0.014180
0.733793 0.013391
0.747795 0.012488
0.761542 0.011285
0.775019 0.011397
0.788214 0.010760
0.801113 0.010885
0.813704 0.010524
0.825973 0.008415
0.837910 0.007439
0.849501 0.005718
0.860735 0.005460
0.871601 0.004932
0.882088 0.004109
0.892184 0.003511
0.901880 0.002096
0.911165 0.003209
0.920031 0.003119
0.928468 0.003897
0.936467 0.002510
0.944019 0.003256
0.951116 0.003217
0.957751 0.002966
0.963920 0.002624
0.969616 0.002753
0.974836 0.001617
0.979575 0.001021
0.983831 0.001812
0.987598 0.002042
0.990874 0.001206
0.993653 0.002049
0.995934 0.002597
0.997711 0.002290
0.998982 0.002779
0.999745 0.002536
1.000000 0.002344
