1.000000 0.006599
0.999745 0.007386
0.998982 0.009478
0.997711 0.011022
0.995933 0.012750
0.993653 0.015403
0.990874 0.018585
0.987598 0.022348
0.983830 0.027290
0.979575 0.032298
0.974836 0.038404
0.969616 0.044151
0.963920 0.051313
0.957751 0.059042
0.951116 0.066209
0.944019 0.074434
0.936467 0.081010
0.928468 0.089568
0.920031 0.099345
0.911165 0.108626
0.901879 0.116754
0.892183 0.125721
0.882087 0.135354
0.871601 0.145989
0.860735 0.156710
0.849501 0.168035
0.837910 0.178148
0.825974 0.190123
0.813704 0.201960
0.801113 0.213531
0.788214 0.224856
0.775019 0.235972
0.761541 0.247617
0.747795 0.258605
0.733792 0.269678
0.719548 0.279903
0.705077 0.291725
0.690392 0.301891
0.675509 0.311970
0.660442 0.321759
0.645206 0.331268
0.629817 0.340475
0.614290 0.349593
0.598640 0.358852
0.582884 0.367212
0.567036 0.374891
0.551113 0.382030
0.535131 0.387932
0.519106 0.394175
0.503054 0.400068
0.486991 0.405295
0.470934 0.410807
0.454898 0.414691
0.438900 0.419209
0.422956 0.422645
0.407083 0.425871
0.391295 0.429344
0.375610 0.430959
0.360044 0.432558
0.344612 0.433164
0.329330 0.433299
0.314213 0.432647
0.299279 0.430628
0.284541 0.429170
0.270015 0.424581
0.255717 0.420127
0.241661 0.416469
0.227862 0.410990
0.214336 0.405103
0.201095 0.396768
0.188155 0.387324
0.175530 0.376895
0.163234 0.365440
0.151280 0.352230
0.139681 0.339079
0.128452 0.324628
0.117606 0.310747
0.107155 0.297018
0.097113 0.280337
0.087493 0.263595
0.078306 0.246341
0.069566 0.228727
0.061285 0.210961
0.053474 0.193598
0.046150 0.176982
0.039326 0.159365
0.033014 0.142779
0.027230 0.126355
0.021980 0.109745
0.017277 0.094274
0.013141 0.080286
0.009573 0.066500
0.006583 0.053386
0.004188 0.040044
0.002354 0.029764
0.001081 0.021634
0.000371 0.015710
0.000077 0.011588
0.000005 0.009036
0.000000 0.008268
0.000005 0.007461
0.000077 0.003040
0.000371 -0.000248
0.001081 -0.006751
0.002353 -0.014238
0.004188 -0.022732
0.006585 -0.033451
0.009576 -0.044100
0.013145 -0.054027
0.017281 -0.062226
0.021983 -0.069169
0.027232 -0.075685
0.033016 -0.083047
0.039328 -0.085222
0.046152 -0.088424
0.053476 -0.092052
0.061287 -0.094675
0.069568 -0.096995
0.078308 -0.099149
0.087495 -0.100901
0.097115 -0.102044
0.107157 -0.103081
0.117608 -0.104265
0.128454 -0.104528
0.139683 -0.102280
0.151282 -0.100093
0.163235 -0.101358
0.175532 -0.096348
0.188157 -0.094729
0.201097 -0.090846
0.214337 -0.086198
0.227864 -0.081998
0.241663 -0.077207
0.255719 -0.072137
0.270017 -0.068261
0.284542 -0.062670
0.299280 -0.057538
0.314215 -0.053763
0.329331 -0.048726
0.344613 -0.046383
0.360045 -0.041712
0.375611 -0.039096
0.391296 -0.037228
0.407083 -0.035633
0.422957 -0.032446
0.438901 -0.030763
0.454899 -0.030906
0.470935 -0.030422
0.486992 -0.029568
0.503055 -0.029907
0.519107 -0.030921
0.535132 -0.031300
0.551114 -0.032732
0.567036 -0.033310
0.582884 -0.034673
0.598640 -0.036369
0.614290 -0.037111
0.629817 -0.037516
0.645206 -0.039251
0.660442 -0.041431
0.675509 -0.041733
0.690393 -0.044218
0.705077 -0.043235
0.719549 -0.043431
0.733793 -0.042628
0.747795 -0.042980
0.761542 -0.041851
0.775019 -0.042242
0.788214 -0.039975
0.801113 -0.038888
0.813704 -0.035920
0.825973 -0.034127
0.837910 -0.032043
0.849501 -0.030255
0.860735 -0.027575
0.871601 -0.025087
0.882088 -0.022797
0.892184 -0.020150
0.901880 -0.017104
0.911165 -0.013916
0.920031 -0.011638
0.928468 -0.008957
0.936467 -0.006790
0.944019 -0.005819
0.951116 -0.002618
0.957751 -0.001771
0.963920 -0.000509
0.969616 0.001211
0.974836 0.002353
0.979575 0.003054
0.983831 0.004747
0.987598 0.005268
0.990874 0.006594
0.993653 0.006945
0.995934 0.008050
0.997711 0.007670
0.998982 0.007168
0.999745 0.008051
1.000000 0.008193
