1.000000 0.012632
0.999745 0.013852
0.998982 0.013869
0.997711 0.011844
0.995933 0.013397
0.993653 0.012110
0.990874 0.013185
0.987598 0.014726
0.983830 0.014738
0.979575 0.016554
0.974836 0.018530
0.969616 0.020624
0.963920 0.024645
0.957751 0.025929
0.951116 0.030584
0.944019 0.034699
0.936467 0.038103
0.928468 0.042436
0.920031 0.046887
0.911165 0.051539
0.901879 0.056519
0.892183 0.061686
0.882087 0.067513
0.871601 0.073927
0.860735 0.079467
0.849501 0.086125
0.837910 0.093186
0.825974 0.100228
0.813704 0.106562
0.801113 0.114315
0.788214 0.123013
0.775019 0.131941
0.761541 0.140316
0.747795 0.148974
0.733792 0.157145
0.719548 0.165108
0.705077 0.175003
0.690392 0.183902
0.675509 0.193428
0.660442 0.203318
0.645206 0.211917
0.629817 0.220616
0.614290 0.229201
0.598640 0.237913
0.582884 0.245452
0.567036 0.253741
0.551113 0.261759
0.535131 0.269218
0.519106 0.276202
0.503054 0.282066
0.486991 0.288369
0.470934 0.293999
0.454898 0.299171
0.438900 0.304290
0.422956 0.308249
0.407083 0.311943
0.391295 0.314916
0.375610 0.317196
0.360044 0.319153
0.344612 0.319926
0.329330 0.320756
0.314213 0.320225
0.299279 0.318959
0.284541 0.317943
0.270015 0.315058
0.255717 0.312017
0.241661 0.308277
0.227862 0.304425
0.214336 0.299755
0.201095 0.294938
0.188155 0.288052
0.175530 0.281008
0.163234 0.273029
0.151280 0.264146
0.139681 0.257181
0.128452 0.245977
0.117606 0.236378
0.107155 0.225970
0.097113 0.215714
0.087493 0.205018
0.078306 0.194532
0.069566 0.181810
0.061285 0.169510
0.053474 0.160027
0.046150 0.147705
0.039326 0.136322
0.033014 0.124686
0.027230 0.113435
0.021980 0.101850
0.017277 0.088496
0.013141 0.075133
0.009573 0.062842
0.006583 0.051039
0.004188 0.041026
0.002354 0.031647
0.001081 0.023208
0.000371 0.015793
0.000077 0.013078
0.000005 0.009250
0.000000 0.008767
0.000005 0.007708
0.000077 0.004901
0.000371 0.000340
0.001081 -0.006295
0.002353 -0.014493
0.004188 -0.024623
0.006585 -0.036354
0.009576 -0.048079
0.013145 -0.058388
0.017281 -0.065850
0.021983 -0.074824
0.027232 -0.080479
0.033016 -0.086816
0.039328 -0.092481
0.046152 -0.098448
0.053476 -0.103123
0.061287 -0.105472
0.069568 -0.108764
0.078308 -0.111258
0.087495 -0.115550
0.097115 -0.116900
0.107157 -0.120098
0.117608 -0.120450
0.128454 -0.123864
0.139683 -0.123983
0.151282 -0.126058
0.163235 -0.124601
0.175532 -0.127791
0.188157 -0.128180
0.201097 -0.129660
0.214337 -0.128272
0.227864 -0.129255
0.241663 -0.129815
0.255719 -0.129744
0.270017 -0.130986
0.284542 -0.131044
0.299280 -0.131705
0.314215 -0.132274
0.329331 -0.133628
0.344613 -0.133979
0.360045 -0.135448
0.375611 -0.136028
0.391296 -0.136886
0.407083 -0.136252
0.422957 -0.135960
0.438901 -0.137344
0.454899 -0.136745
0.470935 -0.138026
0.486992 -0.136014
0.503055 -0.135295
0.519107 -0.135110
0.535132 -0.134110
0.551114 -0.133788
0.567036 -0.133134
0.582884 -0.132024
0.598640 -0.129912
0.614290 -0.127233
0.629817 -0.125263
0.645206 -0.122476
0.660442 -0.120445
0.675509 -0.116567
0.690393 -0.113834
0.705077 -0.110750
0.719549 -0.107136
0.733793 -0.103220
0.747795 -0.101777
0.761542 -0.096218
0.775019 -0.093809
0.788214 -0.089475
0.801113 -0.084125
0.813704 -0.080882
0.825973 -0.076746
0.837910 -0.071332
0.849501 -0.065801
0.860735 -0.061845
0.871601 -0.057663
0.882088 -0.053771
0.892184 -0.050436
0.901880 -0.044319
0.911165 -0.040571
0.920031 -0.036654
0.928468 -0.033054
0.936467 -0.027832
0.944019 -0.025380
0.951116 -0.021770
0.957751 -0.018921
0.963920 -0.015216
0.969616 -0.012275
0.974836 -0.010197
0.979575 -0.008002
0.983831 -0.005869
0.987598 -0.003421
0.990874 -0.001703
0.993653 -0.000214
0.995934 0.000075
0.997711 0.001507
0.998982 0.003854
0.999745 0.003216
1.000000 0.003699
