1.000000 0.007686
0.999745 0.009059
0.998982 0.009305
0.997711 0.011538
0.995933 0.009391
0.993653 0.010193
0.990874 0.010723
0.987598 0.011999
0.983830 0.013815
0.979575 0.015274
0.974836 0.018231
0.969616 0.020376
0.963920 0.023550
0.957751 0.026738
0.951116 0.030181
0.944019 0.033101
0.936467 0.038169
0.928468 0.042626
0.920031 0.047429
0.911165 0.051928
0.901879 0.056837
0.892183 0.062059
0.882087 0.067796
0.871601 0.073471
0.860735 0.079265
0.849501 0.086540
0.837910 0.093090
0.825974 0.101017
0.813704 0.108307
0.801113 0.116145
0.788214 0.123887
0.775019 0.131694
0.761541 0.140227
0.747795 0.149364
0.733792 0.158318
0.719548 0.167069
0.705077 0.176638
0.690392 0.186105
0.675509 0.197475
0.660442 0.206044
0.645206 0.215992
0.629817 0.225479
0.614290 0.235498
0.598640 0.245975
0.582884 0.256365
0.567036 0.266621
0.551113 0.277199
0.535131 0.286525
0.519106 0.296267
0.503054 0.306701
0.486991 0.316172
0.470934 0.325714
0.454898 0.332979
0.438900 0.340327
0.422956 0.348236
0.407083 0.354035
0.391295 0.359666
0.375610 0.364625
0.360044 0.367770
0.344612 0.370085
0.329330 0.371246
0.314213 0.371666
0.299279 0.370758
0.284541 0.369771
0.270015 0.366470
0.255717 0.362065
0.241661 0.357227
0.227862 0.351542
0.214336 0.345296
0.201095 0.337743
0.188155 0.329251
0.175530 0.320433
0.163234 0.311096
0.151280 0.301297
0.139681 0.291236
0.128452 0.279850
0.117606 0.268228
0.107155 0.254424
0.097113 0.241024
0.087493 0.227277
0.078306 0.214446
0.069566 0.202508
0.061285 0.188707
0.053474 0.174522
0.046150 0.161151
0.039326 0.147577
0.033014 0.134547
0.027230 0.120240
0.021980 0.106697
0.017277 0.092270
0.013141 0.080331
0.009573 0.067696
0.006583 0.054323
0.004188 0.042934
0.002354 0.032201
0.001081 0.023860
0.000371 0.017238
0.000077 0.011817
0.000005 0.009773
0.000000 0.008727
0.000005 0.008595
0.000077 0.006484
0.000371 0.001491
0.001081 -0.004966
0.002353 -0.012694
0.004188 -0.020663
0.006585 -0.029369
0.009576 -0.041636
0.013145 -0.049715
0.017281 -0.059812
0.021983 -0.067782
0.027232 -0.075965
0.033016 -0.084412
0.039328 -0.092143
0.046152 -0.100978
0.053476 -0.107911
0.061287 -0.115467
0.069568 -0.121976
0.078308 -0.128471
0.087495 -0.133940
0.097115 -0.139798
0.107157 -0.144525
0.117608 -0.149239
0.128454 -0.154430
0.139683 -0.158081
0.151282 -0.160068
0.163235 -0.163481
0.175532 -0.165812
0.188157 -0.168786
0.201097 -0.169129
0.214337 -0.171076
0.227864 -0.171752
0.241663 -0.172127
0.255719 -0.173282
0.270017 -0.172346
0.284542 -0.171893
0.299280 -0.171945
0.314215 -0.170626
0.329331 -0.169289
0.344613 -0.168060
0.360045 -0.166887
0.375611 -0.165874
0.391296 -0.163035
0.407083 -0.160928
0.422957 -0.158331
0.438901 -0.157239
0.454899 -0.153957
0.470935 -0.151050
0.486992 -0.148063
0.503055 -0.144743
0.519107 -0.142256
0.535132 -0.138396
0.551114 -0.134206
0.567036 -0.130607
0.582884 -0.126481
0.598640 -0.122413
0.614290 -0.118739
0.629817 -0.114460
0.645206 -0.110401
0.660442 -0.105111
0.675509 -0.101176
0.690393 -0.097195
0.705077 -0.091927
0.719549 -0.087836
0.733793 -0.082509
0.747795 -0.078095
0.761542 -0.074479
0.775019 -0.069188
0.788214 -0.065753
0.801113 -0.060790
0.813704 -0.056920
0.825973 -0.052523
0.837910 -0.048289
0.849501 -0.045606
0.860735 -0.039875
0.871601 -0.036950
0.882088 -0.033221
0.892184 -0.029064
0.901880 -0.026796
0.911165 -0.022976
0.920031 -0.021231
0.928468 -0.015949
0.936467 -0.012148
0.944019 -0.009667
0.951116 -0.007496
0.957751 -0.004923
0.963920 -0.003083
0.969616 -0.000527
0.974836 -0.000279
0.979575 0.002810
0.983831 0.003483
0.987598 0.005534
0.990874 0.006248
0.993653 0.007195
0.995934 0.007308
0.997711 0.007907
0.998982 0.007635
0.999745 0.007375
1.000000 0.006587
