1.000000 0.011647
0.999745 0.015485
0.998982 0.014316
0.997711 0.012053
0.995933 0.012236
0.993653 0.011324
0.990874 0.010271
0.987598 0.010645
0.983830 0.007839
0.979575 0.007527
0.974836 0.007684
0.969616 0.006453
0.963920 0.007709
0.957751 0.007797
0.951116 0.007848
0.944019 0.009510
0.936467 0.010507
0.928468 0.013281
0.920031 0.016628
0.911165 0.021288
0.901879 0.024952
0.892183 0.031163
0.882087 0.037175
0.871601 0.043720
0.860735 0.051478
0.849501 0.058838
0.837910 0.067232
0.825974 0.075823
0.813704 0.085782
0.801113 0.095346
0.788214 0.105013
0.775019 0.115656
0.761541 0.126097
0.747795 0.139300
0.733792 0.150631
0.719548 0.162691
0.705077 0.174425
0.690392 0.185985
0.675509 0.198855
0.660442 0.210710
0.645206 0.222354
0.629817 0.234123
0.614290 0.246276
0.598640 0.257491
0.582884 0.268982
0.567036 0.277507
0.551113 0.286481
0.535131 0.292908
0.519106 0.300007
0.503054 0.306124
0.486991 0.311430
0.470934 0.317292
0.454898 0.320093
0.438900 0.323112
0.422956 0.325014
0.407083 0.326437
0.391295 0.327900
0.375610 0.329882
0.360044 0.328774
0.344612 0.329443
0.329330 0.327715
0.314213 0.325874
0.299279 0.323879
0.284541 0.322252
0.270015 0.318628
0.255717 0.314440
0.241661 0.309782
0.227862 0.303977
0.214336 0.297088
0.201095 0.290518
0.188155 0.283542
0.175530 0.275615
0.163234 0.268237
0.151280 0.259322
0.139681 0.250487
0.128452 0.241907
0.117606 0.231952
0.107155 0.221667
0.097113 0.211331
0.087493 0.201494
0.078306 0.190140
0.069566 0.178053
0.061285 0.167115
0.053474 0.154352
0.046150 0.142588
0.039326 0.130895
0.033014 0.118742
0.027230 0.107518
0.021980 0.097098
0.017277 0.086146
0.013141 0.073289
0.009573 0.061247
0.006583 0.051405
0.004188 0.040622
0.002354 0.031453
0.001081 0.023677
0.000371 0.016301
0.000077 0.012487
0.000005 0.009291
0.000000 0.007779
0.000005 0.006789
0.000077 0.003430
0.000371 0.000823
0.001081 -0.005613
0.002353 -0.011214
0.004188 -0.016874
0.006585 -0.023114
0.009576 -0.026905
0.013145 -0.033518
0.017281 -0.039176
0.021983 -0.046276
0.027232 -0.051490
0.033016 -0.057969
0.039328 -0.060234
0.046152 -0.064276
0.053476 -0.070728
0.061287 -0.074633
0.069568 -0.079860
0.078308 -0.082890
0.087495 -0.087199
0.097115 -0.089132
0.107157 -0.093725
0.117608 -0.097261
0.128454 -0.099902
0.139683 -0.103200
0.151282 -0.104608
0.163235 -0.106810
0.175532 -0.108874
0.188157 -0.110746
0.201097 -0.113649
0.214337 -0.114197
0.227864 -0.115373
0.241663 -0.114405
0.255719 -0.114585
0.270017 -0.114750
0.284542 -0.115539
0.299280 -0.114849
0.314215 -0.114061
0.329331 -0.113980
0.344613 -0.113264
0.360045 -0.112454
0.375611 -0.111346
0.391296 -0.110593
0.407083 -0.108969
0.422957 -0.107094
0.438901 -0.107312
0.454899 -0.106357
0.470935 -0.104102
0.486992 -0.101301
0.503055 -0.101751
0.519107 -0.101002
0.535132 -0.099672
0.551114 -0.097918
0.567036 -0.096367
0.582884 -0.095302
0.598640 -0.093744
0.614290 -0.093074
0.629817 -0.092483
0.645206 -0.089560
0.660442 -0.087877
0.675509 -0.085441
0.690393 -0.084431
0.705077 -0.083050
0.719549 -0.079722
0.733793 -0.078032
0.747795 -0.074684
0.761542 -0.073520
0.775019 -0.072280
0.788214 -0.067387
0.801113 -0.064865
0.813704 -0.061826
0.825973 -0.059556
0.837910 -0.056947
0.849501 -0.053686
0.860735 -0.050690
0.871601 -0.049034
0.882088 -0.046507
0.892184 -0.043021
0.901880 -0.039532
0.911165 -0.035857
0.920031 -0.033103
0.928468 -0.029798
0.936467 -0.025992
0.944019 -0.022840
0.951116 -0.019925
0.957751 -0.016026
0.963920 -0.013884
0.969616 -0.009663
0.974836 -0.008331
0.979575 -0.005937
0.983831 -0.003882
0.987598 -0.001818
0.990874 -0.000412
0.993653 0.001117
0.995934 0.003094
0.997711 0.005878
0.998982 0.004978
0.999745 0.005421
1.000000 0.004742
