1.000000 0.006518
0.999745 0.008857
0.998982 0.008715
0.997711 0.009929
0.995933 0.011324
0.993653 0.012086
0.990874 0.012675
0.987598 0.013734
0.983830 0.015708
0.979575 0.017566
0.974836 0.020392
0.969616 0.024054
0.963920 0.026950
0.957751 0.031443
0.951116 0.034334
0.944019 0.036350
0.936467 0.042286
0.928468 0.046300
0.920031 0.050724
0.911165 0.056416
0.901879 0.063372
0.892183 0.069952
0.882087 0.077097
0.871601 0.082640
0.860735 0.089743
0.849501 0.096155
0.837910 0.102745
0.825974 0.109828
0.813704 0.116048
0.801113 0.124800
0.788214 0.130930
0.775019 0.137820
0.761541 0.145068
0.747795 0.152143
0.733792 0.159336
0.719548 0.166622
0.705077 0.173283
0.690392 0.181078
0.675509 0.189328
0.660442 0.196864
0.645206 0.204635
0.629817 0.210647
0.614290 0.217694
0.598640 0.223842
0.582884 0.229735
0.567036 0.236379
0.551113 0.242396
0.535131 0.249057
0.519106 0.254809
0.503054 0.259924
0.486991 0.264226
0.470934 0.268641
0.454898 0.272833
0.438900 0.276929
0.422956 0.280251
0.407083 0.284452
0.391295 0.286295
0.375610 0.287590
0.360044 0.289048
0.344612 0.289908
0.329330 0.291525
0.314213 0.292017
0.299279 0.291966
0.284541 0.291269
0.270015 0.290510
0.255717 0.288742
0.241661 0.287226
0.227862 0.284103
0.214336 0.280081
0.201095 0.275474
0.188155 0.271139
0.175530 0.266311
0.163234 0.260116
0.151280 0.253062
0.139681 0.246002
0.128452 0.238248
0.117606 0.231092
0.107155 0.222511
0.097113 0.213709
0.087493 0.203593
0.078306 0.194107
0.069566 0.183431
0.061285 0.171905
0.053474 0.161099
0.046150 0.150245
0.039326 0.137248
0.033014 0.123626
0.027230 0.110012
0.021980 0.096750
0.017277 0.086378
0.013141 0.074545
0.009573 0.062231
0.006583 0.052449
0.004188 0.040815
0.002354 0.031151
0.001081 0.023418
0.000371 0.016936
0.000077 0.012088
0.000005 0.009428
0.000000 0.008147
0.000005 0.007846
0.000077 0.004413
0.000371 0.000652
0.001081 -0.004826
0.002353 -0.013258
0.004188 -0.021486
0.006585 -0.028500
0.009576 -0.035084
0.013145 -0.041961
0.017281 -0.048325
0.021983 -0.054792
0.027232 -0.059051
0.033016 -0.063285
0.039328 -0.066639
0.046152 -0.070390
0.053476 -0.073460
0.061287 -0.075976
0.069568 -0.078393
0.078308 -0.081987
0.087495 -0.082348
0.097115 -0.085650
0.107157 -0.086288
0.117608 -0.088731
0.128454 -0.088689
0.139683 -0.090097
0.151282 -0.090110
0.163235 -0.090686
0.175532 -0.090314
0.188157 -0.091061
0.201097 -0.088761
0.214337 -0.087975
0.227864 -0.088107
0.241663 -0.084981
0.255719 -0.083688
0.270017 -0.081798
0.284542 -0.078649
0.299280 -0.078278
0.314215 -0.074419
0.329331 -0.073203
0.344613 -0.070444
0.360045 -0.068294
0.375611 -0.064178
0.391296 -0.060367
0.407083 -0.057453
0.422957 -0.055122
0.438901 -0.051735
0.454899 -0.050027
0.470935 -0.046086
0.486992 -0.042521
0.503055 -0.038981
0.519107 -0.035912
0.535132 -0.032658
0.551114 -0.028890
0.567036 -0.027157
0.582884 -0.022915
0.598640 -0.019721
0.614290 -0.017116
0.629817 -0.014763
0.645206 -0.011872
0.660442 -0.009846
0.675509 -0.008168
0.690393 -0.006217
0.705077 -0.003763
0.719549 -0.005743
0.733793 -0.001337
0.747795 0.000241
0.761542 0.002924
0.775019 0.005875
0.788214 0.006805
0.801113 0.007445
0.813704 0.009457
0.825973 0.010088
0.837910 0.011715
0.849501 0.012648
0.860735 0.012884
0.871601 0.014882
0.882088 0.014292
0.892184 0.015062
0.901880 0.015472
0.911165 0.015132
0.920031 0.015237
0.928468 0.015582
0.936467 0.014967
0.944019 0.015495
0.951116 0.015250
0.957751 0.015228
0.963920 0.014140
0.969616 0.015126
0.974836 0.013686
0.979575 0.013247
0.983831 0.013656
0.987598 0.012304
0.990874 0.011887
0.993653 0.010665
0.995934 0.011021
0.997711 0.010760
0.998982 0.009502
0.999745 0.007795
1.000000 0.008590
