1.000000 -0.000792
0.999745 -0.000558
0.998982 0.000139
0.997711 0.001255
0.995933 0.002721
0.993653 0.004606
0.990874 0.006983
0.987598 0.009826
0.983830 0.013103
0.979575 0.016844
0.974836 0.021061
0.969616 0.025723
0.963920 0.030785
0.957751 0.036209
0.951116 0.041939
0.944019 0.047924
0.936467 0.054154
0.928468 0.060637
0.920031 0.067375
0.911165 0.074353
0.901879 0.081597
0.892183 0.089144
0.882087 0.096961
0.871601 0.105022
0.860735 0.113307
0.849501 0.121811
0.837910 0.130585
0.825974 0.139585
0.813704 0.148757
0.801113 0.158086
0.788214 0.167530
0.775019 0.177062
0.761541 0.186565
0.747795 0.196025
0.733792 0.205414
0.719548 0.214690
0.705077 0.223791
0.690392 0.232729
0.675509 0.241438
0.660442 0.249905
0.645206 0.258079
0.629817 0.265909
0.614290 0.273367
0.598640 0.280436
0.582884 0.287111
0.567036 0.293336
0.551113 0.299082
0.535131 0.304335
0.519106 0.309101
0.503054 0.313348
0.486991 0.317053
0.470934 0.320242
0.454898 0.322902
0.438900 0.324993
0.422956 0.326491
0.407083 0.327426
0.391295 0.327812
0.375610 0.327636
0.360044 0.326902
0.344612 0.325641
0.329330 0.323847
0.314213 0.321498
0.299279 0.318637
0.284541 0.315330
0.270015 0.311553
0.255717 0.307276
0.241661 0.302518
0.227862 0.297289
0.214336 0.291572
0.201095 0.285385
0.188155 0.278767
0.175530 0.271700
0.163234 0.264138
0.151280 0.256070
0.139681 0.247508
0.128452 0.238441
0.117606 0.228892
0.107155 0.218934
0.097113 0.208651
0.087493 0.198064
0.078306 0.187111
0.069566 0.175739
0.061285 0.164017
0.053474 0.152137
0.046150 0.140139
0.039326 0.128115
0.033014 0.116060
0.027230 0.103968
0.021980 0.091835
0.017277 0.079766
0.013141 0.067905
0.009573 0.056416
0.006583 0.045506
0.004188 0.035247
0.002354 0.025852
0.001081 0.017663
0.000371 0.011034
0.000077 0.006196
0.000005 0.003273
0.000000 0.002295
0.000005 0.001348
0.000077 -0.001501
0.000371 -0.006080
0.001081 -0.012126
0.002353 -0.019096
0.004188 -0.026252
0.006585 -0.033259
0.009576 -0.040282
0.013145 -0.046757
0.017281 -0.052739
0.021983 -0.058484
0.027232 -0.063954
0.033016 -0.069136
0.039328 -0.074113
0.046152 -0.078917
0.053476 -0.083498
0.061287 -0.087863
0.069568 -0.092082
0.078308 -0.096128
0.087495 -0.099938
0.097115 -0.103520
0.107157 -0.106875
0.117608 -0.110071
0.128454 -0.113046
0.139683 -0.115833
0.151282 -0.118404
0.163235 -0.120747
0.175532 -0.122833
0.188157 -0.124680
0.201097 -0.126299
0.214337 -0.127668
0.227864 -0.128787
0.241663 -0.129648
0.255719 -0.130243
0.270017 -0.130533
0.284542 -0.130517
0.299280 -0.130207
0.314215 -0.129612
0.329331 -0.128719
0.344613 -0.127523
0.360045 -0.126014
0.375611 -0.124209
0.391296 -0.122100
0.407083 -0.119668
0.422957 -0.116942
0.438901 -0.113957
0.454899 -0.110735
0.470935 -0.107285
0.486992 -0.103635
0.503055 -0.099812
0.519107 -0.095822
0.535132 -0.091681
0.551114 -0.087412
0.567036 -0.083020
0.582884 -0.078500
0.598640 -0.073849
0.614290 -0.069089
0.629817 -0.064223
0.645206 -0.059273
0.660442 -0.054275
0.675509 -0.049285
0.690393 -0.044339
0.705077 -0.039472
0.719549 -0.034721
0.733793 -0.030120
0.747795 -0.025661
0.761542 -0.021399
0.775019 -0.017360
0.788214 -0.013568
0.801113 -0.010051
0.813704 -0.006835
0.825973 -0.003909
0.837910 -0.001281
0.849501 0.001043
0.860735 0.003048
0.871601 0.004760
0.882088 0.006194
0.892184 0.007341
0.901880 0.008215
0.911165 0.008786
0.920031 0.009080
0.928468 0.009148
0.936467 0.009017
0.944019 0.008708
0.951116 0.008271
0.957751 0.007757
0.963920 0.007173
0.969616 0.006490
0.974836 0.005688
0.979575 0.004752
0.983831 0.003723
0.987598 0.002659
0.990874 0.001636
0.993653 0.000689
0.995934 -0.000160
0.997711 -0.000848
0.998982 -0.001299
0.999745 -0.001543
1.000000 -0.001622
