1.000000 -0.000545
0.999745 -0.000346
0.998982 0.000245
0.997711 0.001197
0.995933 0.002458
0.993653 0.004104
0.990874 0.006202
0.987598 0.008728
0.983830 0.011657
0.979575 0.015019
0.974836 0.018830
0.969616 0.023074
0.963920 0.027718
0.957751 0.032726
0.951116 0.038049
0.944019 0.043642
0.936467 0.049495
0.928468 0.055608
0.920031 0.061979
0.911165 0.068604
0.901879 0.075499
0.892183 0.082685
0.882087 0.090135
0.871601 0.097832
0.860735 0.105757
0.849501 0.113897
0.837910 0.122315
0.825974 0.130961
0.813704 0.139781
0.801113 0.148759
0.788214 0.157861
0.775019 0.167067
0.761541 0.176258
0.747795 0.185433
0.733792 0.194564
0.719548 0.203621
0.705077 0.212548
0.690392 0.221366
0.675509 0.229999
0.660442 0.238439
0.645206 0.246630
0.629817 0.254527
0.614290 0.262104
0.598640 0.269344
0.582884 0.276247
0.567036 0.282756
0.551113 0.288833
0.535131 0.294444
0.519106 0.299589
0.503054 0.304231
0.486991 0.308347
0.470934 0.311952
0.454898 0.315042
0.438900 0.317577
0.422956 0.319536
0.407083 0.320947
0.391295 0.321817
0.375610 0.322138
0.360044 0.321912
0.344612 0.321160
0.329330 0.319864
0.314213 0.318004
0.299279 0.315623
0.284541 0.312764
0.270015 0.309392
0.255717 0.305499
0.241661 0.301095
0.227862 0.296178
0.214336 0.290752
0.201095 0.284834
0.188155 0.278456
0.175530 0.271598
0.163234 0.264232
0.151280 0.256359
0.139681 0.247969
0.128452 0.239034
0.117606 0.229592
0.107155 0.219721
0.097113 0.209485
0.087493 0.198910
0.078306 0.187965
0.069566 0.176597
0.061285 0.164840
0.053474 0.152882
0.046150 0.140795
0.039326 0.128688
0.033014 0.116535
0.027230 0.104333
0.021980 0.092075
0.017277 0.079864
0.013141 0.067858
0.009573 0.056228
0.006583 0.045210
0.004188 0.034886
0.002354 0.025456
0.001081 0.017254
0.000371 0.010623
0.000077 0.005783
0.000005 0.002860
0.000000 0.001884
0.000005 0.000933
0.000077 -0.001938
0.000371 -0.006584
0.001081 -0.012774
0.002353 -0.020018
0.004188 -0.027601
0.006585 -0.035159
0.009576 -0.042822
0.013145 -0.049992
0.017281 -0.056609
0.021983 -0.062837
0.027232 -0.068647
0.033016 -0.074071
0.039328 -0.079188
0.046152 -0.084052
0.053476 -0.088647
0.061287 -0.092999
0.069568 -0.097145
0.078308 -0.101049
0.087495 -0.104667
0.097115 -0.108013
0.107157 -0.111062
0.117608 -0.113890
0.128454 -0.116455
0.139683 -0.118803
0.151282 -0.120892
0.163235 -0.122723
0.175532 -0.124284
0.188157 -0.125600
0.201097 -0.126673
0.214337 -0.127480
0.227864 -0.128041
0.241663 -0.128340
0.255719 -0.128357
0.270017 -0.128072
0.284542 -0.127499
0.299280 -0.126660
0.314215 -0.125557
0.329331 -0.124191
0.344613 -0.122582
0.360045 -0.120725
0.375611 -0.118636
0.391296 -0.116313
0.407083 -0.113765
0.422957 -0.111026
0.438901 -0.108121
0.454899 -0.105075
0.470935 -0.101910
0.486992 -0.098658
0.503055 -0.095330
0.519107 -0.091929
0.535132 -0.088476
0.551114 -0.085002
0.567036 -0.081508
0.582884 -0.077966
0.598640 -0.074374
0.614290 -0.070760
0.629817 -0.067112
0.645206 -0.063426
0.660442 -0.059720
0.675509 -0.056027
0.690393 -0.052355
0.705077 -0.048719
0.719549 -0.045146
0.733793 -0.041651
0.747795 -0.038208
0.761542 -0.034865
0.775019 -0.031647
0.788214 -0.028564
0.801113 -0.025633
0.813704 -0.022876
0.825973 -0.020264
0.837910 -0.017811
0.849501 -0.015525
0.860735 -0.013425
0.871601 -0.011491
0.882088 -0.009728
0.892184 -0.008150
0.901880 -0.006743
0.911165 -0.005542
0.920031 -0.004534
0.928468 -0.003677
0.936467 -0.002948
0.944019 -0.002336
0.951116 -0.001806
0.957751 -0.001322
0.963920 -0.000896
0.969616 -0.000572
0.974836 -0.000385
0.979575 -0.000360
0.983831 -0.000474
0.987598 -0.000683
0.990874 -0.000924
0.993653 -0.001183
0.995934 -0.001460
0.997711 -0.001690
0.998982 -0.001796
0.999745 -0.001826
1.000000 -0.001834
