1.000000 0.009611
0.999745 0.011928
0.998982 0.011816
0.997711 0.010924
0.995933 0.011726
0.993653 0.013279
0.990874 0.013894
0.987598 0.015304
0.983830 0.019352
0.979575 0.022125
0.974836 0.025208
0.969616 0.030515
0.963920 0.034676
0.957751 0.038625
0.951116 0.043667
0.944019 0.049392
0.936467 0.055716
0.928468 0.061972
0.920031 0.067443
0.911165 0.073950
0.901879 0.080408
0.892183 0.087882
0.882087 0.095357
0.871601 0.101553
0.860735 0.109039
0.849501 0.116640
0.837910 0.124104
0.825974 0.131822
0.813704 0.139052
0.801113 0.146119
0.788214 0.153132
0.775019 0.160101
0.761541 0.167554
0.747795 0.174641
0.733792 0.180874
0.719548 0.187171
0.705077 0.194095
0.690392 0.200243
0.675509 0.205720
0.660442 0.211100
0.645206 0.216422
0.629817 0.221372
0.614290 0.226707
0.598640 0.230885
0.582884 0.234388
0.567036 0.237766
0.551113 0.240905
0.535131 0.243814
0.519106 0.247426
0.503054 0.249821
0.486991 0.252507
0.470934 0.255767
0.454898 0.258445
0.438900 0.260839
0.422956 0.262302
0.407083 0.263038
0.391295 0.264507
0.375610 0.264266
0.360044 0.262532
0.344612 0.261654
0.329330 0.260486
0.314213 0.261751
0.299279 0.261373
0.284541 0.258332
0.270015 0.255908
0.255717 0.252943
0.241661 0.251049
0.227862 0.248288
0.214336 0.244871
0.201095 0.240201
0.188155 0.235206
0.175530 0.230038
0.163234 0.225027
0.151280 0.218813
0.139681 0.212671
0.128452 0.205575
0.117606 0.200255
0.107155 0.192683
0.097113 0.185165
0.087493 0.176510
0.078306 0.168878
0.069566 0.159822
0.061285 0.150495
0.053474 0.141026
0.046150 0.131500
0.039326 0.122160
0.033014 0.113305
0.027230 0.102731
0.021980 0.093170
0.017277 0.083027
0.013141 0.072301
0.009573 0.062036
0.006583 0.050359
0.004188 0.040968
0.002354 0.031846
0.001081 0.023676
0.000371 0.018319
0.000077 0.013061
0.000005 0.010409
0.000000 0.009381
0.000005 0.007779
0.000077 0.005961
0.000371 0.001611
0.001081 -0.004514
0.002353 -0.012245
0.004188 -0.018549
0.006585 -0.025518
0.009576 -0.029972
0.013145 -0.034641
0.017281 -0.040082
0.021983 -0.044348
0.027232 -0.049074
0.033016 -0.053033
0.039328 -0.057360
0.046152 -0.062298
0.053476 -0.066217
0.061287 -0.071881
0.069568 -0.075394
0.078308 -0.080383
0.087495 -0.083077
0.097115 -0.089610
0.107157 -0.092400
0.117608 -0.095708
0.128454 -0.100067
0.139683 -0.103305
0.151282 -0.106511
0.163235 -0.111203
0.175532 -0.113052
0.188157 -0.116496
0.201097 -0.120584
0.214337 -0.120599
0.227864 -0.125005
0.241663 -0.126358
0.255719 -0.128182
0.270017 -0.130203
0.284542 -0.131599
0.299280 -0.133985
0.314215 -0.136042
0.329331 -0.137040
0.344613 -0.135242
0.360045 -0.137093
0.375611 -0.135639
0.391296 -0.137633
0.407083 -0.136798
0.422957 -0.137714
0.438901 -0.136197
0.454899 -0.135925
0.470935 -0.136500
0.486992 -0.134325
0.503055 -0.134467
0.519107 -0.133164
0.535132 -0.131474
0.551114 -0.130019
0.567036 -0.129996
0.582884 -0.127172
0.598640 -0.125851
0.614290 -0.123292
0.629817 -0.121112
0.645206 -0.119068
0.660442 -0.117465
0.675509 -0.112882
0.690393 -0.111168
0.705077 -0.108795
0.719549 -0.105399
0.733793 -0.102589
0.747795 -0.099623
0.761542 -0.095210
0.775019 -0.092426
0.788214 -0.089030
0.801113 -0.084657
0.813704 -0.080216
0.825973 -0.076822
0.837910 -0.072315
0.849501 -0.069023
0.860735 -0.065053
0.871601 -0.060803
0.882088 -0.056218
0.892184 -0.050930
0.901880 -0.046060
0.911165 -0.041845
0.920031 -0.036886
0.928468 -0.031775
0.936467 -0.026590
0.944019 -0.021167
0.951116 -0.016820
0.957751 -0.013268
0.963920 -0.009371
0.969616 -0.005399
0.974836 -0.003433
0.979575 0.000546
0.983831 0.001369
0.987598 0.003457
0.990874 0.004158
0.993653 0.005029
0.995934 0.006925
0.997711 0.006801
0.998982 0.006414
0.999745 0.005830
1.000000 0.006854
