1.000000 0.009581
0.999745 0.010553
0.998982 0.010511
0.997711 0.012853
0.995933 0.014098
0.993653 0.013401
0.990874 0.013798
0.987598 0.015327
0.983830 0.015537
0.979575 0.017763
0.974836 0.019784
0.969616 0.020809
0.963920 0.024084
0.957751 0.026392
0.951116 0.028958
0.944019 0.031816
0.936467 0.034947
0.928468 0.037577
0.920031 0.039092
0.911165 0.042705
0.901879 0.045931
0.892183 0.048797
0.882087 0.052545
0.871601 0.056960
0.860735 0.060305
0.849501 0.065318
0.837910 0.069000
0.825974 0.074595
0.813704 0.076327
0.801113 0.080964
0.788214 0.085543
0.775019 0.090011
0.761541 0.092412
0.747795 0.097786
0.733792 0.100877
0.719548 0.104574
0.705077 0.108412
0.690392 0.112743
0.675509 0.117985
0.660442 0.122635
0.645206 0.126843
0.629817 0.130783
0.614290 0.135080
0.598640 0.139700
0.582884 0.144128
0.567036 0.147048
0.551113 0.150819
0.535131 0.154225
0.519106 0.157725
0.503054 0.161572
0.486991 0.163805
0.470934 0.166988
0.454898 0.169597
0.438900 0.172892
0.422956 0.176067
0.407083 0.178451
0.391295 0.180685
0.375610 0.182591
0.360044 0.184261
0.344612 0.185772
0.329330 0.187350
0.314213 0.187852
0.299279 0.187862
0.284541 0.187708
0.270015 0.187391
0.255717 0.187086
0.241661 0.187118
0.227862 0.185854
0.214336 0.184026
0.201095 0.182475
0.188155 0.180935
0.175530 0.179113
0.163234 0.176943
0.151280 0.173700
0.139681 0.169665
0.128452 0.166213
0.117606 0.160627
0.107155 0.157354
0.097113 0.150943
0.087493 0.146050
0.078306 0.140389
0.069566 0.134048
0.061285 0.127747
0.053474 0.120164
0.046150 0.112929
0.039326 0.105772
0.033014 0.097540
0.027230 0.089890
0.021980 0.082170
0.017277 0.074421
0.013141 0.065566
0.009573 0.056902
0.006583 0.047685
0.004188 0.039469
0.002354 0.032217
0.001081 0.025042
0.000371 0.019267
0.000077 0.014611
0.000005 0.010118
0.000000 0.010287
0.000005 0.010382
0.000077 0.006492
0.000371 0.003716
0.001081 -0.002303
0.002353 -0.008119
0.004188 -0.012332
0.006585 -0.017153
0.009576 -0.021178
0.013145 -0.023795
0.017281 -0.027109
0.021983 -0.029411
0.027232 -0.032985
0.033016 -0.035195
0.039328 -0.037937
0.046152 -0.040394
0.053476 -0.042725
0.061287 -0.044523
0.069568 -0.047945
0.078308 -0.048275
0.087495 -0.048725
0.097115 -0.050784
0.107157 -0.050433
0.117608 -0.051024
0.128454 -0.049962
0.139683 -0.047645
0.151282 -0.044483
0.163235 -0.042967
0.175532 -0.043677
0.188157 -0.040183
0.201097 -0.039061
0.214337 -0.035674
0.227864 -0.036123
0.241663 -0.031960
0.255719 -0.030148
0.270017 -0.028210
0.284542 -0.026913
0.299280 -0.023490
0.314215 -0.019911
0.329331 -0.016974
0.344613 -0.014771
0.360045 -0.010796
0.375611 -0.008144
0.391296 -0.005190
0.407083 -0.002841
0.422957 -0.000902
0.438901 0.002177
0.454899 0.005233
0.470935 0.007913
0.486992 0.010637
0.503055 0.012292
0.519107 0.014439
0.535132 0.017137
0.551114 0.019253
0.567036 0.020472
0.582884 0.022908
0.598640 0.024759
0.614290 0.025409
0.629817 0.025960
0.645206 0.028011
0.660442 0.029293
0.675509 0.028861
0.690393 0.029174
0.705077 0.028809
0.719549 0.031747
0.733793 0.028774
0.747795 0.029354
0.761542 0.028371
0.775019 0.028778
0.788214 0.028312
0.801113 0.028480
0.813704 0.027653
0.825973 0.027466
0.837910 0.025824
0.849501 0.026811
0.860735 0.025018
0.871601 0.024400
0.882088 0.022820
0.892184 0.022776
0.901880 0.020929
0.911165 0.019317
0.920031 0.019092
0.928468 0.017744
0.936467 0.016961
0.944019 0.015116
0.951116 0.014374
0.957751 0.012857
0.963920 0.012746
0.969616 0.011618
0.974836 0.011193
0.979575 0.009918
0.983831 0.008481
0.987598 0.009291
0.990874 0.007325
0.993653 0.007333
0.995934 0.006659
0.997711 0.005805
0.998982 0.005871
0.999745 0.004096
1.000000 0.005204
