1.000000 0.001387
0.999745 0.001581
0.998982 0.002159
0.997711 0.003086
0.995933 0.004310
0.993653 0.005888
0.990874 0.007888
0.987598 0.010308
0.983830 0.013132
0.979575 0.016371
0.974836 0.020029
0.969616 0.024088
0.963920 0.028521
0.957751 0.033292
0.951116 0.038337
0.944019 0.043605
0.936467 0.049090
0.928468 0.054814
0.920031 0.060783
0.911165 0.066980
0.901879 0.073444
0.892183 0.080221
0.882087 0.087275
0.871601 0.094580
0.860735 0.102129
0.849501 0.109930
0.837910 0.118045
0.825974 0.126419
0.813704 0.134992
0.801113 0.143756
0.788214 0.152685
0.775019 0.161750
0.761541 0.170842
0.747795 0.179948
0.733792 0.189051
0.719548 0.198125
0.705077 0.207117
0.690392 0.216033
0.675509 0.224812
0.660442 0.233441
0.645206 0.241866
0.629817 0.250042
0.614290 0.257952
0.598640 0.265581
0.582884 0.272917
0.567036 0.279898
0.551113 0.286495
0.535131 0.292699
0.519106 0.298501
0.503054 0.303855
0.486991 0.308749
0.470934 0.313209
0.454898 0.317223
0.438900 0.320747
0.422956 0.323767
0.407083 0.326306
0.391295 0.328364
0.375610 0.329904
0.360044 0.330920
0.344612 0.331429
0.329330 0.331419
0.314213 0.330845
0.299279 0.329708
0.284541 0.328031
0.270015 0.325777
0.255717 0.322900
0.241661 0.319394
0.227862 0.315252
0.214336 0.310433
0.201095 0.304946
0.188155 0.298818
0.175530 0.292030
0.163234 0.284554
0.151280 0.276377
0.139681 0.267505
0.128452 0.257932
0.117606 0.247719
0.107155 0.236949
0.097113 0.225683
0.087493 0.213957
0.078306 0.201755
0.069566 0.189038
0.061285 0.175892
0.053474 0.162550
0.046150 0.149110
0.039326 0.135687
0.033014 0.122308
0.027230 0.108984
0.021980 0.095722
0.017277 0.082640
0.013141 0.069901
0.009573 0.057700
0.006583 0.046252
0.004188 0.035630
0.002354 0.026017
0.001081 0.017727
0.000371 0.011063
0.000077 0.006214
0.000005 0.003288
0.000000 0.002309
0.000005 0.001364
0.000077 -0.001463
0.000371 -0.005973
0.001081 -0.011865
0.002353 -0.018548
0.004188 -0.025225
0.006585 -0.031529
0.009576 -0.037633
0.013145 -0.042877
0.017281 -0.047280
0.021983 -0.051232
0.027232 -0.054897
0.033016 -0.058321
0.039328 -0.061591
0.046152 -0.064767
0.053476 -0.067854
0.061287 -0.070862
0.069568 -0.073815
0.078308 -0.076681
0.087495 -0.079424
0.097115 -0.082061
0.107157 -0.084581
0.117608 -0.087055
0.128454 -0.089441
0.139683 -0.091759
0.151282 -0.093963
0.163235 -0.096031
0.175532 -0.097939
0.188157 -0.099689
0.201097 -0.101272
0.214337 -0.102672
0.227864 -0.103900
0.241663 -0.104957
0.255719 -0.105817
0.270017 -0.106447
0.284542 -0.106852
0.299280 -0.107051
0.314215 -0.107041
0.329331 -0.106803
0.344613 -0.106337
0.360045 -0.105634
0.375611 -0.104707
0.391296 -0.103544
0.407083 -0.102130
0.422957 -0.100504
0.438901 -0.098696
0.454899 -0.096721
0.470935 -0.094588
0.486992 -0.092338
0.503055 -0.089991
0.519107 -0.087549
0.535132 -0.085024
0.551114 -0.082426
0.567036 -0.079753
0.582884 -0.076985
0.598640 -0.074127
0.614290 -0.071183
0.629817 -0.068129
0.645206 -0.064970
0.660442 -0.061735
0.675509 -0.058466
0.690393 -0.055164
0.705077 -0.051836
0.719549 -0.048509
0.733793 -0.045222
0.747795 -0.041971
0.761542 -0.038780
0.775019 -0.035661
0.788214 -0.032634
0.801113 -0.029728
0.813704 -0.026958
0.825973 -0.024304
0.837910 -0.021782
0.849501 -0.019408
0.860735 -0.017191
0.871601 -0.015121
0.882088 -0.013202
0.892184 -0.011453
0.901880 -0.009871
0.911165 -0.008496
0.920031 -0.007306
0.928468 -0.006257
0.936467 -0.005323
0.944019 -0.004492
0.951116 -0.003726
0.957751 -0.002993
0.963920 -0.002312
0.969616 -0.001739
0.974836 -0.001316
0.979575 -0.001078
0.983831 -0.001003
0.987598 -0.001046
0.990874 -0.001149
0.993653 -0.001299
0.995934 -0.001485
0.997711 -0.001644
0.998982 -0.001709
0.999745 -0.001721
1.000000 -0.001722
