1.000000 0.010267
0.999745 0.010205
0.998982 0.009805
0.997711 0.010522
0.995933 0.010025
0.993653 0.009106
0.990874 0.007789
0.987598 0.007434
0.983830 0.006613
0.979575 0.006059
0.974836 0.005568
0.969616 0.005599
0.963920 0.005070
0.957751 0.005014
0.951116 0.005300
0.944019 0.005275
0.936467 0.005742
0.928468 0.006596
0.920031 0.007708
0.911165 0.009417
0.901879 0.011734
0.892183 0.013006
0.882087 0.016221
0.871601 0.019364
0.860735 0.023165
0.849501 0.027328
0.837910 0.032049
0.825974 0.036780
0.813704 0.041592
0.801113 0.046869
0.788214 0.052624
0.775019 0.057773
0.761541 0.065170
0.747795 0.071013
0.733792 0.079282
0.719548 0.084543
0.705077 0.091692
0.690392 0.097495
0.675509 0.104095
0.660442 0.111203
0.645206 0.118889
0.629817 0.126640
0.614290 0.133832
0.598640 0.140918
0.582884 0.148301
0.567036 0.156348
0.551113 0.164577
0.535131 0.172773
0.519106 0.180114
0.503054 0.187757
0.486991 0.193486
0.470934 0.199594
0.454898 0.205286
0.438900 0.210511
0.422956 0.215534
0.407083 0.219492
0.391295 0.223486
0.375610 0.227195
0.360044 0.227872
0.344612 0.230438
0.329330 0.231638
0.314213 0.232828
0.299279 0.233367
0.284541 0.232712
0.270015 0.231710
0.255717 0.231348
0.241661 0.228717
0.227862 0.225774
0.214336 0.222220
0.201095 0.218333
0.188155 0.214541
0.175530 0.210883
0.163234 0.206441
0.151280 0.199743
0.139681 0.193731
0.128452 0.186966
0.117606 0.180613
0.107155 0.177641
0.097113 0.166538
0.087493 0.161511
0.078306 0.152151
0.069566 0.144295
0.061285 0.136137
0.053474 0.128092
0.046150 0.120223
0.039326 0.111060
0.033014 0.103594
0.027230 0.093846
0.021980 0.084195
0.017277 0.073848
0.013141 0.065933
0.009573 0.056683
0.006583 0.047375
0.004188 0.037289
0.002354 0.029750
0.001081 0.023024
0.000371 0.016331
0.000077 0.012348
0.000005 0.009239
0.000000 0.007768
0.000005 0.008056
0.000077 0.004042
0.000371 -0.000360
0.001081 -0.005709
0.002353 -0.012336
0.004188 -0.020443
0.006585 -0.027839
0.009576 -0.033989
0.013145 -0.042080
0.017281 -0.048570
0.021983 -0.055534
0.027232 -0.061848
0.033016 -0.069582
0.039328 -0.078024
0.046152 -0.081881
0.053476 -0.087593
0.061287 -0.092335
0.069568 -0.098785
0.078308 -0.103618
0.087495 -0.107846
0.097115 -0.111872
0.107157 -0.116632
0.117608 -0.119319
0.128454 -0.123405
0.139683 -0.126287
0.151282 -0.129124
0.163235 -0.133201
0.175532 -0.134834
0.188157 -0.136988
0.201097 -0.140383
0.214337 -0.142408
0.227864 -0.143101
0.241663 -0.145075
0.255719 -0.146592
0.270017 -0.146749
0.284542 -0.149857
0.299280 -0.148593
0.314215 -0.148599
0.329331 -0.149852
0.344613 -0.149113
0.360045 -0.150038
0.375611 -0.149360
0.391296 -0.150204
0.407083 -0.147952
0.422957 -0.146883
0.438901 -0.145944
0.454899 -0.143940
0.470935 -0.144033
0.486992 -0.141109
0.503055 -0.137410
0.519107 -0.137895
0.535132 -0.134018
0.551114 -0.133269
0.567036 -0.130582
0.582884 -0.127762
0.598640 -0.124791
0.614290 -0.121903
0.629817 -0.119699
0.645206 -0.117361
0.660442 -0.113600
0.675509 -0.111233
0.690393 -0.105903
0.705077 -0.105269
0.719549 -0.100195
0.733793 -0.096262
0.747795 -0.094463
0.761542 -0.090183
0.775019 -0.085351
0.788214 -0.083634
0.801113 -0.078549
0.813704 -0.075534
0.825973 -0.069280
0.837910 -0.066361
0.849501 -0.062129
0.860735 -0.058704
0.871601 -0.054946
0.882088 -0.050010
0.892184 -0.046343
0.901880 -0.042129
0.911165 -0.038603
0.920031 -0.034868
0.928468 -0.032262
0.936467 -0.029107
0.944019 -0.025285
0.951116 -0.020802
0.957751 -0.017565
0.963920 -0.013830
0.969616 -0.010043
0.974836 -0.008175
0.979575 -0.006643
0.983831 -0.002671
0.987598 -0.001695
0.990874 0.000664
0.993653 0.002665
0.995934 0.003584
0.997711 0.005019
0.998982 0.005451
0.999745 0.005634
1.000000 0.003742
