1.000000 0.009265
0.999745 0.010019
0.998982 0.010145
0.997711 0.012222
0.995933 0.012512
0.993653 0.012672
0.990874 0.014398
0.987598 0.016429
0.983830 0.018422
0.979575 0.021025
0.974836 0.023951
0.969616 0.027514
0.963920 0.030704
0.957751 0.032491
0.951116 0.038984
0.944019 0.042229
0.936467 0.043757
0.928468 0.052237
0.920031 0.054972
0.911165 0.060716
0.901879 0.066499
0.892183 0.070746
0.882087 0.076822
0.871601 0.081864
0.860735 0.086961
0.849501 0.093310
0.837910 0.099217
0.825974 0.106656
0.813704 0.112202
0.801113 0.118749
0.788214 0.125469
0.775019 0.131150
0.761541 0.138143
0.747795 0.144539
0.733792 0.151736
0.719548 0.158759
0.705077 0.165506
0.690392 0.172766
0.675509 0.178318
0.660442 0.184521
0.645206 0.190493
0.629817 0.195972
0.614290 0.203111
0.598640 0.207977
0.582884 0.214498
0.567036 0.220410
0.551113 0.225339
0.535131 0.230201
0.519106 0.234765
0.503054 0.239357
0.486991 0.243382
0.470934 0.247520
0.454898 0.251150
0.438900 0.254035
0.422956 0.256044
0.407083 0.257500
0.391295 0.260082
0.375610 0.261769
0.360044 0.262707
0.344612 0.263770
0.329330 0.264912
0.314213 0.264621
0.299279 0.263776
0.284541 0.262708
0.270015 0.260805
0.255717 0.258144
0.241661 0.255301
0.227862 0.252472
0.214336 0.249192
0.201095 0.246776
0.188155 0.242738
0.175530 0.237953
0.163234 0.233049
0.151280 0.227504
0.139681 0.221532
0.128452 0.213562
0.117606 0.206730
0.107155 0.199479
0.097113 0.191538
0.087493 0.184507
0.078306 0.174774
0.069566 0.165033
0.061285 0.154998
0.053474 0.144660
0.046150 0.133795
0.039326 0.124948
0.033014 0.113605
0.027230 0.103600
0.021980 0.092122
0.017277 0.081646
0.013141 0.071605
0.009573 0.060091
0.006583 0.050385
0.004188 0.040801
0.002354 0.031868
0.001081 0.024279
0.000371 0.017864
0.000077 0.013500
0.000005 0.010582
0.000000 0.008268
0.000005 0.011847
0.000077 0.005003
0.000371 0.000816
0.001081 -0.005824
0.002353 -0.012571
0.004188 -0.018674
0.006585 -0.025858
0.009576 -0.033346
0.013145 -0.039360
0.017281 -0.044990
0.021983 -0.049147
0.027232 -0.053056
0.033016 -0.056264
0.039328 -0.058599
0.046152 -0.061231
0.053476 -0.064964
0.061287 -0.064465
0.069568 -0.066405
0.078308 -0.067039
0.087495 -0.068533
0.097115 -0.068854
0.107157 -0.070446
0.117608 -0.069113
0.128454 -0.070555
0.139683 -0.070162
0.151282 -0.069631
0.163235 -0.070753
0.175532 -0.068898
0.188157 -0.067874
0.201097 -0.065969
0.214337 -0.066225
0.227864 -0.064370
0.241663 -0.062934
0.255719 -0.060750
0.270017 -0.059510
0.284542 -0.057809
0.299280 -0.057476
0.314215 -0.054406
0.329331 -0.053376
0.344613 -0.052195
0.360045 -0.049737
0.375611 -0.048416
0.391296 -0.046865
0.407083 -0.045225
0.422957 -0.044376
0.438901 -0.043107
0.454899 -0.040753
0.470935 -0.039359
0.486992 -0.036913
0.503055 -0.034587
0.519107 -0.032302
0.535132 -0.030888
0.551114 -0.029079
0.567036 -0.028252
0.582884 -0.026531
0.598640 -0.025180
0.614290 -0.022884
0.629817 -0.021884
0.645206 -0.020349
0.660442 -0.019614
0.675509 -0.016642
0.690393 -0.016323
0.705077 -0.013551
0.719549 -0.012766
0.733793 -0.011743
0.747795 -0.011697
0.761542 -0.009053
0.775019 -0.009612
0.788214 -0.007510
0.801113 -0.006068
0.813704 -0.006731
0.825973 -0.004693
0.837910 -0.004783
0.849501 -0.003991
0.860735 -0.002702
0.871601 -0.002514
0.882088 -0.001492
0.892184 -0.000984
0.901880 -0.000619
0.911165 0.000343
0.920031 -0.000640
0.928468 -0.000197
0.936467 -0.000225
0.944019 -0.000572
0.951116 0.000753
0.957751 0.002140
0.963920 0.003535
0.969616 0.000921
0.974836 0.002785
0.979575 0.004041
0.983831 0.003786
0.987598 0.004135
0.990874 0.004389
0.993653 0.004652
0.995934 0.006093
0.997711 0.004870
0.998982 0.005164
0.999745 0.005657
1.000000 0.007588
