1.000000 0.002836
0.999745 0.006485
0.998982 0.010626
0.997711 0.010215
0.995933 0.012382
0.993653 0.011381
0.990874 0.009558
0.987598 0.011041
0.983830 0.013287
0.979575 0.014424
0.974836 0.015970
0.969616 0.018498
0.963920 0.020776
0.957751 0.022634
0.951116 0.025883
0.944019 0.028850
0.936467 0.033042
0.928468 0.037737
0.920031 0.043973
0.911165 0.048277
0.901879 0.053939
0.892183 0.059558
0.882087 0.065004
0.871601 0.070656
0.860735 0.076262
0.849501 0.082517
0.837910 0.088421
0.825974 0.095376
0.813704 0.101890
0.801113 0.108092
0.788214 0.115018
0.775019 0.122310
0.761541 0.129751
0.747795 0.137944
0.733792 0.144226
0.719548 0.152195
0.705077 0.158613
0.690392 0.166173
0.675509 0.174013
0.660442 0.181336
0.645206 0.188551
0.629817 0.195543
0.614290 0.203241
0.598640 0.208930
0.582884 0.215998
0.567036 0.222924
0.551113 0.228796
0.535131 0.235663
0.519106 0.239693
0.503054 0.244488
0.486991 0.249408
0.470934 0.252011
0.454898 0.255741
0.438900 0.258334
0.422956 0.260125
0.407083 0.261658
0.391295 0.262472
0.375610 0.263572
0.360044 0.264589
0.344612 0.265284
0.329330 0.264680
0.314213 0.263627
0.299279 0.261336
0.284541 0.258908
0.270015 0.255987
0.255717 0.253659
0.241661 0.249618
0.227862 0.245523
0.214336 0.240316
0.201095 0.234846
0.188155 0.228655
0.175530 0.223278
0.163234 0.216379
0.151280 0.210065
0.139681 0.203633
0.128452 0.196618
0.117606 0.190092
0.107155 0.183528
0.097113 0.175938
0.087493 0.167945
0.078306 0.159784
0.069566 0.151855
0.061285 0.144374
0.053474 0.136386
0.046150 0.129025
0.039326 0.119208
0.033014 0.110455
0.027230 0.101905
0.021980 0.091576
0.017277 0.083038
0.013141 0.073092
0.009573 0.062158
0.006583 0.052070
0.004188 0.042194
0.002354 0.032979
0.001081 0.024585
0.000371 0.018275
0.000077 0.012787
0.000005 0.009795
0.000000 0.007705
0.000005 0.006851
0.000077 0.003635
0.000371 -0.000923
0.001081 -0.006689
0.002353 -0.013419
0.004188 -0.020915
0.006585 -0.028830
0.009576 -0.037093
0.013145 -0.044161
0.017281 -0.051713
0.021983 -0.059262
0.027232 -0.065790
0.033016 -0.072940
0.039328 -0.078954
0.046152 -0.086301
0.053476 -0.092545
0.061287 -0.098738
0.069568 -0.105482
0.078308 -0.111324
0.087495 -0.118342
0.097115 -0.122992
0.107157 -0.129505
0.117608 -0.134707
0.128454 -0.140397
0.139683 -0.146763
0.151282 -0.150602
0.163235 -0.155683
0.175532 -0.159795
0.188157 -0.163169
0.201097 -0.166163
0.214337 -0.169474
0.227864 -0.172801
0.241663 -0.175925
0.255719 -0.179017
0.270017 -0.180874
0.284542 -0.183224
0.299280 -0.183683
0.314215 -0.184434
0.329331 -0.185828
0.344613 -0.186153
0.360045 -0.185477
0.375611 -0.183563
0.391296 -0.182732
0.407083 -0.180766
0.422957 -0.178178
0.438901 -0.175431
0.454899 -0.172095
0.470935 -0.169279
0.486992 -0.164012
0.503055 -0.159207
0.519107 -0.154101
0.535132 -0.149754
0.551114 -0.142762
0.567036 -0.138131
0.582884 -0.131439
0.598640 -0.125336
0.614290 -0.119697
0.629817 -0.112796
0.645206 -0.105932
0.660442 -0.098331
0.675509 -0.091689
0.690393 -0.085496
0.705077 -0.078840
0.719549 -0.073289
0.733793 -0.067149
0.747795 -0.063059
0.761542 -0.055338
0.775019 -0.049930
0.788214 -0.044186
0.801113 -0.038502
0.813704 -0.033419
0.825973 -0.028162
0.837910 -0.023865
0.849501 -0.020682
0.860735 -0.017051
0.871601 -0.013232
0.882088 -0.007938
0.892184 -0.003780
0.901880 -0.000808
0.911165 0.001421
0.920031 0.004604
0.928468 0.007271
0.936467 0.007155
0.944019 0.009499
0.951116 0.010211
0.957751 0.010929
0.963920 0.009879
0.969616 0.011365
0.974836 0.011286
0.979575 0.010830
0.983831 0.009995
0.987598 0.008838
0.990874 0.008617
0.993653 0.008462
0.995934 0.009363
0.997711 0.007669
0.998982 0.006977
0.999745 0.005997
1.000000 0.007543
