1.000000 0.006011
0.999745 0.010361
0.998982 0.009309
0.997711 0.012230
0.995933 0.012775
0.993653 0.012991
0.990874 0.013488
0.987598 0.016267
0.983830 0.018221
0.979575 0.022048
0.974836 0.024912
0.969616 0.029646
0.963920 0.033474
0.957751 0.036376
0.951116 0.041190
0.944019 0.043934
0.936467 0.048981
0.928468 0.053024
0.920031 0.058572
0.911165 0.063175
0.901879 0.070665
0.892183 0.076667
0.882087 0.083450
0.871601 0.089499
0.860735 0.095331
0.849501 0.103738
0.837910 0.110648
0.825974 0.118347
0.813704 0.126152
0.801113 0.134572
0.788214 0.142551
0.775019 0.150597
0.761541 0.159147
0.747795 0.168142
0.733792 0.175954
0.719548 0.184881
0.705077 0.193445
0.690392 0.202681
0.675509 0.210518
0.660442 0.218253
0.645206 0.226084
0.629817 0.233545
0.614290 0.239684
0.598640 0.245763
0.582884 0.252584
0.567036 0.258503
0.551113 0.264672
0.535131 0.268781
0.519106 0.272512
0.503054 0.275866
0.486991 0.279417
0.470934 0.282661
0.454898 0.285718
0.438900 0.287941
0.422956 0.287305
0.407083 0.287242
0.391295 0.287703
0.375610 0.288160
0.360044 0.287189
0.344612 0.285656
0.329330 0.284622
0.314213 0.283734
0.299279 0.280987
0.284541 0.277531
0.270015 0.272118
0.255717 0.268150
0.241661 0.262761
0.227862 0.257348
0.214336 0.252088
0.201095 0.246833
0.188155 0.240590
0.175530 0.233797
0.163234 0.227705
0.151280 0.221162
0.139681 0.214792
0.128452 0.208349
0.117606 0.200215
0.107155 0.191699
0.097113 0.183398
0.087493 0.175919
0.078306 0.168385
0.069566 0.160477
0.061285 0.155227
0.053474 0.145934
0.046150 0.138870
0.039326 0.131091
0.033014 0.121821
0.027230 0.112249
0.021980 0.101133
0.017277 0.089725
0.013141 0.078607
0.009573 0.067298
0.006583 0.056270
0.004188 0.043723
0.002354 0.033110
0.001081 0.024351
0.000371 0.016937
0.000077 0.012292
0.000005 0.008897
0.000000 0.008004
0.000005 0.005152
0.000077 0.001690
0.000371 -0.003534
0.001081 -0.009496
0.002353 -0.017132
0.004188 -0.026115
0.006585 -0.035617
0.009576 -0.046916
0.013145 -0.055733
0.017281 -0.065974
0.021983 -0.072282
0.027232 -0.080267
0.033016 -0.086240
0.039328 -0.091032
0.046152 -0.096399
0.053476 -0.101117
0.061287 -0.104853
0.069568 -0.109270
0.078308 -0.110971
0.087495 -0.114398
0.097115 -0.118537
0.107157 -0.120135
0.117608 -0.123293
0.128454 -0.124796
0.139683 -0.126341
0.151282 -0.128594
0.163235 -0.130257
0.175532 -0.131959
0.188157 -0.133624
0.201097 -0.134858
0.214337 -0.137402
0.227864 -0.139211
0.241663 -0.140133
0.255719 -0.141791
0.270017 -0.142218
0.284542 -0.143906
0.299280 -0.144146
0.314215 -0.144676
0.329331 -0.145742
0.344613 -0.145468
0.360045 -0.145895
0.375611 -0.145907
0.391296 -0.146647
0.407083 -0.146855
0.422957 -0.146143
0.438901 -0.145782
0.454899 -0.143770
0.470935 -0.143612
0.486992 -0.141635
0.503055 -0.139024
0.519107 -0.137143
0.535132 -0.133847
0.551114 -0.130902
0.567036 -0.128482
0.582884 -0.124409
0.598640 -0.120644
0.614290 -0.117792
0.629817 -0.113162
0.645206 -0.109440
0.660442 -0.105281
0.675509 -0.101799
0.690393 -0.096653
0.705077 -0.092764
0.719549 -0.088297
0.733793 -0.082924
0.747795 -0.077780
0.761542 -0.074262
0.775019 -0.068930
0.788214 -0.064391
0.801113 -0.060331
0.813704 -0.055886
0.825973 -0.052522
0.837910 -0.047814
0.849501 -0.043687
0.860735 -0.040581
0.871601 -0.036406
0.882088 -0.032362
0.892184 -0.029158
0.901880 -0.025798
0.911165 -0.023818
0.920031 -0.021524
0.928468 -0.019850
0.936467 -0.016975
0.944019 -0.014489
0.951116 -0.013110
0.957751 -0.010669
0.963920 -0.008929
0.969616 -0.006911
0.974836 -0.004735
0.979575 -0.004181
0.983831 -0.002911
0.987598 -0.002438
0.990874 -0.001419
0.993653 -0.000631
0.995934 0.000894
0.997711 -0.000629
0.998982 0.002286
0.999745 -0.000377
1.000000 -0.001156
