1.000000 0.005948
0.999745 0.007776
0.998982 0.007082
0.997711 0.006710
0.995933 0.009619
0.993653 0.009464
0.990874 0.010093
0.987598 0.012142
0.983830 0.012616
0.979575 0.014612
0.974836 0.017506
0.969616 0.020100
0.963920 0.022515
0.957751 0.025512
0.951116 0.027807
0.944019 0.030913
0.936467 0.033536
0.928468 0.037284
0.920031 0.040285
0.911165 0.043567
0.901879 0.047875
0.892183 0.051737
0.882087 0.056949
0.871601 0.061073
0.860735 0.065781
0.849501 0.069471
0.837910 0.076186
0.825974 0.079908
0.813704 0.085110
0.801113 0.090380
0.788214 0.094981
0.775019 0.100706
0.761541 0.107120
0.747795 0.111509
0.733792 0.117659
0.719548 0.123696
0.705077 0.130291
0.690392 0.136869
0.675509 0.141636
0.660442 0.148294
0.645206 0.153038
0.629817 0.158112
0.614290 0.163528
0.598640 0.169113
0.582884 0.174675
0.567036 0.179542
0.551113 0.184016
0.535131 0.188584
0.519106 0.192768
0.503054 0.196010
0.486991 0.198373
0.470934 0.201306
0.454898 0.204190
0.438900 0.206749
0.422956 0.208298
0.407083 0.209272
0.391295 0.209945
0.375610 0.209721
0.360044 0.209452
0.344612 0.209302
0.329330 0.209030
0.314213 0.207144
0.299279 0.205698
0.284541 0.204819
0.270015 0.202066
0.255717 0.199351
0.241661 0.196643
0.227862 0.192887
0.214336 0.189826
0.201095 0.186316
0.188155 0.181400
0.175530 0.177632
0.163234 0.173031
0.151280 0.167751
0.139681 0.163004
0.128452 0.158441
0.117606 0.152536
0.107155 0.146857
0.097113 0.139913
0.087493 0.133995
0.078306 0.127362
0.069566 0.121802
0.061285 0.116162
0.053474 0.110657
0.046150 0.104587
0.039326 0.097988
0.033014 0.090983
0.027230 0.084293
0.021980 0.077559
0.017277 0.070207
0.013141 0.063175
0.009573 0.056183
0.006583 0.047078
0.004188 0.039355
0.002354 0.031505
0.001081 0.023903
0.000371 0.018211
0.000077 0.013423
0.000005 0.010701
0.000000 0.009378
0.000005 0.008701
0.000077 0.004472
0.000371 -0.000841
0.001081 -0.007491
0.002353 -0.015826
0.004188 -0.021938
0.006585 -0.030273
0.009576 -0.038107
0.013145 -0.045141
0.017281 -0.053104
0.021983 -0.058543
0.027232 -0.065461
0.033016 -0.071921
0.039328 -0.080047
0.046152 -0.085982
0.053476 -0.093078
0.061287 -0.098362
0.069568 -0.105350
0.078308 -0.111750
0.087495 -0.118429
0.097115 -0.123454
0.107157 -0.129461
0.117608 -0.133786
0.128454 -0.138824
0.139683 -0.144281
0.151282 -0.148907
0.163235 -0.153530
0.175532 -0.158163
0.188157 -0.162494
0.201097 -0.166209
0.214337 -0.169856
0.227864 -0.172760
0.241663 -0.176036
0.255719 -0.179493
0.270017 -0.181863
0.284542 -0.183393
0.299280 -0.184522
0.314215 -0.186479
0.329331 -0.189279
0.344613 -0.189441
0.360045 -0.189319
0.375611 -0.190297
0.391296 -0.191023
0.407083 -0.188946
0.422957 -0.188524
0.438901 -0.187866
0.454899 -0.184654
0.470935 -0.182858
0.486992 -0.181214
0.503055 -0.178014
0.519107 -0.174288
0.535132 -0.170868
0.551114 -0.167257
0.567036 -0.161785
0.582884 -0.158662
0.598640 -0.151952
0.614290 -0.147898
0.629817 -0.143419
0.645206 -0.137540
0.660442 -0.132011
0.675509 -0.126755
0.690393 -0.120946
0.705077 -0.115269
0.719549 -0.111026
0.733793 -0.103650
0.747795 -0.097231
0.761542 -0.090832
0.775019 -0.084849
0.788214 -0.079861
0.801113 -0.073802
0.813704 -0.068091
0.825973 -0.061869
0.837910 -0.057009
0.849501 -0.052851
0.860735 -0.047638
0.871601 -0.042441
0.882088 -0.037884
0.892184 -0.033689
0.901880 -0.028922
0.911165 -0.026048
0.920031 -0.021286
0.928468 -0.019540
0.936467 -0.015879
0.944019 -0.013020
0.951116 -0.010601
0.957751 -0.008754
0.963920 -0.006178
0.969616 -0.003528
0.974836 -0.001016
0.979575 0.001267
0.983831 0.001951
0.987598 0.004339
0.990874 0.005501
0.993653 0.005940
0.995934 0.006668
0.997711 0.007907
0.998982 0.006692
0.999745 0.007167
1.000000 0.006268
