1.000000 -0.000175
0.999745 0.000574
0.998982 0.000265
0.997711 0.000971
0.995933 0.002041
0.993653 0.002678
0.990874 0.003701
0.987598 0.005544
0.983830 0.006978
0.979575 0.008590
0.974836 0.010835
0.969616 0.012938
0.963920 0.015385
0.957751 0.018070
0.951116 0.021237
0.944019 0.023784
0.936467 0.027062
0.928468 0.031033
0.920031 0.034175
0.911165 0.038174
0.901879 0.041964
0.892183 0.046224
0.882087 0.050703
0.871601 0.055246
0.860735 0.059461
0.849501 0.064334
0.837910 0.069239
0.825974 0.073829
0.813704 0.078368
0.801113 0.083557
0.788214 0.087867
0.775019 0.093787
0.761541 0.097716
0.747795 0.102974
0.733792 0.108704
0.719548 0.113103
0.705077 0.118427
0.690392 0.122199
0.675509 0.127433
0.660442 0.131698
0.645206 0.135200
0.629817 0.139797
0.614290 0.143723
0.598640 0.147053
0.582884 0.150941
0.567036 0.153883
0.551113 0.155992
0.535131 0.159881
0.519106 0.161998
0.503054 0.164262
0.486991 0.165670
0.470934 0.167382
0.454898 0.168487
0.438900 0.169903
0.422956 0.170497
0.407083 0.171864
0.391295 0.171585
0.375610 0.170362
0.360044 0.170779
0.344612 0.171123
0.329330 0.170401
0.314213 0.168695
0.299279 0.167592
0.284541 0.166813
0.270015 0.164558
0.255717 0.162435
0.241661 0.160142
0.227862 0.158361
0.214336 0.155656
0.201095 0.152958
0.188155 0.149854
0.175530 0.146155
0.163234 0.142452
0.151280 0.138773
0.139681 0.134197
0.128452 0.130553
0.117606 0.125889
0.107155 0.121261
0.097113 0.116424
0.087493 0.111729
0.078306 0.106218
0.069566 0.100545
0.061285 0.094895
0.053474 0.089107
0.046150 0.083114
0.039326 0.076842
0.033014 0.070312
0.027230 0.063595
0.021980 0.057043
0.017277 0.050273
0.013141 0.043411
0.009573 0.036512
0.006583 0.029662
0.004188 0.022867
0.002354 0.016773
0.001081 0.011023
0.000371 0.006051
0.000077 0.002448
0.000005 0.000510
0.000000 -0.000318
0.000005 -0.001097
0.000077 -0.003188
0.000371 -0.006307
0.001081 -0.010800
0.002353 -0.015419
0.004188 -0.020466
0.006585 -0.025274
0.009576 -0.029746
0.013145 -0.034175
0.017281 -0.038210
0.021983 -0.041898
0.027232 -0.045712
0.033016 -0.049292
0.039328 -0.052909
0.046152 -0.056124
0.053476 -0.059462
0.061287 -0.062363
0.069568 -0.065384
0.078308 -0.067463
0.087495 -0.070566
0.097115 -0.073128
0.107157 -0.075296
0.117608 -0.077880
0.128454 -0.080169
0.139683 -0.081100
0.151282 -0.083928
0.163235 -0.085192
0.175532 -0.087154
0.188157 -0.088180
0.201097 -0.090108
0.214337 -0.090787
0.227864 -0.091310
0.241663 -0.092581
0.255719 -0.093453
0.270017 -0.094050
0.284542 -0.094150
0.299280 -0.094779
0.314215 -0.095302
0.329331 -0.095345
0.344613 -0.094834
0.360045 -0.095211
0.375611 -0.094418
0.391296 -0.094015
0.407083 -0.092671
0.422957 -0.092277
0.438901 -0.091085
0.454899 -0.090619
0.470935 -0.089615
0.486992 -0.086932
0.503055 -0.085279
0.519107 -0.083413
0.535132 -0.081683
0.551114 -0.078813
0.567036 -0.076248
0.582884 -0.073843
0.598640 -0.070520
0.614290 -0.067810
0.629817 -0.064385
0.645206 -0.061044
0.660442 -0.057895
0.675509 -0.054356
0.690393 -0.052099
0.705077 -0.048727
0.719549 -0.045137
0.733793 -0.042048
0.747795 -0.039268
0.761542 -0.036587
0.775019 -0.033061
0.788214 -0.031530
0.801113 -0.027866
0.813704 -0.025178
0.825973 -0.023247
0.837910 -0.021541
0.849501 -0.018584
0.860735 -0.017359
0.871601 -0.015435
0.882088 -0.014019
0.892184 -0.012019
0.901880 -0.010524
0.911165 -0.009860
0.920031 -0.008491
0.928468 -0.007526
0.936467 -0.006743
0.944019 -0.005601
0.951116 -0.005153
0.957751 -0.004632
0.963920 -0.003882
0.969616 -0.003707
0.974836 -0.003087
0.979575 -0.003061
0.983831 -0.002823
0.987598 -0.002297
0.990874 -0.002317
0.993653 -0.002038
0.995934 -0.002022
0.997711 -0.002113
0.998982 -0.002042
0.999745 -0.002071
1.000000 -0.002071
