1.000000 -0.000552
0.999745 -0.000324
0.998982 0.000357
0.997711 0.001450
0.995933 0.002900
0.993653 0.004787
0.990874 0.007183
0.987598 0.010057
0.983830 0.013379
0.979575 0.017178
0.974836 0.021473
0.969616 0.026238
0.963920 0.031431
0.957751 0.037013
0.951116 0.042931
0.944019 0.049138
0.936467 0.055620
0.928468 0.062378
0.920031 0.069407
0.911165 0.076701
0.901879 0.084276
0.892183 0.092154
0.882087 0.100305
0.871601 0.108708
0.860735 0.117342
0.849501 0.126192
0.837910 0.135315
0.825974 0.144658
0.813704 0.154169
0.801113 0.163832
0.788214 0.173600
0.775019 0.183444
0.761541 0.193243
0.747795 0.202988
0.733792 0.212648
0.719548 0.222184
0.705077 0.231535
0.690392 0.240711
0.675509 0.249646
0.660442 0.258327
0.645206 0.266701
0.629817 0.274723
0.614290 0.282361
0.598640 0.289598
0.582884 0.296434
0.567036 0.302818
0.551113 0.308714
0.535131 0.314092
0.519106 0.318959
0.503054 0.323286
0.486991 0.327050
0.470934 0.330258
0.454898 0.332904
0.438900 0.334952
0.422956 0.336382
0.407083 0.337217
0.391295 0.337463
0.375610 0.337113
0.360044 0.336169
0.344612 0.334644
0.329330 0.332527
0.314213 0.329808
0.299279 0.326535
0.284541 0.322748
0.270015 0.318412
0.255717 0.313531
0.241661 0.308124
0.227862 0.302184
0.214336 0.295722
0.201095 0.288783
0.188155 0.281412
0.175530 0.273589
0.163234 0.265306
0.151280 0.256580
0.139681 0.247405
0.128452 0.237753
0.117606 0.227674
0.107155 0.217249
0.097113 0.206537
0.087493 0.195574
0.078306 0.184350
0.069566 0.172824
0.061285 0.161014
0.053474 0.149095
0.046150 0.137135
0.039326 0.125237
0.033014 0.113360
0.027230 0.101489
0.021980 0.089606
0.017277 0.077793
0.013141 0.066181
0.009573 0.054938
0.006583 0.044291
0.004188 0.034279
0.002354 0.025079
0.001081 0.017011
0.000371 0.010445
0.000077 0.005629
0.000005 0.002710
0.000000 0.001732
0.000005 0.000782
0.000077 -0.002083
0.000371 -0.006709
0.001081 -0.012874
0.002353 -0.020105
0.004188 -0.027681
0.006585 -0.035236
0.009576 -0.042935
0.013145 -0.050164
0.017281 -0.056833
0.021983 -0.063090
0.027232 -0.068904
0.033016 -0.074308
0.039328 -0.079376
0.046152 -0.084146
0.053476 -0.088595
0.061287 -0.092749
0.069568 -0.096651
0.078308 -0.100264
0.087495 -0.103547
0.097115 -0.106514
0.107157 -0.109131
0.117608 -0.111466
0.128454 -0.113487
0.139683 -0.115249
0.151282 -0.116709
0.163235 -0.117874
0.175532 -0.118739
0.188157 -0.119333
0.201097 -0.119648
0.214337 -0.119671
0.227864 -0.119430
0.241663 -0.118912
0.255719 -0.118101
0.270017 -0.116984
0.284542 -0.115588
0.299280 -0.113940
0.314215 -0.112040
0.329331 -0.109902
0.344613 -0.107560
0.360045 -0.105019
0.375611 -0.102299
0.391296 -0.099406
0.407083 -0.096363
0.422957 -0.093205
0.438901 -0.089954
0.454899 -0.086639
0.470935 -0.083286
0.486992 -0.079923
0.503055 -0.076560
0.519107 -0.073194
0.535132 -0.069846
0.551114 -0.066546
0.567036 -0.063286
0.582884 -0.060031
0.598640 -0.056778
0.614290 -0.053547
0.629817 -0.050324
0.645206 -0.047102
0.660442 -0.043893
0.675509 -0.040726
0.690393 -0.037597
0.705077 -0.034514
0.719549 -0.031507
0.733793 -0.028583
0.747795 -0.025724
0.761542 -0.022964
0.775019 -0.020330
0.788214 -0.017827
0.801113 -0.015470
0.813704 -0.013287
0.825973 -0.011254
0.837910 -0.009381
0.849501 -0.007672
0.860735 -0.006138
0.871601 -0.004761
0.882088 -0.003540
0.892184 -0.002487
0.901880 -0.001582
0.911165 -0.000864
0.920031 -0.000315
0.928468 0.000106
0.936467 0.000423
0.944019 0.000649
0.951116 0.000820
0.957751 0.000972
0.963920 0.001096
0.969616 0.001146
0.974836 0.001087
0.979575 0.000892
0.983831 0.000581
0.987598 0.000201
0.990874 -0.000182
0.993653 -0.000558
0.995934 -0.000928
0.997711 -0.001229
0.998982 -0.001381
0.999745 -0.001435
1.000000 -0.001452
