1.000000 0.011387
0.999745 0.010963
0.998982 0.011555
0.997711 0.013279
0.995933 0.014194
0.993653 0.013460
0.990874 0.012458
0.987598 0.013909
0.983830 0.014544
0.979575 0.015258
0.974836 0.016249
0.969616 0.018698
0.963920 0.019771
0.957751 0.022596
0.951116 0.025469
0.944019 0.027404
0.936467 0.031847
0.928468 0.033903
0.920031 0.039230
0.911165 0.042902
0.901879 0.047831
0.892183 0.052290
0.882087 0.056572
0.871601 0.061743
0.860735 0.067292
0.849501 0.073322
0.837910 0.080277
0.825974 0.086708
0.813704 0.092885
0.801113 0.099279
0.788214 0.105788
0.775019 0.112315
0.761541 0.118692
0.747795 0.125817
0.733792 0.131732
0.719548 0.139081
0.705077 0.144397
0.690392 0.149330
0.675509 0.153396
0.660442 0.158935
0.645206 0.162737
0.629817 0.167417
0.614290 0.171057
0.598640 0.175166
0.582884 0.179939
0.567036 0.184441
0.551113 0.187335
0.535131 0.189139
0.519106 0.192567
0.503054 0.194747
0.486991 0.198384
0.470934 0.199827
0.454898 0.201522
0.438900 0.202856
0.422956 0.204341
0.407083 0.205706
0.391295 0.206633
0.375610 0.207375
0.360044 0.207027
0.344612 0.207257
0.329330 0.207453
0.314213 0.206525
0.299279 0.205555
0.284541 0.205182
0.270015 0.204741
0.255717 0.204050
0.241661 0.202401
0.227862 0.201955
0.214336 0.199510
0.201095 0.199250
0.188155 0.196485
0.175530 0.194838
0.163234 0.192151
0.151280 0.191730
0.139681 0.185855
0.128452 0.184021
0.117606 0.180149
0.107155 0.176886
0.097113 0.171371
0.087493 0.165675
0.078306 0.159591
0.069566 0.153054
0.061285 0.145635
0.053474 0.137444
0.046150 0.128715
0.039326 0.119346
0.033014 0.110563
0.027230 0.099948
0.021980 0.090246
0.017277 0.080768
0.013141 0.070566
0.009573 0.058576
0.006583 0.049563
0.004188 0.040826
0.002354 0.030359
0.001081 0.023457
0.000371 0.016835
0.000077 0.011920
0.000005 0.009695
0.000000 0.008262
0.000005 0.007203
0.000077 0.005723
0.000371 -0.000597
0.001081 -0.005845
0.002353 -0.012556
0.004188 -0.019053
0.006585 -0.025296
0.009576 -0.030154
0.013145 -0.033807
0.017281 -0.036890
0.021983 -0.039762
0.027232 -0.042761
0.033016 -0.045790
0.039328 -0.048357
0.046152 -0.051606
0.053476 -0.054883
0.061287 -0.058231
0.069568 -0.061718
0.078308 -0.064135
0.087495 -0.066549
0.097115 -0.069561
0.107157 -0.071349
0.117608 -0.076589
0.128454 -0.076407
0.139683 -0.079263
0.151282 -0.082384
0.163235 -0.085927
0.175532 -0.086138
0.188157 -0.088618
0.201097 -0.092637
0.214337 -0.093966
0.227864 -0.095286
0.241663 -0.098555
0.255719 -0.099666
0.270017 -0.101662
0.284542 -0.102296
0.299280 -0.104016
0.314215 -0.106135
0.329331 -0.106793
0.344613 -0.108385
0.360045 -0.108619
0.375611 -0.109256
0.391296 -0.109803
0.407083 -0.111612
0.422957 -0.110433
0.438901 -0.110474
0.454899 -0.110217
0.470935 -0.110134
0.486992 -0.110055
0.503055 -0.108500
0.519107 -0.107467
0.535132 -0.106279
0.551114 -0.105224
0.567036 -0.103612
0.582884 -0.101656
0.598640 -0.099030
0.614290 -0.097410
0.629817 -0.094631
0.645206 -0.092097
0.660442 -0.088347
0.675509 -0.085584
0.690393 -0.081810
0.705077 -0.079775
0.719549 -0.075378
0.733793 -0.073039
0.747795 -0.067421
0.761542 -0.065051
0.775019 -0.059423
0.788214 -0.056634
0.801113 -0.053914
0.813704 -0.048711
0.825973 -0.045778
0.837910 -0.041745
0.849501 -0.038932
0.860735 -0.034097
0.871601 -0.032637
0.882088 -0.028055
0.892184 -0.027060
0.901880 -0.020635
0.911165 -0.017712
0.920031 -0.014803
0.928468 -0.012551
0.936467 -0.010879
0.944019 -0.007747
0.951116 -0.005295
0.957751 -0.003079
0.963920 -0.001782
0.969616 0.000265
0.974836 0.001340
0.979575 0.001684
0.983831 0.003575
0.987598 0.003539
0.990874 0.004593
0.993653 0.004756
0.995934 0.003853
0.997711 0.001760
0.998982 0.005041
0.999745 0.004429
1.000000 0.005604
