1.000000 0.006907
0.999745 0.011056
0.998982 0.012918
0.997711 0.012271
0.995933 0.012496
0.993653 0.013571
0.990874 0.013240
0.987598 0.015311
0.983830 0.016913
0.979575 0.020145
0.974836 0.022365
0.969616 0.025366
0.963920 0.028093
0.957751 0.031013
0.951116 0.034785
0.944019 0.038993
0.936467 0.043042
0.928468 0.048040
0.920031 0.051716
0.911165 0.057137
0.901879 0.062706
0.892183 0.068580
0.882087 0.074764
0.871601 0.080514
0.860735 0.087931
0.849501 0.093585
0.837910 0.100847
0.825974 0.107095
0.813704 0.114367
0.801113 0.120806
0.788214 0.128271
0.775019 0.134224
0.761541 0.141626
0.747795 0.148899
0.733792 0.155329
0.719548 0.162280
0.705077 0.169521
0.690392 0.177254
0.675509 0.182835
0.660442 0.189431
0.645206 0.195563
0.629817 0.202526
0.614290 0.207364
0.598640 0.213028
0.582884 0.218012
0.567036 0.224035
0.551113 0.228797
0.535131 0.232721
0.519106 0.236318
0.503054 0.240010
0.486991 0.243720
0.470934 0.247216
0.454898 0.249255
0.438900 0.250933
0.422956 0.252229
0.407083 0.253346
0.391295 0.254301
0.375610 0.254645
0.360044 0.254691
0.344612 0.254126
0.329330 0.253475
0.314213 0.252349
0.299279 0.251082
0.284541 0.249675
0.270015 0.247647
0.255717 0.244833
0.241661 0.242092
0.227862 0.239986
0.214336 0.236832
0.201095 0.233668
0.188155 0.230180
0.175530 0.224628
0.163234 0.221268
0.151280 0.215878
0.139681 0.209745
0.128452 0.203891
0.117606 0.197430
0.107155 0.190342
0.097113 0.182506
0.087493 0.173585
0.078306 0.164481
0.069566 0.157018
0.061285 0.148131
0.053474 0.138071
0.046150 0.128055
0.039326 0.118096
0.033014 0.108845
0.027230 0.098589
0.021980 0.088003
0.017277 0.076703
0.013141 0.067560
0.009573 0.058102
0.006583 0.048736
0.004188 0.039392
0.002354 0.030882
0.001081 0.023015
0.000371 0.018168
0.000077 0.012810
0.000005 0.009114
0.000000 0.008460
0.000005 0.007827
0.000077 0.005355
0.000371 0.001373
0.001081 -0.004049
0.002353 -0.010052
0.004188 -0.016076
0.006585 -0.021213
0.009576 -0.026333
0.013145 -0.031142
0.017281 -0.036141
0.021983 -0.041053
0.027232 -0.045276
0.033016 -0.049993
0.039328 -0.053860
0.046152 -0.058649
0.053476 -0.061352
0.061287 -0.065084
0.069568 -0.070416
0.078308 -0.072080
0.087495 -0.075817
0.097115 -0.079433
0.107157 -0.081735
0.117608 -0.084053
0.128454 -0.086785
0.139683 -0.089622
0.151282 -0.091598
0.163235 -0.093440
0.175532 -0.095067
0.188157 -0.096857
0.201097 -0.097731
0.214337 -0.100714
0.227864 -0.100631
0.241663 -0.101855
0.255719 -0.103126
0.270017 -0.103031
0.284542 -0.104388
0.299280 -0.104572
0.314215 -0.104558
0.329331 -0.104126
0.344613 -0.104577
0.360045 -0.103715
0.375611 -0.102903
0.391296 -0.101933
0.407083 -0.102283
0.422957 -0.100428
0.438901 -0.098369
0.454899 -0.095566
0.470935 -0.093831
0.486992 -0.090861
0.503055 -0.088787
0.519107 -0.083584
0.535132 -0.080072
0.551114 -0.075113
0.567036 -0.070136
0.582884 -0.065569
0.598640 -0.061609
0.614290 -0.056850
0.629817 -0.051481
0.645206 -0.046701
0.660442 -0.042325
0.675509 -0.037492
0.690393 -0.033374
0.705077 -0.029093
0.719549 -0.024511
0.733793 -0.020633
0.747795 -0.016841
0.761542 -0.013306
0.775019 -0.009568
0.788214 -0.005494
0.801113 -0.002540
0.813704 0.000259
0.825973 0.002564
0.837910 0.004469
0.849501 0.006299
0.860735 0.008039
0.871601 0.008906
0.882088 0.009505
0.892184 0.010993
0.901880 0.011297
0.911165 0.011095
0.920031 0.011276
0.928468 0.012614
0.936467 0.012882
0.944019 0.013746
0.951116 0.013116
0.957751 0.014156
0.963920 0.013557
0.969616 0.013521
0.974836 0.012120
0.979575 0.011658
0.983831 0.011067
0.987598 0.010844
0.990874 0.010434
0.993653 0.008308
0.995934 0.009006
0.997711 0.008078
0.998982 0.008585
0.999745 0.006887
1.000000 0.006780
