1.000000 0.010424
0.999745 0.007158
0.998982 0.009431
0.997711 0.010335
0.995933 0.011511
0.993653 0.012386
0.990874 0.011222
0.987598 0.014654
0.983830 0.017030
0.979575 0.018327
0.974836 0.019927
0.969616 0.022932
0.963920 0.025289
0.957751 0.027472
0.951116 0.029098
0.944019 0.032417
0.936467 0.034376
0.928468 0.037510
0.920031 0.040786
0.911165 0.045049
0.901879 0.047758
0.892183 0.053930
0.882087 0.054494
0.871601 0.058881
0.860735 0.063339
0.849501 0.067402
0.837910 0.071552
0.825974 0.076106
0.813704 0.079496
0.801113 0.083830
0.788214 0.087050
0.775019 0.091400
0.761541 0.095441
0.747795 0.099753
0.733792 0.105434
0.719548 0.109441
0.705077 0.113511
0.690392 0.117351
0.675509 0.121382
0.660442 0.125764
0.645206 0.130261
0.629817 0.134270
0.614290 0.136978
0.598640 0.140518
0.582884 0.142930
0.567036 0.146923
0.551113 0.149224
0.535131 0.151706
0.519106 0.154091
0.503054 0.156456
0.486991 0.158974
0.470934 0.160347
0.454898 0.162748
0.438900 0.163144
0.422956 0.163808
0.407083 0.166286
0.391295 0.165032
0.375610 0.166126
0.360044 0.166057
0.344612 0.166168
0.329330 0.165737
0.314213 0.164710
0.299279 0.162386
0.284541 0.161059
0.270015 0.159841
0.255717 0.159032
0.241661 0.156307
0.227862 0.154337
0.214336 0.151094
0.201095 0.148426
0.188155 0.144490
0.175530 0.140734
0.163234 0.137598
0.151280 0.131274
0.139681 0.128315
0.128452 0.123693
0.117606 0.120102
0.107155 0.115067
0.097113 0.110896
0.087493 0.106582
0.078306 0.100548
0.069566 0.095510
0.061285 0.090215
0.053474 0.085326
0.046150 0.080757
0.039326 0.075396
0.033014 0.069870
0.027230 0.065114
0.021980 0.059798
0.017277 0.054152
0.013141 0.050285
0.009573 0.045465
0.006583 0.039144
0.004188 0.032758
0.002354 0.025659
0.001081 0.021836
0.000371 0.016682
0.000077 0.012056
0.000005 0.010420
0.000000 0.008573
0.000005 0.007795
0.000077 0.005885
0.000371 0.001842
0.001081 -0.002347
0.002353 -0.006595
0.004188 -0.010763
0.006585 -0.014826
0.009576 -0.018135
0.013145 -0.020723
0.017281 -0.023997
0.021983 -0.026478
0.027232 -0.029477
0.033016 -0.032862
0.039328 -0.035702
0.046152 -0.037321
0.053476 -0.040275
0.061287 -0.040824
0.069568 -0.041143
0.078308 -0.042398
0.087495 -0.043003
0.097115 -0.044537
0.107157 -0.044862
0.117608 -0.046229
0.128454 -0.045379
0.139683 -0.046163
0.151282 -0.046754
0.163235 -0.046728
0.175532 -0.046967
0.188157 -0.045150
0.201097 -0.045033
0.214337 -0.044634
0.227864 -0.044107
0.241663 -0.042473
0.255719 -0.041711
0.270017 -0.040415
0.284542 -0.039795
0.299280 -0.038650
0.314215 -0.036461
0.329331 -0.034042
0.344613 -0.032282
0.360045 -0.028974
0.375611 -0.027269
0.391296 -0.024954
0.407083 -0.022121
0.422957 -0.019732
0.438901 -0.018415
0.454899 -0.015665
0.470935 -0.013520
0.486992 -0.011011
0.503055 -0.009260
0.519107 -0.007358
0.535132 -0.005837
0.551114 -0.004192
0.567036 -0.002152
0.582884 -0.001029
0.598640 0.000058
0.614290 0.002009
0.629817 0.004387
0.645206 0.005192
0.660442 0.007219
0.675509 0.007241
0.690393 0.008529
0.705077 0.009600
0.719549 0.009006
0.733793 0.009813
0.747795 0.010601
0.761542 0.010261
0.775019 0.009952
0.788214 0.009670
0.801113 0.009551
0.813704 0.009421
0.825973 0.008306
0.837910 0.007770
0.849501 0.007469
0.860735 0.005775
0.871601 0.006139
0.882088 0.006159
0.892184 0.006830
0.901880 0.007923
0.911165 0.006552
0.920031 0.005414
0.928468 0.003971
0.936467 0.004183
0.944019 0.006758
0.951116 0.005613
0.957751 0.005005
0.963920 0.005666
0.969616 0.005102
0.974836 0.006302
0.979575 0.005690
0.983831 0.007016
0.987598 0.006666
0.990874 0.007213
0.993653 0.007071
0.995934 0.007001
0.997711 0.007325
0.998982 0.006148
0.999745 0.005194
1.000000 0.005033
