1.000000 0.007766
0.999745 0.008349
0.998982 0.009280
0.997711 0.010003
0.995933 0.011757
0.993653 0.014279
0.990874 0.013296
0.987598 0.014153
0.983830 0.015367
0.979575 0.016629
0.974836 0.020653
0.969616 0.023250
0.963920 0.023857
0.957751 0.028209
0.951116 0.029980
0.944019 0.032496
0.936467 0.035559
0.928468 0.038080
0.920031 0.040476
0.911165 0.043488
0.901879 0.046272
0.892183 0.049108
0.882087 0.053020
0.871601 0.055679
0.860735 0.059787
0.849501 0.064226
0.837910 0.068714
0.825974 0.071658
0.813704 0.076161
0.801113 0.080323
0.788214 0.084608
0.775019 0.089345
0.761541 0.092915
0.747795 0.096805
0.733792 0.101604
0.719548 0.105827
0.705077 0.109190
0.690392 0.114135
0.675509 0.115506
0.660442 0.119591
0.645206 0.122859
0.629817 0.128039
0.614290 0.132022
0.598640 0.135816
0.582884 0.139881
0.567036 0.143054
0.551113 0.147673
0.535131 0.150279
0.519106 0.153235
0.503054 0.156047
0.486991 0.159086
0.470934 0.162565
0.454898 0.164475
0.438900 0.167127
0.422956 0.169189
0.407083 0.171892
0.391295 0.174240
0.375610 0.176048
0.360044 0.176788
0.344612 0.177448
0.329330 0.177499
0.314213 0.178563
0.299279 0.179562
0.284541 0.179220
0.270015 0.178979
0.255717 0.178208
0.241661 0.178430
0.227862 0.177552
0.214336 0.176148
0.201095 0.175287
0.188155 0.174367
0.175530 0.172966
0.163234 0.170760
0.151280 0.167290
0.139681 0.164121
0.128452 0.160046
0.117606 0.156888
0.107155 0.151796
0.097113 0.145855
0.087493 0.141736
0.078306 0.136169
0.069566 0.129304
0.061285 0.124862
0.053474 0.116297
0.046150 0.109733
0.039326 0.102916
0.033014 0.095415
0.027230 0.086751
0.021980 0.078860
0.017277 0.070653
0.013141 0.062978
0.009573 0.054161
0.006583 0.045954
0.004188 0.038235
0.002354 0.030377
0.001081 0.024087
0.000371 0.016721
0.000077 0.012265
0.000005 0.009144
0.000000 0.008037
0.000005 0.006204
0.000077 0.003704
0.000371 0.000814
0.001081 -0.003895
0.002353 -0.009195
0.004188 -0.013727
0.006585 -0.018597
0.009576 -0.022104
0.013145 -0.025783
0.017281 -0.028094
0.021983 -0.031714
0.027232 -0.032389
0.033016 -0.034754
0.039328 -0.036693
0.046152 -0.039406
0.053476 -0.039178
0.061287 -0.036802
0.069568 -0.039054
0.078308 -0.038014
0.087495 -0.036553
0.097115 -0.036165
0.107157 -0.034369
0.117608 -0.033872
0.128454 -0.033176
0.139683 -0.031178
0.151282 -0.028843
0.163235 -0.028316
0.175532 -0.027934
0.188157 -0.024435
0.201097 -0.022643
0.214337 -0.021405
0.227864 -0.020590
0.241663 -0.017073
0.255719 -0.015997
0.270017 -0.013553
0.284542 -0.009394
0.299280 -0.008909
0.314215 -0.005977
0.329331 -0.002638
0.344613 0.000788
0.360045 0.001722
0.375611 0.004270
0.391296 0.007623
0.407083 0.009882
0.422957 0.012007
0.438901 0.013140
0.454899 0.014238
0.470935 0.014393
0.486992 0.017330
0.503055 0.019118
0.519107 0.021050
0.535132 0.022141
0.551114 0.024405
0.567036 0.025660
0.582884 0.027314
0.598640 0.028381
0.614290 0.029893
0.629817 0.029028
0.645206 0.029803
0.660442 0.029647
0.675509 0.030827
0.690393 0.032982
0.705077 0.033073
0.719549 0.033297
0.733793 0.032950
0.747795 0.032870
0.761542 0.032815
0.775019 0.031783
0.788214 0.031750
0.801113 0.030969
0.813704 0.030000
0.825973 0.029837
0.837910 0.028701
0.849501 0.027660
0.860735 0.026191
0.871601 0.023968
0.882088 0.024735
0.892184 0.023527
0.901880 0.022584
0.911165 0.020792
0.920031 0.018904
0.928468 0.018005
0.936467 0.017075
0.944019 0.015043
0.951116 0.014955
0.957751 0.013818
0.963920 0.012782
0.969616 0.012756
0.974836 0.011887
0.979575 0.011662
0.983831 0.010250
0.987598 0.010040
0.990874 0.009640
0.993653 0.008776
0.995934 0.006972
0.997711 0.008854
0.998982 0.006116
0.999745 0.008322
1.000000 0.002982
