1.000000 0.008122
0.999745 0.011542
0.998982 0.012943
0.997711 0.013702
0.995933 0.014558
0.993653 0.016554
0.990874 0.018575
0.987598 0.021558
0.983830 0.024138
0.979575 0.026878
0.974836 0.030204
0.969616 0.033765
0.963920 0.036880
0.957751 0.041125
0.951116 0.046670
0.944019 0.050301
0.936467 0.054250
0.928468 0.060082
0.920031 0.066280
0.911165 0.071799
0.901879 0.077829
0.892183 0.083025
0.882087 0.090291
0.871601 0.096604
0.860735 0.101523
0.849501 0.109625
0.837910 0.117648
0.825974 0.125883
0.813704 0.134305
0.801113 0.142812
0.788214 0.151205
0.775019 0.160053
0.761541 0.169353
0.747795 0.176977
0.733792 0.187473
0.719548 0.196490
0.705077 0.205424
0.690392 0.214201
0.675509 0.223184
0.660442 0.232294
0.645206 0.240928
0.629817 0.250208
0.614290 0.259484
0.598640 0.268685
0.582884 0.276645
0.567036 0.283497
0.551113 0.291025
0.535131 0.298704
0.519106 0.305731
0.503054 0.312148
0.486991 0.317879
0.470934 0.322893
0.454898 0.328410
0.438900 0.332664
0.422956 0.339471
0.407083 0.341594
0.391295 0.345250
0.375610 0.347836
0.360044 0.349738
0.344612 0.351458
0.329330 0.352976
0.314213 0.352755
0.299279 0.352761
0.284541 0.351705
0.270015 0.349365
0.255717 0.345901
0.241661 0.342712
0.227862 0.338851
0.214336 0.333060
0.201095 0.327063
0.188155 0.320176
0.175530 0.313976
0.163234 0.306495
0.151280 0.297553
0.139681 0.288666
0.128452 0.279412
0.117606 0.270161
0.107155 0.261559
0.097113 0.250175
0.087493 0.238997
0.078306 0.228091
0.069566 0.214454
0.061285 0.201175
0.053474 0.187288
0.046150 0.173478
0.039326 0.157538
0.033014 0.141879
0.027230 0.127437
0.021980 0.112753
0.017277 0.097438
0.013141 0.083184
0.009573 0.069130
0.006583 0.056149
0.004188 0.044307
0.002354 0.032929
0.001081 0.024532
0.000371 0.017954
0.000077 0.012300
0.000005 0.010405
0.000000 0.007669
0.000005 0.007072
0.000077 0.002870
0.000371 -0.000706
0.001081 -0.006306
0.002353 -0.014025
0.004188 -0.023668
0.006585 -0.035035
0.009576 -0.044659
0.013145 -0.054736
0.017281 -0.065625
0.021983 -0.074041
0.027232 -0.082744
0.033016 -0.090595
0.039328 -0.098326
0.046152 -0.105098
0.053476 -0.110958
0.061287 -0.116463
0.069568 -0.122273
0.078308 -0.127616
0.087495 -0.131875
0.097115 -0.135938
0.107157 -0.139829
0.117608 -0.143605
0.128454 -0.145296
0.139683 -0.147791
0.151282 -0.148865
0.163235 -0.150203
0.175532 -0.151215
0.188157 -0.150754
0.201097 -0.151522
0.214337 -0.151350
0.227864 -0.151308
0.241663 -0.151190
0.255719 -0.150207
0.270017 -0.150362
0.284542 -0.146073
0.299280 -0.145223
0.314215 -0.143160
0.329331 -0.142432
0.344613 -0.140556
0.360045 -0.138732
0.375611 -0.136914
0.391296 -0.135893
0.407083 -0.133952
0.422957 -0.133354
0.438901 -0.131217
0.454899 -0.131440
0.470935 -0.129406
0.486992 -0.128063
0.503055 -0.125783
0.519107 -0.125166
0.535132 -0.124325
0.551114 -0.121797
0.567036 -0.120859
0.582884 -0.118054
0.598640 -0.116352
0.614290 -0.113348
0.629817 -0.111120
0.645206 -0.108276
0.660442 -0.104824
0.675509 -0.102962
0.690393 -0.098499
0.705077 -0.096121
0.719549 -0.092338
0.733793 -0.089537
0.747795 -0.087069
0.761542 -0.082472
0.775019 -0.078722
0.788214 -0.074352
0.801113 -0.071569
0.813704 -0.066822
0.825973 -0.063182
0.837910 -0.058269
0.849501 -0.055021
0.860735 -0.050891
0.871601 -0.047785
0.882088 -0.043407
0.892184 -0.038894
0.901880 -0.037508
0.911165 -0.033021
0.920031 -0.030635
0.928468 -0.027787
0.936467 -0.023699
0.944019 -0.021376
0.951116 -0.018259
0.957751 -0.015247
0.963920 -0.011697
0.969616 -0.009786
0.974836 -0.007785
0.979575 -0.006066
0.983831 -0.004193
0.987598 -0.002422
0.990874 -0.000905
0.993653 0.000286
0.995934 0.000290
0.997711 0.003028
0.998982 0.005142
0.999745 0.002755
1.000000 0.000476
