1.000000 0.008936
0.999745 0.008983
0.998982 0.009988
0.997711 0.011202
0.995933 0.012305
0.993653 0.013989
0.990874 0.014200
0.987598 0.015178
0.983830 0.018351
0.979575 0.021944
0.974836 0.024404
0.969616 0.029253
0.963920 0.032417
0.957751 0.035743
0.951116 0.040965
0.944019 0.044314
0.936467 0.049044
0.928468 0.053501
0.920031 0.058066
0.911165 0.063278
0.901879 0.068822
0.892183 0.073492
0.882087 0.079298
0.871601 0.084261
0.860735 0.090340
0.849501 0.096763
0.837910 0.102716
0.825974 0.110343
0.813704 0.115563
0.801113 0.121682
0.788214 0.129010
0.775019 0.135537
0.761541 0.142223
0.747795 0.149101
0.733792 0.154969
0.719548 0.164229
0.705077 0.171317
0.690392 0.179476
0.675509 0.186194
0.660442 0.193069
0.645206 0.199768
0.629817 0.207796
0.614290 0.212627
0.598640 0.219068
0.582884 0.225205
0.567036 0.230828
0.551113 0.236237
0.535131 0.241522
0.519106 0.247039
0.503054 0.251537
0.486991 0.256240
0.470934 0.260203
0.454898 0.264820
0.438900 0.268531
0.422956 0.270859
0.407083 0.273733
0.391295 0.276158
0.375610 0.278764
0.360044 0.279403
0.344612 0.280231
0.329330 0.280810
0.314213 0.281684
0.299279 0.281684
0.284541 0.280886
0.270015 0.279415
0.255717 0.277305
0.241661 0.274759
0.227862 0.270938
0.214336 0.266529
0.201095 0.261439
0.188155 0.255995
0.175530 0.251333
0.163234 0.244391
0.151280 0.238178
0.139681 0.230341
0.128452 0.221282
0.117606 0.212753
0.107155 0.203396
0.097113 0.194942
0.087493 0.186155
0.078306 0.177264
0.069566 0.166672
0.061285 0.156246
0.053474 0.145405
0.046150 0.135428
0.039326 0.124302
0.033014 0.114292
0.027230 0.104221
0.021980 0.093030
0.017277 0.082883
0.013141 0.072569
0.009573 0.062450
0.006583 0.052466
0.004188 0.042936
0.002354 0.033978
0.001081 0.026273
0.000371 0.019716
0.000077 0.014063
0.000005 0.011386
0.000000 0.009979
0.000005 0.008185
0.000077 0.004874
0.000371 0.000268
0.001081 -0.004580
0.002353 -0.010715
0.004188 -0.017520
0.006585 -0.023257
0.009576 -0.028784
0.013145 -0.033027
0.017281 -0.035368
0.021983 -0.035881
0.027232 -0.034353
0.033016 -0.032867
0.039328 -0.029198
0.046152 -0.025746
0.053476 -0.023648
0.061287 -0.019628
0.069568 -0.016277
0.078308 -0.013065
0.087495 -0.008364
0.097115 -0.005003
0.107157 -0.002427
0.117608 -0.000718
0.128454 0.003267
0.139683 0.006950
0.151282 0.008307
0.163235 0.009992
0.175532 0.013966
0.188157 0.016153
0.201097 0.016948
0.214337 0.020181
0.227864 0.022079
0.241663 0.023760
0.255719 0.027288
0.270017 0.029092
0.284542 0.030208
0.299280 0.032722
0.314215 0.034830
0.329331 0.033735
0.344613 0.035757
0.360045 0.035642
0.375611 0.037068
0.391296 0.036181
0.407083 0.037590
0.422957 0.036923
0.438901 0.037899
0.454899 0.037265
0.470935 0.038501
0.486992 0.036749
0.503055 0.037984
0.519107 0.037314
0.535132 0.037443
0.551114 0.037218
0.567036 0.036696
0.582884 0.036056
0.598640 0.036297
0.614290 0.033948
0.629817 0.032733
0.645206 0.031094
0.660442 0.028583
0.675509 0.027641
0.690393 0.026603
0.705077 0.025725
0.719549 0.025567
0.733793 0.024868
0.747795 0.022800
0.761542 0.022496
0.775019 0.021892
0.788214 0.021071
0.801113 0.019851
0.813704 0.020078
0.825973 0.017644
0.837910 0.018196
0.849501 0.017658
0.860735 0.016462
0.871601 0.015387
0.882088 0.014427
0.892184 0.013159
0.901880 0.012010
0.911165 0.010906
0.920031 0.010212
0.928468 0.009134
0.936467 0.009047
0.944019 0.006462
0.951116 0.006518
0.957751 0.004563
0.963920 0.004956
0.969616 0.003149
0.974836 0.004049
0.979575 0.004104
0.983831 0.003635
0.987598 0.003862
0.990874 0.003612
0.993653 0.002583
0.995934 0.002267
0.997711 0.003117
0.998982 -0.000571
0.999745 0.001826
1.000000 0.001328
