1.000000 0.003832
0.999745 0.002279
0.998982 0.006437
0.997711 0.008175
0.995933 0.009709
0.993653 0.008830
0.990874 0.009487
0.987598 0.011007
0.983830 0.014244
0.979575 0.014695
0.974836 0.016274
0.969616 0.018903
0.963920 0.021851
0.957751 0.024381
0.951116 0.026935
0.944019 0.029624
0.936467 0.034213
0.928468 0.039203
0.920031 0.043622
0.911165 0.048843
0.901879 0.053774
0.892183 0.058178
0.882087 0.063208
0.871601 0.067981
0.860735 0.072900
0.849501 0.078437
0.837910 0.083487
0.825974 0.088627
0.813704 0.094522
0.801113 0.100185
0.788214 0.105886
0.775019 0.111091
0.761541 0.116321
0.747795 0.122714
0.733792 0.128105
0.719548 0.134205
0.705077 0.139628
0.690392 0.145261
0.675509 0.150652
0.660442 0.154986
0.645206 0.160120
0.629817 0.165245
0.614290 0.170096
0.598640 0.174860
0.582884 0.179522
0.567036 0.184810
0.551113 0.189351
0.535131 0.193184
0.519106 0.196989
0.503054 0.201038
0.486991 0.204668
0.470934 0.207562
0.454898 0.210577
0.438900 0.214072
0.422956 0.216768
0.407083 0.219241
0.391295 0.221185
0.375610 0.223279
0.360044 0.224829
0.344612 0.227207
0.329330 0.227619
0.314213 0.229133
0.299279 0.230452
0.284541 0.231045
0.270015 0.231628
0.255717 0.231606
0.241661 0.231980
0.227862 0.230885
0.214336 0.230243
0.201095 0.229818
0.188155 0.228095
0.175530 0.227353
0.163234 0.225255
0.151280 0.222121
0.139681 0.219298
0.128452 0.215000
0.117606 0.209837
0.107155 0.205284
0.097113 0.198589
0.087493 0.191762
0.078306 0.183090
0.069566 0.174311
0.061285 0.164967
0.053474 0.155472
0.046150 0.146046
0.039326 0.135671
0.033014 0.126379
0.027230 0.112117
0.021980 0.101771
0.017277 0.089413
0.013141 0.077736
0.009573 0.066001
0.006583 0.054883
0.004188 0.043144
0.002354 0.033703
0.001081 0.024945
0.000371 0.018177
0.000077 0.013220
0.000005 0.010546
0.000000 0.008426
0.000005 0.007619
0.000077 0.003428
0.000371 -0.001020
0.001081 -0.006399
0.002353 -0.013896
0.004188 -0.021021
0.006585 -0.027738
0.009576 -0.034077
0.013145 -0.038013
0.017281 -0.043124
0.021983 -0.045897
0.027232 -0.049140
0.033016 -0.054552
0.039328 -0.054398
0.046152 -0.060789
0.053476 -0.063835
0.061287 -0.068208
0.069568 -0.070573
0.078308 -0.072681
0.087495 -0.076765
0.097115 -0.079087
0.107157 -0.082779
0.117608 -0.086231
0.128454 -0.088695
0.139683 -0.092167
0.151282 -0.094996
0.163235 -0.098539
0.175532 -0.100286
0.188157 -0.102700
0.201097 -0.106337
0.214337 -0.108650
0.227864 -0.111195
0.241663 -0.112874
0.255719 -0.116011
0.270017 -0.116752
0.284542 -0.117839
0.299280 -0.118981
0.314215 -0.120116
0.329331 -0.122209
0.344613 -0.121835
0.360045 -0.123023
0.375611 -0.123469
0.391296 -0.123249
0.407083 -0.123321
0.422957 -0.121989
0.438901 -0.122590
0.454899 -0.121384
0.470935 -0.119994
0.486992 -0.118768
0.503055 -0.117511
0.519107 -0.116843
0.535132 -0.115070
0.551114 -0.113507
0.567036 -0.111741
0.582884 -0.108964
0.598640 -0.103608
0.614290 -0.102281
0.629817 -0.099900
0.645206 -0.096064
0.660442 -0.092447
0.675509 -0.088593
0.690393 -0.086568
0.705077 -0.082582
0.719549 -0.077297
0.733793 -0.073707
0.747795 -0.068826
0.761542 -0.065572
0.775019 -0.061089
0.788214 -0.057745
0.801113 -0.052850
0.813704 -0.049329
0.825973 -0.045323
0.837910 -0.040538
0.849501 -0.038011
0.860735 -0.033846
0.871601 -0.030104
0.882088 -0.026558
0.892184 -0.022829
0.901880 -0.020479
0.911165 -0.016975
0.920031 -0.014084
0.928468 -0.010728
0.936467 -0.008870
0.944019 -0.005754
0.951116 -0.003835
0.957751 -0.001097
0.963920 -0.000385
0.969616 0.000669
0.974836 0.001859
0.979575 0.002385
0.983831 0.001949
0.987598 0.003081
0.990874 0.003261
0.993653 0.002954
0.995934 0.002309
0.997711 0.004493
0.998982 0.003747
0.999745 0.002347
1.000000 0.001111
