1.000000 0.004267
0.999745 0.012247
0.998982 0.008034
0.997711 0.009179
0.995933 0.009886
0.993653 0.009893
0.990874 0.010787
0.987598 0.011879
0.983830 0.013230
0.979575 0.015319
0.974836 0.017080
0.969616 0.018934
0.963920 0.020394
0.957751 0.023979
0.951116 0.022823
0.944019 0.026948
0.936467 0.029271
0.928468 0.029669
0.920031 0.032629
0.911165 0.035408
0.901879 0.038464
0.892183 0.040947
0.882087 0.045847
0.871601 0.047325
0.860735 0.050597
0.849501 0.054628
0.837910 0.057369
0.825974 0.063565
0.813704 0.065328
0.801113 0.069001
0.788214 0.072830
0.775019 0.076646
0.761541 0.080287
0.747795 0.084357
0.733792 0.088257
0.719548 0.092915
0.705077 0.097047
0.690392 0.102319
0.675509 0.105912
0.660442 0.111440
0.645206 0.116418
0.629817 0.120228
0.614290 0.125591
0.598640 0.130858
0.582884 0.135771
0.567036 0.142137
0.551113 0.147080
0.535131 0.151777
0.519106 0.156663
0.503054 0.160339
0.486991 0.167516
0.470934 0.170486
0.454898 0.174964
0.438900 0.178560
0.422956 0.182319
0.407083 0.186489
0.391295 0.190574
0.375610 0.193533
0.360044 0.196495
0.344612 0.200302
0.329330 0.202564
0.314213 0.205220
0.299279 0.206824
0.284541 0.208161
0.270015 0.209106
0.255717 0.209001
0.241661 0.208055
0.227862 0.207336
0.214336 0.206723
0.201095 0.204783
0.188155 0.204388
0.175530 0.200262
0.163234 0.197076
0.151280 0.193968
0.139681 0.190096
0.128452 0.186052
0.117606 0.181782
0.107155 0.175431
0.097113 0.168877
0.087493 0.162697
0.078306 0.156359
0.069566 0.149669
0.061285 0.141474
0.053474 0.133472
0.046150 0.124571
0.039326 0.117140
0.033014 0.108664
0.027230 0.100275
0.021980 0.090778
0.017277 0.079928
0.013141 0.070680
0.009573 0.060111
0.006583 0.050549
0.004188 0.040487
0.002354 0.032126
0.001081 0.024036
0.000371 0.017511
0.000077 0.012207
0.000005 0.009181
0.000000 0.007938
0.000005 0.006938
0.000077 0.005678
0.000371 0.001159
0.001081 -0.003888
0.002353 -0.010197
0.004188 -0.014100
0.006585 -0.019190
0.009576 -0.023524
0.013145 -0.026771
0.017281 -0.030631
0.021983 -0.033504
0.027232 -0.037432
0.033016 -0.040634
0.039328 -0.043829
0.046152 -0.047000
0.053476 -0.049100
0.061287 -0.051490
0.069568 -0.054599
0.078308 -0.056435
0.087495 -0.059712
0.097115 -0.059113
0.107157 -0.061209
0.117608 -0.062638
0.128454 -0.063868
0.139683 -0.064661
0.151282 -0.065888
0.163235 -0.065489
0.175532 -0.065842
0.188157 -0.065262
0.201097 -0.064752
0.214337 -0.063480
0.227864 -0.062996
0.241663 -0.061630
0.255719 -0.061107
0.270017 -0.058364
0.284542 -0.056157
0.299280 -0.056232
0.314215 -0.054280
0.329331 -0.052874
0.344613 -0.050013
0.360045 -0.049135
0.375611 -0.047307
0.391296 -0.044896
0.407083 -0.042701
0.422957 -0.041762
0.438901 -0.039368
0.454899 -0.038135
0.470935 -0.036241
0.486992 -0.034313
0.503055 -0.033383
0.519107 -0.031013
0.535132 -0.029896
0.551114 -0.027781
0.567036 -0.025294
0.582884 -0.024328
0.598640 -0.021558
0.614290 -0.021539
0.629817 -0.018389
0.645206 -0.016678
0.660442 -0.015551
0.675509 -0.014245
0.690393 -0.012770
0.705077 -0.011080
0.719549 -0.009408
0.733793 -0.008095
0.747795 -0.007285
0.761542 -0.005535
0.775019 -0.003915
0.788214 -0.002594
0.801113 -0.000672
0.813704 0.000014
0.825973 0.001895
0.837910 0.002400
0.849501 0.002451
0.860735 0.003270
0.871601 0.003712
0.882088 0.003958
0.892184 0.003585
0.901880 0.003233
0.911165 0.004666
0.920031 0.004380
0.928468 0.004034
0.936467 0.004505
0.944019 0.005245
0.951116 0.005823
0.957751 0.005279
0.963920 0.005423
0.969616 0.006793
0.974836 0.006380
0.979575 0.006692
0.983831 0.006665
0.987598 0.006266
0.990874 0.006648
0.993653 0.007477
0.995934 0.005607
0.997711 0.006282
0.998982 0.006610
0.999745 0.004758
1.000000 0.005222
