1.000000 0.007998
0.999745 0.010908
0.998982 0.010437
0.997711 0.011208
0.995933 0.009891
0.993653 0.010365
0.990874 0.010791
0.987598 0.012471
0.983830 0.014154
0.979575 0.015274
0.974836 0.016425
0.969616 0.018631
0.963920 0.022024
0.957751 0.022925
0.951116 0.026596
0.944019 0.029734
0.936467 0.032441
0.928468 0.035519
0.920031 0.038307
0.911165 0.041086
0.901879 0.045532
0.892183 0.047149
0.882087 0.050260
0.871601 0.053623
0.860735 0.059185
0.849501 0.064199
0.837910 0.066966
0.825974 0.070345
0.813704 0.077122
0.801113 0.081476
0.788214 0.086454
0.775019 0.092088
0.761541 0.097477
0.747795 0.104398
0.733792 0.109826
0.719548 0.116974
0.705077 0.122927
0.690392 0.129845
0.675509 0.136531
0.660442 0.144668
0.645206 0.152221
0.629817 0.159304
0.614290 0.166637
0.598640 0.175719
0.582884 0.183503
0.567036 0.191657
0.551113 0.199803
0.535131 0.206501
0.519106 0.215735
0.503054 0.222412
0.486991 0.228673
0.470934 0.236855
0.454898 0.243154
0.438900 0.249610
0.422956 0.255859
0.407083 0.261382
0.391295 0.267705
0.375610 0.274164
0.360044 0.278339
0.344612 0.282741
0.329330 0.287385
0.314213 0.289966
0.299279 0.293041
0.284541 0.297729
0.270015 0.298621
0.255717 0.301888
0.241661 0.302679
0.227862 0.303096
0.214336 0.304834
0.201095 0.304633
0.188155 0.304029
0.175530 0.302291
0.163234 0.299073
0.151280 0.295255
0.139681 0.289962
0.128452 0.283373
0.117606 0.275163
0.107155 0.265615
0.097113 0.255088
0.087493 0.243215
0.078306 0.232710
0.069566 0.218892
0.061285 0.205217
0.053474 0.190307
0.046150 0.175485
0.039326 0.160640
0.033014 0.144646
0.027230 0.129682
0.021980 0.113959
0.017277 0.099920
0.013141 0.083324
0.009573 0.069643
0.006583 0.056298
0.004188 0.043136
0.002354 0.031078
0.001081 0.021090
0.000371 0.015869
0.000077 0.011714
0.000005 0.008213
0.000000 0.008400
0.000005 0.006225
0.000077 0.004547
0.000371 -0.001310
0.001081 -0.005980
0.002353 -0.011531
0.004188 -0.016350
0.006585 -0.021765
0.009576 -0.026014
0.013145 -0.030287
0.017281 -0.033808
0.021983 -0.034900
0.027232 -0.038603
0.033016 -0.041146
0.039328 -0.043877
0.046152 -0.045897
0.053476 -0.049654
0.061287 -0.053146
0.069568 -0.056667
0.078308 -0.060019
0.087495 -0.065022
0.097115 -0.065643
0.107157 -0.069252
0.117608 -0.072148
0.128454 -0.075718
0.139683 -0.078286
0.151282 -0.082473
0.163235 -0.085600
0.175532 -0.088179
0.188157 -0.091685
0.201097 -0.094241
0.214337 -0.096703
0.227864 -0.099721
0.241663 -0.102551
0.255719 -0.105132
0.270017 -0.107896
0.284542 -0.109149
0.299280 -0.111982
0.314215 -0.115432
0.329331 -0.116110
0.344613 -0.118313
0.360045 -0.120261
0.375611 -0.122929
0.391296 -0.123634
0.407083 -0.125090
0.422957 -0.126282
0.438901 -0.127518
0.454899 -0.128374
0.470935 -0.129082
0.486992 -0.128770
0.503055 -0.129655
0.519107 -0.129351
0.535132 -0.128778
0.551114 -0.128135
0.567036 -0.126853
0.582884 -0.126404
0.598640 -0.124079
0.614290 -0.123149
0.629817 -0.122228
0.645206 -0.120655
0.660442 -0.119116
0.675509 -0.116616
0.690393 -0.116197
0.705077 -0.112804
0.719549 -0.110867
0.733793 -0.107925
0.747795 -0.104915
0.761542 -0.102513
0.775019 -0.100232
0.788214 -0.094453
0.801113 -0.089418
0.813704 -0.087419
0.825973 -0.081694
0.837910 -0.077641
0.849501 -0.072794
0.860735 -0.066819
0.871601 -0.061788
0.882088 -0.056526
0.892184 -0.049243
0.901880 -0.047507
0.911165 -0.040508
0.920031 -0.035953
0.928468 -0.031996
0.936467 -0.026795
0.944019 -0.022419
0.951116 -0.018382
0.957751 -0.015709
0.963920 -0.011702
0.969616 -0.008429
0.974836 -0.006094
0.979575 -0.003288
0.983831 -0.000547
0.987598 0.001456
0.990874 0.002967
0.993653 0.003277
0.995934 0.006762
0.997711 0.005537
0.998982 0.007823
0.999745 0.004894
1.000000 0.006601
