1.000000 0.005635
0.999745 0.007294
0.998982 0.007549
0.997711 0.007830
0.995933 0.007904
0.993653 0.008052
0.990874 0.007508
0.987598 0.006781
0.983830 0.008896
0.979575 0.009300
0.974836 0.010934
0.969616 0.012559
0.963920 0.014360
0.957751 0.016277
0.951116 0.018714
0.944019 0.021423
0.936467 0.024627
0.928468 0.028362
0.920031 0.030955
0.911165 0.036145
0.901879 0.040865
0.892183 0.045830
0.882087 0.051948
0.871601 0.057377
0.860735 0.063144
0.849501 0.068912
0.837910 0.075612
0.825974 0.082702
0.813704 0.089151
0.801113 0.096264
0.788214 0.102960
0.775019 0.110800
0.761541 0.119783
0.747795 0.128907
0.733792 0.138440
0.719548 0.147235
0.705077 0.156155
0.690392 0.166000
0.675509 0.175099
0.660442 0.184827
0.645206 0.194333
0.629817 0.204594
0.614290 0.214833
0.598640 0.224807
0.582884 0.234581
0.567036 0.244198
0.551113 0.253451
0.535131 0.263702
0.519106 0.272373
0.503054 0.281302
0.486991 0.289548
0.470934 0.297709
0.454898 0.305029
0.438900 0.312358
0.422956 0.319342
0.407083 0.325749
0.391295 0.331835
0.375610 0.337017
0.360044 0.341760
0.344612 0.345533
0.329330 0.348941
0.314213 0.352905
0.299279 0.355743
0.284541 0.358085
0.270015 0.361124
0.255717 0.361594
0.241661 0.362281
0.227862 0.361533
0.214336 0.360209
0.201095 0.356461
0.188155 0.351817
0.175530 0.347252
0.163234 0.338271
0.151280 0.330207
0.139681 0.321214
0.128452 0.312148
0.117606 0.300065
0.107155 0.286845
0.097113 0.273427
0.087493 0.259768
0.078306 0.244441
0.069566 0.229014
0.061285 0.212498
0.053474 0.198137
0.046150 0.180705
0.039326 0.164513
0.033014 0.149162
0.027230 0.132540
0.021980 0.116280
0.017277 0.099696
0.013141 0.084231
0.009573 0.069885
0.006583 0.055553
0.004188 0.042559
0.002354 0.032443
0.001081 0.024677
0.000371 0.017044
0.000077 0.013340
0.000005 0.009996
0.000000 0.009547
0.000005 0.008550
0.000077 0.005719
0.000371 0.000931
0.001081 -0.005161
0.002353 -0.012248
0.004188 -0.019632
0.006585 -0.028864
0.009576 -0.038713
0.013145 -0.046554
0.017281 -0.053852
0.021983 -0.064474
0.027232 -0.072905
0.033016 -0.081434
0.039328 -0.090838
0.046152 -0.099400
0.053476 -0.107499
0.061287 -0.117185
0.069568 -0.125696
0.078308 -0.132226
0.087495 -0.140453
0.097115 -0.145339
0.107157 -0.155391
0.117608 -0.161420
0.128454 -0.168741
0.139683 -0.175156
0.151282 -0.181136
0.163235 -0.186526
0.175532 -0.191773
0.188157 -0.195727
0.201097 -0.201078
0.214337 -0.204006
0.227864 -0.207446
0.241663 -0.209601
0.255719 -0.213531
0.270017 -0.215043
0.284542 -0.216054
0.299280 -0.217479
0.314215 -0.218319
0.329331 -0.218495
0.344613 -0.219092
0.360045 -0.218242
0.375611 -0.218064
0.391296 -0.216805
0.407083 -0.215332
0.422957 -0.213896
0.438901 -0.212077
0.454899 -0.210618
0.470935 -0.206998
0.486992 -0.204503
0.503055 -0.203955
0.519107 -0.199027
0.535132 -0.195071
0.551114 -0.192342
0.567036 -0.189060
0.582884 -0.184045
0.598640 -0.179790
0.614290 -0.174646
0.629817 -0.169457
0.645206 -0.165012
0.660442 -0.157660
0.675509 -0.153777
0.690393 -0.145121
0.705077 -0.139600
0.719549 -0.133177
0.733793 -0.127368
0.747795 -0.119836
0.761542 -0.114319
0.775019 -0.107497
0.788214 -0.101253
0.801113 -0.093787
0.813704 -0.088205
0.825973 -0.081256
0.837910 -0.074641
0.849501 -0.070508
0.860735 -0.062707
0.871601 -0.057722
0.882088 -0.050635
0.892184 -0.044344
0.901880 -0.038703
0.911165 -0.033291
0.920031 -0.027982
0.928468 -0.023580
0.936467 -0.019036
0.944019 -0.014849
0.951116 -0.011445
0.957751 -0.008565
0.963920 -0.006018
0.969616 -0.002649
0.974836 -0.001258
0.979575 0.000532
0.983831 0.002829
0.987598 0.004940
0.990874 0.004779
0.993653 0.006508
0.995934 0.008028
0.997711 0.008767
0.998982 0.008573
0.999745 0.009396
1.000000 0.010352
