1.000000 0.014013
0.999745 0.015286
0.998982 0.015743
0.997711 0.016724
0.995933 0.020310
0.993653 0.023948
0.990874 0.027831
0.987598 0.031667
0.983830 0.035434
0.979575 0.040349
0.974836 0.045256
0.969616 0.052274
0.963920 0.057819
0.957751 0.063857
0.951116 0.071035
0.944019 0.077599
0.936467 0.085009
0.928468 0.091840
0.920031 0.099481
0.911165 0.107742
0.901879 0.115196
0.892183 0.122508
0.882087 0.129366
0.871601 0.137843
0.860735 0.145372
0.849501 0.154297
0.837910 0.162365
0.825974 0.168653
0.813704 0.176243
0.801113 0.184526
0.788214 0.192090
0.775019 0.200087
0.761541 0.207313
0.747795 0.214482
0.733792 0.221102
0.719548 0.227886
0.705077 0.233672
0.690392 0.238640
0.675509 0.243496
0.660442 0.248829
0.645206 0.253691
0.629817 0.257349
0.614290 0.260758
0.598640 0.264060
0.582884 0.267151
0.567036 0.270622
0.551113 0.273155
0.535131 0.275925
0.519106 0.277115
0.503054 0.279843
0.486991 0.279794
0.470934 0.281886
0.454898 0.281810
0.438900 0.282457
0.422956 0.282414
0.407083 0.282077
0.391295 0.281594
0.375610 0.279478
0.360044 0.278206
0.344612 0.276336
0.329330 0.275678
0.314213 0.274354
0.299279 0.271207
0.284541 0.267846
0.270015 0.264454
0.255717 0.261596
0.241661 0.258633
0.227862 0.255794
0.214336 0.251290
0.201095 0.247026
0.188155 0.242389
0.175530 0.237420
0.163234 0.232465
0.151280 0.227744
0.139681 0.222713
0.128452 0.217058
0.117606 0.210882
0.107155 0.204461
0.097113 0.197187
0.087493 0.191140
0.078306 0.183863
0.069566 0.175181
0.061285 0.166519
0.053474 0.156832
0.046150 0.149944
0.039326 0.139803
0.033014 0.129009
0.027230 0.118038
0.021980 0.105941
0.017277 0.092713
0.013141 0.079705
0.009573 0.067008
0.006583 0.054768
0.004188 0.042886
0.002354 0.031508
0.001081 0.021077
0.000371 0.015667
0.000077 0.010259
0.000005 0.007961
0.000000 0.007304
0.000005 0.006002
0.000077 0.003512
0.000371 -0.001363
0.001081 -0.007921
0.002353 -0.017386
0.004188 -0.028224
0.006585 -0.040862
0.009576 -0.052741
0.013145 -0.065392
0.017281 -0.076765
0.021983 -0.088742
0.027232 -0.099621
0.033016 -0.110285
0.039328 -0.119543
0.046152 -0.127267
0.053476 -0.135358
0.061287 -0.142380
0.069568 -0.150240
0.078308 -0.157441
0.087495 -0.164174
0.097115 -0.170005
0.107157 -0.175315
0.117608 -0.180796
0.128454 -0.185227
0.139683 -0.191473
0.151282 -0.195359
0.163235 -0.199817
0.175532 -0.202287
0.188157 -0.207509
0.201097 -0.211142
0.214337 -0.214271
0.227864 -0.216153
0.241663 -0.219103
0.255719 -0.221692
0.270017 -0.223840
0.284542 -0.224355
0.299280 -0.226152
0.314215 -0.227213
0.329331 -0.229239
0.344613 -0.228216
0.360045 -0.227324
0.375611 -0.226519
0.391296 -0.225930
0.407083 -0.225222
0.422957 -0.222962
0.438901 -0.220911
0.454899 -0.216569
0.470935 -0.213550
0.486992 -0.208163
0.503055 -0.203405
0.519107 -0.197375
0.535132 -0.190012
0.551114 -0.183294
0.567036 -0.173641
0.582884 -0.164687
0.598640 -0.151594
0.614290 -0.139313
0.629817 -0.125859
0.645206 -0.112116
0.660442 -0.098871
0.675509 -0.084845
0.690393 -0.071089
0.705077 -0.058737
0.719549 -0.044810
0.733793 -0.031555
0.747795 -0.020189
0.761542 -0.005838
0.775019 0.000987
0.788214 0.011348
0.801113 0.021139
0.813704 0.027370
0.825973 0.035808
0.837910 0.039978
0.849501 0.044873
0.860735 0.048411
0.871601 0.049890
0.882088 0.051371
0.892184 0.051395
0.901880 0.051592
0.911165 0.051568
0.920031 0.049189
0.928468 0.046070
0.936467 0.043158
0.944019 0.039985
0.951116 0.036525
0.957751 0.031546
0.963920 0.027950
0.969616 0.023525
0.974836 0.020887
0.979575 0.015739
0.983831 0.012314
0.987598 0.009393
0.990874 0.006431
0.993653 0.003750
0.995934 0.001598
0.997711 -0.000143
0.998982 -0.001296
0.999745 -0.000435
1.000000 -0.001339
