1.000000 0.009464
0.999745 0.010881
0.998982 0.010259
0.997711 0.011169
0.995933 0.011670
0.993653 0.012050
0.990874 0.013239
0.987598 0.014341
0.983830 0.015698
0.979575 0.017383
0.974836 0.018231
0.969616 0.020110
0.963920 0.022708
0.957751 0.024985
0.951116 0.028352
0.944019 0.031665
0.936467 0.034511
0.928468 0.036413
0.920031 0.039430
0.911165 0.043166
0.901879 0.046956
0.892183 0.051359
0.882087 0.057530
0.871601 0.062629
0.860735 0.068044
0.849501 0.073852
0.837910 0.081582
0.825974 0.088720
0.813704 0.095967
0.801113 0.102410
0.788214 0.109112
0.775019 0.116687
0.761541 0.123548
0.747795 0.130822
0.733792 0.137724
0.719548 0.145217
0.705077 0.152435
0.690392 0.160617
0.675509 0.168880
0.660442 0.179041
0.645206 0.184215
0.629817 0.192592
0.614290 0.199905
0.598640 0.207993
0.582884 0.215917
0.567036 0.222408
0.551113 0.231982
0.535131 0.236775
0.519106 0.244866
0.503054 0.249340
0.486991 0.255443
0.470934 0.260456
0.454898 0.265663
0.438900 0.269366
0.422956 0.272937
0.407083 0.276561
0.391295 0.279415
0.375610 0.282627
0.360044 0.285240
0.344612 0.287356
0.329330 0.288514
0.314213 0.288474
0.299279 0.286932
0.284541 0.285635
0.270015 0.283772
0.255717 0.281900
0.241661 0.279292
0.227862 0.274748
0.214336 0.270757
0.201095 0.265300
0.188155 0.259200
0.175530 0.253944
0.163234 0.244743
0.151280 0.236650
0.139681 0.228484
0.128452 0.217229
0.117606 0.208393
0.107155 0.197673
0.097113 0.187364
0.087493 0.176763
0.078306 0.165651
0.069566 0.154599
0.061285 0.142946
0.053474 0.132019
0.046150 0.121104
0.039326 0.110256
0.033014 0.100090
0.027230 0.089322
0.021980 0.079631
0.017277 0.069106
0.013141 0.060648
0.009573 0.051974
0.006583 0.043800
0.004188 0.035127
0.002354 0.027722
0.001081 0.021463
0.000371 0.015564
0.000077 0.012270
0.000005 0.008011
0.000000 0.007465
0.000005 0.006399
0.000077 0.003903
0.000371 0.001721
0.001081 -0.000693
0.002353 -0.007657
0.004188 -0.012039
0.006585 -0.014937
0.009576 -0.017286
0.013145 -0.017952
0.017281 -0.016967
0.021983 -0.015788
0.027232 -0.013296
0.033016 -0.010846
0.039328 -0.008438
0.046152 -0.006343
0.053476 -0.003353
0.061287 -0.000704
0.069568 0.001957
0.078308 0.005227
0.087495 0.007419
0.097115 0.011683
0.107157 0.015102
0.117608 0.018761
0.128454 0.021259
0.139683 0.024685
0.151282 0.026905
0.163235 0.030461
0.175532 0.033462
0.188157 0.035787
0.201097 0.037928
0.214337 0.039904
0.227864 0.041871
0.241663 0.044082
0.255719 0.045593
0.270017 0.046782
0.284542 0.045560
0.299280 0.048085
0.314215 0.048535
0.329331 0.048657
0.344613 0.048949
0.360045 0.046894
0.375611 0.045841
0.391296 0.043943
0.407083 0.043257
0.422957 0.041091
0.438901 0.037472
0.454899 0.035809
0.470935 0.032425
0.486992 0.030241
0.503055 0.027589
0.519107 0.025160
0.535132 0.022116
0.551114 0.017517
0.567036 0.015691
0.582884 0.012631
0.598640 0.009549
0.614290 0.005925
0.629817 0.002472
0.645206 0.000283
0.660442 -0.002462
0.675509 -0.004281
0.690393 -0.007373
0.705077 -0.010015
0.719549 -0.011650
0.733793 -0.014173
0.747795 -0.014345
0.761542 -0.015896
0.775019 -0.017785
0.788214 -0.018313
0.801113 -0.018237
0.813704 -0.019044
0.825973 -0.019801
0.837910 -0.020387
0.849501 -0.020755
0.860735 -0.020586
0.871601 -0.020167
0.882088 -0.020345
0.892184 -0.018722
0.901880 -0.017998
0.911165 -0.015452
0.920031 -0.014612
0.928468 -0.013374
0.936467 -0.011491
0.944019 -0.009880
0.951116 -0.008386
0.957751 -0.006695
0.963920 -0.005956
0.969616 -0.003994
0.974836 -0.002404
0.979575 -0.001694
0.983831 0.000827
0.987598 0.001289
0.990874 0.002747
0.993653 0.003768
0.995934 0.003977
0.997711 0.005184
0.998982 0.005847
0.999745 0.005773
1.000000 0.005125
