1.000000 -0.001022
0.999745 -0.000799
0.998982 -0.000137
0.997711 0.000926
0.995933 0.002331
0.993653 0.004150
0.990874 0.006453
0.987598 0.009213
0.983830 0.012398
0.979575 0.016039
0.974836 0.020151
0.969616 0.024710
0.963920 0.029672
0.957751 0.035000
0.951116 0.040640
0.944019 0.046546
0.936467 0.052703
0.928468 0.059115
0.920031 0.065779
0.911165 0.072685
0.901879 0.079853
0.892183 0.087310
0.882087 0.095026
0.871601 0.102977
0.860735 0.111143
0.849501 0.119510
0.837910 0.128135
0.825974 0.136967
0.813704 0.145957
0.801113 0.155086
0.788214 0.164311
0.775019 0.173610
0.761541 0.182862
0.747795 0.192061
0.733792 0.201176
0.719548 0.210172
0.705077 0.218988
0.690392 0.227640
0.675509 0.236058
0.660442 0.244237
0.645206 0.252123
0.629817 0.259671
0.614290 0.266853
0.598640 0.273655
0.582884 0.280077
0.567036 0.286069
0.551113 0.291599
0.535131 0.296645
0.519106 0.301215
0.503054 0.305281
0.486991 0.308820
0.470934 0.311851
0.454898 0.314367
0.438900 0.316330
0.422956 0.317716
0.407083 0.318554
0.391295 0.318855
0.375610 0.318612
0.360044 0.317828
0.344612 0.316528
0.329330 0.314699
0.314213 0.312324
0.299279 0.309449
0.284541 0.306130
0.270015 0.302338
0.255717 0.298062
0.241661 0.293319
0.227862 0.288112
0.214336 0.282439
0.201095 0.276321
0.188155 0.269799
0.175530 0.262852
0.163234 0.255450
0.151280 0.247593
0.139681 0.239278
0.128452 0.230483
0.117606 0.221238
0.107155 0.211617
0.097113 0.201689
0.087493 0.191479
0.078306 0.180944
0.069566 0.170032
0.061285 0.158782
0.053474 0.147372
0.046150 0.135854
0.039326 0.124325
0.033014 0.112756
0.027230 0.101138
0.021980 0.089460
0.017277 0.077812
0.013141 0.066331
0.009573 0.055171
0.006583 0.044552
0.004188 0.034534
0.002354 0.025314
0.001081 0.017234
0.000371 0.010663
0.000077 0.005848
0.000005 0.002933
0.000000 0.001958
0.000005 0.001009
0.000077 -0.001849
0.000371 -0.006449
0.001081 -0.012538
0.002353 -0.019599
0.004188 -0.026906
0.006585 -0.034107
0.009576 -0.041366
0.013145 -0.048135
0.017281 -0.054407
0.021983 -0.060372
0.027232 -0.065990
0.033016 -0.071267
0.039328 -0.076282
0.046152 -0.081072
0.053476 -0.085599
0.061287 -0.089880
0.069568 -0.093969
0.078308 -0.097835
0.087495 -0.101425
0.097115 -0.104755
0.107157 -0.107803
0.117608 -0.110642
0.128454 -0.113220
0.139683 -0.115586
0.151282 -0.117699
0.163235 -0.119559
0.175532 -0.121149
0.188157 -0.122494
0.201097 -0.123599
0.214337 -0.124439
0.227864 -0.125031
0.241663 -0.125359
0.255719 -0.125411
0.270017 -0.125163
0.284542 -0.124626
0.299280 -0.123817
0.314215 -0.122740
0.329331 -0.121397
0.344613 -0.119800
0.360045 -0.117943
0.375611 -0.115845
0.391296 -0.113504
0.407083 -0.110921
0.422957 -0.108128
0.438901 -0.105152
0.454899 -0.102016
0.470935 -0.098738
0.486992 -0.095343
0.503055 -0.091850
0.519107 -0.088260
0.535132 -0.084592
0.551114 -0.080871
0.567036 -0.077097
0.582884 -0.073250
0.598640 -0.069328
0.614290 -0.065351
0.629817 -0.061316
0.645206 -0.057231
0.660442 -0.053119
0.675509 -0.049020
0.690393 -0.044954
0.705077 -0.040945
0.719549 -0.037023
0.733793 -0.033209
0.747795 -0.029485
0.761542 -0.025902
0.775019 -0.022486
0.788214 -0.019252
0.801113 -0.016220
0.813704 -0.013417
0.825973 -0.010823
0.837910 -0.008447
0.849501 -0.006297
0.860735 -0.004389
0.871601 -0.002702
0.882088 -0.001228
0.892184 0.000019
0.901880 0.001057
0.911165 0.001851
0.920031 0.002420
0.928468 0.002813
0.936467 0.003054
0.944019 0.003157
0.951116 0.003163
0.957751 0.003117
0.963920 0.003013
0.969616 0.002816
0.974836 0.002499
0.979575 0.002040
0.983831 0.001471
0.987598 0.000840
0.990874 0.000216
0.993653 -0.000379
0.995934 -0.000934
0.997711 -0.001388
0.998982 -0.001664
0.999745 -0.001800
1.000000 -0.001843
