1.000000 0.009847
0.999745 0.011134
0.998982 0.013139
0.997711 0.014106
0.995933 0.013066
0.993653 0.014443
0.990874 0.015231
0.987598 0.017080
0.983830 0.019140
0.979575 0.022195
0.974836 0.025053
0.969616 0.027693
0.963920 0.031087
0.957751 0.034835
0.951116 0.038287
0.944019 0.042788
0.936467 0.046431
0.928468 0.050406
0.920031 0.054904
0.911165 0.059559
0.901879 0.064448
0.892183 0.069446
0.882087 0.075691
0.871601 0.081720
0.860735 0.087773
0.849501 0.094085
0.837910 0.100657
0.825974 0.107818
0.813704 0.114240
0.801113 0.119774
0.788214 0.125540
0.775019 0.131705
0.761541 0.138765
0.747795 0.144741
0.733792 0.151098
0.719548 0.157564
0.705077 0.163923
0.690392 0.170391
0.675509 0.176053
0.660442 0.182076
0.645206 0.187968
0.629817 0.193397
0.614290 0.199032
0.598640 0.204151
0.582884 0.209958
0.567036 0.214814
0.551113 0.219459
0.535131 0.225359
0.519106 0.228445
0.503054 0.232503
0.486991 0.237436
0.470934 0.240000
0.454898 0.243373
0.438900 0.248055
0.422956 0.249296
0.407083 0.254164
0.391295 0.254187
0.375610 0.256563
0.360044 0.259327
0.344612 0.260088
0.329330 0.261503
0.314213 0.262302
0.299279 0.262868
0.284541 0.262973
0.270015 0.262863
0.255717 0.262864
0.241661 0.262223
0.227862 0.260854
0.214336 0.260079
0.201095 0.258666
0.188155 0.256282
0.175530 0.253629
0.163234 0.250318
0.151280 0.246212
0.139681 0.241642
0.128452 0.236102
0.117606 0.229074
0.107155 0.221966
0.097113 0.213917
0.087493 0.205168
0.078306 0.194728
0.069566 0.183835
0.061285 0.172794
0.053474 0.161747
0.046150 0.150715
0.039326 0.138433
0.033014 0.126616
0.027230 0.113303
0.021980 0.099835
0.017277 0.086540
0.013141 0.073406
0.009573 0.060732
0.006583 0.050455
0.004188 0.040498
0.002354 0.031272
0.001081 0.023148
0.000371 0.016811
0.000077 0.012089
0.000005 0.008009
0.000000 0.007260
0.000005 0.007451
0.000077 0.004757
0.000371 0.001034
0.001081 -0.005082
0.002353 -0.012789
0.004188 -0.020529
0.006585 -0.025545
0.009576 -0.033025
0.013145 -0.037542
0.017281 -0.040917
0.021983 -0.044614
0.027232 -0.047988
0.033016 -0.050996
0.039328 -0.054840
0.046152 -0.057432
0.053476 -0.059895
0.061287 -0.062629
0.069568 -0.065524
0.078308 -0.067168
0.087495 -0.069926
0.097115 -0.072507
0.107157 -0.074853
0.117608 -0.076828
0.128454 -0.078609
0.139683 -0.081880
0.151282 -0.084476
0.163235 -0.087120
0.175532 -0.087241
0.188157 -0.089721
0.201097 -0.091636
0.214337 -0.093879
0.227864 -0.094074
0.241663 -0.096302
0.255719 -0.097033
0.270017 -0.098910
0.284542 -0.099879
0.299280 -0.100874
0.314215 -0.101380
0.329331 -0.102552
0.344613 -0.102817
0.360045 -0.103101
0.375611 -0.103119
0.391296 -0.104009
0.407083 -0.104493
0.422957 -0.103639
0.438901 -0.103888
0.454899 -0.103822
0.470935 -0.102386
0.486992 -0.103057
0.503055 -0.101222
0.519107 -0.100314
0.535132 -0.098415
0.551114 -0.096980
0.567036 -0.094770
0.582884 -0.094383
0.598640 -0.092415
0.614290 -0.089686
0.629817 -0.087391
0.645206 -0.085487
0.660442 -0.083243
0.675509 -0.080787
0.690393 -0.078533
0.705077 -0.075785
0.719549 -0.074121
0.733793 -0.070652
0.747795 -0.067522
0.761542 -0.065738
0.775019 -0.062644
0.788214 -0.060286
0.801113 -0.057376
0.813704 -0.055253
0.825973 -0.052472
0.837910 -0.050154
0.849501 -0.046370
0.860735 -0.044054
0.871601 -0.041926
0.882088 -0.039125
0.892184 -0.036149
0.901880 -0.031672
0.911165 -0.029651
0.920031 -0.026740
0.928468 -0.023900
0.936467 -0.021000
0.944019 -0.019288
0.951116 -0.015979
0.957751 -0.013012
0.963920 -0.011705
0.969616 -0.007845
0.974836 -0.006548
0.979575 -0.004117
0.983831 -0.002371
0.987598 -0.002506
0.990874 0.000272
0.993653 0.000294
0.995934 0.001345
0.997711 0.001794
0.998982 0.002550
0.999745 0.002936
1.000000 0.002805
