1.000000 0.008195
0.999745 0.010198
0.998982 0.009267
0.997711 0.010377
0.995933 0.010683
0.993653 0.010345
0.990874 0.008981
0.987598 0.009636
0.983830 0.010163
0.979575 0.010325
0.974836 0.010989
0.969616 0.012345
0.963920 0.013589
0.957751 0.015822
0.951116 0.017980
0.944019 0.020494
0.936467 0.022477
0.928468 0.024905
0.920031 0.029103
0.911165 0.031672
0.901879 0.036813
0.892183 0.039004
0.882087 0.044517
0.871601 0.048320
0.860735 0.052932
0.849501 0.058144
0.837910 0.063098
0.825974 0.068886
0.813704 0.074821
0.801113 0.080931
0.788214 0.087187
0.775019 0.093853
0.761541 0.100863
0.747795 0.107429
0.733792 0.115566
0.719548 0.123524
0.705077 0.131533
0.690392 0.138364
0.675509 0.146543
0.660442 0.154504
0.645206 0.162695
0.629817 0.170375
0.614290 0.179134
0.598640 0.186808
0.582884 0.193633
0.567036 0.201663
0.551113 0.210173
0.535131 0.218255
0.519106 0.226194
0.503054 0.232270
0.486991 0.238549
0.470934 0.244654
0.454898 0.249425
0.438900 0.254266
0.422956 0.258129
0.407083 0.263517
0.391295 0.266240
0.375610 0.269529
0.360044 0.272046
0.344612 0.273850
0.329330 0.275275
0.314213 0.277712
0.299279 0.277347
0.284541 0.277540
0.270015 0.277988
0.255717 0.275471
0.241661 0.273418
0.227862 0.269730
0.214336 0.265568
0.201095 0.262202
0.188155 0.257041
0.175530 0.251119
0.163234 0.245328
0.151280 0.239222
0.139681 0.232306
0.128452 0.226235
0.117606 0.219405
0.107155 0.211011
0.097113 0.202697
0.087493 0.193276
0.078306 0.184146
0.069566 0.174781
0.061285 0.163791
0.053474 0.152592
0.046150 0.141115
0.039326 0.130181
0.033014 0.118525
0.027230 0.105163
0.021980 0.093869
0.017277 0.080862
0.013141 0.070557
0.009573 0.059680
0.006583 0.048740
0.004188 0.038433
0.002354 0.030124
0.001081 0.023306
0.000371 0.016876
0.000077 0.012631
0.000005 0.010136
0.000000 0.008731
0.000005 0.006440
0.000077 0.002866
0.000371 -0.001796
0.001081 -0.007434
0.002353 -0.014168
0.004188 -0.019803
0.006585 -0.025171
0.009576 -0.030174
0.013145 -0.034082
0.017281 -0.038981
0.021983 -0.044055
0.027232 -0.049371
0.033016 -0.054228
0.039328 -0.058266
0.046152 -0.062819
0.053476 -0.067764
0.061287 -0.071978
0.069568 -0.075285
0.078308 -0.080364
0.087495 -0.083675
0.097115 -0.086327
0.107157 -0.088183
0.117608 -0.091132
0.128454 -0.092730
0.139683 -0.096410
0.151282 -0.097949
0.163235 -0.099242
0.175532 -0.100439
0.188157 -0.101431
0.201097 -0.103383
0.214337 -0.101806
0.227864 -0.102019
0.241663 -0.102147
0.255719 -0.101707
0.270017 -0.102027
0.284542 -0.101629
0.299280 -0.100929
0.314215 -0.101548
0.329331 -0.102665
0.344613 -0.100949
0.360045 -0.101288
0.375611 -0.099608
0.391296 -0.098189
0.407083 -0.097030
0.422957 -0.096467
0.438901 -0.094509
0.454899 -0.094254
0.470935 -0.091764
0.486992 -0.090050
0.503055 -0.089927
0.519107 -0.087065
0.535132 -0.085433
0.551114 -0.083913
0.567036 -0.081381
0.582884 -0.080986
0.598640 -0.078100
0.614290 -0.077323
0.629817 -0.075752
0.645206 -0.073899
0.660442 -0.071914
0.675509 -0.070404
0.690393 -0.067696
0.705077 -0.066161
0.719549 -0.063778
0.733793 -0.061770
0.747795 -0.059212
0.761542 -0.055791
0.775019 -0.053639
0.788214 -0.050644
0.801113 -0.048310
0.813704 -0.046918
0.825973 -0.043356
0.837910 -0.041314
0.849501 -0.038553
0.860735 -0.036521
0.871601 -0.034135
0.882088 -0.031955
0.892184 -0.028206
0.901880 -0.027528
0.911165 -0.025307
0.920031 -0.022287
0.928468 -0.020212
0.936467 -0.017167
0.944019 -0.014090
0.951116 -0.011528
0.957751 -0.008836
0.963920 -0.007078
0.969616 -0.003834
0.974836 -0.001612
0.979575 0.000167
0.983831 0.002906
0.987598 0.003463
0.990874 0.005720
0.993653 0.005727
0.995934 0.009365
0.997711 0.008831
0.998982 0.009959
0.999745 0.010148
1.000000 0.007584
