1.000000 0.006842
0.999745 0.007881
0.998982 0.008483
0.997711 0.009402
0.995933 0.011995
0.993653 0.014758
0.990874 0.017010
0.987598 0.020909
0.983830 0.023309
0.979575 0.027189
0.974836 0.032223
0.969616 0.037846
0.963920 0.043289
0.957751 0.049212
0.951116 0.055203
0.944019 0.059285
0.936467 0.066211
0.928468 0.072279
0.920031 0.079126
0.911165 0.085709
0.901879 0.092756
0.892183 0.101241
0.882087 0.108472
0.871601 0.115040
0.860735 0.124585
0.849501 0.133215
0.837910 0.141070
0.825974 0.150424
0.813704 0.160712
0.801113 0.170230
0.788214 0.180791
0.775019 0.190641
0.761541 0.201423
0.747795 0.212639
0.733792 0.223673
0.719548 0.235345
0.705077 0.246349
0.690392 0.258052
0.675509 0.269795
0.660442 0.281272
0.645206 0.292787
0.629817 0.304062
0.614290 0.316820
0.598640 0.327975
0.582884 0.339759
0.567036 0.350755
0.551113 0.361028
0.535131 0.371439
0.519106 0.382428
0.503054 0.392422
0.486991 0.402080
0.470934 0.411364
0.454898 0.419395
0.438900 0.426902
0.422956 0.433573
0.407083 0.440737
0.391295 0.447541
0.375610 0.454169
0.360044 0.460279
0.344612 0.464196
0.329330 0.467708
0.314213 0.470908
0.299279 0.471988
0.284541 0.473059
0.270015 0.471134
0.255717 0.469673
0.241661 0.465999
0.227862 0.460789
0.214336 0.455843
0.201095 0.447123
0.188155 0.439083
0.175530 0.428949
0.163234 0.417774
0.151280 0.405994
0.139681 0.391477
0.128452 0.376254
0.117606 0.360640
0.107155 0.342345
0.097113 0.323698
0.087493 0.304296
0.078306 0.283663
0.069566 0.262788
0.061285 0.242429
0.053474 0.222642
0.046150 0.202800
0.039326 0.182894
0.033014 0.163187
0.027230 0.143764
0.021980 0.124499
0.017277 0.104752
0.013141 0.085288
0.009573 0.069669
0.006583 0.054438
0.004188 0.043123
0.002354 0.032537
0.001081 0.023650
0.000371 0.017682
0.000077 0.012877
0.000005 0.009853
0.000000 0.008742
0.000005 0.006075
0.000077 0.003087
0.000371 -0.000747
0.001081 -0.007971
0.002353 -0.016455
0.004188 -0.027269
0.006585 -0.038437
0.009576 -0.051135
0.013145 -0.063713
0.017281 -0.077044
0.021983 -0.090699
0.027232 -0.103038
0.033016 -0.116018
0.039328 -0.127753
0.046152 -0.138780
0.053476 -0.150986
0.061287 -0.160258
0.069568 -0.170307
0.078308 -0.178360
0.087495 -0.186917
0.097115 -0.194737
0.107157 -0.199964
0.117608 -0.204274
0.128454 -0.207971
0.139683 -0.210493
0.151282 -0.212056
0.163235 -0.212211
0.175532 -0.210339
0.188157 -0.208281
0.201097 -0.206126
0.214337 -0.202475
0.227864 -0.196321
0.241663 -0.193045
0.255719 -0.184134
0.270017 -0.179973
0.284542 -0.172826
0.299280 -0.167844
0.314215 -0.161337
0.329331 -0.155225
0.344613 -0.149181
0.360045 -0.143727
0.375611 -0.136758
0.391296 -0.130314
0.407083 -0.125088
0.422957 -0.117926
0.438901 -0.110656
0.454899 -0.105112
0.470935 -0.099448
0.486992 -0.093020
0.503055 -0.087536
0.519107 -0.081287
0.535132 -0.076136
0.551114 -0.070907
0.567036 -0.064469
0.582884 -0.057599
0.598640 -0.052631
0.614290 -0.047269
0.629817 -0.042776
0.645206 -0.038233
0.660442 -0.033137
0.675509 -0.028520
0.690393 -0.025164
0.705077 -0.020422
0.719549 -0.015485
0.733793 -0.014417
0.747795 -0.009501
0.761542 -0.006381
0.775019 -0.003790
0.788214 0.000014
0.801113 0.002902
0.813704 0.004301
0.825973 0.006263
0.837910 0.008237
0.849501 0.009376
0.860735 0.012043
0.871601 0.012666
0.882088 0.013224
0.892184 0.015683
0.901880 0.015722
0.911165 0.016071
0.920031 0.016644
0.928468 0.016145
0.936467 0.016875
0.944019 0.016946
0.951116 0.016211
0.957751 0.015666
0.963920 0.014629
0.969616 0.014345
0.974836 0.013924
0.979575 0.012500
0.983831 0.012035
0.987598 0.011669
0.990874 0.010888
0.993653 0.009402
0.995934 0.009252
0.997711 0.008235
0.998982 0.008367
0.999745 0.007223
1.000000 0.007827
