1.000000 0.010058
0.999745 0.013257
0.998982 0.013881
0.997711 0.015679
0.995933 0.015711
0.993653 0.017853
0.990874 0.020975
0.987598 0.023911
0.983830 0.027104
0.979575 0.031363
0.974836 0.035521
0.969616 0.039949
0.963920 0.045712
0.957751 0.049580
0.951116 0.056513
0.944019 0.061817
0.936467 0.068398
0.928468 0.074386
0.920031 0.081885
0.911165 0.087822
0.901879 0.094769
0.892183 0.102516
0.882087 0.110187
0.871601 0.117897
0.860735 0.124908
0.849501 0.132482
0.837910 0.140483
0.825974 0.148224
0.813704 0.155204
0.801113 0.162431
0.788214 0.170126
0.775019 0.177310
0.761541 0.184052
0.747795 0.190997
0.733792 0.197774
0.719548 0.204483
0.705077 0.211060
0.690392 0.217238
0.675509 0.223285
0.660442 0.228468
0.645206 0.232859
0.629817 0.237120
0.614290 0.241615
0.598640 0.247124
0.582884 0.249900
0.567036 0.258412
0.551113 0.256084
0.535131 0.259820
0.519106 0.261705
0.503054 0.263914
0.486991 0.265917
0.470934 0.267188
0.454898 0.268145
0.438900 0.268888
0.422956 0.268191
0.407083 0.267425
0.391295 0.267037
0.375610 0.266160
0.360044 0.265191
0.344612 0.263740
0.329330 0.261230
0.314213 0.258846
0.299279 0.256140
0.284541 0.254363
0.270015 0.250778
0.255717 0.247896
0.241661 0.244243
0.227862 0.239995
0.214336 0.235595
0.201095 0.230301
0.188155 0.225275
0.175530 0.219746
0.163234 0.214908
0.151280 0.209271
0.139681 0.204100
0.128452 0.198433
0.117606 0.192343
0.107155 0.186383
0.097113 0.179082
0.087493 0.172423
0.078306 0.165217
0.069566 0.159096
0.061285 0.152469
0.053474 0.144662
0.046150 0.136020
0.039326 0.127274
0.033014 0.118561
0.027230 0.109257
0.021980 0.099112
0.017277 0.087430
0.013141 0.075957
0.009573 0.064469
0.006583 0.052760
0.004188 0.042452
0.002354 0.031730
0.001081 0.022590
0.000371 0.016989
0.000077 0.012561
0.000005 0.009223
0.000000 0.009623
0.000005 0.007746
0.000077 0.004746
0.000371 0.000159
0.001081 -0.006351
0.002353 -0.014142
0.004188 -0.025841
0.006585 -0.036238
0.009576 -0.046034
0.013145 -0.054224
0.017281 -0.063712
0.021983 -0.071255
0.027232 -0.079290
0.033016 -0.085785
0.039328 -0.092163
0.046152 -0.098245
0.053476 -0.104140
0.061287 -0.108657
0.069568 -0.114328
0.078308 -0.119450
0.087495 -0.123894
0.097115 -0.128096
0.107157 -0.132185
0.117608 -0.135713
0.128454 -0.140611
0.139683 -0.143967
0.151282 -0.146373
0.163235 -0.148843
0.175532 -0.153132
0.188157 -0.153046
0.201097 -0.157676
0.214337 -0.159584
0.227864 -0.160362
0.241663 -0.160925
0.255719 -0.162166
0.270017 -0.165264
0.284542 -0.165138
0.299280 -0.168000
0.314215 -0.167873
0.329331 -0.167267
0.344613 -0.169011
0.360045 -0.167383
0.375611 -0.167895
0.391296 -0.167462
0.407083 -0.166179
0.422957 -0.165892
0.438901 -0.164283
0.454899 -0.161232
0.470935 -0.160033
0.486992 -0.156907
0.503055 -0.154865
0.519107 -0.151178
0.535132 -0.148831
0.551114 -0.145775
0.567036 -0.142022
0.582884 -0.138528
0.598640 -0.135239
0.614290 -0.130283
0.629817 -0.126006
0.645206 -0.119608
0.660442 -0.115145
0.675509 -0.110686
0.690393 -0.105059
0.705077 -0.098429
0.719549 -0.093711
0.733793 -0.088848
0.747795 -0.082209
0.761542 -0.077341
0.775019 -0.070695
0.788214 -0.065711
0.801113 -0.062214
0.813704 -0.055508
0.825973 -0.051104
0.837910 -0.046499
0.849501 -0.042704
0.860735 -0.037909
0.871601 -0.033431
0.882088 -0.029981
0.892184 -0.025549
0.901880 -0.022207
0.911165 -0.018775
0.920031 -0.014368
0.928468 -0.013028
0.936467 -0.010039
0.944019 -0.007477
0.951116 -0.005382
0.957751 -0.003400
0.963920 -0.003873
0.969616 0.000989
0.974836 -0.000556
0.979575 0.001017
0.983831 0.002054
0.987598 0.003435
0.990874 0.003584
0.993653 0.004388
0.995934 0.003266
0.997711 0.005151
0.998982 0.004804
0.999745 0.003035
1.000000 0.005386
