1.000000 0.007535
0.999745 0.009338
0.998982 0.009854
0.997711 0.009711
0.995933 0.009393
0.993653 0.009497
0.990874 0.009108
0.987598 0.008465
0.983830 0.009365
0.979575 0.010049
0.974836 0.010402
0.969616 0.010458
0.963920 0.011351
0.957751 0.012204
0.951116 0.013505
0.944019 0.014868
0.936467 0.017719
0.928468 0.019364
0.920031 0.022198
0.911165 0.024246
0.901879 0.026401
0.892183 0.035991
0.882087 0.036061
0.871601 0.042098
0.860735 0.048483
0.849501 0.053653
0.837910 0.062430
0.825974 0.071371
0.813704 0.080356
0.801113 0.089096
0.788214 0.099338
0.775019 0.109394
0.761541 0.119741
0.747795 0.131013
0.733792 0.141621
0.719548 0.152846
0.705077 0.164874
0.690392 0.176012
0.675509 0.189630
0.660442 0.199992
0.645206 0.212755
0.629817 0.224715
0.614290 0.237259
0.598640 0.249817
0.582884 0.262104
0.567036 0.273250
0.551113 0.284619
0.535131 0.295283
0.519106 0.305209
0.503054 0.314291
0.486991 0.323482
0.470934 0.330916
0.454898 0.337995
0.438900 0.343988
0.422956 0.348881
0.407083 0.352492
0.391295 0.355216
0.375610 0.357851
0.360044 0.359478
0.344612 0.360233
0.329330 0.360780
0.314213 0.358616
0.299279 0.356660
0.284541 0.354164
0.270015 0.350170
0.255717 0.345289
0.241661 0.340563
0.227862 0.333120
0.214336 0.327453
0.201095 0.318322
0.188155 0.309277
0.175530 0.299888
0.163234 0.289778
0.151280 0.280233
0.139681 0.269829
0.128452 0.259209
0.117606 0.248621
0.107155 0.237121
0.097113 0.225781
0.087493 0.213287
0.078306 0.201149
0.069566 0.188739
0.061285 0.176198
0.053474 0.164574
0.046150 0.151300
0.039326 0.139738
0.033014 0.126872
0.027230 0.114106
0.021980 0.102345
0.017277 0.090262
0.013141 0.077378
0.009573 0.065819
0.006583 0.054269
0.004188 0.042745
0.002354 0.033555
0.001081 0.024632
0.000371 0.016799
0.000077 0.013412
0.000005 0.010150
0.000000 0.007671
0.000005 0.007028
0.000077 0.003061
0.000371 0.000803
0.001081 -0.002266
0.002353 -0.005037
0.004188 -0.007382
0.006585 -0.008632
0.009576 -0.009247
0.013145 -0.011693
0.017281 -0.008406
0.021983 -0.011500
0.027232 -0.011884
0.033016 -0.011685
0.039328 -0.011476
0.046152 -0.011890
0.053476 -0.010508
0.061287 -0.010442
0.069568 -0.009787
0.078308 -0.009714
0.087495 -0.008196
0.097115 -0.007135
0.107157 -0.006466
0.117608 -0.006103
0.128454 -0.001751
0.139683 -0.000435
0.151282 0.000949
0.163235 0.001558
0.175532 0.003985
0.188157 0.004900
0.201097 0.005624
0.214337 0.005295
0.227864 0.004810
0.241663 0.004891
0.255719 0.004325
0.270017 0.004430
0.284542 0.002670
0.299280 0.002753
0.314215 0.001415
0.329331 -0.000814
0.344613 0.000470
0.360045 -0.000777
0.375611 -0.001658
0.391296 -0.003341
0.407083 -0.003041
0.422957 -0.003533
0.438901 -0.007133
0.454899 -0.006668
0.470935 -0.008602
0.486992 -0.010990
0.503055 -0.013238
0.519107 -0.017044
0.535132 -0.019090
0.551114 -0.021403
0.567036 -0.024328
0.582884 -0.026781
0.598640 -0.029857
0.614290 -0.031937
0.629817 -0.033807
0.645206 -0.035803
0.660442 -0.037162
0.675509 -0.040107
0.690393 -0.041074
0.705077 -0.042707
0.719549 -0.044820
0.733793 -0.044595
0.747795 -0.045709
0.761542 -0.046028
0.775019 -0.048118
0.788214 -0.046766
0.801113 -0.046695
0.813704 -0.046410
0.825973 -0.045544
0.837910 -0.044955
0.849501 -0.042388
0.860735 -0.041183
0.871601 -0.039299
0.882088 -0.036374
0.892184 -0.034228
0.901880 -0.032421
0.911165 -0.029797
0.920031 -0.027324
0.928468 -0.023819
0.936467 -0.022156
0.944019 -0.020914
0.951116 -0.016769
0.957751 -0.014338
0.963920 -0.010967
0.969616 -0.008286
0.974836 -0.005768
0.979575 -0.004089
0.983831 -0.002068
0.987598 -0.002212
0.990874 0.001284
0.993653 0.002433
0.995934 0.003990
0.997711 0.005434
0.998982 0.005262
0.999745 0.004385
1.000000 0.004844
