1.000000 0.001353
0.999745 0.001500
0.998982 0.001936
0.997711 0.002633
0.995933 0.003544
0.993653 0.004730
0.990874 0.006259
0.987598 0.008139
0.983830 0.010361
0.979575 0.012940
0.974836 0.015879
0.969616 0.019178
0.963920 0.022824
0.957751 0.026790
0.951116 0.031018
0.944019 0.035463
0.936467 0.040126
0.928468 0.045030
0.920031 0.050181
0.911165 0.055571
0.901879 0.061229
0.892183 0.067194
0.882087 0.073435
0.871601 0.079932
0.860735 0.086686
0.849501 0.093708
0.837910 0.101075
0.825974 0.108730
0.813704 0.116610
0.801113 0.124712
0.788214 0.133018
0.775019 0.141503
0.761541 0.150056
0.747795 0.158671
0.733792 0.167338
0.719548 0.176034
0.705077 0.184712
0.690392 0.193386
0.675509 0.201987
0.660442 0.210510
0.645206 0.218896
0.629817 0.227107
0.614290 0.235127
0.598640 0.242942
0.582884 0.250540
0.567036 0.257858
0.551113 0.264863
0.535131 0.271537
0.519106 0.277864
0.503054 0.283789
0.486991 0.289300
0.470934 0.294419
0.454898 0.299136
0.438900 0.303407
0.422956 0.307221
0.407083 0.310599
0.391295 0.313539
0.375610 0.315996
0.360044 0.317963
0.344612 0.319449
0.329330 0.320435
0.314213 0.320863
0.299279 0.320724
0.284541 0.320027
0.270015 0.318729
0.255717 0.316792
0.241661 0.314199
0.227862 0.310934
0.214336 0.306964
0.201095 0.302279
0.188155 0.296892
0.175530 0.290782
0.163234 0.283925
0.151280 0.276308
0.139681 0.267923
0.128452 0.258759
0.117606 0.248890
0.107155 0.238407
0.097113 0.227355
0.087493 0.215770
0.078306 0.203651
0.069566 0.190949
0.061285 0.177744
0.053474 0.164276
0.046150 0.150673
0.039326 0.137067
0.033014 0.123488
0.027230 0.109952
0.021980 0.096469
0.017277 0.083165
0.013141 0.070225
0.009573 0.057844
0.006583 0.046237
0.004188 0.035502
0.002354 0.025815
0.001081 0.017493
0.000371 0.010819
0.000077 0.005968
0.000005 0.003043
0.000000 0.002065
0.000005 0.001120
0.000077 -0.001715
0.000371 -0.006250
0.001081 -0.012183
0.002353 -0.018933
0.004188 -0.025718
0.006585 -0.032162
0.009576 -0.038408
0.013145 -0.043798
0.017281 -0.048311
0.021983 -0.052294
0.027232 -0.055924
0.033016 -0.059285
0.039328 -0.062465
0.046152 -0.065543
0.053476 -0.068559
0.061287 -0.071533
0.069568 -0.074457
0.078308 -0.077290
0.087495 -0.080017
0.097115 -0.082663
0.107157 -0.085209
0.117608 -0.087729
0.128454 -0.090191
0.139683 -0.092612
0.151282 -0.094935
0.163235 -0.097140
0.175532 -0.099210
0.188157 -0.101148
0.201097 -0.102937
0.214337 -0.104559
0.227864 -0.106037
0.241663 -0.107364
0.255719 -0.108501
0.270017 -0.109422
0.284542 -0.110139
0.299280 -0.110674
0.314215 -0.111019
0.329331 -0.111156
0.344613 -0.111086
0.360045 -0.110800
0.375611 -0.110301
0.391296 -0.109573
0.407083 -0.108604
0.422957 -0.107437
0.438901 -0.106092
0.454899 -0.104586
0.470935 -0.102927
0.486992 -0.101163
0.503055 -0.099306
0.519107 -0.097358
0.535132 -0.095331
0.551114 -0.093242
0.567036 -0.091088
0.582884 -0.088843
0.598640 -0.086516
0.614290 -0.084111
0.629817 -0.081597
0.645206 -0.078962
0.660442 -0.076235
0.675509 -0.073451
0.690393 -0.070600
0.705077 -0.067675
0.719549 -0.064695
0.733793 -0.061696
0.747795 -0.058666
0.761542 -0.055625
0.775019 -0.052583
0.788214 -0.049557
0.801113 -0.046577
0.813704 -0.043652
0.825973 -0.040755
0.837910 -0.037907
0.849501 -0.035129
0.860735 -0.032431
0.871601 -0.029810
0.882088 -0.027280
0.892184 -0.024867
0.901880 -0.022571
0.911165 -0.020438
0.920031 -0.018454
0.928468 -0.016582
0.936467 -0.014802
0.944019 -0.013109
0.951116 -0.011471
0.957751 -0.009868
0.963920 -0.008332
0.969616 -0.006928
0.974836 -0.005708
0.979575 -0.004714
0.983831 -0.003933
0.987598 -0.003331
0.990874 -0.002857
0.993653 -0.002507
0.995934 -0.002284
0.997711 -0.002119
0.998982 -0.001939
0.999745 -0.001799
1.000000 -0.001751
