1.000000 0.007824
0.999745 0.009719
0.998982 0.010816
0.997711 0.011187
0.995933 0.012812
0.993653 0.013769
0.990874 0.013676
0.987598 0.016891
0.983830 0.021254
0.979575 0.025113
0.974836 0.028690
0.969616 0.033656
0.963920 0.039214
0.957751 0.044933
0.951116 0.050567
0.944019 0.057799
0.936467 0.063350
0.928468 0.072314
0.920031 0.080427
0.911165 0.089300
0.901879 0.097401
0.892183 0.106517
0.882087 0.114967
0.871601 0.123885
0.860735 0.132028
0.849501 0.140963
0.837910 0.150949
0.825974 0.159721
0.813704 0.171073
0.801113 0.177041
0.788214 0.185734
0.775019 0.193776
0.761541 0.202716
0.747795 0.210558
0.733792 0.217983
0.719548 0.225223
0.705077 0.232335
0.690392 0.239201
0.675509 0.245646
0.660442 0.252065
0.645206 0.258851
0.629817 0.264445
0.614290 0.269864
0.598640 0.275170
0.582884 0.279502
0.567036 0.283526
0.551113 0.288067
0.535131 0.292180
0.519106 0.295228
0.503054 0.300190
0.486991 0.301715
0.470934 0.303880
0.454898 0.306397
0.438900 0.307390
0.422956 0.307910
0.407083 0.309664
0.391295 0.310225
0.375610 0.310332
0.360044 0.309374
0.344612 0.308174
0.329330 0.306992
0.314213 0.305097
0.299279 0.303289
0.284541 0.300746
0.270015 0.297862
0.255717 0.295258
0.241661 0.292324
0.227862 0.288902
0.214336 0.285260
0.201095 0.279625
0.188155 0.273760
0.175530 0.266933
0.163234 0.261338
0.151280 0.254068
0.139681 0.246866
0.128452 0.239417
0.117606 0.230940
0.107155 0.221946
0.097113 0.212845
0.087493 0.203577
0.078306 0.193945
0.069566 0.184816
0.061285 0.174067
0.053474 0.162114
0.046150 0.153360
0.039326 0.140781
0.033014 0.128507
0.027230 0.119010
0.021980 0.105595
0.017277 0.093749
0.013141 0.081614
0.009573 0.067273
0.006583 0.057238
0.004188 0.045174
0.002354 0.035154
0.001081 0.026110
0.000371 0.019035
0.000077 0.012864
0.000005 0.010550
0.000000 0.008229
0.000005 0.008391
0.000077 0.004479
0.000371 0.000921
0.001081 -0.005366
0.002353 -0.010254
0.004188 -0.015629
0.006585 -0.020558
0.009576 -0.023732
0.013145 -0.027416
0.017281 -0.031729
0.021983 -0.035071
0.027232 -0.038412
0.033016 -0.042948
0.039328 -0.047514
0.046152 -0.051001
0.053476 -0.055086
0.061287 -0.057900
0.069568 -0.062464
0.078308 -0.066162
0.087495 -0.069402
0.097115 -0.073535
0.107157 -0.076984
0.117608 -0.081271
0.128454 -0.084657
0.139683 -0.087844
0.151282 -0.091304
0.163235 -0.096033
0.175532 -0.098104
0.188157 -0.101342
0.201097 -0.104800
0.214337 -0.106651
0.227864 -0.109527
0.241663 -0.111586
0.255719 -0.113599
0.270017 -0.116626
0.284542 -0.118536
0.299280 -0.119380
0.314215 -0.123099
0.329331 -0.123813
0.344613 -0.125466
0.360045 -0.126770
0.375611 -0.127835
0.391296 -0.127313
0.407083 -0.128801
0.422957 -0.129789
0.438901 -0.130717
0.454899 -0.130143
0.470935 -0.131065
0.486992 -0.131167
0.503055 -0.132016
0.519107 -0.130902
0.535132 -0.130489
0.551114 -0.128963
0.567036 -0.127924
0.582884 -0.127961
0.598640 -0.126607
0.614290 -0.124430
0.629817 -0.123814
0.645206 -0.122511
0.660442 -0.122765
0.675509 -0.120114
0.690393 -0.117806
0.705077 -0.115584
0.719549 -0.112998
0.733793 -0.111407
0.747795 -0.106056
0.761542 -0.105028
0.775019 -0.100582
0.788214 -0.098815
0.801113 -0.094171
0.813704 -0.091957
0.825973 -0.088166
0.837910 -0.084825
0.849501 -0.081359
0.860735 -0.077320
0.871601 -0.075155
0.882088 -0.068393
0.892184 -0.065613
0.901880 -0.061434
0.911165 -0.057795
0.920031 -0.052641
0.928468 -0.047497
0.936467 -0.043486
0.944019 -0.038276
0.951116 -0.033440
0.957751 -0.029574
0.963920 -0.025721
0.969616 -0.021330
0.974836 -0.017044
0.979575 -0.015293
0.983831 -0.012143
0.987598 -0.009088
0.990874 -0.005548
0.993653 -0.002422
0.995934 0.000088
0.997711 0.001750
0.998982 0.004076
0.999745 0.005008
1.000000 0.004158
