1.000000 0.010659
0.999745 0.013414
0.998982 0.009709
0.997711 0.013580
0.995933 0.012131
0.993653 0.012047
0.990874 0.011945
0.987598 0.012675
0.983830 0.013995
0.979575 0.013915
0.974836 0.013905
0.969616 0.014709
0.963920 0.016008
0.957751 0.015300
0.951116 0.015689
0.944019 0.017134
0.936467 0.019105
0.928468 0.020875
0.920031 0.022475
0.911165 0.022049
0.901879 0.026927
0.892183 0.024524
0.882087 0.024861
0.871601 0.029036
0.860735 0.028955
0.849501 0.032029
0.837910 0.033514
0.825974 0.035601
0.813704 0.036803
0.801113 0.038471
0.788214 0.039906
0.775019 0.041880
0.761541 0.043142
0.747795 0.045202
0.733792 0.047058
0.719548 0.049184
0.705077 0.051524
0.690392 0.052923
0.675509 0.054831
0.660442 0.057539
0.645206 0.059526
0.629817 0.061941
0.614290 0.064186
0.598640 0.066757
0.582884 0.069084
0.567036 0.071181
0.551113 0.073396
0.535131 0.075827
0.519106 0.078650
0.503054 0.080618
0.486991 0.082307
0.470934 0.085396
0.454898 0.087371
0.438900 0.090788
0.422956 0.092753
0.407083 0.095221
0.391295 0.097272
0.375610 0.100217
0.360044 0.102494
0.344612 0.106298
0.329330 0.108170
0.314213 0.110556
0.299279 0.113732
0.284541 0.115042
0.270015 0.116884
0.255717 0.119504
0.241661 0.120902
0.227862 0.122481
0.214336 0.122953
0.201095 0.121722
0.188155 0.122989
0.175530 0.121989
0.163234 0.121940
0.151280 0.122008
0.139681 0.120582
0.128452 0.121176
0.117606 0.119929
0.107155 0.117435
0.097113 0.115847
0.087493 0.113678
0.078306 0.113290
0.069566 0.110293
0.061285 0.109687
0.053474 0.103264
0.046150 0.100282
0.039326 0.096242
0.033014 0.088727
0.027230 0.082313
0.021980 0.075624
0.017277 0.069252
0.013141 0.062607
0.009573 0.053852
0.006583 0.046877
0.004188 0.039516
0.002354 0.032553
0.001081 0.025689
0.000371 0.019578
0.000077 0.017111
0.000005 0.013529
0.000000 0.012619
0.000005 0.010763
0.000077 0.008296
0.000371 0.002760
0.001081 -0.004651
0.002353 -0.012708
0.004188 -0.019421
0.006585 -0.027302
0.009576 -0.035013
0.013145 -0.042266
0.017281 -0.048579
0.021983 -0.053801
0.027232 -0.059207
0.033016 -0.064144
0.039328 -0.067764
0.046152 -0.075242
0.053476 -0.077172
0.061287 -0.082937
0.069568 -0.084733
0.078308 -0.089371
0.087495 -0.092221
0.097115 -0.094158
0.107157 -0.096384
0.117608 -0.098760
0.128454 -0.100049
0.139683 -0.100605
0.151282 -0.100673
0.163235 -0.100826
0.175532 -0.101313
0.188157 -0.101428
0.201097 -0.099063
0.214337 -0.098398
0.227864 -0.098340
0.241663 -0.095587
0.255719 -0.093924
0.270017 -0.091923
0.284542 -0.090633
0.299280 -0.088946
0.314215 -0.085848
0.329331 -0.084208
0.344613 -0.080383
0.360045 -0.081153
0.375611 -0.076957
0.391296 -0.075234
0.407083 -0.071984
0.422957 -0.068891
0.438901 -0.067267
0.454899 -0.065429
0.470935 -0.062073
0.486992 -0.057800
0.503055 -0.056489
0.519107 -0.054360
0.535132 -0.051361
0.551114 -0.048387
0.567036 -0.046533
0.582884 -0.044223
0.598640 -0.041818
0.614290 -0.039601
0.629817 -0.037544
0.645206 -0.035994
0.660442 -0.032818
0.675509 -0.031801
0.690393 -0.028559
0.705077 -0.026688
0.719549 -0.027401
0.733793 -0.023869
0.747795 -0.022644
0.761542 -0.020469
0.775019 -0.018662
0.788214 -0.017789
0.801113 -0.015870
0.813704 -0.014685
0.825973 -0.012284
0.837910 -0.011210
0.849501 -0.009963
0.860735 -0.009442
0.871601 -0.008323
0.882088 -0.007512
0.892184 -0.007965
0.901880 -0.007130
0.911165 -0.007138
0.920031 -0.006711
0.928468 -0.005190
0.936467 -0.006060
0.944019 -0.005253
0.951116 -0.004745
0.957751 -0.003047
0.963920 -0.001847
0.969616 -0.001751
0.974836 -0.001596
0.979575 -0.001013
0.983831 -0.000567
0.987598 0.000725
0.990874 0.000586
0.993653 0.000679
0.995934 0.000304
0.997711 0.001182
0.998982 0.001969
0.999745 0.000760
1.000000 0.001843
