1.000000 0.001615
0.999745 0.006589
0.998982 0.006940
0.997711 0.008899
0.995933 0.010180
0.993653 0.009831
0.990874 0.011467
0.987598 0.012377
0.983830 0.015974
0.979575 0.018480
0.974836 0.021355
0.969616 0.025956
0.963920 0.029215
0.957751 0.034086
0.951116 0.038557
0.944019 0.042971
0.936467 0.047059
0.928468 0.052192
0.920031 0.057114
0.911165 0.063621
0.901879 0.068501
0.892183 0.074658
0.882087 0.080101
0.871601 0.086254
0.860735 0.092380
0.849501 0.098682
0.837910 0.105709
0.825974 0.112421
0.813704 0.120053
0.801113 0.127778
0.788214 0.134194
0.775019 0.142318
0.761541 0.149876
0.747795 0.157799
0.733792 0.164006
0.719548 0.171293
0.705077 0.179223
0.690392 0.187168
0.675509 0.194410
0.660442 0.201242
0.645206 0.208202
0.629817 0.214840
0.614290 0.221185
0.598640 0.227873
0.582884 0.233953
0.567036 0.240165
0.551113 0.245658
0.535131 0.251641
0.519106 0.256396
0.503054 0.261023
0.486991 0.265087
0.470934 0.268730
0.454898 0.273474
0.438900 0.276828
0.422956 0.280008
0.407083 0.282347
0.391295 0.284599
0.375610 0.286638
0.360044 0.287476
0.344612 0.288302
0.329330 0.288633
0.314213 0.287633
0.299279 0.286661
0.284541 0.285475
0.270015 0.283041
0.255717 0.280694
0.241661 0.278007
0.227862 0.275410
0.214336 0.272447
0.201095 0.267730
0.188155 0.262862
0.175530 0.257863
0.163234 0.252281
0.151280 0.245403
0.139681 0.239116
0.128452 0.230902
0.117606 0.222115
0.107155 0.213814
0.097113 0.203542
0.087493 0.194245
0.078306 0.185375
0.069566 0.173596
0.061285 0.161950
0.053474 0.151480
0.046150 0.138443
0.039326 0.126901
0.033014 0.115727
0.027230 0.103484
0.021980 0.092107
0.017277 0.081015
0.013141 0.069083
0.009573 0.058770
0.006583 0.047501
0.004188 0.038593
0.002354 0.028384
0.001081 0.021842
0.000371 0.015575
0.000077 0.011750
0.000005 0.008096
0.000000 0.008957
0.000005 0.005757
0.000077 0.002053
0.000371 -0.001985
0.001081 -0.007401
0.002353 -0.013664
0.004188 -0.021506
0.006585 -0.026773
0.009576 -0.031390
0.013145 -0.035360
0.017281 -0.039796
0.021983 -0.043446
0.027232 -0.047293
0.033016 -0.050214
0.039328 -0.054110
0.046152 -0.058522
0.053476 -0.060130
0.061287 -0.061384
0.069568 -0.064768
0.078308 -0.066260
0.087495 -0.067868
0.097115 -0.069029
0.107157 -0.070797
0.117608 -0.071335
0.128454 -0.073992
0.139683 -0.074083
0.151282 -0.074379
0.163235 -0.075733
0.175532 -0.075902
0.188157 -0.076720
0.201097 -0.076795
0.214337 -0.077055
0.227864 -0.075398
0.241663 -0.075512
0.255719 -0.075095
0.270017 -0.073938
0.284542 -0.073295
0.299280 -0.072025
0.314215 -0.072013
0.329331 -0.071250
0.344613 -0.070332
0.360045 -0.069119
0.375611 -0.066154
0.391296 -0.066071
0.407083 -0.064640
0.422957 -0.063144
0.438901 -0.060895
0.454899 -0.059977
0.470935 -0.057590
0.486992 -0.055932
0.503055 -0.053890
0.519107 -0.052027
0.535132 -0.050527
0.551114 -0.048950
0.567036 -0.046454
0.582884 -0.044357
0.598640 -0.042022
0.614290 -0.041550
0.629817 -0.038643
0.645206 -0.037258
0.660442 -0.034201
0.675509 -0.032404
0.690393 -0.030760
0.705077 -0.028224
0.719549 -0.026865
0.733793 -0.025458
0.747795 -0.024098
0.761542 -0.022061
0.775019 -0.020878
0.788214 -0.019147
0.801113 -0.018701
0.813704 -0.016649
0.825973 -0.015463
0.837910 -0.013728
0.849501 -0.012444
0.860735 -0.011768
0.871601 -0.010374
0.882088 -0.008835
0.892184 -0.008331
0.901880 -0.006582
0.911165 -0.005947
0.920031 -0.005091
0.928468 -0.004432
0.936467 -0.003648
0.944019 -0.003498
0.951116 -0.001521
0.957751 -0.001875
0.963920 -0.002408
0.969616 -0.001497
0.974836 -0.002158
0.979575 -0.002907
0.983831 0.000735
0.987598 0.000824
0.990874 0.001701
0.993653 0.001750
0.995934 0.001951
0.997711 0.001061
0.998982 0.003910
0.999745 -0.000275
1.000000 0.001166
