1.000000 0.007808
0.999745 0.010314
0.998982 0.010130
0.997711 0.010187
0.995933 0.010808
0.993653 0.011736
0.990874 0.012016
0.987598 0.011799
0.983830 0.012250
0.979575 0.013680
0.974836 0.016414
0.969616 0.018873
0.963920 0.022329
0.957751 0.024311
0.951116 0.027369
0.944019 0.029280
0.936467 0.032401
0.928468 0.035752
0.920031 0.038698
0.911165 0.043179
0.901879 0.046319
0.892183 0.051756
0.882087 0.055642
0.871601 0.060415
0.860735 0.066639
0.849501 0.070823
0.837910 0.076987
0.825974 0.083656
0.813704 0.089952
0.801113 0.096335
0.788214 0.102664
0.775019 0.110800
0.761541 0.117527
0.747795 0.124576
0.733792 0.131417
0.719548 0.138293
0.705077 0.143982
0.690392 0.150172
0.675509 0.156338
0.660442 0.161906
0.645206 0.167201
0.629817 0.171384
0.614290 0.174608
0.598640 0.178189
0.582884 0.181592
0.567036 0.184371
0.551113 0.187259
0.535131 0.189149
0.519106 0.191447
0.503054 0.193584
0.486991 0.195694
0.470934 0.196468
0.454898 0.198587
0.438900 0.198264
0.422956 0.198248
0.407083 0.197694
0.391295 0.197461
0.375610 0.197124
0.360044 0.196650
0.344612 0.196159
0.329330 0.194793
0.314213 0.192950
0.299279 0.190337
0.284541 0.188201
0.270015 0.186308
0.255717 0.184822
0.241661 0.180860
0.227862 0.180282
0.214336 0.175644
0.201095 0.172338
0.188155 0.168761
0.175530 0.164328
0.163234 0.161384
0.151280 0.155330
0.139681 0.151252
0.128452 0.146177
0.117606 0.142514
0.107155 0.136814
0.097113 0.130834
0.087493 0.125274
0.078306 0.120224
0.069566 0.114054
0.061285 0.108105
0.053474 0.103189
0.046150 0.096834
0.039326 0.090234
0.033014 0.084538
0.027230 0.077525
0.021980 0.070472
0.017277 0.064933
0.013141 0.059053
0.009573 0.051906
0.006583 0.044654
0.004188 0.037191
0.002354 0.029151
0.001081 0.023209
0.000371 0.017017
0.000077 0.012497
0.000005 0.008912
0.000000 0.007738
0.000005 0.006874
0.000077 0.004967
0.000371 0.001397
0.001081 -0.005028
0.002353 -0.011678
0.004188 -0.017835
0.006585 -0.025076
0.009576 -0.032537
0.013145 -0.038942
0.017281 -0.044386
0.021983 -0.052497
0.027232 -0.058229
0.033016 -0.063864
0.039328 -0.069280
0.046152 -0.074853
0.053476 -0.081451
0.061287 -0.086208
0.069568 -0.092416
0.078308 -0.097852
0.087495 -0.103076
0.097115 -0.107854
0.107157 -0.112828
0.117608 -0.118457
0.128454 -0.123496
0.139683 -0.128592
0.151282 -0.133235
0.163235 -0.138449
0.175532 -0.143045
0.188157 -0.147429
0.201097 -0.151701
0.214337 -0.156232
0.227864 -0.160158
0.241663 -0.164301
0.255719 -0.166333
0.270017 -0.169760
0.284542 -0.173611
0.299280 -0.177359
0.314215 -0.179715
0.329331 -0.181136
0.344613 -0.183762
0.360045 -0.184013
0.375611 -0.185832
0.391296 -0.185182
0.407083 -0.185646
0.422957 -0.186930
0.438901 -0.185646
0.454899 -0.185369
0.470935 -0.184127
0.486992 -0.183005
0.503055 -0.182417
0.519107 -0.179559
0.535132 -0.177912
0.551114 -0.174908
0.567036 -0.172546
0.582884 -0.168390
0.598640 -0.163806
0.614290 -0.160047
0.629817 -0.153642
0.645206 -0.146819
0.660442 -0.141798
0.675509 -0.134312
0.690393 -0.128429
0.705077 -0.121167
0.719549 -0.114242
0.733793 -0.108062
0.747795 -0.101423
0.761542 -0.094216
0.775019 -0.088681
0.788214 -0.081633
0.801113 -0.076919
0.813704 -0.070945
0.825973 -0.065441
0.837910 -0.060577
0.849501 -0.055860
0.860735 -0.051561
0.871601 -0.045672
0.882088 -0.040288
0.892184 -0.035925
0.901880 -0.031986
0.911165 -0.028233
0.920031 -0.027706
0.928468 -0.020671
0.936467 -0.017656
0.944019 -0.015214
0.951116 -0.013502
0.957751 -0.009694
0.963920 -0.007107
0.969616 -0.004669
0.974836 -0.002693
0.979575 -0.000554
0.983831 0.000759
0.987598 0.002237
0.990874 0.003874
0.993653 0.004734
0.995934 0.006673
0.997711 0.006691
0.998982 0.006654
0.999745 0.005687
1.000000 0.007606
