1.000000 0.010038
0.999745 0.010120
0.998982 0.012123
0.997711 0.013975
0.995933 0.016979
0.993653 0.019484
0.990874 0.022679
0.987598 0.027224
0.983830 0.032177
0.979575 0.037594
0.974836 0.043395
0.969616 0.050267
0.963920 0.057709
0.957751 0.064457
0.951116 0.072536
0.944019 0.079817
0.936467 0.089544
0.928468 0.095535
0.920031 0.103655
0.911165 0.111604
0.901879 0.118680
0.892183 0.125820
0.882087 0.132829
0.871601 0.140091
0.860735 0.147549
0.849501 0.155562
0.837910 0.163676
0.825974 0.172054
0.813704 0.180089
0.801113 0.188786
0.788214 0.197906
0.775019 0.205416
0.761541 0.214204
0.747795 0.221445
0.733792 0.229547
0.719548 0.237299
0.705077 0.244187
0.690392 0.250634
0.675509 0.257223
0.660442 0.262227
0.645206 0.267803
0.629817 0.272712
0.614290 0.277564
0.598640 0.282312
0.582884 0.286415
0.567036 0.291306
0.551113 0.294752
0.535131 0.299671
0.519106 0.300963
0.503054 0.303679
0.486991 0.305717
0.470934 0.307173
0.454898 0.309083
0.438900 0.309300
0.422956 0.310000
0.407083 0.311206
0.391295 0.309168
0.375610 0.308109
0.360044 0.306635
0.344612 0.304466
0.329330 0.301740
0.314213 0.297952
0.299279 0.294796
0.284541 0.290975
0.270015 0.286555
0.255717 0.281367
0.241661 0.275814
0.227862 0.269188
0.214336 0.263154
0.201095 0.256958
0.188155 0.250267
0.175530 0.243186
0.163234 0.235381
0.151280 0.227241
0.139681 0.219372
0.128452 0.210399
0.117606 0.201521
0.107155 0.192012
0.097113 0.183038
0.087493 0.173611
0.078306 0.163676
0.069566 0.153483
0.061285 0.143768
0.053474 0.133400
0.046150 0.123005
0.039326 0.113514
0.033014 0.103180
0.027230 0.093294
0.021980 0.082551
0.017277 0.074535
0.013141 0.065849
0.009573 0.055251
0.006583 0.047225
0.004188 0.037463
0.002354 0.030074
0.001081 0.022539
0.000371 0.015532
0.000077 0.010524
0.000005 0.007932
0.000000 0.006136
0.000005 0.006231
0.000077 0.004070
0.000371 0.002486
0.001081 0.000468
0.002353 0.000279
0.004188 0.000008
0.006585 0.000071
0.009576 0.002636
0.013145 0.004950
0.017281 0.006624
0.021983 0.008088
0.027232 0.010857
0.033016 0.013665
0.039328 0.015601
0.046152 0.018525
0.053476 0.018868
0.061287 0.023912
0.069568 0.026600
0.078308 0.030040
0.087495 0.035641
0.097115 0.039347
0.107157 0.044201
0.117608 0.049062
0.128454 0.053275
0.139683 0.058429
0.151282 0.064570
0.163235 0.069930
0.175532 0.075508
0.188157 0.081054
0.201097 0.085973
0.214337 0.090882
0.227864 0.096484
0.241663 0.100774
0.255719 0.106279
0.270017 0.110697
0.284542 0.116716
0.299280 0.121023
0.314215 0.124334
0.329331 0.130094
0.344613 0.134433
0.360045 0.137904
0.375611 0.142301
0.391296 0.145565
0.407083 0.149249
0.422957 0.151075
0.438901 0.155153
0.454899 0.157464
0.470935 0.159431
0.486992 0.161365
0.503055 0.161167
0.519107 0.162268
0.535132 0.163088
0.551114 0.163757
0.567036 0.164375
0.582884 0.162432
0.598640 0.161582
0.614290 0.160523
0.629817 0.161547
0.645206 0.159525
0.660442 0.157257
0.675509 0.155751
0.690393 0.153614
0.705077 0.150826
0.719549 0.150544
0.733793 0.148214
0.747795 0.145811
0.761542 0.142807
0.775019 0.139614
0.788214 0.136452
0.801113 0.133234
0.813704 0.128704
0.825973 0.125872
0.837910 0.120674
0.849501 0.116319
0.860735 0.111554
0.871601 0.107430
0.882088 0.102507
0.892184 0.097017
0.901880 0.091566
0.911165 0.086669
0.920031 0.080098
0.928468 0.078770
0.936467 0.070104
0.944019 0.064268
0.951116 0.059579
0.957751 0.053908
0.963920 0.049567
0.969616 0.043469
0.974836 0.038252
0.979575 0.032791
0.983831 0.027986
0.987598 0.023797
0.990874 0.020028
0.993653 0.014734
0.995934 0.012569
0.997711 0.010246
0.998982 0.008816
0.999745 0.008467
1.000000 0.007318
