1.000000 0.008923
0.999745 0.009984
0.998982 0.009751
0.997711 0.011981
0.995933 0.012861
0.993653 0.014911
0.990874 0.015375
0.987598 0.016895
0.983830 0.017854
0.979575 0.019417
0.974836 0.021625
0.969616 0.023286
0.963920 0.029738
0.957751 0.030901
0.951116 0.034978
0.944019 0.038070
0.936467 0.041911
0.928468 0.045245
0.920031 0.048128
0.911165 0.052399
0.901879 0.058055
0.892183 0.062769
0.882087 0.068581
0.871601 0.074054
0.860735 0.079322
0.849501 0.085424
0.837910 0.089690
0.825974 0.095055
0.813704 0.101520
0.801113 0.105352
0.788214 0.110842
0.775019 0.115971
0.761541 0.121092
0.747795 0.127051
0.733792 0.133318
0.719548 0.139615
0.705077 0.146391
0.690392 0.152884
0.675509 0.159282
0.660442 0.166196
0.645206 0.171582
0.629817 0.178066
0.614290 0.183339
0.598640 0.189454
0.582884 0.194401
0.567036 0.199029
0.551113 0.203568
0.535131 0.207798
0.519106 0.212387
0.503054 0.215775
0.486991 0.219010
0.470934 0.222962
0.454898 0.225181
0.438900 0.228435
0.422956 0.230431
0.407083 0.233063
0.391295 0.234329
0.375610 0.234888
0.360044 0.236870
0.344612 0.236439
0.329330 0.236219
0.314213 0.235537
0.299279 0.234425
0.284541 0.233563
0.270015 0.232637
0.255717 0.231317
0.241661 0.229208
0.227862 0.226744
0.214336 0.223809
0.201095 0.220759
0.188155 0.217329
0.175530 0.213077
0.163234 0.211631
0.151280 0.205060
0.139681 0.200634
0.128452 0.194272
0.117606 0.189520
0.107155 0.182247
0.097113 0.175730
0.087493 0.168762
0.078306 0.161468
0.069566 0.153508
0.061285 0.145166
0.053474 0.134901
0.046150 0.125674
0.039326 0.115918
0.033014 0.106467
0.027230 0.097278
0.021980 0.085911
0.017277 0.076607
0.013141 0.066313
0.009573 0.056071
0.006583 0.047028
0.004188 0.037626
0.002354 0.029211
0.001081 0.022152
0.000371 0.015991
0.000077 0.011275
0.000005 0.008404
0.000000 0.008367
0.000005 0.007330
0.000077 0.004346
0.000371 -0.001642
0.001081 -0.008337
0.002353 -0.014490
0.004188 -0.022328
0.006585 -0.030005
0.009576 -0.039050
0.013145 -0.047843
0.017281 -0.053307
0.021983 -0.059946
0.027232 -0.065173
0.033016 -0.071666
0.039328 -0.077409
0.046152 -0.082647
0.053476 -0.089368
0.061287 -0.094260
0.069568 -0.098029
0.078308 -0.104564
0.087495 -0.108745
0.097115 -0.112321
0.107157 -0.116215
0.117608 -0.119813
0.128454 -0.124095
0.139683 -0.127276
0.151282 -0.132613
0.163235 -0.135599
0.175532 -0.139109
0.188157 -0.142003
0.201097 -0.145246
0.214337 -0.147973
0.227864 -0.150294
0.241663 -0.153530
0.255719 -0.154717
0.270017 -0.157382
0.284542 -0.159275
0.299280 -0.161540
0.314215 -0.163416
0.329331 -0.164270
0.344613 -0.165798
0.360045 -0.166675
0.375611 -0.167038
0.391296 -0.168409
0.407083 -0.168641
0.422957 -0.169656
0.438901 -0.170453
0.454899 -0.169665
0.470935 -0.169966
0.486992 -0.168980
0.503055 -0.167998
0.519107 -0.168646
0.535132 -0.165989
0.551114 -0.164351
0.567036 -0.161614
0.582884 -0.158419
0.598640 -0.156142
0.614290 -0.152989
0.629817 -0.149522
0.645206 -0.145587
0.660442 -0.142191
0.675509 -0.136787
0.690393 -0.132909
0.705077 -0.127180
0.719549 -0.123341
0.733793 -0.117104
0.747795 -0.111355
0.761542 -0.106605
0.775019 -0.101274
0.788214 -0.095619
0.801113 -0.090383
0.813704 -0.084988
0.825973 -0.079517
0.837910 -0.073961
0.849501 -0.069493
0.860735 -0.064299
0.871601 -0.057921
0.882088 -0.052436
0.892184 -0.048870
0.901880 -0.042650
0.911165 -0.037607
0.920031 -0.033870
0.928468 -0.031022
0.936467 -0.026001
0.944019 -0.022025
0.951116 -0.019390
0.957751 -0.017366
0.963920 -0.013856
0.969616 -0.011022
0.974836 -0.006258
0.979575 -0.004458
0.983831 -0.002133
0.987598 -0.000047
0.990874 0.001320
0.993653 0.003845
0.995934 0.004748
0.997711 0.006490
0.998982 0.006874
0.999745 0.007005
1.000000 0.004951
