1.000000 0.020883
0.999745 0.020570
0.998982 0.020558
0.997711 0.021814
0.995933 0.021796
0.993653 0.022067
0.990874 0.022581
0.987598 0.022048
0.983830 0.022353
0.979575 0.023246
0.974836 0.024927
0.969616 0.026072
0.963920 0.028416
0.957751 0.030691
0.951116 0.032438
0.944019 0.036052
0.936467 0.038055
0.928468 0.042030
0.920031 0.044555
0.911165 0.046893
0.901879 0.050212
0.892183 0.053388
0.882087 0.057791
0.871601 0.060775
0.860735 0.063187
0.849501 0.068213
0.837910 0.071942
0.825974 0.078277
0.813704 0.084168
0.801113 0.090124
0.788214 0.095502
0.775019 0.100698
0.761541 0.107334
0.747795 0.112740
0.733792 0.119088
0.719548 0.125146
0.705077 0.130537
0.690392 0.137181
0.675509 0.143348
0.660442 0.149118
0.645206 0.155050
0.629817 0.160661
0.614290 0.166942
0.598640 0.173414
0.582884 0.179220
0.567036 0.185775
0.551113 0.192786
0.535131 0.199135
0.519106 0.205869
0.503054 0.212882
0.486991 0.219439
0.470934 0.225761
0.454898 0.231241
0.438900 0.236626
0.422956 0.241295
0.407083 0.246557
0.391295 0.250732
0.375610 0.254645
0.360044 0.259338
0.344612 0.262261
0.329330 0.265333
0.314213 0.267549
0.299279 0.270697
0.284541 0.272315
0.270015 0.273297
0.255717 0.273339
0.241661 0.273916
0.227862 0.273978
0.214336 0.272267
0.201095 0.270603
0.188155 0.266928
0.175530 0.263876
0.163234 0.260861
0.151280 0.256650
0.139681 0.251941
0.128452 0.246344
0.117606 0.240635
0.107155 0.233318
0.097113 0.226615
0.087493 0.217832
0.078306 0.208928
0.069566 0.199607
0.061285 0.189445
0.053474 0.178424
0.046150 0.166665
0.039326 0.154814
0.033014 0.142875
0.027230 0.130136
0.021980 0.116132
0.017277 0.099846
0.013141 0.084070
0.009573 0.070704
0.006583 0.057903
0.004188 0.046852
0.002354 0.036336
0.001081 0.027585
0.000371 0.021108
0.000077 0.015168
0.000005 0.012741
0.000000 0.011541
0.000005 0.010237
0.000077 0.006745
0.000371 0.001153
0.001081 -0.005150
0.002353 -0.012542
0.004188 -0.021844
0.006585 -0.034299
0.009576 -0.044669
0.013145 -0.057822
0.017281 -0.071543
0.021983 -0.082951
0.027232 -0.095417
0.033016 -0.107877
0.039328 -0.116354
0.046152 -0.127241
0.053476 -0.136361
0.061287 -0.145709
0.069568 -0.154608
0.078308 -0.158870
0.087495 -0.164520
0.097115 -0.168289
0.107157 -0.174369
0.117608 -0.180073
0.128454 -0.181541
0.139683 -0.185254
0.151282 -0.187129
0.163235 -0.187928
0.175532 -0.189722
0.188157 -0.190512
0.201097 -0.191414
0.214337 -0.191070
0.227864 -0.191197
0.241663 -0.190874
0.255719 -0.190311
0.270017 -0.188007
0.284542 -0.186004
0.299280 -0.182851
0.314215 -0.180290
0.329331 -0.177465
0.344613 -0.174627
0.360045 -0.170923
0.375611 -0.167647
0.391296 -0.163066
0.407083 -0.158446
0.422957 -0.152381
0.438901 -0.147090
0.454899 -0.142614
0.470935 -0.138473
0.486992 -0.131649
0.503055 -0.128181
0.519107 -0.121348
0.535132 -0.117026
0.551114 -0.111315
0.567036 -0.105909
0.582884 -0.099990
0.598640 -0.094426
0.614290 -0.089750
0.629817 -0.083692
0.645206 -0.078925
0.660442 -0.074791
0.675509 -0.068677
0.690393 -0.063831
0.705077 -0.059088
0.719549 -0.055121
0.733793 -0.050928
0.747795 -0.044828
0.761542 -0.040770
0.775019 -0.037982
0.788214 -0.033091
0.801113 -0.027757
0.813704 -0.025519
0.825973 -0.022181
0.837910 -0.019944
0.849501 -0.015894
0.860735 -0.014102
0.871601 -0.011918
0.882088 -0.009310
0.892184 -0.008093
0.901880 -0.005635
0.911165 -0.003832
0.920031 -0.002545
0.928468 -0.000956
0.936467 -0.001135
0.944019 -0.000594
0.951116 0.001034
0.957751 0.002750
0.963920 0.004822
0.969616 0.005537
0.974836 0.006044
0.979575 0.007264
0.983831 0.006542
0.987598 0.007235
0.990874 0.007234
0.993653 0.007012
0.995934 0.007068
0.997711 0.006735
0.998982 0.006585
0.999745 0.004398
1.000000 0.004478
