1.000000 0.009509
0.999745 0.014958
0.998982 0.014562
0.997711 0.019670
0.995933 0.018829
0.993653 0.020857
0.990874 0.022922
0.987598 0.026347
0.983830 0.030532
0.979575 0.033105
0.974836 0.038484
0.969616 0.043745
0.963920 0.048291
0.957751 0.053863
0.951116 0.060018
0.944019 0.065895
0.936467 0.070961
0.928468 0.077891
0.920031 0.084742
0.911165 0.092348
0.901879 0.099339
0.892183 0.106804
0.882087 0.116749
0.871601 0.124243
0.860735 0.133414
0.849501 0.142921
0.837910 0.151681
0.825974 0.160678
0.813704 0.169197
0.801113 0.178324
0.788214 0.188283
0.775019 0.196459
0.761541 0.206384
0.747795 0.215028
0.733792 0.223837
0.719548 0.231399
0.705077 0.239970
0.690392 0.248049
0.675509 0.254352
0.660442 0.260881
0.645206 0.266192
0.629817 0.273651
0.614290 0.278049
0.598640 0.282680
0.582884 0.287508
0.567036 0.291706
0.551113 0.295679
0.535131 0.299845
0.519106 0.301376
0.503054 0.303837
0.486991 0.305488
0.470934 0.308844
0.454898 0.308673
0.438900 0.310452
0.422956 0.309311
0.407083 0.309451
0.391295 0.308849
0.375610 0.308481
0.360044 0.307079
0.344612 0.304934
0.329330 0.302606
0.314213 0.300446
0.299279 0.298565
0.284541 0.296560
0.270015 0.293396
0.255717 0.289404
0.241661 0.285390
0.227862 0.281577
0.214336 0.277026
0.201095 0.272827
0.188155 0.268541
0.175530 0.264210
0.163234 0.258685
0.151280 0.253098
0.139681 0.247413
0.128452 0.242122
0.117606 0.235724
0.107155 0.229018
0.097113 0.221764
0.087493 0.213732
0.078306 0.206470
0.069566 0.196450
0.061285 0.186614
0.053474 0.175951
0.046150 0.165253
0.039326 0.154978
0.033014 0.142366
0.027230 0.128483
0.021980 0.114573
0.017277 0.099858
0.013141 0.085207
0.009573 0.072224
0.006583 0.055837
0.004188 0.043147
0.002354 0.031059
0.001081 0.022372
0.000371 0.015468
0.000077 0.010585
0.000005 0.008128
0.000000 0.008419
0.000005 0.005137
0.000077 0.003194
0.000371 -0.001318
0.001081 -0.007993
0.002353 -0.013775
0.004188 -0.026501
0.006585 -0.038026
0.009576 -0.051730
0.013145 -0.066323
0.017281 -0.078490
0.021983 -0.090001
0.027232 -0.102138
0.033016 -0.112110
0.039328 -0.123892
0.046152 -0.132947
0.053476 -0.142918
0.061287 -0.151216
0.069568 -0.158389
0.078308 -0.166801
0.087495 -0.173586
0.097115 -0.180046
0.107157 -0.187837
0.117608 -0.194285
0.128454 -0.200321
0.139683 -0.207296
0.151282 -0.212455
0.163235 -0.218335
0.175532 -0.224035
0.188157 -0.229605
0.201097 -0.234802
0.214337 -0.238482
0.227864 -0.243777
0.241663 -0.246805
0.255719 -0.249988
0.270017 -0.252560
0.284542 -0.255982
0.299280 -0.258261
0.314215 -0.259365
0.329331 -0.261042
0.344613 -0.261565
0.360045 -0.262318
0.375611 -0.262503
0.391296 -0.260794
0.407083 -0.259431
0.422957 -0.255728
0.438901 -0.254271
0.454899 -0.251478
0.470935 -0.245323
0.486992 -0.240359
0.503055 -0.234700
0.519107 -0.228020
0.535132 -0.220129
0.551114 -0.210236
0.567036 -0.202385
0.582884 -0.192260
0.598640 -0.182110
0.614290 -0.170492
0.629817 -0.157919
0.645206 -0.146498
0.660442 -0.133927
0.675509 -0.120964
0.690393 -0.106753
0.705077 -0.096721
0.719549 -0.083067
0.733793 -0.069911
0.747795 -0.058709
0.761542 -0.046857
0.775019 -0.037176
0.788214 -0.025743
0.801113 -0.017325
0.813704 -0.006684
0.825973 0.001329
0.837910 0.008465
0.849501 0.015264
0.860735 0.021603
0.871601 0.026187
0.882088 0.029593
0.892184 0.031534
0.901880 0.032586
0.911165 0.032699
0.920031 0.032952
0.928468 0.032674
0.936467 0.031026
0.944019 0.028721
0.951116 0.026934
0.957751 0.023670
0.963920 0.021457
0.969616 0.017535
0.974836 0.014559
0.979575 0.010853
0.983831 0.008296
0.987598 0.006971
0.990874 0.003913
0.993653 0.000222
0.995934 -0.000424
0.997711 -0.004436
0.998982 -0.003346
0.999745 -0.003971
1.000000 -0.004513
