1.000000 0.015592
0.999745 0.014270
0.998982 0.015776
0.997711 0.015001
0.995933 0.015206
0.993653 0.016242
0.990874 0.014575
0.987598 0.015734
0.983830 0.016487
0.979575 0.016618
0.974836 0.019010
0.969616 0.020515
0.963920 0.022645
0.957751 0.025468
0.951116 0.027605
0.944019 0.030285
0.936467 0.034448
0.928468 0.037441
0.920031 0.042182
0.911165 0.045583
0.901879 0.052873
0.892183 0.057946
0.882087 0.063548
0.871601 0.069600
0.860735 0.075553
0.849501 0.082096
0.837910 0.089390
0.825974 0.095563
0.813704 0.102343
0.801113 0.108400
0.788214 0.117078
0.775019 0.122241
0.761541 0.129588
0.747795 0.136322
0.733792 0.143926
0.719548 0.150999
0.705077 0.158205
0.690392 0.165155
0.675509 0.172348
0.660442 0.178811
0.645206 0.184291
0.629817 0.190212
0.614290 0.196305
0.598640 0.201958
0.582884 0.207869
0.567036 0.211956
0.551113 0.215973
0.535131 0.220042
0.519106 0.224119
0.503054 0.228003
0.486991 0.232354
0.470934 0.235851
0.454898 0.239494
0.438900 0.243203
0.422956 0.245628
0.407083 0.248343
0.391295 0.251536
0.375610 0.253979
0.360044 0.256204
0.344612 0.258136
0.329330 0.259201
0.314213 0.260374
0.299279 0.260929
0.284541 0.262376
0.270015 0.262428
0.255717 0.262451
0.241661 0.262381
0.227862 0.261520
0.214336 0.260599
0.201095 0.259106
0.188155 0.257558
0.175530 0.256305
0.163234 0.253635
0.151280 0.250598
0.139681 0.247302
0.128452 0.242405
0.117606 0.237500
0.107155 0.231664
0.097113 0.224624
0.087493 0.216850
0.078306 0.208346
0.069566 0.199332
0.061285 0.188622
0.053474 0.177481
0.046150 0.165560
0.039326 0.153489
0.033014 0.140094
0.027230 0.126230
0.021980 0.113440
0.017277 0.098039
0.013141 0.083749
0.009573 0.069604
0.006583 0.056231
0.004188 0.043698
0.002354 0.032378
0.001081 0.023854
0.000371 0.016738
0.000077 0.011040
0.000005 0.008230
0.000000 0.005501
0.000005 0.004510
0.000077 0.002697
0.000371 -0.001307
0.001081 -0.005750
0.002353 -0.015041
0.004188 -0.023077
0.006585 -0.029523
0.009576 -0.035643
0.013145 -0.041762
0.017281 -0.043694
0.021983 -0.046433
0.027232 -0.049558
0.033016 -0.051376
0.039328 -0.053852
0.046152 -0.055134
0.053476 -0.057505
0.061287 -0.058705
0.069568 -0.060425
0.078308 -0.063239
0.087495 -0.064609
0.097115 -0.066383
0.107157 -0.067355
0.117608 -0.070169
0.128454 -0.070286
0.139683 -0.073403
0.151282 -0.074625
0.163235 -0.076739
0.175532 -0.078093
0.188157 -0.080279
0.201097 -0.081521
0.214337 -0.082779
0.227864 -0.085721
0.241663 -0.086602
0.255719 -0.086946
0.270017 -0.090223
0.284542 -0.091833
0.299280 -0.092593
0.314215 -0.093699
0.329331 -0.094477
0.344613 -0.095693
0.360045 -0.097351
0.375611 -0.096689
0.391296 -0.097083
0.407083 -0.098608
0.422957 -0.098734
0.438901 -0.099717
0.454899 -0.099370
0.470935 -0.099821
0.486992 -0.098787
0.503055 -0.098211
0.519107 -0.098299
0.535132 -0.098060
0.551114 -0.094971
0.567036 -0.094376
0.582884 -0.092309
0.598640 -0.089726
0.614290 -0.087702
0.629817 -0.085737
0.645206 -0.083911
0.660442 -0.081607
0.675509 -0.078453
0.690393 -0.075666
0.705077 -0.072091
0.719549 -0.069574
0.733793 -0.068381
0.747795 -0.064578
0.761542 -0.061312
0.775019 -0.058177
0.788214 -0.055667
0.801113 -0.053712
0.813704 -0.050344
0.825973 -0.048333
0.837910 -0.045989
0.849501 -0.043612
0.860735 -0.040794
0.871601 -0.037469
0.882088 -0.035341
0.892184 -0.032455
0.901880 -0.029988
0.911165 -0.028639
0.920031 -0.025600
0.928468 -0.024864
0.936467 -0.022165
0.944019 -0.022152
0.951116 -0.020576
0.957751 -0.018459
0.963920 -0.017118
0.969616 -0.015618
0.974836 -0.012107
0.979575 -0.010044
0.983831 -0.009709
0.987598 -0.008636
0.990874 -0.007735
0.993653 -0.005989
0.995934 -0.004182
0.997711 0.000378
0.998982 0.002915
0.999745 0.003214
1.000000 0.001702
