1.000000 0.001442
0.999745 0.001557
0.998982 0.001894
0.997711 0.002443
0.995933 0.003172
0.993653 0.004125
0.990874 0.005350
0.987598 0.006851
0.983830 0.008621
0.979575 0.010677
0.974836 0.013039
0.969616 0.015717
0.963920 0.018698
0.957751 0.021960
0.951116 0.025451
0.944019 0.029133
0.936467 0.033009
0.928468 0.037089
0.920031 0.041386
0.911165 0.045904
0.901879 0.050680
0.892183 0.055746
0.882087 0.061074
0.871601 0.066650
0.860735 0.072468
0.849501 0.078513
0.837910 0.084867
0.825974 0.091483
0.813704 0.098308
0.801113 0.105323
0.788214 0.112487
0.775019 0.119774
0.761541 0.127051
0.747795 0.134323
0.733792 0.141583
0.719548 0.148824
0.705077 0.156003
0.690392 0.163127
0.675509 0.170120
0.660442 0.176991
0.645206 0.183685
0.629817 0.190169
0.614290 0.196439
0.598640 0.202491
0.582884 0.208318
0.567036 0.213872
0.551113 0.219126
0.535131 0.224067
0.519106 0.228688
0.503054 0.232944
0.486991 0.236824
0.470934 0.240374
0.454898 0.243608
0.438900 0.246491
0.422956 0.249007
0.407083 0.251192
0.391295 0.253067
0.375610 0.254618
0.360044 0.255840
0.344612 0.256771
0.329330 0.257384
0.314213 0.257643
0.299279 0.257567
0.284541 0.257175
0.270015 0.256423
0.255717 0.255267
0.241661 0.253689
0.227862 0.251684
0.214336 0.249201
0.201095 0.246235
0.188155 0.242786
0.175530 0.238821
0.163234 0.234303
0.151280 0.229208
0.139681 0.223493
0.128452 0.217125
0.117606 0.210145
0.107155 0.202620
0.097113 0.194584
0.087493 0.186050
0.078306 0.176985
0.069566 0.167314
0.061285 0.157072
0.053474 0.146469
0.046150 0.135581
0.039326 0.124518
0.033014 0.113268
0.027230 0.101858
0.021980 0.090284
0.017277 0.078644
0.013141 0.067106
0.009573 0.055812
0.006583 0.044983
0.004188 0.034745
0.002354 0.025344
0.001081 0.017165
0.000371 0.010570
0.000077 0.005760
0.000005 0.002856
0.000000 0.001887
0.000005 0.000933
0.000077 -0.001919
0.000371 -0.006492
0.001081 -0.012449
0.002353 -0.019204
0.004188 -0.025983
0.006585 -0.032349
0.009576 -0.038439
0.013145 -0.043768
0.017281 -0.048418
0.021983 -0.052735
0.027232 -0.056839
0.033016 -0.060761
0.039328 -0.064567
0.046152 -0.068332
0.053476 -0.072071
0.061287 -0.075782
0.069568 -0.079488
0.078308 -0.083151
0.087495 -0.086727
0.097115 -0.090231
0.107157 -0.093616
0.117608 -0.096976
0.128454 -0.100284
0.139683 -0.103563
0.151282 -0.106736
0.163235 -0.109782
0.175532 -0.112689
0.188157 -0.115475
0.201097 -0.118140
0.214337 -0.120640
0.227864 -0.122997
0.241663 -0.125194
0.255719 -0.127189
0.270017 -0.128943
0.284542 -0.130468
0.299280 -0.131777
0.314215 -0.132858
0.329331 -0.133684
0.344613 -0.134253
0.360045 -0.134551
0.375611 -0.134566
0.391296 -0.134284
0.407083 -0.133703
0.422957 -0.132861
0.438901 -0.131763
0.454899 -0.130413
0.470935 -0.128824
0.486992 -0.127027
0.503055 -0.125016
0.519107 -0.122791
0.535132 -0.120366
0.551114 -0.117771
0.567036 -0.115000
0.582884 -0.112033
0.598640 -0.108870
0.614290 -0.105533
0.629817 -0.102011
0.645206 -0.098307
0.660442 -0.094458
0.675509 -0.090511
0.690393 -0.086481
0.705077 -0.082378
0.719549 -0.078227
0.733793 -0.074068
0.747795 -0.069867
0.761542 -0.065690
0.775019 -0.061547
0.788214 -0.057460
0.801113 -0.053445
0.813704 -0.049543
0.825973 -0.045755
0.837910 -0.042113
0.849501 -0.038635
0.860735 -0.035339
0.871601 -0.032205
0.882088 -0.029239
0.892184 -0.026460
0.901880 -0.023850
0.911165 -0.021444
0.920031 -0.019244
0.928468 -0.017220
0.936467 -0.015352
0.944019 -0.013622
0.951116 -0.011999
0.957751 -0.010449
0.963920 -0.008990
0.969616 -0.007676
0.974836 -0.006554
0.979575 -0.005645
0.983831 -0.004943
0.987598 -0.004406
0.990874 -0.003984
0.993653 -0.003674
0.995934 -0.003486
0.997711 -0.003358
0.998982 -0.003221
0.999745 -0.003111
1.000000 -0.003074
