1.000000 0.017530
0.999745 0.017060
0.998982 0.016613
0.997711 0.018010
0.995933 0.017774
0.993653 0.017248
0.990874 0.016033
0.987598 0.015975
0.983830 0.015704
0.979575 0.015509
0.974836 0.016059
0.969616 0.016827
0.963920 0.018074
0.957751 0.020489
0.951116 0.022676
0.944019 0.025545
0.936467 0.028085
0.928468 0.031233
0.920031 0.035358
0.911165 0.039203
0.901879 0.043051
0.892183 0.047022
0.882087 0.052918
0.871601 0.058371
0.860735 0.064759
0.849501 0.069808
0.837910 0.076311
0.825974 0.082086
0.813704 0.089505
0.801113 0.095096
0.788214 0.102301
0.775019 0.108655
0.761541 0.115065
0.747795 0.122117
0.733792 0.127412
0.719548 0.134092
0.705077 0.139042
0.690392 0.144532
0.675509 0.149886
0.660442 0.156170
0.645206 0.162140
0.629817 0.166988
0.614290 0.171555
0.598640 0.176365
0.582884 0.180740
0.567036 0.184486
0.551113 0.189572
0.535131 0.193171
0.519106 0.196616
0.503054 0.199868
0.486991 0.203319
0.470934 0.205965
0.454898 0.209684
0.438900 0.211323
0.422956 0.213168
0.407083 0.214378
0.391295 0.215942
0.375610 0.217071
0.360044 0.218627
0.344612 0.220072
0.329330 0.220408
0.314213 0.220820
0.299279 0.222414
0.284541 0.221757
0.270015 0.222369
0.255717 0.222608
0.241661 0.221990
0.227862 0.222223
0.214336 0.221529
0.201095 0.219858
0.188155 0.219178
0.175530 0.218515
0.163234 0.218425
0.151280 0.216394
0.139681 0.213641
0.128452 0.209535
0.117606 0.205363
0.107155 0.200455
0.097113 0.195011
0.087493 0.188920
0.078306 0.182117
0.069566 0.173395
0.061285 0.165800
0.053474 0.155780
0.046150 0.144495
0.039326 0.133404
0.033014 0.122889
0.027230 0.111113
0.021980 0.099500
0.017277 0.086722
0.013141 0.075162
0.009573 0.063726
0.006583 0.051514
0.004188 0.040665
0.002354 0.031632
0.001081 0.022742
0.000371 0.016891
0.000077 0.012633
0.000005 0.008453
0.000000 0.011272
0.000005 0.006289
0.000077 0.005089
0.000371 0.000095
0.001081 -0.005709
0.002353 -0.014495
0.004188 -0.021206
0.006585 -0.028797
0.009576 -0.036720
0.013145 -0.041082
0.017281 -0.044248
0.021983 -0.048411
0.027232 -0.053121
0.033016 -0.056426
0.039328 -0.060537
0.046152 -0.062625
0.053476 -0.065378
0.061287 -0.068738
0.069568 -0.072192
0.078308 -0.074287
0.087495 -0.076890
0.097115 -0.079511
0.107157 -0.082187
0.117608 -0.084450
0.128454 -0.086729
0.139683 -0.090019
0.151282 -0.092005
0.163235 -0.094844
0.175532 -0.096907
0.188157 -0.099009
0.201097 -0.101227
0.214337 -0.103125
0.227864 -0.104868
0.241663 -0.107329
0.255719 -0.110548
0.270017 -0.111401
0.284542 -0.113981
0.299280 -0.114822
0.314215 -0.118241
0.329331 -0.118165
0.344613 -0.118961
0.360045 -0.120838
0.375611 -0.122366
0.391296 -0.121607
0.407083 -0.121683
0.422957 -0.120203
0.438901 -0.120362
0.454899 -0.120548
0.470935 -0.119686
0.486992 -0.117927
0.503055 -0.117402
0.519107 -0.115752
0.535132 -0.113796
0.551114 -0.112372
0.567036 -0.109898
0.582884 -0.108216
0.598640 -0.104502
0.614290 -0.103038
0.629817 -0.099175
0.645206 -0.096382
0.660442 -0.093948
0.675509 -0.090406
0.690393 -0.087044
0.705077 -0.083258
0.719549 -0.079770
0.733793 -0.075637
0.747795 -0.071830
0.761542 -0.067761
0.775019 -0.065032
0.788214 -0.061343
0.801113 -0.056738
0.813704 -0.051635
0.825973 -0.047279
0.837910 -0.044280
0.849501 -0.040337
0.860735 -0.036810
0.871601 -0.031630
0.882088 -0.028262
0.892184 -0.024538
0.901880 -0.021390
0.911165 -0.018340
0.920031 -0.014863
0.928468 -0.012429
0.936467 -0.010321
0.944019 -0.007140
0.951116 -0.005222
0.957751 -0.004296
0.963920 -0.001457
0.969616 -0.000167
0.974836 0.000608
0.979575 0.001268
0.983831 0.001537
0.987598 0.001695
0.990874 0.002227
0.993653 0.001326
0.995934 0.002272
0.997711 0.002559
0.998982 0.003511
0.999745 0.002044
1.000000 0.000429
