1.000000 0.008517
0.999745 0.008376
0.998982 0.009391
0.997711 0.011943
0.995933 0.012312
0.993653 0.012005
0.990874 0.012839
0.987598 0.013805
0.983830 0.016701
0.979575 0.017742
0.974836 0.020227
0.969616 0.023181
0.963920 0.025901
0.957751 0.029172
0.951116 0.032678
0.944019 0.036649
0.936467 0.041291
0.928468 0.046131
0.920031 0.051194
0.911165 0.058028
0.901879 0.064361
0.892183 0.071051
0.882087 0.079116
0.871601 0.086146
0.860735 0.094389
0.849501 0.101967
0.837910 0.111390
0.825974 0.120591
0.813704 0.128870
0.801113 0.138507
0.788214 0.146608
0.775019 0.157448
0.761541 0.166141
0.747795 0.175124
0.733792 0.185149
0.719548 0.195059
0.705077 0.205995
0.690392 0.215827
0.675509 0.223733
0.660442 0.232740
0.645206 0.241637
0.629817 0.249395
0.614290 0.256390
0.598640 0.261327
0.582884 0.266113
0.567036 0.269843
0.551113 0.273244
0.535131 0.275908
0.519106 0.277616
0.503054 0.279625
0.486991 0.280222
0.470934 0.280354
0.454898 0.280526
0.438900 0.279206
0.422956 0.279769
0.407083 0.277739
0.391295 0.275738
0.375610 0.273408
0.360044 0.271216
0.344612 0.268690
0.329330 0.266736
0.314213 0.262476
0.299279 0.257915
0.284541 0.253723
0.270015 0.249170
0.255717 0.245108
0.241661 0.239360
0.227862 0.234275
0.214336 0.228814
0.201095 0.223735
0.188155 0.218533
0.175530 0.212207
0.163234 0.205413
0.151280 0.199230
0.139681 0.192600
0.128452 0.185136
0.117606 0.177553
0.107155 0.170648
0.097113 0.164407
0.087493 0.156514
0.078306 0.148701
0.069566 0.141829
0.061285 0.134097
0.053474 0.128105
0.046150 0.118150
0.039326 0.109571
0.033014 0.101997
0.027230 0.094465
0.021980 0.085761
0.017277 0.075251
0.013141 0.066211
0.009573 0.056938
0.006583 0.048054
0.004188 0.039778
0.002354 0.030178
0.001081 0.022950
0.000371 0.015862
0.000077 0.010129
0.000005 0.007905
0.000000 0.006856
0.000005 0.006117
0.000077 0.005116
0.000371 -0.000184
0.001081 -0.006018
0.002353 -0.013024
0.004188 -0.020026
0.006585 -0.025645
0.009576 -0.031952
0.013145 -0.038781
0.017281 -0.044844
0.021983 -0.050358
0.027232 -0.055998
0.033016 -0.061764
0.039328 -0.067428
0.046152 -0.071244
0.053476 -0.076534
0.061287 -0.082271
0.069568 -0.088156
0.078308 -0.093001
0.087495 -0.096847
0.097115 -0.100599
0.107157 -0.106421
0.117608 -0.109534
0.128454 -0.115056
0.139683 -0.119309
0.151282 -0.124116
0.163235 -0.127996
0.175532 -0.132842
0.188157 -0.136467
0.201097 -0.140098
0.214337 -0.143626
0.227864 -0.147688
0.241663 -0.150487
0.255719 -0.154000
0.270017 -0.158099
0.284542 -0.160991
0.299280 -0.162861
0.314215 -0.165007
0.329331 -0.167754
0.344613 -0.169549
0.360045 -0.170901
0.375611 -0.173224
0.391296 -0.174570
0.407083 -0.175272
0.422957 -0.176457
0.438901 -0.178178
0.454899 -0.178193
0.470935 -0.177919
0.486992 -0.178331
0.503055 -0.178910
0.519107 -0.176071
0.535132 -0.175698
0.551114 -0.173026
0.567036 -0.169936
0.582884 -0.165724
0.598640 -0.161754
0.614290 -0.156681
0.629817 -0.151263
0.645206 -0.143878
0.660442 -0.137951
0.675509 -0.130982
0.690393 -0.124059
0.705077 -0.116772
0.719549 -0.110145
0.733793 -0.101856
0.747795 -0.093975
0.761542 -0.085487
0.775019 -0.078328
0.788214 -0.071058
0.801113 -0.065373
0.813704 -0.056774
0.825973 -0.050862
0.837910 -0.045485
0.849501 -0.039148
0.860735 -0.033823
0.871601 -0.028608
0.882088 -0.024066
0.892184 -0.020216
0.901880 -0.016700
0.911165 -0.012942
0.920031 -0.009173
0.928468 -0.005585
0.936467 -0.003253
0.944019 0.000041
0.951116 0.001362
0.957751 0.003093
0.963920 0.004403
0.969616 0.006159
0.974836 0.006493
0.979575 0.007800
0.983831 0.008251
0.987598 0.007312
0.990874 0.009012
0.993653 0.008036
0.995934 0.008498
0.997711 0.007336
0.998982 0.008586
0.999745 0.008299
1.000000 0.007988
