1.000000 0.011478
0.999745 0.012116
0.998982 0.012149
0.997711 0.013319
0.995933 0.013485
0.993653 0.014650
0.990874 0.016804
0.987598 0.019004
0.983830 0.020880
0.979575 0.023325
0.974836 0.026646
0.969616 0.029569
0.963920 0.034435
0.957751 0.038293
0.951116 0.042211
0.944019 0.045788
0.936467 0.050854
0.928468 0.055649
0.920031 0.060888
0.911165 0.066261
0.901879 0.071393
0.892183 0.078910
0.882087 0.083491
0.871601 0.089124
0.860735 0.096255
0.849501 0.101734
0.837910 0.108480
0.825974 0.114715
0.813704 0.122024
0.801113 0.129750
0.788214 0.138408
0.775019 0.145644
0.761541 0.153484
0.747795 0.160326
0.733792 0.168006
0.719548 0.175580
0.705077 0.184238
0.690392 0.192457
0.675509 0.198461
0.660442 0.207166
0.645206 0.215134
0.629817 0.224249
0.614290 0.232205
0.598640 0.239820
0.582884 0.247184
0.567036 0.254546
0.551113 0.261280
0.535131 0.268670
0.519106 0.275581
0.503054 0.282013
0.486991 0.288149
0.470934 0.294064
0.454898 0.298666
0.438900 0.303804
0.422956 0.308100
0.407083 0.311818
0.391295 0.316136
0.375610 0.319097
0.360044 0.320822
0.344612 0.324074
0.329330 0.323615
0.314213 0.323761
0.299279 0.323070
0.284541 0.322093
0.270015 0.320233
0.255717 0.317834
0.241661 0.314676
0.227862 0.311134
0.214336 0.307290
0.201095 0.302382
0.188155 0.297182
0.175530 0.290867
0.163234 0.283996
0.151280 0.276551
0.139681 0.267809
0.128452 0.259400
0.117606 0.249382
0.107155 0.239437
0.097113 0.228574
0.087493 0.218580
0.078306 0.205211
0.069566 0.192842
0.061285 0.180266
0.053474 0.168142
0.046150 0.154021
0.039326 0.145056
0.033014 0.128697
0.027230 0.116297
0.021980 0.102699
0.017277 0.088522
0.013141 0.077109
0.009573 0.064177
0.006583 0.052792
0.004188 0.042692
0.002354 0.032532
0.001081 0.024863
0.000371 0.018493
0.000077 0.013409
0.000005 0.010970
0.000000 0.009130
0.000005 0.007933
0.000077 0.004229
0.000371 -0.001516
0.001081 -0.006478
0.002353 -0.012849
0.004188 -0.017243
0.006585 -0.020530
0.009576 -0.022844
0.013145 -0.023357
0.017281 -0.021470
0.021983 -0.017086
0.027232 -0.014217
0.033016 -0.008711
0.039328 -0.003393
0.046152 0.001324
0.053476 0.008155
0.061287 0.014194
0.069568 0.021177
0.078308 0.027296
0.087495 0.032179
0.097115 0.038128
0.107157 0.044907
0.117608 0.051044
0.128454 0.056698
0.139683 0.060900
0.151282 0.067131
0.163235 0.072338
0.175532 0.075542
0.188157 0.080893
0.201097 0.084962
0.214337 0.087139
0.227864 0.089928
0.241663 0.092803
0.255719 0.094492
0.270017 0.096723
0.284542 0.099192
0.299280 0.100471
0.314215 0.100611
0.329331 0.102919
0.344613 0.104462
0.360045 0.103829
0.375611 0.105936
0.391296 0.105204
0.407083 0.107066
0.422957 0.106729
0.438901 0.105596
0.454899 0.104901
0.470935 0.103926
0.486992 0.103920
0.503055 0.102274
0.519107 0.100803
0.535132 0.099553
0.551114 0.097682
0.567036 0.095911
0.582884 0.093565
0.598640 0.090910
0.614290 0.088924
0.629817 0.085786
0.645206 0.084658
0.660442 0.080069
0.675509 0.077762
0.690393 0.075035
0.705077 0.072747
0.719549 0.069795
0.733793 0.066647
0.747795 0.063933
0.761542 0.060459
0.775019 0.055628
0.788214 0.055860
0.801113 0.052075
0.813704 0.047700
0.825973 0.045626
0.837910 0.041948
0.849501 0.040012
0.860735 0.036549
0.871601 0.031553
0.882088 0.031696
0.892184 0.027109
0.901880 0.025214
0.911165 0.022426
0.920031 0.020719
0.928468 0.019397
0.936467 0.018164
0.944019 0.017219
0.951116 0.014919
0.957751 0.013704
0.963920 0.012925
0.969616 0.012359
0.974836 0.011038
0.979575 0.009968
0.983831 0.009034
0.987598 0.008855
0.990874 0.009693
0.993653 0.007559
0.995934 0.008788
0.997711 0.008381
0.998982 0.007334
0.999745 0.007237
1.000000 0.007518
