1.000000 0.011930
0.999745 0.010199
0.998982 0.011275
0.997711 0.009526
0.995933 0.011296
0.993653 0.011248
0.990874 0.011343
0.987598 0.010526
0.983830 0.007932
0.979575 0.009962
0.974836 0.009343
0.969616 0.010590
0.963920 0.009801
0.957751 0.012702
0.951116 0.012432
0.944019 0.013554
0.936467 0.014787
0.928468 0.016072
0.920031 0.017797
0.911165 0.020251
0.901879 0.022408
0.892183 0.025916
0.882087 0.029060
0.871601 0.034399
0.860735 0.039219
0.849501 0.044862
0.837910 0.051366
0.825974 0.058826
0.813704 0.068608
0.801113 0.077601
0.788214 0.087662
0.775019 0.096963
0.761541 0.107552
0.747795 0.119274
0.733792 0.128826
0.719548 0.140636
0.705077 0.151605
0.690392 0.163909
0.675509 0.175408
0.660442 0.186742
0.645206 0.199174
0.629817 0.211016
0.614290 0.222361
0.598640 0.234241
0.582884 0.245450
0.567036 0.256197
0.551113 0.266572
0.535131 0.275634
0.519106 0.284812
0.503054 0.293647
0.486991 0.302573
0.470934 0.310639
0.454898 0.318206
0.438900 0.325586
0.422956 0.330406
0.407083 0.337499
0.391295 0.337885
0.375610 0.341231
0.360044 0.343150
0.344612 0.345245
0.329330 0.346597
0.314213 0.345484
0.299279 0.344012
0.284541 0.340888
0.270015 0.339552
0.255717 0.334449
0.241661 0.329830
0.227862 0.324165
0.214336 0.318236
0.201095 0.311151
0.188155 0.303938
0.175530 0.295118
0.163234 0.285932
0.151280 0.277269
0.139681 0.267235
0.128452 0.257574
0.117606 0.247314
0.107155 0.237511
0.097113 0.224324
0.087493 0.212470
0.078306 0.199945
0.069566 0.188311
0.061285 0.176979
0.053474 0.164795
0.046150 0.152379
0.039326 0.140149
0.033014 0.128112
0.027230 0.115760
0.021980 0.103027
0.017277 0.089915
0.013141 0.077815
0.009573 0.067250
0.006583 0.054581
0.004188 0.044301
0.002354 0.033746
0.001081 0.024448
0.000371 0.017484
0.000077 0.012657
0.000005 0.009620
0.000000 0.007742
0.000005 0.005649
0.000077 0.002628
0.000371 -0.000562
0.001081 -0.003875
0.002353 -0.006090
0.004188 -0.008135
0.006585 -0.009225
0.009576 -0.008865
0.013145 -0.009123
0.017281 -0.007088
0.021983 -0.007239
0.027232 -0.007194
0.033016 -0.003759
0.039328 -0.003761
0.046152 -0.001957
0.053476 -0.001459
0.061287 -0.000923
0.069568 0.001146
0.078308 0.003256
0.087495 0.003409
0.097115 0.007890
0.107157 0.010103
0.117608 0.011726
0.128454 0.012589
0.139683 0.014284
0.151282 0.016692
0.163235 0.015695
0.175532 0.017065
0.188157 0.018247
0.201097 0.020790
0.214337 0.018664
0.227864 0.019467
0.241663 0.018635
0.255719 0.018438
0.270017 0.018187
0.284542 0.017750
0.299280 0.015457
0.314215 0.014458
0.329331 0.013744
0.344613 0.012331
0.360045 0.011005
0.375611 0.009501
0.391296 0.008112
0.407083 0.007219
0.422957 0.005475
0.438901 0.002455
0.454899 0.002013
0.470935 -0.000837
0.486992 -0.000798
0.503055 -0.002478
0.519107 -0.005406
0.535132 -0.008223
0.551114 -0.009963
0.567036 -0.011275
0.582884 -0.014615
0.598640 -0.016365
0.614290 -0.017766
0.629817 -0.021568
0.645206 -0.023018
0.660442 -0.026097
0.675509 -0.028454
0.690393 -0.030002
0.705077 -0.032238
0.719549 -0.033159
0.733793 -0.034031
0.747795 -0.034894
0.761542 -0.035007
0.775019 -0.035701
0.788214 -0.035123
0.801113 -0.034729
0.813704 -0.034112
0.825973 -0.033312
0.837910 -0.033296
0.849501 -0.032262
0.860735 -0.030727
0.871601 -0.028533
0.882088 -0.026905
0.892184 -0.026083
0.901880 -0.023557
0.911165 -0.022377
0.920031 -0.019847
0.928468 -0.018046
0.936467 -0.016441
0.944019 -0.014853
0.951116 -0.012754
0.957751 -0.009870
0.963920 -0.006700
0.969616 -0.004584
0.974836 -0.002272
0.979575 -0.000138
0.983831 0.001499
0.987598 0.001586
0.990874 0.006451
0.993653 0.003617
0.995934 0.006376
0.997711 0.007045
0.998982 0.006893
0.999745 0.007624
1.000000 0.007164
