1.000000 0.002070
0.999745 0.002283
0.998982 0.002917
0.997711 0.003943
0.995933 0.005309
0.993653 0.007059
0.990874 0.009242
0.987598 0.011850
0.983830 0.014855
0.979575 0.018266
0.974836 0.022087
0.969616 0.026294
0.963920 0.030856
0.957751 0.035736
0.951116 0.040869
0.944019 0.046196
0.936467 0.051704
0.928468 0.057404
0.920031 0.063300
0.911165 0.069377
0.901879 0.075685
0.892183 0.082271
0.882087 0.089098
0.871601 0.096143
0.860735 0.103397
0.849501 0.110857
0.837910 0.118576
0.825974 0.126499
0.813704 0.134575
0.801113 0.142790
0.788214 0.151111
0.775019 0.159519
0.761541 0.167913
0.747795 0.176279
0.733792 0.184607
0.719548 0.192887
0.705077 0.201080
0.690392 0.209176
0.675509 0.217115
0.660442 0.224895
0.645206 0.232468
0.629817 0.239791
0.614290 0.246844
0.598640 0.253627
0.582884 0.260138
0.567036 0.266314
0.551113 0.272128
0.535131 0.277574
0.519106 0.282650
0.503054 0.287309
0.486991 0.291546
0.470934 0.295399
0.454898 0.298862
0.438900 0.301871
0.422956 0.304395
0.407083 0.306462
0.391295 0.308075
0.375610 0.309199
0.360044 0.309831
0.344612 0.310005
0.329330 0.309711
0.314213 0.308897
0.299279 0.307582
0.284541 0.305811
0.270015 0.303538
0.255717 0.300696
0.241661 0.297297
0.227862 0.293343
0.214336 0.288763
0.201095 0.283582
0.188155 0.277839
0.175530 0.271513
0.163234 0.264574
0.151280 0.257001
0.139681 0.248798
0.128452 0.239962
0.117606 0.230539
0.107155 0.220615
0.097113 0.210262
0.087493 0.199504
0.078306 0.188301
0.069566 0.176616
0.061285 0.164546
0.053474 0.152329
0.046150 0.140034
0.039326 0.127749
0.033014 0.115485
0.027230 0.103249
0.021980 0.091026
0.017277 0.078907
0.013141 0.067040
0.009573 0.055605
0.006583 0.044793
0.004188 0.034654
0.002354 0.025366
0.001081 0.017260
0.000371 0.010686
0.000077 0.005879
0.000005 0.002969
0.000000 0.001994
0.000005 0.001055
0.000077 -0.001729
0.000371 -0.006109
0.001081 -0.011698
0.002353 -0.017806
0.004188 -0.023553
0.006585 -0.028484
0.009576 -0.032784
0.013145 -0.035913
0.017281 -0.037962
0.021983 -0.039460
0.027232 -0.040701
0.033016 -0.041736
0.039328 -0.042638
0.046152 -0.043462
0.053476 -0.044190
0.061287 -0.044830
0.069568 -0.045430
0.078308 -0.045980
0.087495 -0.046440
0.097115 -0.046823
0.107157 -0.047118
0.117608 -0.047391
0.128454 -0.047601
0.139683 -0.047777
0.151282 -0.047869
0.163235 -0.047851
0.175532 -0.047695
0.188157 -0.047428
0.201097 -0.047061
0.214337 -0.046578
0.227864 -0.045984
0.241663 -0.045292
0.255719 -0.044494
0.270017 -0.043547
0.284542 -0.042459
0.299280 -0.041253
0.314215 -0.039940
0.329331 -0.038507
0.344613 -0.036955
0.360045 -0.035280
0.375611 -0.033504
0.391296 -0.031619
0.407083 -0.029621
0.422957 -0.027548
0.438901 -0.025434
0.454899 -0.023291
0.470935 -0.021125
0.486992 -0.018973
0.503055 -0.016859
0.519107 -0.014780
0.535132 -0.012740
0.551114 -0.010750
0.567036 -0.008805
0.582884 -0.006892
0.598640 -0.005011
0.614290 -0.003169
0.629817 -0.001348
0.645206 0.000448
0.660442 0.002202
0.675509 0.003881
0.690393 0.005485
0.705077 0.007014
0.719549 0.008445
0.733793 0.009751
0.747795 0.010950
0.761542 0.012020
0.775019 0.012951
0.788214 0.013736
0.801113 0.014354
0.813704 0.014797
0.825973 0.015102
0.837910 0.015268
0.849501 0.015290
0.860735 0.015163
0.871601 0.014909
0.882088 0.014534
0.892184 0.014027
0.901880 0.013400
0.911165 0.012627
0.920031 0.011745
0.928468 0.010812
0.936467 0.009856
0.944019 0.008890
0.951116 0.007952
0.957751 0.007080
0.963920 0.006262
0.969616 0.005453
0.974836 0.004613
0.979575 0.003713
0.983831 0.002778
0.987598 0.001852
0.990874 0.000987
0.993653 0.000198
0.995934 -0.000505
0.997711 -0.001070
0.998982 -0.001442
0.999745 -0.001645
1.000000 -0.001712
