1.000000 0.009489
0.999745 0.014166
0.998982 0.013706
0.997711 0.014820
0.995933 0.015511
0.993653 0.016301
0.990874 0.019020
0.987598 0.020682
0.983830 0.023466
0.979575 0.026283
0.974836 0.030049
0.969616 0.032483
0.963920 0.036869
0.957751 0.043060
0.951116 0.047981
0.944019 0.054389
0.936467 0.057958
0.928468 0.065420
0.920031 0.070544
0.911165 0.076088
0.901879 0.081993
0.892183 0.087568
0.882087 0.093614
0.871601 0.101225
0.860735 0.108748
0.849501 0.115871
0.837910 0.122869
0.825974 0.129899
0.813704 0.137393
0.801113 0.144629
0.788214 0.152039
0.775019 0.158579
0.761541 0.165996
0.747795 0.173183
0.733792 0.181161
0.719548 0.188260
0.705077 0.195001
0.690392 0.201922
0.675509 0.208301
0.660442 0.214985
0.645206 0.220578
0.629817 0.226823
0.614290 0.232600
0.598640 0.237897
0.582884 0.242772
0.567036 0.246415
0.551113 0.250177
0.535131 0.253778
0.519106 0.257380
0.503054 0.260412
0.486991 0.263648
0.470934 0.264992
0.454898 0.267227
0.438900 0.269243
0.422956 0.271090
0.407083 0.271387
0.391295 0.272013
0.375610 0.269747
0.360044 0.269141
0.344612 0.267567
0.329330 0.265568
0.314213 0.263470
0.299279 0.260247
0.284541 0.257996
0.270015 0.253599
0.255717 0.249460
0.241661 0.244938
0.227862 0.238926
0.214336 0.233779
0.201095 0.227788
0.188155 0.221879
0.175530 0.214868
0.163234 0.208149
0.151280 0.200931
0.139681 0.194583
0.128452 0.186616
0.117606 0.179324
0.107155 0.171884
0.097113 0.163339
0.087493 0.153812
0.078306 0.146304
0.069566 0.137455
0.061285 0.127678
0.053474 0.119801
0.046150 0.112297
0.039326 0.101380
0.033014 0.094372
0.027230 0.087357
0.021980 0.078432
0.017277 0.070799
0.013141 0.061834
0.009573 0.053341
0.006583 0.045312
0.004188 0.038092
0.002354 0.028887
0.001081 0.021627
0.000371 0.015256
0.000077 0.011147
0.000005 0.008736
0.000000 0.007913
0.000005 0.006163
0.000077 0.002942
0.000371 -0.001062
0.001081 -0.005644
0.002353 -0.012493
0.004188 -0.017935
0.006585 -0.022666
0.009576 -0.027277
0.013145 -0.034064
0.017281 -0.036180
0.021983 -0.039643
0.027232 -0.044210
0.033016 -0.045932
0.039328 -0.048111
0.046152 -0.050954
0.053476 -0.050915
0.061287 -0.053183
0.069568 -0.053827
0.078308 -0.055409
0.087495 -0.056123
0.097115 -0.055721
0.107157 -0.054700
0.117608 -0.054769
0.128454 -0.054036
0.139683 -0.053696
0.151282 -0.053433
0.163235 -0.050828
0.175532 -0.048613
0.188157 -0.045882
0.201097 -0.042370
0.214337 -0.038861
0.227864 -0.037352
0.241663 -0.034014
0.255719 -0.029386
0.270017 -0.026531
0.284542 -0.022531
0.299280 -0.019466
0.314215 -0.017339
0.329331 -0.010508
0.344613 -0.007639
0.360045 -0.004347
0.375611 -0.000761
0.391296 0.002051
0.407083 0.005876
0.422957 0.008728
0.438901 0.011932
0.454899 0.014763
0.470935 0.017516
0.486992 0.019438
0.503055 0.021771
0.519107 0.023642
0.535132 0.025394
0.551114 0.027487
0.567036 0.029114
0.582884 0.030194
0.598640 0.031328
0.614290 0.031644
0.629817 0.033066
0.645206 0.033450
0.660442 0.034435
0.675509 0.034556
0.690393 0.033700
0.705077 0.033624
0.719549 0.033519
0.733793 0.034465
0.747795 0.034770
0.761542 0.032932
0.775019 0.032527
0.788214 0.031778
0.801113 0.031817
0.813704 0.031322
0.825973 0.030619
0.837910 0.029178
0.849501 0.028545
0.860735 0.028745
0.871601 0.025278
0.882088 0.024428
0.892184 0.024479
0.901880 0.022616
0.911165 0.022510
0.920031 0.021068
0.928468 0.020316
0.936467 0.018782
0.944019 0.017516
0.951116 0.016285
0.957751 0.016134
0.963920 0.015042
0.969616 0.013219
0.974836 0.012812
0.979575 0.012132
0.983831 0.010631
0.987598 0.010041
0.990874 0.008733
0.993653 0.008335
0.995934 0.007507
0.997711 0.006211
0.998982 0.006032
0.999745 0.006283
1.000000 0.005991
