1.000000 0.008526
0.999745 0.013017
0.998982 0.013194
0.997711 0.016407
0.995933 0.016600
0.993653 0.018982
0.990874 0.019753
0.987598 0.021831
0.983830 0.025620
0.979575 0.028269
0.974836 0.030670
0.969616 0.034440
0.963920 0.039210
0.957751 0.044681
0.951116 0.050287
0.944019 0.055384
0.936467 0.061224
0.928468 0.066821
0.920031 0.073239
0.911165 0.080311
0.901879 0.086838
0.892183 0.092796
0.882087 0.102711
0.871601 0.105122
0.860735 0.112015
0.849501 0.117955
0.837910 0.123668
0.825974 0.130546
0.813704 0.136771
0.801113 0.142507
0.788214 0.148771
0.775019 0.153692
0.761541 0.159116
0.747795 0.163892
0.733792 0.168624
0.719548 0.173265
0.705077 0.177463
0.690392 0.181508
0.675509 0.184501
0.660442 0.188535
0.645206 0.191907
0.629817 0.194884
0.614290 0.197871
0.598640 0.200935
0.582884 0.204128
0.567036 0.206051
0.551113 0.207641
0.535131 0.209202
0.519106 0.210464
0.503054 0.213917
0.486991 0.211854
0.470934 0.213137
0.454898 0.212985
0.438900 0.213491
0.422956 0.213532
0.407083 0.211783
0.391295 0.210739
0.375610 0.210153
0.360044 0.209641
0.344612 0.207842
0.329330 0.206106
0.314213 0.203999
0.299279 0.202806
0.284541 0.200660
0.270015 0.197703
0.255717 0.194885
0.241661 0.191706
0.227862 0.189599
0.214336 0.185527
0.201095 0.181418
0.188155 0.177094
0.175530 0.172913
0.163234 0.169199
0.151280 0.165351
0.139681 0.160614
0.128452 0.155509
0.117606 0.150025
0.107155 0.144477
0.097113 0.139281
0.087493 0.133034
0.078306 0.126651
0.069566 0.120021
0.061285 0.114268
0.053474 0.107851
0.046150 0.101640
0.039326 0.095008
0.033014 0.089071
0.027230 0.082655
0.021980 0.075229
0.017277 0.067096
0.013141 0.060699
0.009573 0.052806
0.006583 0.044837
0.004188 0.036838
0.002354 0.028516
0.001081 0.022386
0.000371 0.016391
0.000077 0.012198
0.000005 0.009538
0.000000 0.008676
0.000005 0.007199
0.000077 0.005367
0.000371 0.000327
0.001081 -0.005368
0.002353 -0.011487
0.004188 -0.019842
0.006585 -0.027628
0.009576 -0.034270
0.013145 -0.041575
0.017281 -0.050387
0.021983 -0.056470
0.027232 -0.063571
0.033016 -0.070309
0.039328 -0.078175
0.046152 -0.084539
0.053476 -0.092054
0.061287 -0.098546
0.069568 -0.106981
0.078308 -0.114012
0.087495 -0.121136
0.097115 -0.127436
0.107157 -0.133908
0.117608 -0.140268
0.128454 -0.145420
0.139683 -0.150906
0.151282 -0.156585
0.163235 -0.164443
0.175532 -0.168830
0.188157 -0.174662
0.201097 -0.179176
0.214337 -0.183727
0.227864 -0.186870
0.241663 -0.191372
0.255719 -0.194575
0.270017 -0.196957
0.284542 -0.200474
0.299280 -0.202092
0.314215 -0.204840
0.329331 -0.205971
0.344613 -0.206655
0.360045 -0.208686
0.375611 -0.210484
0.391296 -0.211344
0.407083 -0.213123
0.422957 -0.211826
0.438901 -0.211257
0.454899 -0.210716
0.470935 -0.209978
0.486992 -0.209023
0.503055 -0.207370
0.519107 -0.205906
0.535132 -0.203787
0.551114 -0.202613
0.567036 -0.198895
0.582884 -0.196810
0.598640 -0.193892
0.614290 -0.191375
0.629817 -0.186718
0.645206 -0.183632
0.660442 -0.178291
0.675509 -0.174180
0.690393 -0.169824
0.705077 -0.165478
0.719549 -0.159708
0.733793 -0.153638
0.747795 -0.147659
0.761542 -0.143244
0.775019 -0.135971
0.788214 -0.129542
0.801113 -0.123827
0.813704 -0.118494
0.825973 -0.111741
0.837910 -0.105173
0.849501 -0.099294
0.860735 -0.093462
0.871601 -0.086818
0.882088 -0.079417
0.892184 -0.073838
0.901880 -0.067514
0.911165 -0.062319
0.920031 -0.055839
0.928468 -0.049318
0.936467 -0.043418
0.944019 -0.038173
0.951116 -0.032794
0.957751 -0.027283
0.963920 -0.022916
0.969616 -0.020245
0.974836 -0.015322
0.979575 -0.010872
0.983831 -0.008396
0.987598 -0.005723
0.990874 -0.002805
0.993653 0.000781
0.995934 0.002212
0.997711 0.002511
0.998982 0.006327
0.999745 0.005351
1.000000 0.006393
