1.000000 0.006949
0.999745 0.008708
0.998982 0.009045
0.997711 0.011209
0.995933 0.011843
0.993653 0.012309
0.990874 0.013977
0.987598 0.016390
0.983830 0.019212
0.979575 0.022547
0.974836 0.025090
0.969616 0.029520
0.963920 0.032911
0.957751 0.036031
0.951116 0.041165
0.944019 0.046432
0.936467 0.051149
0.928468 0.055505
0.920031 0.060883
0.911165 0.066669
0.901879 0.071826
0.892183 0.078784
0.882087 0.084173
0.871601 0.091560
0.860735 0.097973
0.849501 0.104564
0.837910 0.109826
0.825974 0.116744
0.813704 0.125142
0.801113 0.130566
0.788214 0.137385
0.775019 0.145128
0.761541 0.152007
0.747795 0.161100
0.733792 0.167009
0.719548 0.174051
0.705077 0.179986
0.690392 0.186521
0.675509 0.193277
0.660442 0.199240
0.645206 0.207303
0.629817 0.212689
0.614290 0.220224
0.598640 0.225762
0.582884 0.230964
0.567036 0.235655
0.551113 0.240301
0.535131 0.244471
0.519106 0.248142
0.503054 0.251066
0.486991 0.252944
0.470934 0.255069
0.454898 0.257078
0.438900 0.258673
0.422956 0.259983
0.407083 0.259498
0.391295 0.260273
0.375610 0.260552
0.360044 0.261364
0.344612 0.260998
0.329330 0.260184
0.314213 0.258921
0.299279 0.256610
0.284541 0.254673
0.270015 0.252820
0.255717 0.250999
0.241661 0.247908
0.227862 0.244416
0.214336 0.241073
0.201095 0.236737
0.188155 0.232399
0.175530 0.226700
0.163234 0.221303
0.151280 0.215557
0.139681 0.210526
0.128452 0.204117
0.117606 0.197907
0.107155 0.190738
0.097113 0.183519
0.087493 0.176401
0.078306 0.168132
0.069566 0.158344
0.061285 0.149218
0.053474 0.140632
0.046150 0.130735
0.039326 0.121540
0.033014 0.110031
0.027230 0.099052
0.021980 0.089898
0.017277 0.078617
0.013141 0.068819
0.009573 0.057401
0.006583 0.049660
0.004188 0.037357
0.002354 0.030024
0.001081 0.022203
0.000371 0.016391
0.000077 0.010911
0.000005 0.010558
0.000000 0.008272
0.000005 0.007769
0.000077 0.006343
0.000371 0.002236
0.001081 -0.003995
0.002353 -0.008998
0.004188 -0.015227
0.006585 -0.020945
0.009576 -0.026752
0.013145 -0.031561
0.017281 -0.036140
0.021983 -0.041652
0.027232 -0.046414
0.033016 -0.050215
0.039328 -0.053691
0.046152 -0.057825
0.053476 -0.061176
0.061287 -0.064449
0.069568 -0.067017
0.078308 -0.068703
0.087495 -0.070332
0.097115 -0.071252
0.107157 -0.071931
0.117608 -0.072283
0.128454 -0.070732
0.139683 -0.070619
0.151282 -0.070055
0.163235 -0.068991
0.175532 -0.068027
0.188157 -0.064150
0.201097 -0.063450
0.214337 -0.058977
0.227864 -0.058037
0.241663 -0.055015
0.255719 -0.052818
0.270017 -0.049734
0.284542 -0.046052
0.299280 -0.044509
0.314215 -0.040557
0.329331 -0.037925
0.344613 -0.034953
0.360045 -0.031901
0.375611 -0.029229
0.391296 -0.026674
0.407083 -0.022817
0.422957 -0.020254
0.438901 -0.018134
0.454899 -0.014834
0.470935 -0.012476
0.486992 -0.009420
0.503055 -0.005693
0.519107 -0.001106
0.535132 -0.000299
0.551114 0.003086
0.567036 0.007269
0.582884 0.009730
0.598640 0.012118
0.614290 0.015324
0.629817 0.018111
0.645206 0.020857
0.660442 0.023406
0.675509 0.025897
0.690393 0.027684
0.705077 0.029335
0.719549 0.031619
0.733793 0.033343
0.747795 0.034320
0.761542 0.035986
0.775019 0.036590
0.788214 0.037258
0.801113 0.037201
0.813704 0.036927
0.825973 0.037607
0.837910 0.037714
0.849501 0.037508
0.860735 0.037046
0.871601 0.037013
0.882088 0.035967
0.892184 0.034687
0.901880 0.033951
0.911165 0.032048
0.920031 0.030552
0.928468 0.029347
0.936467 0.027270
0.944019 0.023726
0.951116 0.022401
0.957751 0.021088
0.963920 0.019132
0.969616 0.019159
0.974836 0.016500
0.979575 0.015977
0.983831 0.013949
0.987598 0.013474
0.990874 0.011041
0.993653 0.010496
0.995934 0.010059
0.997711 0.008614
0.998982 0.007853
0.999745 0.007727
1.000000 0.007412
