1.000000 0.019207
0.999745 0.019660
0.998982 0.020246
0.997711 0.023346
0.995933 0.024268
0.993653 0.026647
0.990874 0.028301
0.987598 0.031662
0.983830 0.035750
0.979575 0.039703
0.974836 0.043243
0.969616 0.049107
0.963920 0.053467
0.957751 0.061602
0.951116 0.065027
0.944019 0.071534
0.936467 0.080382
0.928468 0.086114
0.920031 0.094055
0.911165 0.101708
0.901879 0.109476
0.892183 0.117029
0.882087 0.125433
0.871601 0.133053
0.860735 0.141381
0.849501 0.149790
0.837910 0.158779
0.825974 0.168139
0.813704 0.176191
0.801113 0.184512
0.788214 0.192847
0.775019 0.200422
0.761541 0.207784
0.747795 0.215249
0.733792 0.222051
0.719548 0.230650
0.705077 0.235738
0.690392 0.241980
0.675509 0.248792
0.660442 0.254275
0.645206 0.260350
0.629817 0.265230
0.614290 0.269430
0.598640 0.274452
0.582884 0.278895
0.567036 0.283404
0.551113 0.287066
0.535131 0.289131
0.519106 0.291790
0.503054 0.293176
0.486991 0.294777
0.470934 0.295263
0.454898 0.297297
0.438900 0.297842
0.422956 0.298287
0.407083 0.297962
0.391295 0.297760
0.375610 0.297411
0.360044 0.295779
0.344612 0.294349
0.329330 0.291986
0.314213 0.290006
0.299279 0.288367
0.284541 0.285200
0.270015 0.282499
0.255717 0.278832
0.241661 0.275801
0.227862 0.271813
0.214336 0.266718
0.201095 0.261682
0.188155 0.255695
0.175530 0.250986
0.163234 0.245102
0.151280 0.240134
0.139681 0.234652
0.128452 0.228322
0.117606 0.221655
0.107155 0.214592
0.097113 0.207318
0.087493 0.200022
0.078306 0.191398
0.069566 0.182281
0.061285 0.173299
0.053474 0.163429
0.046150 0.153609
0.039326 0.142104
0.033014 0.131346
0.027230 0.120271
0.021980 0.108466
0.017277 0.096129
0.013141 0.082906
0.009573 0.069362
0.006583 0.056352
0.004188 0.044390
0.002354 0.033868
0.001081 0.027665
0.000371 0.018582
0.000077 0.013484
0.000005 0.011322
0.000000 0.009704
0.000005 0.009091
0.000077 0.004452
0.000371 0.002136
0.001081 -0.005210
0.002353 -0.013518
0.004188 -0.023297
0.006585 -0.035013
0.009576 -0.046850
0.013145 -0.062370
0.017281 -0.077995
0.021983 -0.095215
0.027232 -0.109694
0.033016 -0.123107
0.039328 -0.133244
0.046152 -0.146363
0.053476 -0.155022
0.061287 -0.165102
0.069568 -0.173760
0.078308 -0.182767
0.087495 -0.192057
0.097115 -0.199057
0.107157 -0.205842
0.117608 -0.212032
0.128454 -0.218526
0.139683 -0.224802
0.151282 -0.230225
0.163235 -0.236277
0.175532 -0.240180
0.188157 -0.244199
0.201097 -0.249147
0.214337 -0.253299
0.227864 -0.256135
0.241663 -0.258615
0.255719 -0.261994
0.270017 -0.263641
0.284542 -0.265605
0.299280 -0.266991
0.314215 -0.267949
0.329331 -0.268394
0.344613 -0.267431
0.360045 -0.267472
0.375611 -0.266384
0.391296 -0.265115
0.407083 -0.262940
0.422957 -0.259632
0.438901 -0.256996
0.454899 -0.251939
0.470935 -0.247848
0.486992 -0.242167
0.503055 -0.235475
0.519107 -0.228650
0.535132 -0.219824
0.551114 -0.211088
0.567036 -0.200964
0.582884 -0.189855
0.598640 -0.177732
0.614290 -0.166298
0.629817 -0.153435
0.645206 -0.141026
0.660442 -0.129040
0.675509 -0.115711
0.690393 -0.102382
0.705077 -0.088990
0.719549 -0.077699
0.733793 -0.064437
0.747795 -0.052559
0.761542 -0.041224
0.775019 -0.030009
0.788214 -0.021234
0.801113 -0.010091
0.813704 -0.001429
0.825973 0.008350
0.837910 0.014164
0.849501 0.021819
0.860735 0.027506
0.871601 0.031865
0.882088 0.035399
0.892184 0.037684
0.901880 0.039837
0.911165 0.040736
0.920031 0.040087
0.928468 0.039307
0.936467 0.036827
0.944019 0.034807
0.951116 0.031423
0.957751 0.027996
0.963920 0.024582
0.969616 0.021277
0.974836 0.017380
0.979575 0.013658
0.983831 0.010035
0.987598 0.007768
0.990874 0.005700
0.993653 0.001546
0.995934 0.000597
0.997711 -0.001903
0.998982 -0.000006
0.999745 -0.001809
1.000000 -0.003582
