1.000000 0.022356
0.999745 0.022014
0.998982 0.023756
0.997711 0.024628
0.995933 0.025737
0.993653 0.026532
0.990874 0.029266
0.987598 0.029804
0.983830 0.034843
0.979575 0.036826
0.974836 0.040544
0.969616 0.043974
0.963920 0.048806
0.957751 0.053986
0.951116 0.058807
0.944019 0.064410
0.936467 0.069692
0.928468 0.074629
0.920031 0.080442
0.911165 0.086247
0.901879 0.092481
0.892183 0.098664
0.882087 0.104903
0.871601 0.111580
0.860735 0.119163
0.849501 0.126456
0.837910 0.133567
0.825974 0.140619
0.813704 0.147815
0.801113 0.155833
0.788214 0.163582
0.775019 0.171086
0.761541 0.180708
0.747795 0.186649
0.733792 0.195153
0.719548 0.203750
0.705077 0.212210
0.690392 0.220948
0.675509 0.228978
0.660442 0.237428
0.645206 0.245594
0.629817 0.253437
0.614290 0.261789
0.598640 0.269200
0.582884 0.276794
0.567036 0.284055
0.551113 0.290968
0.535131 0.297518
0.519106 0.304111
0.503054 0.309816
0.486991 0.314688
0.470934 0.319595
0.454898 0.324580
0.438900 0.329883
0.422956 0.332920
0.407083 0.335946
0.391295 0.339443
0.375610 0.341565
0.360044 0.344220
0.344612 0.343952
0.329330 0.344732
0.314213 0.344784
0.299279 0.344285
0.284541 0.343553
0.270015 0.341318
0.255717 0.338051
0.241661 0.334400
0.227862 0.330009
0.214336 0.325660
0.201095 0.319695
0.188155 0.312805
0.175530 0.304627
0.163234 0.296779
0.151280 0.287248
0.139681 0.277419
0.128452 0.267925
0.117606 0.257562
0.107155 0.247110
0.097113 0.236413
0.087493 0.224455
0.078306 0.212238
0.069566 0.199323
0.061285 0.186558
0.053474 0.173290
0.046150 0.159580
0.039326 0.146778
0.033014 0.132399
0.027230 0.119493
0.021980 0.105342
0.017277 0.091187
0.013141 0.077055
0.009573 0.065284
0.006583 0.050954
0.004188 0.041236
0.002354 0.030506
0.001081 0.021273
0.000371 0.015584
0.000077 0.010724
0.000005 0.008668
0.000000 0.007302
0.000005 0.005735
0.000077 0.003374
0.000371 -0.000829
0.001081 -0.004263
0.002353 -0.007419
0.004188 -0.010658
0.006585 -0.011014
0.009576 -0.013333
0.013145 -0.010712
0.017281 -0.009091
0.021983 -0.009337
0.027232 -0.008631
0.033016 -0.008206
0.039328 -0.007899
0.046152 -0.006710
0.053476 -0.006892
0.061287 -0.006696
0.069568 -0.006845
0.078308 -0.005515
0.087495 -0.005857
0.097115 -0.005879
0.107157 -0.005143
0.117608 -0.006189
0.128454 -0.005678
0.139683 -0.006892
0.151282 -0.006886
0.163235 -0.007135
0.175532 -0.007804
0.188157 -0.007470
0.201097 -0.007114
0.214337 -0.006475
0.227864 -0.007917
0.241663 -0.006915
0.255719 -0.006296
0.270017 -0.007463
0.284542 -0.006271
0.299280 -0.006564
0.314215 -0.006423
0.329331 -0.005523
0.344613 -0.005851
0.360045 -0.006053
0.375611 -0.005352
0.391296 -0.004993
0.407083 -0.004512
0.422957 -0.003720
0.438901 -0.003030
0.454899 -0.003317
0.470935 -0.003068
0.486992 -0.003138
0.503055 -0.002794
0.519107 -0.002753
0.535132 -0.003415
0.551114 -0.003546
0.567036 -0.000831
0.582884 -0.002062
0.598640 -0.002493
0.614290 -0.002927
0.629817 -0.002073
0.645206 -0.002029
0.660442 -0.001802
0.675509 -0.001499
0.690393 -0.001170
0.705077 -0.001810
0.719549 -0.001321
0.733793 -0.001356
0.747795 -0.001671
0.761542 -0.000773
0.775019 -0.001031
0.788214 -0.002167
0.801113 -0.002016
0.813704 -0.001668
0.825973 -0.001323
0.837910 -0.001345
0.849501 -0.002418
0.860735 -0.001610
0.871601 -0.002172
0.882088 -0.001702
0.892184 -0.001477
0.901880 -0.001338
0.911165 -0.001532
0.920031 -0.002824
0.928468 -0.002500
0.936467 -0.002450
0.944019 -0.001976
0.951116 -0.001247
0.957751 -0.001464
0.963920 -0.000193
0.969616 0.000183
0.974836 0.000791
0.979575 0.000662
0.983831 0.001297
0.987598 0.001466
0.990874 0.002546
0.993653 0.001603
0.995934 0.001482
0.997711 0.004627
0.998982 0.001906
0.999745 0.001109
1.000000 -0.000063
