1.000000 0.007623
0.999745 0.010283
0.998982 0.008740
0.997711 0.011016
0.995933 0.011957
0.993653 0.015001
0.990874 0.017699
0.987598 0.021726
0.983830 0.028259
0.979575 0.033678
0.974836 0.040045
0.969616 0.046912
0.963920 0.055664
0.957751 0.063494
0.951116 0.072472
0.944019 0.082560
0.936467 0.092063
0.928468 0.102317
0.920031 0.113016
0.911165 0.124194
0.901879 0.136320
0.892183 0.148246
0.882087 0.159506
0.871601 0.171440
0.860735 0.183545
0.849501 0.195552
0.837910 0.207384
0.825974 0.218470
0.813704 0.230536
0.801113 0.240988
0.788214 0.252531
0.775019 0.262261
0.761541 0.272082
0.747795 0.281530
0.733792 0.290648
0.719548 0.299060
0.705077 0.306105
0.690392 0.313081
0.675509 0.320626
0.660442 0.327211
0.645206 0.334031
0.629817 0.338649
0.614290 0.343604
0.598640 0.347945
0.582884 0.352074
0.567036 0.355189
0.551113 0.358451
0.535131 0.360612
0.519106 0.363346
0.503054 0.363206
0.486991 0.364505
0.470934 0.364417
0.454898 0.364113
0.438900 0.363060
0.422956 0.362011
0.407083 0.360609
0.391295 0.358632
0.375610 0.356855
0.360044 0.355137
0.344612 0.351756
0.329330 0.348590
0.314213 0.345619
0.299279 0.342012
0.284541 0.337359
0.270015 0.331694
0.255717 0.324730
0.241661 0.318965
0.227862 0.312071
0.214336 0.304929
0.201095 0.298595
0.188155 0.289427
0.175530 0.280834
0.163234 0.272125
0.151280 0.263180
0.139681 0.253679
0.128452 0.244439
0.117606 0.233823
0.107155 0.222211
0.097113 0.210732
0.087493 0.199056
0.078306 0.187447
0.069566 0.175640
0.061285 0.164015
0.053474 0.151623
0.046150 0.139672
0.039326 0.127615
0.033014 0.115754
0.027230 0.103042
0.021980 0.091658
0.017277 0.080459
0.013141 0.068511
0.009573 0.059124
0.006583 0.048355
0.004188 0.039524
0.002354 0.029537
0.001081 0.022515
0.000371 0.016366
0.000077 0.012326
0.000005 0.010039
0.000000 0.007618
0.000005 0.006660
0.000077 0.004001
0.000371 -0.000344
0.001081 -0.004755
0.002353 -0.011420
0.004188 -0.018671
0.006585 -0.026551
0.009576 -0.033647
0.013145 -0.040920
0.017281 -0.048322
0.021983 -0.056771
0.027232 -0.063957
0.033016 -0.069707
0.039328 -0.075478
0.046152 -0.082590
0.053476 -0.087406
0.061287 -0.092842
0.069568 -0.098713
0.078308 -0.104432
0.087495 -0.108959
0.097115 -0.113837
0.107157 -0.117359
0.117608 -0.122509
0.128454 -0.126644
0.139683 -0.130090
0.151282 -0.134520
0.163235 -0.137711
0.175532 -0.142201
0.188157 -0.143971
0.201097 -0.146009
0.214337 -0.148318
0.227864 -0.150733
0.241663 -0.152044
0.255719 -0.154537
0.270017 -0.153326
0.284542 -0.154673
0.299280 -0.155066
0.314215 -0.155172
0.329331 -0.154513
0.344613 -0.153007
0.360045 -0.153014
0.375611 -0.150829
0.391296 -0.150054
0.407083 -0.145720
0.422957 -0.144813
0.438901 -0.142186
0.454899 -0.137916
0.470935 -0.134305
0.486992 -0.129230
0.503055 -0.124607
0.519107 -0.118511
0.535132 -0.112004
0.551114 -0.103917
0.567036 -0.097475
0.582884 -0.087585
0.598640 -0.079374
0.614290 -0.069586
0.629817 -0.059033
0.645206 -0.049914
0.660442 -0.040895
0.675509 -0.032675
0.690393 -0.024523
0.705077 -0.014580
0.719549 -0.007368
0.733793 0.000295
0.747795 0.007556
0.761542 0.014009
0.775019 0.020781
0.788214 0.026295
0.801113 0.032071
0.813704 0.036035
0.825973 0.042253
0.837910 0.047021
0.849501 0.050317
0.860735 0.052807
0.871601 0.054486
0.882088 0.056206
0.892184 0.059185
0.901880 0.060021
0.911165 0.060865
0.920031 0.059382
0.928468 0.058413
0.936467 0.054499
0.944019 0.051975
0.951116 0.048084
0.957751 0.045187
0.963920 0.040845
0.969616 0.037311
0.974836 0.033562
0.979575 0.028878
0.983831 0.024928
0.987598 0.022096
0.990874 0.018023
0.993653 0.015025
0.995934 0.012617
0.997711 0.010162
0.998982 0.008573
0.999745 0.008234
1.000000 0.005428
