1.000000 0.004737
0.999745 0.008711
0.998982 0.008278
0.997711 0.010081
0.995933 0.009513
0.993653 0.011783
0.990874 0.012255
0.987598 0.013818
0.983830 0.016056
0.979575 0.018613
0.974836 0.019607
0.969616 0.022939
0.963920 0.025992
0.957751 0.029774
0.951116 0.034591
0.944019 0.039891
0.936467 0.042331
0.928468 0.046991
0.920031 0.052549
0.911165 0.056652
0.901879 0.062407
0.892183 0.068373
0.882087 0.074026
0.871601 0.079546
0.860735 0.084865
0.849501 0.089818
0.837910 0.095607
0.825974 0.101960
0.813704 0.109022
0.801113 0.116022
0.788214 0.124302
0.775019 0.131533
0.761541 0.137871
0.747795 0.146114
0.733792 0.153993
0.719548 0.162731
0.705077 0.171118
0.690392 0.179052
0.675509 0.187876
0.660442 0.196589
0.645206 0.205621
0.629817 0.214730
0.614290 0.222621
0.598640 0.230556
0.582884 0.238627
0.567036 0.246808
0.551113 0.254204
0.535131 0.261280
0.519106 0.267879
0.503054 0.275955
0.486991 0.282693
0.470934 0.288781
0.454898 0.294576
0.438900 0.300037
0.422956 0.302953
0.407083 0.306848
0.391295 0.309273
0.375610 0.311202
0.360044 0.311891
0.344612 0.311698
0.329330 0.311794
0.314213 0.311147
0.299279 0.311222
0.284541 0.309632
0.270015 0.306808
0.255717 0.303706
0.241661 0.300114
0.227862 0.297052
0.214336 0.293381
0.201095 0.288792
0.188155 0.283427
0.175530 0.277763
0.163234 0.271697
0.151280 0.264777
0.139681 0.259532
0.128452 0.250221
0.117606 0.241030
0.107155 0.232506
0.097113 0.222753
0.087493 0.212651
0.078306 0.201793
0.069566 0.189856
0.061285 0.180751
0.053474 0.168234
0.046150 0.156229
0.039326 0.143394
0.033014 0.131061
0.027230 0.117691
0.021980 0.105444
0.017277 0.091970
0.013141 0.079055
0.009573 0.067084
0.006583 0.054592
0.004188 0.043967
0.002354 0.032833
0.001081 0.024965
0.000371 0.017750
0.000077 0.013061
0.000005 0.009191
0.000000 0.009149
0.000005 0.008369
0.000077 0.005633
0.000371 -0.000745
0.001081 -0.007043
0.002353 -0.014772
0.004188 -0.022235
0.006585 -0.031722
0.009576 -0.039764
0.013145 -0.048271
0.017281 -0.056073
0.021983 -0.063747
0.027232 -0.070515
0.033016 -0.075768
0.039328 -0.080356
0.046152 -0.085194
0.053476 -0.089661
0.061287 -0.094307
0.069568 -0.098346
0.078308 -0.102155
0.087495 -0.105767
0.097115 -0.110271
0.107157 -0.112819
0.117608 -0.116150
0.128454 -0.118536
0.139683 -0.121569
0.151282 -0.124431
0.163235 -0.127938
0.175532 -0.131005
0.188157 -0.133487
0.201097 -0.135423
0.214337 -0.140008
0.227864 -0.140913
0.241663 -0.143130
0.255719 -0.146812
0.270017 -0.148078
0.284542 -0.149981
0.299280 -0.152420
0.314215 -0.154199
0.329331 -0.157166
0.344613 -0.156386
0.360045 -0.158150
0.375611 -0.159927
0.391296 -0.160493
0.407083 -0.160803
0.422957 -0.161083
0.438901 -0.161675
0.454899 -0.161006
0.470935 -0.161508
0.486992 -0.160586
0.503055 -0.158800
0.519107 -0.156870
0.535132 -0.155651
0.551114 -0.153981
0.567036 -0.150789
0.582884 -0.148369
0.598640 -0.143903
0.614290 -0.141619
0.629817 -0.138291
0.645206 -0.133503
0.660442 -0.128318
0.675509 -0.124932
0.690393 -0.119550
0.705077 -0.115278
0.719549 -0.110094
0.733793 -0.104735
0.747795 -0.100810
0.761542 -0.095578
0.775019 -0.088868
0.788214 -0.085747
0.801113 -0.080140
0.813704 -0.075247
0.825973 -0.069818
0.837910 -0.064518
0.849501 -0.059381
0.860735 -0.055346
0.871601 -0.050287
0.882088 -0.046031
0.892184 -0.040920
0.901880 -0.037136
0.911165 -0.032577
0.920031 -0.028671
0.928468 -0.024332
0.936467 -0.021649
0.944019 -0.019610
0.951116 -0.014205
0.957751 -0.010500
0.963920 -0.007348
0.969616 -0.004513
0.974836 -0.001756
0.979575 -0.001132
0.983831 0.002657
0.987598 0.003374
0.990874 0.004498
0.993653 0.006059
0.995934 0.005428
0.997711 0.006561
0.998982 0.008135
0.999745 0.006230
1.000000 0.006033
