1.000000 -0.000932
0.999745 0.006874
0.998982 0.008275
0.997711 0.010129
0.995933 0.013320
0.993653 0.017518
0.990874 0.020031
0.987598 0.025427
0.983830 0.030388
0.979575 0.035328
0.974836 0.041272
0.969616 0.048273
0.963920 0.056235
0.957751 0.062835
0.951116 0.070339
0.944019 0.075588
0.936467 0.085841
0.928468 0.091856
0.920031 0.099060
0.911165 0.106829
0.901879 0.114360
0.892183 0.123322
0.882087 0.129954
0.871601 0.138722
0.860735 0.145939
0.849501 0.153584
0.837910 0.162647
0.825974 0.170021
0.813704 0.178273
0.801113 0.185650
0.788214 0.194127
0.775019 0.201330
0.761541 0.208610
0.747795 0.215674
0.733792 0.222751
0.719548 0.230355
0.705077 0.235585
0.690392 0.241240
0.675509 0.245882
0.660442 0.250024
0.645206 0.253862
0.629817 0.256987
0.614290 0.260190
0.598640 0.263219
0.582884 0.264862
0.567036 0.267174
0.551113 0.268293
0.535131 0.269705
0.519106 0.270788
0.503054 0.271162
0.486991 0.271962
0.470934 0.272051
0.454898 0.272070
0.438900 0.271019
0.422956 0.268913
0.407083 0.266788
0.391295 0.264949
0.375610 0.263783
0.360044 0.261898
0.344612 0.257987
0.329330 0.255384
0.314213 0.252585
0.299279 0.249214
0.284541 0.245410
0.270015 0.242581
0.255717 0.237772
0.241661 0.233548
0.227862 0.228626
0.214336 0.223700
0.201095 0.218810
0.188155 0.213590
0.175530 0.208135
0.163234 0.202473
0.151280 0.196911
0.139681 0.190657
0.128452 0.184082
0.117606 0.177664
0.107155 0.170326
0.097113 0.163724
0.087493 0.156639
0.078306 0.149206
0.069566 0.140693
0.061285 0.132233
0.053474 0.124338
0.046150 0.116578
0.039326 0.108693
0.033014 0.100884
0.027230 0.092060
0.021980 0.083720
0.017277 0.075096
0.013141 0.065894
0.009573 0.057052
0.006583 0.046922
0.004188 0.037903
0.002354 0.028493
0.001081 0.020498
0.000371 0.015586
0.000077 0.010564
0.000005 0.008882
0.000000 0.009198
0.000005 0.008318
0.000077 0.005509
0.000371 0.001280
0.001081 -0.005303
0.002353 -0.012539
0.004188 -0.020625
0.006585 -0.025686
0.009576 -0.033499
0.013145 -0.040132
0.017281 -0.044595
0.021983 -0.050262
0.027232 -0.053517
0.033016 -0.056635
0.039328 -0.058633
0.046152 -0.060545
0.053476 -0.060602
0.061287 -0.060782
0.069568 -0.061486
0.078308 -0.060136
0.087495 -0.061286
0.097115 -0.058761
0.107157 -0.058215
0.117608 -0.056745
0.128454 -0.057618
0.139683 -0.055043
0.151282 -0.054434
0.163235 -0.052825
0.175532 -0.053025
0.188157 -0.051415
0.201097 -0.049625
0.214337 -0.048557
0.227864 -0.046514
0.241663 -0.046461
0.255719 -0.044043
0.270017 -0.044053
0.284542 -0.043003
0.299280 -0.041848
0.314215 -0.041083
0.329331 -0.039278
0.344613 -0.039722
0.360045 -0.038970
0.375611 -0.036648
0.391296 -0.037626
0.407083 -0.035656
0.422957 -0.034872
0.438901 -0.034333
0.454899 -0.033808
0.470935 -0.032105
0.486992 -0.031151
0.503055 -0.031312
0.519107 -0.029657
0.535132 -0.029907
0.551114 -0.029329
0.567036 -0.028653
0.582884 -0.028215
0.598640 -0.023525
0.614290 -0.027002
0.629817 -0.024860
0.645206 -0.024867
0.660442 -0.023709
0.675509 -0.023969
0.690393 -0.023955
0.705077 -0.022757
0.719549 -0.021582
0.733793 -0.020102
0.747795 -0.018983
0.761542 -0.018606
0.775019 -0.016370
0.788214 -0.015395
0.801113 -0.013638
0.813704 -0.013890
0.825973 -0.012616
0.837910 -0.011480
0.849501 -0.010466
0.860735 -0.009945
0.871601 -0.008208
0.882088 -0.007951
0.892184 -0.008063
0.901880 -0.006441
0.911165 -0.005372
0.920031 -0.005204
0.928468 -0.004478
0.936467 -0.003660
0.944019 -0.001767
0.951116 -0.000943
0.957751 -0.000265
0.963920 0.001048
0.969616 0.001890
0.974836 0.003408
0.979575 0.004282
0.983831 0.004578
0.987598 0.005229
0.990874 0.005143
0.993653 0.006503
0.995934 0.005152
0.997711 0.006340
0.998982 0.007170
0.999745 0.006152
1.000000 0.004650
