1.000000 0.010723
0.999745 0.014197
0.998982 0.014055
0.997711 0.016569
0.995933 0.016353
0.993653 0.017222
0.990874 0.017749
0.987598 0.018841
0.983830 0.020163
0.979575 0.022403
0.974836 0.024327
0.969616 0.028551
0.963920 0.031377
0.957751 0.035754
0.951116 0.038416
0.944019 0.042144
0.936467 0.046033
0.928468 0.050298
0.920031 0.054737
0.911165 0.059716
0.901879 0.064354
0.892183 0.069839
0.882087 0.076191
0.871601 0.081088
0.860735 0.088119
0.849501 0.094275
0.837910 0.100564
0.825974 0.106863
0.813704 0.116247
0.801113 0.124596
0.788214 0.131613
0.775019 0.139848
0.761541 0.147875
0.747795 0.156552
0.733792 0.165214
0.719548 0.174499
0.705077 0.182456
0.690392 0.191784
0.675509 0.200257
0.660442 0.208819
0.645206 0.217431
0.629817 0.225670
0.614290 0.234058
0.598640 0.242595
0.582884 0.251023
0.567036 0.259500
0.551113 0.268437
0.535131 0.276154
0.519106 0.283262
0.503054 0.291009
0.486991 0.297836
0.470934 0.303523
0.454898 0.309767
0.438900 0.313847
0.422956 0.318493
0.407083 0.322632
0.391295 0.325442
0.375610 0.328165
0.360044 0.329641
0.344612 0.330567
0.329330 0.331472
0.314213 0.330936
0.299279 0.329559
0.284541 0.327995
0.270015 0.325384
0.255717 0.322447
0.241661 0.318350
0.227862 0.313364
0.214336 0.307244
0.201095 0.300656
0.188155 0.293455
0.175530 0.285908
0.163234 0.277867
0.151280 0.269714
0.139681 0.260615
0.128452 0.251094
0.117606 0.241462
0.107155 0.230977
0.097113 0.220548
0.087493 0.209177
0.078306 0.197547
0.069566 0.184971
0.061285 0.172682
0.053474 0.161245
0.046150 0.149164
0.039326 0.137163
0.033014 0.125240
0.027230 0.113231
0.021980 0.101686
0.017277 0.089084
0.013141 0.077034
0.009573 0.063902
0.006583 0.052591
0.004188 0.041115
0.002354 0.031195
0.001081 0.021701
0.000371 0.016508
0.000077 0.012030
0.000005 0.009298
0.000000 0.009300
0.000005 0.008104
0.000077 0.003869
0.000371 0.001301
0.001081 -0.005268
0.002353 -0.013872
0.004188 -0.022423
0.006585 -0.032317
0.009576 -0.043434
0.013145 -0.050440
0.017281 -0.058783
0.021983 -0.066981
0.027232 -0.073458
0.033016 -0.079252
0.039328 -0.085821
0.046152 -0.090620
0.053476 -0.096510
0.061287 -0.099803
0.069568 -0.103859
0.078308 -0.107557
0.087495 -0.110045
0.097115 -0.115202
0.107157 -0.115449
0.117608 -0.117873
0.128454 -0.119066
0.139683 -0.121170
0.151282 -0.121467
0.163235 -0.121749
0.175532 -0.122260
0.188157 -0.122814
0.201097 -0.124131
0.214337 -0.125071
0.227864 -0.126284
0.241663 -0.127243
0.255719 -0.127809
0.270017 -0.128970
0.284542 -0.129758
0.299280 -0.129917
0.314215 -0.130494
0.329331 -0.130910
0.344613 -0.131785
0.360045 -0.130925
0.375611 -0.131077
0.391296 -0.131297
0.407083 -0.131465
0.422957 -0.131500
0.438901 -0.132641
0.454899 -0.131743
0.470935 -0.130513
0.486992 -0.129686
0.503055 -0.129546
0.519107 -0.128192
0.535132 -0.128462
0.551114 -0.126699
0.567036 -0.125296
0.582884 -0.124760
0.598640 -0.123670
0.614290 -0.122604
0.629817 -0.120489
0.645206 -0.117794
0.660442 -0.116226
0.675509 -0.113126
0.690393 -0.110188
0.705077 -0.107251
0.719549 -0.104455
0.733793 -0.101598
0.747795 -0.097657
0.761542 -0.094272
0.775019 -0.090104
0.788214 -0.087337
0.801113 -0.082785
0.813704 -0.078357
0.825973 -0.074115
0.837910 -0.067994
0.849501 -0.065307
0.860735 -0.059631
0.871601 -0.054915
0.882088 -0.050614
0.892184 -0.045662
0.901880 -0.042263
0.911165 -0.037710
0.920031 -0.033875
0.928468 -0.030290
0.936467 -0.026939
0.944019 -0.021673
0.951116 -0.020157
0.957751 -0.016431
0.963920 -0.012994
0.969616 -0.010442
0.974836 -0.008059
0.979575 -0.008015
0.983831 -0.004530
0.987598 -0.002578
0.990874 -0.002418
0.993653 0.000529
0.995934 0.001072
0.997711 0.002115
0.998982 0.002327
0.999745 -0.000175
1.000000 0.002209
