1.000000 0.009167
0.999745 0.011205
0.998982 0.011185
0.997711 0.010234
0.995933 0.012704
0.993653 0.012698
0.990874 0.014650
0.987598 0.017750
0.983830 0.019515
0.979575 0.021643
0.974836 0.025274
0.969616 0.029559
0.963920 0.033141
0.957751 0.036939
0.951116 0.040538
0.944019 0.045230
0.936467 0.049089
0.928468 0.053179
0.920031 0.058901
0.911165 0.062707
0.901879 0.067977
0.892183 0.071736
0.882087 0.076156
0.871601 0.081507
0.860735 0.086526
0.849501 0.092702
0.837910 0.098300
0.825974 0.103118
0.813704 0.107840
0.801113 0.113598
0.788214 0.118925
0.775019 0.124240
0.761541 0.129422
0.747795 0.134182
0.733792 0.139007
0.719548 0.144554
0.705077 0.150394
0.690392 0.154629
0.675509 0.161670
0.660442 0.165849
0.645206 0.171031
0.629817 0.176057
0.614290 0.180501
0.598640 0.185082
0.582884 0.189065
0.567036 0.193102
0.551113 0.197417
0.535131 0.202188
0.519106 0.206123
0.503054 0.210140
0.486991 0.213828
0.470934 0.217715
0.454898 0.221085
0.438900 0.224253
0.422956 0.225361
0.407083 0.228073
0.391295 0.229380
0.375610 0.231135
0.360044 0.232423
0.344612 0.233108
0.329330 0.232928
0.314213 0.231809
0.299279 0.230852
0.284541 0.230104
0.270015 0.229344
0.255717 0.228241
0.241661 0.226533
0.227862 0.224292
0.214336 0.221322
0.201095 0.217694
0.188155 0.214175
0.175530 0.209608
0.163234 0.204932
0.151280 0.199709
0.139681 0.194798
0.128452 0.189520
0.117606 0.183761
0.107155 0.178520
0.097113 0.171920
0.087493 0.165284
0.078306 0.157983
0.069566 0.149696
0.061285 0.142323
0.053474 0.134773
0.046150 0.126643
0.039326 0.119104
0.033014 0.110176
0.027230 0.100959
0.021980 0.089811
0.017277 0.079707
0.013141 0.069675
0.009573 0.059715
0.006583 0.049337
0.004188 0.039719
0.002354 0.030621
0.001081 0.024364
0.000371 0.017825
0.000077 0.014026
0.000005 0.010383
0.000000 0.009326
0.000005 0.008879
0.000077 0.006187
0.000371 0.003109
0.001081 -0.002207
0.002353 -0.007865
0.004188 -0.013386
0.006585 -0.020747
0.009576 -0.026610
0.013145 -0.032685
0.017281 -0.039168
0.021983 -0.045172
0.027232 -0.051437
0.033016 -0.055854
0.039328 -0.061369
0.046152 -0.065477
0.053476 -0.071080
0.061287 -0.074775
0.069568 -0.079626
0.078308 -0.082036
0.087495 -0.084569
0.097115 -0.087351
0.107157 -0.089601
0.117608 -0.091554
0.128454 -0.094682
0.139683 -0.097112
0.151282 -0.099113
0.163235 -0.101076
0.175532 -0.102494
0.188157 -0.103933
0.201097 -0.106531
0.214337 -0.107994
0.227864 -0.109049
0.241663 -0.109437
0.255719 -0.108761
0.270017 -0.109061
0.284542 -0.108655
0.299280 -0.107083
0.314215 -0.105890
0.329331 -0.103781
0.344613 -0.103512
0.360045 -0.100970
0.375611 -0.101438
0.391296 -0.096448
0.407083 -0.097739
0.422957 -0.091837
0.438901 -0.090315
0.454899 -0.087601
0.470935 -0.085086
0.486992 -0.081046
0.503055 -0.077367
0.519107 -0.076115
0.535132 -0.071856
0.551114 -0.067966
0.567036 -0.063920
0.582884 -0.061562
0.598640 -0.054277
0.614290 -0.052163
0.629817 -0.048763
0.645206 -0.043428
0.660442 -0.041236
0.675509 -0.035432
0.690393 -0.033348
0.705077 -0.028928
0.719549 -0.025572
0.733793 -0.023264
0.747795 -0.018372
0.761542 -0.015968
0.775019 -0.012482
0.788214 -0.009660
0.801113 -0.006770
0.813704 -0.004049
0.825973 -0.003166
0.837910 0.000549
0.849501 0.002719
0.860735 0.004054
0.871601 0.007022
0.882088 0.007179
0.892184 0.008229
0.901880 0.010340
0.911165 0.010933
0.920031 0.012075
0.928468 0.012826
0.936467 0.013458
0.944019 0.013565
0.951116 0.013687
0.957751 0.013548
0.963920 0.013031
0.969616 0.013487
0.974836 0.012080
0.979575 0.011042
0.983831 0.010851
0.987598 0.010452
0.990874 0.010142
0.993653 0.009998
0.995934 0.008279
0.997711 0.009325
0.998982 0.011063
0.999745 0.007069
1.000000 0.005992
