1.000000 0.008249
0.999745 0.011266
0.998982 0.012915
0.997711 0.011975
0.995933 0.013146
0.993653 0.014187
0.990874 0.014763
0.987598 0.016906
0.983830 0.018519
0.979575 0.019405
0.974836 0.021875
0.969616 0.025123
0.963920 0.026689
0.957751 0.028990
0.951116 0.031919
0.944019 0.035512
0.936467 0.038708
0.928468 0.041313
0.920031 0.045368
0.911165 0.049974
0.901879 0.053043
0.892183 0.058257
0.882087 0.061794
0.871601 0.066618
0.860735 0.070972
0.849501 0.076204
0.837910 0.081753
0.825974 0.087233
0.813704 0.092308
0.801113 0.097984
0.788214 0.102239
0.775019 0.106436
0.761541 0.111801
0.747795 0.116588
0.733792 0.121792
0.719548 0.127413
0.705077 0.132810
0.690392 0.138983
0.675509 0.143621
0.660442 0.148306
0.645206 0.153356
0.629817 0.158361
0.614290 0.163387
0.598640 0.168389
0.582884 0.173275
0.567036 0.178116
0.551113 0.183695
0.535131 0.187806
0.519106 0.192135
0.503054 0.195971
0.486991 0.199570
0.470934 0.202992
0.454898 0.206332
0.438900 0.208907
0.422956 0.211687
0.407083 0.213751
0.391295 0.216417
0.375610 0.218625
0.360044 0.219801
0.344612 0.220837
0.329330 0.220398
0.314213 0.220004
0.299279 0.220631
0.284541 0.218214
0.270015 0.218215
0.255717 0.216349
0.241661 0.215536
0.227862 0.212528
0.214336 0.209505
0.201095 0.206311
0.188155 0.203551
0.175530 0.199133
0.163234 0.194724
0.151280 0.189624
0.139681 0.184178
0.128452 0.178206
0.117606 0.172657
0.107155 0.165925
0.097113 0.160283
0.087493 0.153455
0.078306 0.145638
0.069566 0.139084
0.061285 0.131240
0.053474 0.123699
0.046150 0.115851
0.039326 0.107588
0.033014 0.099188
0.027230 0.091539
0.021980 0.083464
0.017277 0.074451
0.013141 0.066655
0.009573 0.058031
0.006583 0.049437
0.004188 0.039376
0.002354 0.030524
0.001081 0.023491
0.000371 0.018038
0.000077 0.013361
0.000005 0.011310
0.000000 0.009785
0.000005 0.009010
0.000077 0.006779
0.000371 0.002639
0.001081 -0.002818
0.002353 -0.007903
0.004188 -0.015549
0.006585 -0.019034
0.009576 -0.023024
0.013145 -0.026642
0.017281 -0.029104
0.021983 -0.033032
0.027232 -0.035980
0.033016 -0.039463
0.039328 -0.042585
0.046152 -0.045199
0.053476 -0.046301
0.061287 -0.049056
0.069568 -0.049777
0.078308 -0.052673
0.087495 -0.052833
0.097115 -0.053160
0.107157 -0.054246
0.117608 -0.055946
0.128454 -0.056888
0.139683 -0.057656
0.151282 -0.058586
0.163235 -0.059432
0.175532 -0.059341
0.188157 -0.060797
0.201097 -0.058266
0.214337 -0.060108
0.227864 -0.060058
0.241663 -0.058818
0.255719 -0.058460
0.270017 -0.058057
0.284542 -0.057632
0.299280 -0.057467
0.314215 -0.057112
0.329331 -0.055987
0.344613 -0.055555
0.360045 -0.054813
0.375611 -0.053769
0.391296 -0.052692
0.407083 -0.052316
0.422957 -0.051713
0.438901 -0.051114
0.454899 -0.049469
0.470935 -0.048476
0.486992 -0.047844
0.503055 -0.046853
0.519107 -0.045184
0.535132 -0.043161
0.551114 -0.039951
0.567036 -0.039146
0.582884 -0.038000
0.598640 -0.036488
0.614290 -0.035863
0.629817 -0.034379
0.645206 -0.032923
0.660442 -0.031794
0.675509 -0.031533
0.690393 -0.030859
0.705077 -0.029339
0.719549 -0.027996
0.733793 -0.025579
0.747795 -0.024901
0.761542 -0.023809
0.775019 -0.021224
0.788214 -0.021325
0.801113 -0.017625
0.813704 -0.017957
0.825973 -0.016019
0.837910 -0.015239
0.849501 -0.014282
0.860735 -0.013261
0.871601 -0.011832
0.882088 -0.011542
0.892184 -0.011370
0.901880 -0.011995
0.911165 -0.012444
0.920031 -0.011082
0.928468 -0.009804
0.936467 -0.009416
0.944019 -0.008295
0.951116 -0.007662
0.957751 -0.008973
0.963920 -0.007542
0.969616 -0.005639
0.974836 -0.004064
0.979575 -0.003508
0.983831 -0.001947
0.987598 -0.000745
0.990874 0.000733
0.993653 0.001339
0.995934 0.002524
0.997711 0.004319
0.998982 0.003050
0.999745 0.004215
1.000000 0.003422
