1.000000 -0.000971
0.999745 -0.000732
0.998982 -0.000021
0.997711 0.001122
0.995933 0.002633
0.993653 0.004579
0.990874 0.007027
0.987598 0.009949
0.983830 0.013310
0.979575 0.017139
0.974836 0.021446
0.969616 0.026198
0.963920 0.031344
0.957751 0.036846
0.951116 0.042647
0.944019 0.048696
0.936467 0.054979
0.928468 0.061498
0.920031 0.068253
0.911165 0.075229
0.901879 0.082450
0.892183 0.089954
0.882087 0.097707
0.871601 0.105680
0.860735 0.113851
0.849501 0.122207
0.837910 0.130792
0.825974 0.139559
0.813704 0.148461
0.801113 0.157478
0.788214 0.166576
0.775019 0.175741
0.761541 0.184862
0.747795 0.193928
0.733792 0.202908
0.719548 0.211767
0.705077 0.220446
0.690392 0.228966
0.675509 0.237259
0.660442 0.245314
0.645206 0.253079
0.629817 0.260506
0.614290 0.267569
0.598640 0.274254
0.582884 0.280560
0.567036 0.286433
0.551113 0.291842
0.535131 0.296773
0.519106 0.301234
0.503054 0.305197
0.486991 0.308635
0.470934 0.311574
0.454898 0.314000
0.438900 0.315870
0.422956 0.317157
0.407083 0.317893
0.391295 0.318086
0.375610 0.317734
0.360044 0.316839
0.344612 0.315435
0.329330 0.313513
0.314213 0.311053
0.299279 0.308106
0.284541 0.304741
0.270015 0.300934
0.255717 0.296661
0.241661 0.291941
0.227862 0.286787
0.214336 0.281184
0.201095 0.275150
0.188155 0.268730
0.175530 0.261904
0.163234 0.254625
0.151280 0.246882
0.139681 0.238688
0.128452 0.230028
0.117606 0.220915
0.107155 0.211415
0.097113 0.201616
0.087493 0.191537
0.078306 0.181106
0.069566 0.170273
0.061285 0.159100
0.053474 0.147772
0.046150 0.136316
0.039326 0.124819
0.033014 0.113264
0.027230 0.101643
0.021980 0.089949
0.017277 0.078283
0.013141 0.066782
0.009573 0.055602
0.006583 0.044953
0.004188 0.034901
0.002354 0.025655
0.001081 0.017557
0.000371 0.010976
0.000077 0.006158
0.000005 0.003243
0.000000 0.002267
0.000005 0.001320
0.000077 -0.001526
0.000371 -0.006092
0.001081 -0.012104
0.002353 -0.019015
0.004188 -0.026095
0.006585 -0.033016
0.009576 -0.039950
0.013145 -0.046378
0.017281 -0.052358
0.021983 -0.058126
0.027232 -0.063627
0.033016 -0.068838
0.039328 -0.073838
0.046152 -0.078653
0.053476 -0.083225
0.061287 -0.087561
0.069568 -0.091737
0.078308 -0.095728
0.087495 -0.099468
0.097115 -0.102964
0.107157 -0.106213
0.117608 -0.109286
0.128454 -0.112114
0.139683 -0.114739
0.151282 -0.117131
0.163235 -0.119284
0.175532 -0.121167
0.188157 -0.122802
0.201097 -0.124203
0.214337 -0.125345
0.227864 -0.126225
0.241663 -0.126833
0.255719 -0.127165
0.270017 -0.127186
0.284542 -0.126891
0.299280 -0.126295
0.314215 -0.125408
0.329331 -0.124223
0.344613 -0.122736
0.360045 -0.120938
0.375611 -0.118851
0.391296 -0.116470
0.407083 -0.113780
0.422957 -0.110808
0.438901 -0.107593
0.454899 -0.104155
0.470935 -0.100508
0.486992 -0.096676
0.503055 -0.092692
0.519107 -0.088564
0.535132 -0.084307
0.551114 -0.079941
0.567036 -0.075475
0.582884 -0.070903
0.598640 -0.066224
0.614290 -0.061460
0.629817 -0.056619
0.645206 -0.051726
0.660442 -0.046809
0.675509 -0.041920
0.690393 -0.037099
0.705077 -0.032386
0.719549 -0.027816
0.733793 -0.023417
0.747795 -0.019179
0.761542 -0.015156
0.775019 -0.011378
0.788214 -0.007867
0.801113 -0.004644
0.813704 -0.001731
0.825973 0.000898
0.837910 0.003238
0.849501 0.005283
0.860735 0.007015
0.871601 0.008457
0.882088 0.009626
0.892184 0.010510
0.901880 0.011127
0.911165 0.011443
0.920031 0.011490
0.928468 0.011320
0.936467 0.010963
0.944019 0.010436
0.951116 0.009786
0.957751 0.009068
0.963920 0.008286
0.969616 0.007415
0.974836 0.006440
0.979575 0.005347
0.983831 0.004180
0.987598 0.002994
0.990874 0.001863
0.993653 0.000824
0.995934 -0.000098
0.997711 -0.000845
0.998982 -0.001346
0.999745 -0.001624
1.000000 -0.001714
