1.000000 0.001365
0.999745 0.001552
0.998982 0.002110
0.997711 0.003012
0.995933 0.004219
0.993653 0.005800
0.990874 0.007813
0.987598 0.010243
0.983830 0.013077
0.979575 0.016346
0.974836 0.020067
0.969616 0.024230
0.963920 0.028812
0.957751 0.033775
0.951116 0.039071
0.944019 0.044664
0.936467 0.050545
0.928468 0.056711
0.920031 0.063159
0.911165 0.069893
0.901879 0.076922
0.892183 0.084261
0.882087 0.091888
0.871601 0.099791
0.860735 0.107955
0.849501 0.116359
0.837910 0.125067
0.825974 0.134027
0.813704 0.143177
0.801113 0.152505
0.788214 0.161981
0.775019 0.171581
0.761541 0.181204
0.747795 0.190847
0.733792 0.200478
0.719548 0.210056
0.705077 0.219520
0.690392 0.228888
0.675509 0.238101
0.660442 0.247154
0.645206 0.255995
0.629817 0.264575
0.614290 0.272864
0.598640 0.280823
0.582884 0.288458
0.567036 0.295727
0.551113 0.302587
0.535131 0.309008
0.519106 0.314997
0.503054 0.320529
0.486991 0.325555
0.470934 0.330063
0.454898 0.334029
0.438900 0.337412
0.422956 0.340189
0.407083 0.342368
0.391295 0.343951
0.375610 0.344917
0.360044 0.345251
0.344612 0.344958
0.329330 0.344018
0.314213 0.342410
0.299279 0.340161
0.284541 0.337279
0.270015 0.333744
0.255717 0.329580
0.241661 0.324775
0.227862 0.319314
0.214336 0.313232
0.201095 0.306563
0.188155 0.299334
0.175530 0.291524
0.163234 0.283139
0.151280 0.274214
0.139681 0.264730
0.128452 0.254661
0.117606 0.244070
0.107155 0.233051
0.097113 0.221639
0.087493 0.209861
0.078306 0.197745
0.069566 0.185265
0.061285 0.172432
0.053474 0.159432
0.046150 0.146389
0.039326 0.133415
0.033014 0.120469
0.027230 0.107530
0.021980 0.094596
0.017277 0.081756
0.013141 0.069164
0.009573 0.057025
0.006583 0.045605
0.004188 0.034981
0.002354 0.025349
0.001081 0.017028
0.000371 0.010341
0.000077 0.005477
0.000005 0.002543
0.000000 0.001562
0.000005 0.000611
0.000077 -0.002273
0.000371 -0.006979
0.001081 -0.013363
0.002353 -0.021048
0.004188 -0.029331
0.006585 -0.037782
0.009576 -0.046440
0.013145 -0.054463
0.017281 -0.061603
0.021983 -0.067977
0.027232 -0.073653
0.033016 -0.078729
0.039328 -0.083271
0.046152 -0.087314
0.053476 -0.090887
0.061287 -0.094058
0.069568 -0.096853
0.078308 -0.099250
0.087495 -0.101265
0.097115 -0.102953
0.107157 -0.104288
0.117608 -0.105357
0.128454 -0.106168
0.139683 -0.106769
0.151282 -0.107122
0.163235 -0.107249
0.175532 -0.107180
0.188157 -0.106942
0.201097 -0.106523
0.214337 -0.105935
0.227864 -0.105229
0.241663 -0.104395
0.255719 -0.103396
0.270017 -0.102236
0.284542 -0.100952
0.299280 -0.099568
0.314215 -0.098068
0.329331 -0.096466
0.344613 -0.094807
0.360045 -0.093090
0.375611 -0.091307
0.391296 -0.089449
0.407083 -0.087539
0.422957 -0.085597
0.438901 -0.083615
0.454899 -0.081614
0.470935 -0.079622
0.486992 -0.077657
0.503055 -0.075696
0.519107 -0.073733
0.535132 -0.071785
0.551114 -0.069881
0.567036 -0.068000
0.582884 -0.066088
0.598640 -0.064137
0.614290 -0.062165
0.629817 -0.060147
0.645206 -0.058068
0.660442 -0.055940
0.675509 -0.053785
0.690393 -0.051589
0.705077 -0.049361
0.719549 -0.047131
0.733793 -0.044907
0.747795 -0.042644
0.761542 -0.040394
0.775019 -0.038175
0.788214 -0.035994
0.801113 -0.033858
0.813704 -0.031787
0.825973 -0.029748
0.837910 -0.027755
0.849501 -0.025810
0.860735 -0.023923
0.871601 -0.022088
0.882088 -0.020319
0.892184 -0.018631
0.901880 -0.017005
0.911165 -0.015475
0.920031 -0.014047
0.928468 -0.012689
0.936467 -0.011386
0.944019 -0.010129
0.951116 -0.008889
0.957751 -0.007644
0.963920 -0.006421
0.969616 -0.005281
0.974836 -0.004282
0.979575 -0.003469
0.983831 -0.002836
0.987598 -0.002350
0.990874 -0.001956
0.993653 -0.001652
0.995934 -0.001455
0.997711 -0.001303
0.998982 -0.001118
0.999745 -0.000966
1.000000 -0.000912
