1.000000 0.010617
0.999745 0.010132
0.998982 0.012915
0.997711 0.012745
0.995933 0.012311
0.993653 0.012274
0.990874 0.012941
0.987598 0.013966
0.983830 0.017102
0.979575 0.020240
0.974836 0.022790
0.969616 0.024861
0.963920 0.027370
0.957751 0.032635
0.951116 0.036988
0.944019 0.040635
0.936467 0.043272
0.928468 0.048068
0.920031 0.053028
0.911165 0.058059
0.901879 0.063948
0.892183 0.069134
0.882087 0.074661
0.871601 0.080125
0.860735 0.085910
0.849501 0.092856
0.837910 0.098453
0.825974 0.104891
0.813704 0.111050
0.801113 0.117262
0.788214 0.123290
0.775019 0.130262
0.761541 0.136485
0.747795 0.145909
0.733792 0.150611
0.719548 0.158083
0.705077 0.165335
0.690392 0.172225
0.675509 0.180182
0.660442 0.186606
0.645206 0.193017
0.629817 0.199081
0.614290 0.206447
0.598640 0.212576
0.582884 0.219196
0.567036 0.225148
0.551113 0.229760
0.535131 0.235536
0.519106 0.240649
0.503054 0.246395
0.486991 0.251004
0.470934 0.255235
0.454898 0.259456
0.438900 0.263291
0.422956 0.268322
0.407083 0.269774
0.391295 0.272557
0.375610 0.274484
0.360044 0.275319
0.344612 0.275747
0.329330 0.276903
0.314213 0.275832
0.299279 0.274525
0.284541 0.274736
0.270015 0.271774
0.255717 0.270641
0.241661 0.269093
0.227862 0.263764
0.214336 0.259348
0.201095 0.254018
0.188155 0.248892
0.175530 0.243947
0.163234 0.238171
0.151280 0.232072
0.139681 0.225798
0.128452 0.218440
0.117606 0.209992
0.107155 0.201093
0.097113 0.191862
0.087493 0.183013
0.078306 0.173864
0.069566 0.164043
0.061285 0.154338
0.053474 0.144497
0.046150 0.134011
0.039326 0.122744
0.033014 0.113337
0.027230 0.103606
0.021980 0.092999
0.017277 0.081377
0.013141 0.072003
0.009573 0.060979
0.006583 0.051549
0.004188 0.041796
0.002354 0.033757
0.001081 0.025919
0.000371 0.019962
0.000077 0.013905
0.000005 0.010390
0.000000 0.009471
0.000005 0.008356
0.000077 0.004748
0.000371 0.002078
0.001081 -0.003068
0.002353 -0.007382
0.004188 -0.012756
0.006585 -0.017020
0.009576 -0.019474
0.013145 -0.022657
0.017281 -0.020778
0.021983 -0.020535
0.027232 -0.019070
0.033016 -0.015830
0.039328 -0.015238
0.046152 -0.012463
0.053476 -0.010643
0.061287 -0.007899
0.069568 -0.004965
0.078308 -0.001298
0.087495 0.001121
0.097115 0.004586
0.107157 0.007497
0.117608 0.009587
0.128454 0.013685
0.139683 0.015472
0.151282 0.017468
0.163235 0.022019
0.175532 0.026326
0.188157 0.029582
0.201097 0.031567
0.214337 0.034291
0.227864 0.037065
0.241663 0.038477
0.255719 0.040130
0.270017 0.041651
0.284542 0.041764
0.299280 0.044041
0.314215 0.045053
0.329331 0.045579
0.344613 0.046816
0.360045 0.048074
0.375611 0.047529
0.391296 0.047507
0.407083 0.047691
0.422957 0.048044
0.438901 0.046699
0.454899 0.046875
0.470935 0.046611
0.486992 0.045370
0.503055 0.044982
0.519107 0.043678
0.535132 0.043328
0.551114 0.041333
0.567036 0.040129
0.582884 0.038630
0.598640 0.035634
0.614290 0.034976
0.629817 0.032585
0.645206 0.032994
0.660442 0.029837
0.675509 0.028252
0.690393 0.026837
0.705077 0.024909
0.719549 0.024252
0.733793 0.021715
0.747795 0.019476
0.761542 0.019300
0.775019 0.018623
0.788214 0.018819
0.801113 0.016561
0.813704 0.015347
0.825973 0.014208
0.837910 0.013900
0.849501 0.013582
0.860735 0.013008
0.871601 0.011418
0.882088 0.010526
0.892184 0.009756
0.901880 0.008970
0.911165 0.008907
0.920031 0.006995
0.928468 0.005997
0.936467 0.005639
0.944019 0.005264
0.951116 0.003963
0.957751 0.005161
0.963920 0.004995
0.969616 0.004793
0.974836 0.004486
0.979575 0.004669
0.983831 0.004706
0.987598 0.005219
0.990874 0.005379
0.993653 0.003928
0.995934 0.006301
0.997711 0.005584
0.998982 0.006211
0.999745 0.004352
1.000000 0.003267
