1.000000 0.006453
0.999745 0.009255
0.998982 0.010049
0.997711 0.009498
0.995933 0.009477
0.993653 0.011624
0.990874 0.011321
0.987598 0.012395
0.983830 0.017523
0.979575 0.018281
0.974836 0.020466
0.969616 0.023626
0.963920 0.027157
0.957751 0.030457
0.951116 0.033715
0.944019 0.039226
0.936467 0.041978
0.928468 0.047962
0.920031 0.052357
0.911165 0.058127
0.901879 0.063827
0.892183 0.068851
0.882087 0.073853
0.871601 0.079617
0.860735 0.085421
0.849501 0.091304
0.837910 0.097261
0.825974 0.103573
0.813704 0.109292
0.801113 0.114645
0.788214 0.121305
0.775019 0.126294
0.761541 0.132842
0.747795 0.137854
0.733792 0.143554
0.719548 0.149204
0.705077 0.154256
0.690392 0.159517
0.675509 0.163495
0.660442 0.168492
0.645206 0.173438
0.629817 0.177621
0.614290 0.182295
0.598640 0.185543
0.582884 0.188941
0.567036 0.192468
0.551113 0.195113
0.535131 0.197674
0.519106 0.199798
0.503054 0.201951
0.486991 0.204057
0.470934 0.205614
0.454898 0.207442
0.438900 0.209117
0.422956 0.210463
0.407083 0.211079
0.391295 0.212118
0.375610 0.213065
0.360044 0.213549
0.344612 0.213834
0.329330 0.214414
0.314213 0.214835
0.299279 0.214389
0.284541 0.214018
0.270015 0.213431
0.255717 0.213082
0.241661 0.212271
0.227862 0.211329
0.214336 0.210117
0.201095 0.208114
0.188155 0.206439
0.175530 0.205067
0.163234 0.202431
0.151280 0.200035
0.139681 0.197371
0.128452 0.193124
0.117606 0.189513
0.107155 0.184533
0.097113 0.180583
0.087493 0.175378
0.078306 0.168890
0.069566 0.162217
0.061285 0.153340
0.053474 0.143847
0.046150 0.134441
0.039326 0.124400
0.033014 0.115259
0.027230 0.105026
0.021980 0.094673
0.017277 0.083507
0.013141 0.072966
0.009573 0.061886
0.006583 0.051451
0.004188 0.040207
0.002354 0.030826
0.001081 0.022571
0.000371 0.016635
0.000077 0.011964
0.000005 0.008943
0.000000 0.008020
0.000005 0.007250
0.000077 0.004915
0.000371 0.000232
0.001081 -0.005727
0.002353 -0.012472
0.004188 -0.018317
0.006585 -0.023915
0.009576 -0.029452
0.013145 -0.032384
0.017281 -0.037000
0.021983 -0.040248
0.027232 -0.044327
0.033016 -0.049606
0.039328 -0.053069
0.046152 -0.056902
0.053476 -0.059727
0.061287 -0.064229
0.069568 -0.067210
0.078308 -0.069423
0.087495 -0.071606
0.097115 -0.074475
0.107157 -0.077653
0.117608 -0.079623
0.128454 -0.083028
0.139683 -0.086424
0.151282 -0.088863
0.163235 -0.093301
0.175532 -0.094470
0.188157 -0.096392
0.201097 -0.100393
0.214337 -0.100769
0.227864 -0.104839
0.241663 -0.104876
0.255719 -0.108335
0.270017 -0.109615
0.284542 -0.112446
0.299280 -0.113564
0.314215 -0.114731
0.329331 -0.115937
0.344613 -0.118183
0.360045 -0.117680
0.375611 -0.118423
0.391296 -0.119593
0.407083 -0.119630
0.422957 -0.120427
0.438901 -0.119929
0.454899 -0.120929
0.470935 -0.119829
0.486992 -0.119819
0.503055 -0.117372
0.519107 -0.116314
0.535132 -0.115153
0.551114 -0.112785
0.567036 -0.110070
0.582884 -0.107656
0.598640 -0.103965
0.614290 -0.100644
0.629817 -0.097512
0.645206 -0.092791
0.660442 -0.090498
0.675509 -0.085153
0.690393 -0.081212
0.705077 -0.075687
0.719549 -0.071010
0.733793 -0.066761
0.747795 -0.061352
0.761542 -0.056976
0.775019 -0.050888
0.788214 -0.046591
0.801113 -0.041664
0.813704 -0.038019
0.825973 -0.034628
0.837910 -0.029894
0.849501 -0.025935
0.860735 -0.022506
0.871601 -0.019819
0.882088 -0.015970
0.892184 -0.014092
0.901880 -0.011895
0.911165 -0.007696
0.920031 -0.005660
0.928468 -0.003624
0.936467 -0.002557
0.944019 -0.000514
0.951116 0.001177
0.957751 0.001681
0.963920 0.002681
0.969616 0.003555
0.974836 0.004002
0.979575 0.004683
0.983831 0.004913
0.987598 0.004493
0.990874 0.004034
0.993653 0.003604
0.995934 0.003598
0.997711 0.002940
0.998982 0.004813
0.999745 0.003646
1.000000 -0.000283
