1.000000 0.013652
0.999745 0.013215
0.998982 0.015774
0.997711 0.016364
0.995933 0.016554
0.993653 0.016928
0.990874 0.017038
0.987598 0.018852
0.983830 0.020924
0.979575 0.023994
0.974836 0.025963
0.969616 0.028409
0.963920 0.030063
0.957751 0.032613
0.951116 0.035874
0.944019 0.038528
0.936467 0.042641
0.928468 0.045701
0.920031 0.048664
0.911165 0.053118
0.901879 0.056652
0.892183 0.061178
0.882087 0.066342
0.871601 0.070434
0.860735 0.075818
0.849501 0.080804
0.837910 0.086390
0.825974 0.092165
0.813704 0.097062
0.801113 0.101680
0.788214 0.106506
0.775019 0.111133
0.761541 0.116554
0.747795 0.122146
0.733792 0.128254
0.719548 0.133620
0.705077 0.138186
0.690392 0.144935
0.675509 0.150771
0.660442 0.156466
0.645206 0.162710
0.629817 0.167751
0.614290 0.172817
0.598640 0.177881
0.582884 0.183162
0.567036 0.187835
0.551113 0.192065
0.535131 0.197250
0.519106 0.202465
0.503054 0.208259
0.486991 0.213570
0.470934 0.217555
0.454898 0.221869
0.438900 0.226082
0.422956 0.228957
0.407083 0.231677
0.391295 0.234242
0.375610 0.235724
0.360044 0.236607
0.344612 0.237354
0.329330 0.237281
0.314213 0.236535
0.299279 0.235481
0.284541 0.233633
0.270015 0.231001
0.255717 0.228692
0.241661 0.223953
0.227862 0.220255
0.214336 0.215847
0.201095 0.211056
0.188155 0.205004
0.175530 0.198559
0.163234 0.192123
0.151280 0.185479
0.139681 0.177842
0.128452 0.170145
0.117606 0.161973
0.107155 0.154088
0.097113 0.145532
0.087493 0.137924
0.078306 0.129282
0.069566 0.122272
0.061285 0.114304
0.053474 0.106931
0.046150 0.098635
0.039326 0.089812
0.033014 0.081418
0.027230 0.074631
0.021980 0.068002
0.017277 0.061657
0.013141 0.054054
0.009573 0.046320
0.006583 0.039345
0.004188 0.032919
0.002354 0.027248
0.001081 0.019829
0.000371 0.015626
0.000077 0.011411
0.000005 0.009183
0.000000 0.008311
0.000005 0.006786
0.000077 0.004582
0.000371 0.001330
0.001081 -0.003838
0.002353 -0.010283
0.004188 -0.013779
0.006585 -0.018097
0.009576 -0.021709
0.013145 -0.023024
0.017281 -0.024696
0.021983 -0.025480
0.027232 -0.025409
0.033016 -0.025554
0.039328 -0.024965
0.046152 -0.024267
0.053476 -0.025313
0.061287 -0.023779
0.069568 -0.022575
0.078308 -0.019884
0.087495 -0.018916
0.097115 -0.018476
0.107157 -0.016655
0.117608 -0.014170
0.128454 -0.012302
0.139683 -0.010933
0.151282 -0.009578
0.163235 -0.008255
0.175532 -0.006225
0.188157 -0.002918
0.201097 -0.002572
0.214337 -0.000892
0.227864 0.000141
0.241663 0.001269
0.255719 0.003326
0.270017 0.004666
0.284542 0.004670
0.299280 0.003834
0.314215 0.004068
0.329331 0.004194
0.344613 0.001499
0.360045 0.002670
0.375611 0.001431
0.391296 -0.000739
0.407083 -0.001734
0.422957 -0.004840
0.438901 -0.006549
0.454899 -0.009032
0.470935 -0.010585
0.486992 -0.011471
0.503055 -0.013108
0.519107 -0.015545
0.535132 -0.017279
0.551114 -0.018476
0.567036 -0.020798
0.582884 -0.021855
0.598640 -0.023990
0.614290 -0.025889
0.629817 -0.026528
0.645206 -0.028105
0.660442 -0.028664
0.675509 -0.029980
0.690393 -0.030287
0.705077 -0.031008
0.719549 -0.031472
0.733793 -0.032048
0.747795 -0.031726
0.761542 -0.031705
0.775019 -0.031651
0.788214 -0.031973
0.801113 -0.031673
0.813704 -0.030746
0.825973 -0.030107
0.837910 -0.028380
0.849501 -0.028239
0.860735 -0.026624
0.871601 -0.025937
0.882088 -0.024459
0.892184 -0.021037
0.901880 -0.020752
0.911165 -0.017530
0.920031 -0.015174
0.928468 -0.012595
0.936467 -0.010658
0.944019 -0.008722
0.951116 -0.006052
0.957751 -0.002675
0.963920 -0.003202
0.969616 -0.000924
0.974836 0.000426
0.979575 0.002398
0.983831 0.002333
0.987598 0.002841
0.990874 0.002869
0.993653 0.004140
0.995934 0.005399
0.997711 0.006866
0.998982 0.004937
0.999745 0.004791
1.000000 0.003154
