1.000000 -0.001207
0.999745 -0.000966
0.998982 -0.000251
0.997711 0.000902
0.995933 0.002433
0.993653 0.004411
0.990874 0.006904
0.987598 0.009881
0.983830 0.013308
0.979575 0.017212
0.974836 0.021608
0.969616 0.026462
0.963920 0.031724
0.957751 0.037352
0.951116 0.043293
0.944019 0.049495
0.936467 0.055943
0.928468 0.062634
0.920031 0.069566
0.911165 0.076727
0.901879 0.084136
0.892183 0.091824
0.882087 0.099758
0.871601 0.107912
0.860735 0.116261
0.849501 0.124786
0.837910 0.133534
0.825974 0.142453
0.813704 0.151500
0.801113 0.160650
0.788214 0.169866
0.775019 0.179133
0.761541 0.188335
0.747795 0.197464
0.733792 0.206488
0.719548 0.215371
0.705077 0.224054
0.690392 0.232557
0.675509 0.240811
0.660442 0.248810
0.645206 0.256503
0.629817 0.263844
0.614290 0.270803
0.598640 0.277370
0.582884 0.283546
0.567036 0.289281
0.551113 0.294546
0.535131 0.299320
0.519106 0.303618
0.503054 0.307414
0.486991 0.310682
0.470934 0.313440
0.454898 0.315678
0.438900 0.317356
0.422956 0.318447
0.407083 0.318980
0.391295 0.318965
0.375610 0.318400
0.360044 0.317287
0.344612 0.315655
0.329330 0.313492
0.314213 0.310782
0.299279 0.307578
0.284541 0.303945
0.270015 0.299856
0.255717 0.295301
0.241661 0.290300
0.227862 0.284860
0.214336 0.278981
0.201095 0.272686
0.188155 0.266024
0.175530 0.258977
0.163234 0.251511
0.151280 0.243625
0.139681 0.235325
0.128452 0.226588
0.117606 0.217434
0.107155 0.207931
0.097113 0.198156
0.087493 0.188134
0.078306 0.177809
0.069566 0.167133
0.061285 0.156147
0.053474 0.145022
0.046150 0.133795
0.039326 0.122552
0.033014 0.111260
0.027230 0.099906
0.021980 0.088479
0.017277 0.077067
0.013141 0.065797
0.009573 0.054822
0.006583 0.044358
0.004188 0.034460
0.002354 0.025326
0.001081 0.017294
0.000371 0.010747
0.000077 0.005942
0.000005 0.003030
0.000000 0.002055
0.000005 0.001106
0.000077 -0.001747
0.000371 -0.006335
0.001081 -0.012402
0.002353 -0.019428
0.004188 -0.026693
0.006585 -0.033856
0.009576 -0.041094
0.013145 -0.047876
0.017281 -0.054211
0.021983 -0.060286
0.027232 -0.066034
0.033016 -0.071447
0.039328 -0.076598
0.046152 -0.081515
0.053476 -0.086146
0.061287 -0.090503
0.069568 -0.094658
0.078308 -0.098582
0.087495 -0.102216
0.097115 -0.105572
0.107157 -0.108632
0.117608 -0.111469
0.128454 -0.114025
0.139683 -0.116351
0.151282 -0.118413
0.163235 -0.120212
0.175532 -0.121727
0.188157 -0.122985
0.201097 -0.123995
0.214337 -0.124733
0.227864 -0.125208
0.241663 -0.125405
0.255719 -0.125320
0.270017 -0.124925
0.284542 -0.124228
0.299280 -0.123245
0.314215 -0.121983
0.329331 -0.120444
0.344613 -0.118640
0.360045 -0.116563
0.375611 -0.114238
0.391296 -0.111663
0.407083 -0.108839
0.422957 -0.105792
0.438901 -0.102554
0.454899 -0.099150
0.470935 -0.095593
0.486992 -0.091910
0.503055 -0.088122
0.519107 -0.084233
0.535132 -0.080262
0.551114 -0.076230
0.567036 -0.072138
0.582884 -0.067972
0.598640 -0.063727
0.614290 -0.059427
0.629817 -0.055072
0.645206 -0.050680
0.660442 -0.046273
0.675509 -0.041895
0.690393 -0.037572
0.705077 -0.033340
0.719549 -0.029231
0.733793 -0.025267
0.747795 -0.021430
0.761542 -0.017774
0.775019 -0.014330
0.788214 -0.011113
0.801113 -0.008140
0.813704 -0.005438
0.825973 -0.002979
0.837910 -0.000768
0.849501 0.001188
0.860735 0.002871
0.871601 0.004304
0.882088 0.005497
0.892184 0.006440
0.901880 0.007150
0.911165 0.007594
0.920031 0.007797
0.928468 0.007810
0.936467 0.007660
0.944019 0.007363
0.951116 0.006961
0.957751 0.006505
0.963920 0.005993
0.969616 0.005397
0.974836 0.004695
0.979575 0.003870
0.983831 0.002960
0.987598 0.002016
0.990874 0.001108
0.993653 0.000268
0.995934 -0.000489
0.997711 -0.001105
0.998982 -0.001506
0.999745 -0.001720
1.000000 -0.001790
