1.000000 0.012352
0.999745 0.013874
0.998982 0.013659
0.997711 0.014646
0.995933 0.016090
0.993653 0.016565
0.990874 0.016687
0.987598 0.018238
0.983830 0.019770
0.979575 0.021059
0.974836 0.023463
0.969616 0.025064
0.963920 0.027818
0.957751 0.029457
0.951116 0.031775
0.944019 0.034251
0.936467 0.035635
0.928468 0.039107
0.920031 0.041994
0.911165 0.044792
0.901879 0.047400
0.892183 0.049791
0.882087 0.052958
0.871601 0.055052
0.860735 0.056979
0.849501 0.061366
0.837910 0.061410
0.825974 0.066189
0.813704 0.067307
0.801113 0.070055
0.788214 0.072625
0.775019 0.073819
0.761541 0.076916
0.747795 0.077959
0.733792 0.079111
0.719548 0.079582
0.705077 0.080965
0.690392 0.082401
0.675509 0.084550
0.660442 0.086075
0.645206 0.086584
0.629817 0.088263
0.614290 0.090437
0.598640 0.091237
0.582884 0.092807
0.567036 0.092594
0.551113 0.092877
0.535131 0.093796
0.519106 0.092454
0.503054 0.093072
0.486991 0.092409
0.470934 0.093346
0.454898 0.093214
0.438900 0.093635
0.422956 0.094336
0.407083 0.093734
0.391295 0.093380
0.375610 0.093290
0.360044 0.093838
0.344612 0.093430
0.329330 0.094223
0.314213 0.093221
0.299279 0.091066
0.284541 0.090478
0.270015 0.089611
0.255717 0.089573
0.241661 0.089331
0.227862 0.088931
0.214336 0.087169
0.201095 0.085843
0.188155 0.085259
0.175530 0.083114
0.163234 0.081999
0.151280 0.079625
0.139681 0.077721
0.128452 0.075989
0.117606 0.074874
0.107155 0.072716
0.097113 0.070952
0.087493 0.068424
0.078306 0.067208
0.069566 0.065078
0.061285 0.062233
0.053474 0.059957
0.046150 0.057904
0.039326 0.055604
0.033014 0.053011
0.027230 0.050747
0.021980 0.047761
0.017277 0.045742
0.013141 0.041772
0.009573 0.038567
0.006583 0.034136
0.004188 0.030225
0.002354 0.025237
0.001081 0.020469
0.000371 0.014846
0.000077 0.010186
0.000005 0.007710
0.000000 0.006457
0.000005 0.006714
0.000077 0.003775
0.000371 0.001159
0.001081 -0.004235
0.002353 -0.008951
0.004188 -0.014310
0.006585 -0.017162
0.009576 -0.022181
0.013145 -0.024532
0.017281 -0.027324
0.021983 -0.031404
0.027232 -0.034058
0.033016 -0.036626
0.039328 -0.039666
0.046152 -0.039469
0.053476 -0.043979
0.061287 -0.045902
0.069568 -0.049037
0.078308 -0.050737
0.087495 -0.051784
0.097115 -0.052769
0.107157 -0.055446
0.117608 -0.057884
0.128454 -0.056924
0.139683 -0.060252
0.151282 -0.060199
0.163235 -0.060958
0.175532 -0.061848
0.188157 -0.063141
0.201097 -0.063842
0.214337 -0.064701
0.227864 -0.066194
0.241663 -0.066784
0.255719 -0.068111
0.270017 -0.067415
0.284542 -0.067979
0.299280 -0.067458
0.314215 -0.067900
0.329331 -0.068396
0.344613 -0.066956
0.360045 -0.066841
0.375611 -0.065451
0.391296 -0.063579
0.407083 -0.064233
0.422957 -0.061344
0.438901 -0.060006
0.454899 -0.058032
0.470935 -0.056930
0.486992 -0.054769
0.503055 -0.052495
0.519107 -0.050494
0.535132 -0.047588
0.551114 -0.045315
0.567036 -0.042519
0.582884 -0.039182
0.598640 -0.036406
0.614290 -0.032584
0.629817 -0.029347
0.645206 -0.025143
0.660442 -0.023531
0.675509 -0.017603
0.690393 -0.014612
0.705077 -0.009487
0.719549 -0.005224
0.733793 -0.001102
0.747795 0.002033
0.761542 0.006558
0.775019 0.009371
0.788214 0.013658
0.801113 0.017359
0.813704 0.019625
0.825973 0.021701
0.837910 0.023548
0.849501 0.025209
0.860735 0.026446
0.871601 0.027401
0.882088 0.027734
0.892184 0.028131
0.901880 0.027998
0.911165 0.028016
0.920031 0.027087
0.928468 0.025471
0.936467 0.024560
0.944019 0.022816
0.951116 0.021652
0.957751 0.020045
0.963920 0.017627
0.969616 0.015821
0.974836 0.013217
0.979575 0.011285
0.983831 0.009220
0.987598 0.008038
0.990874 0.006272
0.993653 0.003671
0.995934 0.002671
0.997711 0.002068
0.998982 0.000619
0.999745 0.001432
1.000000 -0.003633
