1.000000 0.009777
0.999745 0.008051
0.998982 0.008880
0.997711 0.011557
0.995933 0.012648
0.993653 0.014427
0.990874 0.015971
0.987598 0.018544
0.983830 0.021664
0.979575 0.023357
0.974836 0.027291
0.969616 0.032099
0.963920 0.036321
0.957751 0.041307
0.951116 0.045949
0.944019 0.050673
0.936467 0.057120
0.928468 0.060344
0.920031 0.067701
0.911165 0.073229
0.901879 0.079274
0.892183 0.088161
0.882087 0.094425
0.871601 0.104333
0.860735 0.108762
0.849501 0.116221
0.837910 0.123183
0.825974 0.132241
0.813704 0.139656
0.801113 0.148042
0.788214 0.155204
0.775019 0.162937
0.761541 0.171053
0.747795 0.178953
0.733792 0.187520
0.719548 0.196324
0.705077 0.204631
0.690392 0.213576
0.675509 0.221415
0.660442 0.230394
0.645206 0.238070
0.629817 0.246113
0.614290 0.253872
0.598640 0.261112
0.582884 0.268590
0.567036 0.276040
0.551113 0.284114
0.535131 0.291445
0.519106 0.298230
0.503054 0.304185
0.486991 0.309658
0.470934 0.316300
0.454898 0.320064
0.438900 0.324545
0.422956 0.327560
0.407083 0.333071
0.391295 0.335618
0.375610 0.339795
0.360044 0.341320
0.344612 0.343249
0.329330 0.344590
0.314213 0.344478
0.299279 0.344770
0.284541 0.342772
0.270015 0.341111
0.255717 0.339052
0.241661 0.335330
0.227862 0.331840
0.214336 0.327238
0.201095 0.322306
0.188155 0.316604
0.175530 0.309546
0.163234 0.299285
0.151280 0.290519
0.139681 0.281162
0.128452 0.272357
0.117606 0.262263
0.107155 0.250923
0.097113 0.240003
0.087493 0.226542
0.078306 0.215912
0.069566 0.202489
0.061285 0.188279
0.053474 0.174588
0.046150 0.161333
0.039326 0.147544
0.033014 0.134169
0.027230 0.119727
0.021980 0.104736
0.017277 0.089163
0.013141 0.075551
0.009573 0.062537
0.006583 0.050629
0.004188 0.040421
0.002354 0.030422
0.001081 0.021426
0.000371 0.014578
0.000077 0.010411
0.000005 0.007855
0.000000 0.007378
0.000005 0.006713
0.000077 0.004574
0.000371 0.001043
0.001081 -0.005090
0.002353 -0.007248
0.004188 -0.010442
0.006585 -0.011920
0.009576 -0.010343
0.013145 -0.009547
0.017281 -0.004708
0.021983 -0.001255
0.027232 0.001881
0.033016 0.005992
0.039328 0.009526
0.046152 0.012803
0.053476 0.019377
0.061287 0.022345
0.069568 0.026909
0.078308 0.035171
0.087495 0.040603
0.097115 0.045739
0.107157 0.050468
0.117608 0.055921
0.128454 0.061028
0.139683 0.065271
0.151282 0.069695
0.163235 0.074128
0.175532 0.078168
0.188157 0.081480
0.201097 0.084720
0.214337 0.087898
0.227864 0.090414
0.241663 0.093822
0.255719 0.095582
0.270017 0.097346
0.284542 0.101374
0.299280 0.102205
0.314215 0.102646
0.329331 0.103989
0.344613 0.104684
0.360045 0.104840
0.375611 0.105775
0.391296 0.105548
0.407083 0.106798
0.422957 0.106107
0.438901 0.106107
0.454899 0.103316
0.470935 0.104191
0.486992 0.102783
0.503055 0.101216
0.519107 0.099268
0.535132 0.097862
0.551114 0.096221
0.567036 0.094266
0.582884 0.092732
0.598640 0.090975
0.614290 0.088800
0.629817 0.085601
0.645206 0.083488
0.660442 0.081111
0.675509 0.077947
0.690393 0.074920
0.705077 0.072525
0.719549 0.069819
0.733793 0.066435
0.747795 0.062838
0.761542 0.059827
0.775019 0.056728
0.788214 0.053070
0.801113 0.048773
0.813704 0.045361
0.825973 0.041834
0.837910 0.038138
0.849501 0.034884
0.860735 0.032596
0.871601 0.030561
0.882088 0.028577
0.892184 0.026491
0.901880 0.023394
0.911165 0.022558
0.920031 0.020114
0.928468 0.018890
0.936467 0.017871
0.944019 0.016765
0.951116 0.015622
0.957751 0.013301
0.963920 0.012944
0.969616 0.011067
0.974836 0.010383
0.979575 0.009523
0.983831 0.008906
0.987598 0.007798
0.990874 0.006226
0.993653 0.007425
0.995934 0.006615
0.997711 0.006705
0.998982 0.008509
0.999745 0.003540
1.000000 0.003208
