1.000000 0.004430
0.999745 0.007155
0.998982 0.007907
0.997711 0.008850
0.995933 0.009698
0.993653 0.010571
0.990874 0.012264
0.987598 0.014599
0.983830 0.018323
0.979575 0.022917
0.974836 0.027137
0.969616 0.031536
0.963920 0.036231
0.957751 0.040163
0.951116 0.045360
0.944019 0.049156
0.936467 0.055800
0.928468 0.060021
0.920031 0.065105
0.911165 0.070402
0.901879 0.076250
0.892183 0.081913
0.882087 0.087538
0.871601 0.093301
0.860735 0.098956
0.849501 0.105599
0.837910 0.112144
0.825974 0.117581
0.813704 0.126044
0.801113 0.130416
0.788214 0.138517
0.775019 0.145193
0.761541 0.152630
0.747795 0.158016
0.733792 0.165340
0.719548 0.171700
0.705077 0.179118
0.690392 0.185418
0.675509 0.191125
0.660442 0.196911
0.645206 0.202773
0.629817 0.208465
0.614290 0.215077
0.598640 0.220139
0.582884 0.225634
0.567036 0.231169
0.551113 0.234891
0.535131 0.238978
0.519106 0.242062
0.503054 0.245201
0.486991 0.247753
0.470934 0.250530
0.454898 0.251871
0.438900 0.253768
0.422956 0.253908
0.407083 0.254607
0.391295 0.255023
0.375610 0.255421
0.360044 0.254330
0.344612 0.254033
0.329330 0.254082
0.314213 0.254368
0.299279 0.250970
0.284541 0.250017
0.270015 0.247687
0.255717 0.245968
0.241661 0.242902
0.227862 0.238716
0.214336 0.234729
0.201095 0.230938
0.188155 0.226909
0.175530 0.222410
0.163234 0.216048
0.151280 0.210024
0.139681 0.203721
0.128452 0.197688
0.117606 0.190953
0.107155 0.183665
0.097113 0.176410
0.087493 0.168452
0.078306 0.160772
0.069566 0.153074
0.061285 0.146048
0.053474 0.137406
0.046150 0.128190
0.039326 0.119280
0.033014 0.109872
0.027230 0.100808
0.021980 0.089329
0.017277 0.078523
0.013141 0.068036
0.009573 0.058134
0.006583 0.048587
0.004188 0.039124
0.002354 0.030648
0.001081 0.022759
0.000371 0.016943
0.000077 0.011898
0.000005 0.009757
0.000000 0.009259
0.000005 0.007371
0.000077 0.006506
0.000371 0.000471
0.001081 -0.005298
0.002353 -0.012014
0.004188 -0.019761
0.006585 -0.026552
0.009576 -0.033353
0.013145 -0.040350
0.017281 -0.045318
0.021983 -0.050549
0.027232 -0.055145
0.033016 -0.059246
0.039328 -0.063285
0.046152 -0.065438
0.053476 -0.067668
0.061287 -0.069308
0.069568 -0.070749
0.078308 -0.071506
0.087495 -0.072185
0.097115 -0.071826
0.107157 -0.070710
0.117608 -0.070626
0.128454 -0.070685
0.139683 -0.067229
0.151282 -0.069575
0.163235 -0.067599
0.175532 -0.065990
0.188157 -0.064566
0.201097 -0.062326
0.214337 -0.061059
0.227864 -0.059703
0.241663 -0.058637
0.255719 -0.056300
0.270017 -0.055338
0.284542 -0.053260
0.299280 -0.052137
0.314215 -0.050027
0.329331 -0.046800
0.344613 -0.045453
0.360045 -0.043639
0.375611 -0.042210
0.391296 -0.039990
0.407083 -0.037791
0.422957 -0.036518
0.438901 -0.035643
0.454899 -0.035208
0.470935 -0.034904
0.486992 -0.032814
0.503055 -0.032190
0.519107 -0.028219
0.535132 -0.027881
0.551114 -0.026924
0.567036 -0.024838
0.582884 -0.023875
0.598640 -0.023518
0.614290 -0.021432
0.629817 -0.020392
0.645206 -0.019702
0.660442 -0.017785
0.675509 -0.017276
0.690393 -0.016169
0.705077 -0.014964
0.719549 -0.014046
0.733793 -0.013470
0.747795 -0.011768
0.761542 -0.011093
0.775019 -0.010075
0.788214 -0.008822
0.801113 -0.008431
0.813704 -0.006967
0.825973 -0.005482
0.837910 -0.004909
0.849501 -0.003802
0.860735 -0.003666
0.871601 -0.002647
0.882088 -0.002979
0.892184 -0.000638
0.901880 -0.000526
0.911165 -0.000019
0.920031 0.000885
0.928468 0.000880
0.936467 0.001851
0.944019 0.002637
0.951116 0.001728
0.957751 0.004402
0.963920 0.005031
0.969616 0.005724
0.974836 0.005844
0.979575 0.006212
0.983831 0.007545
0.987598 0.007338
0.990874 0.008129
0.993653 0.008641
0.995934 0.008260
0.997711 0.008595
0.998982 0.007056
0.999745 0.008956
1.000000 0.006424
