1.000000 0.007009
0.999745 0.007845
0.998982 0.009092
0.997711 0.010851
0.995933 0.011732
0.993653 0.014310
0.990874 0.014189
0.987598 0.014081
0.983830 0.014434
0.979575 0.014798
0.974836 0.019650
0.969616 0.020463
0.963920 0.024226
0.957751 0.025351
0.951116 0.027150
0.944019 0.030584
0.936467 0.032095
0.928468 0.035815
0.920031 0.038799
0.911165 0.041834
0.901879 0.045345
0.892183 0.048084
0.882087 0.052013
0.871601 0.055164
0.860735 0.059525
0.849501 0.063783
0.837910 0.067805
0.825974 0.072168
0.813704 0.077123
0.801113 0.081640
0.788214 0.085820
0.775019 0.090887
0.761541 0.095506
0.747795 0.100545
0.733792 0.104636
0.719548 0.109792
0.705077 0.115145
0.690392 0.120880
0.675509 0.125851
0.660442 0.129706
0.645206 0.134530
0.629817 0.138558
0.614290 0.142549
0.598640 0.147822
0.582884 0.149323
0.567036 0.153408
0.551113 0.156767
0.535131 0.158233
0.519106 0.160791
0.503054 0.162216
0.486991 0.163921
0.470934 0.164331
0.454898 0.164115
0.438900 0.165417
0.422956 0.165620
0.407083 0.166215
0.391295 0.167049
0.375610 0.166491
0.360044 0.166109
0.344612 0.165451
0.329330 0.164401
0.314213 0.163434
0.299279 0.161804
0.284541 0.158618
0.270015 0.157221
0.255717 0.154699
0.241661 0.153166
0.227862 0.151750
0.214336 0.149294
0.201095 0.147067
0.188155 0.144061
0.175530 0.140769
0.163234 0.137423
0.151280 0.133748
0.139681 0.129521
0.128452 0.125682
0.117606 0.120901
0.107155 0.117539
0.097113 0.112655
0.087493 0.107891
0.078306 0.103030
0.069566 0.097679
0.061285 0.092677
0.053474 0.087833
0.046150 0.084170
0.039326 0.079721
0.033014 0.074192
0.027230 0.069058
0.021980 0.062917
0.017277 0.056417
0.013141 0.052276
0.009573 0.046346
0.006583 0.039757
0.004188 0.033771
0.002354 0.027371
0.001081 0.022081
0.000371 0.016035
0.000077 0.012006
0.000005 0.009572
0.000000 0.008887
0.000005 0.008335
0.000077 0.004885
0.000371 -0.000421
0.001081 -0.003116
0.002353 -0.011581
0.004188 -0.016842
0.006585 -0.024724
0.009576 -0.028930
0.013145 -0.034843
0.017281 -0.039749
0.021983 -0.045988
0.027232 -0.051212
0.033016 -0.055815
0.039328 -0.060900
0.046152 -0.065763
0.053476 -0.070307
0.061287 -0.076177
0.069568 -0.078393
0.078308 -0.087351
0.087495 -0.090490
0.097115 -0.095826
0.107157 -0.099572
0.117608 -0.104911
0.128454 -0.109878
0.139683 -0.114112
0.151282 -0.118401
0.163235 -0.121946
0.175532 -0.125136
0.188157 -0.129998
0.201097 -0.133111
0.214337 -0.136286
0.227864 -0.139937
0.241663 -0.142664
0.255719 -0.145749
0.270017 -0.148612
0.284542 -0.150785
0.299280 -0.152858
0.314215 -0.155361
0.329331 -0.155796
0.344613 -0.157747
0.360045 -0.158457
0.375611 -0.159128
0.391296 -0.160982
0.407083 -0.159526
0.422957 -0.159876
0.438901 -0.159788
0.454899 -0.156977
0.470935 -0.158511
0.486992 -0.156204
0.503055 -0.153912
0.519107 -0.152125
0.535132 -0.149918
0.551114 -0.147339
0.567036 -0.144490
0.582884 -0.140680
0.598640 -0.137815
0.614290 -0.133601
0.629817 -0.128537
0.645206 -0.125516
0.660442 -0.119988
0.675509 -0.114067
0.690393 -0.109849
0.705077 -0.104498
0.719549 -0.099408
0.733793 -0.094697
0.747795 -0.089700
0.761542 -0.085148
0.775019 -0.079442
0.788214 -0.074665
0.801113 -0.070141
0.813704 -0.065108
0.825973 -0.060507
0.837910 -0.056625
0.849501 -0.051360
0.860735 -0.047898
0.871601 -0.043426
0.882088 -0.039196
0.892184 -0.035918
0.901880 -0.032871
0.911165 -0.030189
0.920031 -0.026617
0.928468 -0.024363
0.936467 -0.020347
0.944019 -0.017946
0.951116 -0.015470
0.957751 -0.014765
0.963920 -0.010847
0.969616 -0.008469
0.974836 -0.004778
0.979575 -0.001914
0.983831 -0.000581
0.987598 0.000328
0.990874 0.001796
0.993653 0.002606
0.995934 0.004462
0.997711 0.005380
0.998982 0.005554
0.999745 0.006163
1.000000 0.006042
