1.000000 0.003417
0.999745 0.005592
0.998982 0.007637
0.997711 0.007633
0.995933 0.009963
0.993653 0.008264
0.990874 0.008986
0.987598 0.009844
0.983830 0.011646
0.979575 0.012978
0.974836 0.014469
0.969616 0.016576
0.963920 0.018303
0.957751 0.021359
0.951116 0.023337
0.944019 0.025494
0.936467 0.029065
0.928468 0.031216
0.920031 0.032890
0.911165 0.035383
0.901879 0.039022
0.892183 0.041927
0.882087 0.044702
0.871601 0.048620
0.860735 0.051410
0.849501 0.055883
0.837910 0.058461
0.825974 0.062971
0.813704 0.066534
0.801113 0.070927
0.788214 0.074958
0.775019 0.079243
0.761541 0.082935
0.747795 0.087849
0.733792 0.091510
0.719548 0.095797
0.705077 0.100447
0.690392 0.105728
0.675509 0.110373
0.660442 0.115136
0.645206 0.120165
0.629817 0.125059
0.614290 0.130276
0.598640 0.135757
0.582884 0.140345
0.567036 0.145209
0.551113 0.150703
0.535131 0.155771
0.519106 0.160682
0.503054 0.165819
0.486991 0.170681
0.470934 0.175418
0.454898 0.179092
0.438900 0.182375
0.422956 0.186942
0.407083 0.190759
0.391295 0.194103
0.375610 0.196239
0.360044 0.198792
0.344612 0.201024
0.329330 0.202550
0.314213 0.203924
0.299279 0.205329
0.284541 0.206176
0.270015 0.206572
0.255717 0.206087
0.241661 0.205234
0.227862 0.204460
0.214336 0.200508
0.201095 0.197987
0.188155 0.194892
0.175530 0.191578
0.163234 0.189591
0.151280 0.184086
0.139681 0.179873
0.128452 0.175143
0.117606 0.170246
0.107155 0.165220
0.097113 0.161290
0.087493 0.155693
0.078306 0.149920
0.069566 0.143211
0.061285 0.136602
0.053474 0.129343
0.046150 0.121661
0.039326 0.111088
0.033014 0.102285
0.027230 0.092768
0.021980 0.085474
0.017277 0.077601
0.013141 0.069102
0.009573 0.059768
0.006583 0.047407
0.004188 0.040798
0.002354 0.031982
0.001081 0.024293
0.000371 0.018277
0.000077 0.012698
0.000005 0.008870
0.000000 0.009412
0.000005 0.008223
0.000077 0.006333
0.000371 0.003341
0.001081 -0.002816
0.002353 -0.008142
0.004188 -0.013262
0.006585 -0.017290
0.009576 -0.020018
0.013145 -0.023550
0.017281 -0.026922
0.021983 -0.031581
0.027232 -0.033589
0.033016 -0.038283
0.039328 -0.041393
0.046152 -0.043716
0.053476 -0.046991
0.061287 -0.049904
0.069568 -0.052571
0.078308 -0.055276
0.087495 -0.057604
0.097115 -0.060089
0.107157 -0.060167
0.117608 -0.063389
0.128454 -0.062667
0.139683 -0.064524
0.151282 -0.065836
0.163235 -0.066786
0.175532 -0.067445
0.188157 -0.067175
0.201097 -0.067226
0.214337 -0.067246
0.227864 -0.065449
0.241663 -0.065020
0.255719 -0.064648
0.270017 -0.062383
0.284542 -0.061461
0.299280 -0.060612
0.314215 -0.057052
0.329331 -0.056627
0.344613 -0.055057
0.360045 -0.054192
0.375611 -0.052781
0.391296 -0.051040
0.407083 -0.049483
0.422957 -0.048109
0.438901 -0.046558
0.454899 -0.045438
0.470935 -0.043159
0.486992 -0.041381
0.503055 -0.039380
0.519107 -0.038221
0.535132 -0.036214
0.551114 -0.035309
0.567036 -0.033433
0.582884 -0.030054
0.598640 -0.030384
0.614290 -0.027560
0.629817 -0.026386
0.645206 -0.024950
0.660442 -0.023038
0.675509 -0.022566
0.690393 -0.020075
0.705077 -0.019078
0.719549 -0.017142
0.733793 -0.017372
0.747795 -0.015414
0.761542 -0.014111
0.775019 -0.011242
0.788214 -0.011654
0.801113 -0.009115
0.813704 -0.007839
0.825973 -0.006767
0.837910 -0.005622
0.849501 -0.004753
0.860735 -0.004105
0.871601 -0.003224
0.882088 -0.001754
0.892184 -0.000490
0.901880 -0.000344
0.911165 0.000439
0.920031 0.001003
0.928468 0.002425
0.936467 0.002450
0.944019 0.002452
0.951116 0.004322
0.957751 0.005129
0.963920 0.005408
0.969616 0.005296
0.974836 0.005162
0.979575 0.006748
0.983831 0.006469
0.987598 0.006774
0.990874 0.007016
0.993653 0.006453
0.995934 0.007470
0.997711 0.006715
0.998982 0.007870
0.999745 0.006016
1.000000 0.004337
