1.000000 0.007026
0.999745 0.009268
0.998982 0.010777
0.997711 0.012870
0.995933 0.014222
0.993653 0.016841
0.990874 0.017855
0.987598 0.021437
0.983830 0.024717
0.979575 0.028531
0.974836 0.032934
0.969616 0.036877
0.963920 0.042015
0.957751 0.046933
0.951116 0.052894
0.944019 0.058695
0.936467 0.065483
0.928468 0.072400
0.920031 0.079464
0.911165 0.086274
0.901879 0.094004
0.892183 0.101631
0.882087 0.108461
0.871601 0.116497
0.860735 0.124396
0.849501 0.131966
0.837910 0.139793
0.825974 0.147456
0.813704 0.156225
0.801113 0.165579
0.788214 0.174593
0.775019 0.183487
0.761541 0.190931
0.747795 0.199901
0.733792 0.208379
0.719548 0.216164
0.705077 0.223559
0.690392 0.231829
0.675509 0.239035
0.660442 0.246628
0.645206 0.253985
0.629817 0.260500
0.614290 0.268023
0.598640 0.273869
0.582884 0.280158
0.567036 0.286303
0.551113 0.292248
0.535131 0.297043
0.519106 0.301705
0.503054 0.305299
0.486991 0.310916
0.470934 0.313736
0.454898 0.318067
0.438900 0.320462
0.422956 0.324317
0.407083 0.325794
0.391295 0.327750
0.375610 0.329271
0.360044 0.330462
0.344612 0.330573
0.329330 0.330372
0.314213 0.330638
0.299279 0.328227
0.284541 0.326936
0.270015 0.325470
0.255717 0.322335
0.241661 0.318625
0.227862 0.313996
0.214336 0.309755
0.201095 0.305584
0.188155 0.300236
0.175530 0.294449
0.163234 0.287842
0.151280 0.280616
0.139681 0.271513
0.128452 0.263113
0.117606 0.253866
0.107155 0.244227
0.097113 0.234176
0.087493 0.222425
0.078306 0.210605
0.069566 0.200336
0.061285 0.187338
0.053474 0.175196
0.046150 0.161392
0.039326 0.146906
0.033014 0.133904
0.027230 0.120686
0.021980 0.108091
0.017277 0.095328
0.013141 0.079984
0.009573 0.067360
0.006583 0.056137
0.004188 0.043209
0.002354 0.033793
0.001081 0.024499
0.000371 0.016735
0.000077 0.012423
0.000005 0.009500
0.000000 0.008986
0.000005 0.008517
0.000077 0.006039
0.000371 0.000675
0.001081 -0.001247
0.002353 -0.009594
0.004188 -0.014467
0.006585 -0.015438
0.009576 -0.016166
0.013145 -0.014903
0.017281 -0.012607
0.021983 -0.009567
0.027232 -0.007402
0.033016 -0.006460
0.039328 -0.002197
0.046152 0.001008
0.053476 0.004137
0.061287 0.006024
0.069568 0.008882
0.078308 0.011638
0.087495 0.014673
0.097115 0.016581
0.107157 0.018916
0.117608 0.022863
0.128454 0.025582
0.139683 0.028599
0.151282 0.030272
0.163235 0.033425
0.175532 0.036708
0.188157 0.039799
0.201097 0.041445
0.214337 0.043072
0.227864 0.044831
0.241663 0.046053
0.255719 0.047831
0.270017 0.049366
0.284542 0.049459
0.299280 0.049253
0.314215 0.049513
0.329331 0.051250
0.344613 0.049792
0.360045 0.050157
0.375611 0.050336
0.391296 0.049724
0.407083 0.049376
0.422957 0.048814
0.438901 0.048733
0.454899 0.048444
0.470935 0.047221
0.486992 0.047064
0.503055 0.047308
0.519107 0.045837
0.535132 0.044305
0.551114 0.043695
0.567036 0.042152
0.582884 0.041447
0.598640 0.040034
0.614290 0.038697
0.629817 0.037328
0.645206 0.035234
0.660442 0.034568
0.675509 0.033287
0.690393 0.032358
0.705077 0.031664
0.719549 0.030269
0.733793 0.028748
0.747795 0.027380
0.761542 0.025133
0.775019 0.024776
0.788214 0.023089
0.801113 0.020299
0.813704 0.019257
0.825973 0.018212
0.837910 0.017637
0.849501 0.015281
0.860735 0.015100
0.871601 0.014189
0.882088 0.012490
0.892184 0.010224
0.901880 0.010157
0.911165 0.009520
0.920031 0.007819
0.928468 0.006478
0.936467 0.005496
0.944019 0.005283
0.951116 0.004530
0.957751 0.004259
0.963920 0.003277
0.969616 0.003040
0.974836 0.002843
0.979575 0.001552
0.983831 0.001180
0.987598 0.001157
0.990874 0.001848
0.993653 0.001323
0.995934 0.001854
0.997711 0.002506
0.998982 0.001787
0.999745 0.001624
1.000000 -0.000791
