1.000000 0.008745
0.999745 0.009857
0.998982 0.010948
0.997711 0.012433
0.995933 0.013832
0.993653 0.016573
0.990874 0.018077
0.987598 0.020705
0.983830 0.023101
0.979575 0.027229
0.974836 0.030074
0.969616 0.033527
0.963920 0.038347
0.957751 0.043791
0.951116 0.048993
0.944019 0.053813
0.936467 0.059431
0.928468 0.065739
0.920031 0.072102
0.911165 0.077369
0.901879 0.083860
0.892183 0.091695
0.882087 0.099765
0.871601 0.107981
0.860735 0.115284
0.849501 0.121691
0.837910 0.129584
0.825974 0.136574
0.813704 0.143795
0.801113 0.150760
0.788214 0.156889
0.775019 0.162843
0.761541 0.169121
0.747795 0.174828
0.733792 0.181352
0.719548 0.186607
0.705077 0.191520
0.690392 0.195518
0.675509 0.199044
0.660442 0.202634
0.645206 0.205803
0.629817 0.208313
0.614290 0.209298
0.598640 0.211047
0.582884 0.212496
0.567036 0.214503
0.551113 0.215478
0.535131 0.216505
0.519106 0.217006
0.503054 0.217000
0.486991 0.217072
0.470934 0.216541
0.454898 0.217026
0.438900 0.216564
0.422956 0.214962
0.407083 0.213911
0.391295 0.212470
0.375610 0.211334
0.360044 0.210166
0.344612 0.207190
0.329330 0.205550
0.314213 0.202107
0.299279 0.200029
0.284541 0.196194
0.270015 0.193172
0.255717 0.190198
0.241661 0.186303
0.227862 0.183320
0.214336 0.179089
0.201095 0.175259
0.188155 0.171612
0.175530 0.167088
0.163234 0.162577
0.151280 0.157338
0.139681 0.152518
0.128452 0.148073
0.117606 0.142096
0.107155 0.137073
0.097113 0.130006
0.087493 0.124112
0.078306 0.117271
0.069566 0.109817
0.061285 0.102912
0.053474 0.094955
0.046150 0.087704
0.039326 0.080975
0.033014 0.074565
0.027230 0.067644
0.021980 0.062185
0.017277 0.056312
0.013141 0.049895
0.009573 0.044000
0.006583 0.037326
0.004188 0.029963
0.002354 0.026261
0.001081 0.019759
0.000371 0.013349
0.000077 0.010395
0.000005 0.007876
0.000000 0.006208
0.000005 0.004319
0.000077 0.002144
0.000371 -0.001686
0.001081 -0.005055
0.002353 -0.008976
0.004188 -0.013711
0.006585 -0.018887
0.009576 -0.023923
0.013145 -0.028929
0.017281 -0.034572
0.021983 -0.040208
0.027232 -0.046570
0.033016 -0.051871
0.039328 -0.057599
0.046152 -0.063390
0.053476 -0.070962
0.061287 -0.076169
0.069568 -0.081663
0.078308 -0.087407
0.087495 -0.092174
0.097115 -0.097703
0.107157 -0.103842
0.117608 -0.109476
0.128454 -0.113542
0.139683 -0.116879
0.151282 -0.120334
0.163235 -0.123201
0.175532 -0.126334
0.188157 -0.127356
0.201097 -0.130145
0.214337 -0.131213
0.227864 -0.132757
0.241663 -0.134107
0.255719 -0.133098
0.270017 -0.133718
0.284542 -0.132135
0.299280 -0.131555
0.314215 -0.130114
0.329331 -0.129504
0.344613 -0.127731
0.360045 -0.125639
0.375611 -0.122798
0.391296 -0.119757
0.407083 -0.115394
0.422957 -0.111394
0.438901 -0.108912
0.454899 -0.105221
0.470935 -0.100792
0.486992 -0.095764
0.503055 -0.091123
0.519107 -0.086304
0.535132 -0.082340
0.551114 -0.078101
0.567036 -0.074307
0.582884 -0.068581
0.598640 -0.065461
0.614290 -0.060709
0.629817 -0.057319
0.645206 -0.052461
0.660442 -0.050708
0.675509 -0.045972
0.690393 -0.042441
0.705077 -0.038904
0.719549 -0.035742
0.733793 -0.033418
0.747795 -0.031010
0.761542 -0.028035
0.775019 -0.024318
0.788214 -0.021705
0.801113 -0.018246
0.813704 -0.016037
0.825973 -0.013145
0.837910 -0.011482
0.849501 -0.009499
0.860735 -0.008383
0.871601 -0.006428
0.882088 -0.005371
0.892184 -0.003317
0.901880 -0.002482
0.911165 -0.002034
0.920031 -0.001192
0.928468 -0.001106
0.936467 -0.000141
0.944019 0.001199
0.951116 0.002310
0.957751 0.002838
0.963920 0.003861
0.969616 0.005967
0.974836 0.006047
0.979575 0.006429
0.983831 0.007393
0.987598 0.007604
0.990874 0.008158
0.993653 0.007803
0.995934 0.008846
0.997711 0.008762
0.998982 0.007847
0.999745 0.009652
1.000000 0.003271
