1.000000 0.005556
0.999745 0.010330
0.998982 0.010405
0.997711 0.010079
0.995933 0.010569
0.993653 0.012026
0.990874 0.011604
0.987598 0.011457
0.983830 0.012592
0.979575 0.015673
0.974836 0.017052
0.969616 0.018523
0.963920 0.020205
0.957751 0.022219
0.951116 0.024433
0.944019 0.026667
0.936467 0.029527
0.928468 0.032125
0.920031 0.034781
0.911165 0.036937
0.901879 0.040072
0.892183 0.043542
0.882087 0.045597
0.871601 0.049681
0.860735 0.053285
0.849501 0.057035
0.837910 0.061236
0.825974 0.065663
0.813704 0.069850
0.801113 0.074000
0.788214 0.078257
0.775019 0.082743
0.761541 0.087430
0.747795 0.093097
0.733792 0.098358
0.719548 0.104459
0.705077 0.110516
0.690392 0.117214
0.675509 0.122815
0.660442 0.128839
0.645206 0.134910
0.629817 0.140669
0.614290 0.148044
0.598640 0.153131
0.582884 0.159671
0.567036 0.164263
0.551113 0.170002
0.535131 0.175360
0.519106 0.182308
0.503054 0.187390
0.486991 0.192345
0.470934 0.197064
0.454898 0.201863
0.438900 0.206245
0.422956 0.210965
0.407083 0.214522
0.391295 0.217820
0.375610 0.220672
0.360044 0.223238
0.344612 0.224957
0.329330 0.226705
0.314213 0.229001
0.299279 0.230001
0.284541 0.231604
0.270015 0.231409
0.255717 0.231079
0.241661 0.230376
0.227862 0.230283
0.214336 0.229097
0.201095 0.228440
0.188155 0.225876
0.175530 0.223230
0.163234 0.220259
0.151280 0.216829
0.139681 0.213124
0.128452 0.208696
0.117606 0.203283
0.107155 0.197538
0.097113 0.191438
0.087493 0.184549
0.078306 0.176987
0.069566 0.169227
0.061285 0.160597
0.053474 0.151241
0.046150 0.141328
0.039326 0.131668
0.033014 0.118955
0.027230 0.109732
0.021980 0.097902
0.017277 0.086096
0.013141 0.073552
0.009573 0.060804
0.006583 0.050367
0.004188 0.040798
0.002354 0.030653
0.001081 0.022190
0.000371 0.016073
0.000077 0.011942
0.000005 0.009539
0.000000 0.011053
0.000005 0.008922
0.000077 0.007407
0.000371 0.001859
0.001081 -0.006481
0.002353 -0.013300
0.004188 -0.022742
0.006585 -0.031580
0.009576 -0.041792
0.013145 -0.051666
0.017281 -0.061289
0.021983 -0.070744
0.027232 -0.082468
0.033016 -0.089042
0.039328 -0.097593
0.046152 -0.105561
0.053476 -0.113216
0.061287 -0.121037
0.069568 -0.126273
0.078308 -0.132644
0.087495 -0.136895
0.097115 -0.140824
0.107157 -0.145391
0.117608 -0.146463
0.128454 -0.150349
0.139683 -0.152328
0.151282 -0.153425
0.163235 -0.155452
0.175532 -0.155741
0.188157 -0.156860
0.201097 -0.158629
0.214337 -0.157125
0.227864 -0.155962
0.241663 -0.155583
0.255719 -0.154047
0.270017 -0.152286
0.284542 -0.151661
0.299280 -0.148833
0.314215 -0.146472
0.329331 -0.143466
0.344613 -0.140963
0.360045 -0.137337
0.375611 -0.134300
0.391296 -0.130849
0.407083 -0.128127
0.422957 -0.123682
0.438901 -0.119278
0.454899 -0.115000
0.470935 -0.111099
0.486992 -0.106382
0.503055 -0.101079
0.519107 -0.097587
0.535132 -0.092201
0.551114 -0.088634
0.567036 -0.083265
0.582884 -0.079444
0.598640 -0.074775
0.614290 -0.071007
0.629817 -0.066210
0.645206 -0.062728
0.660442 -0.058534
0.675509 -0.054337
0.690393 -0.048318
0.705077 -0.045907
0.719549 -0.041780
0.733793 -0.039371
0.747795 -0.035458
0.761542 -0.032377
0.775019 -0.029390
0.788214 -0.026143
0.801113 -0.023332
0.813704 -0.020224
0.825973 -0.017726
0.837910 -0.015217
0.849501 -0.011969
0.860735 -0.010974
0.871601 -0.010497
0.882088 -0.007731
0.892184 -0.005768
0.901880 -0.003907
0.911165 -0.002963
0.920031 -0.000247
0.928468 -0.000033
0.936467 0.002454
0.944019 0.002565
0.951116 0.004391
0.957751 0.004986
0.963920 0.005434
0.969616 0.006735
0.974836 0.005806
0.979575 0.006063
0.983831 0.005364
0.987598 0.006417
0.990874 0.007305
0.993653 0.007172
0.995934 0.008033
0.997711 0.008669
0.998982 0.007473
0.999745 0.008998
1.000000 0.005407
