1.000000 0.009246
0.999745 0.010365
0.998982 0.011338
0.997711 0.013133
0.995933 0.013018
0.993653 0.014204
0.990874 0.015886
0.987598 0.019703
0.983830 0.023609
0.979575 0.026707
0.974836 0.029722
0.969616 0.032375
0.963920 0.038398
0.957751 0.041646
0.951116 0.046235
0.944019 0.051047
0.936467 0.055095
0.928468 0.059208
0.920031 0.065039
0.911165 0.070033
0.901879 0.075326
0.892183 0.081172
0.882087 0.086427
0.871601 0.091810
0.860735 0.097656
0.849501 0.103342
0.837910 0.110239
0.825974 0.115018
0.813704 0.119885
0.801113 0.125413
0.788214 0.131596
0.775019 0.136969
0.761541 0.142249
0.747795 0.147378
0.733792 0.152241
0.719548 0.158065
0.705077 0.163230
0.690392 0.168023
0.675509 0.173049
0.660442 0.177083
0.645206 0.182165
0.629817 0.185401
0.614290 0.189731
0.598640 0.193440
0.582884 0.197206
0.567036 0.200473
0.551113 0.202892
0.535131 0.205356
0.519106 0.207392
0.503054 0.210480
0.486991 0.212968
0.470934 0.215988
0.454898 0.217527
0.438900 0.219788
0.422956 0.222339
0.407083 0.224015
0.391295 0.225230
0.375610 0.225319
0.360044 0.226026
0.344612 0.226302
0.329330 0.226622
0.314213 0.224819
0.299279 0.224098
0.284541 0.222402
0.270015 0.221729
0.255717 0.218927
0.241661 0.217031
0.227862 0.214898
0.214336 0.212718
0.201095 0.210822
0.188155 0.208823
0.175530 0.205104
0.163234 0.202877
0.151280 0.198451
0.139681 0.193988
0.128452 0.189234
0.117606 0.182891
0.107155 0.176063
0.097113 0.169201
0.087493 0.162287
0.078306 0.155103
0.069566 0.146612
0.061285 0.138876
0.053474 0.131115
0.046150 0.121201
0.039326 0.112152
0.033014 0.103692
0.027230 0.094603
0.021980 0.084548
0.017277 0.076021
0.013141 0.066746
0.009573 0.057120
0.006583 0.048937
0.004188 0.039028
0.002354 0.030595
0.001081 0.023893
0.000371 0.018865
0.000077 0.013555
0.000005 0.011543
0.000000 0.009082
0.000005 0.009012
0.000077 0.005907
0.000371 0.002892
0.001081 -0.003503
0.002353 -0.009977
0.004188 -0.016355
0.006585 -0.021919
0.009576 -0.028480
0.013145 -0.033042
0.017281 -0.035979
0.021983 -0.041043
0.027232 -0.043312
0.033016 -0.045024
0.039328 -0.047390
0.046152 -0.048852
0.053476 -0.049621
0.061287 -0.049618
0.069568 -0.050916
0.078308 -0.050841
0.087495 -0.050225
0.097115 -0.049203
0.107157 -0.048220
0.117608 -0.046342
0.128454 -0.045316
0.139683 -0.044390
0.151282 -0.042290
0.163235 -0.040316
0.175532 -0.038601
0.188157 -0.036622
0.201097 -0.034765
0.214337 -0.034441
0.227864 -0.030732
0.241663 -0.028447
0.255719 -0.026256
0.270017 -0.024634
0.284542 -0.024116
0.299280 -0.021355
0.314215 -0.019338
0.329331 -0.017993
0.344613 -0.016347
0.360045 -0.015270
0.375611 -0.015302
0.391296 -0.014798
0.407083 -0.013964
0.422957 -0.013032
0.438901 -0.013373
0.454899 -0.011435
0.470935 -0.011011
0.486992 -0.010473
0.503055 -0.010424
0.519107 -0.009757
0.535132 -0.009712
0.551114 -0.009892
0.567036 -0.010211
0.582884 -0.010440
0.598640 -0.010458
0.614290 -0.010213
0.629817 -0.009368
0.645206 -0.009912
0.660442 -0.009988
0.675509 -0.009266
0.690393 -0.008701
0.705077 -0.009745
0.719549 -0.010454
0.733793 -0.011115
0.747795 -0.010076
0.761542 -0.009014
0.775019 -0.008879
0.788214 -0.008342
0.801113 -0.008091
0.813704 -0.007381
0.825973 -0.007115
0.837910 -0.006346
0.849501 -0.006065
0.860735 -0.005632
0.871601 -0.006178
0.882088 -0.005351
0.892184 -0.004437
0.901880 -0.004042
0.911165 -0.004892
0.920031 -0.005273
0.928468 -0.003420
0.936467 -0.002230
0.944019 -0.000734
0.951116 -0.000176
0.957751 0.000695
0.963920 0.001409
0.969616 0.001571
0.974836 0.004019
0.979575 0.003768
0.983831 0.003986
0.987598 0.005184
0.990874 0.005132
0.993653 0.006280
0.995934 0.004458
0.997711 0.006545
0.998982 0.007055
0.999745 0.005351
1.000000 0.005693
