1.000000 0.010010
0.999745 0.011881
0.998982 0.012371
0.997711 0.014049
0.995933 0.015194
0.993653 0.016723
0.990874 0.018724
0.987598 0.021109
0.983830 0.023801
0.979575 0.027372
0.974836 0.031015
0.969616 0.034548
0.963920 0.038926
0.957751 0.044269
0.951116 0.048980
0.944019 0.054714
0.936467 0.059879
0.928468 0.065301
0.920031 0.071438
0.911165 0.077301
0.901879 0.082735
0.892183 0.089942
0.882087 0.095625
0.871601 0.103324
0.860735 0.110238
0.849501 0.118566
0.837910 0.124718
0.825974 0.132040
0.813704 0.140173
0.801113 0.148002
0.788214 0.155484
0.775019 0.162373
0.761541 0.170237
0.747795 0.177891
0.733792 0.186474
0.719548 0.192729
0.705077 0.200693
0.690392 0.208011
0.675509 0.215705
0.660442 0.223850
0.645206 0.232107
0.629817 0.239963
0.614290 0.247172
0.598640 0.254335
0.582884 0.261360
0.567036 0.268109
0.551113 0.274744
0.535131 0.281380
0.519106 0.286278
0.503054 0.292829
0.486991 0.296391
0.470934 0.300209
0.454898 0.304106
0.438900 0.308007
0.422956 0.312321
0.407083 0.315179
0.391295 0.318088
0.375610 0.319687
0.360044 0.321222
0.344612 0.323767
0.329330 0.324851
0.314213 0.325451
0.299279 0.325606
0.284541 0.325520
0.270015 0.325140
0.255717 0.323636
0.241661 0.320411
0.227862 0.316443
0.214336 0.312488
0.201095 0.307683
0.188155 0.301966
0.175530 0.294780
0.163234 0.287651
0.151280 0.280033
0.139681 0.272172
0.128452 0.262913
0.117606 0.254058
0.107155 0.242534
0.097113 0.232061
0.087493 0.220820
0.078306 0.207621
0.069566 0.196162
0.061285 0.182890
0.053474 0.169946
0.046150 0.156831
0.039326 0.144347
0.033014 0.131660
0.027230 0.118233
0.021980 0.104362
0.017277 0.091098
0.013141 0.077563
0.009573 0.064232
0.006583 0.052123
0.004188 0.040877
0.002354 0.031380
0.001081 0.022911
0.000371 0.015981
0.000077 0.011901
0.000005 0.008753
0.000000 0.007679
0.000005 0.006764
0.000077 0.002460
0.000371 0.000781
0.001081 -0.006471
0.002353 -0.014332
0.004188 -0.022739
0.006585 -0.032287
0.009576 -0.041630
0.013145 -0.049143
0.017281 -0.053871
0.021983 -0.059004
0.027232 -0.062787
0.033016 -0.066152
0.039328 -0.068813
0.046152 -0.071232
0.053476 -0.071728
0.061287 -0.072470
0.069568 -0.072142
0.078308 -0.071116
0.087495 -0.069882
0.097115 -0.067055
0.107157 -0.065684
0.117608 -0.064017
0.128454 -0.061560
0.139683 -0.057568
0.151282 -0.053736
0.163235 -0.050207
0.175532 -0.045489
0.188157 -0.043440
0.201097 -0.039240
0.214337 -0.035946
0.227864 -0.031805
0.241663 -0.028946
0.255719 -0.025107
0.270017 -0.021903
0.284542 -0.019607
0.299280 -0.018026
0.314215 -0.016573
0.329331 -0.015144
0.344613 -0.013820
0.360045 -0.013870
0.375611 -0.012112
0.391296 -0.013051
0.407083 -0.012490
0.422957 -0.011875
0.438901 -0.010007
0.454899 -0.012831
0.470935 -0.011491
0.486992 -0.011969
0.503055 -0.011365
0.519107 -0.012504
0.535132 -0.012540
0.551114 -0.012796
0.567036 -0.013336
0.582884 -0.014468
0.598640 -0.014434
0.614290 -0.016673
0.629817 -0.014046
0.645206 -0.018375
0.660442 -0.016766
0.675509 -0.016722
0.690393 -0.016384
0.705077 -0.016556
0.719549 -0.017178
0.733793 -0.017703
0.747795 -0.017797
0.761542 -0.017839
0.775019 -0.018273
0.788214 -0.018581
0.801113 -0.019643
0.813704 -0.017379
0.825973 -0.017211
0.837910 -0.015621
0.849501 -0.015237
0.860735 -0.014664
0.871601 -0.013301
0.882088 -0.011593
0.892184 -0.011819
0.901880 -0.009638
0.911165 -0.008551
0.920031 -0.006849
0.928468 -0.006566
0.936467 -0.005002
0.944019 -0.003699
0.951116 -0.002279
0.957751 -0.000914
0.963920 0.000153
0.969616 0.001330
0.974836 0.002828
0.979575 0.003976
0.983831 0.004527
0.987598 0.004729
0.990874 0.005838
0.993653 0.005324
0.995934 0.007125
0.997711 0.008144
0.998982 0.005550
0.999745 0.005102
1.000000 0.003620
