1.000000 0.013338
0.999745 0.011918
0.998982 0.012294
0.997711 0.012435
0.995933 0.011535
0.993653 0.012446
0.990874 0.012252
0.987598 0.010983
0.983830 0.010171
0.979575 0.007942
0.974836 0.007507
0.969616 0.008193
0.963920 0.009936
0.957751 0.013048
0.951116 0.014845
0.944019 0.017842
0.936467 0.021518
0.928468 0.025399
0.920031 0.030194
0.911165 0.037064
0.901879 0.042314
0.892183 0.050249
0.882087 0.056740
0.871601 0.065659
0.860735 0.074441
0.849501 0.085006
0.837910 0.091968
0.825974 0.101704
0.813704 0.111023
0.801113 0.121227
0.788214 0.131144
0.775019 0.142095
0.761541 0.152333
0.747795 0.162364
0.733792 0.173260
0.719548 0.185239
0.705077 0.195658
0.690392 0.207656
0.675509 0.218222
0.660442 0.229801
0.645206 0.240924
0.629817 0.251757
0.614290 0.262517
0.598640 0.272578
0.582884 0.283896
0.567036 0.293653
0.551113 0.303987
0.535131 0.311371
0.519106 0.318830
0.503054 0.328150
0.486991 0.334172
0.470934 0.340445
0.454898 0.347467
0.438900 0.351668
0.422956 0.356941
0.407083 0.361081
0.391295 0.364569
0.375610 0.367752
0.360044 0.371111
0.344612 0.371886
0.329330 0.372826
0.314213 0.371892
0.299279 0.372151
0.284541 0.370818
0.270015 0.367519
0.255717 0.364213
0.241661 0.358903
0.227862 0.353396
0.214336 0.347568
0.201095 0.340686
0.188155 0.332918
0.175530 0.325750
0.163234 0.314797
0.151280 0.305464
0.139681 0.294054
0.128452 0.283220
0.117606 0.271213
0.107155 0.258643
0.097113 0.245409
0.087493 0.232059
0.078306 0.218186
0.069566 0.204702
0.061285 0.190435
0.053474 0.176968
0.046150 0.162938
0.039326 0.149845
0.033014 0.134914
0.027230 0.120124
0.021980 0.105424
0.017277 0.091641
0.013141 0.078408
0.009573 0.066072
0.006583 0.054025
0.004188 0.041733
0.002354 0.031159
0.001081 0.021529
0.000371 0.015821
0.000077 0.011866
0.000005 0.008833
0.000000 0.008412
0.000005 0.006818
0.000077 0.004069
0.000371 -0.000251
0.001081 -0.006819
0.002353 -0.014476
0.004188 -0.024079
0.006585 -0.033563
0.009576 -0.043411
0.013145 -0.051569
0.017281 -0.059458
0.021983 -0.064102
0.027232 -0.068876
0.033016 -0.072697
0.039328 -0.076229
0.046152 -0.079474
0.053476 -0.080883
0.061287 -0.083840
0.069568 -0.085535
0.078308 -0.087652
0.087495 -0.088821
0.097115 -0.090616
0.107157 -0.091457
0.117608 -0.092348
0.128454 -0.093142
0.139683 -0.093066
0.151282 -0.093262
0.163235 -0.092451
0.175532 -0.093080
0.188157 -0.093306
0.201097 -0.092623
0.214337 -0.092689
0.227864 -0.092738
0.241663 -0.093440
0.255719 -0.093309
0.270017 -0.093757
0.284542 -0.092478
0.299280 -0.092410
0.314215 -0.093284
0.329331 -0.091585
0.344613 -0.091492
0.360045 -0.091482
0.375611 -0.091106
0.391296 -0.089926
0.407083 -0.089952
0.422957 -0.090553
0.438901 -0.090163
0.454899 -0.090254
0.470935 -0.089946
0.486992 -0.088945
0.503055 -0.088932
0.519107 -0.090606
0.535132 -0.089309
0.551114 -0.089685
0.567036 -0.088428
0.582884 -0.088715
0.598640 -0.087422
0.614290 -0.086325
0.629817 -0.085733
0.645206 -0.084910
0.660442 -0.083200
0.675509 -0.081141
0.690393 -0.080265
0.705077 -0.079864
0.719549 -0.077487
0.733793 -0.075712
0.747795 -0.073292
0.761542 -0.071285
0.775019 -0.069942
0.788214 -0.067377
0.801113 -0.063842
0.813704 -0.060909
0.825973 -0.057743
0.837910 -0.055706
0.849501 -0.051450
0.860735 -0.048322
0.871601 -0.044913
0.882088 -0.041691
0.892184 -0.039476
0.901880 -0.035180
0.911165 -0.032130
0.920031 -0.028884
0.928468 -0.025563
0.936467 -0.023637
0.944019 -0.020244
0.951116 -0.016374
0.957751 -0.013579
0.963920 -0.011502
0.969616 -0.009822
0.974836 -0.007769
0.979575 -0.005563
0.983831 -0.003324
0.987598 -0.002497
0.990874 -0.000465
0.993653 0.000253
0.995934 0.001640
0.997711 0.003042
0.998982 0.003372
0.999745 0.001849
1.000000 0.002441
