1.000000 0.010827
0.999745 0.012029
0.998982 0.010806
0.997711 0.015022
0.995933 0.014903
0.993653 0.014318
0.990874 0.014163
0.987598 0.015942
0.983830 0.016190
0.979575 0.018999
0.974836 0.020517
0.969616 0.023457
0.963920 0.025990
0.957751 0.029076
0.951116 0.031400
0.944019 0.036035
0.936467 0.040737
0.928468 0.045115
0.920031 0.050999
0.911165 0.055966
0.901879 0.062126
0.892183 0.067315
0.882087 0.070510
0.871601 0.078322
0.860735 0.084314
0.849501 0.091671
0.837910 0.098455
0.825974 0.103658
0.813704 0.112561
0.801113 0.119423
0.788214 0.127595
0.775019 0.135967
0.761541 0.143629
0.747795 0.151679
0.733792 0.161652
0.719548 0.170978
0.705077 0.180737
0.690392 0.190263
0.675509 0.198861
0.660442 0.209048
0.645206 0.218761
0.629817 0.227344
0.614290 0.236157
0.598640 0.244522
0.582884 0.253201
0.567036 0.261390
0.551113 0.268689
0.535131 0.275407
0.519106 0.281757
0.503054 0.287905
0.486991 0.294517
0.470934 0.300023
0.454898 0.303916
0.438900 0.307125
0.422956 0.311703
0.407083 0.314132
0.391295 0.316000
0.375610 0.318121
0.360044 0.318956
0.344612 0.319772
0.329330 0.319891
0.314213 0.319885
0.299279 0.319917
0.284541 0.318750
0.270015 0.317863
0.255717 0.315686
0.241661 0.312785
0.227862 0.309438
0.214336 0.304927
0.201095 0.299446
0.188155 0.293260
0.175530 0.286393
0.163234 0.280030
0.151280 0.272334
0.139681 0.263644
0.128452 0.254658
0.117606 0.244984
0.107155 0.234675
0.097113 0.224406
0.087493 0.212560
0.078306 0.200857
0.069566 0.188702
0.061285 0.176573
0.053474 0.164740
0.046150 0.151905
0.039326 0.139993
0.033014 0.127273
0.027230 0.114183
0.021980 0.103208
0.017277 0.090265
0.013141 0.078161
0.009573 0.065693
0.006583 0.051864
0.004188 0.042306
0.002354 0.032793
0.001081 0.023337
0.000371 0.016475
0.000077 0.012649
0.000005 0.009216
0.000000 0.008841
0.000005 0.007249
0.000077 0.004029
0.000371 -0.000289
0.001081 -0.006729
0.002353 -0.015035
0.004188 -0.024035
0.006585 -0.035555
0.009576 -0.046167
0.013145 -0.056166
0.017281 -0.062716
0.021983 -0.072262
0.027232 -0.077775
0.033016 -0.084933
0.039328 -0.091986
0.046152 -0.095754
0.053476 -0.101519
0.061287 -0.105197
0.069568 -0.109042
0.078308 -0.113440
0.087495 -0.116798
0.097115 -0.120188
0.107157 -0.122612
0.117608 -0.124652
0.128454 -0.126878
0.139683 -0.130233
0.151282 -0.130374
0.163235 -0.131976
0.175532 -0.133828
0.188157 -0.133824
0.201097 -0.136251
0.214337 -0.136850
0.227864 -0.136837
0.241663 -0.138290
0.255719 -0.139444
0.270017 -0.140658
0.284542 -0.139463
0.299280 -0.138690
0.314215 -0.139482
0.329331 -0.139485
0.344613 -0.138476
0.360045 -0.136588
0.375611 -0.137278
0.391296 -0.136975
0.407083 -0.135417
0.422957 -0.134491
0.438901 -0.133812
0.454899 -0.131109
0.470935 -0.133304
0.486992 -0.131089
0.503055 -0.129222
0.519107 -0.128307
0.535132 -0.127760
0.551114 -0.125749
0.567036 -0.125310
0.582884 -0.123579
0.598640 -0.122118
0.614290 -0.120490
0.629817 -0.118146
0.645206 -0.116138
0.660442 -0.116195
0.675509 -0.112406
0.690393 -0.109865
0.705077 -0.107538
0.719549 -0.105467
0.733793 -0.103387
0.747795 -0.098238
0.761542 -0.097383
0.775019 -0.094022
0.788214 -0.089560
0.801113 -0.085672
0.813704 -0.083099
0.825973 -0.078442
0.837910 -0.075357
0.849501 -0.070238
0.860735 -0.067743
0.871601 -0.063568
0.882088 -0.058483
0.892184 -0.054926
0.901880 -0.050575
0.911165 -0.046996
0.920031 -0.043320
0.928468 -0.039080
0.936467 -0.033496
0.944019 -0.030280
0.951116 -0.026473
0.957751 -0.022719
0.963920 -0.020051
0.969616 -0.017213
0.974836 -0.015531
0.979575 -0.013050
0.983831 -0.011015
0.987598 -0.009564
0.990874 -0.007382
0.993653 -0.005578
0.995934 -0.005081
0.997711 -0.002896
0.998982 -0.001000
0.999745 -0.002773
1.000000 -0.001759
