1.000000 0.006415
0.999745 0.009519
0.998982 0.009031
0.997711 0.009405
0.995933 0.008914
0.993653 0.008485
0.990874 0.008814
0.987598 0.007887
0.983830 0.010272
0.979575 0.009843
0.974836 0.010714
0.969616 0.011798
0.963920 0.013283
0.957751 0.014762
0.951116 0.016901
0.944019 0.019668
0.936467 0.022414
0.928468 0.025416
0.920031 0.028987
0.911165 0.033612
0.901879 0.037301
0.892183 0.043308
0.882087 0.047568
0.871601 0.052961
0.860735 0.057852
0.849501 0.063087
0.837910 0.070842
0.825974 0.077864
0.813704 0.084777
0.801113 0.091420
0.788214 0.099716
0.775019 0.105903
0.761541 0.113228
0.747795 0.121448
0.733792 0.129353
0.719548 0.139164
0.705077 0.146972
0.690392 0.156483
0.675509 0.166163
0.660442 0.174748
0.645206 0.184434
0.629817 0.193462
0.614290 0.203345
0.598640 0.213561
0.582884 0.223999
0.567036 0.233845
0.551113 0.243805
0.535131 0.252741
0.519106 0.261999
0.503054 0.270760
0.486991 0.279197
0.470934 0.286910
0.454898 0.293777
0.438900 0.300413
0.422956 0.307329
0.407083 0.313761
0.391295 0.320635
0.375610 0.326954
0.360044 0.330796
0.344612 0.335119
0.329330 0.338644
0.314213 0.342097
0.299279 0.346046
0.284541 0.347535
0.270015 0.348400
0.255717 0.348266
0.241661 0.348201
0.227862 0.346431
0.214336 0.343737
0.201095 0.339353
0.188155 0.335604
0.175530 0.330354
0.163234 0.322728
0.151280 0.313944
0.139681 0.303622
0.128452 0.294389
0.117606 0.283431
0.107155 0.271933
0.097113 0.260147
0.087493 0.248114
0.078306 0.234803
0.069566 0.221371
0.061285 0.207119
0.053474 0.191485
0.046150 0.175646
0.039326 0.159998
0.033014 0.143914
0.027230 0.127702
0.021980 0.112302
0.017277 0.096960
0.013141 0.081707
0.009573 0.067900
0.006583 0.054790
0.004188 0.043048
0.002354 0.032157
0.001081 0.023574
0.000371 0.016300
0.000077 0.011362
0.000005 0.008275
0.000000 0.007266
0.000005 0.006523
0.000077 0.002215
0.000371 -0.002987
0.001081 -0.010721
0.002353 -0.017465
0.004188 -0.025017
0.006585 -0.032144
0.009576 -0.041338
0.013145 -0.051422
0.017281 -0.061836
0.021983 -0.073429
0.027232 -0.082797
0.033016 -0.091971
0.039328 -0.101784
0.046152 -0.107563
0.053476 -0.118968
0.061287 -0.127628
0.069568 -0.135210
0.078308 -0.143975
0.087495 -0.151911
0.097115 -0.160013
0.107157 -0.167153
0.117608 -0.174837
0.128454 -0.180944
0.139683 -0.187234
0.151282 -0.191580
0.163235 -0.198172
0.175532 -0.203792
0.188157 -0.208631
0.201097 -0.212804
0.214337 -0.216938
0.227864 -0.220732
0.241663 -0.223853
0.255719 -0.227130
0.270017 -0.229986
0.284542 -0.232569
0.299280 -0.233784
0.314215 -0.235512
0.329331 -0.236014
0.344613 -0.239976
0.360045 -0.238145
0.375611 -0.237407
0.391296 -0.238436
0.407083 -0.236896
0.422957 -0.236208
0.438901 -0.233325
0.454899 -0.232427
0.470935 -0.229998
0.486992 -0.227459
0.503055 -0.225440
0.519107 -0.221136
0.535132 -0.217184
0.551114 -0.213764
0.567036 -0.210398
0.582884 -0.205361
0.598640 -0.201221
0.614290 -0.194121
0.629817 -0.188366
0.645206 -0.183784
0.660442 -0.175748
0.675509 -0.168489
0.690393 -0.162578
0.705077 -0.154686
0.719549 -0.147609
0.733793 -0.142063
0.747795 -0.133924
0.761542 -0.127066
0.775019 -0.117970
0.788214 -0.110430
0.801113 -0.102639
0.813704 -0.095325
0.825973 -0.086714
0.837910 -0.080877
0.849501 -0.072822
0.860735 -0.066004
0.871601 -0.060273
0.882088 -0.054071
0.892184 -0.047497
0.901880 -0.042042
0.911165 -0.035831
0.920031 -0.030562
0.928468 -0.025255
0.936467 -0.020114
0.944019 -0.016825
0.951116 -0.011754
0.957751 -0.007677
0.963920 -0.004852
0.969616 -0.002023
0.974836 0.000573
0.979575 0.002700
0.983831 0.005138
0.987598 0.006004
0.990874 0.006772
0.993653 0.007974
0.995934 0.008197
0.997711 0.009021
0.998982 0.009022
0.999745 0.007244
1.000000 0.008598
