1.000000 0.007221
0.999745 0.004868
0.998982 0.007410
0.997711 0.008476
0.995933 0.008304
0.993653 0.008729
0.990874 0.009367
0.987598 0.009775
0.983830 0.009899
0.979575 0.011380
0.974836 0.012671
0.969616 0.014336
0.963920 0.015559
0.957751 0.017615
0.951116 0.020175
0.944019 0.019823
0.936467 0.023113
0.928468 0.025867
0.920031 0.028613
0.911165 0.030616
0.901879 0.033539
0.892183 0.036900
0.882087 0.039726
0.871601 0.043716
0.860735 0.048067
0.849501 0.051140
0.837910 0.055535
0.825974 0.059268
0.813704 0.063862
0.801113 0.067616
0.788214 0.072293
0.775019 0.076828
0.761541 0.082495
0.747795 0.088862
0.733792 0.093553
0.719548 0.097989
0.705077 0.104245
0.690392 0.109341
0.675509 0.114831
0.660442 0.121128
0.645206 0.125592
0.629817 0.129750
0.614290 0.138372
0.598640 0.142217
0.582884 0.149259
0.567036 0.153814
0.551113 0.158546
0.535131 0.164561
0.519106 0.171304
0.503054 0.176499
0.486991 0.180891
0.470934 0.186363
0.454898 0.190806
0.438900 0.195368
0.422956 0.199562
0.407083 0.203575
0.391295 0.206182
0.375610 0.211115
0.360044 0.213078
0.344612 0.215811
0.329330 0.217422
0.314213 0.218264
0.299279 0.219211
0.284541 0.220168
0.270015 0.220697
0.255717 0.220295
0.241661 0.219560
0.227862 0.218680
0.214336 0.217307
0.201095 0.215612
0.188155 0.213326
0.175530 0.210052
0.163234 0.206338
0.151280 0.203140
0.139681 0.199345
0.128452 0.194346
0.117606 0.188502
0.107155 0.182516
0.097113 0.176534
0.087493 0.169277
0.078306 0.162366
0.069566 0.154596
0.061285 0.146519
0.053474 0.139093
0.046150 0.127430
0.039326 0.119185
0.033014 0.109722
0.027230 0.100363
0.021980 0.090336
0.017277 0.078360
0.013141 0.069958
0.009573 0.059816
0.006583 0.050878
0.004188 0.041759
0.002354 0.031345
0.001081 0.023705
0.000371 0.017329
0.000077 0.013033
0.000005 0.010624
0.000000 0.009223
0.000005 0.007447
0.000077 0.003548
0.000371 -0.001055
0.001081 -0.007681
0.002353 -0.014344
0.004188 -0.023099
0.006585 -0.031431
0.009576 -0.041145
0.013145 -0.050646
0.017281 -0.058724
0.021983 -0.069700
0.027232 -0.076273
0.033016 -0.086374
0.039328 -0.095266
0.046152 -0.102993
0.053476 -0.111270
0.061287 -0.120236
0.069568 -0.128455
0.078308 -0.135135
0.087495 -0.141086
0.097115 -0.147749
0.107157 -0.152965
0.117608 -0.159305
0.128454 -0.163414
0.139683 -0.167832
0.151282 -0.171797
0.163235 -0.175651
0.175532 -0.178733
0.188157 -0.181641
0.201097 -0.183498
0.214337 -0.186213
0.227864 -0.187265
0.241663 -0.188538
0.255719 -0.188961
0.270017 -0.189072
0.284542 -0.188824
0.299280 -0.189189
0.314215 -0.188312
0.329331 -0.187230
0.344613 -0.185272
0.360045 -0.183540
0.375611 -0.181384
0.391296 -0.179311
0.407083 -0.176392
0.422957 -0.172983
0.438901 -0.169860
0.454899 -0.165142
0.470935 -0.162549
0.486992 -0.157997
0.503055 -0.154454
0.519107 -0.149268
0.535132 -0.144208
0.551114 -0.139428
0.567036 -0.135461
0.582884 -0.130006
0.598640 -0.123433
0.614290 -0.118201
0.629817 -0.112307
0.645206 -0.107582
0.660442 -0.102148
0.675509 -0.097796
0.690393 -0.093432
0.705077 -0.087559
0.719549 -0.081241
0.733793 -0.077485
0.747795 -0.071154
0.761542 -0.066393
0.775019 -0.062229
0.788214 -0.056718
0.801113 -0.052978
0.813704 -0.048647
0.825973 -0.044516
0.837910 -0.041043
0.849501 -0.037015
0.860735 -0.033353
0.871601 -0.029785
0.882088 -0.027072
0.892184 -0.024440
0.901880 -0.021534
0.911165 -0.018189
0.920031 -0.014495
0.928468 -0.013399
0.936467 -0.011522
0.944019 -0.009389
0.951116 -0.007145
0.957751 -0.005590
0.963920 -0.002589
0.969616 -0.001306
0.974836 0.000754
0.979575 0.001806
0.983831 0.003352
0.987598 0.002630
0.990874 0.004242
0.993653 0.004603
0.995934 0.004711
0.997711 0.005966
0.998982 0.003885
0.999745 0.004371
1.000000 0.005139
