1.000000 0.009483
0.999745 0.011278
0.998982 0.011244
0.997711 0.012269
0.995933 0.013785
0.993653 0.013847
0.990874 0.014662
0.987598 0.015554
0.983830 0.016115
0.979575 0.017581
0.974836 0.018965
0.969616 0.019638
0.963920 0.022051
0.957751 0.023346
0.951116 0.025123
0.944019 0.027483
0.936467 0.028043
0.928468 0.030060
0.920031 0.032800
0.911165 0.035311
0.901879 0.039224
0.892183 0.039591
0.882087 0.043554
0.871601 0.045535
0.860735 0.047353
0.849501 0.050827
0.837910 0.052324
0.825974 0.055813
0.813704 0.058260
0.801113 0.060115
0.788214 0.064020
0.775019 0.065305
0.761541 0.067716
0.747795 0.070566
0.733792 0.072478
0.719548 0.075032
0.705077 0.076367
0.690392 0.078738
0.675509 0.080391
0.660442 0.083280
0.645206 0.085627
0.629817 0.087922
0.614290 0.090864
0.598640 0.093097
0.582884 0.095821
0.567036 0.097452
0.551113 0.098400
0.535131 0.099808
0.519106 0.101796
0.503054 0.104006
0.486991 0.105422
0.470934 0.107217
0.454898 0.108891
0.438900 0.110325
0.422956 0.111054
0.407083 0.111914
0.391295 0.113822
0.375610 0.117562
0.360044 0.117092
0.344612 0.118762
0.329330 0.119920
0.314213 0.118321
0.299279 0.119555
0.284541 0.120907
0.270015 0.120639
0.255717 0.120995
0.241661 0.119551
0.227862 0.119431
0.214336 0.118578
0.201095 0.118578
0.188155 0.117499
0.175530 0.117077
0.163234 0.115778
0.151280 0.114058
0.139681 0.112388
0.128452 0.111414
0.117606 0.110657
0.107155 0.108014
0.097113 0.105283
0.087493 0.102351
0.078306 0.099377
0.069566 0.096094
0.061285 0.091661
0.053474 0.086754
0.046150 0.081032
0.039326 0.077360
0.033014 0.073616
0.027230 0.068753
0.021980 0.064469
0.017277 0.058556
0.013141 0.052886
0.009573 0.046027
0.006583 0.040443
0.004188 0.033841
0.002354 0.028327
0.001081 0.022573
0.000371 0.016789
0.000077 0.012330
0.000005 0.009859
0.000000 0.008687
0.000005 0.007041
0.000077 0.004901
0.000371 -0.000015
0.001081 -0.004844
0.002353 -0.011206
0.004188 -0.017400
0.006585 -0.025107
0.009576 -0.030494
0.013145 -0.035860
0.017281 -0.040879
0.021983 -0.045793
0.027232 -0.048960
0.033016 -0.051392
0.039328 -0.055399
0.046152 -0.056917
0.053476 -0.060013
0.061287 -0.061496
0.069568 -0.064831
0.078308 -0.067284
0.087495 -0.069045
0.097115 -0.071291
0.107157 -0.073228
0.117608 -0.075308
0.128454 -0.076857
0.139683 -0.078977
0.151282 -0.080108
0.163235 -0.080727
0.175532 -0.081900
0.188157 -0.083235
0.201097 -0.083137
0.214337 -0.084909
0.227864 -0.083181
0.241663 -0.085591
0.255719 -0.085051
0.270017 -0.084857
0.284542 -0.085572
0.299280 -0.085135
0.314215 -0.083871
0.329331 -0.085450
0.344613 -0.083982
0.360045 -0.083414
0.375611 -0.082631
0.391296 -0.081382
0.407083 -0.080695
0.422957 -0.079196
0.438901 -0.078621
0.454899 -0.076193
0.470935 -0.075676
0.486992 -0.073143
0.503055 -0.071020
0.519107 -0.069859
0.535132 -0.069004
0.551114 -0.066315
0.567036 -0.064419
0.582884 -0.062475
0.598640 -0.060965
0.614290 -0.058458
0.629817 -0.055726
0.645206 -0.053840
0.660442 -0.052669
0.675509 -0.051113
0.690393 -0.047999
0.705077 -0.046442
0.719549 -0.044453
0.733793 -0.042310
0.747795 -0.039384
0.761542 -0.037253
0.775019 -0.034995
0.788214 -0.032729
0.801113 -0.030853
0.813704 -0.028625
0.825973 -0.026960
0.837910 -0.024708
0.849501 -0.022004
0.860735 -0.020607
0.871601 -0.018499
0.882088 -0.017106
0.892184 -0.015730
0.901880 -0.013836
0.911165 -0.012233
0.920031 -0.011248
0.928468 -0.008950
0.936467 -0.007867
0.944019 -0.006985
0.951116 -0.005019
0.957751 -0.004152
0.963920 -0.002639
0.969616 -0.001693
0.974836 -0.000366
0.979575 0.000802
0.983831 0.002016
0.987598 0.001089
0.990874 0.004164
0.993653 0.003036
0.995934 0.004607
0.997711 0.005278
0.998982 0.004538
0.999745 0.005263
1.000000 0.003497
