1.000000 -0.000529
0.999745 -0.000315
0.998982 0.000319
0.997711 0.001331
0.995933 0.002650
0.993653 0.004336
0.990874 0.006464
0.987598 0.009026
0.983830 0.011998
0.979575 0.015399
0.974836 0.019235
0.969616 0.023483
0.963920 0.028105
0.957751 0.033064
0.951116 0.038298
0.944019 0.043753
0.936467 0.049425
0.928468 0.055338
0.920031 0.061504
0.911165 0.067900
0.901879 0.074567
0.892183 0.081554
0.882087 0.088823
0.871601 0.096347
0.860735 0.104120
0.849501 0.112152
0.837910 0.120507
0.825974 0.129140
0.813704 0.137995
0.801113 0.147055
0.788214 0.156275
0.775019 0.165608
0.761541 0.174933
0.747795 0.184234
0.733792 0.193496
0.719548 0.202683
0.705077 0.211735
0.690392 0.220648
0.675509 0.229366
0.660442 0.237882
0.645206 0.246148
0.629817 0.254112
0.614290 0.261749
0.598640 0.269053
0.582884 0.276008
0.567036 0.282555
0.551113 0.288672
0.535131 0.294365
0.519106 0.299633
0.503054 0.304432
0.486991 0.308751
0.470934 0.312632
0.454898 0.316068
0.438900 0.319011
0.422956 0.321444
0.407083 0.323406
0.391295 0.324905
0.375610 0.325906
0.360044 0.326403
0.344612 0.326430
0.329330 0.325977
0.314213 0.324992
0.299279 0.323488
0.284541 0.321522
0.270015 0.319059
0.255717 0.316038
0.241661 0.312462
0.227862 0.308342
0.214336 0.303628
0.201095 0.298304
0.188155 0.292398
0.175530 0.285895
0.163234 0.278741
0.151280 0.270904
0.139681 0.262403
0.128452 0.253240
0.117606 0.243457
0.107155 0.233131
0.097113 0.222345
0.087493 0.211129
0.078306 0.199420
0.069566 0.187160
0.061285 0.174455
0.053474 0.161536
0.046150 0.148469
0.039326 0.135356
0.033014 0.122237
0.027230 0.109126
0.021980 0.096027
0.017277 0.083069
0.013141 0.070422
0.009573 0.058259
0.006583 0.046781
0.004188 0.036079
0.002354 0.026376
0.001081 0.018012
0.000371 0.011301
0.000077 0.006431
0.000005 0.003500
0.000000 0.002521
0.000005 0.001575
0.000077 -0.001261
0.000371 -0.005794
0.001081 -0.011723
0.002353 -0.018440
0.004188 -0.025156
0.006585 -0.031523
0.009576 -0.037714
0.013145 -0.043154
0.017281 -0.047974
0.021983 -0.052561
0.027232 -0.056968
0.033016 -0.061198
0.039328 -0.065345
0.046152 -0.069457
0.053476 -0.073499
0.061287 -0.077466
0.069568 -0.081404
0.078308 -0.085281
0.087495 -0.089034
0.097115 -0.092676
0.107157 -0.096219
0.117608 -0.099724
0.128454 -0.103123
0.139683 -0.106431
0.151282 -0.109611
0.163235 -0.112630
0.175532 -0.115449
0.188157 -0.118074
0.201097 -0.120512
0.214337 -0.122741
0.227864 -0.124756
0.241663 -0.126562
0.255719 -0.128146
0.270017 -0.129456
0.284542 -0.130482
0.299280 -0.131238
0.314215 -0.131731
0.329331 -0.131927
0.344613 -0.131805
0.360045 -0.131349
0.375611 -0.130575
0.391296 -0.129463
0.407083 -0.127977
0.422957 -0.126151
0.438901 -0.124025
0.454899 -0.121611
0.470935 -0.118907
0.486992 -0.115949
0.503055 -0.112766
0.519107 -0.109361
0.535132 -0.105743
0.551114 -0.101926
0.567036 -0.097918
0.582884 -0.093720
0.598640 -0.089330
0.614290 -0.084759
0.629817 -0.080001
0.645206 -0.075080
0.660442 -0.070048
0.675509 -0.064966
0.690393 -0.059868
0.705077 -0.054778
0.719549 -0.049730
0.733793 -0.044781
0.747795 -0.039941
0.761542 -0.035252
0.775019 -0.030729
0.788214 -0.026404
0.801113 -0.022317
0.813704 -0.018505
0.825973 -0.014975
0.837910 -0.011745
0.849501 -0.008828
0.860735 -0.006231
0.871601 -0.003930
0.882088 -0.001910
0.892184 -0.000182
0.901880 0.001259
0.911165 0.002381
0.920031 0.003209
0.928468 0.003794
0.936467 0.004167
0.944019 0.004349
0.951116 0.004392
0.957751 0.004349
0.963920 0.004218
0.969616 0.003961
0.974836 0.003550
0.979575 0.002968
0.983831 0.002256
0.987598 0.001470
0.990874 0.000683
0.993653 -0.000072
0.995934 -0.000771
0.997711 -0.001345
0.998982 -0.001720
0.999745 -0.001921
1.000000 -0.001985
