1.000000 0.007330
0.999745 0.009820
0.998982 0.009580
0.997711 0.014086
0.995933 0.015276
0.993653 0.015714
0.990874 0.017142
0.987598 0.020819
0.983830 0.023820
0.979575 0.026276
0.974836 0.030778
0.969616 0.037043
0.963920 0.042749
0.957751 0.047511
0.951116 0.054489
0.944019 0.059915
0.936467 0.067361
0.928468 0.074070
0.920031 0.080838
0.911165 0.086511
0.901879 0.096070
0.892183 0.100682
0.882087 0.110726
0.871601 0.117229
0.860735 0.124680
0.849501 0.132321
0.837910 0.139173
0.825974 0.146792
0.813704 0.154109
0.801113 0.161053
0.788214 0.168217
0.775019 0.174981
0.761541 0.181329
0.747795 0.188295
0.733792 0.193635
0.719548 0.199767
0.705077 0.205086
0.690392 0.210074
0.675509 0.214533
0.660442 0.217386
0.645206 0.220767
0.629817 0.224573
0.614290 0.227075
0.598640 0.232212
0.582884 0.232621
0.567036 0.235010
0.551113 0.236381
0.535131 0.236603
0.519106 0.237653
0.503054 0.237616
0.486991 0.237737
0.470934 0.237087
0.454898 0.236683
0.438900 0.235825
0.422956 0.234224
0.407083 0.232398
0.391295 0.231336
0.375610 0.229663
0.360044 0.228866
0.344612 0.226271
0.329330 0.223494
0.314213 0.220858
0.299279 0.218142
0.284541 0.214578
0.270015 0.211449
0.255717 0.207430
0.241661 0.203253
0.227862 0.198790
0.214336 0.193947
0.201095 0.189038
0.188155 0.184339
0.175530 0.179439
0.163234 0.175151
0.151280 0.170030
0.139681 0.164282
0.128452 0.158460
0.117606 0.152503
0.107155 0.145247
0.097113 0.140917
0.087493 0.133488
0.078306 0.126392
0.069566 0.120779
0.061285 0.111765
0.053474 0.105687
0.046150 0.098311
0.039326 0.090245
0.033014 0.083708
0.027230 0.076353
0.021980 0.068865
0.017277 0.062338
0.013141 0.055492
0.009573 0.048355
0.006583 0.040421
0.004188 0.033288
0.002354 0.026691
0.001081 0.019577
0.000371 0.014482
0.000077 0.008566
0.000005 0.007259
0.000000 0.006467
0.000005 0.004582
0.000077 0.001810
0.000371 -0.002252
0.001081 -0.007437
0.002353 -0.012135
0.004188 -0.017757
0.006585 -0.024303
0.009576 -0.031249
0.013145 -0.037463
0.017281 -0.043326
0.021983 -0.048117
0.027232 -0.053426
0.033016 -0.058501
0.039328 -0.063417
0.046152 -0.069036
0.053476 -0.076409
0.061287 -0.080241
0.069568 -0.086725
0.078308 -0.091281
0.087495 -0.096801
0.097115 -0.101785
0.107157 -0.106397
0.117608 -0.111074
0.128454 -0.115746
0.139683 -0.119116
0.151282 -0.123575
0.163235 -0.126326
0.175532 -0.128368
0.188157 -0.131515
0.201097 -0.132161
0.214337 -0.133198
0.227864 -0.133608
0.241663 -0.133522
0.255719 -0.134904
0.270017 -0.132199
0.284542 -0.131960
0.299280 -0.130368
0.314215 -0.127807
0.329331 -0.126592
0.344613 -0.122975
0.360045 -0.120370
0.375611 -0.116757
0.391296 -0.113387
0.407083 -0.109203
0.422957 -0.104361
0.438901 -0.100219
0.454899 -0.095772
0.470935 -0.091479
0.486992 -0.086643
0.503055 -0.081370
0.519107 -0.076636
0.535132 -0.071481
0.551114 -0.067615
0.567036 -0.062938
0.582884 -0.058704
0.598640 -0.051928
0.614290 -0.046199
0.629817 -0.039965
0.645206 -0.038395
0.660442 -0.028496
0.675509 -0.026088
0.690393 -0.019765
0.705077 -0.014789
0.719549 -0.009970
0.733793 -0.005352
0.747795 -0.000202
0.761542 0.002970
0.775019 0.006793
0.788214 0.009989
0.801113 0.013980
0.813704 0.015771
0.825973 0.017437
0.837910 0.019043
0.849501 0.021611
0.860735 0.024289
0.871601 0.026624
0.882088 0.028300
0.892184 0.028357
0.901880 0.028084
0.911165 0.030547
0.920031 0.031237
0.928468 0.030675
0.936467 0.029415
0.944019 0.028897
0.951116 0.028084
0.957751 0.026650
0.963920 0.024958
0.969616 0.023579
0.974836 0.021573
0.979575 0.019538
0.983831 0.017439
0.987598 0.015210
0.990874 0.013088
0.993653 0.012049
0.995934 0.009945
0.997711 0.008429
0.998982 0.009585
0.999745 0.005005
1.000000 0.006339
