1.000000 0.002832
0.999745 0.010825
0.998982 0.007478
0.997711 0.010900
0.995933 0.012065
0.993653 0.012157
0.990874 0.012343
0.987598 0.015553
0.983830 0.016723
0.979575 0.020508
0.974836 0.024116
0.969616 0.027558
0.963920 0.031373
0.957751 0.035536
0.951116 0.042043
0.944019 0.044340
0.936467 0.050267
0.928468 0.053481
0.920031 0.061265
0.911165 0.065932
0.901879 0.069213
0.892183 0.076390
0.882087 0.082463
0.871601 0.086023
0.860735 0.093262
0.849501 0.101112
0.837910 0.106652
0.825974 0.114026
0.813704 0.121311
0.801113 0.126809
0.788214 0.134884
0.775019 0.141415
0.761541 0.148869
0.747795 0.156059
0.733792 0.162784
0.719548 0.169487
0.705077 0.176071
0.690392 0.182375
0.675509 0.188825
0.660442 0.194669
0.645206 0.200797
0.629817 0.206536
0.614290 0.211317
0.598640 0.216452
0.582884 0.221386
0.567036 0.225657
0.551113 0.230128
0.535131 0.233437
0.519106 0.238177
0.503054 0.239708
0.486991 0.242947
0.470934 0.245329
0.454898 0.248459
0.438900 0.250262
0.422956 0.253156
0.407083 0.253228
0.391295 0.255019
0.375610 0.255256
0.360044 0.255398
0.344612 0.254426
0.329330 0.253489
0.314213 0.252847
0.299279 0.252087
0.284541 0.250681
0.270015 0.250260
0.255717 0.248652
0.241661 0.246597
0.227862 0.244171
0.214336 0.240683
0.201095 0.238261
0.188155 0.234337
0.175530 0.229878
0.163234 0.224491
0.151280 0.218976
0.139681 0.213308
0.128452 0.206389
0.117606 0.198802
0.107155 0.191517
0.097113 0.183059
0.087493 0.177615
0.078306 0.167561
0.069566 0.159199
0.061285 0.150793
0.053474 0.142100
0.046150 0.132700
0.039326 0.122815
0.033014 0.112732
0.027230 0.103074
0.021980 0.094419
0.017277 0.083891
0.013141 0.073029
0.009573 0.061615
0.006583 0.051728
0.004188 0.041902
0.002354 0.032820
0.001081 0.022801
0.000371 0.016877
0.000077 0.012314
0.000005 0.009345
0.000000 0.009864
0.000005 0.008741
0.000077 0.005316
0.000371 0.000617
0.001081 -0.005018
0.002353 -0.011685
0.004188 -0.016609
0.006585 -0.022785
0.009576 -0.029362
0.013145 -0.032546
0.017281 -0.040281
0.021983 -0.044005
0.027232 -0.048481
0.033016 -0.053099
0.039328 -0.056506
0.046152 -0.060339
0.053476 -0.063704
0.061287 -0.066526
0.069568 -0.069283
0.078308 -0.072393
0.087495 -0.074658
0.097115 -0.077394
0.107157 -0.077337
0.117608 -0.079919
0.128454 -0.080948
0.139683 -0.081011
0.151282 -0.083617
0.163235 -0.083749
0.175532 -0.084331
0.188157 -0.084427
0.201097 -0.084026
0.214337 -0.083796
0.227864 -0.084128
0.241663 -0.081974
0.255719 -0.082779
0.270017 -0.082331
0.284542 -0.080577
0.299280 -0.078893
0.314215 -0.077509
0.329331 -0.075029
0.344613 -0.073763
0.360045 -0.071637
0.375611 -0.070765
0.391296 -0.068321
0.407083 -0.064816
0.422957 -0.063664
0.438901 -0.060764
0.454899 -0.058031
0.470935 -0.055005
0.486992 -0.051801
0.503055 -0.049126
0.519107 -0.045247
0.535132 -0.041306
0.551114 -0.038759
0.567036 -0.034584
0.582884 -0.030699
0.598640 -0.027245
0.614290 -0.023013
0.629817 -0.019313
0.645206 -0.015492
0.660442 -0.012183
0.675509 -0.008772
0.690393 -0.005792
0.705077 -0.002712
0.719549 0.001241
0.733793 0.003409
0.747795 0.007614
0.761542 0.010557
0.775019 0.013179
0.788214 0.015236
0.801113 0.016359
0.813704 0.018721
0.825973 0.020622
0.837910 0.021486
0.849501 0.021899
0.860735 0.024675
0.871601 0.022404
0.882088 0.023741
0.892184 0.023708
0.901880 0.023241
0.911165 0.022805
0.920031 0.022204
0.928468 0.021451
0.936467 0.020606
0.944019 0.020450
0.951116 0.019848
0.957751 0.018059
0.963920 0.017096
0.969616 0.016542
0.974836 0.013532
0.979575 0.015008
0.983831 0.012852
0.987598 0.011416
0.990874 0.010431
0.993653 0.009607
0.995934 0.008823
0.997711 0.009649
0.998982 0.008063
0.999745 0.005668
1.000000 0.004991
