1.000000 0.004345
0.999742 0.003753
0.998967 0.002405
0.997677 0.002083
0.995873 0.001892
0.993557 0.002898
0.990730 0.001341
0.987397 0.005113
0.983559 0.004431
0.979222 -0.008917
0.974389 0.007345
0.969066 0.006642
0.963257 0.007278
0.956968 0.011195
0.950207 0.016567
0.942978 0.019746
0.935291 0.022622
0.927153 0.025339
0.918572 0.025883
0.909557 0.031283
0.900118 0.033904
0.890263 0.036575
0.880003 0.041152
0.869346 0.044549
0.858301 0.048414
0.846878 0.056764
0.835087 0.058406
0.822935 0.062836
0.810434 0.067511
0.797592 0.072073
0.784420 0.076251
0.770932 0.081050
0.757142 0.087482
0.743066 0.090970
0.728720 0.096160
0.714121 0.100554
0.699287 0.105654
0.684233 0.112020
0.668976 0.114919
0.653529 0.121752
0.637906 0.125804
0.622122 0.130807
0.606189 0.135136
0.590124 0.139837
0.573939 0.145973
0.557650 0.147374
0.541270 0.152224
0.524815 0.157476
0.508299 0.159127
0.491736 0.163370
0.475144 0.166634
0.458541 0.169619
0.441947 0.173349
0.425382 0.177221
0.408864 0.178383
0.392413 0.180647
0.376047 0.181665
0.359782 0.182428
0.343631 0.182894
0.327610 0.183964
0.311733 0.192856
0.296015 0.188041
0.280474 0.187865
0.265137 0.186514
0.250032 0.183634
0.235188 0.182849
0.220629 0.181837
0.206380 0.181714
0.192463 0.179431
0.178893 0.176923
0.165673 0.173453
0.152808 0.168699
0.140300 0.163468
0.128174 0.164070
0.116467 0.163350
0.105209 0.161326
0.094427 0.157181
0.084163 0.152480
0.074484 0.140037
0.065433 0.135202
0.056952 0.130491
0.048957 0.127763
0.041413 0.118359
0.034446 0.112726
0.028194 0.103049
0.022741 0.095670
0.018082 0.088258
0.014091 0.081215
0.010654 0.072057
0.007726 0.062775
0.005338 0.057610
0.003484 0.044859
0.002122 0.034072
0.001182 0.028420
0.000586 0.018758
0.000245 0.013914
0.000079 0.008077
0.000016 0.003658
0.000001 0.004822
0.000000 -0.002605
0.000002 -0.000963
0.000030 -0.004892
0.000151 -0.010503
0.000467 -0.012701
0.001108 -0.021924
0.002220 -0.029138
0.003943 -0.037423
0.006395 -0.045822
0.009644 -0.054095
0.013689 -0.059301
0.018461 -0.071462
0.023908 -0.077543
0.029938 -0.083499
0.036499 -0.092473
0.043576 -0.099990
0.051146 -0.103466
0.059182 -0.115392
0.067663 -0.117601
0.076567 -0.123865
0.085874 -0.129058
0.095579 -0.135750
0.105683 -0.137170
0.116181 -0.142823
0.127062 -0.148673
0.138313 -0.149283
0.149921 -0.156057
0.161871 -0.157818
0.174153 -0.159746
0.186757 -0.163320
0.199673 -0.166125
0.212891 -0.167028
0.226397 -0.168494
0.240177 -0.170943
0.254216 -0.171666
0.268500 -0.173288
0.283012 -0.173506
0.297736 -0.171933
0.312657 -0.188263
0.327758 -0.173313
0.343026 -0.171922
0.358445 -0.177244
0.374000 -0.169141
0.389676 -0.170375
0.405458 -0.168023
0.421329 -0.167446
0.437274 -0.164524
0.453277 -0.163309
0.469320 -0.158972
0.485389 -0.161110
0.501465 -0.148303
0.517533 -0.147365
0.533577 -0.150222
0.549580 -0.142568
0.565525 -0.142133
0.581397 -0.135610
0.597180 -0.130037
0.612856 -0.125460
0.628411 -0.118797
0.643830 -0.116914
0.659098 -0.111526
0.674199 -0.107877
0.689119 -0.107348
0.703843 -0.101006
0.718357 -0.095180
0.732645 -0.088551
0.746693 -0.084572
0.760487 -0.081276
0.774013 -0.076513
0.787256 -0.071521
0.800204 -0.073201
0.812842 -0.061911
0.825159 -0.060150
0.837141 -0.053752
0.848778 -0.052016
0.860056 -0.049555
0.870965 -0.045811
0.881493 -0.042055
0.891630 -0.038031
0.901366 -0.033997
0.910692 -0.031174
0.919596 -0.028505
0.928071 -0.025690
0.936109 -0.020556
0.943700 -0.022180
0.950837 -0.019064
0.957514 -0.021317
0.963723 -0.011014
0.969458 -0.014045
0.974715 -0.009651
0.979486 -0.008856
0.983768 -0.006769
0.987557 -0.004531
0.990848 -0.002453
0.993639 -0.004509
0.995926 -0.004294
0.997707 0.000615
0.998980 -0.003685
0.999745 0.010513
1.000000 -0.000346
