1.000000 0.007383
0.999745 0.009042
0.998982 0.009765
0.997711 0.010658
0.995933 0.012631
0.993653 0.014259
0.990874 0.016171
0.987598 0.017632
0.983830 0.021941
0.979575 0.025844
0.974836 0.029990
0.969616 0.033993
0.963920 0.039004
0.957751 0.043351
0.951116 0.048334
0.944019 0.053410
0.936467 0.057804
0.928468 0.061289
0.920031 0.067664
0.911165 0.071566
0.901879 0.076340
0.892183 0.081024
0.882087 0.085670
0.871601 0.090768
0.860735 0.096166
0.849501 0.100914
0.837910 0.106466
0.825974 0.111390
0.813704 0.117245
0.801113 0.122358
0.788214 0.128594
0.775019 0.133480
0.761541 0.139209
0.747795 0.144592
0.733792 0.149838
0.719548 0.155861
0.705077 0.161730
0.690392 0.167812
0.675509 0.174224
0.660442 0.179001
0.645206 0.185035
0.629817 0.191492
0.614290 0.198086
0.598640 0.204472
0.582884 0.210260
0.567036 0.215904
0.551113 0.221724
0.535131 0.226968
0.519106 0.232123
0.503054 0.236658
0.486991 0.241015
0.470934 0.246273
0.454898 0.250291
0.438900 0.254034
0.422956 0.257700
0.407083 0.260937
0.391295 0.264287
0.375610 0.266402
0.360044 0.268762
0.344612 0.270536
0.329330 0.272011
0.314213 0.273883
0.299279 0.275695
0.284541 0.274937
0.270015 0.275447
0.255717 0.275012
0.241661 0.273232
0.227862 0.271152
0.214336 0.267762
0.201095 0.264073
0.188155 0.260526
0.175530 0.256577
0.163234 0.252000
0.151280 0.247600
0.139681 0.240563
0.128452 0.233200
0.117606 0.226978
0.107155 0.217137
0.097113 0.208384
0.087493 0.198827
0.078306 0.188590
0.069566 0.178876
0.061285 0.166817
0.053474 0.155319
0.046150 0.142941
0.039326 0.129466
0.033014 0.116786
0.027230 0.104097
0.021980 0.092606
0.017277 0.080269
0.013141 0.068069
0.009573 0.057813
0.006583 0.047073
0.004188 0.037915
0.002354 0.030353
0.001081 0.022588
0.000371 0.017058
0.000077 0.011800
0.000005 0.009680
0.000000 0.008230
0.000005 0.007992
0.000077 0.005027
0.000371 0.002316
0.001081 -0.002636
0.002353 -0.008121
0.004188 -0.011459
0.006585 -0.015284
0.009576 -0.018078
0.013145 -0.020388
0.017281 -0.022664
0.021983 -0.024625
0.027232 -0.027582
0.033016 -0.028640
0.039328 -0.030351
0.046152 -0.031106
0.053476 -0.032150
0.061287 -0.032040
0.069568 -0.032159
0.078308 -0.032012
0.087495 -0.032523
0.097115 -0.031025
0.107157 -0.030631
0.117608 -0.028923
0.128454 -0.026402
0.139683 -0.027437
0.151282 -0.025173
0.163235 -0.025089
0.175532 -0.023659
0.188157 -0.022071
0.201097 -0.020240
0.214337 -0.017574
0.227864 -0.015944
0.241663 -0.012258
0.255719 -0.010746
0.270017 -0.008278
0.284542 -0.006542
0.299280 -0.003224
0.314215 -0.000413
0.329331 0.001764
0.344613 0.003936
0.360045 0.005836
0.375611 0.008152
0.391296 0.009529
0.407083 0.012402
0.422957 0.013848
0.438901 0.015989
0.454899 0.018463
0.470935 0.020129
0.486992 0.021645
0.503055 0.023345
0.519107 0.025733
0.535132 0.029158
0.551114 0.030323
0.567036 0.031581
0.582884 0.033524
0.598640 0.035395
0.614290 0.036204
0.629817 0.037336
0.645206 0.038793
0.660442 0.039741
0.675509 0.039956
0.690393 0.040474
0.705077 0.041222
0.719549 0.041695
0.733793 0.040596
0.747795 0.040571
0.761542 0.039411
0.775019 0.039879
0.788214 0.038272
0.801113 0.037604
0.813704 0.036076
0.825973 0.033752
0.837910 0.033439
0.849501 0.030975
0.860735 0.029395
0.871601 0.028436
0.882088 0.026393
0.892184 0.025317
0.901880 0.023794
0.911165 0.022393
0.920031 0.021837
0.928468 0.019508
0.936467 0.018067
0.944019 0.016130
0.951116 0.015578
0.957751 0.015613
0.963920 0.014265
0.969616 0.013580
0.974836 0.012879
0.979575 0.011548
0.983831 0.011738
0.987598 0.010690
0.990874 0.010654
0.993653 0.009570
0.995934 0.009356
0.997711 0.008803
0.998982 0.008917
0.999745 0.008314
1.000000 0.004354
