1.000000 0.012138
0.999745 0.010370
0.998982 0.012473
0.997711 0.015525
0.995933 0.016363
0.993653 0.019125
0.990874 0.021127
0.987598 0.025020
0.983830 0.029695
0.979575 0.033840
0.974836 0.039085
0.969616 0.044316
0.963920 0.051011
0.957751 0.056596
0.951116 0.063287
0.944019 0.069249
0.936467 0.077380
0.928468 0.083004
0.920031 0.090498
0.911165 0.096644
0.901879 0.104315
0.892183 0.112765
0.882087 0.121001
0.871601 0.129686
0.860735 0.138236
0.849501 0.145848
0.837910 0.154380
0.825974 0.162619
0.813704 0.171042
0.801113 0.179212
0.788214 0.187653
0.775019 0.195024
0.761541 0.203049
0.747795 0.210406
0.733792 0.218831
0.719548 0.226716
0.705077 0.232294
0.690392 0.239244
0.675509 0.246707
0.660442 0.251917
0.645206 0.258160
0.629817 0.263501
0.614290 0.268369
0.598640 0.273770
0.582884 0.278368
0.567036 0.283053
0.551113 0.287482
0.535131 0.290963
0.519106 0.294764
0.503054 0.297272
0.486991 0.298370
0.470934 0.299935
0.454898 0.301527
0.438900 0.302690
0.422956 0.304268
0.407083 0.304404
0.391295 0.304520
0.375610 0.304203
0.360044 0.303317
0.344612 0.301579
0.329330 0.299510
0.314213 0.295984
0.299279 0.292937
0.284541 0.289254
0.270015 0.285378
0.255717 0.280153
0.241661 0.274328
0.227862 0.268877
0.214336 0.262539
0.201095 0.256590
0.188155 0.250283
0.175530 0.241987
0.163234 0.234283
0.151280 0.226393
0.139681 0.218183
0.128452 0.210418
0.117606 0.201831
0.107155 0.193032
0.097113 0.184066
0.087493 0.174545
0.078306 0.163704
0.069566 0.153507
0.061285 0.143623
0.053474 0.133672
0.046150 0.125198
0.039326 0.115700
0.033014 0.106620
0.027230 0.097518
0.021980 0.086297
0.017277 0.076803
0.013141 0.067600
0.009573 0.057543
0.006583 0.048958
0.004188 0.039878
0.002354 0.031958
0.001081 0.023223
0.000371 0.016836
0.000077 0.012107
0.000005 0.009577
0.000000 0.008555
0.000005 0.007028
0.000077 0.004022
0.000371 -0.000674
0.001081 -0.005481
0.002353 -0.010882
0.004188 -0.015869
0.006585 -0.021406
0.009576 -0.023913
0.013145 -0.025651
0.017281 -0.026217
0.021983 -0.026048
0.027232 -0.026145
0.033016 -0.025753
0.039328 -0.024777
0.046152 -0.022283
0.053476 -0.020521
0.061287 -0.017027
0.069568 -0.013581
0.078308 -0.010323
0.087495 -0.007339
0.097115 -0.001582
0.107157 0.003848
0.117608 0.007634
0.128454 0.013869
0.139683 0.019521
0.151282 0.022472
0.163235 0.028528
0.175532 0.034524
0.188157 0.039777
0.201097 0.044683
0.214337 0.049337
0.227864 0.053824
0.241663 0.057866
0.255719 0.063352
0.270017 0.069046
0.284542 0.071842
0.299280 0.074926
0.314215 0.079454
0.329331 0.083456
0.344613 0.085385
0.360045 0.089708
0.375611 0.090649
0.391296 0.093675
0.407083 0.095948
0.422957 0.097114
0.438901 0.098306
0.454899 0.098607
0.470935 0.099811
0.486992 0.100657
0.503055 0.100019
0.519107 0.099338
0.535132 0.100501
0.551114 0.100237
0.567036 0.099784
0.582884 0.098996
0.598640 0.098549
0.614290 0.096568
0.629817 0.094474
0.645206 0.092447
0.660442 0.090162
0.675509 0.086603
0.690393 0.085348
0.705077 0.081527
0.719549 0.078429
0.733793 0.076483
0.747795 0.073063
0.761542 0.069985
0.775019 0.065640
0.788214 0.061544
0.801113 0.058447
0.813704 0.053645
0.825973 0.050405
0.837910 0.045734
0.849501 0.042580
0.860735 0.038101
0.871601 0.034797
0.882088 0.031210
0.892184 0.027714
0.901880 0.023967
0.911165 0.020789
0.920031 0.016750
0.928468 0.012941
0.936467 0.009582
0.944019 0.005831
0.951116 0.004430
0.957751 0.001537
0.963920 0.000166
0.969616 -0.001898
0.974836 -0.003387
0.979575 -0.005445
0.983831 -0.006443
0.987598 -0.007101
0.990874 -0.008805
0.993653 -0.008705
0.995934 -0.010533
0.997711 -0.009161
0.998982 -0.009198
0.999745 -0.011006
1.000000 -0.008487
