1.000000 0.005437
0.999745 0.007243
0.998982 0.007228
0.997711 0.010173
0.995933 0.010453
0.993653 0.011712
0.990874 0.012801
0.987598 0.014304
0.983830 0.017066
0.979575 0.018392
0.974836 0.023827
0.969616 0.028280
0.963920 0.031950
0.957751 0.037946
0.951116 0.041507
0.944019 0.047051
0.936467 0.052923
0.928468 0.057993
0.920031 0.064381
0.911165 0.069946
0.901879 0.075327
0.892183 0.082091
0.882087 0.088690
0.871601 0.093928
0.860735 0.101824
0.849501 0.108087
0.837910 0.115371
0.825974 0.122029
0.813704 0.129968
0.801113 0.136700
0.788214 0.143849
0.775019 0.151600
0.761541 0.158833
0.747795 0.165569
0.733792 0.172927
0.719548 0.179249
0.705077 0.187914
0.690392 0.194039
0.675509 0.201585
0.660442 0.208142
0.645206 0.214369
0.629817 0.221079
0.614290 0.226604
0.598640 0.232335
0.582884 0.237603
0.567036 0.242253
0.551113 0.246320
0.535131 0.249619
0.519106 0.253134
0.503054 0.255713
0.486991 0.258244
0.470934 0.260977
0.454898 0.262842
0.438900 0.264381
0.422956 0.266023
0.407083 0.266829
0.391295 0.268095
0.375610 0.267678
0.360044 0.268323
0.344612 0.266569
0.329330 0.264977
0.314213 0.263132
0.299279 0.261984
0.284541 0.260575
0.270015 0.258188
0.255717 0.256072
0.241661 0.251980
0.227862 0.248671
0.214336 0.244598
0.201095 0.239917
0.188155 0.235536
0.175530 0.230569
0.163234 0.225221
0.151280 0.218857
0.139681 0.213057
0.128452 0.205033
0.117606 0.197224
0.107155 0.189115
0.097113 0.180728
0.087493 0.173615
0.078306 0.164487
0.069566 0.155498
0.061285 0.146705
0.053474 0.137750
0.046150 0.130359
0.039326 0.121989
0.033014 0.112379
0.027230 0.101457
0.021980 0.091814
0.017277 0.082367
0.013141 0.071509
0.009573 0.060092
0.006583 0.048280
0.004188 0.039945
0.002354 0.031215
0.001081 0.024522
0.000371 0.017494
0.000077 0.012988
0.000005 0.010112
0.000000 0.008442
0.000005 0.008716
0.000077 0.005746
0.000371 0.001673
0.001081 -0.004957
0.002353 -0.010784
0.004188 -0.016131
0.006585 -0.022651
0.009576 -0.026958
0.013145 -0.032539
0.017281 -0.036252
0.021983 -0.040526
0.027232 -0.044667
0.033016 -0.048039
0.039328 -0.052271
0.046152 -0.055380
0.053476 -0.058650
0.061287 -0.061653
0.069568 -0.064906
0.078308 -0.067341
0.087495 -0.069494
0.097115 -0.071942
0.107157 -0.073725
0.117608 -0.075359
0.128454 -0.077227
0.139683 -0.078848
0.151282 -0.080731
0.163235 -0.082030
0.175532 -0.082995
0.188157 -0.082974
0.201097 -0.085866
0.214337 -0.084129
0.227864 -0.085068
0.241663 -0.086034
0.255719 -0.084590
0.270017 -0.085319
0.284542 -0.083824
0.299280 -0.084128
0.314215 -0.083307
0.329331 -0.083293
0.344613 -0.081505
0.360045 -0.080419
0.375611 -0.078667
0.391296 -0.076328
0.407083 -0.074366
0.422957 -0.072641
0.438901 -0.070450
0.454899 -0.068095
0.470935 -0.066487
0.486992 -0.061803
0.503055 -0.056296
0.519107 -0.055917
0.535132 -0.051176
0.551114 -0.044872
0.567036 -0.045051
0.582884 -0.039685
0.598640 -0.034598
0.614290 -0.031359
0.629817 -0.025554
0.645206 -0.022551
0.660442 -0.018248
0.675509 -0.015407
0.690393 -0.011451
0.705077 -0.008115
0.719549 -0.005272
0.733793 -0.002678
0.747795 0.000624
0.761542 0.003991
0.775019 0.007129
0.788214 0.009073
0.801113 0.011045
0.813704 0.012981
0.825973 0.014974
0.837910 0.015554
0.849501 0.015826
0.860735 0.016975
0.871601 0.017244
0.882088 0.017237
0.892184 0.016696
0.901880 0.016513
0.911165 0.016690
0.920031 0.016720
0.928468 0.016810
0.936467 0.016017
0.944019 0.016183
0.951116 0.015086
0.957751 0.015113
0.963920 0.014545
0.969616 0.013512
0.974836 0.011923
0.979575 0.010693
0.983831 0.010629
0.987598 0.010512
0.990874 0.009763
0.993653 0.008627
0.995934 0.007978
0.997711 0.008541
0.998982 0.008360
0.999745 0.006613
1.000000 0.006304
