1.000000 0.004911
0.999745 0.007281
0.998982 0.008334
0.997711 0.008297
0.995933 0.011255
0.993653 0.013570
0.990874 0.016010
0.987598 0.019761
0.983830 0.022945
0.979575 0.025935
0.974836 0.031372
0.969616 0.036625
0.963920 0.042540
0.957751 0.047793
0.951116 0.054719
0.944019 0.060733
0.936467 0.067028
0.928468 0.074126
0.920031 0.080094
0.911165 0.088201
0.901879 0.094144
0.892183 0.101345
0.882087 0.108821
0.871601 0.116692
0.860735 0.125147
0.849501 0.132172
0.837910 0.140771
0.825974 0.149149
0.813704 0.158195
0.801113 0.166832
0.788214 0.174990
0.775019 0.183066
0.761541 0.190870
0.747795 0.199963
0.733792 0.206912
0.719548 0.214504
0.705077 0.220994
0.690392 0.227572
0.675509 0.234292
0.660442 0.240558
0.645206 0.246654
0.629817 0.252499
0.614290 0.257655
0.598640 0.263283
0.582884 0.267148
0.567036 0.271196
0.551113 0.274393
0.535131 0.278005
0.519106 0.281560
0.503054 0.285089
0.486991 0.287087
0.470934 0.289029
0.454898 0.291144
0.438900 0.291828
0.422956 0.292890
0.407083 0.293234
0.391295 0.293790
0.375610 0.293271
0.360044 0.291949
0.344612 0.290278
0.329330 0.288577
0.314213 0.285640
0.299279 0.282715
0.284541 0.279372
0.270015 0.275441
0.255717 0.271265
0.241661 0.266556
0.227862 0.262135
0.214336 0.256279
0.201095 0.249282
0.188155 0.243474
0.175530 0.236532
0.163234 0.230398
0.151280 0.222949
0.139681 0.215191
0.128452 0.207500
0.117606 0.199197
0.107155 0.193135
0.097113 0.182669
0.087493 0.174424
0.078306 0.164683
0.069566 0.156320
0.061285 0.147260
0.053474 0.137374
0.046150 0.128359
0.039326 0.119028
0.033014 0.109802
0.027230 0.100322
0.021980 0.090061
0.017277 0.079571
0.013141 0.069485
0.009573 0.060139
0.006583 0.049526
0.004188 0.039931
0.002354 0.031281
0.001081 0.023763
0.000371 0.017486
0.000077 0.013220
0.000005 0.010161
0.000000 0.009348
0.000005 0.008063
0.000077 0.006339
0.000371 0.000976
0.001081 -0.004808
0.002353 -0.010473
0.004188 -0.015945
0.006585 -0.021051
0.009576 -0.027095
0.013145 -0.030577
0.017281 -0.033830
0.021983 -0.036282
0.027232 -0.040257
0.033016 -0.040612
0.039328 -0.040720
0.046152 -0.043317
0.053476 -0.036553
0.061287 -0.042214
0.069568 -0.038686
0.078308 -0.033559
0.087495 -0.027910
0.097115 -0.024698
0.107157 -0.019118
0.117608 -0.014838
0.128454 -0.008446
0.139683 -0.001608
0.151282 0.002624
0.163235 0.008665
0.175532 0.014287
0.188157 0.020050
0.201097 0.024812
0.214337 0.029846
0.227864 0.035207
0.241663 0.041301
0.255719 0.042803
0.270017 0.051905
0.284542 0.053674
0.299280 0.058952
0.314215 0.062828
0.329331 0.064692
0.344613 0.068021
0.360045 0.072390
0.375611 0.074048
0.391296 0.074927
0.407083 0.076360
0.422957 0.077838
0.438901 0.078546
0.454899 0.079889
0.470935 0.080167
0.486992 0.080037
0.503055 0.079591
0.519107 0.079796
0.535132 0.079963
0.551114 0.080713
0.567036 0.080113
0.582884 0.078272
0.598640 0.078088
0.614290 0.077029
0.629817 0.076886
0.645206 0.075120
0.660442 0.072994
0.675509 0.071676
0.690393 0.070704
0.705077 0.068679
0.719549 0.065806
0.733793 0.062058
0.747795 0.060777
0.761542 0.057378
0.775019 0.054724
0.788214 0.051129
0.801113 0.047176
0.813704 0.043508
0.825973 0.040000
0.837910 0.038433
0.849501 0.035602
0.860735 0.033960
0.871601 0.031555
0.882088 0.030534
0.892184 0.026862
0.901880 0.024024
0.911165 0.022044
0.920031 0.019339
0.928468 0.016912
0.936467 0.014467
0.944019 0.011743
0.951116 0.008795
0.957751 0.006745
0.963920 0.003576
0.969616 0.002123
0.974836 0.000425
0.979575 -0.001134
0.983831 -0.001781
0.987598 -0.003378
0.990874 -0.003220
0.993653 -0.003014
0.995934 -0.005193
0.997711 -0.003634
0.998982 -0.002552
0.999745 -0.004649
1.000000 -0.005996
