1.000000 0.006973
0.999745 0.009051
0.998982 0.010717
0.997711 0.011955
0.995933 0.013670
0.993653 0.014352
0.990874 0.015849
0.987598 0.015251
0.983830 0.018073
0.979575 0.020433
0.974836 0.022160
0.969616 0.025121
0.963920 0.028998
0.957751 0.032480
0.951116 0.037228
0.944019 0.040817
0.936467 0.045687
0.928468 0.050675
0.920031 0.055371
0.911165 0.060604
0.901879 0.066332
0.892183 0.071920
0.882087 0.077834
0.871601 0.083852
0.860735 0.088855
0.849501 0.094992
0.837910 0.101693
0.825974 0.108143
0.813704 0.115059
0.801113 0.121657
0.788214 0.127141
0.775019 0.133258
0.761541 0.140594
0.747795 0.147599
0.733792 0.154200
0.719548 0.160677
0.705077 0.166639
0.690392 0.172851
0.675509 0.178310
0.660442 0.183451
0.645206 0.188284
0.629817 0.192632
0.614290 0.197487
0.598640 0.201508
0.582884 0.205722
0.567036 0.209323
0.551113 0.212035
0.535131 0.216041
0.519106 0.217927
0.503054 0.220934
0.486991 0.222641
0.470934 0.223979
0.454898 0.225196
0.438900 0.224166
0.422956 0.225346
0.407083 0.226534
0.391295 0.226672
0.375610 0.227096
0.360044 0.226966
0.344612 0.226364
0.329330 0.226084
0.314213 0.225107
0.299279 0.224237
0.284541 0.222596
0.270015 0.221528
0.255717 0.219029
0.241661 0.217111
0.227862 0.214566
0.214336 0.213319
0.201095 0.211332
0.188155 0.208857
0.175530 0.207449
0.163234 0.204166
0.151280 0.199305
0.139681 0.197760
0.128452 0.193096
0.117606 0.189174
0.107155 0.186136
0.097113 0.181279
0.087493 0.177370
0.078306 0.172318
0.069566 0.166733
0.061285 0.160397
0.053474 0.152897
0.046150 0.145120
0.039326 0.137515
0.033014 0.129261
0.027230 0.118977
0.021980 0.107699
0.017277 0.095755
0.013141 0.083235
0.009573 0.070506
0.006583 0.058511
0.004188 0.046429
0.002354 0.034554
0.001081 0.025493
0.000371 0.018883
0.000077 0.013914
0.000005 0.010949
0.000000 0.009867
0.000005 0.009221
0.000077 0.005218
0.000371 -0.000168
0.001081 -0.006111
0.002353 -0.014291
0.004188 -0.023468
0.006585 -0.032929
0.009576 -0.041397
0.013145 -0.048724
0.017281 -0.055572
0.021983 -0.061737
0.027232 -0.067646
0.033016 -0.072790
0.039328 -0.077663
0.046152 -0.082035
0.053476 -0.087549
0.061287 -0.092149
0.069568 -0.096045
0.078308 -0.099284
0.087495 -0.104776
0.097115 -0.106678
0.107157 -0.110165
0.117608 -0.114586
0.128454 -0.118205
0.139683 -0.121510
0.151282 -0.123983
0.163235 -0.127261
0.175532 -0.129666
0.188157 -0.133993
0.201097 -0.134301
0.214337 -0.137833
0.227864 -0.139174
0.241663 -0.141271
0.255719 -0.142870
0.270017 -0.145018
0.284542 -0.144709
0.299280 -0.148029
0.314215 -0.146152
0.329331 -0.147183
0.344613 -0.147362
0.360045 -0.143348
0.375611 -0.145491
0.391296 -0.142806
0.407083 -0.139924
0.422957 -0.137909
0.438901 -0.133694
0.454899 -0.130044
0.470935 -0.125914
0.486992 -0.121977
0.503055 -0.116425
0.519107 -0.111217
0.535132 -0.106133
0.551114 -0.100958
0.567036 -0.092227
0.582884 -0.087816
0.598640 -0.080911
0.614290 -0.072519
0.629817 -0.066151
0.645206 -0.059383
0.660442 -0.051954
0.675509 -0.044689
0.690393 -0.038247
0.705077 -0.031926
0.719549 -0.026816
0.733793 -0.021267
0.747795 -0.016771
0.761542 -0.011434
0.775019 -0.009564
0.788214 -0.004770
0.801113 -0.001228
0.813704 0.001499
0.825973 0.003140
0.837910 0.006041
0.849501 0.008505
0.860735 0.009971
0.871601 0.011378
0.882088 0.013167
0.892184 0.013515
0.901880 0.015188
0.911165 0.014928
0.920031 0.016005
0.928468 0.016391
0.936467 0.016478
0.944019 0.016484
0.951116 0.015820
0.957751 0.014136
0.963920 0.014632
0.969616 0.013294
0.974836 0.013160
0.979575 0.012587
0.983831 0.011228
0.987598 0.010949
0.990874 0.010716
0.993653 0.008996
0.995934 0.009051
0.997711 0.008449
0.998982 0.007880
0.999745 0.007382
1.000000 0.005686
