1.000000 0.013297
0.999745 0.015213
0.998982 0.015596
0.997711 0.016660
0.995933 0.017718
0.993653 0.019066
0.990874 0.018684
0.987598 0.020329
0.983830 0.020822
0.979575 0.021922
0.974836 0.023759
0.969616 0.024866
0.963920 0.028108
0.957751 0.030437
0.951116 0.034428
0.944019 0.038792
0.936467 0.042899
0.928468 0.047557
0.920031 0.052411
0.911165 0.057882
0.901879 0.063471
0.892183 0.069118
0.882087 0.075938
0.871601 0.082133
0.860735 0.089891
0.849501 0.095857
0.837910 0.105060
0.825974 0.113208
0.813704 0.121897
0.801113 0.130605
0.788214 0.139730
0.775019 0.149282
0.761541 0.159344
0.747795 0.169531
0.733792 0.179235
0.719548 0.189445
0.705077 0.199092
0.690392 0.209397
0.675509 0.219850
0.660442 0.230898
0.645206 0.241210
0.629817 0.250853
0.614290 0.260167
0.598640 0.268643
0.582884 0.277122
0.567036 0.284653
0.551113 0.292197
0.535131 0.300172
0.519106 0.306967
0.503054 0.312894
0.486991 0.317941
0.470934 0.323611
0.454898 0.326413
0.438900 0.330260
0.422956 0.333074
0.407083 0.335694
0.391295 0.337805
0.375610 0.339262
0.360044 0.340916
0.344612 0.341487
0.329330 0.341489
0.314213 0.341085
0.299279 0.339482
0.284541 0.340078
0.270015 0.335719
0.255717 0.333036
0.241661 0.329614
0.227862 0.325352
0.214336 0.321824
0.201095 0.314226
0.188155 0.308450
0.175530 0.302575
0.163234 0.295130
0.151280 0.286662
0.139681 0.278415
0.128452 0.269359
0.117606 0.261894
0.107155 0.252130
0.097113 0.240382
0.087493 0.228326
0.078306 0.217096
0.069566 0.204993
0.061285 0.192627
0.053474 0.178675
0.046150 0.165240
0.039326 0.151366
0.033014 0.137724
0.027230 0.124814
0.021980 0.108834
0.017277 0.093634
0.013141 0.077877
0.009573 0.065678
0.006583 0.053424
0.004188 0.041913
0.002354 0.032052
0.001081 0.023606
0.000371 0.017640
0.000077 0.012576
0.000005 0.009526
0.000000 0.008693
0.000005 0.008149
0.000077 0.005647
0.000371 -0.000065
0.001081 -0.005465
0.002353 -0.013570
0.004188 -0.023440
0.006585 -0.032198
0.009576 -0.043515
0.013145 -0.053265
0.017281 -0.062748
0.021983 -0.071621
0.027232 -0.081242
0.033016 -0.088267
0.039328 -0.094545
0.046152 -0.100101
0.053476 -0.105070
0.061287 -0.110036
0.069568 -0.113612
0.078308 -0.118100
0.087495 -0.122259
0.097115 -0.127105
0.107157 -0.129411
0.117608 -0.132663
0.128454 -0.133156
0.139683 -0.134404
0.151282 -0.136181
0.163235 -0.137245
0.175532 -0.137738
0.188157 -0.138111
0.201097 -0.138463
0.214337 -0.138762
0.227864 -0.137844
0.241663 -0.138922
0.255719 -0.138082
0.270017 -0.136807
0.284542 -0.137911
0.299280 -0.136830
0.314215 -0.136372
0.329331 -0.136054
0.344613 -0.135645
0.360045 -0.135850
0.375611 -0.133951
0.391296 -0.133561
0.407083 -0.133864
0.422957 -0.131785
0.438901 -0.131166
0.454899 -0.131649
0.470935 -0.130038
0.486992 -0.130171
0.503055 -0.128137
0.519107 -0.128653
0.535132 -0.128124
0.551114 -0.128082
0.567036 -0.126110
0.582884 -0.124643
0.598640 -0.123587
0.614290 -0.122428
0.629817 -0.122676
0.645206 -0.118638
0.660442 -0.117079
0.675509 -0.114747
0.690393 -0.112813
0.705077 -0.109839
0.719549 -0.106853
0.733793 -0.103692
0.747795 -0.099896
0.761542 -0.096027
0.775019 -0.092333
0.788214 -0.088647
0.801113 -0.084678
0.813704 -0.079016
0.825973 -0.075922
0.837910 -0.070719
0.849501 -0.066660
0.860735 -0.061574
0.871601 -0.057175
0.882088 -0.052911
0.892184 -0.049870
0.901880 -0.045779
0.911165 -0.040944
0.920031 -0.037726
0.928468 -0.034992
0.936467 -0.029315
0.944019 -0.024856
0.951116 -0.022554
0.957751 -0.017744
0.963920 -0.015477
0.969616 -0.011975
0.974836 -0.007952
0.979575 -0.006621
0.983831 -0.004281
0.987598 -0.001906
0.990874 -0.000225
0.993653 0.001817
0.995934 0.002825
0.997711 0.004807
0.998982 0.003990
0.999745 0.005048
1.000000 0.003937
