1.000000 0.008964
0.999745 0.010233
0.998982 0.012719
0.997711 0.013012
0.995933 0.014735
0.993653 0.017279
0.990874 0.018788
0.987598 0.020739
0.983830 0.023928
0.979575 0.026703
0.974836 0.030717
0.969616 0.034350
0.963920 0.039275
0.957751 0.043832
0.951116 0.048942
0.944019 0.054746
0.936467 0.059637
0.928468 0.065672
0.920031 0.069811
0.911165 0.077334
0.901879 0.083200
0.892183 0.090052
0.882087 0.095778
0.871601 0.100579
0.860735 0.107604
0.849501 0.114935
0.837910 0.121980
0.825974 0.129652
0.813704 0.136785
0.801113 0.144402
0.788214 0.152391
0.775019 0.159343
0.761541 0.166989
0.747795 0.175063
0.733792 0.182042
0.719548 0.189901
0.705077 0.197039
0.690392 0.204024
0.675509 0.211264
0.660442 0.217625
0.645206 0.225354
0.629817 0.230065
0.614290 0.236234
0.598640 0.241736
0.582884 0.248407
0.567036 0.252860
0.551113 0.257939
0.535131 0.261845
0.519106 0.266228
0.503054 0.269145
0.486991 0.272152
0.470934 0.275071
0.454898 0.278201
0.438900 0.280658
0.422956 0.282232
0.407083 0.282407
0.391295 0.282338
0.375610 0.282242
0.360044 0.281903
0.344612 0.282921
0.329330 0.280560
0.314213 0.278447
0.299279 0.277722
0.284541 0.273722
0.270015 0.271977
0.255717 0.269061
0.241661 0.265669
0.227862 0.263048
0.214336 0.258219
0.201095 0.253530
0.188155 0.248137
0.175530 0.243269
0.163234 0.237180
0.151280 0.230508
0.139681 0.224148
0.128452 0.215226
0.117606 0.207819
0.107155 0.200220
0.097113 0.191814
0.087493 0.184875
0.078306 0.176776
0.069566 0.168300
0.061285 0.159869
0.053474 0.150369
0.046150 0.141836
0.039326 0.132263
0.033014 0.122202
0.027230 0.110500
0.021980 0.098888
0.017277 0.086830
0.013141 0.074999
0.009573 0.063770
0.006583 0.053864
0.004188 0.043777
0.002354 0.034045
0.001081 0.025103
0.000371 0.018444
0.000077 0.013338
0.000005 0.010902
0.000000 0.010784
0.000005 0.008777
0.000077 0.006642
0.000371 0.000730
0.001081 -0.004367
0.002353 -0.013424
0.004188 -0.021620
0.006585 -0.030116
0.009576 -0.039355
0.013145 -0.047593
0.017281 -0.057474
0.021983 -0.063989
0.027232 -0.071305
0.033016 -0.076523
0.039328 -0.082705
0.046152 -0.088071
0.053476 -0.092872
0.061287 -0.097933
0.069568 -0.103097
0.078308 -0.106645
0.087495 -0.110043
0.097115 -0.113677
0.107157 -0.117071
0.117608 -0.118923
0.128454 -0.121198
0.139683 -0.123596
0.151282 -0.124480
0.163235 -0.126209
0.175532 -0.127575
0.188157 -0.128450
0.201097 -0.129809
0.214337 -0.131256
0.227864 -0.131826
0.241663 -0.131862
0.255719 -0.132295
0.270017 -0.134356
0.284542 -0.134525
0.299280 -0.134971
0.314215 -0.134840
0.329331 -0.133869
0.344613 -0.133619
0.360045 -0.134401
0.375611 -0.132806
0.391296 -0.131740
0.407083 -0.130838
0.422957 -0.129745
0.438901 -0.126740
0.454899 -0.124615
0.470935 -0.121613
0.486992 -0.120146
0.503055 -0.119651
0.519107 -0.114024
0.535132 -0.111027
0.551114 -0.108429
0.567036 -0.104538
0.582884 -0.101797
0.598640 -0.096718
0.614290 -0.092858
0.629817 -0.088914
0.645206 -0.084955
0.660442 -0.081042
0.675509 -0.075868
0.690393 -0.072134
0.705077 -0.067947
0.719549 -0.063170
0.733793 -0.058754
0.747795 -0.055457
0.761542 -0.050904
0.775019 -0.046397
0.788214 -0.043290
0.801113 -0.038767
0.813704 -0.034885
0.825973 -0.032015
0.837910 -0.028361
0.849501 -0.025453
0.860735 -0.023012
0.871601 -0.018906
0.882088 -0.015829
0.892184 -0.013215
0.901880 -0.011393
0.911165 -0.009440
0.920031 -0.006865
0.928468 -0.004704
0.936467 -0.002808
0.944019 -0.001190
0.951116 0.000449
0.957751 0.001948
0.963920 0.003465
0.969616 0.004474
0.974836 0.005801
0.979575 0.006070
0.983831 0.006680
0.987598 0.007438
0.990874 0.006990
0.993653 0.007946
0.995934 0.008071
0.997711 0.007246
0.998982 0.008116
0.999745 0.007167
1.000000 0.007772
