1.000000 -0.000324
0.999745 -0.000114
0.998982 0.000511
0.997711 0.001515
0.995933 0.002840
0.993653 0.004550
0.990874 0.006714
0.987598 0.009320
0.983830 0.012343
0.979575 0.015803
0.974836 0.019711
0.969616 0.024045
0.963920 0.028771
0.957751 0.033849
0.951116 0.039221
0.944019 0.044835
0.936467 0.050683
0.928468 0.056777
0.920031 0.063122
0.911165 0.069706
0.901879 0.076557
0.892183 0.083710
0.882087 0.091136
0.871601 0.098808
0.860735 0.106716
0.849501 0.114857
0.837910 0.123296
0.825974 0.131983
0.813704 0.140861
0.801113 0.149915
0.788214 0.159102
0.775019 0.168389
0.761541 0.177656
0.747795 0.186893
0.733792 0.196080
0.719548 0.205186
0.705077 0.214154
0.690392 0.222993
0.675509 0.231637
0.660442 0.240080
0.645206 0.248272
0.629817 0.256163
0.614290 0.263730
0.598640 0.270963
0.582884 0.277855
0.567036 0.284348
0.551113 0.290414
0.535131 0.296041
0.519106 0.301229
0.503054 0.305939
0.486991 0.310154
0.470934 0.313907
0.454898 0.317190
0.438900 0.319961
0.422956 0.322202
0.407083 0.323945
0.391295 0.325201
0.375610 0.325943
0.360044 0.326168
0.344612 0.325903
0.329330 0.325134
0.314213 0.323820
0.299279 0.321985
0.284541 0.319677
0.270015 0.316859
0.255717 0.313494
0.241661 0.309587
0.227862 0.305139
0.214336 0.300125
0.201095 0.294542
0.188155 0.288420
0.175530 0.281742
0.163234 0.274468
0.151280 0.266582
0.139681 0.258085
0.128452 0.248966
0.117606 0.239265
0.107155 0.229062
0.097113 0.218430
0.087493 0.207400
0.078306 0.195924
0.069566 0.183948
0.061285 0.171543
0.053474 0.158927
0.046150 0.146172
0.039326 0.133382
0.033014 0.120567
0.027230 0.107733
0.021980 0.094882
0.017277 0.082134
0.013141 0.069653
0.009573 0.057620
0.006583 0.046259
0.004188 0.035660
0.002354 0.026034
0.001081 0.017714
0.000371 0.011025
0.000077 0.006163
0.000005 0.003234
0.000000 0.002255
0.000005 0.001307
0.000077 -0.001546
0.000371 -0.006133
0.001081 -0.012187
0.002353 -0.019153
0.004188 -0.026268
0.006585 -0.033164
0.009576 -0.039993
0.013145 -0.046158
0.017281 -0.051699
0.021983 -0.056907
0.027232 -0.061815
0.033016 -0.066443
0.039328 -0.070878
0.046152 -0.075171
0.053476 -0.079301
0.061287 -0.083278
0.069568 -0.087145
0.078308 -0.090867
0.087495 -0.094392
0.097115 -0.097732
0.107157 -0.100880
0.117608 -0.103907
0.128454 -0.106759
0.139683 -0.109465
0.151282 -0.111986
0.163235 -0.114302
0.175532 -0.116391
0.188157 -0.118267
0.201097 -0.119934
0.214337 -0.121370
0.227864 -0.122586
0.241663 -0.123576
0.255719 -0.124324
0.270017 -0.124793
0.284542 -0.124986
0.299280 -0.124921
0.314215 -0.124602
0.329331 -0.124014
0.344613 -0.123154
0.360045 -0.122013
0.375611 -0.120608
0.391296 -0.118928
0.407083 -0.116960
0.422957 -0.114739
0.438901 -0.112297
0.454899 -0.109651
0.470935 -0.106810
0.486992 -0.103807
0.503055 -0.100663
0.519107 -0.097379
0.535132 -0.093969
0.551114 -0.090454
0.567036 -0.086836
0.582884 -0.083101
0.598640 -0.079247
0.614290 -0.075289
0.629817 -0.071219
0.645206 -0.067046
0.660442 -0.062804
0.675509 -0.058541
0.690393 -0.054278
0.705077 -0.050032
0.719549 -0.045834
0.733793 -0.041721
0.747795 -0.037684
0.761542 -0.033768
0.775019 -0.029992
0.788214 -0.026378
0.801113 -0.022951
0.813704 -0.019745
0.825973 -0.016748
0.837910 -0.013978
0.849501 -0.011445
0.860735 -0.009162
0.871601 -0.007108
0.882088 -0.005277
0.892184 -0.003684
0.901880 -0.002318
0.911165 -0.001213
0.920031 -0.000348
0.928468 0.000323
0.936467 0.000830
0.944019 0.001188
0.951116 0.001443
0.957751 0.001638
0.963920 0.001765
0.969616 0.001781
0.974836 0.001653
0.979575 0.001359
0.983831 0.000931
0.987598 0.000421
0.990874 -0.000105
0.993653 -0.000624
0.995934 -0.001120
0.997711 -0.001530
0.998982 -0.001779
0.999745 -0.001900
1.000000 -0.001939
