1.000000 0.001231
0.999745 0.001431
0.998982 0.002027
0.997711 0.002986
0.995933 0.004252
0.993653 0.005883
0.990874 0.007942
0.987598 0.010435
0.983830 0.013343
0.979575 0.016673
0.974836 0.020426
0.969616 0.024582
0.963920 0.029111
0.957751 0.033974
0.951116 0.039106
0.944019 0.044451
0.936467 0.050005
0.928468 0.055792
0.920031 0.061824
0.911165 0.068079
0.901879 0.074603
0.892183 0.081446
0.882087 0.088572
0.871601 0.095954
0.860735 0.103586
0.849501 0.111481
0.837910 0.119699
0.825974 0.128186
0.813704 0.136884
0.801113 0.145783
0.788214 0.154853
0.775019 0.164062
0.761541 0.173306
0.747795 0.182568
0.733792 0.191837
0.719548 0.201089
0.705077 0.210273
0.690392 0.219390
0.675509 0.228381
0.660442 0.237238
0.645206 0.245907
0.629817 0.254340
0.614290 0.262517
0.598640 0.270427
0.582884 0.278055
0.567036 0.285334
0.551113 0.292236
0.535131 0.298757
0.519106 0.304884
0.503054 0.310567
0.486991 0.315793
0.470934 0.320593
0.454898 0.324953
0.438900 0.328822
0.422956 0.332184
0.407083 0.335066
0.391295 0.337470
0.375610 0.339345
0.360044 0.340681
0.344612 0.341503
0.329330 0.341797
0.314213 0.341505
0.299279 0.340622
0.284541 0.339178
0.270015 0.337131
0.255717 0.334421
0.241661 0.331040
0.227862 0.326987
0.214336 0.322213
0.201095 0.316712
0.188155 0.310512
0.175530 0.303600
0.163234 0.295941
0.151280 0.287511
0.139681 0.278327
0.128452 0.268391
0.117606 0.257761
0.107155 0.246525
0.097113 0.234755
0.087493 0.222492
0.078306 0.209710
0.069566 0.196364
0.061285 0.182568
0.053474 0.168569
0.046150 0.154468
0.039326 0.140377
0.033014 0.126345
0.027230 0.112387
0.021980 0.098515
0.017277 0.084863
0.013141 0.071612
0.009573 0.058971
0.006583 0.047149
0.004188 0.036232
0.002354 0.026411
0.001081 0.017994
0.000371 0.011264
0.000077 0.006387
0.000005 0.003452
0.000000 0.002470
0.000005 0.001527
0.000077 -0.001298
0.000371 -0.005802
0.001081 -0.011685
0.002353 -0.018338
0.004188 -0.024950
0.006585 -0.031148
0.009576 -0.037101
0.013145 -0.042139
0.017281 -0.046318
0.021983 -0.050062
0.027232 -0.053538
0.033016 -0.056792
0.039328 -0.059922
0.046152 -0.062987
0.053476 -0.065986
0.061287 -0.068928
0.069568 -0.071840
0.078308 -0.074686
0.087495 -0.077422
0.097115 -0.080065
0.107157 -0.082617
0.117608 -0.085143
0.128454 -0.087593
0.139683 -0.089980
0.151282 -0.092264
0.163235 -0.094416
0.175532 -0.096403
0.188157 -0.098228
0.201097 -0.099886
0.214337 -0.101364
0.227864 -0.102665
0.241663 -0.103799
0.255719 -0.104744
0.270017 -0.105460
0.284542 -0.105945
0.299280 -0.106219
0.314215 -0.106284
0.329331 -0.106113
0.344613 -0.105699
0.360045 -0.105031
0.375611 -0.104127
0.391296 -0.102971
0.407083 -0.101537
0.422957 -0.099867
0.438901 -0.097996
0.454899 -0.095939
0.470935 -0.093699
0.486992 -0.091321
0.503055 -0.088830
0.519107 -0.086229
0.535132 -0.083525
0.551114 -0.080729
0.567036 -0.077840
0.582884 -0.074849
0.598640 -0.071758
0.614290 -0.068570
0.629817 -0.065266
0.645206 -0.061852
0.660442 -0.058364
0.675509 -0.054847
0.690393 -0.051310
0.705077 -0.047758
0.719549 -0.044220
0.733793 -0.040744
0.747795 -0.037332
0.761542 -0.034007
0.775019 -0.030777
0.788214 -0.027662
0.801113 -0.024697
0.813704 -0.021900
0.825973 -0.019252
0.837910 -0.016770
0.849501 -0.014468
0.860735 -0.012351
0.871601 -0.010407
0.882088 -0.008635
0.892184 -0.007052
0.901880 -0.005658
0.911165 -0.004490
0.920031 -0.003524
0.928468 -0.002712
0.936467 -0.002026
0.944019 -0.001451
0.951116 -0.000945
0.957751 -0.000471
0.963920 -0.000047
0.969616 0.000273
0.974836 0.000447
0.979575 0.000445
0.983831 0.000294
0.987598 0.000040
0.990874 -0.000256
0.993653 -0.000577
0.995934 -0.000908
0.997711 -0.001185
0.998982 -0.001339
0.999745 -0.001406
1.000000 -0.001426
