1.000000 0.007994
0.999745 0.010934
0.998982 0.009862
0.997711 0.010067
0.995933 0.008896
0.993653 0.008864
0.990874 0.008231
0.987598 0.008577
0.983830 0.010022
0.979575 0.011048
0.974836 0.011798
0.969616 0.013529
0.963920 0.015233
0.957751 0.016988
0.951116 0.018941
0.944019 0.021116
0.936467 0.022331
0.928468 0.026100
0.920031 0.025924
0.911165 0.029678
0.901879 0.031891
0.892183 0.035828
0.882087 0.038815
0.871601 0.042244
0.860735 0.045862
0.849501 0.049447
0.837910 0.054173
0.825974 0.058781
0.813704 0.064387
0.801113 0.070459
0.788214 0.075804
0.775019 0.082592
0.761541 0.086867
0.747795 0.093138
0.733792 0.099169
0.719548 0.105650
0.705077 0.110957
0.690392 0.117795
0.675509 0.123881
0.660442 0.131713
0.645206 0.138392
0.629817 0.145296
0.614290 0.152615
0.598640 0.160237
0.582884 0.168026
0.567036 0.176086
0.551113 0.184010
0.535131 0.191158
0.519106 0.198831
0.503054 0.205935
0.486991 0.213751
0.470934 0.220319
0.454898 0.228128
0.438900 0.233799
0.422956 0.240722
0.407083 0.247793
0.391295 0.254933
0.375610 0.260157
0.360044 0.265643
0.344612 0.270844
0.329330 0.276186
0.314213 0.280579
0.299279 0.284393
0.284541 0.287362
0.270015 0.291446
0.255717 0.292424
0.241661 0.292926
0.227862 0.292052
0.214336 0.291481
0.201095 0.288814
0.188155 0.286007
0.175530 0.281338
0.163234 0.275893
0.151280 0.270058
0.139681 0.262697
0.128452 0.254636
0.117606 0.244914
0.107155 0.234411
0.097113 0.224768
0.087493 0.213294
0.078306 0.201227
0.069566 0.188684
0.061285 0.176251
0.053474 0.164139
0.046150 0.150825
0.039326 0.138002
0.033014 0.124805
0.027230 0.111442
0.021980 0.099103
0.017277 0.086880
0.013141 0.074885
0.009573 0.062603
0.006583 0.051355
0.004188 0.040150
0.002354 0.031634
0.001081 0.023690
0.000371 0.017466
0.000077 0.012621
0.000005 0.010313
0.000000 0.008304
0.000005 0.007695
0.000077 0.005547
0.000371 0.000478
0.001081 -0.004327
0.002353 -0.010424
0.004188 -0.017936
0.006585 -0.025878
0.009576 -0.033995
0.013145 -0.040965
0.017281 -0.049042
0.021983 -0.057948
0.027232 -0.067166
0.033016 -0.075780
0.039328 -0.081611
0.046152 -0.087109
0.053476 -0.095084
0.061287 -0.101091
0.069568 -0.106725
0.078308 -0.111582
0.087495 -0.115773
0.097115 -0.120889
0.107157 -0.125308
0.117608 -0.129744
0.128454 -0.132668
0.139683 -0.136643
0.151282 -0.139779
0.163235 -0.142733
0.175532 -0.146406
0.188157 -0.147770
0.201097 -0.150048
0.214337 -0.150640
0.227864 -0.153002
0.241663 -0.154118
0.255719 -0.154072
0.270017 -0.154615
0.284542 -0.156986
0.299280 -0.155080
0.314215 -0.153711
0.329331 -0.152916
0.344613 -0.152406
0.360045 -0.150776
0.375611 -0.149572
0.391296 -0.149504
0.407083 -0.146685
0.422957 -0.145080
0.438901 -0.143433
0.454899 -0.141799
0.470935 -0.139523
0.486992 -0.137781
0.503055 -0.135345
0.519107 -0.133917
0.535132 -0.131121
0.551114 -0.128579
0.567036 -0.126431
0.582884 -0.123139
0.598640 -0.120553
0.614290 -0.117399
0.629817 -0.114136
0.645206 -0.108521
0.660442 -0.107658
0.675509 -0.101476
0.690393 -0.099366
0.705077 -0.093159
0.719549 -0.088280
0.733793 -0.084799
0.747795 -0.081151
0.761542 -0.078656
0.775019 -0.072974
0.788214 -0.069007
0.801113 -0.065556
0.813704 -0.061472
0.825973 -0.058325
0.837910 -0.054483
0.849501 -0.050248
0.860735 -0.045126
0.871601 -0.042457
0.882088 -0.037916
0.892184 -0.035580
0.901880 -0.031687
0.911165 -0.029011
0.920031 -0.023531
0.928468 -0.023508
0.936467 -0.017338
0.944019 -0.015679
0.951116 -0.010363
0.957751 -0.009141
0.963920 -0.006788
0.969616 -0.004899
0.974836 -0.003046
0.979575 -0.001843
0.983831 0.000965
0.987598 0.001796
0.990874 0.003390
0.993653 0.003721
0.995934 0.004691
0.997711 0.005625
0.998982 0.006792
0.999745 0.010399
1.000000 0.008778
