1.000000 0.007100
0.999745 0.007733
0.998982 0.007464
0.997711 0.006247
0.995933 0.006405
0.993653 0.007658
0.990874 0.008835
0.987598 0.010484
0.983830 0.011421
0.979575 0.013848
0.974836 0.015607
0.969616 0.016504
0.963920 0.019759
0.957751 0.021905
0.951116 0.024991
0.944019 0.027008
0.936467 0.030373
0.928468 0.033376
0.920031 0.037751
0.911165 0.040453
0.901879 0.043463
0.892183 0.048315
0.882087 0.052285
0.871601 0.057317
0.860735 0.061234
0.849501 0.066682
0.837910 0.070936
0.825974 0.077193
0.813704 0.080245
0.801113 0.085511
0.788214 0.091185
0.775019 0.096544
0.761541 0.101342
0.747795 0.105867
0.733792 0.111099
0.719548 0.116496
0.705077 0.121699
0.690392 0.126703
0.675509 0.132918
0.660442 0.138002
0.645206 0.142558
0.629817 0.147229
0.614290 0.152863
0.598640 0.158382
0.582884 0.163907
0.567036 0.168288
0.551113 0.173248
0.535131 0.177196
0.519106 0.182019
0.503054 0.186161
0.486991 0.190304
0.470934 0.194173
0.454898 0.197815
0.438900 0.201108
0.422956 0.203297
0.407083 0.205644
0.391295 0.207962
0.375610 0.210979
0.360044 0.212954
0.344612 0.214868
0.329330 0.215380
0.314213 0.216982
0.299279 0.217696
0.284541 0.218520
0.270015 0.219193
0.255717 0.219003
0.241661 0.218911
0.227862 0.216995
0.214336 0.215160
0.201095 0.213204
0.188155 0.211440
0.175530 0.209565
0.163234 0.208157
0.151280 0.205301
0.139681 0.202593
0.128452 0.199316
0.117606 0.195698
0.107155 0.191132
0.097113 0.186642
0.087493 0.178956
0.078306 0.172820
0.069566 0.164474
0.061285 0.157228
0.053474 0.148779
0.046150 0.141059
0.039326 0.132258
0.033014 0.122462
0.027230 0.111178
0.021980 0.099456
0.017277 0.087787
0.013141 0.074572
0.009573 0.064877
0.006583 0.053168
0.004188 0.042196
0.002354 0.031599
0.001081 0.022990
0.000371 0.016904
0.000077 0.012183
0.000005 0.009309
0.000000 0.008213
0.000005 0.007234
0.000077 0.004267
0.000371 -0.001599
0.001081 -0.009260
0.002353 -0.016894
0.004188 -0.025129
0.006585 -0.032599
0.009576 -0.040012
0.013145 -0.042894
0.017281 -0.045549
0.021983 -0.047351
0.027232 -0.049566
0.033016 -0.051786
0.039328 -0.052979
0.046152 -0.054168
0.053476 -0.057036
0.061287 -0.057072
0.069568 -0.059440
0.078308 -0.060931
0.087495 -0.064505
0.097115 -0.064132
0.107157 -0.064632
0.117608 -0.066185
0.128454 -0.067897
0.139683 -0.069870
0.151282 -0.073176
0.163235 -0.074104
0.175532 -0.075954
0.188157 -0.078495
0.201097 -0.079056
0.214337 -0.080670
0.227864 -0.081614
0.241663 -0.083696
0.255719 -0.085075
0.270017 -0.086616
0.284542 -0.087255
0.299280 -0.087670
0.314215 -0.088087
0.329331 -0.090508
0.344613 -0.090019
0.360045 -0.091244
0.375611 -0.090847
0.391296 -0.091731
0.407083 -0.092161
0.422957 -0.091271
0.438901 -0.091407
0.454899 -0.092447
0.470935 -0.089968
0.486992 -0.090656
0.503055 -0.090235
0.519107 -0.089152
0.535132 -0.087996
0.551114 -0.086339
0.567036 -0.085046
0.582884 -0.083387
0.598640 -0.083083
0.614290 -0.080063
0.629817 -0.078343
0.645206 -0.076998
0.660442 -0.075191
0.675509 -0.072591
0.690393 -0.070484
0.705077 -0.068929
0.719549 -0.066894
0.733793 -0.064238
0.747795 -0.061224
0.761542 -0.059840
0.775019 -0.057079
0.788214 -0.055211
0.801113 -0.052019
0.813704 -0.050040
0.825973 -0.046657
0.837910 -0.044895
0.849501 -0.042837
0.860735 -0.040659
0.871601 -0.038576
0.882088 -0.035968
0.892184 -0.035261
0.901880 -0.032114
0.911165 -0.030492
0.920031 -0.028112
0.928468 -0.026780
0.936467 -0.024469
0.944019 -0.021516
0.951116 -0.018911
0.957751 -0.016262
0.963920 -0.013758
0.969616 -0.011370
0.974836 -0.008518
0.979575 -0.007107
0.983831 -0.005006
0.987598 -0.002477
0.990874 -0.000585
0.993653 0.002289
0.995934 0.002234
0.997711 0.004416
0.998982 0.005918
0.999745 0.005282
1.000000 0.007831
