1.000000 0.012884
0.999745 0.013094
0.998982 0.016128
0.997711 0.018063
0.995933 0.019100
0.993653 0.019784
0.990874 0.020887
0.987598 0.024259
0.983830 0.026314
0.979575 0.029909
0.974836 0.033886
0.969616 0.037625
0.963920 0.041769
0.957751 0.047004
0.951116 0.052943
0.944019 0.059085
0.936467 0.065025
0.928468 0.070165
0.920031 0.077206
0.911165 0.085318
0.901879 0.093480
0.892183 0.101718
0.882087 0.109966
0.871601 0.119146
0.860735 0.127736
0.849501 0.136448
0.837910 0.144944
0.825974 0.153423
0.813704 0.162373
0.801113 0.171146
0.788214 0.181003
0.775019 0.190232
0.761541 0.199731
0.747795 0.210343
0.733792 0.219604
0.719548 0.229429
0.705077 0.238531
0.690392 0.247573
0.675509 0.257078
0.660442 0.264617
0.645206 0.273880
0.629817 0.281868
0.614290 0.290311
0.598640 0.297814
0.582884 0.305010
0.567036 0.312023
0.551113 0.318877
0.535131 0.325455
0.519106 0.332050
0.503054 0.338102
0.486991 0.343507
0.470934 0.348538
0.454898 0.353214
0.438900 0.357056
0.422956 0.360944
0.407083 0.363688
0.391295 0.365599
0.375610 0.367276
0.360044 0.368364
0.344612 0.369241
0.329330 0.369608
0.314213 0.369379
0.299279 0.369315
0.284541 0.367625
0.270015 0.365759
0.255717 0.362571
0.241661 0.359183
0.227862 0.354196
0.214336 0.348431
0.201095 0.342356
0.188155 0.335366
0.175530 0.327848
0.163234 0.320347
0.151280 0.310050
0.139681 0.300251
0.128452 0.289482
0.117606 0.278651
0.107155 0.267042
0.097113 0.255002
0.087493 0.242140
0.078306 0.228229
0.069566 0.215044
0.061285 0.201561
0.053474 0.183703
0.046150 0.168394
0.039326 0.153008
0.033014 0.138747
0.027230 0.125235
0.021980 0.111009
0.017277 0.095919
0.013141 0.082465
0.009573 0.069030
0.006583 0.056488
0.004188 0.044808
0.002354 0.033574
0.001081 0.025903
0.000371 0.018583
0.000077 0.013456
0.000005 0.010841
0.000000 0.009477
0.000005 0.008802
0.000077 0.005592
0.000371 -0.000195
0.001081 -0.005405
0.002353 -0.013931
0.004188 -0.022334
0.006585 -0.032670
0.009576 -0.043524
0.013145 -0.049693
0.017281 -0.058624
0.021983 -0.062581
0.027232 -0.068700
0.033016 -0.071359
0.039328 -0.074624
0.046152 -0.078136
0.053476 -0.077077
0.061287 -0.080199
0.069568 -0.080948
0.078308 -0.081445
0.087495 -0.081536
0.097115 -0.081543
0.107157 -0.081860
0.117608 -0.081534
0.128454 -0.080360
0.139683 -0.080792
0.151282 -0.080122
0.163235 -0.079154
0.175532 -0.078030
0.188157 -0.077303
0.201097 -0.076036
0.214337 -0.075770
0.227864 -0.075510
0.241663 -0.074032
0.255719 -0.072944
0.270017 -0.071276
0.284542 -0.071356
0.299280 -0.069846
0.314215 -0.067514
0.329331 -0.065493
0.344613 -0.064293
0.360045 -0.063413
0.375611 -0.061511
0.391296 -0.060234
0.407083 -0.057634
0.422957 -0.054814
0.438901 -0.053254
0.454899 -0.050837
0.470935 -0.049708
0.486992 -0.048772
0.503055 -0.047318
0.519107 -0.045469
0.535132 -0.043011
0.551114 -0.041986
0.567036 -0.040097
0.582884 -0.038924
0.598640 -0.036694
0.614290 -0.035626
0.629817 -0.032684
0.645206 -0.031358
0.660442 -0.030292
0.675509 -0.028353
0.690393 -0.027488
0.705077 -0.025384
0.719549 -0.023292
0.733793 -0.022975
0.747795 -0.020770
0.761542 -0.019745
0.775019 -0.019335
0.788214 -0.017072
0.801113 -0.016093
0.813704 -0.014255
0.825973 -0.013939
0.837910 -0.010975
0.849501 -0.010239
0.860735 -0.009423
0.871601 -0.008307
0.882088 -0.005838
0.892184 -0.003635
0.901880 -0.003482
0.911165 -0.002926
0.920031 -0.001390
0.928468 -0.001108
0.936467 -0.000399
0.944019 -0.000423
0.951116 0.000356
0.957751 -0.000254
0.963920 0.000452
0.969616 0.000426
0.974836 0.000149
0.979575 0.001055
0.983831 0.000471
0.987598 -0.000038
0.990874 0.000127
0.993653 -0.000569
0.995934 0.000588
0.997711 0.000947
0.998982 0.002099
0.999745 0.001109
1.000000 0.000131
