1.000000 0.007940
0.999745 0.008012
0.998982 0.008761
0.997711 0.010580
0.995933 0.011406
0.993653 0.011159
0.990874 0.012032
0.987598 0.013905
0.983830 0.016687
0.979575 0.017890
0.974836 0.020440
0.969616 0.023485
0.963920 0.027414
0.957751 0.031158
0.951116 0.033655
0.944019 0.040275
0.936467 0.041603
0.928468 0.047576
0.920031 0.051914
0.911165 0.057071
0.901879 0.062313
0.892183 0.069237
0.882087 0.075474
0.871601 0.081698
0.860735 0.088337
0.849501 0.094766
0.837910 0.101440
0.825974 0.108602
0.813704 0.116703
0.801113 0.122277
0.788214 0.130812
0.775019 0.138660
0.761541 0.146966
0.747795 0.154902
0.733792 0.162087
0.719548 0.170505
0.705077 0.178334
0.690392 0.186296
0.675509 0.194010
0.660442 0.200785
0.645206 0.208020
0.629817 0.214800
0.614290 0.221875
0.598640 0.227482
0.582884 0.233964
0.567036 0.238909
0.551113 0.243676
0.535131 0.249049
0.519106 0.252318
0.503054 0.254710
0.486991 0.258601
0.470934 0.261744
0.454898 0.264353
0.438900 0.266459
0.422956 0.267591
0.407083 0.269327
0.391295 0.270033
0.375610 0.270470
0.360044 0.270201
0.344612 0.269663
0.329330 0.269108
0.314213 0.268286
0.299279 0.266800
0.284541 0.264243
0.270015 0.261586
0.255717 0.258844
0.241661 0.255690
0.227862 0.251820
0.214336 0.247488
0.201095 0.245060
0.188155 0.239755
0.175530 0.234627
0.163234 0.229377
0.151280 0.223712
0.139681 0.218259
0.128452 0.212565
0.117606 0.204285
0.107155 0.197164
0.097113 0.189290
0.087493 0.181680
0.078306 0.174154
0.069566 0.165807
0.061285 0.157101
0.053474 0.147347
0.046150 0.137949
0.039326 0.128736
0.033014 0.120545
0.027230 0.110635
0.021980 0.099222
0.017277 0.088585
0.013141 0.077417
0.009573 0.066619
0.006583 0.055520
0.004188 0.044571
0.002354 0.033405
0.001081 0.025398
0.000371 0.018560
0.000077 0.013927
0.000005 0.011117
0.000000 0.010238
0.000005 0.009295
0.000077 0.006831
0.000371 0.002776
0.001081 -0.002737
0.002353 -0.010404
0.004188 -0.017352
0.006585 -0.024480
0.009576 -0.031614
0.013145 -0.037967
0.017281 -0.043570
0.021983 -0.049478
0.027232 -0.055148
0.033016 -0.062004
0.039328 -0.065404
0.046152 -0.070406
0.053476 -0.074787
0.061287 -0.079111
0.069568 -0.083194
0.078308 -0.087745
0.087495 -0.091770
0.097115 -0.094889
0.107157 -0.097632
0.117608 -0.100456
0.128454 -0.101856
0.139683 -0.105164
0.151282 -0.105321
0.163235 -0.110673
0.175532 -0.110724
0.188157 -0.112499
0.201097 -0.113812
0.214337 -0.115969
0.227864 -0.115483
0.241663 -0.117924
0.255719 -0.118015
0.270017 -0.117917
0.284542 -0.119704
0.299280 -0.118719
0.314215 -0.119220
0.329331 -0.119857
0.344613 -0.120039
0.360045 -0.118424
0.375611 -0.119585
0.391296 -0.118005
0.407083 -0.117489
0.422957 -0.115641
0.438901 -0.113654
0.454899 -0.112789
0.470935 -0.110525
0.486992 -0.109175
0.503055 -0.108122
0.519107 -0.104245
0.535132 -0.102124
0.551114 -0.098873
0.567036 -0.095977
0.582884 -0.093708
0.598640 -0.090136
0.614290 -0.086342
0.629817 -0.082795
0.645206 -0.080754
0.660442 -0.075960
0.675509 -0.073270
0.690393 -0.068804
0.705077 -0.064060
0.719549 -0.059870
0.733793 -0.055812
0.747795 -0.051482
0.761542 -0.048817
0.775019 -0.045110
0.788214 -0.041623
0.801113 -0.038647
0.813704 -0.034292
0.825973 -0.032491
0.837910 -0.029522
0.849501 -0.026514
0.860735 -0.024051
0.871601 -0.020654
0.882088 -0.017806
0.892184 -0.015665
0.901880 -0.013211
0.911165 -0.010406
0.920031 -0.008010
0.928468 -0.007001
0.936467 -0.005646
0.944019 -0.004249
0.951116 -0.001972
0.957751 0.000265
0.963920 0.000834
0.969616 0.002406
0.974836 0.003654
0.979575 0.003839
0.983831 0.003821
0.987598 0.003889
0.990874 0.005281
0.993653 0.005737
0.995934 0.006564
0.997711 0.006320
0.998982 0.006975
0.999745 0.006034
1.000000 0.005732
