1.000000 0.005371
0.999745 0.010890
0.998982 0.010140
0.997711 0.010228
0.995933 0.011047
0.993653 0.012285
0.990874 0.013199
0.987598 0.014770
0.983830 0.016611
0.979575 0.018184
0.974836 0.021141
0.969616 0.023882
0.963920 0.026737
0.957751 0.030482
0.951116 0.034433
0.944019 0.037988
0.936467 0.040963
0.928468 0.044584
0.920031 0.049163
0.911165 0.053897
0.901879 0.058002
0.892183 0.062512
0.882087 0.067075
0.871601 0.071672
0.860735 0.076804
0.849501 0.081361
0.837910 0.086723
0.825974 0.092102
0.813704 0.096932
0.801113 0.101242
0.788214 0.104525
0.775019 0.109373
0.761541 0.114285
0.747795 0.119440
0.733792 0.123912
0.719548 0.129340
0.705077 0.133644
0.690392 0.137954
0.675509 0.143020
0.660442 0.147767
0.645206 0.152256
0.629817 0.157058
0.614290 0.161453
0.598640 0.166032
0.582884 0.171408
0.567036 0.176686
0.551113 0.181963
0.535131 0.186766
0.519106 0.191763
0.503054 0.195775
0.486991 0.200166
0.470934 0.205046
0.454898 0.208256
0.438900 0.211542
0.422956 0.215432
0.407083 0.219390
0.391295 0.224082
0.375610 0.226642
0.360044 0.230540
0.344612 0.234089
0.329330 0.237580
0.314213 0.241502
0.299279 0.244276
0.284541 0.248175
0.270015 0.251428
0.255717 0.254489
0.241661 0.259015
0.227862 0.260509
0.214336 0.262570
0.201095 0.263054
0.188155 0.262421
0.175530 0.262653
0.163234 0.261018
0.151280 0.258722
0.139681 0.255056
0.128452 0.252075
0.117606 0.245346
0.107155 0.238234
0.097113 0.229627
0.087493 0.220895
0.078306 0.209878
0.069566 0.197696
0.061285 0.185342
0.053474 0.172807
0.046150 0.160303
0.039326 0.147022
0.033014 0.132760
0.027230 0.118532
0.021980 0.104982
0.017277 0.091123
0.013141 0.077450
0.009573 0.064082
0.006583 0.051128
0.004188 0.040435
0.002354 0.030422
0.001081 0.021519
0.000371 0.017094
0.000077 0.013001
0.000005 0.010796
0.000000 0.008938
0.000005 0.009687
0.000077 0.005317
0.000371 0.000933
0.001081 -0.003840
0.002353 -0.014600
0.004188 -0.024352
0.006585 -0.035790
0.009576 -0.047988
0.013145 -0.060202
0.017281 -0.074216
0.021983 -0.087307
0.027232 -0.103002
0.033016 -0.116882
0.039328 -0.132197
0.046152 -0.144293
0.053476 -0.157819
0.061287 -0.169160
0.069568 -0.181213
0.078308 -0.191190
0.087495 -0.200637
0.097115 -0.208377
0.107157 -0.215812
0.117608 -0.220105
0.128454 -0.224406
0.139683 -0.227753
0.151282 -0.229425
0.163235 -0.232387
0.175532 -0.232792
0.188157 -0.233368
0.201097 -0.232258
0.214337 -0.231163
0.227864 -0.232007
0.241663 -0.229390
0.255719 -0.227283
0.270017 -0.224221
0.284542 -0.220974
0.299280 -0.219102
0.314215 -0.214680
0.329331 -0.211554
0.344613 -0.208137
0.360045 -0.205477
0.375611 -0.200448
0.391296 -0.196335
0.407083 -0.190926
0.422957 -0.189195
0.438901 -0.183408
0.454899 -0.178965
0.470935 -0.176087
0.486992 -0.171497
0.503055 -0.166561
0.519107 -0.161853
0.535132 -0.157036
0.551114 -0.153682
0.567036 -0.147245
0.582884 -0.141664
0.598640 -0.137749
0.614290 -0.133220
0.629817 -0.128980
0.645206 -0.123011
0.660442 -0.119613
0.675509 -0.114591
0.690393 -0.110189
0.705077 -0.106209
0.719549 -0.101463
0.733793 -0.097688
0.747795 -0.093283
0.761542 -0.089050
0.775019 -0.083825
0.788214 -0.080171
0.801113 -0.075642
0.813704 -0.071170
0.825973 -0.067322
0.837910 -0.062430
0.849501 -0.058338
0.860735 -0.053935
0.871601 -0.050392
0.882088 -0.046911
0.892184 -0.044777
0.901880 -0.039846
0.911165 -0.035244
0.920031 -0.031454
0.928468 -0.027903
0.936467 -0.023126
0.944019 -0.020108
0.951116 -0.017321
0.957751 -0.013268
0.963920 -0.010851
0.969616 -0.008240
0.974836 -0.005806
0.979575 -0.003805
0.983831 -0.000628
0.987598 0.001594
0.990874 0.002481
0.993653 0.004948
0.995934 0.006371
0.997711 0.006693
0.998982 0.007717
0.999745 0.007253
1.000000 0.008301
