2032c
1.000000 0.001600
0.999744 0.001656
0.998976 0.001822
0.997697 0.002100
0.995909 0.002489
0.993612 0.002987
0.990810 0.003596
0.987505 0.004313
0.983701 0.005138
0.979400 0.006070
0.974608 0.007107
0.969329 0.008248
0.963568 0.009490
0.957331 0.010831
0.950623 0.012267
0.943452 0.013796
0.935823 0.015413
0.927744 0.017118
0.919223 0.018905
0.910269 0.020772
0.900890 0.022716
0.891095 0.024733
0.880894 0.026819
0.870296 0.028970
0.859312 0.031182
0.847953 0.033450
0.836229 0.035770
0.824153 0.038137
0.811735 0.040546
0.798987 0.042993
0.785923 0.045473
0.772554 0.047979
0.758894 0.050507
0.744957 0.053051
0.730755 0.055606
0.716302 0.058164
0.701613 0.060722
0.686702 0.063272
0.671583 0.065810
0.656271 0.068327
0.640781 0.070819
0.625129 0.073279
0.609329 0.075700
0.593398 0.078077
0.577350 0.080402
0.561202 0.082668
0.544970 0.084866
0.528669 0.086988
0.512315 0.089027
0.495925 0.090975
0.479516 0.092825
0.463103 0.094569
0.446704 0.096202
0.430334 0.097716
0.414011 0.099106
0.397752 0.100367
0.381573 0.101493
0.365492 0.102473
0.349526 0.103299
0.333694 0.103961
0.318012 0.104452
0.302497 0.104766
0.287167 0.104898
0.272039 0.104842
0.257130 0.104592
0.242457 0.104143
0.228040 0.103472
0.213901 0.102538
0.200061 0.101306
0.186542 0.099750
0.173374 0.097852
0.160584 0.095600
0.148197 0.092992
0.136238 0.090033
0.124735 0.086742
0.113712 0.083143
0.103188 0.079266
0.093179 0.075140
0.083705 0.070802
0.074788 0.066288
0.066432 0.061641
0.058607 0.056915
0.051281 0.052163
0.044436 0.047434
0.038115 0.042764
0.032365 0.038186
0.027212 0.033736
0.022651 0.029446
0.018547 0.025351
0.014711 0.021486
0.011040 0.017881
0.007683 0.014541
0.004916 0.011459
0.002848 0.008653
0.001453 0.006160
0.000622 0.004028
0.000203 0.002305
0.000041 0.001037
0.000003 0.000261
0.000000 0.000000
0.000007 -0.000249
0.000116 -0.000946
0.000565 -0.001951
0.001680 -0.003058
0.003772 -0.004040
0.006988 -0.004708
0.011131 -0.004983
0.015525 -0.004963
0.019808 -0.004726
0.024185 -0.004292
0.029082 -0.003724
0.034653 -0.003043
0.040852 -0.002247
0.047584 -0.001338
0.054712 -0.000322
0.062178 0.000795
0.070016 0.002011
0.078277 0.003322
0.086995 0.004718
0.096147 0.006185
0.105705 0.007705
0.115649 0.009265
0.125973 0.010863
0.136668 0.012496
0.147727 0.014161
0.159144 0.015855
0.170908 0.017573
0.183006 0.019311
0.195426 0.021063
0.208154 0.022823
0.221178 0.024576
0.234487 0.026300
0.248073 0.027971
0.261922 0.029565
0.276024 0.031063
0.290363 0.032450
0.304925 0.033708
0.319694 0.034828
0.334655 0.035810
0.349791 0.036655
0.365085 0.037367
0.380519 0.037948
0.396078 0.038404
0.411742 0.038741
0.427495 0.038962
0.443321 0.039070
0.459204 0.039069
0.475126 0.038963
0.491071 0.038757
0.507023 0.038456
0.522964 0.038065
0.538879 0.037587
0.554751 0.037028
0.570565 0.036390
0.586303 0.035679
0.601949 0.034899
0.617488 0.034056
0.632905 0.033157
0.648183 0.032207
0.663308 0.031212
0.678264 0.030180
0.693037 0.029116
0.707612 0.028026
0.721975 0.026915
0.736110 0.025784
0.750004 0.024637
0.763643 0.023475
0.777013 0.022301
0.790100 0.021118
0.802892 0.019928
0.815376 0.018737
0.827539 0.017548
0.839370 0.016367
0.850857 0.015199
0.861989 0.014048
0.872755 0.012919
0.883144 0.011816
0.893146 0.010742
0.902752 0.009701
0.911951 0.008695
0.920735 0.007724
0.929094 0.006790
0.937020 0.005894
0.944506 0.005036
0.951543 0.004220
0.958125 0.003447
0.964246 0.002722
0.969900 0.002047
0.975080 0.001424
0.979783 0.000856
0.984003 0.000345
0.987737 -0.000108
0.990981 -0.000502
0.993731 -0.000837
0.995985 -0.001111
0.997740 -0.001325
0.998995 -0.001478
0.999749 -0.001569
1.000000 -0.001600