ag03
1.000000 0.000662
0.999746 0.000689
0.998985 0.000771
0.997716 0.000907
0.995942 0.001096
0.993664 0.001339
0.990884 0.001632
0.987605 0.001975
0.983831 0.002365
0.979563 0.002799
0.974808 0.003277
0.969569 0.003797
0.963852 0.004360
0.957663 0.004970
0.951008 0.005626
0.943895 0.006331
0.936330 0.007083
0.928321 0.007880
0.919876 0.008720
0.911004 0.009605
0.901712 0.010529
0.892012 0.011494
0.881911 0.012494
0.871421 0.013528
0.860551 0.014593
0.849313 0.015688
0.837717 0.016808
0.825775 0.017950
0.813499 0.019114
0.800901 0.020295
0.787994 0.021490
0.774791 0.022700
0.761305 0.023920
0.747548 0.025149
0.733537 0.026384
0.719283 0.027627
0.704802 0.028873
0.690109 0.030120
0.675217 0.031364
0.660142 0.032604
0.644898 0.033833
0.629501 0.035052
0.613967 0.036253
0.598310 0.037435
0.582546 0.038592
0.566692 0.039724
0.550762 0.040821
0.534774 0.041882
0.518742 0.042904
0.502683 0.043880
0.486613 0.044811
0.470548 0.045687
0.454504 0.046510
0.438499 0.047274
0.422547 0.047978
0.406665 0.048620
0.390870 0.049195
0.375177 0.049703
0.359602 0.050140
0.344161 0.050503
0.328871 0.050793
0.313746 0.051002
0.298803 0.051130
0.284056 0.051174
0.269522 0.051132
0.255215 0.050999
0.241151 0.050775
0.227344 0.050455
0.213809 0.050038
0.200560 0.049522
0.187613 0.048903
0.174980 0.048181
0.162677 0.047353
0.150717 0.046418
0.139114 0.045374
0.127882 0.044220
0.117033 0.042957
0.106582 0.041584
0.096541 0.040100
0.086923 0.038511
0.077741 0.036814
0.069009 0.035012
0.060737 0.033111
0.052939 0.031119
0.045627 0.029039
0.038812 0.026880
0.032509 0.024648
0.026732 0.022344
0.021498 0.019975
0.016821 0.017555
0.012718 0.015105
0.009198 0.012652
0.006272 0.010236
0.003942 0.007905
0.002197 0.005722
0.001007 0.003766
0.000319 0.002120
0.000038 0.000877
0.000004 0.000112
0.000003 -0.000144
0.000019 -0.000397
0.000238 -0.001128
0.001026 -0.002110
0.002450 -0.003160
0.004441 -0.004232
0.006995 -0.005292
0.010088 -0.006315
0.013712 -0.007284
0.017855 -0.008187
0.022505 -0.009021
0.027654 -0.009777
0.033292 -0.010453
0.039410 -0.011051
0.045999 -0.011569
0.053051 -0.012007
0.060556 -0.012368
0.068506 -0.012660
0.076891 -0.012884
0.085703 -0.013040
0.094931 -0.013133
0.104567 -0.013170
0.114599 -0.013158
0.125018 -0.013102
0.135813 -0.013008
0.146973 -0.012886
0.158487 -0.012748
0.170343 -0.012594
0.182530 -0.012427
0.195035 -0.012246
0.207846 -0.012061
0.220950 -0.011870
0.234333 -0.011675
0.247982 -0.011477
0.261884 -0.011275
0.276024 -0.011070
0.290388 -0.010860
0.304962 -0.010649
0.319731 -0.010434
0.334681 -0.010217
0.349795 -0.009998
0.365059 -0.009775
0.380458 -0.009552
0.395976 -0.009326
0.411597 -0.009099
0.427306 -0.008871
0.443087 -0.008642
0.458923 -0.008412
0.474800 -0.008180
0.490700 -0.007950
0.506609 -0.007718
0.522510 -0.007487
0.538386 -0.007257
0.554223 -0.007026
0.570004 -0.006797
0.585712 -0.006569
0.601334 -0.006342
0.616851 -0.006116
0.632250 -0.005893
0.647514 -0.005670
0.662629 -0.005451
0.677578 -0.005234
0.692347 -0.005019
0.706921 -0.004807
0.721285 -0.004599
0.735426 -0.004393
0.749327 -0.004191
0.762977 -0.003993
0.776360 -0.003798
0.789464 -0.003608
0.802274 -0.003422
0.814779 -0.003241
0.826966 -0.003063
0.838822 -0.002890
0.850336 -0.002723
0.861495 -0.002561
0.872290 -0.002404
0.882707 -0.002253
0.892739 -0.002107
0.902373 -0.001966
0.911601 -0.001832
0.920413 -0.001705
0.928801 -0.001584
0.936755 -0.001468
0.944268 -0.001359
0.951333 -0.001256
0.957941 -0.001159
0.964088 -0.001070
0.969765 -0.000988
0.974968 -0.000912
0.979692 -0.000843
0.983931 -0.000781
0.987682 -0.000727
0.990940 -0.000680
0.993703 -0.000640
0.995967 -0.000607
0.997730 -0.000581
0.998991 -0.000563
0.999748 -0.000552
1.000000 -0.000548