ag13
1.000000 0.000474
0.999746 0.000499
0.998986 0.000573
0.997720 0.000696
0.995949 0.000869
0.993675 0.001094
0.990901 0.001370
0.987629 0.001699
0.983863 0.002078
0.979605 0.002501
0.974861 0.002965
0.969634 0.003472
0.963931 0.004023
0.957756 0.004616
0.951116 0.005245
0.944017 0.005907
0.936467 0.006604
0.928473 0.007335
0.920043 0.008101
0.911185 0.008900
0.901909 0.009731
0.892224 0.010592
0.882140 0.011481
0.871665 0.012395
0.860812 0.013332
0.849591 0.014291
0.838012 0.015270
0.826088 0.016268
0.813831 0.017284
0.801253 0.018317
0.788367 0.019365
0.775185 0.020429
0.761722 0.021505
0.747989 0.022590
0.734002 0.023683
0.719774 0.024783
0.705319 0.025887
0.690652 0.026992
0.675788 0.028096
0.660741 0.029196
0.645527 0.030291
0.630160 0.031376
0.614656 0.032450
0.599031 0.033509
0.583300 0.034550
0.567480 0.035571
0.551585 0.036568
0.535632 0.037539
0.519636 0.038480
0.503615 0.039388
0.487583 0.040258
0.471557 0.041090
0.455554 0.041877
0.439588 0.042617
0.423677 0.043306
0.407836 0.043941
0.392081 0.044516
0.376429 0.045031
0.360894 0.045481
0.345494 0.045862
0.330244 0.046171
0.315158 0.046406
0.300254 0.046564
0.285546 0.046641
0.271049 0.046635
0.256779 0.046546
0.242750 0.046369
0.228977 0.046106
0.215475 0.045751
0.202258 0.045306
0.189341 0.044765
0.176736 0.044128
0.164459 0.043392
0.152523 0.042556
0.140941 0.041620
0.129726 0.040583
0.118892 0.039444
0.108451 0.038205
0.098416 0.036868
0.088800 0.035432
0.079614 0.033897
0.070871 0.032266
0.062583 0.030545
0.054761 0.028736
0.047419 0.026840
0.040568 0.024866
0.034219 0.022819
0.028385 0.020709
0.023080 0.018543
0.018312 0.016338
0.014096 0.014111
0.010437 0.011890
0.007345 0.009706
0.004822 0.007595
0.002869 0.005605
0.001462 0.003804
0.000574 0.002262
0.000136 0.001062
0.000009 0.000306
0.000000 0.000052
0.000008 -0.000201
0.000125 -0.000955
0.000647 -0.002103
0.001862 -0.003390
0.003764 -0.004624
0.006267 -0.005803
0.009329 -0.006930
0.012932 -0.007992
0.017060 -0.008981
0.021701 -0.009896
0.026845 -0.010730
0.032480 -0.011483
0.038598 -0.012155
0.045188 -0.012747
0.052243 -0.013262
0.059753 -0.013699
0.067710 -0.014057
0.076103 -0.014338
0.084924 -0.014548
0.094163 -0.014688
0.103809 -0.014761
0.113853 -0.014772
0.124284 -0.014722
0.135092 -0.014614
0.146264 -0.014450
0.157791 -0.014231
0.169659 -0.013961
0.181857 -0.013641
0.194372 -0.013274
0.207193 -0.012864
0.220305 -0.012412
0.233697 -0.011922
0.247353 -0.011396
0.261261 -0.010839
0.275407 -0.010252
0.289777 -0.009640
0.304356 -0.009008
0.319130 -0.008358
0.334083 -0.007698
0.349202 -0.007029
0.364471 -0.006355
0.379874 -0.005680
0.395397 -0.005007
0.411024 -0.004339
0.426739 -0.003680
0.442526 -0.003031
0.458371 -0.002397
0.474255 -0.001779
0.490165 -0.001183
0.506084 -0.000609
0.521995 -0.000062
0.537884 0.000454
0.553733 0.000937
0.569527 0.001386
0.585251 0.001798
0.600887 0.002171
0.616421 0.002505
0.631837 0.002803
0.647118 0.003061
0.662250 0.003282
0.677217 0.003466
0.692004 0.003614
0.706597 0.003726
0.720979 0.003805
0.735137 0.003851
0.749057 0.003866
0.762723 0.003851
0.776123 0.003809
0.789244 0.003742
0.802070 0.003651
0.814591 0.003540
0.826792 0.003409
0.838663 0.003262
0.850190 0.003099
0.861362 0.002925
0.872168 0.002741
0.882598 0.002548
0.892640 0.002350
0.902284 0.002147
0.911522 0.001941
0.920343 0.001736
0.928738 0.001533
0.936700 0.001333
0.944221 0.001137
0.951291 0.000947
0.957906 0.000763
0.964058 0.000588
0.969740 0.000423
0.974948 0.000268
0.979675 0.000125
0.983918 -0.000004
0.987671 -0.000120
0.990932 -0.000218
0.993697 -0.000299
0.995963 -0.000363
0.997728 -0.000412
0.998990 -0.000447
0.999747 -0.000467
1.000000 -0.000474