ag44ct02r
1.000000 0.000267
0.999746 0.000294
0.998983 0.000376
0.997712 0.000512
0.995936 0.000702
0.993655 0.000949
0.990871 0.001253
0.987589 0.001615
0.983811 0.002031
0.979540 0.002497
0.974781 0.003009
0.969537 0.003568
0.963815 0.004176
0.957621 0.004830
0.950960 0.005525
0.943838 0.006261
0.936264 0.007039
0.928244 0.007860
0.919788 0.008719
0.910902 0.009610
0.901595 0.010529
0.891877 0.011479
0.881759 0.012459
0.871249 0.013463
0.860357 0.014485
0.849096 0.015530
0.837476 0.016597
0.825510 0.017682
0.813208 0.018778
0.800583 0.019883
0.787648 0.020999
0.774416 0.022119
0.760899 0.023237
0.747112 0.024359
0.733067 0.025473
0.718780 0.026580
0.704263 0.027671
0.689575 0.029220
0.674692 0.030808
0.659623 0.032377
0.644385 0.033930
0.628991 0.035461
0.613458 0.036968
0.597802 0.038446
0.582037 0.039892
0.566179 0.041298
0.550244 0.042664
0.534249 0.043978
0.518208 0.045238
0.502139 0.046438
0.486056 0.047577
0.469978 0.048651
0.453919 0.049661
0.437897 0.050600
0.421928 0.051466
0.406028 0.052259
0.390213 0.052975
0.374500 0.053612
0.358904 0.054167
0.343441 0.054639
0.328129 0.055022
0.312981 0.055315
0.298015 0.055513
0.283245 0.055615
0.268688 0.055616
0.254358 0.055512
0.240271 0.055300
0.226442 0.054976
0.212886 0.054538
0.199618 0.053981
0.186653 0.053302
0.174005 0.052501
0.161689 0.051574
0.149720 0.050519
0.138112 0.049335
0.126879 0.048023
0.116035 0.046580
0.105594 0.045010
0.095570 0.043314
0.085977 0.041494
0.076828 0.039557
0.068136 0.037505
0.059915 0.035342
0.052178 0.033078
0.044937 0.030723
0.038203 0.028289
0.031989 0.025789
0.026305 0.023238
0.021161 0.020656
0.016570 0.018061
0.012537 0.015478
0.009074 0.012934
0.006185 0.010461
0.003877 0.008100
0.002139 0.005904
0.000965 0.003934
0.000294 0.002274
0.000042 0.001023
0.000002 0.000256
0.000000 0.000000
0.000011 -0.000252
0.000160 -0.000999
0.000676 -0.002157
0.001821 -0.003494
0.003680 -0.004802
0.006140 -0.006065
0.009168 -0.007285
0.012739 -0.008453
0.016836 -0.009567
0.021449 -0.010622
0.026565 -0.011614
0.032176 -0.012538
0.038273 -0.013395
0.044845 -0.014180
0.051885 -0.014894
0.059382 -0.015534
0.067329 -0.016103
0.075714 -0.016602
0.084529 -0.017037
0.093764 -0.017410
0.103408 -0.017720
0.113452 -0.017968
0.123884 -0.018157
0.134694 -0.018289
0.145871 -0.018365
0.157402 -0.018392
0.169277 -0.018375
0.181482 -0.018315
0.194006 -0.018216
0.206836 -0.018082
0.219959 -0.017913
0.233361 -0.017713
0.247030 -0.017485
0.260951 -0.017230
0.275110 -0.016950
0.289493 -0.016646
0.304086 -0.016322
0.318874 -0.015975
0.333842 -0.015608
0.348975 -0.015224
0.364257 -0.014824
0.379674 -0.014409
0.395210 -0.013981
0.410850 -0.013543
0.426576 -0.013094
0.442375 -0.012638
0.458229 -0.012175
0.474123 -0.011708
0.490042 -0.011236
0.505968 -0.010765
0.521886 -0.010293
0.537780 -0.009823
0.553635 -0.009357
0.569433 -0.008895
0.585159 -0.008441
0.600798 -0.007992
0.616334 -0.007554
0.631750 -0.007127
0.647033 -0.006710
0.662165 -0.006305
0.677132 -0.005914
0.691919 -0.005537
0.706511 -0.005176
0.720894 -0.004830
0.735052 -0.004499
0.748972 -0.004186
0.762639 -0.003889
0.776040 -0.003610
0.789161 -0.003347
0.801989 -0.003101
0.814512 -0.002873
0.826715 -0.002661
0.838588 -0.002463
0.850118 -0.002278
0.861293 -0.002101
0.872103 -0.001934
0.882536 -0.001778
0.892582 -0.001630
0.902230 -0.001491
0.911471 -0.001363
0.920296 -0.001241
0.928696 -0.001129
0.936662 -0.001024
0.944186 -0.000927
0.951261 -0.000838
0.957879 -0.000755
0.964034 -0.000681
0.969720 -0.000612
0.974931 -0.000551
0.979662 -0.000496
0.983907 -0.000447
0.987663 -0.000404
0.990927 -0.000368
0.993693 -0.000337
0.995961 -0.000312
0.997726 -0.000292
0.998989 -0.000278
0.999747 -0.000270
1.000000 -0.000267