ag46ct02r
1.000000 0.000346
0.999746 0.000368
0.998984 0.000436
0.997715 0.000548
0.995941 0.000705
0.993662 0.000907
0.990882 0.001153
0.987603 0.001442
0.983829 0.001774
0.979562 0.002147
0.974808 0.002559
0.969570 0.003010
0.963855 0.003498
0.957667 0.004022
0.951014 0.004580
0.943901 0.005171
0.936336 0.005792
0.928326 0.006443
0.919880 0.007122
0.911004 0.007824
0.901710 0.008549
0.892005 0.009296
0.881899 0.010063
0.871403 0.010846
0.860527 0.011642
0.849281 0.012451
0.837678 0.013272
0.825728 0.014101
0.813444 0.014935
0.800838 0.015774
0.787923 0.016614
0.774711 0.017455
0.761216 0.018293
0.747451 0.019127
0.733431 0.019956
0.719168 0.020774
0.704679 0.021587
0.690006 0.022794
0.675142 0.024105
0.660094 0.025400
0.644879 0.026687
0.629510 0.027961
0.614004 0.029222
0.598375 0.030467
0.582641 0.031697
0.566817 0.032906
0.550918 0.034096
0.534961 0.035266
0.518962 0.036411
0.502937 0.037534
0.486901 0.038624
0.470870 0.039660
0.454860 0.040636
0.438886 0.041553
0.422966 0.042403
0.407114 0.043187
0.391348 0.043902
0.375684 0.044542
0.360137 0.045109
0.344723 0.045599
0.329459 0.046009
0.314359 0.046335
0.299440 0.046577
0.284716 0.046730
0.270204 0.046792
0.255918 0.046764
0.241874 0.046641
0.228085 0.046423
0.214568 0.046109
0.201336 0.045696
0.188403 0.045186
0.175784 0.044577
0.163492 0.043869
0.151541 0.043062
0.139944 0.042155
0.128714 0.041151
0.117865 0.040046
0.107409 0.038844
0.097358 0.037543
0.087725 0.036141
0.078524 0.034638
0.069767 0.033033
0.061467 0.031325
0.053638 0.029511
0.046292 0.027595
0.039443 0.025585
0.033105 0.023485
0.027289 0.021305
0.022009 0.019059
0.017280 0.016762
0.013112 0.014433
0.009521 0.012098
0.006514 0.009790
0.004099 0.007551
0.002276 0.005437
0.001037 0.003515
0.000324 0.001879
0.000055 0.000636
0.000014 -0.000129
0.000012 -0.000384
0.000025 -0.000636
0.000192 -0.001379
0.000771 -0.002507
0.002000 -0.003766
0.003927 -0.004968
0.006444 -0.006107
0.009524 -0.007185
0.013138 -0.008200
0.017273 -0.009149
0.021919 -0.010029
0.027063 -0.010847
0.032695 -0.011600
0.038808 -0.012285
0.045394 -0.012901
0.052443 -0.013447
0.059948 -0.013925
0.067898 -0.014335
0.076286 -0.014680
0.085101 -0.014966
0.094333 -0.015195
0.103974 -0.015367
0.114013 -0.015486
0.124440 -0.015554
0.135243 -0.015570
0.146412 -0.015540
0.157935 -0.015468
0.169800 -0.015355
0.181996 -0.015207
0.194510 -0.015025
0.207330 -0.014812
0.220442 -0.014573
0.233834 -0.014310
0.247492 -0.014028
0.261402 -0.013732
0.275551 -0.013426
0.289924 -0.013110
0.304506 -0.012786
0.319284 -0.012455
0.334242 -0.012119
0.349365 -0.011779
0.364638 -0.011439
0.380046 -0.011102
0.395573 -0.010761
0.411204 -0.010425
0.426922 -0.010090
0.442713 -0.009763
0.458559 -0.009435
0.474445 -0.009109
0.490356 -0.008777
0.506274 -0.008445
0.522185 -0.008115
0.538071 -0.007783
0.553918 -0.007451
0.569708 -0.007119
0.585426 -0.006790
0.601057 -0.006463
0.616585 -0.006137
0.631993 -0.005815
0.647266 -0.005496
0.662390 -0.005182
0.677349 -0.004872
0.692127 -0.004566
0.706710 -0.004269
0.721083 -0.003977
0.735232 -0.003690
0.749143 -0.003408
0.762801 -0.003137
0.776193 -0.002870
0.789305 -0.002612
0.802124 -0.002361
0.814637 -0.002119
0.826832 -0.001890
0.838696 -0.001680
0.850217 -0.001486
0.861385 -0.001309
0.872187 -0.001150
0.882612 -0.001005
0.892651 -0.000880
0.902293 -0.000774
0.911528 -0.000682
0.920347 -0.000603
0.928742 -0.000538
0.936702 -0.000488
0.944222 -0.000451
0.951292 -0.000424
0.957906 -0.000405
0.964058 -0.000393
0.969740 -0.000390
0.974948 -0.000394
0.979675 -0.000400
0.983918 -0.000405
0.987672 -0.000409
0.990933 -0.000415
0.993697 -0.000422
0.995963 -0.000430
0.997728 -0.000437
0.998990 -0.000443
0.999747 -0.000446
1.000000 -0.000447