ah79100a
1.000000 0.000000
0.999759 0.000095
0.999029 0.000351
0.997771 0.000594
0.995964 0.000736
0.993680 0.001118
0.990950 0.001862
0.987722 0.002699
0.983976 0.003518
0.979734 0.004409
0.975010 0.005413
0.969804 0.006512
0.964121 0.007697
0.957967 0.008974
0.951349 0.010342
0.944273 0.011792
0.936744 0.013323
0.928773 0.014939
0.920366 0.016638
0.911531 0.018409
0.902276 0.020246
0.892610 0.022150
0.882543 0.024117
0.872084 0.026138
0.861242 0.028205
0.850029 0.030324
0.838458 0.032496
0.826539 0.034708
0.814281 0.036951
0.801697 0.039221
0.788799 0.041512
0.775598 0.043807
0.762105 0.046089
0.748333 0.048350
0.734294 0.050584
0.720003 0.052782
0.705474 0.054935
0.690720 0.057037
0.675757 0.059081
0.660599 0.061055
0.645261 0.062951
0.629759 0.064770
0.614110 0.066514
0.598329 0.068171
0.582432 0.069731
0.566436 0.071196
0.550359 0.072572
0.534216 0.073855
0.518025 0.075039
0.501803 0.076134
0.485567 0.077144
0.469333 0.078046
0.453117 0.078811
0.436935 0.079443
0.420807 0.079958
0.404748 0.080338
0.388777 0.080564
0.372909 0.080648
0.357163 0.080610
0.341556 0.080430
0.326105 0.080084
0.310827 0.079590
0.295737 0.078978
0.280853 0.078225
0.266194 0.077302
0.251775 0.076231
0.237609 0.075042
0.223715 0.073715
0.210112 0.072226
0.196811 0.070603
0.183826 0.068875
0.171174 0.067021
0.158874 0.065019
0.146937 0.062900
0.135372 0.060696
0.124195 0.058395
0.113423 0.055986
0.103065 0.053497
0.093129 0.050947
0.083635 0.048317
0.074600 0.045594
0.066034 0.042797
0.057944 0.039945
0.050347 0.037039
0.043253 0.034090
0.036666 0.031122
0.030596 0.028149
0.025061 0.025170
0.020075 0.022194
0.015643 0.019245
0.011768 0.016357
0.008445 0.013577
0.005666 0.010934
0.003423 0.008452
0.001772 0.006150
0.000756 0.004064
0.000247 0.002317
0.000050 0.001033
0.000003 0.000258
0.000000 0.000000
0.000006 -0.000254
0.000085 -0.001013
0.000409 -0.002254
0.001191 -0.003872
0.002606 -0.005664
0.004715 -0.007496
0.007457 -0.009300
0.010829 -0.010987
0.014811 -0.012513
0.019349 -0.013940
0.024401 -0.015303
0.029971 -0.016548
0.036051 -0.017666
0.042615 -0.018716
0.049649 -0.019707
0.057151 -0.020597
0.065111 -0.021389
0.073515 -0.022117
0.082351 -0.022780
0.091612 -0.023362
0.101287 -0.023865
0.111366 -0.024305
0.121835 -0.024667
0.132687 -0.024925
0.143907 -0.025092
0.155485 -0.025198
0.167407 -0.025229
0.179662 -0.025147
0.192235 -0.024968
0.205116 -0.024732
0.218289 -0.024422
0.231740 -0.023993
0.245455 -0.023453
0.259421 -0.022846
0.273624 -0.022165
0.288047 -0.021372
0.302675 -0.020469
0.317494 -0.019491
0.332490 -0.018441
0.347646 -0.017298
0.362946 -0.016070
0.378378 -0.014791
0.393926 -0.013472
0.409575 -0.012097
0.425307 -0.010676
0.441111 -0.009245
0.456972 -0.007820
0.472873 -0.006385
0.488797 -0.004943
0.504731 -0.003522
0.520661 -0.002140
0.536568 -0.000780
0.552437 0.000556
0.568254 0.001837
0.584005 0.003038
0.599673 0.004170
0.615240 0.005238
0.630694 0.006218
0.646019 0.007092
0.661197 0.007873
0.676214 0.008573
0.691053 0.009189
0.705699 0.009718
0.720136 0.010162
0.734351 0.010523
0.748328 0.010802
0.762052 0.010999
0.775509 0.011117
0.788686 0.011159
0.801568 0.011120
0.814143 0.010998
0.826396 0.010803
0.838316 0.010552
0.849890 0.010243
0.861105 0.009872
0.871952 0.009449
0.882418 0.008988
0.892493 0.008493
0.902166 0.007962
0.911429 0.007404
0.920272 0.006831
0.928686 0.006247
0.936663 0.005653
0.944194 0.005054
0.951273 0.004458
0.957893 0.003872
0.964047 0.003302
0.969729 0.002748
0.974933 0.002203
0.979656 0.001695
0.983899 0.001286
0.987655 0.000957
0.990916 0.000619
0.993678 0.000306
0.995948 0.000152
0.997721 0.000121
0.998988 0.000077
0.999747 0.000021
1.000000 -0.000000