ah81131
1.000000 0.000000
0.999743 -0.000035
0.998971 -0.000135
0.997683 -0.000274
0.995875 -0.000419
0.993552 -0.000562
0.990715 -0.000689
0.987366 -0.000782
0.983511 -0.000828
0.979152 -0.000820
0.974296 -0.000748
0.968949 -0.000603
0.963117 -0.000375
0.956806 -0.000051
0.950025 0.000378
0.942783 0.000923
0.935088 0.001599
0.926953 0.002428
0.918387 0.003420
0.909402 0.004577
0.900008 0.005908
0.890221 0.007429
0.880053 0.009151
0.869517 0.011079
0.858628 0.013221
0.847401 0.015582
0.835850 0.018170
0.823992 0.020992
0.811843 0.024051
0.799416 0.027345
0.786724 0.030863
0.773778 0.034588
0.760585 0.038494
0.747149 0.042542
0.733471 0.046684
0.719547 0.050864
0.705377 0.055021
0.690956 0.059086
0.676283 0.062994
0.661369 0.066705
0.646224 0.070184
0.630867 0.073418
0.615320 0.076401
0.599603 0.079141
0.583740 0.081649
0.567751 0.083927
0.551657 0.085973
0.535475 0.087777
0.519227 0.089326
0.502931 0.090623
0.486609 0.091675
0.470281 0.092473
0.453968 0.093010
0.437689 0.093330
0.421466 0.093490
0.405317 0.093503
0.389258 0.093369
0.373307 0.093092
0.357481 0.092673
0.341799 0.092099
0.326278 0.091348
0.310938 0.090400
0.295799 0.089242
0.280875 0.087904
0.266182 0.086423
0.251734 0.084814
0.237548 0.083079
0.223639 0.081220
0.210023 0.079240
0.196716 0.077141
0.183734 0.074923
0.171092 0.072587
0.158805 0.070131
0.146891 0.067559
0.135362 0.064877
0.124230 0.062099
0.113507 0.059240
0.103206 0.056306
0.093338 0.053308
0.083910 0.050271
0.074928 0.047217
0.066402 0.044153
0.058343 0.041086
0.050758 0.038028
0.043653 0.034999
0.037030 0.032015
0.030904 0.029075
0.025312 0.026131
0.020283 0.023163
0.015838 0.020185
0.011987 0.017223
0.008736 0.014311
0.006071 0.011514
0.003960 0.008920
0.002356 0.006587
0.001204 0.004548
0.000452 0.002862
0.000099 0.001608
0.000007 0.000839
0.000000 0.000580
0.000009 0.000327
0.000141 -0.000427
0.000654 -0.001615
0.001799 -0.002989
0.003684 -0.004279
0.006180 -0.005534
0.009184 -0.006813
0.012715 -0.008113
0.016777 -0.009403
0.021358 -0.010645
0.026445 -0.011841
0.032024 -0.013023
0.038085 -0.014195
0.044621 -0.015353
0.051623 -0.016500
0.059082 -0.017642
0.066990 -0.018780
0.075338 -0.019914
0.084116 -0.021041
0.093317 -0.022157
0.102932 -0.023248
0.112952 -0.024298
0.123367 -0.025304
0.134166 -0.026267
0.145336 -0.027199
0.156863 -0.028118
0.168737 -0.029014
0.180947 -0.029873
0.193480 -0.030695
0.206322 -0.031485
0.219462 -0.032240
0.232885 -0.032947
0.246578 -0.033599
0.260529 -0.034185
0.274721 -0.034703
0.289141 -0.035153
0.303774 -0.035548
0.318603 -0.035907
0.333614 -0.036231
0.348792 -0.036505
0.364122 -0.036725
0.379587 -0.036888
0.395172 -0.036997
0.410862 -0.037054
0.426639 -0.037051
0.442489 -0.036969
0.458394 -0.036815
0.474339 -0.036622
0.490307 -0.036398
0.506283 -0.036125
0.522250 -0.035794
0.538192 -0.035414
0.554092 -0.034991
0.569935 -0.034530
0.585704 -0.034029
0.601384 -0.033481
0.616958 -0.032884
0.632412 -0.032256
0.647729 -0.031607
0.662894 -0.030931
0.677892 -0.030224
0.692708 -0.029491
0.707326 -0.028740
0.721733 -0.027978
0.735915 -0.027209
0.749855 -0.026428
0.763541 -0.025633
0.776958 -0.024821
0.790093 -0.023994
0.802932 -0.023148
0.815462 -0.022280
0.827670 -0.021390
0.839543 -0.020481
0.851070 -0.019555
0.862238 -0.018613
0.873037 -0.017649
0.883453 -0.016653
0.893476 -0.015631
0.903096 -0.014588
0.912304 -0.013530
0.921090 -0.012461
0.929446 -0.011391
0.937365 -0.010332
0.944839 -0.009294
0.951862 -0.008284
0.958428 -0.007311
0.964531 -0.006384
0.970166 -0.005506
0.975325 -0.004680
0.980007 -0.003915
0.984210 -0.003225
0.987926 -0.002598
0.991141 -0.002006
0.993862 -0.001477
0.996106 -0.001075
0.997850 -0.000741
0.999061 -0.000383
0.999766 -0.000100
1.000000 -0.000000