ah93156
1.000000 0.000000
0.999746 0.000068
0.998983 0.000271
0.997713 0.000608
0.995935 0.001078
0.993651 0.001673
0.990860 0.002381
0.987560 0.003184
0.983752 0.004073
0.979440 0.005044
0.974629 0.006097
0.969326 0.007236
0.963537 0.008471
0.957272 0.009813
0.950538 0.011268
0.943342 0.012838
0.935694 0.014527
0.927603 0.016344
0.919080 0.018299
0.910138 0.020406
0.900789 0.022675
0.891043 0.025103
0.880910 0.027687
0.870402 0.030433
0.859532 0.033344
0.848309 0.036408
0.836742 0.039617
0.824846 0.042971
0.812630 0.046463
0.800106 0.050080
0.787279 0.053799
0.774159 0.057606
0.760757 0.061485
0.747078 0.065406
0.733134 0.069356
0.718935 0.073316
0.704485 0.077248
0.689794 0.081123
0.674871 0.084914
0.659725 0.088586
0.644365 0.092100
0.628801 0.095416
0.613049 0.098512
0.597126 0.101372
0.581052 0.103986
0.564847 0.106349
0.548530 0.108454
0.532124 0.110304
0.515650 0.111901
0.499129 0.113251
0.482581 0.114358
0.466027 0.115234
0.449488 0.115889
0.432984 0.116321
0.416534 0.116535
0.400157 0.116546
0.383873 0.116361
0.367700 0.115973
0.351658 0.115378
0.335765 0.114580
0.320040 0.113573
0.304502 0.112364
0.289171 0.110946
0.274065 0.109316
0.259202 0.107482
0.244602 0.105449
0.230279 0.103232
0.216254 0.100829
0.202543 0.098246
0.189162 0.095498
0.176127 0.092587
0.163455 0.089523
0.151162 0.086314
0.139264 0.082967
0.127776 0.079488
0.116713 0.075887
0.106088 0.072178
0.095915 0.068374
0.086206 0.064486
0.076974 0.060529
0.068230 0.056515
0.059987 0.052458
0.052253 0.048378
0.045032 0.044298
0.038337 0.040232
0.032175 0.036196
0.026552 0.032213
0.021469 0.028309
0.016936 0.024502
0.012956 0.020814
0.009529 0.017277
0.006648 0.013924
0.004305 0.010789
0.002515 0.007908
0.001220 0.005331
0.000373 0.003115
0.000044 0.001316
0.000000 0.000000
0.000003 -0.000792
0.000005 -0.001056
0.000012 -0.001310
0.000107 -0.002065
0.000462 -0.003297
0.001192 -0.004943
0.002366 -0.006900
0.004170 -0.009018
0.006667 -0.011169
0.009813 -0.013270
0.013589 -0.015279
0.017963 -0.017174
0.022903 -0.018950
0.028382 -0.020619
0.034382 -0.022183
0.040886 -0.023649
0.047879 -0.025020
0.055348 -0.026309
0.063280 -0.027520
0.071664 -0.028657
0.080488 -0.029724
0.089743 -0.030719
0.099417 -0.031649
0.109498 -0.032518
0.119975 -0.033329
0.130836 -0.034087
0.142071 -0.034792
0.153666 -0.035450
0.165609 -0.036060
0.177889 -0.036622
0.190492 -0.037137
0.203405 -0.037607
0.216616 -0.038038
0.230109 -0.038426
0.243873 -0.038773
0.257892 -0.039077
0.272153 -0.039341
0.286640 -0.039566
0.301339 -0.039753
0.316236 -0.039904
0.331314 -0.040018
0.346560 -0.040095
0.361956 -0.040141
0.377489 -0.040159
0.393141 -0.040137
0.408898 -0.040095
0.424743 -0.040028
0.440660 -0.039920
0.456634 -0.039789
0.472647 -0.039635
0.488685 -0.039446
0.504730 -0.039219
0.520767 -0.038961
0.536778 -0.038666
0.552749 -0.038327
0.568662 -0.037942
0.584501 -0.037504
0.600250 -0.037013
0.615893 -0.036470
0.631414 -0.035865
0.646796 -0.035196
0.662024 -0.034459
0.677081 -0.033646
0.691952 -0.032757
0.706620 -0.031788
0.721071 -0.030735
0.735288 -0.029593
0.749255 -0.028349
0.762957 -0.027002
0.776378 -0.025548
0.789501 -0.023970
0.802310 -0.022268
0.814792 -0.020444
0.826931 -0.018509
0.838718 -0.016490
0.850147 -0.014423
0.861211 -0.012351
0.871910 -0.010333
0.882245 -0.008430
0.892212 -0.006690
0.901808 -0.005149
0.911020 -0.003814
0.919837 -0.002687
0.928247 -0.001766
0.936239 -0.001044
0.943799 -0.000507
0.950915 -0.000137
0.957578 0.000088
0.963777 0.000190
0.969504 0.000198
0.974752 0.000152
0.979517 0.000084
0.983793 0.000016
0.987575 -0.000033
0.990862 -0.000056
0.993648 -0.000053
0.995932 -0.000039
0.997710 -0.000024
0.998982 -0.000011
0.999745 -0.000003
1.000000 0.000000