ah93w145
1.000000 0.000330
0.999750 0.000409
0.999002 0.000647
0.997759 0.001052
0.996021 0.001623
0.993779 0.002320
0.991027 0.003120
0.987772 0.004030
0.984018 0.005049
0.979764 0.006163
0.975014 0.007366
0.969774 0.008659
0.964049 0.010040
0.957844 0.011499
0.951162 0.013029
0.944009 0.014621
0.936392 0.016271
0.928320 0.017975
0.919799 0.019733
0.910840 0.021545
0.901452 0.023411
0.891646 0.025334
0.881431 0.027316
0.870821 0.029363
0.859827 0.031482
0.848461 0.033670
0.836734 0.035931
0.824662 0.038274
0.812256 0.040701
0.799529 0.043206
0.786494 0.045783
0.773162 0.048431
0.759548 0.051145
0.745664 0.053915
0.731523 0.056733
0.717138 0.059596
0.702525 0.062502
0.687696 0.065441
0.672667 0.068406
0.657450 0.071389
0.642061 0.074382
0.626514 0.077375
0.610823 0.080361
0.595005 0.083337
0.579074 0.086296
0.563045 0.089220
0.546929 0.092087
0.530740 0.094871
0.514490 0.097542
0.498190 0.100061
0.481854 0.102389
0.465495 0.104489
0.449129 0.106327
0.432776 0.107881
0.416454 0.109134
0.400187 0.110071
0.383994 0.110682
0.367900 0.110965
0.351927 0.110923
0.336098 0.110562
0.320434 0.109891
0.304957 0.108935
0.289686 0.107714
0.274640 0.106239
0.259839 0.104528
0.245299 0.102601
0.231036 0.100475
0.217068 0.098161
0.203412 0.095667
0.190083 0.093008
0.177095 0.090195
0.164465 0.087241
0.152206 0.084157
0.140333 0.080949
0.128862 0.077625
0.117806 0.074196
0.107179 0.070671
0.096994 0.067057
0.087265 0.063367
0.078003 0.059614
0.069219 0.055808
0.060927 0.051962
0.053136 0.048088
0.045856 0.044204
0.039097 0.040323
0.032870 0.036458
0.027186 0.032624
0.022051 0.028844
0.017467 0.025144
0.013432 0.021556
0.009953 0.018104
0.007027 0.014819
0.004649 0.011736
0.002801 0.008900
0.001488 0.006348
0.000661 0.004135
0.000222 0.002346
0.000046 0.001046
0.000003 0.000262
0.000000 -0.000000
0.000003 -0.000255
0.000046 -0.001019
0.000228 -0.002286
0.000700 -0.004017
0.001642 -0.006112
0.003214 -0.008425
0.005484 -0.010817
0.008456 -0.013168
0.012094 -0.015428
0.016357 -0.017565
0.021214 -0.019565
0.026638 -0.021414
0.032605 -0.023106
0.039093 -0.024649
0.046081 -0.026059
0.053553 -0.027343
0.061494 -0.028506
0.069892 -0.029553
0.078733 -0.030492
0.088006 -0.031333
0.097698 -0.032082
0.107798 -0.032734
0.118295 -0.033294
0.129175 -0.033773
0.140428 -0.034177
0.152040 -0.034510
0.163999 -0.034775
0.176293 -0.034984
0.188910 -0.035145
0.201835 -0.035259
0.215055 -0.035330
0.228558 -0.035357
0.242330 -0.035338
0.256356 -0.035277
0.270623 -0.035175
0.285115 -0.035035
0.299819 -0.034857
0.314718 -0.034634
0.329799 -0.034363
0.345046 -0.034045
0.360442 -0.033681
0.375974 -0.033275
0.391624 -0.032825
0.407377 -0.032331
0.423218 -0.031790
0.439129 -0.031205
0.455095 -0.030577
0.471100 -0.029907
0.487127 -0.029198
0.503161 -0.028450
0.519185 -0.027667
0.535183 -0.026851
0.551139 -0.026006
0.567037 -0.025130
0.582861 -0.024226
0.598595 -0.023297
0.614223 -0.022348
0.629729 -0.021380
0.645099 -0.020396
0.660316 -0.019397
0.675365 -0.018383
0.690231 -0.017357
0.704899 -0.016325
0.719355 -0.015289
0.733584 -0.014252
0.747572 -0.013213
0.761304 -0.012172
0.774768 -0.011135
0.787949 -0.010108
0.800835 -0.009098
0.813413 -0.008112
0.825672 -0.007158
0.837599 -0.006246
0.849184 -0.005380
0.860414 -0.004563
0.871278 -0.003798
0.881765 -0.003088
0.891865 -0.002441
0.901569 -0.001868
0.910867 -0.001373
0.919748 -0.000962
0.928205 -0.000634
0.936227 -0.000391
0.943806 -0.000227
0.950933 -0.000135
0.957601 -0.000106
0.963802 -0.000134
0.969530 -0.000212
0.974778 -0.000336
0.979542 -0.000497
0.983815 -0.000679
0.987594 -0.000868
0.990877 -0.001047
0.993659 -0.001211
0.995939 -0.001366
0.997713 -0.001495
0.998983 -0.001573
0.999746 -0.001609
1.000000 -0.001620