ah93k132
1.000000 0.000710
0.999739 0.000722
0.998958 0.000758
0.997657 0.000818
0.995837 0.000903
0.993500 0.001016
0.990650 0.001161
0.987289 0.001348
0.983423 0.001591
0.979056 0.001913
0.974196 0.002341
0.968848 0.002883
0.963018 0.003533
0.956712 0.004278
0.949938 0.005119
0.942701 0.006062
0.935011 0.007109
0.926875 0.008260
0.918302 0.009512
0.909299 0.010860
0.899876 0.012298
0.890042 0.013830
0.879812 0.015484
0.869220 0.017391
0.858316 0.019733
0.847169 0.022669
0.835811 0.026206
0.824230 0.030189
0.812369 0.034410
0.800206 0.038762
0.787753 0.043239
0.775022 0.047839
0.762005 0.052495
0.748676 0.057095
0.735023 0.061548
0.721041 0.065774
0.706737 0.069723
0.692133 0.073380
0.677253 0.076751
0.662125 0.079854
0.646777 0.082718
0.631230 0.085351
0.615506 0.087757
0.599627 0.089952
0.583613 0.091944
0.567485 0.093740
0.551262 0.095338
0.534962 0.096729
0.518605 0.097933
0.502212 0.098961
0.485800 0.099804
0.469388 0.100470
0.452994 0.100952
0.436637 0.101249
0.420336 0.101363
0.404109 0.101297
0.387974 0.101049
0.371949 0.100619
0.356054 0.100010
0.340305 0.099222
0.324722 0.098259
0.309321 0.097128
0.294119 0.095836
0.279133 0.094390
0.264381 0.092792
0.249878 0.091047
0.235643 0.089149
0.221693 0.087103
0.208040 0.084927
0.194703 0.082615
0.181697 0.080169
0.169036 0.077603
0.156735 0.074927
0.144807 0.072148
0.133266 0.069268
0.122128 0.066296
0.111404 0.063241
0.101107 0.060113
0.091249 0.056916
0.081842 0.053665
0.072895 0.050375
0.064419 0.047053
0.056431 0.043697
0.048940 0.040317
0.041957 0.036928
0.035491 0.033542
0.029554 0.030170
0.024155 0.026826
0.019304 0.023527
0.015010 0.020292
0.011276 0.017148
0.008102 0.014130
0.005481 0.011275
0.003410 0.008619
0.001886 0.006205
0.000877 0.004093
0.000309 0.002356
0.000066 0.001071
0.000004 0.000291
-0.000000 0.000030
0.000005 -0.000224
0.000077 -0.000988
0.000394 -0.002229
0.001253 -0.003778
0.002878 -0.005395
0.005185 -0.006949
0.008108 -0.008421
0.011605 -0.009834
0.015645 -0.011189
0.020210 -0.012489
0.025288 -0.013738
0.030869 -0.014928
0.036941 -0.016060
0.043494 -0.017144
0.050516 -0.018194
0.057998 -0.019204
0.065933 -0.020171
0.074311 -0.021094
0.083123 -0.021977
0.092358 -0.022815
0.102008 -0.023600
0.112062 -0.024336
0.122508 -0.025034
0.133336 -0.025688
0.144534 -0.026287
0.156092 -0.026832
0.167996 -0.027328
0.180234 -0.027777
0.192794 -0.028189
0.205663 -0.028570
0.218826 -0.028907
0.232272 -0.029207
0.245986 -0.029487
0.259954 -0.029744
0.274162 -0.029970
0.288595 -0.030162
0.303240 -0.030329
0.318081 -0.030480
0.333103 -0.030616
0.348292 -0.030736
0.363631 -0.030842
0.379105 -0.030898
0.394699 -0.030920
0.410397 -0.030931
0.426183 -0.030930
0.442042 -0.030937
0.457956 -0.030951
0.473911 -0.030971
0.489890 -0.030979
0.505877 -0.030947
0.521856 -0.030882
0.537810 -0.030812
0.553725 -0.030721
0.569582 -0.030575
0.585368 -0.030394
0.601064 -0.030181
0.616656 -0.029923
0.632128 -0.029624
0.647464 -0.029293
0.662648 -0.028923
0.677665 -0.028511
0.692500 -0.028067
0.707138 -0.027573
0.721563 -0.027032
0.735760 -0.026447
0.749716 -0.025815
0.763416 -0.025136
0.776846 -0.024411
0.789991 -0.023645
0.802841 -0.022853
0.815381 -0.022037
0.827598 -0.021192
0.839481 -0.020324
0.851018 -0.019439
0.862196 -0.018542
0.873005 -0.017624
0.883431 -0.016680
0.893465 -0.015713
0.903096 -0.014714
0.912311 -0.013677
0.921103 -0.012614
0.929457 -0.011502
0.937365 -0.010332
0.944819 -0.009124
0.951806 -0.007864
0.958307 -0.006509
0.964327 -0.005123
0.969894 -0.003877
0.975022 -0.002860
0.979699 -0.002040
0.983911 -0.001380
0.987649 -0.000885
0.990906 -0.000555
0.993674 -0.000366
0.995947 -0.000263
0.997718 -0.000203
0.998985 -0.000167
0.999746 -0.000147
1.000000 -0.000140