ames01
1.000000 0.002995
0.999743 0.003000
0.998970 0.003015
0.997684 0.003040
0.995886 0.003076
0.993577 0.003128
0.990759 0.003202
0.987437 0.003311
0.983614 0.003467
0.979294 0.003679
0.974482 0.003957
0.969185 0.004310
0.963409 0.004749
0.957162 0.005288
0.950450 0.005938
0.943285 0.006712
0.935673 0.007615
0.927623 0.008645
0.919144 0.009798
0.910244 0.011071
0.900933 0.012462
0.891219 0.013965
0.881112 0.015572
0.870621 0.017272
0.859753 0.019049
0.848517 0.020886
0.836922 0.022766
0.824978 0.024680
0.812698 0.026623
0.800093 0.028590
0.787174 0.030571
0.773953 0.032555
0.760443 0.034526
0.746653 0.036468
0.732598 0.038369
0.718292 0.040219
0.703747 0.042015
0.688980 0.043749
0.674005 0.045420
0.658838 0.047026
0.643495 0.048566
0.627992 0.050041
0.612345 0.051445
0.596570 0.052775
0.580682 0.054031
0.564699 0.055213
0.548638 0.056324
0.532515 0.057366
0.516346 0.058337
0.500149 0.059235
0.483940 0.060057
0.467735 0.060805
0.451551 0.061481
0.435406 0.062086
0.419315 0.062619
0.403295 0.063077
0.387363 0.063459
0.371534 0.063769
0.355826 0.064015
0.340255 0.064204
0.324836 0.064341
0.309584 0.064429
0.294517 0.064472
0.279648 0.064470
0.264993 0.064419
0.250568 0.064316
0.236387 0.064159
0.222464 0.063942
0.208813 0.063661
0.195446 0.063314
0.182380 0.062877
0.169633 0.062299
0.157224 0.061537
0.145168 0.060556
0.133484 0.059343
0.122188 0.057909
0.111298 0.056256
0.100837 0.054375
0.090821 0.052264
0.081269 0.049943
0.072193 0.047438
0.063605 0.044778
0.055514 0.041990
0.047934 0.039089
0.040876 0.036094
0.034350 0.033031
0.028366 0.029922
0.022944 0.026772
0.018087 0.023616
0.013801 0.020485
0.010095 0.017405
0.006986 0.014399
0.004494 0.011497
0.002616 0.008755
0.001329 0.006248
0.000578 0.004065
0.000188 0.002309
0.000037 0.001030
0.000002 0.000258
0.000000 0.000000
0.000004 -0.000254
0.000055 -0.001012
0.000195 -0.002280
0.000564 -0.004013
0.001707 -0.005994
0.003329 -0.008250
0.005679 -0.010544
0.008747 -0.012752
0.012490 -0.014815
0.016873 -0.016676
0.021847 -0.018344
0.027381 -0.019808
0.033447 -0.021083
0.040014 -0.022217
0.047062 -0.023253
0.054573 -0.024241
0.062536 -0.025206
0.070940 -0.026149
0.079777 -0.027077
0.089035 -0.027999
0.098707 -0.028904
0.108785 -0.029773
0.119256 -0.030606
0.130110 -0.031413
0.141335 -0.032197
0.152919 -0.032956
0.164852 -0.033685
0.177120 -0.034378
0.189712 -0.035027
0.202616 -0.035624
0.215817 -0.036164
0.229303 -0.036646
0.243059 -0.037075
0.257071 -0.037452
0.271325 -0.037781
0.285806 -0.038059
0.300500 -0.038285
0.315390 -0.038460
0.330463 -0.038581
0.345703 -0.038649
0.361094 -0.038663
0.376620 -0.038625
0.392267 -0.038538
0.408017 -0.038404
0.423855 -0.038224
0.439765 -0.037993
0.455731 -0.037710
0.471736 -0.037371
0.487764 -0.036980
0.503798 -0.036538
0.519823 -0.036049
0.535823 -0.035515
0.551781 -0.034941
0.567681 -0.034330
0.583507 -0.033683
0.599243 -0.033001
0.614873 -0.032286
0.630382 -0.031542
0.645753 -0.030774
0.660973 -0.029986
0.676025 -0.029180
0.690894 -0.028360
0.705565 -0.027528
0.720024 -0.026686
0.734256 -0.025832
0.748247 -0.024967
0.761981 -0.024090
0.775446 -0.023204
0.788629 -0.022313
0.801515 -0.021420
0.814092 -0.020528
0.826348 -0.019639
0.838269 -0.018751
0.849845 -0.017868
0.861063 -0.016989
0.871912 -0.016116
0.882380 -0.015250
0.892458 -0.014393
0.902136 -0.013547
0.911403 -0.012713
0.920250 -0.011890
0.928668 -0.011078
0.936648 -0.010278
0.944184 -0.009497
0.951266 -0.008738
0.957890 -0.008007
0.964047 -0.007309
0.969734 -0.006649
0.974944 -0.006032
0.979673 -0.005462
0.983916 -0.004946
0.987670 -0.004489
0.990931 -0.004092
0.993696 -0.003757
0.995962 -0.003483
0.997728 -0.003269
0.998990 -0.003117
0.999747 -0.003026
1.000000 -0.002995