aquilasm
1.000000 0.000000
0.999744 0.000044
0.998978 0.000175
0.997701 0.000394
0.995915 0.000699
0.993622 0.001090
0.990824 0.001569
0.987525 0.002134
0.983725 0.002777
0.979429 0.003495
0.974642 0.004296
0.969369 0.005180
0.963616 0.006147
0.957389 0.007196
0.950694 0.008327
0.943537 0.009538
0.935926 0.010828
0.927868 0.012196
0.919372 0.013641
0.910446 0.015160
0.901099 0.016752
0.891341 0.018418
0.881182 0.020155
0.870632 0.021963
0.859701 0.023839
0.848400 0.025781
0.836741 0.027783
0.824734 0.029841
0.812391 0.031948
0.799724 0.034101
0.786745 0.036295
0.773468 0.038525
0.759904 0.040786
0.746067 0.043073
0.731971 0.045379
0.717628 0.047698
0.703054 0.050024
0.688261 0.052349
0.673264 0.054667
0.658077 0.056970
0.642716 0.059250
0.627194 0.061500
0.611528 0.063712
0.595731 0.065879
0.579820 0.067991
0.563810 0.070039
0.547717 0.072015
0.531555 0.073908
0.515342 0.075710
0.499093 0.077412
0.482825 0.079007
0.466554 0.080485
0.450297 0.081839
0.434071 0.083061
0.417892 0.084144
0.401779 0.085079
0.385747 0.085861
0.369814 0.086483
0.353999 0.086942
0.338317 0.087236
0.322788 0.087359
0.307428 0.087311
0.292254 0.087087
0.277284 0.086687
0.262536 0.086109
0.248026 0.085352
0.233772 0.084412
0.219792 0.083289
0.206103 0.081977
0.192722 0.080477
0.179667 0.078787
0.166956 0.076906
0.154605 0.074834
0.142633 0.072576
0.131056 0.070135
0.119890 0.067521
0.109151 0.064742
0.098854 0.061809
0.089010 0.058739
0.079634 0.055545
0.070742 0.052245
0.062343 0.048856
0.054447 0.045403
0.047060 0.041903
0.040191 0.038376
0.033850 0.034843
0.028041 0.031326
0.022772 0.027846
0.018056 0.024409
0.013912 0.021030
0.010348 0.017737
0.007356 0.014567
0.004931 0.011590
0.003025 0.008808
0.001614 0.006263
0.000713 0.004071
0.000239 0.002312
0.000049 0.001033
0.000003 0.000259
0.000000 -0.000000
0.000006 -0.000253
0.000099 -0.001008
0.000478 -0.002238
0.001399 -0.003837
0.003069 -0.005529
0.005516 -0.006851
0.008635 -0.007798
0.012326 -0.008489
0.016546 -0.008944
0.021267 -0.009231
0.026473 -0.009396
0.032157 -0.009465
0.038310 -0.009464
0.044927 -0.009410
0.051999 -0.009320
0.059520 -0.009208
0.067482 -0.009080
0.075878 -0.008942
0.084699 -0.008797
0.093937 -0.008651
0.103581 -0.008508
0.113623 -0.008371
0.124052 -0.008241
0.134858 -0.008118
0.146030 -0.008003
0.157556 -0.007893
0.169425 -0.007785
0.181626 -0.007679
0.194145 -0.007573
0.206970 -0.007465
0.220088 -0.007354
0.233486 -0.007239
0.247151 -0.007118
0.261068 -0.006993
0.275224 -0.006862
0.289604 -0.006727
0.304194 -0.006588
0.318979 -0.006446
0.333945 -0.006302
0.349076 -0.006157
0.364357 -0.006012
0.379773 -0.005867
0.395308 -0.005721
0.410946 -0.005574
0.426673 -0.005426
0.442471 -0.005277
0.458325 -0.005128
0.474219 -0.004979
0.490137 -0.004830
0.506064 -0.004681
0.521982 -0.004532
0.537876 -0.004383
0.553730 -0.004234
0.569528 -0.004085
0.585254 -0.003938
0.600893 -0.003792
0.616428 -0.003647
0.631844 -0.003502
0.647125 -0.003359
0.662256 -0.003215
0.677222 -0.003072
0.692007 -0.002930
0.706597 -0.002791
0.720977 -0.002655
0.735133 -0.002522
0.749050 -0.002392
0.762715 -0.002265
0.776113 -0.002140
0.789231 -0.002018
0.802056 -0.001899
0.814575 -0.001781
0.826775 -0.001666
0.838644 -0.001553
0.850171 -0.001442
0.861342 -0.001335
0.872149 -0.001231
0.882578 -0.001131
0.892620 -0.001035
0.902265 -0.000942
0.911503 -0.000851
0.920325 -0.000764
0.928722 -0.000679
0.936685 -0.000598
0.944206 -0.000521
0.951279 -0.000450
0.957895 -0.000385
0.964048 -0.000327
0.969732 -0.000276
0.974941 -0.000231
0.979670 -0.000193
0.983914 -0.000158
0.987668 -0.000118
0.990930 -0.000081
0.993696 -0.000057
0.995962 -0.000036
0.997727 -0.000020
0.998990 -0.000009
0.999747 -0.000002
1.000000 -0.000000