arad20
1.000000 0.012500
0.999734 0.012550
0.998937 0.012699
0.997610 0.012947
0.995754 0.013295
0.993370 0.013741
0.990462 0.014285
0.987032 0.014927
0.983084 0.015665
0.978620 0.016499
0.973647 0.017427
0.968169 0.018449
0.962191 0.019562
0.955719 0.020767
0.948761 0.022063
0.941323 0.023449
0.933412 0.024925
0.925038 0.026489
0.916207 0.028138
0.906930 0.029871
0.897215 0.031685
0.887071 0.033579
0.876510 0.035550
0.865541 0.037596
0.854176 0.039717
0.842427 0.041909
0.830305 0.044171
0.817822 0.046501
0.804992 0.048897
0.791827 0.051357
0.778340 0.053879
0.764545 0.056459
0.750455 0.059093
0.736085 0.061779
0.721449 0.064513
0.706562 0.067292
0.691438 0.070113
0.676093 0.072972
0.660542 0.075867
0.644801 0.078793
0.628885 0.081750
0.612812 0.084734
0.596597 0.087746
0.580257 0.090785
0.563809 0.093849
0.547271 0.096937
0.530658 0.100049
0.513989 0.103184
0.497280 0.106340
0.480548 0.109509
0.463803 0.112661
0.447058 0.115765
0.430325 0.118789
0.413614 0.121696
0.396939 0.124455
0.380311 0.127030
0.363746 0.129381
0.347257 0.131472
0.330862 0.133271
0.314580 0.134766
0.298433 0.135947
0.282442 0.136804
0.266630 0.137326
0.251019 0.137501
0.235632 0.137320
0.220493 0.136770
0.205629 0.135839
0.191065 0.134520
0.176829 0.132798
0.162952 0.130659
0.149461 0.128094
0.136387 0.125100
0.123773 0.121678
0.111656 0.117836
0.100071 0.113587
0.089047 0.108951
0.078614 0.103953
0.068798 0.098622
0.059625 0.092994
0.051130 0.087106
0.043339 0.081002
0.036262 0.074730
0.029909 0.068353
0.024279 0.061941
0.019359 0.055560
0.015125 0.049279
0.011549 0.043164
0.008588 0.037278
0.006194 0.031680
0.004310 0.026426
0.002875 0.021562
0.001821 0.017129
0.001081 0.013164
0.000590 0.009697
0.000287 0.006745
0.000118 0.004321
0.000038 0.002432
0.000007 0.001081
0.000000 0.000270
0.000000 0.000000
0.000002 -0.000257
0.000030 -0.001028
0.000149 -0.002311
0.000460 -0.004093
0.001088 -0.006342
0.002166 -0.008988
0.003817 -0.011904
0.006134 -0.014954
0.009155 -0.018056
0.012849 -0.021150
0.017194 -0.024190
0.022167 -0.027144
0.027740 -0.029992
0.033902 -0.032717
0.040620 -0.035321
0.047857 -0.037821
0.055599 -0.040205
0.063836 -0.042464
0.072552 -0.044596
0.081729 -0.046606
0.091355 -0.048492
0.101415 -0.050259
0.111891 -0.051914
0.122773 -0.053453
0.134046 -0.054873
0.145697 -0.056175
0.157709 -0.057362
0.170069 -0.058436
0.182764 -0.059395
0.195778 -0.060240
0.209097 -0.060975
0.222707 -0.061599
0.236593 -0.062113
0.250739 -0.062518
0.265131 -0.062816
0.279752 -0.063008
0.294588 -0.063096
0.309623 -0.063081
0.324841 -0.062967
0.340225 -0.062754
0.355761 -0.062445
0.371431 -0.062042
0.387220 -0.061548
0.403112 -0.060967
0.419089 -0.060302
0.435136 -0.059558
0.451237 -0.058736
0.467374 -0.057842
0.483532 -0.056877
0.499693 -0.055845
0.515843 -0.054751
0.531963 -0.053598
0.548039 -0.052392
0.564055 -0.051138
0.579993 -0.049841
0.595839 -0.048506
0.611576 -0.047138
0.627189 -0.045742
0.642663 -0.044323
0.657982 -0.042885
0.673130 -0.041435
0.688094 -0.039978
0.702858 -0.038518
0.717408 -0.037061
0.731729 -0.035611
0.745807 -0.034175
0.759629 -0.032755
0.773181 -0.031359
0.786450 -0.029991
0.799422 -0.028656
0.812086 -0.027360
0.824428 -0.026106
0.836436 -0.024895
0.848099 -0.023731
0.859404 -0.022617
0.870341 -0.021554
0.880898 -0.020548
0.891065 -0.019600
0.900833 -0.018713
0.910190 -0.017889
0.919129 -0.017128
0.927638 -0.016432
0.935711 -0.015801
0.943338 -0.015233
0.950512 -0.014727
0.957226 -0.014281
0.963471 -0.013900
0.969242 -0.013582
0.974532 -0.013327
0.979336 -0.013128
0.983649 -0.012972
0.987465 -0.012849
0.990780 -0.012750
0.993591 -0.012671
0.995895 -0.012609
0.997690 -0.012561
0.998973 -0.012527
0.999743 -0.012507
1.000000 -0.012500