as5046
0.999999 0.001340
0.999753 0.001423
0.999014 0.001672
0.997783 0.002083
0.996058 0.002647
0.993834 0.003345
0.991104 0.004135
0.987860 0.004986
0.984108 0.005900
0.979860 0.006900
0.975121 0.007983
0.969891 0.009133
0.964170 0.010329
0.957962 0.011548
0.951270 0.012764
0.944101 0.013979
0.936466 0.015209
0.928376 0.016468
0.919840 0.017757
0.910867 0.019079
0.901467 0.020442
0.891652 0.021854
0.881432 0.023324
0.870818 0.024851
0.859822 0.026437
0.848455 0.028087
0.836731 0.029811
0.824662 0.031618
0.812262 0.033509
0.799544 0.035487
0.786522 0.037560
0.773212 0.039741
0.759631 0.042040
0.745792 0.044462
0.731711 0.047005
0.717402 0.049666
0.702879 0.052437
0.688156 0.055308
0.673246 0.058269
0.658161 0.061302
0.642908 0.064362
0.627487 0.067365
0.611899 0.070236
0.596155 0.072927
0.580267 0.075399
0.564256 0.077651
0.548141 0.079693
0.531944 0.081526
0.515682 0.083138
0.499375 0.084532
0.483045 0.085732
0.466710 0.086758
0.450392 0.087618
0.434106 0.088315
0.417872 0.088853
0.401708 0.089234
0.385631 0.089463
0.369659 0.089544
0.353809 0.089481
0.338100 0.089272
0.322547 0.088920
0.307168 0.088428
0.291979 0.087799
0.276998 0.087030
0.262241 0.086120
0.247725 0.085065
0.233466 0.083865
0.219482 0.082521
0.205787 0.081037
0.192397 0.079415
0.179328 0.077662
0.166595 0.075781
0.154212 0.073775
0.142196 0.071646
0.130562 0.069390
0.119325 0.067004
0.108506 0.064476
0.098123 0.061794
0.088193 0.058962
0.078732 0.055988
0.069752 0.052891
0.061263 0.049692
0.053282 0.046398
0.045829 0.043008
0.038917 0.039537
0.032550 0.036018
0.026742 0.032471
0.021520 0.028900
0.016897 0.025326
0.012870 0.021783
0.009442 0.018315
0.006645 0.014969
0.004460 0.011803
0.002796 0.008887
0.001556 0.006290
0.000709 0.004080
0.000241 0.002316
0.000050 0.001035
0.000003 0.000260
0.000000 0.000000
0.000000 -0.000258
0.000002 -0.001038
0.000033 -0.002348
0.000216 -0.004155
0.000888 -0.006314
0.002504 -0.008583
0.005072 -0.010839
0.008247 -0.013052
0.011942 -0.015223
0.016183 -0.017423
0.020977 -0.019684
0.026297 -0.021978
0.032114 -0.024284
0.038424 -0.026601
0.045219 -0.028942
0.052493 -0.031301
0.060237 -0.033665
0.068441 -0.036022
0.077098 -0.038361
0.086201 -0.040670
0.095739 -0.042941
0.105702 -0.045165
0.116081 -0.047331
0.126864 -0.049425
0.138041 -0.051438
0.149598 -0.053368
0.161522 -0.055212
0.173800 -0.056967
0.186416 -0.058629
0.199359 -0.060198
0.212612 -0.061674
0.226162 -0.063051
0.239994 -0.064324
0.254093 -0.065487
0.268444 -0.066539
0.283032 -0.067479
0.297841 -0.068301
0.312854 -0.068999
0.328057 -0.069571
0.343432 -0.070012
0.358962 -0.070320
0.374632 -0.070488
0.390424 -0.070513
0.406321 -0.070398
0.422305 -0.070143
0.438359 -0.069731
0.454464 -0.069139
0.470602 -0.068353
0.486754 -0.067362
0.502899 -0.066158
0.519018 -0.064734
0.535090 -0.063078
0.551093 -0.061167
0.567004 -0.058985
0.582806 -0.056564
0.598487 -0.053951
0.614034 -0.051181
0.629433 -0.048276
0.644674 -0.045272
0.659753 -0.042239
0.674668 -0.039241
0.689412 -0.036324
0.703975 -0.033520
0.718347 -0.030850
0.732513 -0.028319
0.746457 -0.025930
0.760163 -0.023679
0.773617 -0.021561
0.786803 -0.019571
0.799705 -0.017704
0.812311 -0.015956
0.824605 -0.014323
0.836575 -0.012809
0.848208 -0.011412
0.859492 -0.010129
0.870413 -0.008954
0.880961 -0.007881
0.891123 -0.006907
0.900888 -0.006028
0.910245 -0.005241
0.919185 -0.004535
0.927697 -0.003901
0.935772 -0.003326
0.943398 -0.002790
0.950569 -0.002281
0.957277 -0.001805
0.963517 -0.001372
0.969284 -0.000994
0.974571 -0.000702
0.979374 -0.000518
0.983687 -0.000443
0.987504 -0.000456
0.990821 -0.000535
0.993631 -0.000661
0.995929 -0.000831
0.997713 -0.001022
0.998985 -0.001193
0.999747 -0.001303
1.000001 -0.001340