as6097
1.000000 -0.000000
0.999751 0.000078
0.999006 0.000313
0.997764 0.000705
0.996031 0.001262
0.993810 0.001993
0.991106 0.002902
0.987923 0.003990
0.984262 0.005254
0.980127 0.006692
0.975523 0.008301
0.970451 0.010073
0.964914 0.012001
0.958916 0.014074
0.952458 0.016279
0.945542 0.018601
0.938172 0.021023
0.930349 0.023528
0.922078 0.026098
0.913365 0.028720
0.904215 0.031381
0.894637 0.034072
0.884642 0.036792
0.874241 0.039540
0.863445 0.042313
0.852266 0.045106
0.840714 0.047917
0.828801 0.050739
0.816538 0.053564
0.803936 0.056381
0.791006 0.059178
0.777760 0.061936
0.764206 0.064637
0.750359 0.067266
0.736231 0.069812
0.721837 0.072265
0.707194 0.074625
0.692316 0.076896
0.677223 0.079080
0.661929 0.081175
0.646450 0.083173
0.630802 0.085068
0.615002 0.086857
0.599067 0.088538
0.583013 0.090107
0.566857 0.091561
0.550616 0.092894
0.534308 0.094104
0.517949 0.095187
0.501558 0.096143
0.485151 0.096969
0.468746 0.097663
0.452361 0.098220
0.436014 0.098639
0.419721 0.098917
0.403500 0.099056
0.387369 0.099052
0.371346 0.098904
0.355448 0.098609
0.339692 0.098167
0.324095 0.097577
0.308676 0.096842
0.293451 0.095959
0.278436 0.094928
0.263650 0.093747
0.249109 0.092417
0.234830 0.090940
0.220829 0.089318
0.207122 0.087553
0.193725 0.085649
0.180655 0.083608
0.167926 0.081433
0.155554 0.079128
0.143554 0.076696
0.131942 0.074140
0.120733 0.071464
0.109941 0.068674
0.099579 0.065778
0.089661 0.062784
0.080203 0.059697
0.071217 0.056524
0.062717 0.053275
0.054713 0.049960
0.047215 0.046593
0.040244 0.043179
0.033822 0.039723
0.027961 0.036235
0.022672 0.032720
0.017958 0.029196
0.013850 0.025695
0.010399 0.022260
0.007596 0.018946
0.005332 0.015821
0.003493 0.012955
0.002027 0.010410
0.001022 0.008245
0.000468 0.006507
0.000240 0.005236
0.000184 0.004462
0.000179 0.004201
0.000177 0.003941
0.000147 0.003156
0.000062 0.001838
0.000000 0.000000
0.000329 -0.002290
0.001796 -0.004795
0.004608 -0.006550
0.008443 -0.006541
0.012934 -0.005404
0.017706 -0.004104
0.022770 -0.002678
0.028251 -0.001009
0.034232 0.000970
0.040689 0.003226
0.047585 0.005692
0.054884 0.008303
0.062587 0.011053
0.070702 0.013942
0.079238 0.016970
0.088192 0.020135
0.097550 0.023433
0.107297 0.026859
0.117418 0.030410
0.127904 0.034080
0.138748 0.037864
0.149940 0.041756
0.161477 0.045733
0.173361 0.049750
0.185595 0.053755
0.198182 0.057689
0.211122 0.061507
0.224403 0.065176
0.238015 0.068667
0.251945 0.071948
0.266180 0.074996
0.280699 0.077809
0.295482 0.080385
0.310507 0.082727
0.325752 0.084837
0.341199 0.086715
0.356827 0.088359
0.372616 0.089768
0.388548 0.090945
0.404601 0.091891
0.420757 0.092607
0.436995 0.093096
0.453296 0.093362
0.469639 0.093410
0.486007 0.093245
0.502379 0.092873
0.518737 0.092302
0.535063 0.091536
0.551337 0.090578
0.567541 0.089431
0.583656 0.088098
0.599665 0.086586
0.615550 0.084905
0.631294 0.083065
0.646881 0.081078
0.662294 0.078958
0.677518 0.076719
0.692539 0.074375
0.707342 0.071943
0.721913 0.069435
0.736239 0.066863
0.750306 0.064238
0.764100 0.061571
0.777608 0.058870
0.790818 0.056146
0.803717 0.053407
0.816292 0.050661
0.828532 0.047916
0.840425 0.045178
0.851959 0.042455
0.863123 0.039751
0.873906 0.037070
0.884295 0.034413
0.894279 0.031783
0.903850 0.029185
0.912999 0.026631
0.921719 0.024133
0.930003 0.021702
0.937845 0.019351
0.945242 0.017094
0.952188 0.014943
0.958679 0.012908
0.964712 0.011003
0.970282 0.009235
0.975386 0.007614
0.980021 0.006144
0.984182 0.004831
0.987866 0.003678
0.991070 0.002686
0.993789 0.001854
0.996020 0.001181
0.997759 0.000662
0.999003 0.000294
0.999751 0.000073
1.000000 -0.000000