as6098
1.000000 0.000000
0.999751 0.000079
0.999006 0.000318
0.997765 0.000717
0.996032 0.001282
0.993812 0.002024
0.991109 0.002946
0.987925 0.004049
0.984265 0.005328
0.980130 0.006782
0.975525 0.008406
0.970451 0.010193
0.964911 0.012134
0.958907 0.014217
0.952442 0.016429
0.945518 0.018753
0.938136 0.021172
0.930300 0.023667
0.922012 0.026220
0.913280 0.028818
0.904108 0.031447
0.894507 0.034100
0.884486 0.036774
0.874057 0.039469
0.863233 0.042185
0.852023 0.044917
0.840440 0.047664
0.828496 0.050419
0.816202 0.053176
0.803569 0.055927
0.790609 0.058661
0.777334 0.061366
0.763756 0.064030
0.749888 0.066643
0.735743 0.069194
0.721335 0.071674
0.706680 0.074078
0.691792 0.076405
0.676689 0.078655
0.661385 0.080821
0.645897 0.082896
0.630240 0.084873
0.614430 0.086746
0.598483 0.088513
0.582418 0.090170
0.566249 0.091711
0.549996 0.093131
0.533673 0.094425
0.517300 0.095589
0.500893 0.096623
0.484469 0.097522
0.468047 0.098284
0.451644 0.098902
0.435277 0.099375
0.418964 0.099701
0.402724 0.099877
0.386573 0.099904
0.370529 0.099777
0.354611 0.099494
0.338835 0.099055
0.323219 0.098460
0.307781 0.097710
0.292538 0.096804
0.277507 0.095742
0.262705 0.094525
0.248150 0.093152
0.233858 0.091627
0.219845 0.089950
0.206129 0.088122
0.192726 0.086144
0.179652 0.084019
0.166922 0.081752
0.154553 0.079348
0.142559 0.076813
0.130957 0.074148
0.119759 0.071362
0.108983 0.068459
0.098641 0.065444
0.088747 0.062327
0.079318 0.059113
0.070366 0.055811
0.061904 0.052431
0.053946 0.048981
0.046502 0.045473
0.039590 0.041920
0.033228 0.038334
0.027426 0.034731
0.022193 0.031120
0.017529 0.027519
0.013468 0.023957
0.010059 0.020473
0.007291 0.017116
0.005066 0.013953
0.003278 0.011052
0.001874 0.008477
0.000923 0.006290
0.000404 0.004539
0.000192 0.003262
0.000140 0.002485
0.000137 0.002224
0.000135 0.001964
0.000107 0.001172
0.000033 -0.000167
0.000003 -0.002029
0.000420 -0.004269
0.002077 -0.006531
0.005092 -0.008228
0.008901 -0.008743
0.013311 -0.008246
0.018175 -0.007461
0.023444 -0.006615
0.029140 -0.005610
0.035296 -0.004327
0.041909 -0.002758
0.048963 -0.000951
0.056439 0.001030
0.064327 0.003169
0.072622 0.005474
0.081323 0.007957
0.090421 0.010624
0.099901 0.013483
0.109747 0.016539
0.119946 0.019796
0.130485 0.023249
0.141358 0.026888
0.152556 0.030702
0.164078 0.034657
0.175927 0.038706
0.188110 0.042790
0.200634 0.046847
0.213495 0.050838
0.226686 0.054728
0.240199 0.058485
0.254027 0.062072
0.268156 0.065473
0.282566 0.068677
0.297242 0.071675
0.312162 0.074460
0.327309 0.077026
0.342664 0.079371
0.358206 0.081492
0.373917 0.083389
0.389776 0.085061
0.405764 0.086506
0.421861 0.087721
0.438048 0.088709
0.454304 0.089468
0.470610 0.090003
0.486947 0.090317
0.503295 0.090416
0.519635 0.090303
0.535947 0.089974
0.552211 0.089424
0.568409 0.088649
0.584520 0.087646
0.600526 0.086422
0.616408 0.084986
0.632147 0.083351
0.647726 0.081527
0.663128 0.079535
0.678340 0.077394
0.693346 0.075129
0.708133 0.072758
0.722686 0.070298
0.736992 0.067761
0.751037 0.065159
0.764809 0.062504
0.778293 0.059805
0.791477 0.057074
0.804349 0.054320
0.816896 0.051552
0.829107 0.048779
0.840970 0.046009
0.852474 0.043248
0.863608 0.040504
0.874359 0.037779
0.884716 0.035074
0.894669 0.032394
0.904207 0.029745
0.913324 0.027140
0.922013 0.024591
0.930266 0.022111
0.938079 0.019712
0.945448 0.017410
0.952367 0.015215
0.958832 0.013140
0.964841 0.011197
0.970390 0.009395
0.975474 0.007743
0.980091 0.006246
0.984237 0.004910
0.987908 0.003737
0.991100 0.002728
0.993809 0.001882
0.996033 0.001198
0.997766 0.000671
0.999007 0.000298
0.999752 0.000074
1.000000 0.000000