bacnlf
1.001390 0.001182
1.001140 0.001236
1.000392 0.001399
0.999147 0.001671
0.997405 0.002051
0.995168 0.002541
0.992440 0.003144
0.989225 0.003862
0.985527 0.004704
0.981350 0.005673
0.976699 0.006759
0.971573 0.007947
0.965972 0.009208
0.959895 0.010511
0.953349 0.011855
0.946342 0.013253
0.938889 0.014731
0.931003 0.016319
0.922693 0.018018
0.913963 0.019807
0.904816 0.021653
0.895254 0.023521
0.885283 0.025388
0.874912 0.027245
0.864152 0.029086
0.853014 0.030904
0.841509 0.032695
0.829648 0.034452
0.817444 0.036173
0.804910 0.037855
0.792058 0.039495
0.778902 0.041090
0.765456 0.042630
0.751731 0.044100
0.737742 0.045486
0.723501 0.046783
0.709026 0.048001
0.694333 0.049152
0.679437 0.050244
0.664353 0.051246
0.649094 0.052136
0.633678 0.052923
0.618122 0.053627
0.602443 0.054272
0.586657 0.054869
0.570780 0.055399
0.554828 0.055823
0.538816 0.056138
0.522762 0.056355
0.506683 0.056493
0.490595 0.056565
0.474516 0.056571
0.458461 0.056497
0.442447 0.056330
0.426491 0.056068
0.410609 0.055722
0.394817 0.055320
0.379131 0.054867
0.363567 0.054355
0.348142 0.053780
0.332871 0.053141
0.317770 0.052443
0.302854 0.051682
0.288139 0.050858
0.273640 0.049971
0.259372 0.049023
0.245350 0.048017
0.231588 0.046955
0.218100 0.045840
0.204900 0.044674
0.192002 0.043460
0.179419 0.042200
0.167165 0.040897
0.155250 0.039554
0.143689 0.038177
0.132492 0.036772
0.121670 0.035340
0.111237 0.033877
0.101204 0.032382
0.091581 0.030858
0.082378 0.029311
0.073607 0.027740
0.065277 0.026141
0.057398 0.024520
0.049979 0.022883
0.043030 0.021225
0.036566 0.019526
0.030596 0.017799
0.025125 0.016058
0.020167 0.014296
0.015736 0.012513
0.011849 0.010706
0.008531 0.008869
0.005783 0.007052
0.003601 0.005307
0.001933 0.003742
0.000746 0.002404
0.000164 0.001269
0.000014 0.000511
0.000004 0.000256
0.000000 0.000000
0.000003 -0.000772
0.000418 -0.001937
0.001623 -0.003264
0.003307 -0.004786
0.005665 -0.006248
0.008597 -0.007701
0.012076 -0.009147
0.016084 -0.010588
0.020601 -0.012042
0.025619 -0.013508
0.031132 -0.014972
0.037131 -0.016437
0.043609 -0.017891
0.050560 -0.019324
0.057973 -0.020747
0.065840 -0.022155
0.074151 -0.023542
0.082900 -0.024902
0.092074 -0.026240
0.101664 -0.027551
0.111660 -0.028834
0.122052 -0.030083
0.132828 -0.031300
0.143977 -0.032481
0.155488 -0.033625
0.167348 -0.034730
0.179546 -0.035793
0.192068 -0.036814
0.204901 -0.037791
0.218033 -0.038722
0.231450 -0.039604
0.245138 -0.040435
0.259083 -0.041213
0.273271 -0.041935
0.287688 -0.042595
0.302318 -0.043190
0.317147 -0.043715
0.332159 -0.044162
0.347340 -0.044526
0.362673 -0.044803
0.378143 -0.044985
0.393733 -0.045064
0.409427 -0.045033
0.425209 -0.044881
0.441061 -0.044595
0.456965 -0.044165
0.472906 -0.043582
0.488864 -0.042846
0.504822 -0.041961
0.520764 -0.040932
0.536673 -0.039771
0.552532 -0.038489
0.568326 -0.037094
0.584037 -0.035595
0.599651 -0.034006
0.615152 -0.032339
0.630526 -0.030612
0.645759 -0.028841
0.660838 -0.027049
0.675749 -0.025254
0.690482 -0.023482
0.705023 -0.021766
0.719362 -0.020136
0.733486 -0.018612
0.747379 -0.017180
0.761025 -0.015819
0.774407 -0.014509
0.787511 -0.013245
0.800325 -0.012036
0.812837 -0.010892
0.825033 -0.009820
0.836902 -0.008818
0.848432 -0.007884
0.859610 -0.007015
0.870426 -0.006209
0.880867 -0.005474
0.890923 -0.004816
0.900585 -0.004237
0.909843 -0.003739
0.918686 -0.003309
0.927105 -0.002935
0.935090 -0.002607
0.942632 -0.002316
0.949726 -0.002062
0.956362 -0.001845
0.962534 -0.001666
0.968236 -0.001523
0.973463 -0.001411
0.978208 -0.001329
0.982467 -0.001271
0.986235 -0.001233
0.989508 -0.001210
0.992283 -0.001198
0.994558 -0.001191
0.996329 -0.001186
0.997596 -0.001184
0.998357 -0.001182
0.998610 -0.001182