bambino6
1.000000 0.000000
0.999748 0.000064
0.998994 0.000257
0.997738 0.000577
0.995980 0.001025
0.993724 0.001600
0.990970 0.002301
0.987722 0.003125
0.983982 0.004070
0.979754 0.005132
0.975040 0.006306
0.969844 0.007584
0.964170 0.008959
0.958021 0.010417
0.951401 0.011946
0.944312 0.013530
0.936760 0.015159
0.928753 0.016831
0.920300 0.018546
0.911409 0.020306
0.902093 0.022117
0.892363 0.023988
0.882229 0.025919
0.871702 0.027907
0.860792 0.029949
0.849510 0.032043
0.837866 0.034185
0.825872 0.036373
0.813541 0.038605
0.800883 0.040878
0.787912 0.043188
0.774639 0.045523
0.761076 0.047866
0.747234 0.050199
0.733125 0.052504
0.718760 0.054759
0.704153 0.056941
0.689314 0.059032
0.674261 0.061035
0.659011 0.062969
0.643583 0.064855
0.627995 0.066717
0.612268 0.068580
0.596422 0.070469
0.580473 0.072396
0.564436 0.074334
0.548322 0.076252
0.532145 0.078119
0.515917 0.079903
0.499650 0.081573
0.483358 0.083098
0.467059 0.084460
0.450770 0.085641
0.434511 0.086627
0.418300 0.087402
0.402154 0.087953
0.386092 0.088270
0.370133 0.088364
0.354295 0.088252
0.338597 0.087950
0.323056 0.087476
0.307692 0.086847
0.292520 0.086080
0.277558 0.085181
0.262822 0.084151
0.248327 0.082989
0.234089 0.081696
0.220121 0.080276
0.206439 0.078731
0.193057 0.077067
0.179993 0.075289
0.167268 0.073404
0.154904 0.071419
0.142916 0.069343
0.131303 0.067199
0.120051 0.065017
0.109153 0.062824
0.098602 0.060643
0.088458 0.058401
0.078915 0.055819
0.070120 0.052687
0.061869 0.049255
0.053782 0.046010
0.045618 0.043286
0.037806 0.040756
0.031103 0.037757
0.026015 0.033854
0.022694 0.028914
0.020346 0.023584
0.018097 0.018586
0.015439 0.014363
0.012160 0.011128
0.008503 0.008780
0.005243 0.006878
0.002801 0.005160
0.001244 0.003561
0.000420 0.002137
0.000089 0.000997
0.000007 0.000257
0.000000 0.000000
0.000002 -0.000254
0.000049 -0.001004
0.000256 -0.002221
0.000795 -0.003852
0.001863 -0.005829
0.003643 -0.008066
0.006249 -0.010459
0.009663 -0.012896
0.013668 -0.015253
0.018019 -0.017426
0.022775 -0.019378
0.028092 -0.021126
0.034055 -0.022669
0.040636 -0.023970
0.047767 -0.025005
0.055355 -0.025779
0.063354 -0.026397
0.071760 -0.027069
0.080575 -0.028055
0.089802 -0.029305
0.099449 -0.030461
0.109525 -0.031150
0.120020 -0.031362
0.130915 -0.031232
0.142188 -0.030934
0.153816 -0.030684
0.165778 -0.030618
0.178065 -0.030699
0.190667 -0.030867
0.203577 -0.031048
0.216785 -0.031190
0.230277 -0.031293
0.244040 -0.031364
0.258058 -0.031410
0.272318 -0.031442
0.286805 -0.031470
0.301502 -0.031504
0.316395 -0.031553
0.331469 -0.031618
0.346709 -0.031694
0.362100 -0.031779
0.377625 -0.031869
0.393271 -0.031961
0.409021 -0.032052
0.424859 -0.032139
0.440770 -0.032222
0.456738 -0.032302
0.472747 -0.032379
0.488780 -0.032451
0.504823 -0.032520
0.520857 -0.032587
0.536867 -0.032654
0.552837 -0.032726
0.568748 -0.032806
0.584586 -0.032897
0.600333 -0.033003
0.615973 -0.033123
0.631493 -0.033246
0.646878 -0.033359
0.662116 -0.033449
0.677192 -0.033505
0.692093 -0.033515
0.706806 -0.033470
0.721312 -0.033341
0.735588 -0.033083
0.749614 -0.032657
0.763369 -0.032027
0.776834 -0.031164
0.789989 -0.030044
0.802818 -0.028649
0.815309 -0.027001
0.827461 -0.025195
0.839271 -0.023320
0.850736 -0.021455
0.861852 -0.019666
0.872615 -0.018010
0.883017 -0.016530
0.893053 -0.015259
0.902715 -0.014221
0.911987 -0.013385
0.920850 -0.012656
0.929282 -0.011952
0.937267 -0.011214
0.944793 -0.010400
0.951848 -0.009488
0.958428 -0.008487
0.964531 -0.007444
0.970156 -0.006396
0.975304 -0.005378
0.979971 -0.004413
0.984156 -0.003520
0.987856 -0.002713
0.991069 -0.002003
0.993793 -0.001395
0.996025 -0.000895
0.997763 -0.000504
0.999005 -0.000224
0.999751 -0.000056
1.000000 0.000000