bw3
1.000000 0.003495
0.999796 0.003653
0.999185 0.004127
0.998163 0.004911
0.996713 0.005979
0.994809 0.007293
0.992427 0.008811
0.989545 0.010482
0.986144 0.012252
0.982207 0.014063
0.977723 0.015853
0.972690 0.017571
0.967115 0.019188
0.961017 0.020689
0.954407 0.022072
0.947303 0.023354
0.939723 0.024562
0.931680 0.025724
0.923190 0.026883
0.914265 0.028064
0.904919 0.029292
0.895162 0.030588
0.885006 0.031961
0.874463 0.033418
0.863544 0.034958
0.852259 0.036578
0.840619 0.038270
0.828635 0.040026
0.816318 0.041837
0.803678 0.043694
0.790728 0.045585
0.777479 0.047499
0.763943 0.049426
0.750133 0.051356
0.736062 0.053279
0.721743 0.055186
0.707189 0.057066
0.692415 0.058912
0.677435 0.060715
0.662263 0.062467
0.646916 0.064159
0.631406 0.065784
0.615751 0.067334
0.599966 0.068802
0.584068 0.070181
0.568071 0.071464
0.551992 0.072646
0.535849 0.073719
0.519658 0.074678
0.503435 0.075516
0.487198 0.076229
0.470965 0.076811
0.454751 0.077263
0.438576 0.077588
0.422455 0.077786
0.406407 0.077860
0.390448 0.077814
0.374596 0.077651
0.358867 0.077374
0.343278 0.076987
0.327845 0.076491
0.312584 0.075888
0.297513 0.075177
0.282646 0.074357
0.268001 0.073425
0.253593 0.072378
0.239439 0.071210
0.225555 0.069919
0.211956 0.068498
0.198659 0.066945
0.185681 0.065258
0.173035 0.063437
0.160739 0.061485
0.148806 0.059408
0.137248 0.057218
0.126080 0.054927
0.115311 0.052551
0.104952 0.050108
0.095011 0.047618
0.085495 0.045103
0.076410 0.042583
0.067763 0.040080
0.059556 0.037616
0.051794 0.035210
0.044484 0.032869
0.037636 0.030589
0.031264 0.028355
0.025398 0.026116
0.020061 0.023836
0.015299 0.021467
0.011147 0.018990
0.007662 0.016404
0.004885 0.013741
0.002815 0.011102
0.001424 0.008632
0.000604 0.006457
0.000196 0.004690
0.000039 0.003406
0.000002 0.002632
0.000000 0.002374
0.000002 0.002118
0.000039 0.001350
0.000196 0.000075
0.000619 -0.001675
0.001510 -0.003809
0.003077 -0.006165
0.005460 -0.008496
0.008706 -0.010490
0.012757 -0.012018
0.017439 -0.013109
0.022668 -0.013804
0.028412 -0.014191
0.034645 -0.014293
0.041346 -0.014065
0.048486 -0.013455
0.056030 -0.012388
0.063941 -0.010817
0.072201 -0.008777
0.080800 -0.006343
0.089749 -0.003619
0.099082 -0.000737
0.108826 0.002177
0.118990 0.005048
0.129580 0.007804
0.140586 0.010428
0.151989 0.012927
0.163771 0.015309
0.175916 0.017579
0.188409 0.019739
0.201236 0.021777
0.214383 0.023679
0.227837 0.025439
0.241579 0.027063
0.255594 0.028557
0.269863 0.029933
0.284370 0.031201
0.299100 0.032368
0.314034 0.033435
0.329159 0.034406
0.344457 0.035280
0.359912 0.036060
0.375508 0.036743
0.391229 0.037329
0.407059 0.037811
0.422980 0.038177
0.438977 0.038416
0.455032 0.038517
0.471128 0.038472
0.487247 0.038279
0.503371 0.037941
0.519485 0.037466
0.535569 0.036865
0.551608 0.036153
0.567587 0.035347
0.583488 0.034464
0.599296 0.033517
0.614996 0.032516
0.630572 0.031469
0.646008 0.030378
0.661289 0.029246
0.676399 0.028072
0.691323 0.026857
0.706044 0.025602
0.720549 0.024309
0.734823 0.022982
0.748851 0.021626
0.762620 0.020250
0.776116 0.018859
0.789327 0.017462
0.802239 0.016065
0.814841 0.014678
0.827119 0.013307
0.839063 0.011960
0.850661 0.010642
0.861901 0.009357
0.872772 0.008108
0.883264 0.006897
0.893366 0.005724
0.903067 0.004587
0.912357 0.003484
0.921226 0.002415
0.929667 0.001385
0.937669 0.000389
0.945218 -0.000626
0.952299 -0.001712
0.958898 -0.002886
0.965003 -0.004137
0.970606 -0.005430
0.975748 -0.006592
0.980473 -0.007440
0.984776 -0.007872
0.988587 -0.007808
0.991857 -0.007277
0.994545 -0.006420
0.996630 -0.005436
0.998150 -0.004493
0.999186 -0.003743
0.999797 -0.003278
1.000000 -0.003122