c5a
1.000000 0.001289
0.999752 0.001357
0.999010 0.001559
0.997774 0.001896
0.996044 0.002368
0.993824 0.002973
0.991114 0.003710
0.987918 0.004578
0.984238 0.005573
0.980077 0.006690
0.975437 0.007926
0.970323 0.009272
0.964738 0.010719
0.958684 0.012255
0.952164 0.013865
0.945182 0.015533
0.937741 0.017245
0.929848 0.018994
0.921511 0.020774
0.912738 0.022581
0.903538 0.024413
0.893923 0.026268
0.883901 0.028142
0.873481 0.030023
0.862673 0.031901
0.851485 0.033762
0.839929 0.035595
0.828015 0.037399
0.815757 0.039174
0.803169 0.040925
0.790264 0.042656
0.777056 0.044363
0.763558 0.046033
0.749781 0.047655
0.735740 0.049219
0.721448 0.050723
0.706921 0.052169
0.692174 0.053559
0.677223 0.054890
0.662082 0.056150
0.646767 0.057329
0.631293 0.058423
0.615676 0.059444
0.599935 0.060409
0.584085 0.061327
0.568143 0.062182
0.552124 0.062951
0.536043 0.063615
0.519918 0.064193
0.503766 0.064720
0.487605 0.065227
0.471451 0.065675
0.455319 0.065994
0.439226 0.066122
0.423188 0.066070
0.407223 0.065905
0.391347 0.065687
0.375578 0.065431
0.359932 0.065106
0.344425 0.064682
0.329074 0.064146
0.313894 0.063502
0.298902 0.062760
0.284114 0.061929
0.269544 0.061029
0.255204 0.060079
0.241108 0.059097
0.227273 0.058059
0.213719 0.056920
0.200465 0.055639
0.187523 0.054216
0.174893 0.052808
0.162582 0.051447
0.150622 0.049987
0.139028 0.048398
0.127809 0.046740
0.116955 0.045148
0.106475 0.043633
0.096415 0.041994
0.086796 0.040167
0.077607 0.038273
0.068854 0.036357
0.060576 0.034336
0.052797 0.032163
0.045496 0.029932
0.038642 0.027748
0.032251 0.025624
0.026396 0.023429
0.021132 0.021076
0.016483 0.018545
0.012459 0.015910
0.009052 0.013272
0.006238 0.010695
0.004062 0.008219
0.002416 0.005926
0.001162 0.003907
0.000410 0.002247
0.000087 0.001014
0.000006 0.000256
0.000000 0.000000
0.000001 -0.000257
0.000021 -0.001032
0.000112 -0.002332
0.000368 -0.004148
0.000944 -0.006423
0.002072 -0.009018
0.004057 -0.011668
0.006965 -0.014137
0.010580 -0.016481
0.014816 -0.018740
0.019643 -0.020926
0.024992 -0.023113
0.030840 -0.025316
0.037182 -0.027531
0.044009 -0.029765
0.051312 -0.032008
0.059091 -0.034218
0.067345 -0.036358
0.076062 -0.038431
0.085222 -0.040467
0.094820 -0.042426
0.104863 -0.044191
0.115334 -0.045786
0.126184 -0.047438
0.137394 -0.049189
0.148977 -0.050876
0.160931 -0.052427
0.173237 -0.053863
0.185866 -0.055329
0.198804 -0.056826
0.212058 -0.058162
0.225616 -0.059309
0.239458 -0.060316
0.253564 -0.061239
0.267915 -0.062116
0.282496 -0.062930
0.297294 -0.063657
0.312296 -0.064273
0.327487 -0.064768
0.342850 -0.065139
0.358367 -0.065383
0.374023 -0.065500
0.389799 -0.065488
0.405681 -0.065348
0.421649 -0.065079
0.437688 -0.064678
0.453780 -0.064141
0.469908 -0.063467
0.486054 -0.062662
0.502201 -0.061733
0.518333 -0.060686
0.534433 -0.059528
0.550484 -0.058266
0.566471 -0.056903
0.582374 -0.055436
0.598177 -0.053857
0.613862 -0.052164
0.629415 -0.050376
0.644823 -0.048516
0.660070 -0.046609
0.675145 -0.044670
0.690031 -0.042709
0.704716 -0.040737
0.719186 -0.038758
0.733424 -0.036772
0.747416 -0.034779
0.761148 -0.032779
0.774607 -0.030782
0.787780 -0.028797
0.800656 -0.026837
0.813223 -0.024912
0.825470 -0.023035
0.837386 -0.021220
0.848961 -0.019477
0.860184 -0.017814
0.871044 -0.016236
0.881530 -0.014743
0.891631 -0.013335
0.901337 -0.012012
0.910637 -0.010776
0.919523 -0.009629
0.927985 -0.008573
0.936014 -0.007610
0.943603 -0.006738
0.950742 -0.005954
0.957424 -0.005255
0.963641 -0.004630
0.969386 -0.004072
0.974653 -0.003575
0.979435 -0.003132
0.983727 -0.002741
0.987525 -0.002399
0.990824 -0.002103
0.993622 -0.001854
0.995915 -0.001651
0.997701 -0.001493
0.998978 -0.001380
0.999744 -0.001312
1.000000 -0.001289