c5d
1.000000 0.001108
0.999751 0.001170
0.999003 0.001355
0.997759 0.001664
0.996018 0.002096
0.993783 0.002650
0.991055 0.003326
0.987838 0.004122
0.984134 0.005036
0.979947 0.006067
0.975281 0.007211
0.970139 0.008464
0.964525 0.009822
0.958446 0.011277
0.951904 0.012823
0.944904 0.014450
0.937453 0.016150
0.929557 0.017915
0.921221 0.019734
0.912454 0.021599
0.903261 0.023497
0.893651 0.025419
0.883634 0.027357
0.873218 0.029308
0.862415 0.031270
0.851236 0.033244
0.839694 0.035230
0.827799 0.037219
0.815562 0.039198
0.802994 0.041154
0.790105 0.043073
0.776908 0.044945
0.763417 0.046760
0.749643 0.048511
0.735603 0.050191
0.721310 0.051797
0.706779 0.053325
0.692026 0.054777
0.677066 0.056156
0.661917 0.057471
0.646595 0.058732
0.631116 0.059943
0.615495 0.061089
0.599747 0.062154
0.583887 0.063124
0.567932 0.064000
0.551900 0.064791
0.535807 0.065504
0.519670 0.066133
0.503505 0.066672
0.487329 0.067112
0.471159 0.067445
0.455011 0.067661
0.438903 0.067752
0.422851 0.067728
0.406873 0.067608
0.390985 0.067413
0.375202 0.067142
0.359543 0.066781
0.344024 0.066312
0.328661 0.065734
0.313470 0.065060
0.298466 0.064302
0.283665 0.063474
0.269082 0.062580
0.254731 0.061624
0.240625 0.060610
0.226783 0.059519
0.213223 0.058323
0.199961 0.056996
0.187011 0.055543
0.174378 0.054067
0.162064 0.052638
0.150084 0.051249
0.138471 0.049740
0.127253 0.048014
0.116413 0.046256
0.105955 0.044548
0.095910 0.042766
0.086293 0.040885
0.077095 0.038996
0.068329 0.037102
0.060044 0.035084
0.052267 0.032884
0.044971 0.030608
0.038124 0.028376
0.031746 0.026192
0.025915 0.023924
0.020683 0.021489
0.016075 0.018876
0.012094 0.016169
0.008727 0.013474
0.005961 0.010843
0.003805 0.008343
0.002172 0.006028
0.001010 0.003964
0.000349 0.002269
0.000073 0.001019
0.000005 0.000256
0.000000 0.000000
0.000002 -0.000255
0.000027 -0.001023
0.000136 -0.002300
0.000426 -0.004077
0.001027 -0.006316
0.002094 -0.008940
0.003814 -0.011784
0.006535 -0.014400
0.010141 -0.016732
0.014397 -0.018896
0.019307 -0.020837
0.024782 -0.022612
0.030782 -0.024252
0.037291 -0.025787
0.044282 -0.027283
0.051741 -0.028756
0.059666 -0.030153
0.068057 -0.031419
0.076899 -0.032569
0.086175 -0.033644
0.095873 -0.034629
0.105988 -0.035456
0.116506 -0.036155
0.127404 -0.036864
0.138671 -0.037605
0.150298 -0.038309
0.162278 -0.038924
0.174597 -0.039449
0.187238 -0.039986
0.200188 -0.040536
0.213437 -0.040999
0.226973 -0.041376
0.240779 -0.041696
0.254842 -0.041995
0.269146 -0.042292
0.283676 -0.042576
0.298419 -0.042829
0.313361 -0.043038
0.328485 -0.043191
0.343777 -0.043280
0.359221 -0.043296
0.374801 -0.043240
0.390501 -0.043117
0.406305 -0.042937
0.422197 -0.042698
0.438161 -0.042390
0.454179 -0.042004
0.470235 -0.041532
0.486314 -0.040981
0.502398 -0.040357
0.518471 -0.039663
0.534516 -0.038898
0.550517 -0.038056
0.566457 -0.037140
0.582320 -0.036169
0.598094 -0.035165
0.613761 -0.034147
0.629306 -0.033094
0.644709 -0.031978
0.659953 -0.030772
0.675024 -0.029491
0.689909 -0.028176
0.704597 -0.026865
0.719073 -0.025579
0.733324 -0.024314
0.747333 -0.023064
0.761087 -0.021824
0.774572 -0.020597
0.787775 -0.019390
0.800682 -0.018209
0.813282 -0.017057
0.825561 -0.015937
0.837508 -0.014851
0.849109 -0.013801
0.860354 -0.012786
0.871232 -0.011811
0.881731 -0.010877
0.891841 -0.009986
0.901552 -0.009140
0.910854 -0.008338
0.919738 -0.007581
0.928194 -0.006869
0.936214 -0.006201
0.943790 -0.005577
0.950914 -0.004996
0.957579 -0.004458
0.963777 -0.003962
0.969504 -0.003506
0.974752 -0.003090
0.979516 -0.002715
0.983792 -0.002378
0.987575 -0.002081
0.990861 -0.001824
0.993648 -0.001605
0.995932 -0.001426
0.997710 -0.001287
0.998982 -0.001188
0.999745 -0.001128
1.000000 -0.001108