clarkw
1.000000 0.001000
0.999748 0.001064
0.998993 0.001257
0.997734 0.001577
0.995974 0.002025
0.993715 0.002600
0.990957 0.003302
0.987705 0.004129
0.983961 0.005079
0.979728 0.006151
0.975011 0.007341
0.969814 0.008647
0.964141 0.010065
0.957997 0.011588
0.951387 0.013212
0.944316 0.014928
0.936791 0.016730
0.928818 0.018614
0.920404 0.020574
0.911558 0.022604
0.902288 0.024698
0.892601 0.026852
0.882508 0.029059
0.872018 0.031315
0.861141 0.033613
0.849887 0.035949
0.838267 0.038317
0.826293 0.040713
0.813975 0.043131
0.801328 0.045567
0.788362 0.048016
0.775091 0.050471
0.761526 0.052923
0.747681 0.055363
0.733568 0.057780
0.719201 0.060166
0.704593 0.062510
0.689759 0.064804
0.674712 0.067038
0.659468 0.069206
0.644042 0.071302
0.628450 0.073320
0.612707 0.075255
0.596830 0.077100
0.580836 0.078850
0.564740 0.080500
0.548559 0.082043
0.532310 0.083472
0.516009 0.084784
0.499675 0.085972
0.483324 0.087035
0.466973 0.087971
0.450641 0.088784
0.434343 0.089477
0.418099 0.090052
0.401925 0.090512
0.385839 0.090861
0.369857 0.091092
0.353997 0.091196
0.338274 0.091165
0.322707 0.090994
0.307310 0.090676
0.292101 0.090206
0.277096 0.089579
0.262316 0.088783
0.247779 0.087811
0.233503 0.086658
0.219506 0.085319
0.205803 0.083794
0.192412 0.082083
0.179351 0.080183
0.166640 0.078090
0.154298 0.075801
0.142341 0.073320
0.130782 0.070672
0.119627 0.067892
0.108884 0.065014
0.098560 0.062069
0.088667 0.059070
0.079235 0.055991
0.070287 0.052809
0.061831 0.049529
0.053865 0.046171
0.046386 0.042758
0.039415 0.039319
0.032988 0.035881
0.027123 0.032476
0.021827 0.029129
0.017086 0.025772
0.012875 0.022325
0.009197 0.018792
0.006165 0.015305
0.003834 0.011999
0.002173 0.008980
0.001091 0.006325
0.000461 0.004091
0.000149 0.002319
0.000030 0.001036
0.000002 0.000260
-0.000000 -0.000000
0.000003 -0.000254
0.000045 -0.001010
0.000225 -0.002251
0.000689 -0.003946
0.001613 -0.006040
0.003174 -0.008452
0.005506 -0.011063
0.008663 -0.013704
0.012562 -0.016143
0.017006 -0.018142
0.021955 -0.019727
0.027426 -0.021140
0.033427 -0.022566
0.039950 -0.023968
0.046978 -0.025273
0.054484 -0.026396
0.062449 -0.027300
0.070865 -0.028005
0.079722 -0.028551
0.089008 -0.028970
0.098710 -0.029277
0.108815 -0.029492
0.119309 -0.029616
0.130183 -0.029646
0.141425 -0.029581
0.153022 -0.029419
0.164963 -0.029161
0.177234 -0.028805
0.189823 -0.028350
0.202717 -0.027796
0.215900 -0.027147
0.229360 -0.026407
0.243085 -0.025586
0.257061 -0.024694
0.271274 -0.023740
0.285710 -0.022739
0.300356 -0.021705
0.315199 -0.020653
0.330223 -0.019603
0.345414 -0.018574
0.360759 -0.017587
0.376243 -0.016665
0.391851 -0.015831
0.407569 -0.015107
0.423381 -0.014500
0.439269 -0.014000
0.455218 -0.013595
0.471210 -0.013271
0.487227 -0.013015
0.503253 -0.012813
0.519270 -0.012654
0.535263 -0.012534
0.551216 -0.012448
0.567112 -0.012393
0.582936 -0.012365
0.598672 -0.012360
0.614304 -0.012371
0.629816 -0.012386
0.645193 -0.012389
0.660418 -0.012365
0.675477 -0.012300
0.690354 -0.012182
0.705033 -0.011999
0.719500 -0.011750
0.733741 -0.011445
0.747740 -0.011095
0.761485 -0.010710
0.774961 -0.010301
0.788154 -0.009876
0.801053 -0.009444
0.813643 -0.009010
0.825912 -0.008574
0.837847 -0.008134
0.849437 -0.007689
0.860669 -0.007240
0.871533 -0.006785
0.882017 -0.006327
0.892111 -0.005866
0.901805 -0.005402
0.911089 -0.004939
0.919954 -0.004482
0.928391 -0.004035
0.936393 -0.003602
0.943950 -0.003186
0.951055 -0.002791
0.957702 -0.002418
0.963883 -0.002069
0.969593 -0.001744
0.974826 -0.001446
0.979577 -0.001174
0.983840 -0.000930
0.987612 -0.000713
0.990889 -0.000524
0.993667 -0.000365
0.995944 -0.000234
0.997717 -0.000131
0.998985 -0.000058
0.999746 -0.000015
1.000000 -0.000000