coanda2
1.000000 -0.000000
0.999749 0.000050
0.998998 0.000200
0.997746 0.000450
0.995996 0.000799
0.993748 0.001246
0.991005 0.001792
0.987770 0.002433
0.984045 0.003167
0.979833 0.003991
0.975139 0.004899
0.969966 0.005885
0.964318 0.006939
0.958198 0.008052
0.951611 0.009207
0.944560 0.010391
0.937053 0.011595
0.929095 0.012815
0.920697 0.014055
0.911867 0.015318
0.902615 0.016612
0.892955 0.017948
0.882895 0.019329
0.872446 0.020748
0.861617 0.022201
0.850420 0.023680
0.838864 0.025178
0.826960 0.026689
0.814719 0.028202
0.802153 0.029709
0.789273 0.031200
0.776092 0.032669
0.762622 0.034108
0.748878 0.035513
0.734873 0.036875
0.720621 0.038191
0.706137 0.039452
0.691435 0.040654
0.676532 0.041798
0.661441 0.042893
0.646180 0.043949
0.630765 0.044977
0.615212 0.045988
0.599537 0.046995
0.583759 0.048007
0.567891 0.049017
0.551950 0.050011
0.535950 0.050977
0.519908 0.051900
0.503839 0.052770
0.487758 0.053572
0.471682 0.054309
0.455627 0.054985
0.439611 0.055609
0.423649 0.056186
0.407758 0.056724
0.391954 0.057230
0.376255 0.057699
0.360674 0.058116
0.345229 0.058467
0.329934 0.058739
0.314804 0.058918
0.299855 0.058994
0.285102 0.058957
0.270562 0.058801
0.256250 0.058523
0.242183 0.058118
0.228376 0.057585
0.214844 0.056925
0.201603 0.056137
0.188665 0.055224
0.176048 0.054189
0.163767 0.053034
0.151836 0.051763
0.140270 0.050382
0.129080 0.048885
0.118277 0.047266
0.107870 0.045527
0.097870 0.043668
0.088301 0.041676
0.079222 0.039495
0.070678 0.037089
0.062641 0.034510
0.055020 0.031882
0.047753 0.029304
0.040893 0.026774
0.034634 0.024169
0.029114 0.021407
0.024404 0.018463
0.020374 0.015434
0.016557 0.012628
0.012653 0.010257
0.008700 0.008354
0.005290 0.006670
0.002785 0.005054
0.001212 0.003503
0.000394 0.002105
0.000075 0.000982
0.000003 0.000253
0.000000 0.000000
0.000009 -0.000250
0.000104 -0.000963
0.000479 -0.002039
0.001407 -0.003331
0.003163 -0.004684
0.005920 -0.005978
0.009621 -0.007193
0.013822 -0.008473
0.018006 -0.009997
0.022250 -0.011683
0.026911 -0.013330
0.032309 -0.014735
0.038430 -0.015789
0.045178 -0.016395
0.052392 -0.016452
0.059937 -0.015922
0.067825 -0.014908
0.076102 -0.013591
0.084815 -0.012182
0.093966 -0.010807
0.103548 -0.009598
0.113553 -0.008632
0.123965 -0.007873
0.134769 -0.007258
0.145945 -0.006704
0.157474 -0.006114
0.169339 -0.005461
0.181532 -0.004777
0.194043 -0.004101
0.206864 -0.003479
0.219983 -0.002933
0.233386 -0.002458
0.247059 -0.002051
0.260988 -0.001705
0.275157 -0.001411
0.289553 -0.001160
0.304159 -0.000941
0.318960 -0.000745
0.333941 -0.000571
0.349087 -0.000415
0.364382 -0.000275
0.379813 -0.000149
0.395363 -0.000033
0.411017 0.000076
0.426759 0.000177
0.442573 0.000269
0.458444 0.000351
0.474355 0.000420
0.490290 0.000474
0.506233 0.000513
0.522168 0.000536
0.538079 0.000546
0.553949 0.000545
0.569764 0.000535
0.585506 0.000518
0.601161 0.000498
0.616711 0.000475
0.632142 0.000442
0.647438 0.000393
0.662585 0.000321
0.677566 0.000220
0.692368 0.000085
0.706975 -0.000088
0.721372 -0.000299
0.735544 -0.000543
0.749476 -0.000814
0.763153 -0.001106
0.776560 -0.001415
0.789683 -0.001736
0.802509 -0.002065
0.815025 -0.002401
0.827221 -0.002754
0.839085 -0.003132
0.850608 -0.003541
0.861780 -0.003988
0.872590 -0.004473
0.883028 -0.005000
0.893085 -0.005568
0.902749 -0.006174
0.912010 -0.006781
0.920852 -0.007299
0.929261 -0.007658
0.937224 -0.007808
0.944733 -0.007724
0.951778 -0.007395
0.958355 -0.006852
0.964460 -0.006165
0.970091 -0.005398
0.975246 -0.004601
0.979922 -0.003812
0.984116 -0.003061
0.987825 -0.002371
0.991046 -0.001755
0.993777 -0.001225
0.996014 -0.000786
0.997757 -0.000443
0.999003 -0.000197
0.999751 -0.000049
1.000000 0.000000