davissm
1.000000 0.005880
0.999773 0.006003
0.999093 0.006373
0.997955 0.006977
0.996341 0.007778
0.994227 0.008724
0.991599 0.009764
0.988448 0.010851
0.984773 0.011945
0.980573 0.013022
0.975861 0.014076
0.970648 0.015133
0.964952 0.016249
0.958791 0.017480
0.952173 0.018832
0.945102 0.020302
0.937588 0.021887
0.929636 0.023585
0.921254 0.025390
0.912450 0.027293
0.903230 0.029286
0.893603 0.031360
0.883576 0.033508
0.873160 0.035723
0.862363 0.037997
0.851194 0.040318
0.839663 0.042674
0.827780 0.045055
0.815555 0.047449
0.802999 0.049845
0.790123 0.052235
0.776940 0.054608
0.763463 0.056954
0.749702 0.059262
0.735673 0.061522
0.721387 0.063726
0.706861 0.065865
0.692107 0.067934
0.677142 0.069925
0.661980 0.071833
0.646637 0.073650
0.631129 0.075370
0.615471 0.076988
0.599681 0.078501
0.583775 0.079904
0.567769 0.081193
0.551680 0.082366
0.535526 0.083418
0.519323 0.084345
0.503089 0.085144
0.486841 0.085815
0.470596 0.086352
0.454371 0.086750
0.438185 0.087003
0.422054 0.087114
0.405996 0.087087
0.390029 0.086918
0.374169 0.086599
0.358436 0.086127
0.342844 0.085506
0.327413 0.084741
0.312159 0.083829
0.297099 0.082764
0.282251 0.081547
0.267631 0.080181
0.253256 0.078669
0.239142 0.077012
0.225306 0.075211
0.211764 0.073267
0.198533 0.071177
0.185629 0.068944
0.173067 0.066574
0.160863 0.064072
0.149031 0.061444
0.137586 0.058699
0.126538 0.055855
0.115897 0.052937
0.105668 0.049973
0.095854 0.046999
0.086458 0.044048
0.077479 0.041159
0.068916 0.038362
0.060779 0.035660
0.053082 0.033039
0.045841 0.030479
0.039078 0.027947
0.032811 0.025422
0.027060 0.022888
0.021841 0.020344
0.017164 0.017805
0.013035 0.015300
0.009461 0.012849
0.006462 0.010453
0.004034 0.008141
0.002228 0.005954
0.001038 0.003959
0.000363 0.002264
0.000076 0.000999
0.000005 0.000228
0.000000 -0.000030
0.000005 -0.000284
0.000081 -0.001047
0.000397 -0.002292
0.001202 -0.003890
0.002746 -0.005576
0.005131 -0.007103
0.008233 -0.008254
0.011959 -0.008903
0.016227 -0.009067
0.020973 -0.008806
0.026180 -0.008223
0.031837 -0.007442
0.037944 -0.006506
0.044507 -0.005466
0.051524 -0.004349
0.058988 -0.003176
0.066895 -0.001964
0.075237 -0.000720
0.084007 0.000550
0.093196 0.001844
0.102795 0.003164
0.112793 0.004505
0.123181 0.005864
0.133948 0.007236
0.145085 0.008619
0.156579 0.010012
0.168420 0.011412
0.180594 0.012817
0.193091 0.014221
0.205898 0.015614
0.219004 0.016986
0.232395 0.018332
0.246058 0.019648
0.259979 0.020927
0.274145 0.022161
0.288542 0.023341
0.303155 0.024464
0.317969 0.025523
0.332970 0.026513
0.348142 0.027427
0.363470 0.028260
0.378937 0.029013
0.394527 0.029684
0.410226 0.030267
0.426015 0.030757
0.441880 0.031153
0.457803 0.031459
0.473767 0.031675
0.489757 0.031798
0.505755 0.031825
0.521745 0.031759
0.537710 0.031605
0.553634 0.031365
0.569500 0.031037
0.585292 0.030618
0.600993 0.030114
0.616587 0.029531
0.632058 0.028875
0.647391 0.028148
0.662570 0.027354
0.677579 0.026495
0.692402 0.025574
0.707026 0.024596
0.721434 0.023566
0.735613 0.022488
0.749548 0.021370
0.763226 0.020218
0.776632 0.019037
0.789754 0.017828
0.802578 0.016597
0.815091 0.015350
0.827282 0.014094
0.839138 0.012836
0.850648 0.011579
0.861801 0.010327
0.872584 0.009087
0.882989 0.007865
0.893006 0.006668
0.902623 0.005496
0.911832 0.004348
0.920622 0.003226
0.928985 0.002130
0.936913 0.001062
0.944396 0.000018
0.951426 -0.001007
0.957996 -0.002003
0.964105 -0.002946
0.969748 -0.003814
0.974925 -0.004577
0.979633 -0.005209
0.983869 -0.005697
0.987627 -0.006028
0.990899 -0.006207
0.993679 -0.006257
0.995956 -0.006209
0.997726 -0.006106
0.998990 -0.005998
0.999747 -0.005925
1.000000 -0.005900