daytonwright6
1.000000 0.000000
0.999749 0.000083
0.998998 0.000331
0.997746 0.000744
0.995995 0.001321
0.993746 0.002062
0.991003 0.002965
0.987766 0.004028
0.984039 0.005247
0.979824 0.006618
0.975124 0.008134
0.969942 0.009787
0.964280 0.011568
0.958141 0.013461
0.951526 0.015451
0.944438 0.017519
0.936879 0.019651
0.928858 0.021842
0.920381 0.024088
0.911459 0.026386
0.902101 0.028738
0.892321 0.031148
0.882128 0.033617
0.871534 0.036142
0.860549 0.038722
0.849186 0.041360
0.837456 0.044057
0.825373 0.046816
0.812951 0.049642
0.800203 0.052541
0.787144 0.055519
0.773786 0.058562
0.760138 0.061648
0.746210 0.064753
0.732011 0.067851
0.717551 0.070912
0.702838 0.073908
0.687882 0.076807
0.672698 0.079599
0.657302 0.082287
0.641713 0.084877
0.625950 0.087375
0.610031 0.089789
0.593976 0.092127
0.577804 0.094395
0.561531 0.096596
0.545173 0.098729
0.528747 0.100795
0.512270 0.102797
0.495759 0.104735
0.479229 0.106605
0.462698 0.108383
0.446180 0.110040
0.429693 0.111550
0.413251 0.112886
0.396871 0.114024
0.380569 0.114942
0.364364 0.115639
0.348273 0.116115
0.332314 0.116373
0.316505 0.116414
0.300863 0.116245
0.285408 0.115865
0.270161 0.115259
0.255150 0.114399
0.240398 0.113264
0.225929 0.111835
0.211764 0.110100
0.197925 0.108048
0.184431 0.105678
0.171304 0.103004
0.158564 0.100045
0.146229 0.096821
0.134320 0.093352
0.122856 0.089653
0.111859 0.085738
0.101345 0.081626
0.091325 0.077340
0.081815 0.072910
0.072829 0.068369
0.064373 0.063746
0.056454 0.059043
0.049072 0.054270
0.042229 0.049449
0.035959 0.044639
0.030284 0.039900
0.025211 0.035286
0.020717 0.030842
0.016668 0.026581
0.012928 0.022510
0.009448 0.018654
0.006412 0.015043
0.003997 0.011714
0.002244 0.008709
0.001094 0.006074
0.000433 0.003850
0.000119 0.002077
0.000013 0.000785
0.000000 0.000000
0.000004 -0.000263
0.000013 -0.000518
0.000068 -0.001277
0.000248 -0.002532
0.000677 -0.004261
0.001509 -0.006423
0.002902 -0.008947
0.004999 -0.011720
0.007889 -0.014568
0.011577 -0.017245
0.015958 -0.019428
0.020946 -0.021037
0.026497 -0.022318
0.032555 -0.023577
0.039110 -0.024804
0.046155 -0.025912
0.053682 -0.026787
0.061679 -0.027369
0.070131 -0.027711
0.079016 -0.027904
0.088318 -0.028013
0.098029 -0.028025
0.108138 -0.027920
0.118636 -0.027697
0.129513 -0.027368
0.140756 -0.026951
0.152354 -0.026470
0.164294 -0.025949
0.176566 -0.025394
0.189158 -0.024811
0.202056 -0.024208
0.215250 -0.023589
0.228725 -0.022960
0.242469 -0.022323
0.256467 -0.021681
0.270706 -0.021039
0.285172 -0.020400
0.299850 -0.019769
0.314726 -0.019151
0.329784 -0.018555
0.345009 -0.017991
0.360387 -0.017470
0.375902 -0.017003
0.391539 -0.016601
0.407281 -0.016276
0.423113 -0.016026
0.439019 -0.015838
0.454982 -0.015693
0.470986 -0.015575
0.487015 -0.015467
0.503051 -0.015351
0.519078 -0.015215
0.535082 -0.015061
0.551044 -0.014894
0.566950 -0.014718
0.582784 -0.014538
0.598529 -0.014357
0.614170 -0.014180
0.629691 -0.014001
0.645076 -0.013817
0.660310 -0.013621
0.675378 -0.013408
0.690264 -0.013175
0.704953 -0.012916
0.719430 -0.012630
0.733681 -0.012319
0.747690 -0.011984
0.761445 -0.011627
0.774930 -0.011249
0.788132 -0.010853
0.801038 -0.010441
0.813635 -0.010015
0.825910 -0.009585
0.837852 -0.009158
0.849450 -0.008741
0.860691 -0.008340
0.871565 -0.007960
0.882062 -0.007605
0.892170 -0.007278
0.901880 -0.006981
0.911181 -0.006706
0.920062 -0.006425
0.928513 -0.006115
0.936523 -0.005761
0.944083 -0.005354
0.951186 -0.004890
0.957826 -0.004379
0.963996 -0.003844
0.969693 -0.003305
0.974912 -0.002780
0.979648 -0.002282
0.983897 -0.001820
0.987657 -0.001403
0.990922 -0.001036
0.993690 -0.000722
0.995959 -0.000463
0.997725 -0.000261
0.998989 -0.000116
0.999747 -0.000029
1.000000 0.000000