defcnd2
1.000000 0.000000
0.999744 0.000058
0.998975 0.000230
0.997694 0.000517
0.995904 0.000919
0.993604 0.001434
0.990799 0.002064
0.987490 0.002806
0.983681 0.003660
0.979375 0.004626
0.974578 0.005702
0.969294 0.006887
0.963527 0.008180
0.957285 0.009580
0.950573 0.011085
0.943398 0.012694
0.935768 0.014404
0.927689 0.016215
0.919171 0.018125
0.910221 0.020132
0.900849 0.022233
0.891064 0.024428
0.880877 0.026714
0.870297 0.029089
0.859335 0.031550
0.848002 0.034094
0.836308 0.036716
0.824266 0.039412
0.811887 0.042178
0.799184 0.045013
0.786172 0.047924
0.772865 0.050916
0.759279 0.053989
0.745426 0.057139
0.731317 0.060349
0.716957 0.063573
0.702351 0.066765
0.687508 0.069896
0.672441 0.072947
0.657165 0.075903
0.641694 0.078759
0.626047 0.081512
0.610240 0.084161
0.594289 0.086703
0.578212 0.089132
0.562025 0.091431
0.545743 0.093594
0.529390 0.095666
0.512992 0.097711
0.496567 0.099743
0.480127 0.101716
0.463683 0.103581
0.447247 0.105300
0.430834 0.106833
0.414461 0.108142
0.398143 0.109183
0.381901 0.109941
0.365758 0.110474
0.349736 0.110854
0.333852 0.111171
0.318121 0.111521
0.302560 0.111843
0.287191 0.111817
0.272037 0.111183
0.257125 0.110035
0.242477 0.108566
0.228104 0.106916
0.214002 0.105173
0.200187 0.103325
0.186729 0.101121
0.173693 0.098345
0.161081 0.095107
0.148872 0.091637
0.137063 0.088051
0.125671 0.084339
0.114710 0.080493
0.104194 0.076535
0.094131 0.072492
0.084533 0.068378
0.075414 0.064204
0.066787 0.059980
0.058665 0.055715
0.051061 0.051425
0.043988 0.047118
0.037457 0.042809
0.031477 0.038522
0.026058 0.034287
0.021195 0.030136
0.016877 0.026099
0.013083 0.022209
0.009829 0.018499
0.007151 0.015000
0.005033 0.011755
0.003368 0.008816
0.002047 0.006235
0.001020 0.004057
0.000368 0.002316
0.000079 0.001041
0.000005 0.000262
-0.000000 -0.000000
0.000003 -0.000255
0.000043 -0.001021
0.000220 -0.002296
0.000693 -0.004037
0.001688 -0.006110
0.003451 -0.008269
0.006057 -0.010326
0.009380 -0.012161
0.013326 -0.013793
0.017810 -0.015396
0.022791 -0.017028
0.028287 -0.018606
0.034303 -0.020071
0.040825 -0.021423
0.047831 -0.022678
0.055307 -0.023852
0.063242 -0.024970
0.071624 -0.026035
0.080444 -0.027033
0.089694 -0.027956
0.099362 -0.028810
0.109435 -0.029603
0.119904 -0.030340
0.130756 -0.031022
0.141979 -0.031651
0.153563 -0.032228
0.165494 -0.032756
0.177761 -0.033237
0.190350 -0.033674
0.203248 -0.034069
0.216443 -0.034420
0.229921 -0.034730
0.243667 -0.034997
0.257669 -0.035223
0.271912 -0.035410
0.286380 -0.035556
0.301061 -0.035662
0.315938 -0.035729
0.330996 -0.035756
0.346221 -0.035742
0.361597 -0.035690
0.377108 -0.035599
0.392739 -0.035468
0.408474 -0.035295
0.424296 -0.035078
0.440190 -0.034817
0.456140 -0.034508
0.472128 -0.034153
0.488141 -0.033752
0.504159 -0.033302
0.520168 -0.032800
0.536152 -0.032243
0.552092 -0.031625
0.567974 -0.030945
0.583780 -0.030194
0.599494 -0.029367
0.615099 -0.028457
0.630578 -0.027462
0.645916 -0.026384
0.661099 -0.025247
0.676114 -0.024098
0.690949 -0.022977
0.705589 -0.021886
0.720019 -0.020818
0.734223 -0.019767
0.748189 -0.018731
0.761900 -0.017711
0.775344 -0.016709
0.788507 -0.015728
0.801376 -0.014771
0.813938 -0.013838
0.826180 -0.012928
0.838090 -0.012042
0.849656 -0.011182
0.860866 -0.010348
0.871709 -0.009542
0.882175 -0.008763
0.892251 -0.008014
0.901930 -0.007294
0.911199 -0.006605
0.920052 -0.005946
0.928477 -0.005319
0.936468 -0.004725
0.944015 -0.004163
0.951112 -0.003636
0.957750 -0.003142
0.963924 -0.002683
0.969628 -0.002259
0.974855 -0.001871
0.979600 -0.001518
0.983858 -0.001201
0.987626 -0.000920
0.990899 -0.000677
0.993674 -0.000470
0.995948 -0.000301
0.997720 -0.000169
0.998986 -0.000075
0.999746 -0.000019
1.000000 0.000000