df102
1.000000 0.000035
0.999743 0.000069
0.998974 0.000172
0.997692 0.000345
0.995900 0.000595
0.993602 0.000932
0.990801 0.001361
0.987499 0.001880
0.983698 0.002481
0.979403 0.003162
0.974618 0.003928
0.969350 0.004785
0.963604 0.005739
0.957387 0.006791
0.950705 0.007939
0.943565 0.009180
0.935973 0.010514
0.927939 0.011937
0.919468 0.013449
0.910570 0.015046
0.901253 0.016724
0.891526 0.018478
0.881398 0.020302
0.870879 0.022189
0.859977 0.024130
0.848702 0.026118
0.837066 0.028143
0.825078 0.030201
0.812750 0.032282
0.800095 0.034380
0.787123 0.036489
0.773847 0.038600
0.760280 0.040706
0.746435 0.042801
0.732326 0.044881
0.717966 0.046938
0.703371 0.048969
0.688554 0.050970
0.673531 0.052936
0.658316 0.054864
0.642926 0.056751
0.627375 0.058591
0.611679 0.060381
0.595855 0.062113
0.579916 0.063783
0.563881 0.065383
0.547764 0.066909
0.531581 0.068354
0.515350 0.069713
0.499087 0.070976
0.482808 0.072136
0.466530 0.073187
0.450269 0.074121
0.434042 0.074934
0.417868 0.075623
0.401762 0.076183
0.385742 0.076614
0.369825 0.076913
0.354028 0.077082
0.338369 0.077122
0.322863 0.077035
0.307528 0.076819
0.292381 0.076469
0.277437 0.075987
0.262713 0.075390
0.248223 0.074700
0.233982 0.073934
0.220004 0.073099
0.206304 0.072195
0.192897 0.071223
0.179796 0.070169
0.167019 0.069021
0.154579 0.067767
0.142494 0.066394
0.130777 0.064891
0.119445 0.063247
0.108519 0.061441
0.098016 0.059458
0.087955 0.057287
0.078356 0.054924
0.069234 0.052369
0.060618 0.049612
0.052544 0.046630
0.045038 0.043420
0.038119 0.040011
0.031799 0.036446
0.026082 0.032777
0.020977 0.029061
0.016483 0.025359
0.012582 0.021728
0.009231 0.018225
0.006387 0.014904
0.004049 0.011805
0.002306 0.008944
0.001149 0.006358
0.000483 0.004121
0.000156 0.002330
0.000032 0.001037
0.000002 0.000259
0.000000 0.000000
0.000007 -0.000252
0.000104 -0.000990
0.000498 -0.002156
0.001451 -0.003665
0.003147 -0.005407
0.005531 -0.007262
0.008360 -0.009124
0.011624 -0.010933
0.015386 -0.012701
0.019727 -0.014499
0.024653 -0.016316
0.030119 -0.018120
0.036065 -0.019887
0.042480 -0.021599
0.049374 -0.023254
0.056753 -0.024852
0.064609 -0.026378
0.072926 -0.027815
0.081690 -0.029148
0.090889 -0.030368
0.100515 -0.031467
0.110555 -0.032443
0.120998 -0.033289
0.131831 -0.034001
0.143039 -0.034579
0.154609 -0.035023
0.166528 -0.035341
0.178782 -0.035540
0.191357 -0.035625
0.204240 -0.035602
0.217416 -0.035479
0.230873 -0.035265
0.244596 -0.034970
0.258571 -0.034609
0.272784 -0.034190
0.287221 -0.033721
0.301868 -0.033210
0.316710 -0.032664
0.331732 -0.032087
0.346919 -0.031485
0.362256 -0.030864
0.377728 -0.030224
0.393319 -0.029568
0.409013 -0.028894
0.424795 -0.028205
0.440648 -0.027501
0.456557 -0.026783
0.472506 -0.026051
0.488478 -0.025305
0.504458 -0.024545
0.520429 -0.023773
0.536375 -0.022990
0.552281 -0.022201
0.568131 -0.021410
0.583908 -0.020620
0.599597 -0.019834
0.615182 -0.019054
0.630647 -0.018282
0.645978 -0.017522
0.661159 -0.016778
0.676175 -0.016051
0.691009 -0.015344
0.705649 -0.014654
0.720078 -0.013982
0.734282 -0.013328
0.748247 -0.012688
0.761959 -0.012062
0.775403 -0.011448
0.788566 -0.010842
0.801435 -0.010243
0.813996 -0.009647
0.826236 -0.009053
0.838144 -0.008461
0.849707 -0.007869
0.860914 -0.007280
0.871752 -0.006694
0.882213 -0.006114
0.892284 -0.005543
0.901956 -0.004984
0.911220 -0.004442
0.920066 -0.003920
0.928486 -0.003422
0.936471 -0.002953
0.944014 -0.002517
0.951106 -0.002119
0.957742 -0.001760
0.963915 -0.001440
0.969617 -0.001160
0.974844 -0.000917
0.979590 -0.000711
0.983849 -0.000538
0.987618 -0.000397
0.990893 -0.000284
0.993669 -0.000198
0.995945 -0.000134
0.997718 -0.000089
0.998985 -0.000059
0.999746 -0.000041
1.000000 -0.000035