dsma523b
1.000000 0.000308
0.999756 0.000390
0.999024 0.000635
0.997804 0.001042
0.996098 0.001612
0.993908 0.002341
0.991233 0.003227
0.988076 0.004263
0.984437 0.005440
0.980315 0.006744
0.975709 0.008157
0.970621 0.009664
0.965053 0.011252
0.959007 0.012910
0.952488 0.014624
0.945501 0.016382
0.938050 0.018173
0.930141 0.019985
0.921783 0.021808
0.912983 0.023633
0.903749 0.025447
0.894088 0.027238
0.884010 0.028995
0.873525 0.030717
0.862645 0.032391
0.851378 0.033998
0.839737 0.035535
0.827736 0.037011
0.815388 0.038422
0.802707 0.039768
0.789705 0.041049
0.776396 0.042260
0.762796 0.043401
0.748917 0.044478
0.734777 0.045499
0.720389 0.046469
0.705768 0.047383
0.690930 0.048242
0.675890 0.049045
0.660662 0.049795
0.645265 0.050498
0.629712 0.051155
0.614019 0.051767
0.598204 0.052330
0.582282 0.052847
0.566268 0.053316
0.550180 0.053736
0.534034 0.054108
0.517846 0.054430
0.501632 0.054699
0.485409 0.054913
0.469194 0.055075
0.453003 0.055190
0.436853 0.055256
0.420759 0.055272
0.404739 0.055253
0.388808 0.055197
0.372983 0.055103
0.357280 0.054973
0.341714 0.054808
0.326301 0.054608
0.311057 0.054365
0.295998 0.054081
0.281139 0.053756
0.266494 0.053382
0.252080 0.052961
0.237910 0.052490
0.224000 0.051965
0.210364 0.051388
0.197016 0.050754
0.183970 0.050057
0.171239 0.049293
0.158839 0.048461
0.146781 0.047564
0.135079 0.046600
0.123745 0.045565
0.112793 0.044451
0.102236 0.043256
0.092085 0.041989
0.082345 0.040689
0.073025 0.039392
0.064135 0.038070
0.055694 0.036674
0.047722 0.035165
0.040239 0.033516
0.033266 0.031705
0.026833 0.029680
0.021001 0.027376
0.015838 0.024757
0.011407 0.021843
0.007762 0.018692
0.005080 0.015305
0.003027 0.012072
0.001642 0.009055
0.000800 0.006363
0.000324 0.004104
0.000101 0.002316
0.000020 0.001030
0.000001 0.000257
-0.000000 0.000000
0.000001 -0.000258
0.000020 -0.001032
0.000101 -0.002321
0.000322 -0.004113
0.000795 -0.006378
0.001640 -0.009075
0.003035 -0.012095
0.005098 -0.015331
0.007792 -0.018720
0.011490 -0.021824
0.015966 -0.024689
0.021161 -0.027272
0.026992 -0.029608
0.033396 -0.031780
0.040356 -0.033689
0.047894 -0.035114
0.055934 -0.036366
0.064346 -0.038015
0.073098 -0.040153
0.082301 -0.042190
0.092031 -0.043695
0.102222 -0.044899
0.112806 -0.046056
0.123779 -0.047167
0.135137 -0.048205
0.146865 -0.049164
0.158949 -0.050042
0.171378 -0.050845
0.184137 -0.051576
0.197213 -0.052239
0.210591 -0.052834
0.224258 -0.053365
0.238200 -0.053835
0.252401 -0.054238
0.266848 -0.054571
0.281526 -0.054832
0.296419 -0.055022
0.311512 -0.055134
0.326790 -0.055169
0.342237 -0.055126
0.357836 -0.055001
0.373572 -0.054804
0.389428 -0.054522
0.405388 -0.054145
0.421435 -0.053673
0.437553 -0.053104
0.453723 -0.052429
0.469931 -0.051665
0.486157 -0.050784
0.502383 -0.049755
0.518591 -0.048591
0.534763 -0.047265
0.550867 -0.045660
0.566884 -0.043767
0.582791 -0.041603
0.598563 -0.039128
0.614172 -0.036323
0.629595 -0.033196
0.644836 -0.029869
0.659892 -0.026416
0.674739 -0.022812
0.689426 -0.019335
0.703963 -0.016089
0.718322 -0.013038
0.732489 -0.010187
0.746452 -0.007561
0.760194 -0.005167
0.773698 -0.002992
0.786947 -0.001044
0.799926 0.000677
0.812617 0.002178
0.825006 0.003461
0.837076 0.004527
0.848812 0.005382
0.860198 0.006031
0.871221 0.006477
0.881866 0.006713
0.892118 0.006736
0.901963 0.006553
0.911386 0.006172
0.920375 0.005602
0.928918 0.004856
0.937002 0.003960
0.944617 0.002941
0.951755 0.001829
0.958409 0.000650
0.964574 -0.000568
0.970246 -0.001803
0.975419 -0.003033
0.980094 -0.004235
0.984271 -0.005384
0.987953 -0.006446
0.991145 -0.007395
0.993847 -0.008214
0.996060 -0.008892
0.997783 -0.009423
0.999014 -0.009804
0.999753 -0.010033
1.000000 -0.010109