e1098
1.000000 0.000000
0.999744 0.000066
0.998975 0.000263
0.997695 0.000594
0.995909 0.001068
0.993623 0.001704
0.990843 0.002515
0.987574 0.003507
0.983819 0.004673
0.979579 0.006003
0.974855 0.007487
0.969647 0.009107
0.963954 0.010841
0.957778 0.012676
0.951124 0.014603
0.943997 0.016615
0.936405 0.018710
0.928358 0.020893
0.919867 0.023175
0.910944 0.025565
0.901600 0.028065
0.891845 0.030679
0.881690 0.033406
0.871145 0.036247
0.860222 0.039200
0.848932 0.042262
0.837287 0.045430
0.825297 0.048702
0.812976 0.052074
0.800334 0.055541
0.787385 0.059098
0.774140 0.062736
0.760611 0.066448
0.746811 0.070225
0.732752 0.074058
0.718446 0.077936
0.703905 0.081845
0.689141 0.085772
0.674166 0.089699
0.658991 0.093609
0.643628 0.097483
0.628089 0.101300
0.612386 0.105035
0.596526 0.108653
0.580521 0.112117
0.564377 0.115370
0.548101 0.118333
0.531703 0.120935
0.515204 0.123136
0.498629 0.124915
0.482006 0.126264
0.465364 0.127227
0.448731 0.127853
0.432132 0.128181
0.415589 0.128231
0.399123 0.128020
0.382754 0.127562
0.366502 0.126862
0.350386 0.125929
0.334426 0.124772
0.318642 0.123399
0.303050 0.121821
0.287670 0.120042
0.272520 0.118068
0.257618 0.115906
0.242982 0.113562
0.228627 0.111045
0.214573 0.108358
0.200836 0.105508
0.187433 0.102499
0.174381 0.099334
0.161699 0.096016
0.149402 0.092550
0.137507 0.088942
0.126031 0.085201
0.114988 0.081339
0.104390 0.077370
0.094250 0.073311
0.084580 0.069176
0.075394 0.064976
0.066703 0.060725
0.058522 0.056432
0.050864 0.052106
0.043741 0.047763
0.037168 0.043418
0.031157 0.039092
0.025708 0.034813
0.020819 0.030612
0.016478 0.026524
0.012685 0.022584
0.009459 0.018822
0.006789 0.015276
0.004643 0.011990
0.002976 0.009006
0.001728 0.006373
0.000834 0.004139
0.000296 0.002353
0.000063 0.001053
0.000004 0.000264
-0.000000 -0.000000
0.000003 -0.000256
0.000055 -0.001027
0.000277 -0.002294
0.000873 -0.003968
0.002070 -0.005909
0.004008 -0.008005
0.006658 -0.010169
0.009849 -0.012353
0.013559 -0.014517
0.017801 -0.016664
0.022578 -0.018850
0.027890 -0.021080
0.033725 -0.023325
0.040061 -0.025562
0.046882 -0.027774
0.054183 -0.029953
0.061957 -0.032106
0.070196 -0.034232
0.078890 -0.036324
0.088027 -0.038373
0.097595 -0.040375
0.107585 -0.042323
0.117984 -0.044212
0.128781 -0.046040
0.139966 -0.047802
0.151524 -0.049492
0.163444 -0.051106
0.175713 -0.052640
0.188317 -0.054088
0.201243 -0.055444
0.214478 -0.056705
0.228006 -0.057864
0.241814 -0.058919
0.255886 -0.059862
0.270209 -0.060685
0.284765 -0.061383
0.299541 -0.061947
0.314519 -0.062372
0.329683 -0.062651
0.345017 -0.062774
0.360503 -0.062726
0.376125 -0.062489
0.391864 -0.062038
0.407697 -0.061331
0.423604 -0.060330
0.439561 -0.059015
0.455549 -0.057400
0.471545 -0.055502
0.487533 -0.053354
0.503503 -0.051011
0.519444 -0.048533
0.535346 -0.045966
0.551196 -0.043340
0.566983 -0.040678
0.582694 -0.038006
0.598316 -0.035340
0.613836 -0.032695
0.629238 -0.030085
0.644511 -0.027523
0.659639 -0.025021
0.674610 -0.022591
0.689408 -0.020241
0.704020 -0.017980
0.718431 -0.015815
0.732628 -0.013751
0.746595 -0.011796
0.760320 -0.009951
0.773787 -0.008223
0.786983 -0.006612
0.799895 -0.005121
0.812507 -0.003753
0.824809 -0.002506
0.836785 -0.001382
0.848423 -0.000379
0.859710 0.000504
0.870635 0.001271
0.881184 0.001923
0.891347 0.002463
0.901112 0.002895
0.910469 0.003224
0.919407 0.003454
0.927915 0.003589
0.935985 0.003637
0.943608 0.003603
0.950775 0.003495
0.957478 0.003321
0.963709 0.003090
0.969463 0.002813
0.974733 0.002501
0.979514 0.002165
0.983801 0.001819
0.987591 0.001474
0.990880 0.001140
0.993665 0.000826
0.995945 0.000545
0.997718 0.000312
0.998985 0.000139
0.999746 0.000035
1.000000 -0.000000