e1211
1.000000 0.000000
0.999739 0.000061
0.998956 0.000244
0.997653 0.000551
0.995833 0.000994
0.993505 0.001595
0.990674 0.002366
0.987345 0.003312
0.983518 0.004420
0.979194 0.005676
0.974373 0.007064
0.969054 0.008562
0.963235 0.010142
0.956918 0.011788
0.950108 0.013489
0.942810 0.015233
0.935033 0.017019
0.926786 0.018855
0.918083 0.020756
0.908935 0.022732
0.899352 0.024785
0.889344 0.026920
0.878924 0.029139
0.868102 0.031441
0.856888 0.033825
0.845295 0.036289
0.833334 0.038831
0.821017 0.041452
0.808358 0.044149
0.795369 0.046921
0.782063 0.049763
0.768454 0.052672
0.754554 0.055642
0.740376 0.058669
0.725936 0.061747
0.711247 0.064870
0.696322 0.068033
0.681177 0.071228
0.665825 0.074449
0.650281 0.077686
0.634560 0.080930
0.618675 0.084171
0.602642 0.087398
0.586476 0.090603
0.570190 0.093774
0.553802 0.096901
0.537326 0.099972
0.520776 0.102974
0.504168 0.105893
0.487518 0.108717
0.470841 0.111434
0.454154 0.114030
0.437472 0.116489
0.420811 0.118796
0.404187 0.120936
0.387618 0.122892
0.371120 0.124652
0.354710 0.126198
0.338408 0.127517
0.322231 0.128593
0.306198 0.129410
0.290329 0.129953
0.274644 0.130205
0.259163 0.130149
0.243910 0.129768
0.228907 0.129045
0.214180 0.127960
0.199755 0.126496
0.185660 0.124643
0.171922 0.122398
0.158570 0.119760
0.145636 0.116727
0.133151 0.113299
0.121146 0.109484
0.109654 0.105294
0.098699 0.100760
0.088295 0.095934
0.078452 0.090871
0.069183 0.085612
0.060497 0.080194
0.052406 0.074653
0.044927 0.069022
0.038066 0.063337
0.031826 0.057636
0.026203 0.051960
0.021195 0.046354
0.016815 0.040867
0.013054 0.035547
0.009874 0.030434
0.007221 0.025566
0.005043 0.020984
0.003320 0.016748
0.002036 0.012921
0.001141 0.009547
0.000568 0.006657
0.000238 0.004272
0.000077 0.002408
0.000015 0.001071
0.000001 0.000268
0.000000 0.000000
0.000001 -0.000258
0.000023 -0.001032
0.000113 -0.002323
0.000353 -0.004125
0.000847 -0.006419
0.001719 -0.009155
0.003103 -0.012241
0.005136 -0.015524
0.007913 -0.018849
0.011442 -0.022169
0.015630 -0.025495
0.020379 -0.028842
0.025702 -0.032156
0.031623 -0.035377
0.038148 -0.038457
0.045257 -0.041367
0.052917 -0.044089
0.061108 -0.046596
0.069817 -0.048860
0.079026 -0.050857
0.088715 -0.052567
0.098864 -0.053976
0.109445 -0.055074
0.120441 -0.055848
0.131827 -0.056289
0.143582 -0.056400
0.155687 -0.056202
0.168121 -0.055722
0.180866 -0.054996
0.193912 -0.054062
0.207245 -0.052969
0.220853 -0.051753
0.234724 -0.050434
0.248846 -0.049032
0.263207 -0.047564
0.277791 -0.046038
0.292585 -0.044463
0.307575 -0.042845
0.322746 -0.041193
0.338084 -0.039515
0.353575 -0.037821
0.369202 -0.036118
0.384951 -0.034411
0.400806 -0.032704
0.416752 -0.031003
0.432773 -0.029313
0.448853 -0.027638
0.464976 -0.025984
0.481126 -0.024355
0.497287 -0.022753
0.513443 -0.021182
0.529578 -0.019646
0.545675 -0.018147
0.561719 -0.016688
0.577692 -0.015271
0.593580 -0.013901
0.609366 -0.012579
0.625035 -0.011307
0.640570 -0.010089
0.655955 -0.008924
0.671176 -0.007814
0.686216 -0.006758
0.701060 -0.005758
0.715694 -0.004816
0.730102 -0.003932
0.744269 -0.003110
0.758183 -0.002349
0.771827 -0.001647
0.785188 -0.001005
0.798253 -0.000421
0.811008 0.000105
0.823440 0.000574
0.835537 0.000988
0.847285 0.001346
0.858673 0.001650
0.869690 0.001902
0.880323 0.002103
0.890562 0.002256
0.900397 0.002360
0.909818 0.002420
0.918813 0.002438
0.927376 0.002419
0.935496 0.002366
0.943165 0.002286
0.950377 0.002182
0.957122 0.002054
0.963395 0.001906
0.969188 0.001740
0.974497 0.001558
0.979315 0.001363
0.983638 0.001159
0.987462 0.000952
0.990782 0.000746
0.993595 0.000547
0.995899 0.000365
0.997692 0.000210
0.998974 0.000094
0.999743 0.000024
1.000000 -0.000000