e168
1.000000 0.000000
0.999744 0.000015
0.998976 0.000058
0.997697 0.000134
0.995909 0.000249
0.993615 0.000420
0.990818 0.000656
0.987521 0.000963
0.983728 0.001335
0.979442 0.001767
0.974668 0.002254
0.969408 0.002787
0.963667 0.003353
0.957450 0.003946
0.950763 0.004561
0.943612 0.005195
0.936006 0.005846
0.927952 0.006520
0.919459 0.007227
0.910536 0.007973
0.901192 0.008761
0.891438 0.009593
0.881283 0.010469
0.870738 0.011393
0.859813 0.012364
0.848520 0.013386
0.836870 0.014458
0.824875 0.015581
0.812548 0.016752
0.799900 0.017971
0.786945 0.019237
0.773695 0.020548
0.760164 0.021902
0.746365 0.023297
0.732312 0.024732
0.718020 0.026204
0.703502 0.027710
0.688774 0.029247
0.673849 0.030811
0.658742 0.032396
0.643468 0.033999
0.628042 0.035614
0.612480 0.037239
0.596797 0.038867
0.581007 0.040494
0.565128 0.042113
0.549174 0.043720
0.533161 0.045306
0.517104 0.046864
0.501019 0.048387
0.484922 0.049868
0.468829 0.051300
0.452756 0.052679
0.436718 0.053995
0.420732 0.055243
0.404813 0.056413
0.388977 0.057497
0.373240 0.058489
0.357619 0.059380
0.342128 0.060162
0.326785 0.060829
0.311604 0.061373
0.296603 0.061787
0.281796 0.062068
0.267201 0.062211
0.252832 0.062213
0.238707 0.062067
0.224840 0.061770
0.211249 0.061316
0.197947 0.060701
0.184953 0.059923
0.172281 0.058979
0.159947 0.057866
0.147967 0.056584
0.136357 0.055135
0.125132 0.053521
0.114307 0.051748
0.103895 0.049826
0.093912 0.047764
0.084369 0.045574
0.075279 0.043267
0.066655 0.040852
0.058508 0.038341
0.050851 0.035745
0.043698 0.033074
0.037058 0.030345
0.030943 0.027566
0.025366 0.024745
0.020331 0.021902
0.015855 0.019067
0.011954 0.016277
0.008620 0.013573
0.005867 0.010951
0.003683 0.008426
0.002028 0.006062
0.000916 0.003974
0.000311 0.002271
0.000064 0.001019
0.000004 0.000256
0.000000 0.000000
0.000004 -0.000256
0.000064 -0.001019
0.000311 -0.002271
0.000916 -0.003974
0.002028 -0.006062
0.003683 -0.008426
0.005867 -0.010951
0.008620 -0.013573
0.011954 -0.016277
0.015855 -0.019067
0.020331 -0.021902
0.025366 -0.024745
0.030943 -0.027566
0.037058 -0.030345
0.043698 -0.033074
0.050851 -0.035745
0.058508 -0.038341
0.066655 -0.040852
0.075279 -0.043267
0.084369 -0.045574
0.093912 -0.047764
0.103895 -0.049826
0.114307 -0.051748
0.125132 -0.053521
0.136357 -0.055135
0.147967 -0.056584
0.159947 -0.057866
0.172281 -0.058979
0.184953 -0.059923
0.197947 -0.060701
0.211249 -0.061316
0.224840 -0.061770
0.238707 -0.062067
0.252832 -0.062213
0.267201 -0.062211
0.281796 -0.062068
0.296603 -0.061787
0.311604 -0.061373
0.326785 -0.060829
0.342128 -0.060162
0.357619 -0.059380
0.373240 -0.058489
0.388977 -0.057497
0.404813 -0.056413
0.420732 -0.055243
0.436718 -0.053995
0.452756 -0.052679
0.468829 -0.051300
0.484922 -0.049868
0.501019 -0.048387
0.517104 -0.046864
0.533161 -0.045306
0.549174 -0.043720
0.565128 -0.042113
0.581007 -0.040494
0.596797 -0.038867
0.612480 -0.037239
0.628042 -0.035614
0.643468 -0.033999
0.658742 -0.032396
0.673849 -0.030811
0.688774 -0.029247
0.703502 -0.027710
0.718020 -0.026204
0.732312 -0.024732
0.746365 -0.023297
0.760164 -0.021902
0.773695 -0.020548
0.786945 -0.019237
0.799900 -0.017971
0.812548 -0.016752
0.824875 -0.015581
0.836870 -0.014458
0.848520 -0.013386
0.859813 -0.012364
0.870738 -0.011393
0.881283 -0.010469
0.891438 -0.009593
0.901192 -0.008761
0.910536 -0.007973
0.919459 -0.007227
0.927952 -0.006520
0.936006 -0.005846
0.943612 -0.005195
0.950763 -0.004561
0.957450 -0.003946
0.963667 -0.003353
0.969408 -0.002787
0.974668 -0.002254
0.979442 -0.001767
0.983728 -0.001335
0.987521 -0.000963
0.990818 -0.000656
0.993615 -0.000420
0.995909 -0.000249
0.997697 -0.000134
0.998976 -0.000058
0.999744 -0.000015
1.000000 -0.000000