e171
1.000000 0.000000
0.999745 0.000016
0.998979 0.000063
0.997705 0.000144
0.995923 0.000268
0.993637 0.000453
0.990851 0.000711
0.987567 0.001046
0.983789 0.001455
0.979521 0.001929
0.974767 0.002466
0.969529 0.003056
0.963813 0.003688
0.957623 0.004357
0.950965 0.005059
0.943847 0.005791
0.936274 0.006553
0.928256 0.007349
0.919801 0.008185
0.910918 0.009069
0.901617 0.010005
0.891908 0.010993
0.881801 0.012037
0.871305 0.013138
0.860432 0.014297
0.849193 0.015512
0.837600 0.016783
0.825663 0.018110
0.813396 0.019492
0.800810 0.020927
0.787919 0.022414
0.774734 0.023952
0.761270 0.025537
0.747540 0.027166
0.733557 0.028835
0.719335 0.030540
0.704888 0.032274
0.690230 0.034034
0.675376 0.035812
0.660339 0.037604
0.645134 0.039403
0.629777 0.041202
0.614282 0.042994
0.598663 0.044770
0.582936 0.046519
0.567116 0.048231
0.551217 0.049893
0.535254 0.051490
0.519243 0.053004
0.503198 0.054421
0.487136 0.055729
0.471072 0.056917
0.455024 0.057976
0.439008 0.058899
0.423042 0.059682
0.407141 0.060321
0.391325 0.060813
0.375609 0.061157
0.360011 0.061354
0.344548 0.061409
0.329238 0.061329
0.314095 0.061121
0.299138 0.060791
0.284381 0.060345
0.269841 0.059789
0.255532 0.059125
0.241471 0.058355
0.227671 0.057479
0.214150 0.056499
0.200920 0.055417
0.187996 0.054235
0.175393 0.052956
0.163124 0.051583
0.151203 0.050120
0.139643 0.048569
0.128458 0.046931
0.117659 0.045209
0.107261 0.043404
0.097275 0.041520
0.087713 0.039562
0.078587 0.037535
0.069909 0.035439
0.061689 0.033278
0.053939 0.031061
0.046673 0.028795
0.039900 0.026493
0.033629 0.024159
0.027868 0.021788
0.022621 0.019392
0.017906 0.016993
0.013749 0.014624
0.010156 0.012327
0.007124 0.010095
0.004642 0.007900
0.002676 0.005786
0.001251 0.003852
0.000434 0.002228
0.000091 0.001009
0.000006 0.000255
0.000000 0.000000
0.000006 -0.000255
0.000091 -0.001009
0.000434 -0.002228
0.001251 -0.003852
0.002676 -0.005786
0.004642 -0.007900
0.007124 -0.010095
0.010156 -0.012327
0.013749 -0.014624
0.017906 -0.016993
0.022621 -0.019392
0.027868 -0.021788
0.033629 -0.024159
0.039900 -0.026493
0.046673 -0.028795
0.053939 -0.031061
0.061689 -0.033278
0.069909 -0.035439
0.078587 -0.037535
0.087713 -0.039562
0.097275 -0.041520
0.107261 -0.043404
0.117659 -0.045209
0.128458 -0.046931
0.139643 -0.048569
0.151203 -0.050120
0.163124 -0.051583
0.175393 -0.052956
0.187996 -0.054235
0.200920 -0.055417
0.214150 -0.056499
0.227671 -0.057479
0.241471 -0.058355
0.255532 -0.059125
0.269841 -0.059789
0.284381 -0.060345
0.299138 -0.060791
0.314095 -0.061121
0.329238 -0.061329
0.344548 -0.061409
0.360011 -0.061354
0.375609 -0.061157
0.391325 -0.060813
0.407141 -0.060321
0.423042 -0.059682
0.439008 -0.058899
0.455024 -0.057976
0.471072 -0.056917
0.487136 -0.055729
0.503198 -0.054421
0.519243 -0.053004
0.535254 -0.051490
0.551217 -0.049893
0.567116 -0.048231
0.582936 -0.046519
0.598663 -0.044770
0.614282 -0.042994
0.629777 -0.041202
0.645134 -0.039403
0.660339 -0.037604
0.675376 -0.035812
0.690230 -0.034034
0.704888 -0.032274
0.719335 -0.030540
0.733557 -0.028835
0.747540 -0.027166
0.761270 -0.025537
0.774734 -0.023952
0.787919 -0.022414
0.800810 -0.020927
0.813396 -0.019492
0.825663 -0.018110
0.837600 -0.016783
0.849193 -0.015512
0.860432 -0.014297
0.871305 -0.013138
0.881801 -0.012037
0.891908 -0.010993
0.901617 -0.010005
0.910918 -0.009069
0.919801 -0.008185
0.928256 -0.007349
0.936274 -0.006553
0.943847 -0.005791
0.950965 -0.005059
0.957623 -0.004357
0.963813 -0.003688
0.969529 -0.003056
0.974767 -0.002466
0.979521 -0.001929
0.983789 -0.001455
0.987567 -0.001046
0.990851 -0.000711
0.993637 -0.000453
0.995923 -0.000268
0.997705 -0.000144
0.998979 -0.000063
0.999745 -0.000016
1.000000 -0.000000