e174
1.000000 0.000000
0.999745 0.000034
0.998980 0.000136
0.997706 0.000307
0.995926 0.000550
0.993640 0.000869
0.990853 0.001271
0.987568 0.001758
0.983788 0.002333
0.979518 0.002998
0.974763 0.003752
0.969526 0.004594
0.963814 0.005519
0.957630 0.006527
0.950982 0.007612
0.943875 0.008773
0.936316 0.010005
0.928314 0.011307
0.919875 0.012678
0.911008 0.014115
0.901723 0.015618
0.892028 0.017188
0.881935 0.018824
0.871453 0.020525
0.860592 0.022288
0.849364 0.024112
0.837780 0.025994
0.825851 0.027930
0.813589 0.029918
0.801006 0.031954
0.788114 0.034034
0.774927 0.036157
0.761458 0.038317
0.747719 0.040511
0.733724 0.042733
0.719486 0.044979
0.705021 0.047243
0.690340 0.049519
0.675460 0.051802
0.660394 0.054084
0.645156 0.056357
0.629761 0.058614
0.614224 0.060844
0.598559 0.063037
0.582781 0.065182
0.566904 0.067263
0.550943 0.069262
0.534913 0.071160
0.518827 0.072943
0.502704 0.074598
0.486558 0.076110
0.470407 0.077470
0.454267 0.078669
0.438157 0.079699
0.422094 0.080554
0.406095 0.081225
0.390178 0.081708
0.374363 0.081997
0.358666 0.082089
0.343106 0.081981
0.327702 0.081675
0.312472 0.081177
0.297432 0.080494
0.282600 0.079636
0.267994 0.078614
0.253628 0.077437
0.239519 0.076113
0.225682 0.074652
0.212133 0.073060
0.198886 0.071342
0.185957 0.069504
0.173360 0.067553
0.161109 0.065493
0.149219 0.063330
0.137702 0.061070
0.126572 0.058715
0.115842 0.056273
0.105526 0.053750
0.095636 0.051151
0.086185 0.048486
0.077184 0.045760
0.068639 0.042981
0.060558 0.040159
0.052964 0.037299
0.045878 0.034412
0.039310 0.031512
0.033240 0.028613
0.027643 0.025732
0.022527 0.022890
0.017997 0.020085
0.014127 0.017332
0.010888 0.014666
0.008065 0.012154
0.005510 0.009861
0.003228 0.007829
0.001540 0.006045
0.000574 0.004531
0.000168 0.003361
0.000068 0.002618
0.000061 0.002363
0.000059 0.002107
0.000038 0.001325
0.000000 0.000000
0.000120 -0.001785
0.000971 -0.003697
0.003140 -0.005346
0.006466 -0.006687
0.010242 -0.007915
0.014292 -0.009058
0.018759 -0.010085
0.023834 -0.010984
0.029516 -0.011749
0.035726 -0.012398
0.042371 -0.012960
0.049440 -0.013436
0.056950 -0.013822
0.064919 -0.014119
0.073341 -0.014330
0.082199 -0.014463
0.091472 -0.014529
0.101148 -0.014533
0.111219 -0.014475
0.121678 -0.014355
0.132515 -0.014177
0.143721 -0.013946
0.155281 -0.013667
0.167183 -0.013348
0.179416 -0.012991
0.191968 -0.012597
0.204825 -0.012168
0.217976 -0.011708
0.231407 -0.011219
0.245105 -0.010706
0.259056 -0.010174
0.273245 -0.009624
0.287659 -0.009062
0.302284 -0.008490
0.317104 -0.007910
0.332105 -0.007324
0.347272 -0.006735
0.362589 -0.006144
0.378042 -0.005554
0.393615 -0.004967
0.409291 -0.004387
0.425056 -0.003815
0.440894 -0.003253
0.456788 -0.002703
0.472723 -0.002166
0.488682 -0.001644
0.504650 -0.001140
0.520611 -0.000654
0.536548 -0.000187
0.552445 0.000260
0.568287 0.000685
0.584057 0.001090
0.599740 0.001471
0.615319 0.001829
0.630779 0.002162
0.646105 0.002469
0.661281 0.002752
0.676291 0.003009
0.691121 0.003240
0.705755 0.003445
0.720179 0.003622
0.734379 0.003773
0.748339 0.003898
0.762046 0.003998
0.775485 0.004074
0.788644 0.004125
0.801509 0.004152
0.814067 0.004155
0.826306 0.004134
0.838212 0.004090
0.849774 0.004024
0.860981 0.003939
0.871820 0.003833
0.882281 0.003710
0.892354 0.003569
0.902028 0.003412
0.911293 0.003241
0.920141 0.003058
0.928562 0.002863
0.936547 0.002659
0.944089 0.002448
0.951180 0.002234
0.957813 0.002016
0.963982 0.001798
0.969679 0.001581
0.974900 0.001367
0.979639 0.001158
0.983892 0.000954
0.987653 0.000760
0.990920 0.000579
0.993690 0.000415
0.995959 0.000272
0.997726 0.000155
0.998989 0.000069
0.999747 0.000017
1.000000 -0.000000