e176
1.000000 0.000000
0.999744 0.000024
0.998977 0.000096
0.997700 0.000218
0.995914 0.000391
0.993621 0.000622
0.990824 0.000916
0.987528 0.001278
0.983735 0.001712
0.979451 0.002222
0.974679 0.002808
0.969425 0.003469
0.963692 0.004200
0.957489 0.005006
0.950820 0.005885
0.943694 0.006841
0.936117 0.007872
0.928097 0.008976
0.919641 0.010152
0.910759 0.011396
0.901459 0.012710
0.891752 0.014095
0.881646 0.015549
0.871152 0.017072
0.860282 0.018662
0.849045 0.020315
0.837453 0.022032
0.825517 0.023809
0.813250 0.025646
0.800664 0.027538
0.787771 0.029482
0.774584 0.031473
0.761115 0.033505
0.747377 0.035575
0.733386 0.037681
0.719154 0.039819
0.704695 0.041982
0.690022 0.044163
0.675151 0.046353
0.660095 0.048547
0.644868 0.050740
0.629487 0.052927
0.613965 0.055098
0.598317 0.057240
0.582557 0.059337
0.566698 0.061372
0.550756 0.063325
0.534744 0.065176
0.518678 0.066911
0.502574 0.068519
0.486449 0.069995
0.470320 0.071331
0.454204 0.072515
0.438117 0.073535
0.422078 0.074382
0.406103 0.075052
0.390210 0.075542
0.374419 0.075849
0.358746 0.075967
0.343209 0.075893
0.327827 0.075627
0.312618 0.075179
0.297598 0.074557
0.282785 0.073771
0.268195 0.072835
0.253843 0.071758
0.239745 0.070548
0.225917 0.069208
0.212374 0.067743
0.199131 0.066159
0.186203 0.064460
0.173603 0.062655
0.161347 0.060746
0.149447 0.058739
0.137918 0.056637
0.126773 0.054444
0.116025 0.052164
0.105686 0.049803
0.095770 0.047367
0.086290 0.044861
0.077256 0.042295
0.068678 0.039673
0.060565 0.037003
0.052927 0.034294
0.045787 0.031551
0.039162 0.028786
0.033051 0.026012
0.027438 0.023236
0.022311 0.020480
0.017718 0.017756
0.013741 0.015081
0.010405 0.012484
0.007599 0.010004
0.005175 0.007685
0.003072 0.005584
0.001457 0.003738
0.000509 0.002187
0.000107 0.001002
0.000007 0.000255
0.000000 0.000000
0.000005 -0.000254
0.000071 -0.001019
0.000350 -0.002283
0.001062 -0.003946
0.002461 -0.005710
0.004739 -0.007234
0.007889 -0.008449
0.011627 -0.009551
0.015748 -0.010676
0.020292 -0.011771
0.025352 -0.012767
0.030971 -0.013627
0.037120 -0.014361
0.043746 -0.015006
0.050812 -0.015586
0.058319 -0.016092
0.066272 -0.016521
0.074671 -0.016870
0.083506 -0.017141
0.092761 -0.017342
0.102423 -0.017483
0.112480 -0.017562
0.122925 -0.017583
0.133747 -0.017547
0.144936 -0.017457
0.156480 -0.017318
0.168368 -0.017134
0.180585 -0.016910
0.193121 -0.016647
0.205962 -0.016347
0.219097 -0.016013
0.232511 -0.015648
0.246192 -0.015254
0.260124 -0.014837
0.274296 -0.014397
0.288691 -0.013938
0.303297 -0.013460
0.318097 -0.012967
0.333078 -0.012462
0.348224 -0.011948
0.363521 -0.011429
0.378952 -0.010906
0.394503 -0.010379
0.410157 -0.009849
0.425899 -0.009318
0.441713 -0.008790
0.457584 -0.008268
0.473495 -0.007756
0.489430 -0.007252
0.505374 -0.006756
0.521310 -0.006267
0.537222 -0.005787
0.553094 -0.005319
0.568910 -0.004865
0.584655 -0.004428
0.600313 -0.004006
0.615867 -0.003601
0.631302 -0.003211
0.646603 -0.002838
0.661754 -0.002482
0.676739 -0.002145
0.691544 -0.001827
0.706155 -0.001529
0.720555 -0.001250
0.734731 -0.000992
0.748668 -0.000753
0.762352 -0.000533
0.775770 -0.000331
0.788907 -0.000148
0.801751 0.000016
0.814289 0.000161
0.826508 0.000287
0.838395 0.000394
0.849940 0.000484
0.861129 0.000558
0.871952 0.000617
0.882398 0.000660
0.892456 0.000688
0.902116 0.000702
0.911369 0.000704
0.920205 0.000695
0.928615 0.000678
0.936590 0.000654
0.944124 0.000625
0.951207 0.000593
0.957833 0.000559
0.963996 0.000523
0.969689 0.000484
0.974906 0.000443
0.979642 0.000399
0.983892 0.000351
0.987653 0.000300
0.990919 0.000245
0.993688 0.000188
0.995958 0.000130
0.997725 0.000076
0.998989 0.000035
0.999747 0.000009
1.000000 0.000000