e184
1.000000 0.000000
0.999746 -0.000012
0.998982 -0.000049
0.997711 -0.000109
0.995933 -0.000190
0.993650 -0.000288
0.990864 -0.000398
0.987577 -0.000514
0.983793 -0.000631
0.979515 -0.000740
0.974748 -0.000833
0.969497 -0.000900
0.963766 -0.000931
0.957562 -0.000915
0.950891 -0.000842
0.943762 -0.000702
0.936181 -0.000486
0.928157 -0.000189
0.919699 0.000196
0.910817 0.000671
0.901520 0.001237
0.891817 0.001892
0.881719 0.002635
0.871235 0.003461
0.860378 0.004372
0.849158 0.005367
0.837586 0.006445
0.825675 0.007604
0.813437 0.008843
0.800883 0.010159
0.788027 0.011550
0.774882 0.013013
0.761460 0.014544
0.747776 0.016142
0.733842 0.017800
0.719672 0.019516
0.705281 0.021282
0.690683 0.023094
0.675891 0.024947
0.660920 0.026834
0.645784 0.028748
0.630498 0.030676
0.615075 0.032602
0.599528 0.034511
0.583872 0.036386
0.568122 0.038212
0.552290 0.039972
0.536394 0.041654
0.520448 0.043252
0.504469 0.044760
0.488473 0.046166
0.472475 0.047461
0.456492 0.048632
0.440541 0.049673
0.424637 0.050581
0.408800 0.051354
0.393044 0.051988
0.377388 0.052477
0.361849 0.052816
0.346442 0.053005
0.331185 0.053051
0.316096 0.052964
0.301190 0.052754
0.286482 0.052429
0.271989 0.052001
0.257726 0.051474
0.243707 0.050849
0.229949 0.050124
0.216465 0.049300
0.203270 0.048386
0.190377 0.047386
0.177801 0.046307
0.165554 0.045144
0.153652 0.043896
0.142107 0.042565
0.130931 0.041155
0.120136 0.039672
0.109734 0.038121
0.099738 0.036502
0.090162 0.034814
0.081016 0.033061
0.072308 0.031246
0.064045 0.029375
0.056240 0.027453
0.048915 0.025482
0.042088 0.023468
0.035762 0.021418
0.029918 0.019335
0.024541 0.017231
0.019667 0.015119
0.015389 0.013010
0.011753 0.010931
0.008689 0.008910
0.006031 0.006969
0.003695 0.005160
0.001801 0.003528
0.000640 0.002106
0.000136 0.000980
0.000009 0.000252
0.000000 0.000000
0.000006 -0.000254
0.000086 -0.001013
0.000412 -0.002256
0.001205 -0.003890
0.002649 -0.005671
0.004855 -0.007342
0.007834 -0.008836
0.011398 -0.010286
0.015398 -0.011796
0.019858 -0.013314
0.024842 -0.014774
0.030376 -0.016137
0.036439 -0.017408
0.042986 -0.018616
0.049992 -0.019777
0.057453 -0.020880
0.065371 -0.021915
0.073741 -0.022880
0.082552 -0.023775
0.091788 -0.024606
0.101438 -0.025381
0.111490 -0.026096
0.121935 -0.026750
0.132763 -0.027344
0.143962 -0.027879
0.155520 -0.028359
0.167424 -0.028786
0.179662 -0.029161
0.192222 -0.029483
0.205089 -0.029754
0.218252 -0.029975
0.231697 -0.030148
0.245409 -0.030277
0.259376 -0.030363
0.273582 -0.030407
0.288013 -0.030412
0.302655 -0.030376
0.317493 -0.030303
0.332511 -0.030192
0.347695 -0.030046
0.363030 -0.029866
0.378499 -0.029653
0.394087 -0.029412
0.409779 -0.029142
0.425558 -0.028844
0.441409 -0.028521
0.457316 -0.028173
0.473262 -0.027800
0.489232 -0.027404
0.505209 -0.026984
0.521178 -0.026542
0.537122 -0.026081
0.553025 -0.025603
0.568872 -0.025108
0.584645 -0.024596
0.600330 -0.024067
0.615911 -0.023521
0.631371 -0.022961
0.646696 -0.022389
0.661870 -0.021806
0.676877 -0.021212
0.691703 -0.020610
0.706332 -0.019998
0.720750 -0.019379
0.734942 -0.018751
0.748894 -0.018115
0.762592 -0.017472
0.776022 -0.016824
0.789171 -0.016174
0.802025 -0.015522
0.814571 -0.014869
0.826797 -0.014214
0.838690 -0.013556
0.850239 -0.012897
0.861431 -0.012238
0.872256 -0.011582
0.882702 -0.010928
0.892759 -0.010277
0.902416 -0.009630
0.911665 -0.008987
0.920495 -0.008348
0.928898 -0.007712
0.936864 -0.007079
0.944386 -0.006443
0.951454 -0.005800
0.958062 -0.005150
0.964202 -0.004498
0.969870 -0.003849
0.975058 -0.003214
0.979765 -0.002606
0.983987 -0.002045
0.987721 -0.001542
0.990966 -0.001106
0.993718 -0.000747
0.995975 -0.000465
0.997734 -0.000257
0.998992 -0.000114
0.999748 -0.000028
1.000000 -0.000000