e186
1.000000 0.000000
0.999744 -0.000016
0.998978 -0.000064
0.997702 -0.000143
0.995916 -0.000248
0.993623 -0.000369
0.990824 -0.000498
0.987521 -0.000625
0.983718 -0.000742
0.979419 -0.000839
0.974628 -0.000905
0.969350 -0.000932
0.963591 -0.000909
0.957357 -0.000829
0.950654 -0.000685
0.943491 -0.000472
0.935875 -0.000188
0.927815 0.000173
0.919318 0.000612
0.910394 0.001129
0.901053 0.001726
0.891304 0.002405
0.881157 0.003166
0.870623 0.004012
0.859713 0.004941
0.848439 0.005954
0.836812 0.007051
0.824843 0.008231
0.812546 0.009493
0.799933 0.010836
0.787016 0.012259
0.773810 0.013760
0.760326 0.015337
0.746580 0.016988
0.732584 0.018710
0.718353 0.020500
0.703901 0.022354
0.689242 0.024270
0.674391 0.026242
0.659363 0.028264
0.644172 0.030330
0.628832 0.032433
0.613359 0.034569
0.597767 0.036730
0.582073 0.038908
0.566289 0.041092
0.550430 0.043271
0.534512 0.045431
0.518548 0.047552
0.502551 0.049610
0.486535 0.051584
0.470515 0.053458
0.454507 0.055215
0.438525 0.056841
0.422586 0.058324
0.406707 0.059653
0.390904 0.060818
0.375194 0.061812
0.359595 0.062625
0.344124 0.063253
0.328798 0.063692
0.313635 0.063939
0.298654 0.063993
0.283870 0.063855
0.269303 0.063528
0.254968 0.063016
0.240883 0.062331
0.227063 0.061486
0.213523 0.060495
0.200279 0.059367
0.187344 0.058109
0.174734 0.056730
0.162463 0.055233
0.150544 0.053623
0.138992 0.051906
0.127819 0.050086
0.117038 0.048170
0.106661 0.046164
0.096702 0.044072
0.087174 0.041900
0.078088 0.039653
0.069454 0.037337
0.061280 0.034959
0.053579 0.032527
0.046372 0.030046
0.039674 0.027526
0.033488 0.024979
0.027800 0.022412
0.022601 0.019846
0.017934 0.017296
0.013872 0.014777
0.010435 0.012319
0.007548 0.009948
0.005092 0.007691
0.003006 0.005606
0.001423 0.003750
0.000497 0.002190
0.000105 0.001001
0.000007 0.000255
0.000000 0.000000
0.000006 -0.000254
0.000084 -0.001013
0.000401 -0.002254
0.001172 -0.003904
0.002565 -0.005781
0.004653 -0.007625
0.007479 -0.009327
0.010957 -0.010948
0.014906 -0.012649
0.019313 -0.014413
0.024220 -0.016168
0.029673 -0.017842
0.035665 -0.019420
0.042166 -0.020922
0.049138 -0.022382
0.056569 -0.023795
0.064459 -0.025147
0.072804 -0.026430
0.081596 -0.027641
0.090821 -0.028780
0.100465 -0.029855
0.110515 -0.030866
0.120963 -0.031812
0.131796 -0.032695
0.143004 -0.033516
0.154574 -0.034272
0.166493 -0.034965
0.178749 -0.035596
0.191328 -0.036165
0.204218 -0.036676
0.217406 -0.037130
0.230877 -0.037530
0.244617 -0.037875
0.258613 -0.038167
0.272850 -0.038406
0.287313 -0.038593
0.301988 -0.038729
0.316860 -0.038814
0.331914 -0.038852
0.347134 -0.038846
0.362505 -0.038797
0.378011 -0.038706
0.393636 -0.038570
0.409365 -0.038392
0.425182 -0.038173
0.441071 -0.037916
0.457015 -0.037623
0.472999 -0.037293
0.489007 -0.036928
0.505022 -0.036529
0.521027 -0.036095
0.537008 -0.035630
0.552948 -0.035134
0.568830 -0.034608
0.584638 -0.034053
0.600358 -0.033469
0.615972 -0.032858
0.631465 -0.032221
0.646822 -0.031558
0.662026 -0.030872
0.677063 -0.030163
0.691917 -0.029432
0.706574 -0.028681
0.721018 -0.027910
0.735235 -0.027121
0.749210 -0.026314
0.762930 -0.025491
0.776381 -0.024653
0.789548 -0.023803
0.802420 -0.022942
0.814982 -0.022070
0.827222 -0.021186
0.839127 -0.020290
0.850686 -0.019385
0.861886 -0.018472
0.872717 -0.017555
0.883167 -0.016634
0.893226 -0.015709
0.902883 -0.014779
0.912128 -0.013846
0.920952 -0.012909
0.929346 -0.011970
0.937301 -0.011029
0.944807 -0.010074
0.951853 -0.009096
0.958433 -0.008094
0.964538 -0.007079
0.970165 -0.006063
0.975308 -0.005064
0.979968 -0.004108
0.984144 -0.003225
0.987837 -0.002433
0.991046 -0.001748
0.993770 -0.001183
0.996006 -0.000740
0.997751 -0.000410
0.999000 -0.000181
0.999750 -0.000045
1.000000 0.000000