e224
1.000000 0.000000
0.999746 0.000036
0.998983 0.000143
0.997713 0.000324
0.995938 0.000584
0.993661 0.000935
0.990887 0.001383
0.987617 0.001931
0.983856 0.002576
0.979606 0.003312
0.974871 0.004137
0.969655 0.005043
0.963961 0.006018
0.957795 0.007058
0.951161 0.008156
0.944066 0.009303
0.936516 0.010501
0.928520 0.011751
0.920086 0.013058
0.911225 0.014425
0.901945 0.015847
0.892253 0.017319
0.882161 0.018838
0.871677 0.020399
0.860811 0.022000
0.849575 0.023635
0.837980 0.025302
0.826037 0.026997
0.813757 0.028715
0.801153 0.030452
0.788236 0.032203
0.775021 0.033963
0.761519 0.035727
0.747744 0.037490
0.733709 0.039248
0.719428 0.040996
0.704917 0.042729
0.690187 0.044441
0.675255 0.046127
0.660135 0.047781
0.644842 0.049397
0.629391 0.050970
0.613798 0.052494
0.598078 0.053967
0.582248 0.055387
0.566323 0.056747
0.550319 0.058040
0.534252 0.059259
0.518139 0.060400
0.501995 0.061461
0.485838 0.062440
0.469685 0.063335
0.453551 0.064138
0.437453 0.064844
0.421408 0.065448
0.405433 0.065948
0.389544 0.066346
0.373758 0.066639
0.358091 0.066823
0.342561 0.066893
0.327182 0.066845
0.311973 0.066680
0.296948 0.066396
0.282125 0.065994
0.267519 0.065472
0.253146 0.064827
0.239022 0.064061
0.225163 0.063173
0.211583 0.062164
0.198298 0.061035
0.185323 0.059788
0.172673 0.058421
0.160362 0.056937
0.148404 0.055338
0.136815 0.053628
0.125606 0.051809
0.114793 0.049884
0.104388 0.047856
0.094405 0.045729
0.084856 0.043509
0.075753 0.041201
0.067108 0.038812
0.058939 0.036343
0.051255 0.033804
0.044068 0.031201
0.037384 0.028546
0.031210 0.025855
0.025573 0.023130
0.020498 0.020378
0.015993 0.017621
0.012039 0.014895
0.008605 0.012247
0.005701 0.009709
0.003449 0.007258
0.001875 0.004925
0.000899 0.002806
0.000392 0.001062
0.000192 -0.000213
0.000143 -0.000983
0.000140 -0.001240
0.000149 -0.001491
0.000277 -0.002215
0.000783 -0.003329
0.001958 -0.004724
0.003909 -0.006292
0.006366 -0.007974
0.009177 -0.009710
0.012394 -0.011450
0.016150 -0.013197
0.020536 -0.014948
0.025523 -0.016674
0.031034 -0.018361
0.037004 -0.019998
0.043439 -0.021571
0.050354 -0.023076
0.057760 -0.024511
0.065642 -0.025868
0.073980 -0.027147
0.082755 -0.028348
0.091958 -0.029465
0.101580 -0.030494
0.111614 -0.031436
0.122046 -0.032287
0.132866 -0.033047
0.144058 -0.033718
0.155611 -0.034300
0.167513 -0.034795
0.179750 -0.035205
0.192309 -0.035531
0.205178 -0.035772
0.218342 -0.035927
0.231788 -0.035999
0.245501 -0.035990
0.259468 -0.035905
0.273673 -0.035747
0.288103 -0.035518
0.302742 -0.035218
0.317576 -0.034850
0.332589 -0.034417
0.347766 -0.033923
0.363091 -0.033370
0.378550 -0.032762
0.394127 -0.032103
0.409805 -0.031396
0.425569 -0.030645
0.441404 -0.029852
0.457293 -0.029020
0.473220 -0.028152
0.489170 -0.027252
0.505126 -0.026324
0.521072 -0.025372
0.536993 -0.024399
0.552873 -0.023410
0.568696 -0.022406
0.584445 -0.021392
0.600106 -0.020369
0.615662 -0.019340
0.631099 -0.018309
0.646400 -0.017279
0.661550 -0.016254
0.676535 -0.015238
0.691339 -0.014235
0.705948 -0.013247
0.720347 -0.012279
0.734521 -0.011331
0.748457 -0.010405
0.762141 -0.009502
0.775558 -0.008625
0.788695 -0.007778
0.801540 -0.006965
0.814080 -0.006188
0.826301 -0.005451
0.838192 -0.004752
0.849741 -0.004094
0.860936 -0.003476
0.871765 -0.002900
0.882218 -0.002367
0.892284 -0.001880
0.901954 -0.001439
0.911217 -0.001046
0.920063 -0.000703
0.928485 -0.000407
0.936472 -0.000159
0.944018 0.000046
0.951114 0.000210
0.957752 0.000334
0.963927 0.000419
0.969631 0.000469
0.974858 0.000487
0.979604 0.000476
0.983863 0.000442
0.987631 0.000391
0.990904 0.000326
0.993678 0.000251
0.995951 0.000174
0.997722 0.000102
0.998987 0.000046
0.999747 0.000012
1.000000 0.000000