e226
1.000000 0.000000
0.999746 0.000020
0.998982 0.000079
0.997711 0.000180
0.995934 0.000327
0.993653 0.000529
0.990872 0.000792
0.987593 0.001124
0.983821 0.001525
0.979560 0.001997
0.974814 0.002541
0.969588 0.003153
0.963886 0.003830
0.957714 0.004570
0.951079 0.005372
0.943986 0.006234
0.936444 0.007157
0.928460 0.008140
0.920042 0.009183
0.911199 0.010287
0.901939 0.011450
0.892272 0.012670
0.882207 0.013945
0.871755 0.015272
0.860925 0.016646
0.849729 0.018063
0.838176 0.019519
0.826279 0.021010
0.814048 0.022534
0.801497 0.024085
0.788637 0.025660
0.775481 0.027254
0.762042 0.028863
0.748333 0.030481
0.734368 0.032103
0.720159 0.033723
0.705722 0.035337
0.691070 0.036941
0.676219 0.038531
0.661182 0.040102
0.645975 0.041649
0.630612 0.043165
0.615109 0.044643
0.599481 0.046080
0.583744 0.047472
0.567914 0.048815
0.552007 0.050106
0.536038 0.051338
0.520024 0.052508
0.503981 0.053609
0.487925 0.054637
0.471872 0.055589
0.455839 0.056460
0.439842 0.057247
0.423898 0.057949
0.408022 0.058561
0.392233 0.059081
0.376545 0.059504
0.360974 0.059829
0.345538 0.060051
0.330253 0.060169
0.315134 0.060180
0.300198 0.060084
0.285460 0.059880
0.270935 0.059565
0.256641 0.059139
0.242592 0.058601
0.228803 0.057949
0.215289 0.057184
0.202066 0.056304
0.189147 0.055310
0.176548 0.054204
0.164283 0.052988
0.152365 0.051666
0.140809 0.050237
0.129626 0.048704
0.118831 0.047069
0.108437 0.045336
0.098459 0.043507
0.088908 0.041590
0.079794 0.039586
0.071123 0.037501
0.062908 0.035344
0.055173 0.033115
0.047941 0.030820
0.041219 0.028473
0.034983 0.026087
0.029209 0.023682
0.023917 0.021273
0.019221 0.018853
0.015195 0.016430
0.011806 0.014043
0.008836 0.011756
0.006147 0.009634
0.003750 0.007726
0.001984 0.006022
0.000975 0.004555
0.000552 0.003408
0.000447 0.002673
0.000440 0.002420
0.000440 0.002164
0.000436 0.001387
0.000447 0.000077
0.000591 -0.001728
0.001207 -0.003857
0.002806 -0.006020
0.005497 -0.008099
0.008940 -0.010151
0.012730 -0.012268
0.016909 -0.014404
0.021629 -0.016504
0.026980 -0.018530
0.032919 -0.020477
0.039361 -0.022361
0.046262 -0.024185
0.053629 -0.025937
0.061474 -0.027610
0.069795 -0.029197
0.078574 -0.030695
0.087791 -0.032104
0.097431 -0.033424
0.107486 -0.034649
0.117944 -0.035780
0.128796 -0.036815
0.140027 -0.037754
0.151625 -0.038598
0.163574 -0.039348
0.175864 -0.040004
0.188480 -0.040566
0.201408 -0.041035
0.214636 -0.041413
0.228148 -0.041702
0.241931 -0.041904
0.255969 -0.042020
0.270249 -0.042049
0.284755 -0.041996
0.299472 -0.041863
0.314385 -0.041654
0.329479 -0.041375
0.344738 -0.041027
0.360147 -0.040611
0.375691 -0.040132
0.391352 -0.039590
0.407116 -0.038990
0.422966 -0.038334
0.438886 -0.037626
0.454861 -0.036870
0.470874 -0.036070
0.486909 -0.035229
0.502950 -0.034349
0.518981 -0.033433
0.534986 -0.032485
0.550949 -0.031507
0.566854 -0.030505
0.582684 -0.029482
0.598425 -0.028440
0.614060 -0.027383
0.629573 -0.026312
0.644950 -0.025231
0.660174 -0.024143
0.675231 -0.023051
0.690106 -0.021960
0.704783 -0.020872
0.719248 -0.019789
0.733487 -0.018716
0.747486 -0.017654
0.761230 -0.016606
0.774705 -0.015575
0.787899 -0.014563
0.800798 -0.013574
0.813390 -0.012612
0.825661 -0.011680
0.837600 -0.010777
0.849194 -0.009903
0.860432 -0.009060
0.871302 -0.008249
0.881794 -0.007476
0.891898 -0.006744
0.901603 -0.006054
0.910899 -0.005404
0.919777 -0.004794
0.928228 -0.004220
0.936242 -0.003684
0.943813 -0.003183
0.950932 -0.002716
0.957591 -0.002284
0.963785 -0.001886
0.969507 -0.001522
0.974752 -0.001193
0.979513 -0.000904
0.983787 -0.000659
0.987569 -0.000460
0.990856 -0.000305
0.993643 -0.000190
0.995928 -0.000110
0.997708 -0.000058
0.998981 -0.000025
0.999745 -0.000006
1.000000 0.000000