e230
1.000000 0.000000
0.999745 -0.000014
0.998981 -0.000054
0.997707 -0.000122
0.995926 -0.000212
0.993639 -0.000319
0.990848 -0.000436
0.987555 -0.000553
0.983763 -0.000656
0.979476 -0.000736
0.974699 -0.000780
0.969436 -0.000780
0.963695 -0.000729
0.957479 -0.000618
0.950798 -0.000440
0.943658 -0.000189
0.936066 0.000138
0.928032 0.000542
0.919562 0.001023
0.910667 0.001576
0.901356 0.002198
0.891637 0.002889
0.881520 0.003645
0.871015 0.004464
0.860134 0.005343
0.848887 0.006282
0.837286 0.007278
0.825342 0.008329
0.813066 0.009430
0.800471 0.010576
0.787570 0.011761
0.774374 0.012984
0.760898 0.014242
0.747154 0.015531
0.733156 0.016848
0.718919 0.018186
0.704455 0.019541
0.689779 0.020907
0.674906 0.022280
0.659850 0.023656
0.644626 0.025031
0.629250 0.026398
0.613736 0.027754
0.598099 0.029092
0.582356 0.030409
0.566521 0.031701
0.550612 0.032964
0.534643 0.034193
0.518631 0.035385
0.502591 0.036535
0.486540 0.037637
0.470493 0.038689
0.454468 0.039685
0.438479 0.040622
0.422543 0.041494
0.406676 0.042299
0.390895 0.043033
0.375215 0.043692
0.359653 0.044273
0.344223 0.044775
0.328943 0.045193
0.313828 0.045523
0.298893 0.045762
0.284155 0.045908
0.269627 0.045958
0.255327 0.045913
0.241268 0.045771
0.227466 0.045528
0.213935 0.045183
0.200690 0.044735
0.187745 0.044181
0.175115 0.043522
0.162814 0.042757
0.150855 0.041889
0.139250 0.040918
0.128014 0.039848
0.117160 0.038676
0.106701 0.037402
0.096651 0.036030
0.087018 0.034559
0.077814 0.032994
0.069050 0.031340
0.060747 0.029593
0.052924 0.027756
0.045586 0.025835
0.038725 0.023836
0.032333 0.021773
0.026449 0.019646
0.021157 0.017439
0.016499 0.015160
0.012395 0.012849
0.008702 0.010564
0.005379 0.008357
0.002797 0.006158
0.001249 0.003932
0.000629 0.001790
0.000470 -0.000011
0.000449 -0.001317
0.000450 -0.002094
0.000450 -0.002350
0.000458 -0.002602
0.000574 -0.003328
0.001039 -0.004447
0.002140 -0.005850
0.004046 -0.007446
0.006574 -0.009215
0.009369 -0.011179
0.012432 -0.013289
0.015914 -0.015484
0.020040 -0.017701
0.024834 -0.019907
0.030216 -0.022095
0.036067 -0.024275
0.042370 -0.026431
0.049149 -0.028544
0.056432 -0.030603
0.064212 -0.032596
0.072467 -0.034519
0.081170 -0.036373
0.090311 -0.038149
0.099882 -0.039840
0.109876 -0.041441
0.120281 -0.042948
0.131083 -0.044361
0.142268 -0.045680
0.153822 -0.046904
0.165733 -0.048031
0.177988 -0.049060
0.190573 -0.049990
0.203474 -0.050819
0.216677 -0.051548
0.230167 -0.052179
0.243931 -0.052710
0.257952 -0.053147
0.272217 -0.053489
0.286710 -0.053739
0.301416 -0.053900
0.316320 -0.053974
0.331405 -0.053963
0.346657 -0.053871
0.362059 -0.053700
0.377596 -0.053452
0.393252 -0.053129
0.409010 -0.052733
0.424855 -0.052267
0.440770 -0.051734
0.456740 -0.051135
0.472747 -0.050474
0.488776 -0.049755
0.504811 -0.048981
0.520835 -0.048155
0.536832 -0.047276
0.552786 -0.046348
0.568680 -0.045373
0.584499 -0.044356
0.600227 -0.043301
0.615848 -0.042212
0.631346 -0.041089
0.646706 -0.039935
0.661912 -0.038752
0.676949 -0.037543
0.691801 -0.036313
0.706455 -0.035065
0.720895 -0.033801
0.735106 -0.032526
0.749076 -0.031240
0.762788 -0.029947
0.776231 -0.028650
0.789390 -0.027352
0.802252 -0.026057
0.814805 -0.024765
0.827035 -0.023479
0.838930 -0.022202
0.850480 -0.020937
0.861671 -0.019687
0.872493 -0.018455
0.882936 -0.017243
0.892989 -0.016054
0.902641 -0.014890
0.911883 -0.013751
0.920705 -0.012637
0.929098 -0.011547
0.937054 -0.010481
0.944563 -0.009433
0.951616 -0.008400
0.958208 -0.007384
0.964330 -0.006390
0.969977 -0.005423
0.975144 -0.004493
0.979830 -0.003622
0.984034 -0.002830
0.987754 -0.002131
0.990988 -0.001534
0.993732 -0.001043
0.995983 -0.000655
0.997738 -0.000364
0.998994 -0.000161
0.999748 -0.000040
1.000000 0.000000