e266
1.000000 0.000000
0.999742 0.000049
0.998969 0.000195
0.997683 0.000442
0.995885 0.000799
0.993584 0.001286
0.990784 0.001922
0.987492 0.002716
0.983713 0.003672
0.979451 0.004789
0.974711 0.006063
0.969495 0.007489
0.963805 0.009050
0.957644 0.010732
0.951012 0.012519
0.943913 0.014389
0.936349 0.016324
0.928327 0.018317
0.919854 0.020362
0.910939 0.022456
0.901593 0.024603
0.891827 0.026811
0.881656 0.029094
0.871091 0.031458
0.860144 0.033906
0.848827 0.036439
0.837153 0.039061
0.825134 0.041770
0.812782 0.044564
0.800109 0.047442
0.787130 0.050402
0.773856 0.053443
0.760303 0.056562
0.746483 0.059755
0.732409 0.063017
0.718096 0.066340
0.703556 0.069718
0.688803 0.073143
0.673850 0.076604
0.658712 0.080091
0.643400 0.083593
0.627930 0.087096
0.612312 0.090583
0.596559 0.094030
0.580681 0.097410
0.564688 0.100688
0.548586 0.103801
0.532382 0.106679
0.516083 0.109255
0.499708 0.111487
0.483278 0.113340
0.466818 0.114800
0.450352 0.115892
0.433910 0.116646
0.417515 0.117083
0.401190 0.117214
0.384956 0.117052
0.368835 0.116615
0.352847 0.115920
0.337011 0.114986
0.321346 0.113825
0.305871 0.112449
0.290604 0.110868
0.275563 0.109087
0.260766 0.107114
0.246230 0.104956
0.231972 0.102622
0.218009 0.100123
0.204357 0.097464
0.191033 0.094650
0.178053 0.091687
0.165432 0.088584
0.153186 0.085355
0.141327 0.082009
0.129870 0.078554
0.118831 0.074997
0.108222 0.071348
0.098058 0.067614
0.088354 0.063808
0.079119 0.059940
0.070363 0.056023
0.062094 0.052073
0.054328 0.048102
0.047085 0.044121
0.040376 0.040148
0.034195 0.036201
0.028526 0.032300
0.023362 0.028472
0.018759 0.024735
0.014775 0.021113
0.011414 0.017639
0.008559 0.014354
0.006079 0.011305
0.003907 0.008539
0.002146 0.006093
0.000965 0.003997
0.000325 0.002295
0.000066 0.001036
0.000004 0.000261
0.000000 0.000000
0.000001 -0.000257
0.000012 -0.001035
0.000069 -0.002348
0.000270 -0.004174
0.000841 -0.006394
0.002192 -0.008728
0.004622 -0.010928
0.008043 -0.012966
0.012033 -0.014972
0.016387 -0.017000
0.021172 -0.019011
0.026505 -0.020975
0.032433 -0.022875
0.038916 -0.024711
0.045888 -0.026504
0.053307 -0.028262
0.061176 -0.029976
0.069502 -0.031641
0.078286 -0.033255
0.087515 -0.034816
0.097172 -0.036328
0.107238 -0.037797
0.117703 -0.039220
0.128560 -0.040593
0.139796 -0.041915
0.151400 -0.043186
0.163360 -0.044404
0.175661 -0.045570
0.188291 -0.046684
0.201236 -0.047742
0.214484 -0.048745
0.228020 -0.049691
0.241830 -0.050579
0.255901 -0.051408
0.270216 -0.052178
0.284763 -0.052886
0.299525 -0.053530
0.314488 -0.054108
0.329637 -0.054619
0.344954 -0.055061
0.360426 -0.055434
0.376036 -0.055737
0.391767 -0.055968
0.407605 -0.056125
0.423531 -0.056208
0.439531 -0.056214
0.455587 -0.056141
0.471684 -0.055987
0.487803 -0.055748
0.503930 -0.055422
0.520046 -0.055007
0.536135 -0.054500
0.552180 -0.053899
0.568165 -0.053199
0.584071 -0.052394
0.599883 -0.051475
0.615582 -0.050431
0.631150 -0.049244
0.646567 -0.047890
0.661815 -0.046353
0.676875 -0.044632
0.691729 -0.042731
0.706360 -0.040659
0.720753 -0.038435
0.734896 -0.036080
0.748774 -0.033619
0.762379 -0.031080
0.775700 -0.028497
0.788728 -0.025899
0.801457 -0.023319
0.813881 -0.020790
0.825993 -0.018343
0.837786 -0.016004
0.849252 -0.013802
0.860379 -0.011758
0.871159 -0.009890
0.881580 -0.008195
0.891629 -0.006639
0.901293 -0.005191
0.910562 -0.003830
0.919426 -0.002617
0.927878 -0.001654
0.935910 -0.001011
0.943513 -0.000717
0.950674 -0.000674
0.957379 -0.000758
0.963616 -0.000874
0.969375 -0.000962
0.974650 -0.001000
0.979439 -0.000981
0.983735 -0.000908
0.987536 -0.000792
0.990837 -0.000646
0.993634 -0.000486
0.995924 -0.000329
0.997706 -0.000191
0.998980 -0.000086
0.999745 -0.000021
1.000000 0.000000