e328
1.000000 0.000000
0.999742 0.000038
0.998968 0.000152
0.997680 0.000344
0.995880 0.000626
0.993574 0.001017
0.990766 0.001530
0.987461 0.002172
0.983661 0.002936
0.979369 0.003810
0.974586 0.004784
0.969315 0.005838
0.963555 0.006948
0.957309 0.008100
0.950584 0.009283
0.943385 0.010491
0.935720 0.011721
0.927599 0.012981
0.919031 0.014283
0.910027 0.015639
0.900598 0.017053
0.890753 0.018525
0.880502 0.020058
0.869857 0.021653
0.858828 0.023311
0.847427 0.025034
0.835666 0.026823
0.823557 0.028675
0.811112 0.030590
0.798343 0.032565
0.785264 0.034599
0.771887 0.036690
0.758226 0.038835
0.744295 0.041032
0.730108 0.043275
0.715678 0.045560
0.701019 0.047883
0.686146 0.050238
0.671073 0.052621
0.655815 0.055026
0.640387 0.057446
0.624804 0.059875
0.609080 0.062305
0.593231 0.064728
0.577271 0.067137
0.561217 0.069521
0.545082 0.071871
0.528882 0.074179
0.512634 0.076435
0.496352 0.078628
0.480052 0.080748
0.463749 0.082785
0.447460 0.084727
0.431200 0.086563
0.414986 0.088281
0.398832 0.089867
0.382756 0.091309
0.366773 0.092592
0.350901 0.093704
0.335156 0.094629
0.319555 0.095354
0.304117 0.095861
0.288858 0.096127
0.273798 0.096128
0.258958 0.095855
0.244357 0.095302
0.230015 0.094470
0.215954 0.093359
0.202194 0.091976
0.188754 0.090328
0.175653 0.088425
0.162910 0.086279
0.150543 0.083901
0.138569 0.081306
0.127005 0.078507
0.115867 0.075519
0.105169 0.072359
0.094926 0.069043
0.085154 0.065583
0.075867 0.061994
0.067077 0.058292
0.058800 0.054493
0.051045 0.050619
0.043826 0.046685
0.037155 0.042709
0.031038 0.038716
0.025492 0.034726
0.020521 0.030770
0.016126 0.026880
0.012308 0.023088
0.009050 0.019437
0.006357 0.015967
0.004230 0.012721
0.002630 0.009753
0.001496 0.007125
0.000753 0.004901
0.000307 0.003128
0.000086 0.001840
0.000024 0.001061
0.000020 0.000800
0.000018 0.000546
0.000010 -0.000217
0.000085 -0.001484
0.000475 -0.003215
0.001758 -0.005072
0.003994 -0.006724
0.006885 -0.008278
0.010358 -0.009765
0.014382 -0.011191
0.018952 -0.012534
0.024051 -0.013797
0.029647 -0.015015
0.035728 -0.016187
0.042289 -0.017307
0.049323 -0.018381
0.056822 -0.019409
0.064777 -0.020394
0.073175 -0.021343
0.082006 -0.022266
0.091259 -0.023168
0.100924 -0.024056
0.110992 -0.024939
0.121451 -0.025818
0.132290 -0.026696
0.143499 -0.027571
0.155066 -0.028446
0.166979 -0.029317
0.179226 -0.030184
0.191795 -0.031047
0.204674 -0.031901
0.217848 -0.032744
0.231306 -0.033573
0.245034 -0.034384
0.259017 -0.035174
0.273243 -0.035937
0.287696 -0.036671
0.302362 -0.037370
0.317227 -0.038030
0.332276 -0.038647
0.347492 -0.039220
0.362862 -0.039750
0.378368 -0.040235
0.393996 -0.040674
0.409729 -0.041065
0.425552 -0.041403
0.441448 -0.041687
0.457402 -0.041915
0.473396 -0.042084
0.489415 -0.042193
0.505443 -0.042242
0.521463 -0.042228
0.537458 -0.042151
0.553413 -0.042007
0.569310 -0.041795
0.585134 -0.041510
0.600868 -0.041152
0.616496 -0.040717
0.632001 -0.040203
0.647368 -0.039606
0.662580 -0.038918
0.677622 -0.038134
0.692475 -0.037240
0.707123 -0.036213
0.721547 -0.035033
0.735730 -0.033693
0.749657 -0.032202
0.763312 -0.030573
0.776682 -0.028825
0.789757 -0.026996
0.802527 -0.025123
0.814984 -0.023239
0.827118 -0.021366
0.838920 -0.019523
0.850380 -0.017725
0.861487 -0.015986
0.872233 -0.014316
0.882608 -0.012724
0.892601 -0.011216
0.902204 -0.009800
0.911406 -0.008480
0.920200 -0.007259
0.928576 -0.006139
0.936525 -0.005123
0.944039 -0.004209
0.951110 -0.003396
0.957730 -0.002682
0.963892 -0.002064
0.969587 -0.001536
0.974811 -0.001096
0.979557 -0.000742
0.983820 -0.000469
0.987594 -0.000268
0.990874 -0.000132
0.993656 -0.000051
0.995936 -0.000013
0.997713 -0.000001
0.998983 0.000001
0.999746 0.000000
1.000000 0.000000