e330
1.000000 0.000000
0.999742 0.000003
0.998968 0.000010
0.997679 0.000026
0.995876 0.000061
0.993562 0.000131
0.990740 0.000254
0.987413 0.000435
0.983585 0.000674
0.979260 0.000967
0.974443 0.001313
0.969137 0.001704
0.963347 0.002132
0.957080 0.002592
0.950340 0.003083
0.943135 0.003606
0.935473 0.004161
0.927361 0.004754
0.918808 0.005391
0.909824 0.006081
0.900418 0.006828
0.890600 0.007636
0.880380 0.008509
0.869769 0.009450
0.858778 0.010461
0.847419 0.011543
0.835703 0.012698
0.823642 0.013924
0.811248 0.015224
0.798535 0.016596
0.785516 0.018040
0.772203 0.019554
0.758610 0.021137
0.744751 0.022786
0.730640 0.024499
0.716291 0.026274
0.701718 0.028108
0.686936 0.029997
0.671959 0.031936
0.656803 0.033919
0.641481 0.035939
0.626008 0.037992
0.610401 0.040073
0.594673 0.042175
0.578841 0.044291
0.562920 0.046414
0.546924 0.048535
0.530869 0.050645
0.514770 0.052736
0.498642 0.054797
0.482501 0.056820
0.466363 0.058796
0.450243 0.060715
0.434156 0.062568
0.418118 0.064345
0.402144 0.066033
0.386250 0.067622
0.370452 0.069100
0.354764 0.070454
0.339204 0.071674
0.323786 0.072746
0.308527 0.073656
0.293442 0.074392
0.278549 0.074936
0.263864 0.075271
0.249405 0.075382
0.235190 0.075263
0.221236 0.074912
0.207562 0.074326
0.194188 0.073502
0.181130 0.072441
0.168408 0.071145
0.156039 0.069622
0.144040 0.067881
0.132427 0.065933
0.121218 0.063792
0.110425 0.061471
0.100066 0.058982
0.090154 0.056335
0.080704 0.053546
0.071729 0.050627
0.063241 0.047596
0.055253 0.044467
0.047779 0.041254
0.040831 0.037973
0.034419 0.034642
0.028552 0.031279
0.023235 0.027911
0.018488 0.024560
0.014320 0.021255
0.010728 0.018031
0.007707 0.014916
0.005229 0.011957
0.003286 0.009210
0.001889 0.006743
0.000979 0.004620
0.000444 0.002902
0.000143 0.001644
0.000029 0.000878
0.000020 0.000620
0.000017 0.000366
0.000009 -0.000397
0.000201 -0.001648
0.001104 -0.003154
0.002863 -0.004596
0.005263 -0.005999
0.008234 -0.007389
0.011750 -0.008764
0.015811 -0.010094
0.020397 -0.011385
0.025482 -0.012653
0.031062 -0.013884
0.037132 -0.015073
0.043684 -0.016222
0.050709 -0.017326
0.058199 -0.018384
0.066141 -0.019404
0.074525 -0.020393
0.083342 -0.021358
0.092582 -0.022317
0.102234 -0.023263
0.112291 -0.024158
0.122747 -0.024955
0.133591 -0.025630
0.144808 -0.026246
0.156379 -0.026902
0.168284 -0.027714
0.180503 -0.028777
0.193035 -0.029965
0.205882 -0.031061
0.219040 -0.031958
0.232491 -0.032725
0.246212 -0.033451
0.260185 -0.034209
0.274396 -0.034988
0.288833 -0.035757
0.303484 -0.036487
0.318334 -0.037170
0.333368 -0.037810
0.348570 -0.038411
0.363924 -0.038976
0.379414 -0.039500
0.395026 -0.039981
0.410744 -0.040415
0.426551 -0.040801
0.442431 -0.041138
0.458369 -0.041425
0.474348 -0.041659
0.490352 -0.041842
0.506364 -0.041973
0.522369 -0.042050
0.538349 -0.042072
0.554290 -0.042038
0.570173 -0.041947
0.585984 -0.041799
0.601706 -0.041592
0.617324 -0.041327
0.632820 -0.041004
0.648179 -0.040622
0.663387 -0.040184
0.678425 -0.039684
0.693281 -0.039123
0.707937 -0.038496
0.722379 -0.037805
0.736592 -0.037048
0.750560 -0.036228
0.764271 -0.035341
0.777707 -0.034382
0.790857 -0.033347
0.803703 -0.032228
0.816231 -0.031009
0.828426 -0.029678
0.840273 -0.028234
0.851759 -0.026685
0.862871 -0.025045
0.873600 -0.023332
0.883940 -0.021584
0.893885 -0.019835
0.903428 -0.018112
0.912563 -0.016430
0.921282 -0.014802
0.929577 -0.013235
0.937442 -0.011733
0.944867 -0.010298
0.951845 -0.008930
0.958370 -0.007637
0.964437 -0.006426
0.970040 -0.005304
0.975176 -0.004278
0.979841 -0.003361
0.984032 -0.002559
0.987745 -0.001875
0.990976 -0.001310
0.993721 -0.000864
0.995975 -0.000530
0.997733 -0.000290
0.998992 -0.000128
0.999748 -0.000032
1.000000 0.000000