e332
1.000000 0.000000
0.999741 0.000022
0.998965 0.000090
0.997672 0.000206
0.995864 0.000379
0.993547 0.000631
0.990723 0.000973
0.987397 0.001412
0.983571 0.001944
0.979250 0.002559
0.974436 0.003254
0.969133 0.004014
0.963344 0.004823
0.957072 0.005672
0.950325 0.006557
0.943109 0.007470
0.935431 0.008412
0.927299 0.009389
0.918724 0.010411
0.909714 0.011489
0.900281 0.012626
0.890434 0.013825
0.880183 0.015090
0.869539 0.016421
0.858513 0.017820
0.847117 0.019285
0.835361 0.020819
0.823259 0.022420
0.810823 0.024089
0.798065 0.025827
0.784998 0.027631
0.771636 0.029500
0.757992 0.031431
0.744080 0.033420
0.729913 0.035464
0.715505 0.037557
0.700870 0.039697
0.686023 0.041878
0.670979 0.044097
0.655752 0.046349
0.640358 0.048629
0.624810 0.050928
0.609124 0.053238
0.593315 0.055551
0.577397 0.057861
0.561387 0.060160
0.545299 0.062439
0.529149 0.064689
0.512952 0.066899
0.496723 0.069060
0.480478 0.071160
0.464232 0.073192
0.448002 0.075145
0.431802 0.077007
0.415649 0.078766
0.399558 0.080408
0.383545 0.081922
0.367626 0.083298
0.351818 0.084523
0.336136 0.085579
0.320597 0.086446
0.305217 0.087107
0.290015 0.087549
0.275009 0.087761
0.260218 0.087734
0.245660 0.087455
0.231356 0.086907
0.217325 0.086084
0.203586 0.084992
0.190160 0.083643
0.177065 0.082046
0.164320 0.080208
0.151941 0.078141
0.139948 0.075857
0.128355 0.073369
0.117179 0.070691
0.106436 0.067838
0.096140 0.064823
0.086305 0.061660
0.076947 0.058362
0.068079 0.054945
0.059715 0.051422
0.051867 0.047811
0.044548 0.044131
0.037770 0.040396
0.031542 0.036630
0.025877 0.032852
0.020789 0.029084
0.016278 0.025359
0.012353 0.021706
0.009007 0.018165
0.006229 0.014781
0.004027 0.011601
0.002367 0.008677
0.001201 0.006073
0.000482 0.003853
0.000114 0.002072
0.000006 0.000780
0.000000 0.000000
0.000000 -0.000260
0.000007 -0.000513
0.000099 -0.001268
0.000408 -0.002495
0.001397 -0.003941
0.003252 -0.005248
0.005730 -0.006489
0.008775 -0.007683
0.012354 -0.008850
0.016462 -0.009956
0.021096 -0.010979
0.026241 -0.011925
0.031873 -0.012826
0.037983 -0.013682
0.044566 -0.014489
0.051614 -0.015251
0.059121 -0.015970
0.067078 -0.016647
0.075474 -0.017290
0.084298 -0.017908
0.093541 -0.018505
0.103194 -0.019089
0.113246 -0.019667
0.123688 -0.020245
0.134507 -0.020823
0.145694 -0.021404
0.157236 -0.021990
0.169122 -0.022580
0.181340 -0.023173
0.193878 -0.023769
0.206723 -0.024365
0.219863 -0.024960
0.233284 -0.025550
0.246972 -0.026132
0.260915 -0.026702
0.275097 -0.027257
0.289506 -0.027792
0.304126 -0.028306
0.318942 -0.028795
0.333941 -0.029258
0.349106 -0.029692
0.364422 -0.030096
0.379875 -0.030471
0.395447 -0.030815
0.411124 -0.031126
0.426890 -0.031403
0.442728 -0.031645
0.458623 -0.031851
0.474559 -0.032020
0.490519 -0.032152
0.506487 -0.032245
0.522447 -0.032297
0.538384 -0.032307
0.554280 -0.032274
0.570120 -0.032198
0.585888 -0.032079
0.601567 -0.031918
0.617142 -0.031715
0.632597 -0.031467
0.647916 -0.031176
0.663084 -0.030838
0.678084 -0.030451
0.692903 -0.030013
0.707523 -0.029523
0.721932 -0.028982
0.736113 -0.028388
0.750052 -0.027742
0.763735 -0.027038
0.777147 -0.026274
0.790274 -0.025444
0.803101 -0.024528
0.815612 -0.023512
0.827794 -0.022386
0.839631 -0.021158
0.851114 -0.019842
0.862229 -0.018453
0.872969 -0.017019
0.883326 -0.015572
0.893293 -0.014141
0.902862 -0.012744
0.912026 -0.011397
0.920778 -0.010111
0.929108 -0.008894
0.937010 -0.007748
0.944474 -0.006672
0.951494 -0.005668
0.958062 -0.004740
0.964173 -0.003894
0.969821 -0.003131
0.975000 -0.002455
0.979705 -0.001869
0.983931 -0.001373
0.987674 -0.000964
0.990929 -0.000640
0.993692 -0.000401
0.995958 -0.000234
0.997725 -0.000124
0.998988 -0.000054
0.999747 -0.000013
1.000000 0.000000