e334
1.000000 0.000000
0.999742 0.000042
0.998968 0.000167
0.997679 0.000379
0.995878 0.000687
0.993572 0.001111
0.990763 0.001664
0.987458 0.002351
0.983658 0.003167
0.979366 0.004099
0.974584 0.005135
0.969311 0.006253
0.963547 0.007425
0.957296 0.008641
0.950564 0.009891
0.943358 0.011172
0.935685 0.012483
0.927555 0.013830
0.918978 0.015225
0.909965 0.016676
0.900525 0.018185
0.890668 0.019757
0.880406 0.021397
0.869748 0.023102
0.858706 0.024873
0.847292 0.026708
0.835515 0.028607
0.823390 0.030570
0.810929 0.032598
0.798143 0.034689
0.785047 0.036840
0.771652 0.039048
0.757972 0.041309
0.744021 0.043618
0.729813 0.045974
0.715361 0.048373
0.700680 0.050808
0.685784 0.053275
0.670688 0.055766
0.655405 0.058276
0.639950 0.060797
0.624340 0.063324
0.608587 0.065849
0.592709 0.068362
0.576718 0.070856
0.560631 0.073320
0.544463 0.075745
0.528229 0.078123
0.511945 0.080443
0.495627 0.082694
0.479288 0.084864
0.462946 0.086941
0.446617 0.088913
0.430315 0.090769
0.414057 0.092497
0.397860 0.094084
0.381739 0.095514
0.365711 0.096773
0.349793 0.097847
0.334003 0.098720
0.318357 0.099376
0.302874 0.099791
0.287573 0.099940
0.272473 0.099806
0.257595 0.099382
0.242962 0.098664
0.228594 0.097654
0.214510 0.096361
0.200732 0.094795
0.187279 0.092963
0.174171 0.090874
0.161425 0.088542
0.149060 0.085981
0.137092 0.083209
0.125537 0.080241
0.114412 0.077089
0.103732 0.073767
0.093513 0.070288
0.083770 0.066666
0.074517 0.062918
0.065767 0.059061
0.057530 0.055117
0.049822 0.051100
0.042655 0.047027
0.036041 0.042916
0.029993 0.038788
0.024518 0.034671
0.019620 0.030594
0.015305 0.026590
0.011567 0.022699
0.008407 0.018956
0.005819 0.015398
0.003771 0.012075
0.002242 0.009052
0.001182 0.006389
0.000509 0.004139
0.000156 0.002347
0.000029 0.001046
0.000002 0.000262
0.000000 0.000000
0.000003 -0.000253
0.000046 -0.001012
0.000244 -0.002261
0.000844 -0.003918
0.002475 -0.005464
0.004957 -0.006690
0.008055 -0.007726
0.011701 -0.008659
0.015867 -0.009514
0.020542 -0.010284
0.025717 -0.010960
0.031384 -0.011543
0.037531 -0.012053
0.044144 -0.012511
0.051217 -0.012919
0.058743 -0.013281
0.066714 -0.013608
0.075121 -0.013905
0.083955 -0.014180
0.093207 -0.014445
0.102866 -0.014710
0.112923 -0.014977
0.123368 -0.015250
0.134190 -0.015534
0.145378 -0.015828
0.156922 -0.016132
0.168809 -0.016445
0.181027 -0.016766
0.193565 -0.017095
0.206409 -0.017430
0.219546 -0.017771
0.232965 -0.018114
0.246650 -0.018455
0.260588 -0.018789
0.274766 -0.019115
0.289170 -0.019429
0.303783 -0.019732
0.318593 -0.020022
0.333584 -0.020297
0.348740 -0.020555
0.364047 -0.020796
0.379490 -0.021018
0.395052 -0.021221
0.410718 -0.021406
0.426472 -0.021571
0.442299 -0.021715
0.458181 -0.021836
0.474104 -0.021934
0.490052 -0.022006
0.506007 -0.022055
0.521954 -0.022081
0.537878 -0.022081
0.553761 -0.022056
0.569588 -0.022003
0.585343 -0.021921
0.601009 -0.021809
0.616572 -0.021667
0.632015 -0.021497
0.647323 -0.021295
0.662480 -0.021060
0.677471 -0.020789
0.692280 -0.020482
0.706893 -0.020137
0.721295 -0.019756
0.735470 -0.019336
0.749405 -0.018873
0.763085 -0.018362
0.776496 -0.017799
0.789624 -0.017168
0.802452 -0.016454
0.814968 -0.015643
0.827158 -0.014738
0.839008 -0.013748
0.850507 -0.012687
0.861643 -0.011572
0.872410 -0.010437
0.882798 -0.009310
0.892798 -0.008216
0.902404 -0.007168
0.911606 -0.006175
0.920395 -0.005244
0.928764 -0.004385
0.936703 -0.003605
0.944206 -0.002910
0.951264 -0.002299
0.957870 -0.001763
0.964016 -0.001288
0.969697 -0.000868
0.974906 -0.000513
0.979637 -0.000257
0.983885 -0.000111
0.987646 -0.000067
0.990914 -0.000075
0.993685 -0.000084
0.995955 -0.000074
0.997724 -0.000049
0.998988 -0.000023
0.999747 -0.000006
1.000000 0.000000