e341
1.000000 -0.000000
0.999739 0.000022
0.998958 0.000089
0.997657 0.000204
0.995839 0.000377
0.993508 0.000629
0.990668 0.000977
0.987323 0.001431
0.983478 0.001988
0.979135 0.002642
0.974300 0.003385
0.968973 0.004203
0.963157 0.005071
0.956856 0.005979
0.950075 0.006921
0.942823 0.007894
0.935105 0.008896
0.926932 0.009933
0.918312 0.011015
0.909256 0.012155
0.899774 0.013359
0.889876 0.014630
0.879573 0.015973
0.868875 0.017391
0.857795 0.018885
0.846344 0.020457
0.834533 0.022106
0.822374 0.023834
0.809881 0.025639
0.797066 0.027522
0.783942 0.029481
0.770523 0.031515
0.756822 0.033623
0.742853 0.035802
0.728630 0.038050
0.714167 0.040362
0.699479 0.042733
0.684580 0.045159
0.669483 0.047633
0.654205 0.050150
0.638759 0.052703
0.623161 0.055285
0.607425 0.057891
0.591567 0.060511
0.575602 0.063139
0.559544 0.065764
0.543409 0.068377
0.527211 0.070967
0.510966 0.073523
0.494689 0.076034
0.478394 0.078488
0.462098 0.080873
0.445816 0.083178
0.429562 0.085388
0.413351 0.087489
0.397200 0.089465
0.381124 0.091299
0.365138 0.092977
0.349259 0.094484
0.333503 0.095804
0.317887 0.096915
0.302426 0.097800
0.287140 0.098429
0.272047 0.098765
0.257167 0.098778
0.242522 0.098454
0.228136 0.097791
0.214031 0.096790
0.200230 0.095463
0.186755 0.093825
0.173625 0.091891
0.160861 0.089678
0.148481 0.087201
0.136504 0.084478
0.124947 0.081529
0.113825 0.078373
0.103155 0.075024
0.092953 0.071502
0.083233 0.067824
0.074010 0.064009
0.065294 0.060077
0.057102 0.056047
0.049444 0.051938
0.042331 0.047774
0.035777 0.043573
0.029787 0.039361
0.024371 0.035167
0.019537 0.031019
0.015281 0.026957
0.011604 0.023011
0.008493 0.019223
0.005926 0.015637
0.003905 0.012307
0.002399 0.009285
0.001342 0.006624
0.000656 0.004379
0.000252 0.002593
0.000057 0.001298
0.000004 0.000516
0.000001 0.000255
0.000000 0.000000
0.000001 -0.000764
0.000085 -0.002034
0.000464 -0.003773
0.001642 -0.005708
0.003788 -0.007482
0.006622 -0.009149
0.010043 -0.010775
0.014019 -0.012359
0.018536 -0.013887
0.023587 -0.015343
0.029157 -0.016731
0.035220 -0.018075
0.041765 -0.019374
0.048786 -0.020623
0.056274 -0.021826
0.064221 -0.022986
0.072616 -0.024102
0.081448 -0.025183
0.090706 -0.026234
0.100378 -0.027261
0.110455 -0.028270
0.120925 -0.029272
0.131778 -0.030266
0.143001 -0.031254
0.154584 -0.032235
0.166514 -0.033210
0.178780 -0.034177
0.191369 -0.035134
0.204268 -0.036080
0.217464 -0.037011
0.230945 -0.037927
0.244696 -0.038823
0.258704 -0.039696
0.272955 -0.040542
0.287435 -0.041354
0.302128 -0.042129
0.317021 -0.042864
0.332098 -0.043557
0.347343 -0.044204
0.362743 -0.044805
0.378279 -0.045358
0.393938 -0.045862
0.409703 -0.046315
0.425557 -0.046715
0.441486 -0.047061
0.457472 -0.047351
0.473499 -0.047584
0.489551 -0.047758
0.505612 -0.047873
0.521666 -0.047926
0.537695 -0.047917
0.553683 -0.047846
0.569615 -0.047710
0.585473 -0.047509
0.601242 -0.047243
0.616906 -0.046910
0.632447 -0.046510
0.647851 -0.046041
0.663101 -0.045503
0.678181 -0.044893
0.693077 -0.044212
0.707772 -0.043456
0.722250 -0.042624
0.736497 -0.041712
0.750497 -0.040718
0.764235 -0.039637
0.777697 -0.038465
0.790866 -0.037190
0.803724 -0.035785
0.816253 -0.034228
0.828437 -0.032509
0.840262 -0.030643
0.851714 -0.028649
0.862785 -0.026553
0.873469 -0.024403
0.883763 -0.022244
0.893665 -0.020116
0.903168 -0.018044
0.912269 -0.016050
0.920960 -0.014150
0.929236 -0.012355
0.937089 -0.010676
0.944513 -0.009118
0.951499 -0.007686
0.958041 -0.006378
0.964133 -0.005193
0.969767 -0.004130
0.974939 -0.003199
0.979644 -0.002417
0.983876 -0.001787
0.987630 -0.001298
0.990897 -0.000920
0.993671 -0.000625
0.995946 -0.000395
0.997718 -0.000221
0.998985 -0.000098
0.999746 -0.000024
1.000000 -0.000000