e342
1.000000 0.000000
0.999739 0.000032
0.998958 0.000127
0.997657 0.000290
0.995839 0.000532
0.993510 0.000875
0.990674 0.001338
0.987337 0.001929
0.983500 0.002639
0.979167 0.003457
0.974341 0.004373
0.969023 0.005371
0.963213 0.006429
0.956917 0.007533
0.950139 0.008674
0.942885 0.009846
0.935164 0.011047
0.926984 0.012281
0.918355 0.013561
0.909288 0.014901
0.899794 0.016304
0.889882 0.017774
0.879564 0.019316
0.868850 0.020932
0.857752 0.022623
0.846281 0.024391
0.834449 0.026237
0.822269 0.028160
0.809753 0.030161
0.796915 0.032239
0.783766 0.034392
0.770321 0.036618
0.756592 0.038912
0.742593 0.041271
0.728339 0.043693
0.713843 0.046172
0.699120 0.048706
0.684184 0.051289
0.669050 0.053916
0.653733 0.056583
0.638247 0.059282
0.622606 0.062004
0.606826 0.064740
0.590922 0.067483
0.574908 0.070223
0.558800 0.072951
0.542612 0.075660
0.526360 0.078336
0.510059 0.080969
0.493724 0.083547
0.477369 0.086056
0.461011 0.088483
0.444664 0.090815
0.428343 0.093036
0.412065 0.095134
0.395845 0.097095
0.379699 0.098901
0.363642 0.100537
0.347692 0.101985
0.331864 0.103225
0.316176 0.104234
0.300644 0.104987
0.285290 0.105451
0.270131 0.105589
0.255191 0.105380
0.240493 0.104817
0.226062 0.103894
0.211920 0.102624
0.198091 0.101022
0.184596 0.099109
0.171454 0.096900
0.158686 0.094413
0.146311 0.091665
0.134346 0.088675
0.122808 0.085462
0.111714 0.082044
0.101080 0.078438
0.090921 0.074663
0.081254 0.070736
0.072090 0.066677
0.063444 0.062504
0.055330 0.058237
0.047757 0.053900
0.040739 0.049514
0.034283 0.045105
0.028400 0.040698
0.023100 0.036315
0.018384 0.031989
0.014257 0.027757
0.010713 0.023663
0.007734 0.019751
0.005312 0.016061
0.003417 0.012638
0.002001 0.009533
0.001035 0.006812
0.000453 0.004527
0.000156 0.002717
0.000040 0.001410
0.000012 0.000623
0.000010 0.000360
0.000012 0.000106
0.000039 -0.000657
0.000179 -0.001921
0.000613 -0.003643
0.001821 -0.005555
0.004013 -0.007266
0.006879 -0.008867
0.010340 -0.010389
0.014355 -0.011849
0.018921 -0.013221
0.024020 -0.014511
0.029615 -0.015750
0.035696 -0.016940
0.042258 -0.018074
0.049294 -0.019155
0.056797 -0.020187
0.064757 -0.021171
0.073161 -0.022116
0.081997 -0.023033
0.091256 -0.023925
0.100928 -0.024801
0.111002 -0.025668
0.121468 -0.026530
0.132315 -0.027388
0.143532 -0.028243
0.155107 -0.029097
0.167028 -0.029947
0.179284 -0.030793
0.191861 -0.031632
0.204748 -0.032463
0.217931 -0.033283
0.231398 -0.034090
0.245134 -0.034880
0.259127 -0.035648
0.273361 -0.036391
0.287823 -0.037104
0.302499 -0.037785
0.317372 -0.038432
0.332429 -0.039041
0.347654 -0.039612
0.363032 -0.040142
0.378547 -0.040631
0.394183 -0.041075
0.409925 -0.041474
0.425756 -0.041825
0.441661 -0.042127
0.457623 -0.042380
0.473625 -0.042583
0.489653 -0.042736
0.505689 -0.042838
0.521718 -0.042886
0.537722 -0.042880
0.553686 -0.042817
0.569593 -0.042698
0.585427 -0.042520
0.601172 -0.042283
0.616811 -0.041986
0.632330 -0.041628
0.647711 -0.041206
0.662939 -0.040720
0.677998 -0.040169
0.692874 -0.039552
0.707549 -0.038866
0.722009 -0.038109
0.736239 -0.037279
0.750223 -0.036373
0.763946 -0.035383
0.777395 -0.034306
0.790552 -0.033124
0.803399 -0.031809
0.815919 -0.030342
0.828098 -0.028721
0.839920 -0.026963
0.851374 -0.025086
0.862450 -0.023120
0.873145 -0.021113
0.883454 -0.019108
0.893373 -0.017141
0.902898 -0.015242
0.912022 -0.013433
0.920738 -0.011731
0.929040 -0.010138
0.936919 -0.008647
0.944367 -0.007254
0.951376 -0.005971
0.957942 -0.004836
0.964060 -0.003873
0.969722 -0.003091
0.974920 -0.002433
0.979643 -0.001827
0.983883 -0.001231
0.987633 -0.000650
0.990894 -0.000192
0.993663 0.000075
0.995938 0.000160
0.997712 0.000124
0.998983 0.000061
0.999746 0.000016
1.000000 0.000000