e361
1.000000 0.000000
0.999742 0.000020
0.998968 0.000078
0.997680 0.000179
0.995879 0.000330
0.993569 0.000551
0.990754 0.000854
0.987437 0.001246
0.983622 0.001725
0.979313 0.002288
0.974515 0.002930
0.969230 0.003643
0.963462 0.004414
0.957216 0.005237
0.950498 0.006108
0.943315 0.007022
0.935674 0.007980
0.927584 0.008985
0.919052 0.010043
0.910090 0.011163
0.900706 0.012348
0.890910 0.013600
0.880714 0.014924
0.870127 0.016318
0.859161 0.017782
0.847826 0.019313
0.836133 0.020909
0.824094 0.022569
0.811723 0.024292
0.799031 0.026079
0.786031 0.027928
0.772736 0.029832
0.759158 0.031787
0.745312 0.033789
0.731210 0.035832
0.716867 0.037914
0.702297 0.040030
0.687514 0.042173
0.672531 0.044336
0.657364 0.046512
0.642026 0.048694
0.626533 0.050872
0.610899 0.053039
0.595139 0.055185
0.579269 0.057303
0.563303 0.059385
0.547256 0.061418
0.531144 0.063388
0.514981 0.065280
0.498782 0.067077
0.482563 0.068761
0.466339 0.070313
0.450126 0.071717
0.433941 0.072960
0.417801 0.074029
0.401724 0.074916
0.385728 0.075621
0.369830 0.076147
0.354050 0.076499
0.338405 0.076676
0.322913 0.076682
0.307591 0.076521
0.292456 0.076204
0.277524 0.075740
0.262813 0.075141
0.248337 0.074411
0.234114 0.073554
0.220157 0.072577
0.206483 0.071482
0.193107 0.070272
0.180042 0.068951
0.167304 0.067519
0.154908 0.065979
0.142867 0.064331
0.131197 0.062576
0.119910 0.060718
0.109021 0.058755
0.098545 0.056684
0.088495 0.054504
0.078890 0.052201
0.069753 0.049753
0.061100 0.047151
0.052956 0.044386
0.045345 0.041457
0.038283 0.038373
0.031796 0.035148
0.025895 0.031804
0.020603 0.028371
0.015942 0.024882
0.011914 0.021380
0.008525 0.017913
0.005760 0.014538
0.003597 0.011326
0.002031 0.008364
0.001000 0.005729
0.000393 0.003488
0.000094 0.001704
0.000013 0.000415
0.000010 -0.000361
0.000010 -0.000620
0.000016 -0.000874
0.000093 -0.001634
0.000351 -0.002878
0.001085 -0.004487
0.002612 -0.006174
0.004806 -0.007885
0.007592 -0.009620
0.010945 -0.011363
0.014859 -0.013085
0.019311 -0.014778
0.024288 -0.016431
0.029784 -0.018029
0.035782 -0.019576
0.042271 -0.021075
0.049240 -0.022524
0.056679 -0.023932
0.064575 -0.025305
0.072919 -0.026639
0.081703 -0.027934
0.090915 -0.029191
0.100546 -0.030405
0.110585 -0.031575
0.121021 -0.032703
0.131842 -0.033787
0.143037 -0.034827
0.154594 -0.035825
0.166501 -0.036778
0.178746 -0.037686
0.191315 -0.038546
0.204197 -0.039356
0.217377 -0.040117
0.230842 -0.040828
0.244578 -0.041490
0.258571 -0.042101
0.272806 -0.042659
0.287269 -0.043165
0.301946 -0.043617
0.316820 -0.044014
0.331878 -0.044356
0.347103 -0.044641
0.362480 -0.044868
0.377993 -0.045036
0.393627 -0.045142
0.409366 -0.045188
0.425192 -0.045172
0.441091 -0.045094
0.457046 -0.044953
0.473040 -0.044746
0.489058 -0.044472
0.505082 -0.044124
0.521097 -0.043696
0.537084 -0.043183
0.553028 -0.042583
0.568913 -0.041898
0.584721 -0.041131
0.600437 -0.040285
0.616044 -0.039361
0.631526 -0.038365
0.646868 -0.037300
0.662054 -0.036171
0.677068 -0.034982
0.691896 -0.033739
0.706523 -0.032448
0.720933 -0.031113
0.735113 -0.029740
0.749049 -0.028337
0.762726 -0.026912
0.776133 -0.025473
0.789256 -0.024028
0.802082 -0.022589
0.814600 -0.021167
0.826798 -0.019768
0.838665 -0.018399
0.850188 -0.017063
0.861356 -0.015766
0.872158 -0.014510
0.882584 -0.013300
0.892623 -0.012138
0.902266 -0.011026
0.911503 -0.009964
0.920323 -0.008955
0.928719 -0.007996
0.936681 -0.007084
0.944200 -0.006216
0.951270 -0.005389
0.957882 -0.004607
0.964030 -0.003872
0.969709 -0.003188
0.974914 -0.002559
0.979639 -0.001996
0.983882 -0.001505
0.987638 -0.001089
0.990903 -0.000749
0.993674 -0.000486
0.995947 -0.000293
0.997718 -0.000159
0.998985 -0.000070
0.999746 -0.000017
1.000000 -0.000000