e374
1.000000 0.000000
0.999744 0.000031
0.998978 0.000124
0.997702 0.000282
0.995919 0.000514
0.993633 0.000836
0.990848 0.001260
0.987568 0.001794
0.983796 0.002433
0.979537 0.003172
0.974793 0.004007
0.969567 0.004926
0.963862 0.005914
0.957683 0.006963
0.951034 0.008068
0.943923 0.009223
0.936356 0.010426
0.928342 0.011679
0.919889 0.012988
0.911008 0.014358
0.901707 0.015789
0.891996 0.017283
0.881886 0.018839
0.871385 0.020457
0.860506 0.022134
0.849259 0.023867
0.837654 0.025655
0.825704 0.027495
0.813421 0.029385
0.800817 0.031324
0.787904 0.033307
0.774695 0.035330
0.761203 0.037389
0.747442 0.039480
0.733424 0.041597
0.719164 0.043738
0.704675 0.045895
0.689972 0.048062
0.675067 0.050232
0.659977 0.052395
0.644714 0.054546
0.629294 0.056674
0.613731 0.058769
0.598039 0.060815
0.582232 0.062795
0.566325 0.064692
0.550333 0.066492
0.534271 0.068181
0.518156 0.069745
0.502003 0.071176
0.485831 0.072466
0.469655 0.073607
0.453494 0.074593
0.437365 0.075415
0.421284 0.076069
0.405271 0.076548
0.389343 0.076851
0.373519 0.076973
0.357815 0.076916
0.342249 0.076682
0.326841 0.076276
0.311606 0.075705
0.296562 0.074981
0.281724 0.074114
0.267110 0.073109
0.252734 0.071973
0.238613 0.070712
0.224762 0.069330
0.211196 0.067831
0.197930 0.066219
0.184979 0.064498
0.172358 0.062673
0.160079 0.060746
0.148159 0.058722
0.136609 0.056603
0.125444 0.054394
0.114678 0.052101
0.104321 0.049730
0.094387 0.047287
0.084887 0.044774
0.075833 0.042199
0.067239 0.039567
0.059117 0.036881
0.051481 0.034151
0.044335 0.031388
0.037687 0.028602
0.031539 0.025811
0.025921 0.023014
0.020860 0.020214
0.016360 0.017434
0.012392 0.014712
0.008919 0.012096
0.005949 0.009616
0.003621 0.007225
0.001979 0.004935
0.000950 0.002836
0.000410 0.001095
0.000195 -0.000181
0.000144 -0.000953
0.000140 -0.001210
0.000150 -0.001460
0.000288 -0.002177
0.000833 -0.003267
0.002089 -0.004605
0.004146 -0.006078
0.006693 -0.007626
0.009585 -0.009189
0.012881 -0.010723
0.016724 -0.012239
0.021197 -0.013741
0.026268 -0.015202
0.031854 -0.016610
0.037889 -0.017960
0.044378 -0.019242
0.051337 -0.020460
0.058778 -0.021620
0.066689 -0.022717
0.075051 -0.023750
0.083844 -0.024720
0.093058 -0.025626
0.102686 -0.026469
0.112719 -0.027254
0.123147 -0.027980
0.133958 -0.028646
0.145140 -0.029254
0.156679 -0.029805
0.168565 -0.030299
0.180785 -0.030741
0.193326 -0.031133
0.206176 -0.031474
0.219321 -0.031764
0.232747 -0.032006
0.246441 -0.032201
0.260389 -0.032351
0.274577 -0.032459
0.288989 -0.032527
0.303613 -0.032553
0.318432 -0.032538
0.333431 -0.032482
0.348597 -0.032388
0.363912 -0.032258
0.379362 -0.032094
0.394931 -0.031898
0.410603 -0.031670
0.426363 -0.031413
0.442194 -0.031125
0.458081 -0.030806
0.474008 -0.030455
0.489957 -0.030073
0.505914 -0.029662
0.521863 -0.029223
0.537786 -0.028757
0.553669 -0.028263
0.569494 -0.027739
0.585246 -0.027184
0.600909 -0.026597
0.616467 -0.025977
0.631904 -0.025323
0.647204 -0.024634
0.662352 -0.023909
0.677333 -0.023147
0.692130 -0.022350
0.706730 -0.021523
0.721118 -0.020670
0.735279 -0.019796
0.749199 -0.018905
0.762865 -0.017999
0.776262 -0.017080
0.789377 -0.016156
0.802198 -0.015234
0.814712 -0.014322
0.826907 -0.013427
0.838771 -0.012551
0.850292 -0.011697
0.861458 -0.010867
0.872259 -0.010062
0.882683 -0.009285
0.892720 -0.008537
0.902361 -0.007817
0.911594 -0.007126
0.920411 -0.006463
0.928802 -0.005826
0.936760 -0.005211
0.944275 -0.004611
0.951339 -0.004027
0.957946 -0.003459
0.964088 -0.002913
0.969761 -0.002393
0.974959 -0.001907
0.979678 -0.001469
0.983915 -0.001086
0.987665 -0.000764
0.990924 -0.000506
0.993689 -0.000314
0.995957 -0.000181
0.997724 -0.000096
0.998988 -0.000042
0.999747 -0.000010
1.000000 0.000000