e385
1.000000 0.000000
0.999749 0.000065
0.998996 0.000261
0.997742 0.000587
0.995988 0.001047
0.993739 0.001644
0.990997 0.002382
0.987766 0.003262
0.984049 0.004284
0.979849 0.005447
0.975170 0.006742
0.970012 0.008158
0.964379 0.009685
0.958275 0.011311
0.951701 0.013025
0.944664 0.014814
0.937168 0.016673
0.929220 0.018594
0.920829 0.020573
0.912003 0.022608
0.902751 0.024700
0.893084 0.026851
0.883012 0.029058
0.872545 0.031318
0.861693 0.033629
0.850467 0.035985
0.838878 0.038385
0.826938 0.040825
0.814658 0.043300
0.802050 0.045804
0.789127 0.048331
0.775900 0.050876
0.762384 0.053434
0.748591 0.056003
0.734535 0.058576
0.720229 0.061147
0.705688 0.063706
0.690924 0.066247
0.675953 0.068762
0.660789 0.071245
0.645446 0.073687
0.629939 0.076079
0.614283 0.078408
0.598492 0.080663
0.582582 0.082827
0.566566 0.084880
0.550459 0.086807
0.534279 0.088593
0.518041 0.090226
0.501762 0.091692
0.485460 0.092985
0.469153 0.094095
0.452859 0.095014
0.436596 0.095736
0.420383 0.096252
0.404238 0.096557
0.388180 0.096648
0.372229 0.096523
0.356404 0.096185
0.340723 0.095634
0.325205 0.094876
0.309867 0.093921
0.294729 0.092779
0.279805 0.091461
0.265115 0.089978
0.250672 0.088339
0.236494 0.086551
0.222597 0.084618
0.208997 0.082545
0.195710 0.080337
0.182750 0.077999
0.170133 0.075540
0.157873 0.072966
0.145984 0.070284
0.134480 0.067503
0.123374 0.064627
0.112682 0.061659
0.102416 0.058608
0.092589 0.055481
0.083214 0.052291
0.074301 0.049047
0.065860 0.045758
0.057899 0.042433
0.050432 0.039085
0.043479 0.035724
0.037055 0.032366
0.031150 0.029030
0.025745 0.025733
0.020831 0.022500
0.016477 0.019343
0.012752 0.016281
0.009650 0.013347
0.007020 0.010588
0.004726 0.008056
0.002738 0.005802
0.001275 0.003849
0.000440 0.002234
0.000091 0.001017
0.000006 0.000258
0.000000 0.000000
0.000001 -0.000256
0.000014 -0.001040
0.000104 -0.002366
0.000490 -0.004113
0.001687 -0.005844
0.004129 -0.007118
0.007617 -0.007951
0.011507 -0.008659
0.015668 -0.009285
0.020228 -0.009780
0.025368 -0.010102
0.031095 -0.010245
0.037341 -0.010237
0.044019 -0.010126
0.051111 -0.009920
0.058628 -0.009617
0.066591 -0.009219
0.075001 -0.008729
0.083843 -0.008155
0.093100 -0.007509
0.102756 -0.006800
0.112804 -0.006033
0.123235 -0.005210
0.134043 -0.004337
0.145217 -0.003419
0.156745 -0.002461
0.168616 -0.001471
0.180818 -0.000453
0.193338 0.000587
0.206165 0.001645
0.219286 0.002716
0.232688 0.003796
0.246358 0.004880
0.260283 0.005962
0.274448 0.007040
0.288840 0.008109
0.303444 0.009165
0.318246 0.010205
0.333230 0.011224
0.348383 0.012219
0.363688 0.013185
0.379130 0.014119
0.394694 0.015020
0.410365 0.015885
0.426125 0.016714
0.441960 0.017502
0.457853 0.018248
0.473789 0.018948
0.489751 0.019598
0.505722 0.020197
0.521688 0.020746
0.537631 0.021242
0.553536 0.021685
0.569385 0.022073
0.585164 0.022405
0.600856 0.022680
0.616445 0.022898
0.631915 0.023060
0.647250 0.023165
0.662435 0.023214
0.677454 0.023206
0.692292 0.023140
0.706934 0.023018
0.721364 0.022839
0.735569 0.022605
0.749533 0.022319
0.763242 0.021981
0.776682 0.021593
0.789840 0.021154
0.802701 0.020666
0.815253 0.020130
0.827483 0.019548
0.839378 0.018924
0.850927 0.018260
0.862117 0.017558
0.872936 0.016820
0.883375 0.016049
0.893421 0.015247
0.903065 0.014416
0.912297 0.013560
0.921107 0.012681
0.929485 0.011782
0.937424 0.010860
0.944913 0.009917
0.951946 0.008958
0.958515 0.007990
0.964614 0.007023
0.970238 0.006067
0.975382 0.005136
0.980044 0.004245
0.984220 0.003409
0.987909 0.002640
0.991110 0.001953
0.993821 0.001361
0.996043 0.000872
0.997773 0.000491
0.999010 0.000218
0.999752 0.000055
1.000000 0.000000