e399
1.000000 0.000000
0.999748 0.000079
0.998994 0.000316
0.997737 0.000713
0.995984 0.001278
0.993740 0.002027
0.991011 0.002969
0.987801 0.004106
0.984111 0.005429
0.979942 0.006928
0.975292 0.008585
0.970158 0.010374
0.964536 0.012269
0.958428 0.014257
0.951839 0.016327
0.944775 0.018473
0.937244 0.020692
0.929255 0.022992
0.920822 0.025380
0.911953 0.027859
0.902658 0.030427
0.892947 0.033085
0.882830 0.035829
0.872317 0.038657
0.861418 0.041564
0.850143 0.044546
0.838505 0.047595
0.826512 0.050707
0.814176 0.053873
0.801510 0.057086
0.788524 0.060341
0.775231 0.063630
0.761644 0.066943
0.747774 0.070270
0.733633 0.073601
0.719235 0.076925
0.704592 0.080229
0.689718 0.083501
0.674625 0.086730
0.659329 0.089905
0.643843 0.093014
0.628182 0.096045
0.612360 0.098981
0.596392 0.101808
0.580292 0.104509
0.564077 0.107069
0.547761 0.109474
0.531362 0.111703
0.514895 0.113733
0.498377 0.115546
0.481826 0.117122
0.465261 0.118447
0.448703 0.119510
0.432172 0.120307
0.415688 0.120838
0.399273 0.121104
0.382948 0.121105
0.366733 0.120844
0.350648 0.120324
0.334714 0.119551
0.318952 0.118531
0.303379 0.117271
0.288017 0.115780
0.272882 0.114065
0.257995 0.112136
0.243372 0.110000
0.229033 0.107666
0.214993 0.105143
0.201269 0.102441
0.187879 0.099570
0.174839 0.096538
0.162163 0.093355
0.149869 0.090028
0.137971 0.086567
0.126485 0.082980
0.115426 0.079276
0.104807 0.075467
0.094642 0.071565
0.084945 0.067579
0.075728 0.063522
0.067004 0.059408
0.058786 0.055249
0.051083 0.051062
0.043908 0.046862
0.037269 0.042663
0.031174 0.038488
0.025637 0.034356
0.020662 0.030291
0.016250 0.026321
0.012404 0.022472
0.009109 0.018776
0.006368 0.015276
0.004188 0.012013
0.002533 0.009038
0.001358 0.006401
0.000607 0.004157
0.000188 0.002362
0.000024 0.001054
0.000000 0.000264
0.000000 0.000000
0.000004 -0.000255
0.000075 -0.001016
0.000409 -0.002243
0.001223 -0.003825
0.002560 -0.005680
0.004453 -0.007729
0.006910 -0.009918
0.009954 -0.012179
0.013587 -0.014460
0.017793 -0.016721
0.022571 -0.018921
0.027907 -0.021040
0.033778 -0.023068
0.040174 -0.024985
0.047081 -0.026783
0.054483 -0.028459
0.062369 -0.030002
0.070725 -0.031407
0.079535 -0.032670
0.088789 -0.033788
0.098472 -0.034760
0.108569 -0.035589
0.119069 -0.036272
0.129958 -0.036812
0.141222 -0.037210
0.152847 -0.037466
0.164821 -0.037581
0.177129 -0.037557
0.189758 -0.037395
0.202693 -0.037099
0.215920 -0.036671
0.229424 -0.036115
0.243192 -0.035430
0.257209 -0.034618
0.271459 -0.033686
0.285928 -0.032644
0.300603 -0.031506
0.315468 -0.030283
0.330509 -0.028982
0.345712 -0.027612
0.361061 -0.026183
0.376542 -0.024704
0.392140 -0.023182
0.407839 -0.021627
0.423624 -0.020046
0.439481 -0.018446
0.455393 -0.016832
0.471345 -0.015213
0.487321 -0.013595
0.503307 -0.011986
0.519286 -0.010393
0.535243 -0.008821
0.551161 -0.007276
0.567026 -0.005762
0.582822 -0.004285
0.598533 -0.002852
0.614143 -0.001467
0.629637 -0.000137
0.645001 0.001134
0.660217 0.002342
0.675271 0.003486
0.690148 0.004561
0.704832 0.005563
0.719310 0.006488
0.733565 0.007334
0.747584 0.008097
0.761352 0.008778
0.774855 0.009376
0.788078 0.009892
0.801009 0.010324
0.813633 0.010670
0.825938 0.010929
0.837911 0.011102
0.849539 0.011190
0.860809 0.011196
0.871711 0.011123
0.882231 0.010975
0.892360 0.010753
0.902085 0.010460
0.911398 0.010099
0.920288 0.009674
0.928745 0.009183
0.936760 0.008631
0.944324 0.008022
0.951428 0.007364
0.958067 0.006668
0.964232 0.005944
0.969919 0.005206
0.975122 0.004468
0.979837 0.003746
0.984063 0.003053
0.987794 0.002403
0.991031 0.001810
0.993771 0.001283
0.996013 0.000834
0.997757 0.000473
0.999003 0.000211
0.999751 0.000053
1.000000 -0.000000