e417
1.000000 0.000000
0.999757 0.000089
0.999028 0.000355
0.997816 0.000801
0.996124 0.001435
0.993961 0.002275
0.991335 0.003331
0.988249 0.004608
0.984706 0.006099
0.980705 0.007792
0.976243 0.009669
0.971314 0.011702
0.965910 0.013857
0.960031 0.016118
0.953680 0.018471
0.946861 0.020905
0.939582 0.023413
0.931850 0.025996
0.923676 0.028656
0.915067 0.031381
0.906026 0.034156
0.896560 0.036961
0.886673 0.039778
0.876373 0.042587
0.865666 0.045366
0.854562 0.048103
0.843071 0.050787
0.831208 0.053412
0.818983 0.055966
0.806408 0.058438
0.793497 0.060817
0.780263 0.063098
0.766722 0.065279
0.752890 0.067360
0.738782 0.069341
0.724413 0.071216
0.709799 0.072982
0.694956 0.074639
0.679900 0.076188
0.664648 0.077632
0.649217 0.078971
0.633623 0.080207
0.617884 0.081340
0.602015 0.082370
0.586033 0.083294
0.569956 0.084112
0.553800 0.084822
0.537582 0.085423
0.521319 0.085915
0.505029 0.086295
0.488728 0.086562
0.472434 0.086714
0.456164 0.086752
0.439935 0.086677
0.423764 0.086491
0.407668 0.086194
0.391665 0.085781
0.375772 0.085249
0.360005 0.084600
0.344381 0.083842
0.328916 0.082981
0.313626 0.082016
0.298529 0.080935
0.283643 0.079725
0.268984 0.078386
0.254566 0.076934
0.240404 0.075381
0.226514 0.073734
0.212910 0.071988
0.199609 0.070141
0.186626 0.068191
0.173976 0.066141
0.161672 0.063995
0.149730 0.061756
0.138163 0.059428
0.126982 0.057019
0.116202 0.054531
0.105838 0.051966
0.095903 0.049329
0.086409 0.046626
0.077363 0.043864
0.068772 0.041054
0.060654 0.038203
0.053032 0.035314
0.045926 0.032399
0.039327 0.029469
0.033210 0.026542
0.027559 0.023640
0.022429 0.020770
0.017926 0.017932
0.014096 0.015146
0.010839 0.012457
0.007948 0.009927
0.005318 0.007614
0.003022 0.005553
0.001390 0.003732
0.000476 0.002192
0.000098 0.001007
0.000006 0.000257
0.000000 0.000000
0.000000 -0.000257
0.000001 -0.001039
0.000025 -0.002358
0.000181 -0.004181
0.000776 -0.006345
0.002320 -0.008537
0.004990 -0.010606
0.008522 -0.012597
0.012431 -0.014658
0.016679 -0.016776
0.021398 -0.018897
0.026727 -0.020979
0.032658 -0.023008
0.039122 -0.024999
0.046042 -0.026972
0.053413 -0.028918
0.061246 -0.030824
0.069552 -0.032685
0.078320 -0.034496
0.087533 -0.036258
0.097170 -0.037975
0.107221 -0.039643
0.117676 -0.041259
0.128527 -0.042818
0.139762 -0.044317
0.151369 -0.045755
0.163333 -0.047128
0.175642 -0.048434
0.188283 -0.049664
0.201244 -0.050815
0.214510 -0.051882
0.228068 -0.052862
0.241903 -0.053754
0.256000 -0.054553
0.270345 -0.055253
0.284922 -0.055848
0.299717 -0.056329
0.314714 -0.056691
0.329896 -0.056926
0.345247 -0.057025
0.360751 -0.056974
0.376390 -0.056758
0.392146 -0.056366
0.408003 -0.055789
0.423940 -0.055020
0.439939 -0.054052
0.455982 -0.052876
0.472048 -0.051487
0.488119 -0.049882
0.504175 -0.048067
0.520199 -0.046049
0.536173 -0.043837
0.552080 -0.041445
0.567903 -0.038887
0.583627 -0.036183
0.599240 -0.033361
0.614731 -0.030452
0.630087 -0.027488
0.645302 -0.024508
0.660366 -0.021554
0.675271 -0.018660
0.690007 -0.015854
0.704561 -0.013152
0.718920 -0.010572
0.733073 -0.008128
0.747004 -0.005826
0.760700 -0.003675
0.774146 -0.001680
0.787328 0.000155
0.800233 0.001825
0.812845 0.003328
0.825151 0.004663
0.837138 0.005831
0.848789 0.006832
0.860093 0.007671
0.871037 0.008351
0.881606 0.008874
0.891789 0.009244
0.901573 0.009466
0.910946 0.009546
0.919898 0.009486
0.928416 0.009290
0.936490 0.008967
0.944110 0.008527
0.951266 0.007982
0.957950 0.007347
0.964153 0.006639
0.969870 0.005878
0.975096 0.005088
0.979828 0.004293
0.984064 0.003516
0.987802 0.002778
0.991040 0.002096
0.993779 0.001488
0.996019 0.000967
0.997761 0.000549
0.999004 0.000245
0.999751 0.000061
1.000000 0.000000