e422
1.000000 0.000000
0.999739 0.000060
0.998955 0.000240
0.997651 0.000543
0.995832 0.000983
0.993504 0.001583
0.990675 0.002362
0.987353 0.003330
0.983541 0.004487
0.979244 0.005827
0.974464 0.007347
0.969203 0.009034
0.963461 0.010871
0.957238 0.012837
0.950533 0.014910
0.943346 0.017059
0.935680 0.019268
0.927540 0.021526
0.918937 0.023828
0.909878 0.026174
0.900377 0.028570
0.890446 0.031028
0.880099 0.033560
0.869348 0.036166
0.858205 0.038850
0.846682 0.041613
0.834791 0.044454
0.822544 0.047370
0.809954 0.050361
0.797033 0.053422
0.783794 0.056551
0.770252 0.059743
0.756418 0.062995
0.742306 0.066302
0.727931 0.069659
0.713307 0.073060
0.698446 0.076497
0.683364 0.079963
0.668074 0.083449
0.652590 0.086947
0.636927 0.090446
0.621099 0.093938
0.605121 0.097412
0.589007 0.100857
0.572773 0.104259
0.556431 0.107606
0.539998 0.110883
0.523487 0.114074
0.506914 0.117165
0.490293 0.120140
0.473641 0.122982
0.456972 0.125672
0.440302 0.128187
0.423646 0.130506
0.407020 0.132604
0.390441 0.134459
0.373927 0.136035
0.357496 0.137286
0.341167 0.138171
0.324964 0.138665
0.308912 0.138754
0.293039 0.138429
0.277372 0.137688
0.261936 0.136534
0.246761 0.134976
0.231871 0.133024
0.217292 0.130695
0.203045 0.128019
0.189151 0.125025
0.175628 0.121740
0.162493 0.118192
0.149765 0.114401
0.137463 0.110381
0.125605 0.106145
0.114210 0.101709
0.103293 0.097095
0.092870 0.092321
0.082959 0.087403
0.073574 0.082359
0.064730 0.077211
0.056441 0.071980
0.048716 0.066693
0.041569 0.061373
0.035009 0.056048
0.029042 0.050746
0.023676 0.045498
0.018907 0.040341
0.014740 0.035311
0.011167 0.030450
0.008169 0.025802
0.005728 0.021414
0.003801 0.017332
0.002349 0.013608
0.001327 0.010294
0.000667 0.007433
0.000287 0.005056
0.000099 0.003190
0.000028 0.001852
0.000011 0.001048
0.000010 0.000780
0.000012 0.000526
0.000042 -0.000237
0.000160 -0.001504
0.000446 -0.003260
0.001074 -0.005453
0.002445 -0.007860
0.005010 -0.009897
0.008350 -0.011665
0.012317 -0.013257
0.016851 -0.014715
0.021926 -0.016043
0.027531 -0.017224
0.033649 -0.018255
0.040256 -0.019147
0.047341 -0.019888
0.054894 -0.020458
0.062905 -0.020850
0.071360 -0.021053
0.080246 -0.021066
0.089550 -0.020891
0.099257 -0.020530
0.109357 -0.019984
0.119835 -0.019259
0.130681 -0.018365
0.141883 -0.017314
0.153430 -0.016124
0.165311 -0.014816
0.177516 -0.013407
0.190036 -0.011922
0.202859 -0.010383
0.215975 -0.008810
0.229373 -0.007214
0.243040 -0.005611
0.256964 -0.004013
0.271131 -0.002428
0.285528 -0.000862
0.300140 0.000677
0.314953 0.002182
0.329954 0.003642
0.345126 0.005050
0.360457 0.006394
0.375929 0.007663
0.391529 0.008848
0.407240 0.009935
0.423047 0.010916
0.438933 0.011789
0.454881 0.012550
0.470875 0.013201
0.486896 0.013743
0.502929 0.014185
0.518956 0.014536
0.534960 0.014806
0.550925 0.015002
0.566834 0.015124
0.582671 0.015177
0.598419 0.015163
0.614064 0.015082
0.629588 0.014932
0.644975 0.014713
0.660210 0.014426
0.675277 0.014072
0.690161 0.013658
0.704847 0.013186
0.719319 0.012663
0.733563 0.012097
0.747566 0.011499
0.761312 0.010874
0.774789 0.010232
0.787983 0.009577
0.800882 0.008915
0.813471 0.008251
0.825740 0.007590
0.837675 0.006936
0.849264 0.006293
0.860497 0.005665
0.871363 0.005058
0.881849 0.004477
0.891948 0.003925
0.901647 0.003414
0.910939 0.002954
0.919814 0.002552
0.928263 0.002212
0.936278 0.001933
0.943849 0.001712
0.950969 0.001545
0.957631 0.001415
0.963826 0.001309
0.969549 0.001215
0.974794 0.001123
0.979555 0.001022
0.983827 0.000907
0.987607 0.000779
0.990889 0.000638
0.993670 0.000485
0.995947 0.000333
0.997720 0.000194
0.998986 0.000087
0.999746 0.000022
1.000000 -0.000000