e431
1.000000 -0.000000
0.999748 0.000076
0.998991 0.000303
0.997731 0.000684
0.995971 0.001225
0.993718 0.001939
0.990977 0.002836
0.987752 0.003920
0.984046 0.005185
0.979861 0.006624
0.975196 0.008225
0.970051 0.009968
0.964424 0.011830
0.958316 0.013799
0.951733 0.015865
0.944679 0.018020
0.937162 0.020260
0.929190 0.022588
0.920775 0.025009
0.911926 0.027526
0.902652 0.030137
0.892964 0.032841
0.882871 0.035636
0.872382 0.038516
0.861508 0.041475
0.850259 0.044507
0.838645 0.047607
0.826679 0.050773
0.814372 0.054002
0.801736 0.057286
0.788782 0.060615
0.775522 0.063980
0.761967 0.067370
0.748130 0.070779
0.734024 0.074196
0.719662 0.077611
0.705055 0.081009
0.690216 0.084373
0.675156 0.087683
0.659885 0.090911
0.644416 0.094028
0.628760 0.097009
0.612934 0.099836
0.596951 0.102490
0.580829 0.104958
0.564586 0.107231
0.548240 0.109300
0.531810 0.111158
0.515315 0.112796
0.498773 0.114207
0.482206 0.115389
0.465631 0.116342
0.449071 0.117067
0.432543 0.117565
0.416069 0.117837
0.399668 0.117885
0.383359 0.117715
0.367162 0.117331
0.351096 0.116738
0.335179 0.115939
0.319430 0.114937
0.303868 0.113736
0.288511 0.112338
0.273378 0.110749
0.258486 0.108971
0.243854 0.107009
0.229498 0.104869
0.215436 0.102554
0.201685 0.100068
0.188263 0.097416
0.175187 0.094602
0.162472 0.091633
0.150135 0.088515
0.138192 0.085257
0.126658 0.081869
0.115548 0.078356
0.104878 0.074724
0.094663 0.070983
0.084918 0.067143
0.075656 0.063215
0.066889 0.059213
0.058633 0.055150
0.050898 0.051041
0.043695 0.046903
0.037036 0.042752
0.030927 0.038610
0.025382 0.034497
0.020408 0.030439
0.016006 0.026465
0.012182 0.022602
0.008926 0.018884
0.006226 0.015356
0.004088 0.012065
0.002483 0.009063
0.001349 0.006407
0.000625 0.004156
0.000224 0.002358
0.000050 0.001053
0.000003 0.000264
0.000000 0.000000
0.000001 -0.000254
0.000021 -0.001016
0.000196 -0.002272
0.000877 -0.003896
0.002444 -0.005544
0.004695 -0.007173
0.007546 -0.008793
0.010964 -0.010395
0.014935 -0.011958
0.019444 -0.013469
0.024484 -0.014906
0.030040 -0.016271
0.036088 -0.017580
0.042622 -0.018825
0.049633 -0.020005
0.057110 -0.021128
0.065045 -0.022190
0.073427 -0.023191
0.082247 -0.024132
0.091491 -0.025015
0.101152 -0.025845
0.111217 -0.026627
0.121675 -0.027366
0.132516 -0.028062
0.143728 -0.028714
0.155299 -0.029323
0.167217 -0.029891
0.179471 -0.030417
0.192046 -0.030904
0.204931 -0.031353
0.218111 -0.031762
0.231575 -0.032132
0.245307 -0.032461
0.259294 -0.032752
0.273523 -0.033005
0.287977 -0.033222
0.302643 -0.033401
0.317505 -0.033541
0.332549 -0.033641
0.347760 -0.033699
0.363121 -0.033715
0.378618 -0.033690
0.394235 -0.033621
0.409955 -0.033506
0.425763 -0.033342
0.441643 -0.033125
0.457578 -0.032854
0.473553 -0.032528
0.489550 -0.032146
0.505554 -0.031700
0.521548 -0.031182
0.537515 -0.030583
0.553437 -0.029891
0.569299 -0.029086
0.585080 -0.028150
0.600764 -0.027074
0.616334 -0.025865
0.631774 -0.024533
0.647068 -0.023089
0.662201 -0.021546
0.677157 -0.019920
0.691924 -0.018226
0.706487 -0.016481
0.720833 -0.014702
0.734949 -0.012905
0.748824 -0.011112
0.762446 -0.009347
0.775806 -0.007637
0.788891 -0.006003
0.801691 -0.004459
0.814193 -0.003016
0.826385 -0.001682
0.838254 -0.000463
0.849790 0.000636
0.860978 0.001612
0.871808 0.002465
0.882267 0.003194
0.892345 0.003800
0.902029 0.004283
0.911309 0.004647
0.920175 0.004893
0.928616 0.005022
0.936621 0.005038
0.944183 0.004947
0.951291 0.004761
0.957937 0.004489
0.964114 0.004147
0.969814 0.003749
0.975033 0.003309
0.979764 0.002842
0.984004 0.002365
0.987749 0.001894
0.990998 0.001446
0.993748 0.001035
0.995998 0.000677
0.997748 0.000386
0.998999 0.000172
0.999750 0.000043
1.000000 -0.000000