e473
1.000000 -0.000000
0.999742 0.000029
0.998968 0.000118
0.997679 0.000269
0.995878 0.000491
0.993569 0.000806
0.990758 0.001230
0.987448 0.001774
0.983645 0.002437
0.979350 0.003209
0.974568 0.004081
0.969298 0.005032
0.963541 0.006032
0.957299 0.007061
0.950578 0.008108
0.943384 0.009163
0.935724 0.010222
0.927607 0.011287
0.919043 0.012369
0.910041 0.013478
0.900612 0.014620
0.890766 0.015794
0.880513 0.017003
0.869864 0.018249
0.858828 0.019530
0.847419 0.020846
0.835646 0.022198
0.823523 0.023583
0.811060 0.025002
0.798272 0.026453
0.785171 0.027936
0.771770 0.029449
0.758082 0.030992
0.744123 0.032563
0.729904 0.034161
0.715442 0.035783
0.700750 0.037429
0.685843 0.039095
0.670736 0.040779
0.655445 0.042479
0.639984 0.044193
0.624368 0.045916
0.608615 0.047648
0.592738 0.049384
0.576755 0.051123
0.560682 0.052862
0.544533 0.054597
0.528326 0.056324
0.512076 0.058040
0.495799 0.059739
0.479512 0.061418
0.463231 0.063071
0.446971 0.064695
0.430750 0.066285
0.414583 0.067836
0.398485 0.069342
0.382474 0.070799
0.366564 0.072199
0.350772 0.073534
0.335113 0.074798
0.319602 0.075981
0.304255 0.077073
0.289087 0.078066
0.274113 0.078946
0.259348 0.079697
0.244806 0.080304
0.230504 0.080732
0.216457 0.080937
0.202681 0.080884
0.189196 0.080541
0.176026 0.079887
0.163191 0.078908
0.150713 0.077610
0.138613 0.076007
0.126912 0.074111
0.115634 0.071929
0.104797 0.069470
0.094422 0.066752
0.084527 0.063796
0.075127 0.060625
0.066243 0.057259
0.057890 0.053716
0.050083 0.050022
0.042837 0.046206
0.036157 0.042301
0.030056 0.038338
0.024545 0.034343
0.019624 0.030354
0.015297 0.026415
0.011558 0.022577
0.008388 0.018890
0.005789 0.015383
0.003747 0.012090
0.002212 0.009062
0.001146 0.006378
0.000496 0.004117
0.000163 0.002327
0.000033 0.001037
0.000002 0.000260
0.000000 0.000000
0.000002 -0.000260
0.000033 -0.001037
0.000163 -0.002327
0.000496 -0.004117
0.001146 -0.006378
0.002212 -0.009062
0.003747 -0.012090
0.005789 -0.015383
0.008388 -0.018890
0.011558 -0.022577
0.015297 -0.026415
0.019624 -0.030354
0.024545 -0.034343
0.030056 -0.038338
0.036157 -0.042301
0.042837 -0.046206
0.050083 -0.050022
0.057890 -0.053716
0.066243 -0.057259
0.075127 -0.060625
0.084527 -0.063796
0.094422 -0.066752
0.104797 -0.069470
0.115634 -0.071929
0.126912 -0.074111
0.138613 -0.076007
0.150713 -0.077610
0.163191 -0.078908
0.176026 -0.079887
0.189196 -0.080541
0.202681 -0.080884
0.216457 -0.080937
0.230504 -0.080732
0.244806 -0.080304
0.259348 -0.079697
0.274113 -0.078946
0.289087 -0.078066
0.304255 -0.077073
0.319602 -0.075981
0.335113 -0.074798
0.350772 -0.073534
0.366564 -0.072199
0.382474 -0.070799
0.398485 -0.069342
0.414583 -0.067836
0.430750 -0.066285
0.446971 -0.064695
0.463231 -0.063071
0.479512 -0.061418
0.495799 -0.059739
0.512076 -0.058040
0.528326 -0.056324
0.544533 -0.054597
0.560682 -0.052862
0.576755 -0.051123
0.592738 -0.049384
0.608615 -0.047648
0.624368 -0.045916
0.639984 -0.044193
0.655445 -0.042479
0.670736 -0.040779
0.685843 -0.039095
0.700750 -0.037429
0.715442 -0.035783
0.729904 -0.034161
0.744123 -0.032563
0.758082 -0.030992
0.771770 -0.029449
0.785171 -0.027936
0.798272 -0.026453
0.811060 -0.025002
0.823523 -0.023583
0.835646 -0.022198
0.847419 -0.020846
0.858828 -0.019530
0.869864 -0.018249
0.880513 -0.017003
0.890766 -0.015794
0.900612 -0.014620
0.910041 -0.013478
0.919043 -0.012369
0.927607 -0.011287
0.935724 -0.010222
0.943384 -0.009163
0.950578 -0.008108
0.957299 -0.007061
0.963541 -0.006032
0.969298 -0.005032
0.974568 -0.004081
0.979350 -0.003209
0.983645 -0.002437
0.987448 -0.001774
0.990758 -0.001230
0.993569 -0.000806
0.995878 -0.000491
0.997679 -0.000269
0.998968 -0.000118
0.999742 -0.000029
1.000000 0.000000