e476
1.000000 -0.000000
0.999742 0.000018
0.998968 0.000074
0.997678 0.000168
0.995876 0.000310
0.993564 0.000518
0.990746 0.000806
0.987426 0.001184
0.983608 0.001653
0.979297 0.002213
0.974498 0.002863
0.969214 0.003601
0.963450 0.004418
0.957211 0.005310
0.950504 0.006276
0.943335 0.007313
0.935711 0.008421
0.927641 0.009604
0.919134 0.010867
0.910199 0.012217
0.900848 0.013659
0.891089 0.015196
0.880933 0.016827
0.870391 0.018554
0.859474 0.020375
0.848192 0.022290
0.836558 0.024297
0.824583 0.026391
0.812278 0.028570
0.799656 0.030828
0.786729 0.033161
0.773509 0.035560
0.760007 0.038017
0.746238 0.040522
0.732211 0.043061
0.717938 0.045613
0.703430 0.048156
0.688700 0.050673
0.673760 0.053151
0.658624 0.055577
0.643308 0.057943
0.627825 0.060241
0.612193 0.062469
0.596428 0.064622
0.580544 0.066694
0.564559 0.068675
0.548488 0.070558
0.532347 0.072339
0.516153 0.074011
0.499923 0.075571
0.483674 0.077013
0.467423 0.078328
0.451186 0.079511
0.434980 0.080556
0.418824 0.081458
0.402734 0.082216
0.386727 0.082825
0.370822 0.083282
0.355034 0.083583
0.339383 0.083724
0.323884 0.083704
0.308556 0.083519
0.293415 0.083168
0.278480 0.082652
0.263766 0.081972
0.249291 0.081128
0.235071 0.080119
0.221124 0.078946
0.207465 0.077611
0.194111 0.076114
0.181079 0.074460
0.168384 0.072652
0.156041 0.070693
0.144066 0.068591
0.132474 0.066346
0.121281 0.063963
0.110501 0.061447
0.100150 0.058803
0.090241 0.056040
0.080786 0.053166
0.071803 0.050187
0.063306 0.047111
0.055305 0.043950
0.047816 0.040714
0.040847 0.037420
0.034410 0.034084
0.028524 0.030719
0.023200 0.027347
0.018441 0.023993
0.014252 0.020679
0.010623 0.017444
0.007563 0.014326
0.005097 0.011366
0.003200 0.008617
0.001813 0.006147
0.000877 0.004023
0.000332 0.002299
0.000079 0.001032
0.000006 0.000259
0.000000 0.000000
0.000006 -0.000259
0.000079 -0.001032
0.000332 -0.002299
0.000877 -0.004023
0.001813 -0.006147
0.003200 -0.008617
0.005097 -0.011366
0.007563 -0.014326
0.010623 -0.017444
0.014252 -0.020679
0.018441 -0.023993
0.023200 -0.027347
0.028524 -0.030719
0.034410 -0.034084
0.040847 -0.037420
0.047816 -0.040714
0.055305 -0.043950
0.063306 -0.047111
0.071803 -0.050187
0.080786 -0.053166
0.090241 -0.056040
0.100150 -0.058803
0.110501 -0.061447
0.121281 -0.063963
0.132474 -0.066346
0.144066 -0.068591
0.156041 -0.070693
0.168384 -0.072652
0.181079 -0.074460
0.194111 -0.076114
0.207465 -0.077611
0.221124 -0.078946
0.235071 -0.080119
0.249291 -0.081128
0.263766 -0.081972
0.278480 -0.082652
0.293415 -0.083168
0.308556 -0.083519
0.323884 -0.083704
0.339383 -0.083724
0.355034 -0.083583
0.370822 -0.083282
0.386727 -0.082825
0.402734 -0.082216
0.418824 -0.081458
0.434980 -0.080556
0.451186 -0.079511
0.467423 -0.078328
0.483674 -0.077013
0.499923 -0.075571
0.516153 -0.074011
0.532347 -0.072339
0.548488 -0.070558
0.564559 -0.068675
0.580544 -0.066694
0.596428 -0.064622
0.612193 -0.062469
0.627825 -0.060241
0.643308 -0.057943
0.658624 -0.055577
0.673760 -0.053151
0.688700 -0.050673
0.703430 -0.048156
0.717938 -0.045613
0.732211 -0.043061
0.746238 -0.040522
0.760007 -0.038017
0.773509 -0.035560
0.786729 -0.033161
0.799656 -0.030828
0.812278 -0.028570
0.824583 -0.026391
0.836558 -0.024297
0.848192 -0.022290
0.859474 -0.020375
0.870391 -0.018554
0.880933 -0.016827
0.891089 -0.015196
0.900848 -0.013659
0.910199 -0.012217
0.919134 -0.010867
0.927641 -0.009604
0.935711 -0.008421
0.943335 -0.007313
0.950504 -0.006276
0.957211 -0.005310
0.963450 -0.004418
0.969214 -0.003601
0.974498 -0.002863
0.979297 -0.002213
0.983608 -0.001653
0.987426 -0.001184
0.990746 -0.000806
0.993564 -0.000518
0.995876 -0.000310
0.997678 -0.000168
0.998968 -0.000074
0.999742 -0.000018
1.000000 0.000000