e521
1.000000 0.000000
0.999743 0.000010
0.998974 0.000041
0.997693 0.000094
0.995901 0.000175
0.993602 0.000295
0.990797 0.000464
0.987491 0.000687
0.983686 0.000967
0.979388 0.001307
0.974601 0.001710
0.969329 0.002180
0.963580 0.002716
0.957358 0.003322
0.950671 0.003999
0.943525 0.004750
0.935928 0.005575
0.927889 0.006480
0.919415 0.007470
0.910518 0.008549
0.901206 0.009723
0.891490 0.010995
0.881381 0.012371
0.870889 0.013853
0.860026 0.015442
0.848803 0.017139
0.837232 0.018940
0.825325 0.020847
0.813095 0.022860
0.800554 0.024979
0.787716 0.027202
0.774591 0.029520
0.761193 0.031920
0.747531 0.034388
0.733616 0.036896
0.719455 0.039405
0.705056 0.041875
0.690429 0.044279
0.675587 0.046597
0.660545 0.048812
0.645316 0.050911
0.629917 0.052893
0.614366 0.054754
0.598679 0.056494
0.582874 0.058111
0.566966 0.059604
0.550974 0.060973
0.534915 0.062222
0.518807 0.063358
0.502668 0.064386
0.486513 0.065306
0.470361 0.066121
0.454229 0.066832
0.438133 0.067438
0.422091 0.067939
0.406118 0.068335
0.390233 0.068625
0.374451 0.068809
0.358789 0.068885
0.343264 0.068854
0.327892 0.068714
0.312689 0.068466
0.297672 0.068108
0.282856 0.067638
0.268258 0.067056
0.253893 0.066361
0.239776 0.065554
0.225924 0.064637
0.212351 0.063610
0.199072 0.062471
0.186101 0.061223
0.173455 0.059863
0.161147 0.058392
0.149192 0.056810
0.137604 0.055117
0.126397 0.053316
0.115585 0.051410
0.105180 0.049401
0.095197 0.047289
0.085650 0.045079
0.076550 0.042774
0.067911 0.040381
0.059745 0.037908
0.052065 0.035360
0.044884 0.032742
0.038211 0.030065
0.032061 0.027342
0.026448 0.024588
0.021375 0.021828
0.016854 0.019075
0.012889 0.016348
0.009474 0.013682
0.006633 0.011112
0.004377 0.008681
0.002666 0.006453
0.001456 0.004494
0.000681 0.002875
0.000270 0.001663
0.000074 0.000915
0.000050 0.000660
0.000046 0.000403
0.000031 -0.000369
0.000257 -0.001630
0.000871 -0.003316
0.001951 -0.005353
0.003555 -0.007664
0.005718 -0.010180
0.008482 -0.012832
0.011849 -0.015571
0.015778 -0.018367
0.020269 -0.021183
0.025319 -0.023998
0.030916 -0.026803
0.037054 -0.029574
0.043720 -0.032294
0.050898 -0.034951
0.058577 -0.037535
0.066745 -0.040040
0.075387 -0.042464
0.084492 -0.044797
0.094047 -0.047033
0.104038 -0.049169
0.114452 -0.051200
0.125276 -0.053126
0.136494 -0.054946
0.148095 -0.056656
0.160064 -0.058255
0.172386 -0.059741
0.185047 -0.061115
0.198033 -0.062376
0.211328 -0.063527
0.224919 -0.064565
0.238788 -0.065493
0.252923 -0.066309
0.267306 -0.067014
0.281923 -0.067604
0.296758 -0.068082
0.311794 -0.068448
0.327016 -0.068703
0.342408 -0.068849
0.357954 -0.068886
0.373636 -0.068815
0.389438 -0.068637
0.405344 -0.068352
0.421337 -0.067960
0.437401 -0.067463
0.453518 -0.066861
0.469671 -0.066154
0.485844 -0.065342
0.502019 -0.064425
0.518180 -0.063400
0.534309 -0.062267
0.550389 -0.061020
0.566402 -0.059654
0.582331 -0.058164
0.598157 -0.056549
0.613865 -0.054812
0.629437 -0.052952
0.644856 -0.050973
0.660105 -0.048874
0.675168 -0.046661
0.690029 -0.044343
0.704676 -0.041939
0.719094 -0.039468
0.733274 -0.036957
0.747207 -0.034447
0.760886 -0.031975
0.774302 -0.029571
0.787443 -0.027250
0.800298 -0.025023
0.812854 -0.022899
0.825100 -0.020883
0.837023 -0.018973
0.848609 -0.017169
0.859846 -0.015471
0.870723 -0.013879
0.881228 -0.012392
0.891350 -0.011011
0.901078 -0.009732
0.910401 -0.008554
0.919310 -0.007473
0.927795 -0.006484
0.935845 -0.005581
0.943452 -0.004757
0.950607 -0.004006
0.957303 -0.003328
0.963533 -0.002721
0.969290 -0.002183
0.974568 -0.001713
0.979361 -0.001309
0.983665 -0.000969
0.987475 -0.000688
0.990785 -0.000464
0.993594 -0.000296
0.995896 -0.000175
0.997690 -0.000094
0.998973 -0.000041
0.999743 -0.000010
1.000000 -0.000000