e541
1.000000 0.000000
0.999746 0.000057
0.998985 0.000230
0.997718 0.000519
0.995949 0.000933
0.993682 0.001485
0.990922 0.002185
0.987673 0.003033
0.983934 0.004016
0.979705 0.005117
0.974989 0.006326
0.969788 0.007631
0.964104 0.009021
0.957943 0.010494
0.951313 0.012057
0.944225 0.013723
0.936689 0.015505
0.928713 0.017404
0.920308 0.019422
0.911481 0.021561
0.902241 0.023818
0.892599 0.026191
0.882564 0.028678
0.872145 0.031273
0.861352 0.033974
0.850197 0.036775
0.838689 0.039670
0.826838 0.042650
0.814655 0.045706
0.802149 0.048826
0.789333 0.052000
0.776215 0.055215
0.762808 0.058455
0.749121 0.061707
0.735166 0.064958
0.720956 0.068192
0.706500 0.071392
0.691811 0.074531
0.676897 0.077584
0.661770 0.080517
0.646441 0.083294
0.630921 0.085875
0.615225 0.088234
0.599372 0.090357
0.583380 0.092235
0.567271 0.093866
0.551065 0.095262
0.534783 0.096432
0.518447 0.097389
0.502075 0.098145
0.485688 0.098712
0.469304 0.099099
0.452941 0.099314
0.436618 0.099366
0.420353 0.099257
0.404165 0.098992
0.388069 0.098571
0.372085 0.098000
0.356230 0.097281
0.340521 0.096420
0.324975 0.095417
0.309609 0.094273
0.294441 0.092991
0.279486 0.091573
0.264762 0.090020
0.250286 0.088336
0.236072 0.086524
0.222137 0.084589
0.208496 0.082535
0.195166 0.080363
0.182161 0.078076
0.169497 0.075678
0.157188 0.073173
0.145248 0.070568
0.133692 0.067868
0.122533 0.065075
0.111786 0.062196
0.101464 0.059235
0.091580 0.056198
0.082146 0.053093
0.073175 0.049928
0.064681 0.046711
0.056673 0.043452
0.049162 0.040161
0.042161 0.036848
0.035675 0.033525
0.029721 0.030207
0.024314 0.026904
0.019460 0.023641
0.015161 0.020436
0.011415 0.017313
0.008207 0.014309
0.005572 0.011455
0.003530 0.008788
0.002037 0.006366
0.001017 0.004267
0.000401 0.002557
0.000110 0.001291
0.000013 0.000516
0.000004 0.000256
0.000000 0.000000
0.000058 -0.000764
0.000522 -0.001952
0.001552 -0.003412
0.003148 -0.005062
0.005308 -0.006847
0.008016 -0.008740
0.011282 -0.010698
0.015103 -0.012693
0.019450 -0.014719
0.024320 -0.016756
0.029709 -0.018789
0.035605 -0.020816
0.041999 -0.022831
0.048883 -0.024825
0.056246 -0.026798
0.064075 -0.028746
0.072363 -0.030665
0.081100 -0.032553
0.090274 -0.034409
0.099875 -0.036231
0.109891 -0.038020
0.120310 -0.039776
0.131122 -0.041499
0.142314 -0.043187
0.153874 -0.044841
0.165790 -0.046458
0.178049 -0.048038
0.190639 -0.049578
0.203545 -0.051076
0.216756 -0.052530
0.230257 -0.053937
0.244034 -0.055294
0.258074 -0.056596
0.272361 -0.057842
0.286882 -0.059027
0.301621 -0.060149
0.316563 -0.061205
0.331693 -0.062193
0.346995 -0.063108
0.362454 -0.063946
0.378054 -0.064703
0.393779 -0.065376
0.409612 -0.065960
0.425537 -0.066454
0.441537 -0.066854
0.457597 -0.067154
0.473699 -0.067352
0.489826 -0.067441
0.505961 -0.067414
0.522088 -0.067263
0.538188 -0.066984
0.554245 -0.066571
0.570242 -0.066020
0.586159 -0.065320
0.601980 -0.064453
0.617685 -0.063403
0.633254 -0.062140
0.648662 -0.060624
0.663886 -0.058817
0.678903 -0.056712
0.693693 -0.054320
0.708234 -0.051657
0.722513 -0.048758
0.736521 -0.045673
0.750247 -0.042450
0.763691 -0.039147
0.776854 -0.035832
0.789737 -0.032565
0.802337 -0.029392
0.814648 -0.026340
0.826661 -0.023435
0.838369 -0.020695
0.849759 -0.018122
0.860819 -0.015713
0.871537 -0.013467
0.881901 -0.011394
0.891902 -0.009515
0.901528 -0.007847
0.910770 -0.006395
0.919613 -0.005117
0.928040 -0.003954
0.936039 -0.002860
0.943597 -0.001820
0.950711 -0.000908
0.957376 -0.000205
0.963587 0.000248
0.969337 0.000455
0.974614 0.000507
0.979408 0.000491
0.983711 0.000461
0.987517 0.000438
0.990822 0.000399
0.993622 0.000331
0.995916 0.000240
0.997702 0.000143
0.998978 0.000065
0.999744 0.000016
1.000000 0.000000