e544
1.000000 0.000000
0.999747 0.000066
0.998989 0.000265
0.997727 0.000598
0.995964 0.001073
0.993706 0.001703
0.990957 0.002494
0.987719 0.003441
0.983989 0.004521
0.979763 0.005711
0.975043 0.006993
0.969830 0.008351
0.964124 0.009766
0.957933 0.011237
0.951264 0.012772
0.944130 0.014389
0.936540 0.016098
0.928504 0.017900
0.920030 0.019797
0.911127 0.021794
0.901804 0.023886
0.892071 0.026073
0.881937 0.028350
0.871413 0.030715
0.860508 0.033166
0.849235 0.035700
0.837604 0.038313
0.825625 0.041000
0.813312 0.043756
0.800674 0.046573
0.787724 0.049445
0.774474 0.052363
0.760935 0.055317
0.747121 0.058299
0.733043 0.061298
0.718714 0.064307
0.704148 0.067313
0.689358 0.070305
0.674356 0.073272
0.659157 0.076202
0.643774 0.079080
0.628222 0.081893
0.612514 0.084628
0.596665 0.087269
0.580690 0.089803
0.564604 0.092215
0.548423 0.094488
0.532162 0.096606
0.515838 0.098549
0.499466 0.100290
0.483062 0.101803
0.466646 0.103070
0.450238 0.104084
0.433857 0.104841
0.417524 0.105343
0.401260 0.105599
0.385084 0.105618
0.369017 0.105410
0.353078 0.104988
0.337285 0.104364
0.321656 0.103547
0.306209 0.102545
0.290962 0.101365
0.275932 0.100011
0.261137 0.098483
0.246594 0.096786
0.232320 0.094923
0.218332 0.092903
0.204645 0.090732
0.191276 0.088411
0.178242 0.085945
0.165558 0.083340
0.153240 0.080600
0.141302 0.077734
0.129760 0.074748
0.118627 0.071648
0.107919 0.068441
0.097650 0.065134
0.087835 0.061734
0.078485 0.058251
0.069615 0.054695
0.061237 0.051077
0.053361 0.047411
0.046003 0.043706
0.039174 0.039974
0.032883 0.036233
0.027144 0.032501
0.021962 0.028803
0.017344 0.025162
0.013299 0.021597
0.009816 0.018141
0.006904 0.014834
0.004575 0.011720
0.002795 0.008855
0.001515 0.006296
0.000688 0.004102
0.000230 0.002335
0.000031 0.001044
0.000000 0.000261
0.000000 0.000000
0.000006 -0.000256
0.000085 -0.001021
0.000512 -0.002223
0.001460 -0.003739
0.002971 -0.005470
0.005039 -0.007363
0.007659 -0.009383
0.010832 -0.011492
0.014555 -0.013660
0.018816 -0.015865
0.023614 -0.018081
0.028940 -0.020297
0.034775 -0.022514
0.041112 -0.024720
0.047943 -0.026908
0.055255 -0.029078
0.063041 -0.031223
0.071290 -0.033336
0.079992 -0.035413
0.089135 -0.037453
0.098709 -0.039452
0.108702 -0.041413
0.119102 -0.043334
0.129897 -0.045215
0.141075 -0.047053
0.152624 -0.048848
0.164532 -0.050598
0.176786 -0.052299
0.189373 -0.053949
0.202279 -0.055544
0.215492 -0.057077
0.228998 -0.058545
0.242783 -0.059945
0.256833 -0.061274
0.271132 -0.062530
0.285666 -0.063709
0.300420 -0.064805
0.315378 -0.065812
0.330526 -0.066724
0.345848 -0.067538
0.361327 -0.068248
0.376947 -0.068848
0.392692 -0.069332
0.408546 -0.069693
0.424490 -0.069926
0.440510 -0.070023
0.456586 -0.069979
0.472702 -0.069782
0.488839 -0.069415
0.504980 -0.068861
0.521104 -0.068093
0.537190 -0.067077
0.553214 -0.065779
0.569156 -0.064185
0.584992 -0.062301
0.600703 -0.060133
0.616268 -0.057706
0.631674 -0.055051
0.646906 -0.052205
0.661954 -0.049213
0.676814 -0.046133
0.691480 -0.043019
0.705945 -0.039916
0.720201 -0.036852
0.734238 -0.033855
0.748047 -0.030945
0.761615 -0.028137
0.774931 -0.025441
0.787980 -0.022866
0.800752 -0.020417
0.813233 -0.018101
0.825411 -0.015918
0.837273 -0.013874
0.848807 -0.011977
0.860000 -0.010237
0.870842 -0.008660
0.881318 -0.007236
0.891418 -0.005938
0.901126 -0.004742
0.910433 -0.003628
0.919329 -0.002635
0.927807 -0.001832
0.935858 -0.001264
0.943475 -0.000946
0.950644 -0.000772
0.957352 -0.000612
0.963588 -0.000379
0.969344 -0.000044
0.974617 0.000297
0.979405 0.000550
0.983705 0.000671
0.987511 0.000658
0.990818 0.000562
0.993621 0.000429
0.995916 0.000291
0.997702 0.000168
0.998978 0.000076
0.999745 0.000019
1.000000 -0.000000