e545
1.000000 0.000000
0.999748 0.000070
0.998992 0.000278
0.997735 0.000628
0.995978 0.001125
0.993727 0.001782
0.990987 0.002602
0.987757 0.003578
0.984034 0.004686
0.979815 0.005900
0.975100 0.007204
0.969890 0.008578
0.964187 0.010006
0.957997 0.011485
0.951328 0.013024
0.944193 0.014639
0.936600 0.016338
0.928559 0.018123
0.920079 0.019999
0.911169 0.021969
0.901838 0.024028
0.892094 0.026175
0.881949 0.028404
0.871411 0.030713
0.860491 0.033102
0.849202 0.035569
0.837553 0.038111
0.825556 0.040721
0.813222 0.043391
0.800563 0.046115
0.787590 0.048888
0.774316 0.051702
0.760753 0.054552
0.746915 0.057428
0.732812 0.060321
0.718460 0.063220
0.703869 0.066115
0.689055 0.068997
0.674031 0.071856
0.658810 0.074681
0.643408 0.077460
0.627837 0.080182
0.612113 0.082833
0.596250 0.085402
0.580264 0.087877
0.564170 0.090244
0.547983 0.092492
0.531721 0.094605
0.515397 0.096572
0.499031 0.098377
0.482637 0.100005
0.466233 0.101440
0.449836 0.102657
0.433465 0.103637
0.417139 0.104369
0.400878 0.104852
0.384703 0.105088
0.368633 0.105082
0.352688 0.104837
0.336887 0.104362
0.321250 0.103665
0.305796 0.102756
0.290543 0.101646
0.275506 0.100351
0.260701 0.098888
0.246145 0.097259
0.231865 0.095434
0.217885 0.093379
0.204214 0.091134
0.190839 0.088836
0.177749 0.086610
0.164978 0.084385
0.152604 0.081918
0.140691 0.079002
0.129250 0.075657
0.118221 0.072178
0.107558 0.068801
0.097291 0.065491
0.087467 0.062126
0.078122 0.058632
0.069268 0.055030
0.060909 0.051359
0.053054 0.047647
0.045716 0.043901
0.038907 0.040131
0.032638 0.036351
0.026924 0.032581
0.021768 0.028846
0.017178 0.025167
0.013160 0.021569
0.009702 0.018086
0.006821 0.014756
0.004518 0.011624
0.002758 0.008744
0.001501 0.006174
0.000689 0.003974
0.000231 0.002207
0.000039 0.000914
0.000010 0.000131
0.000010 -0.000130
0.000012 -0.000386
0.000086 -0.001151
0.000492 -0.002362
0.001418 -0.003892
0.002891 -0.005656
0.004918 -0.007594
0.007499 -0.009664
0.010637 -0.011826
0.014324 -0.014053
0.018552 -0.016322
0.023320 -0.018606
0.028617 -0.020894
0.034424 -0.023185
0.040736 -0.025464
0.047544 -0.027725
0.054836 -0.029967
0.062603 -0.032181
0.070837 -0.034360
0.079524 -0.036504
0.088654 -0.038606
0.098217 -0.040664
0.108200 -0.042681
0.118592 -0.044653
0.129381 -0.046580
0.140553 -0.048463
0.152098 -0.050299
0.164003 -0.052080
0.176255 -0.053801
0.188843 -0.055458
0.201752 -0.057048
0.214968 -0.058571
0.228478 -0.060025
0.242267 -0.061402
0.256322 -0.062693
0.270628 -0.063893
0.285170 -0.064996
0.299932 -0.065998
0.314900 -0.066896
0.330057 -0.067681
0.345388 -0.068344
0.360876 -0.068879
0.376505 -0.069279
0.392258 -0.069537
0.408118 -0.069646
0.424067 -0.069590
0.440087 -0.069348
0.456161 -0.068898
0.472266 -0.068205
0.488380 -0.067228
0.504482 -0.065937
0.520547 -0.064338
0.536557 -0.062445
0.552489 -0.060278
0.568330 -0.057873
0.584066 -0.055269
0.599683 -0.052507
0.615173 -0.049631
0.630527 -0.046688
0.645738 -0.043719
0.660793 -0.040754
0.675684 -0.037818
0.690398 -0.034932
0.704923 -0.032113
0.719247 -0.029373
0.733356 -0.026721
0.747237 -0.024169
0.760877 -0.021724
0.774263 -0.019393
0.787383 -0.017185
0.800221 -0.015103
0.812766 -0.013152
0.825005 -0.011333
0.836924 -0.009649
0.848510 -0.008099
0.859752 -0.006684
0.870635 -0.005400
0.881150 -0.004247
0.891282 -0.003220
0.901022 -0.002317
0.910358 -0.001533
0.919280 -0.000863
0.927777 -0.000301
0.935840 0.000159
0.943460 0.000525
0.950627 0.000801
0.957334 0.000996
0.963573 0.001115
0.969337 0.001168
0.974620 0.001162
0.979416 0.001102
0.983719 0.001001
0.987525 0.000868
0.990830 0.000710
0.993629 0.000537
0.995921 0.000366
0.997705 0.000212
0.998980 0.000095
0.999745 0.000024
1.000000 0.000000