e550
1.000000 0.000000
0.999746 0.000066
0.998983 0.000264
0.997714 0.000596
0.995940 0.001069
0.993669 0.001697
0.990903 0.002482
0.987642 0.003413
0.983881 0.004459
0.979616 0.005591
0.974848 0.006790
0.969578 0.008039
0.963810 0.009326
0.957551 0.010648
0.950809 0.012015
0.943597 0.013446
0.935922 0.014945
0.927794 0.016516
0.919221 0.018163
0.910212 0.019888
0.900779 0.021692
0.890930 0.023576
0.880676 0.025543
0.870028 0.027590
0.858996 0.029718
0.847593 0.031925
0.835829 0.034210
0.823717 0.036572
0.811270 0.039010
0.798499 0.041522
0.785418 0.044106
0.772039 0.046755
0.758376 0.049466
0.744442 0.052235
0.730251 0.055056
0.715816 0.057925
0.701151 0.060835
0.686270 0.063778
0.671188 0.066747
0.655918 0.069733
0.640474 0.072727
0.624872 0.075722
0.609125 0.078707
0.593248 0.081670
0.577255 0.084599
0.561161 0.087480
0.544980 0.090300
0.528727 0.093047
0.512417 0.095706
0.496066 0.098261
0.479687 0.100695
0.463297 0.102990
0.446910 0.105120
0.430541 0.107060
0.414205 0.108781
0.397919 0.110242
0.381700 0.111400
0.365568 0.112222
0.349546 0.112697
0.333657 0.112818
0.317925 0.112593
0.302374 0.112038
0.287024 0.111176
0.271898 0.110025
0.257013 0.108606
0.242389 0.106939
0.228044 0.105037
0.213996 0.102914
0.200262 0.100581
0.186860 0.098047
0.173806 0.095322
0.161118 0.092414
0.148812 0.089335
0.136904 0.086095
0.125408 0.082704
0.114341 0.079174
0.103716 0.075518
0.093549 0.071743
0.083855 0.067861
0.074646 0.063886
0.065938 0.059829
0.057742 0.055708
0.050070 0.051538
0.042933 0.047336
0.036339 0.043124
0.030301 0.038921
0.024828 0.034750
0.019923 0.030638
0.015593 0.026611
0.011836 0.022699
0.008642 0.018943
0.006020 0.015384
0.003948 0.012072
0.002382 0.009059
0.001284 0.006401
0.000587 0.004148
0.000211 0.002352
0.000047 0.001050
0.000003 0.000263
0.000000 0.000000
0.000001 -0.000257
0.000037 -0.001025
0.000273 -0.002283
0.001029 -0.003903
0.002373 -0.005769
0.004303 -0.007807
0.006797 -0.009985
0.009855 -0.012261
0.013472 -0.014603
0.017642 -0.016985
0.022365 -0.019378
0.027623 -0.021773
0.033395 -0.024169
0.039675 -0.026549
0.046457 -0.028906
0.053727 -0.031239
0.061478 -0.033537
0.069699 -0.035795
0.078377 -0.038011
0.087500 -0.040182
0.097058 -0.042306
0.107038 -0.044384
0.117429 -0.046413
0.128219 -0.048386
0.139397 -0.050302
0.150950 -0.052156
0.162864 -0.053948
0.175128 -0.055676
0.187726 -0.057336
0.200648 -0.058920
0.213879 -0.060420
0.227406 -0.061831
0.241214 -0.063149
0.255288 -0.064372
0.269614 -0.065493
0.284176 -0.066505
0.298960 -0.067399
0.313948 -0.068167
0.329127 -0.068802
0.344478 -0.069297
0.359987 -0.069640
0.375634 -0.069817
0.391404 -0.069810
0.407278 -0.069598
0.423236 -0.069148
0.439257 -0.068428
0.455320 -0.067415
0.471402 -0.066105
0.487481 -0.064495
0.503537 -0.062599
0.519553 -0.060453
0.535515 -0.058094
0.551408 -0.055562
0.567222 -0.052900
0.582947 -0.050150
0.598572 -0.047350
0.614086 -0.044527
0.629478 -0.041707
0.644735 -0.038911
0.659844 -0.036153
0.674792 -0.033444
0.689564 -0.030793
0.704148 -0.028211
0.718529 -0.025712
0.732695 -0.023306
0.746633 -0.021004
0.760329 -0.018809
0.773768 -0.016724
0.786937 -0.014750
0.799822 -0.012890
0.812410 -0.011150
0.824688 -0.009532
0.836644 -0.008040
0.848264 -0.006671
0.859535 -0.005425
0.870447 -0.004300
0.880986 -0.003291
0.891140 -0.002398
0.900900 -0.001617
0.910253 -0.000945
0.919190 -0.000376
0.927701 0.000096
0.935775 0.000476
0.943405 0.000774
0.950581 0.000993
0.957295 0.001138
0.963540 0.001216
0.969310 0.001235
0.974598 0.001201
0.979397 0.001121
0.983704 0.001005
0.987513 0.000863
0.990821 0.000702
0.993623 0.000529
0.995917 0.000359
0.997702 0.000208
0.998979 0.000094
0.999745 0.000023
1.000000 0.000000