e554
1.000000 0.000000
0.999749 0.000079
0.998996 0.000317
0.997742 0.000715
0.995991 0.001279
0.993748 0.002019
0.991015 0.002935
0.987790 0.004012
0.984066 0.005213
0.979836 0.006509
0.975100 0.007876
0.969858 0.009290
0.964114 0.010736
0.957873 0.012213
0.951147 0.013736
0.943949 0.015324
0.936287 0.016980
0.928169 0.018705
0.919604 0.020500
0.910601 0.022366
0.901170 0.024304
0.891320 0.026314
0.881063 0.028397
0.870410 0.030553
0.859370 0.032782
0.847957 0.035084
0.836180 0.037456
0.824052 0.039894
0.811586 0.042396
0.798792 0.044957
0.785685 0.047575
0.772277 0.050249
0.758582 0.052975
0.744613 0.055749
0.730385 0.058564
0.715909 0.061417
0.701202 0.064298
0.686275 0.067201
0.671144 0.070116
0.655822 0.073037
0.640325 0.075957
0.624667 0.078867
0.608863 0.081759
0.592927 0.084621
0.576875 0.087444
0.560720 0.090216
0.544479 0.092924
0.528167 0.095555
0.511797 0.098097
0.495387 0.100536
0.478951 0.102858
0.462506 0.105047
0.446067 0.107089
0.429650 0.108967
0.413272 0.110661
0.396948 0.112148
0.380697 0.113405
0.364535 0.114399
0.348482 0.115092
0.332558 0.115449
0.316786 0.115463
0.301190 0.115132
0.285793 0.114464
0.270617 0.113474
0.255684 0.112180
0.241014 0.110598
0.226627 0.108740
0.212543 0.106621
0.198780 0.104254
0.185355 0.101659
0.172285 0.098850
0.159588 0.095842
0.147278 0.092650
0.135373 0.089285
0.123888 0.085757
0.112840 0.082076
0.102243 0.078256
0.092112 0.074311
0.082459 0.070259
0.073300 0.066112
0.064649 0.061883
0.056516 0.057588
0.048915 0.053246
0.041854 0.048877
0.035345 0.044503
0.029399 0.040142
0.024019 0.035821
0.019214 0.031567
0.014985 0.027413
0.011323 0.023394
0.008232 0.019547
0.005701 0.015912
0.003696 0.012537
0.002203 0.009475
0.001177 0.006781
0.000536 0.004507
0.000183 0.002701
0.000044 0.001393
0.000012 0.000603
0.000010 0.000340
0.000011 0.000083
0.000043 -0.000686
0.000255 -0.001951
0.000925 -0.003611
0.002148 -0.005561
0.003949 -0.007718
0.006308 -0.010048
0.009229 -0.012503
0.012714 -0.015043
0.016775 -0.017626
0.021399 -0.020232
0.026554 -0.022858
0.032229 -0.025489
0.038423 -0.028105
0.045126 -0.030699
0.052331 -0.033259
0.060026 -0.035775
0.068198 -0.038244
0.076833 -0.040660
0.085923 -0.043016
0.095454 -0.045308
0.105416 -0.047534
0.115796 -0.049686
0.126582 -0.051760
0.137761 -0.053750
0.149322 -0.055648
0.161251 -0.057444
0.173535 -0.059132
0.186162 -0.060703
0.199117 -0.062150
0.212385 -0.063460
0.225954 -0.064619
0.239807 -0.065609
0.253929 -0.066412
0.268305 -0.067003
0.282918 -0.067359
0.297747 -0.067460
0.312775 -0.067288
0.327979 -0.066828
0.343341 -0.066081
0.358840 -0.065059
0.374456 -0.063777
0.390172 -0.062248
0.405969 -0.060487
0.421829 -0.058510
0.437739 -0.056346
0.453686 -0.054033
0.469657 -0.051608
0.485640 -0.049102
0.501622 -0.046535
0.517589 -0.043929
0.533528 -0.041303
0.549424 -0.038670
0.565264 -0.036045
0.581034 -0.033443
0.596719 -0.030873
0.612304 -0.028348
0.627776 -0.025877
0.643119 -0.023470
0.658319 -0.021135
0.673361 -0.018881
0.688231 -0.016715
0.702914 -0.014642
0.717395 -0.012668
0.731660 -0.010796
0.745694 -0.009029
0.759483 -0.007373
0.773012 -0.005828
0.786268 -0.004398
0.799236 -0.003083
0.811903 -0.001885
0.824256 -0.000805
0.836281 0.000159
0.847965 0.001008
0.859296 0.001745
0.870261 0.002374
0.880848 0.002899
0.891046 0.003321
0.900844 0.003643
0.910230 0.003869
0.919195 0.004005
0.927730 0.004057
0.935823 0.004031
0.943467 0.003936
0.950654 0.003778
0.957375 0.003561
0.963623 0.003295
0.969392 0.002989
0.974675 0.002652
0.979468 0.002294
0.983767 0.001929
0.987566 0.001567
0.990863 0.001215
0.993654 0.000883
0.995938 0.000585
0.997715 0.000335
0.998984 0.000150
0.999746 0.000038
1.000000 -0.000000