e557
1.000000 0.000000
0.999759 0.000104
0.999037 0.000415
0.997835 0.000936
0.996156 0.001671
0.994007 0.002627
0.991388 0.003801
0.988292 0.005171
0.984706 0.006697
0.980618 0.008341
0.976023 0.010070
0.970918 0.011848
0.965302 0.013655
0.959185 0.015496
0.952583 0.017390
0.945510 0.019355
0.937973 0.021389
0.929980 0.023490
0.921539 0.025658
0.912659 0.027890
0.903349 0.030185
0.893619 0.032539
0.883478 0.034950
0.872937 0.037413
0.862006 0.039925
0.850696 0.042481
0.839018 0.045078
0.826984 0.047711
0.814604 0.050375
0.801892 0.053064
0.788859 0.055771
0.775518 0.058490
0.761881 0.061212
0.747961 0.063931
0.733773 0.066638
0.719328 0.069328
0.704642 0.071992
0.689729 0.074623
0.674604 0.077213
0.659279 0.079751
0.643771 0.082227
0.628094 0.084634
0.612264 0.086964
0.596297 0.089210
0.580209 0.091361
0.564015 0.093407
0.547732 0.095339
0.531376 0.097146
0.514964 0.098823
0.498514 0.100361
0.482042 0.101754
0.465566 0.102992
0.449104 0.104070
0.432674 0.104979
0.416293 0.105714
0.399979 0.106267
0.383751 0.106631
0.367628 0.106801
0.351627 0.106773
0.335767 0.106543
0.320068 0.106114
0.304546 0.105480
0.289223 0.104638
0.274116 0.103582
0.259243 0.102311
0.244625 0.100829
0.230278 0.099142
0.216220 0.097256
0.202469 0.095180
0.189041 0.092922
0.175953 0.090490
0.163221 0.087892
0.150860 0.085136
0.138888 0.082228
0.127319 0.079175
0.116170 0.075983
0.105457 0.072659
0.095194 0.069211
0.085397 0.065648
0.076080 0.061982
0.067255 0.058225
0.058939 0.054389
0.051145 0.050484
0.043884 0.046529
0.037172 0.042537
0.031016 0.038530
0.025426 0.034531
0.020416 0.030565
0.015988 0.026664
0.012142 0.022859
0.008880 0.019182
0.006179 0.015678
0.004036 0.012401
0.002437 0.009410
0.001323 0.006763
0.000614 0.004519
0.000228 0.002728
0.000059 0.001428
0.000013 0.000642
0.000010 0.000380
0.000012 0.000124
0.000046 -0.000644
0.000265 -0.001903
0.000980 -0.003539
0.002262 -0.005444
0.004122 -0.007541
0.006561 -0.009774
0.009579 -0.012093
0.013189 -0.014450
0.017375 -0.016818
0.022101 -0.019189
0.027363 -0.021539
0.033155 -0.023854
0.039464 -0.026132
0.046281 -0.028359
0.053594 -0.030529
0.061387 -0.032641
0.069650 -0.034689
0.078371 -0.036671
0.087538 -0.038587
0.097140 -0.040435
0.107165 -0.042212
0.117599 -0.043917
0.128433 -0.045543
0.139653 -0.047082
0.151248 -0.048528
0.163205 -0.049872
0.175512 -0.051107
0.188153 -0.052227
0.201117 -0.053219
0.214388 -0.054068
0.227953 -0.054759
0.241797 -0.055268
0.255902 -0.055569
0.270253 -0.055634
0.284830 -0.055451
0.299615 -0.055011
0.314588 -0.054309
0.329730 -0.053349
0.345022 -0.052140
0.360446 -0.050692
0.375984 -0.049021
0.391620 -0.047144
0.407339 -0.045080
0.423125 -0.042859
0.438967 -0.040513
0.454853 -0.038077
0.470770 -0.035579
0.486706 -0.033039
0.502646 -0.030479
0.518577 -0.027916
0.534486 -0.025363
0.550357 -0.022835
0.566176 -0.020341
0.581929 -0.017894
0.597600 -0.015503
0.613176 -0.013180
0.628641 -0.010932
0.643980 -0.008770
0.659178 -0.006702
0.674221 -0.004735
0.689094 -0.002875
0.703780 -0.001125
0.718266 0.000510
0.732535 0.002030
0.746574 0.003428
0.760367 0.004704
0.773900 0.005855
0.787159 0.006879
0.800129 0.007776
0.812797 0.008546
0.825148 0.009190
0.837169 0.009710
0.848847 0.010110
0.860169 0.010393
0.871122 0.010564
0.881695 0.010627
0.891876 0.010583
0.901653 0.010437
0.911015 0.010195
0.919952 0.009860
0.928454 0.009439
0.936512 0.008939
0.944116 0.008370
0.951259 0.007740
0.957931 0.007057
0.964127 0.006334
0.969840 0.005585
0.975066 0.004826
0.979801 0.004073
0.984041 0.003344
0.987785 0.002654
0.991030 0.002015
0.993773 0.001438
0.996016 0.000940
0.997759 0.000535
0.999004 0.000239
0.999751 0.000060
1.000000 -0.000000