e559
1.000000 0.000000
0.999749 0.000083
0.998996 0.000333
0.997744 0.000752
0.995997 0.001351
0.993765 0.002151
0.991055 0.003164
0.987870 0.004391
0.984208 0.005816
0.980066 0.007416
0.975439 0.009170
0.970320 0.011037
0.964699 0.012981
0.958578 0.014978
0.951960 0.017010
0.944851 0.019062
0.937259 0.021136
0.929197 0.023242
0.920680 0.025398
0.911719 0.027607
0.902322 0.029869
0.892500 0.032187
0.882265 0.034560
0.871626 0.036985
0.860594 0.039459
0.849180 0.041980
0.837397 0.044546
0.825255 0.047154
0.812768 0.049801
0.799948 0.052484
0.786807 0.055198
0.773359 0.057939
0.759616 0.060702
0.745592 0.063479
0.731300 0.066265
0.716754 0.069053
0.701968 0.071838
0.686958 0.074614
0.671737 0.077374
0.656319 0.080109
0.640720 0.082810
0.624955 0.085469
0.609038 0.088078
0.592986 0.090630
0.576814 0.093117
0.560538 0.095528
0.544173 0.097853
0.527736 0.100082
0.511242 0.102204
0.494709 0.104210
0.478152 0.106088
0.461588 0.107829
0.445035 0.109422
0.428509 0.110857
0.412028 0.112122
0.395609 0.113205
0.379271 0.114095
0.363031 0.114782
0.346909 0.115256
0.330921 0.115501
0.315090 0.115505
0.299432 0.115253
0.283970 0.114734
0.268725 0.113937
0.253716 0.112855
0.238968 0.111485
0.224500 0.109826
0.210334 0.107880
0.196494 0.105648
0.182998 0.103137
0.169868 0.100364
0.157119 0.097350
0.144770 0.094112
0.132838 0.090666
0.121338 0.087028
0.110287 0.083213
0.099701 0.079237
0.089594 0.075119
0.079980 0.070874
0.070873 0.066522
0.062283 0.062083
0.054228 0.057573
0.046716 0.053014
0.039758 0.048427
0.033363 0.043833
0.027534 0.039261
0.022293 0.034732
0.017648 0.030275
0.013594 0.025927
0.010110 0.021729
0.007163 0.017729
0.004762 0.013966
0.002947 0.010473
0.001690 0.007297
0.000904 0.004498
0.000463 0.002154
0.000250 0.000310
0.000170 -0.001012
0.000151 -0.001806
0.000150 -0.002070
0.000155 -0.002325
0.000220 -0.003082
0.000491 -0.004313
0.001160 -0.005973
0.002401 -0.007990
0.004276 -0.010269
0.006676 -0.012687
0.009576 -0.015162
0.013011 -0.017665
0.017005 -0.020223
0.021572 -0.022848
0.026710 -0.025487
0.032396 -0.028087
0.038609 -0.030604
0.045345 -0.033020
0.052597 -0.035334
0.060352 -0.037537
0.068600 -0.039608
0.077324 -0.041532
0.086510 -0.043296
0.096144 -0.044889
0.106211 -0.046306
0.116698 -0.047541
0.127589 -0.048581
0.138868 -0.049418
0.150520 -0.050048
0.162529 -0.050467
0.174878 -0.050677
0.187552 -0.050678
0.200533 -0.050473
0.213807 -0.050065
0.227356 -0.049460
0.241166 -0.048668
0.255222 -0.047700
0.269507 -0.046569
0.284007 -0.045282
0.298707 -0.043851
0.313592 -0.042290
0.328648 -0.040612
0.343861 -0.038834
0.359217 -0.036973
0.374703 -0.035048
0.390304 -0.033078
0.406008 -0.031083
0.421800 -0.029077
0.437666 -0.027070
0.453590 -0.025073
0.469556 -0.023095
0.485551 -0.021143
0.501558 -0.019222
0.517561 -0.017340
0.533545 -0.015501
0.549493 -0.013711
0.565390 -0.011974
0.581220 -0.010295
0.596968 -0.008678
0.612616 -0.007126
0.628151 -0.005641
0.643554 -0.004228
0.658812 -0.002888
0.673909 -0.001623
0.688828 -0.000436
0.703556 0.000672
0.718076 0.001699
0.732375 0.002644
0.746436 0.003507
0.760246 0.004287
0.773791 0.004986
0.787055 0.005604
0.800026 0.006142
0.812691 0.006599
0.825035 0.006977
0.837046 0.007276
0.848712 0.007497
0.860020 0.007643
0.870959 0.007716
0.881516 0.007718
0.891682 0.007652
0.901444 0.007521
0.910794 0.007330
0.919721 0.007082
0.928215 0.006777
0.936269 0.006419
0.943872 0.006012
0.951017 0.005563
0.957697 0.005077
0.963904 0.004564
0.969634 0.004033
0.974879 0.003494
0.979636 0.002958
0.983900 0.002435
0.987669 0.001937
0.990938 0.001474
0.993706 0.001054
0.995971 0.000690
0.997733 0.000393
0.998992 0.000175
0.999748 0.000044
1.000000 -0.000000