e585
1.000000 0.000000
0.999747 0.000072
0.998989 0.000288
0.997727 0.000651
0.995965 0.001166
0.993708 0.001849
0.990961 0.002706
0.987729 0.003742
0.984014 0.004950
0.979818 0.006321
0.975141 0.007848
0.969984 0.009513
0.964348 0.011300
0.958234 0.013197
0.951647 0.015193
0.944590 0.017277
0.937072 0.019446
0.929101 0.021704
0.920689 0.024057
0.911845 0.026509
0.902578 0.029057
0.892898 0.031698
0.882814 0.034430
0.872336 0.037248
0.861474 0.040147
0.850239 0.043122
0.838642 0.046169
0.826693 0.049282
0.814404 0.052457
0.801787 0.055686
0.788853 0.058962
0.775614 0.062277
0.762083 0.065621
0.748272 0.068986
0.734192 0.072363
0.719858 0.075738
0.705280 0.079098
0.690470 0.082425
0.675440 0.085700
0.660203 0.088897
0.644768 0.091991
0.629149 0.094956
0.613360 0.097772
0.597416 0.100416
0.581333 0.102875
0.565129 0.105139
0.548822 0.107200
0.532432 0.109053
0.515978 0.110692
0.499478 0.112112
0.482951 0.113306
0.466418 0.114270
0.449898 0.115000
0.433412 0.115502
0.416978 0.115787
0.400617 0.115866
0.384347 0.115735
0.368189 0.115387
0.352161 0.114823
0.336281 0.114052
0.320569 0.113084
0.305042 0.111925
0.289719 0.110572
0.274618 0.109029
0.259758 0.107297
0.245155 0.105384
0.230827 0.103296
0.216791 0.101037
0.203065 0.098610
0.189665 0.096021
0.176608 0.093272
0.163910 0.090370
0.151588 0.087322
0.139657 0.084135
0.128133 0.080817
0.117030 0.077378
0.106363 0.073824
0.096146 0.070166
0.086394 0.066413
0.077122 0.062575
0.068340 0.058664
0.060064 0.054693
0.052303 0.050678
0.045068 0.046638
0.038370 0.042587
0.032218 0.038546
0.026618 0.034537
0.021578 0.030586
0.017096 0.026723
0.013178 0.022974
0.009822 0.019368
0.007013 0.015945
0.004748 0.012751
0.003004 0.009836
0.001726 0.007252
0.000879 0.005052
0.000389 0.003284
0.000115 0.001995
0.000018 0.001212
0.000010 0.000950
0.000008 0.000696
-0.000002 -0.000066
0.000116 -0.001326
0.000807 -0.002943
0.002417 -0.004548
0.004702 -0.006126
0.007586 -0.007683
0.011032 -0.009221
0.015028 -0.010717
0.019556 -0.012158
0.024612 -0.013522
0.030181 -0.014813
0.036242 -0.016046
0.042786 -0.017216
0.049805 -0.018321
0.057289 -0.019367
0.065229 -0.020353
0.073616 -0.021278
0.082437 -0.022146
0.091683 -0.022960
0.101344 -0.023720
0.111408 -0.024432
0.121865 -0.025100
0.132704 -0.025724
0.143914 -0.026309
0.155481 -0.026856
0.167395 -0.027366
0.179644 -0.027837
0.192214 -0.028268
0.205093 -0.028660
0.218268 -0.029016
0.231725 -0.029335
0.245451 -0.029622
0.259431 -0.029875
0.273651 -0.030093
0.288098 -0.030277
0.302756 -0.030425
0.317610 -0.030538
0.332646 -0.030616
0.347848 -0.030659
0.363201 -0.030664
0.378689 -0.030631
0.394296 -0.030557
0.410008 -0.030442
0.425807 -0.030285
0.441678 -0.030083
0.457604 -0.029835
0.473570 -0.029538
0.489560 -0.029189
0.505555 -0.028783
0.521541 -0.028315
0.537501 -0.027777
0.553418 -0.027162
0.569275 -0.026452
0.585054 -0.025633
0.600738 -0.024692
0.616310 -0.023629
0.631753 -0.022444
0.647050 -0.021141
0.662187 -0.019731
0.677148 -0.018227
0.691919 -0.016644
0.706484 -0.014998
0.720833 -0.013310
0.734953 -0.011601
0.748830 -0.009890
0.762455 -0.008208
0.775817 -0.006581
0.788906 -0.005034
0.801709 -0.003582
0.814214 -0.002235
0.826410 -0.000999
0.838282 0.000120
0.849820 0.001120
0.861010 0.001999
0.871840 0.002759
0.882300 0.003400
0.892376 0.003924
0.902058 0.004332
0.911336 0.004629
0.920198 0.004818
0.928634 0.004900
0.936635 0.004880
0.944192 0.004766
0.951295 0.004566
0.957937 0.004290
0.964110 0.003952
0.969808 0.003564
0.975025 0.003141
0.979755 0.002695
0.983995 0.002242
0.987742 0.001797
0.990992 0.001373
0.993743 0.000985
0.995995 0.000645
0.997746 0.000367
0.998998 0.000164
0.999749 0.000041
1.000000 0.000000