e59
1.000000 0.000000
0.999759 0.000091
0.999036 0.000365
0.997832 0.000820
0.996148 0.001458
0.993985 0.002275
0.991346 0.003270
0.988233 0.004442
0.984646 0.005784
0.980590 0.007292
0.976065 0.008957
0.971073 0.010768
0.965614 0.012711
0.959691 0.014770
0.953301 0.016920
0.946443 0.019138
0.939118 0.021400
0.931332 0.023696
0.923090 0.026014
0.914401 0.028347
0.905274 0.030690
0.895722 0.033041
0.885754 0.035396
0.875381 0.037743
0.864611 0.040074
0.853454 0.042377
0.841922 0.044646
0.830025 0.046870
0.817777 0.049044
0.805189 0.051161
0.792276 0.053215
0.779051 0.055202
0.765528 0.057120
0.751720 0.058966
0.737642 0.060739
0.723310 0.062439
0.708738 0.064068
0.693942 0.065627
0.678938 0.067113
0.663742 0.068510
0.648369 0.069806
0.632834 0.070984
0.617154 0.072031
0.601345 0.072931
0.585423 0.073675
0.569405 0.074280
0.553309 0.074776
0.537151 0.075190
0.520950 0.075554
0.504721 0.075899
0.488485 0.076251
0.472256 0.076596
0.456052 0.076893
0.439890 0.077103
0.423787 0.077187
0.407759 0.077108
0.391823 0.076832
0.375995 0.076356
0.360293 0.075707
0.344732 0.074914
0.329330 0.074002
0.314101 0.073000
0.299063 0.071932
0.284230 0.070816
0.269617 0.069657
0.255237 0.068454
0.241104 0.067207
0.227235 0.065902
0.213647 0.064519
0.200355 0.063041
0.187377 0.061457
0.174727 0.059766
0.162419 0.057971
0.150466 0.056077
0.138882 0.054088
0.127683 0.052002
0.116884 0.049815
0.106499 0.047530
0.096540 0.045152
0.087011 0.042717
0.077913 0.040290
0.069244 0.037921
0.061024 0.035559
0.053275 0.033120
0.046013 0.030553
0.039251 0.027925
0.032996 0.025358
0.027251 0.022947
0.022011 0.020738
0.017238 0.018571
0.012883 0.016229
0.008974 0.013659
0.005746 0.011000
0.003330 0.008414
0.001700 0.006032
0.000728 0.003957
0.000238 0.002267
0.000048 0.001020
0.000003 0.000257
0.000000 0.000000
0.000007 -0.000249
0.000109 -0.000952
0.000530 -0.001983
0.001581 -0.003157
0.003563 -0.004275
0.006636 -0.005174
0.010660 -0.005797
0.015036 -0.006264
0.019354 -0.006666
0.023780 -0.006952
0.028706 -0.007060
0.034306 -0.006961
0.040537 -0.006662
0.047309 -0.006203
0.054486 -0.005651
0.062011 -0.005049
0.069914 -0.004408
0.078249 -0.003744
0.087047 -0.003056
0.096282 -0.002313
0.105919 -0.001478
0.115936 -0.000534
0.126325 0.000507
0.137082 0.001628
0.148199 0.002808
0.159673 0.004024
0.171494 0.005252
0.183650 0.006470
0.196131 0.007651
0.208925 0.008770
0.222017 0.009833
0.235392 0.010873
0.249033 0.011925
0.262925 0.013022
0.277053 0.014159
0.291405 0.015315
0.305969 0.016469
0.320730 0.017605
0.335675 0.018717
0.350787 0.019800
0.366052 0.020848
0.381455 0.021856
0.396980 0.022819
0.412611 0.023732
0.428333 0.024597
0.444130 0.025416
0.459985 0.026194
0.475883 0.026936
0.491808 0.027646
0.507742 0.028328
0.523670 0.028976
0.539576 0.029569
0.555444 0.030089
0.571257 0.030517
0.586999 0.030833
0.602654 0.031022
0.618207 0.031078
0.633641 0.031021
0.648940 0.030874
0.664091 0.030660
0.679076 0.030402
0.693881 0.030120
0.708491 0.029832
0.722890 0.029537
0.737063 0.029217
0.750996 0.028859
0.764672 0.028447
0.778077 0.027971
0.791198 0.027422
0.804021 0.026792
0.816532 0.026080
0.828720 0.025297
0.840572 0.024450
0.852078 0.023550
0.863226 0.022605
0.874005 0.021625
0.884405 0.020619
0.894415 0.019595
0.904027 0.018560
0.913227 0.017508
0.921999 0.016417
0.930332 0.015273
0.938212 0.014071
0.945632 0.012809
0.952585 0.011496
0.959066 0.010154
0.965077 0.008819
0.970618 0.007524
0.975687 0.006291
0.980282 0.005142
0.984402 0.004090
0.988045 0.003147
0.991208 0.002320
0.993890 0.001615
0.996086 0.001035
0.997797 0.000583
0.999021 0.000259
0.999755 0.000065
1.000000 0.000000