e637
1.000000 -0.000000
0.999740 0.000020
0.998961 0.000081
0.997663 0.000186
0.995849 0.000348
0.993523 0.000588
0.990690 0.000925
0.987354 0.001365
0.983517 0.001904
0.979183 0.002530
0.974357 0.003239
0.969041 0.004019
0.963237 0.004853
0.956950 0.005732
0.950187 0.006649
0.942953 0.007597
0.935255 0.008575
0.927103 0.009589
0.918506 0.010650
0.909474 0.011770
0.900018 0.012954
0.890147 0.014206
0.879872 0.015531
0.869204 0.016932
0.858155 0.018409
0.846735 0.019962
0.834956 0.021591
0.822831 0.023296
0.810372 0.025079
0.797591 0.026938
0.784503 0.028873
0.771120 0.030881
0.757455 0.032959
0.743523 0.035104
0.729337 0.037313
0.714911 0.039583
0.700259 0.041910
0.685397 0.044288
0.670338 0.046712
0.655096 0.049175
0.639688 0.051672
0.624127 0.054196
0.608429 0.056743
0.592608 0.059303
0.576681 0.061867
0.560660 0.064425
0.544561 0.066965
0.528400 0.069477
0.512191 0.071952
0.495949 0.074378
0.479691 0.076745
0.463430 0.079041
0.447183 0.081254
0.430965 0.083370
0.414791 0.085376
0.398677 0.087257
0.382638 0.088999
0.366690 0.090586
0.350850 0.092005
0.335133 0.093236
0.319556 0.094260
0.304136 0.095059
0.288892 0.095603
0.273841 0.095862
0.259005 0.095815
0.244404 0.095452
0.230061 0.094772
0.215997 0.093774
0.202236 0.092463
0.188798 0.090847
0.175704 0.088935
0.162975 0.086737
0.150632 0.084270
0.138689 0.081557
0.127163 0.078625
0.116069 0.075498
0.105419 0.072197
0.095226 0.068744
0.085505 0.065156
0.076270 0.061449
0.067532 0.057639
0.059306 0.053741
0.051602 0.049771
0.044432 0.045751
0.037809 0.041707
0.031738 0.037666
0.026222 0.033646
0.021257 0.029669
0.016848 0.025765
0.013031 0.021974
0.009813 0.018343
0.007149 0.014913
0.004948 0.011721
0.003138 0.008813
0.001717 0.006240
0.000772 0.004057
0.000261 0.002310
0.000054 0.001036
0.000003 0.000260
0.000000 0.000000
0.000001 -0.000255
0.000011 -0.001034
0.000076 -0.002354
0.000334 -0.004168
0.001103 -0.006259
0.002907 -0.008177
0.005915 -0.009696
0.009770 -0.010912
0.013989 -0.012018
0.018561 -0.013015
0.023591 -0.013914
0.029191 -0.014740
0.035349 -0.015489
0.042014 -0.016166
0.049122 -0.016782
0.056655 -0.017342
0.064621 -0.017850
0.073028 -0.018320
0.081876 -0.018759
0.091152 -0.019175
0.100839 -0.019575
0.110922 -0.019969
0.121391 -0.020360
0.132237 -0.020750
0.143451 -0.021143
0.155023 -0.021539
0.166940 -0.021939
0.179190 -0.022341
0.191760 -0.022746
0.204636 -0.023152
0.217808 -0.023557
0.231261 -0.023960
0.244981 -0.024358
0.258957 -0.024745
0.273172 -0.025119
0.287613 -0.025475
0.302266 -0.025813
0.317115 -0.026131
0.332146 -0.026427
0.347343 -0.026701
0.362692 -0.026949
0.378176 -0.027171
0.393781 -0.027366
0.409490 -0.027534
0.425287 -0.027675
0.441156 -0.027788
0.457082 -0.027871
0.473049 -0.027922
0.489039 -0.027940
0.505038 -0.027925
0.521029 -0.027879
0.536995 -0.027803
0.552921 -0.027696
0.568790 -0.027555
0.584587 -0.027379
0.600295 -0.027167
0.615899 -0.026918
0.631382 -0.026634
0.646730 -0.026316
0.661926 -0.025957
0.676954 -0.025554
0.691800 -0.025103
0.706448 -0.024604
0.720883 -0.024059
0.735092 -0.023474
0.749058 -0.022849
0.762769 -0.022183
0.776209 -0.021477
0.789366 -0.020731
0.802226 -0.019951
0.814776 -0.019142
0.827003 -0.018308
0.838896 -0.017452
0.850441 -0.016576
0.861628 -0.015681
0.872445 -0.014772
0.882882 -0.013854
0.892928 -0.012931
0.902573 -0.012011
0.911808 -0.011096
0.920624 -0.010193
0.929012 -0.009305
0.936963 -0.008427
0.944469 -0.007556
0.951520 -0.006690
0.958111 -0.005833
0.964235 -0.004992
0.969886 -0.004173
0.975059 -0.003391
0.979755 -0.002671
0.983970 -0.002034
0.987703 -0.001488
0.990949 -0.001038
0.993704 -0.000685
0.995966 -0.000419
0.997729 -0.000230
0.998990 -0.000101
0.999747 -0.000025
1.000000 0.000000