e657
1.000000 0.000000
0.999744 0.000066
0.998976 0.000265
0.997698 0.000599
0.995913 0.001077
0.993629 0.001717
0.990851 0.002530
0.987584 0.003522
0.983830 0.004686
0.979591 0.006013
0.974869 0.007495
0.969665 0.009119
0.963979 0.010866
0.957814 0.012729
0.951175 0.014700
0.944069 0.016772
0.936503 0.018946
0.928487 0.021227
0.920032 0.023624
0.911149 0.026145
0.901850 0.028792
0.892143 0.031564
0.882041 0.034464
0.871553 0.037490
0.860690 0.040639
0.849463 0.043909
0.837885 0.047295
0.825965 0.050793
0.813714 0.054396
0.801146 0.058098
0.788269 0.061889
0.775096 0.065758
0.761637 0.069694
0.747903 0.073683
0.733905 0.077712
0.719653 0.081762
0.705156 0.085807
0.690422 0.089818
0.675456 0.093758
0.660263 0.097575
0.644848 0.101206
0.629217 0.104598
0.613386 0.107723
0.597374 0.110559
0.581202 0.113094
0.564895 0.115337
0.548475 0.117300
0.531967 0.118993
0.515393 0.120425
0.498773 0.121603
0.482129 0.122538
0.465483 0.123239
0.448853 0.123716
0.432261 0.123972
0.415726 0.124011
0.399266 0.123838
0.382902 0.123455
0.366653 0.122866
0.350537 0.122075
0.334573 0.121083
0.318781 0.119891
0.303178 0.118504
0.287783 0.116926
0.272614 0.115161
0.257689 0.113212
0.243027 0.111080
0.228644 0.108768
0.214559 0.106283
0.200788 0.103632
0.187348 0.100820
0.174257 0.097852
0.161530 0.094731
0.149185 0.091462
0.137238 0.088052
0.125705 0.084510
0.114600 0.080843
0.103940 0.077061
0.093737 0.073174
0.084009 0.069191
0.074769 0.065121
0.066030 0.060978
0.057806 0.056775
0.050108 0.052530
0.042948 0.048259
0.036340 0.043975
0.030290 0.039702
0.024810 0.035462
0.019907 0.031282
0.015579 0.027196
0.011830 0.023232
0.008648 0.019426
0.006021 0.015824
0.003952 0.012474
0.002403 0.009429
0.001314 0.006744
0.000619 0.004475
0.000233 0.002667
0.000060 0.001356
0.000013 0.000564
0.000010 0.000300
0.000010 0.000046
0.000022 -0.000717
0.000168 -0.001977
0.000738 -0.003650
0.002154 -0.005432
0.004274 -0.007231
0.007012 -0.009039
0.010328 -0.010850
0.014210 -0.012630
0.018644 -0.014357
0.023623 -0.016007
0.029130 -0.017578
0.035138 -0.019084
0.041638 -0.020518
0.048622 -0.021873
0.056080 -0.023153
0.064000 -0.024354
0.072374 -0.025475
0.081189 -0.026517
0.090432 -0.027483
0.100095 -0.028372
0.110164 -0.029187
0.120630 -0.029931
0.131480 -0.030603
0.142703 -0.031206
0.154286 -0.031740
0.166217 -0.032207
0.178484 -0.032609
0.191073 -0.032948
0.203971 -0.033226
0.217166 -0.033445
0.230643 -0.033607
0.244389 -0.033716
0.258389 -0.033772
0.272629 -0.033777
0.287095 -0.033734
0.301772 -0.033643
0.316645 -0.033505
0.331699 -0.033319
0.346919 -0.033087
0.362289 -0.032811
0.377793 -0.032493
0.393417 -0.032134
0.409144 -0.031735
0.424958 -0.031296
0.440843 -0.030818
0.456783 -0.030296
0.472762 -0.029729
0.488763 -0.029113
0.504771 -0.028450
0.520769 -0.027741
0.536740 -0.026988
0.552669 -0.026192
0.568539 -0.025347
0.584334 -0.024451
0.600037 -0.023504
0.615633 -0.022513
0.631107 -0.021488
0.646444 -0.020435
0.661626 -0.019335
0.676635 -0.018159
0.691453 -0.016882
0.706066 -0.015528
0.720469 -0.014170
0.734652 -0.012881
0.748605 -0.011691
0.762303 -0.010506
0.775719 -0.009218
0.788828 -0.007733
0.801615 -0.006025
0.814087 -0.004270
0.826254 -0.002663
0.838118 -0.001325
0.849660 -0.000212
0.860861 0.000744
0.871700 0.001599
0.882164 0.002373
0.892244 0.003048
0.901930 0.003607
0.911213 0.004041
0.920083 0.004348
0.928529 0.004532
0.936540 0.004600
0.944108 0.004562
0.951222 0.004424
0.957875 0.004195
0.964057 0.003888
0.969763 0.003516
0.974987 0.003100
0.979724 0.002659
0.983971 0.002212
0.987723 0.001775
0.990978 0.001360
0.993734 0.000978
0.995989 0.000643
0.997743 0.000366
0.998997 0.000164
0.999749 0.000041
1.000000 -0.000000