e67
1.000000 0.000000
0.999750 0.000071
0.999002 0.000283
0.997755 0.000639
0.996016 0.001147
0.993788 0.001821
0.991079 0.002672
0.987891 0.003700
0.984226 0.004897
0.980084 0.006252
0.975465 0.007749
0.970367 0.009367
0.964788 0.011081
0.958730 0.012877
0.952198 0.014744
0.945197 0.016673
0.937734 0.018662
0.929819 0.020712
0.921461 0.022832
0.912671 0.025020
0.903456 0.027273
0.893827 0.029587
0.883791 0.031957
0.873359 0.034378
0.862541 0.036844
0.851346 0.039346
0.839784 0.041878
0.827866 0.044430
0.815604 0.046993
0.803008 0.049557
0.790089 0.052111
0.776860 0.054646
0.763333 0.057155
0.749522 0.059632
0.735441 0.062071
0.721103 0.064461
0.706523 0.066793
0.691713 0.069057
0.676690 0.071247
0.661468 0.073359
0.646064 0.075388
0.630493 0.077327
0.614771 0.079167
0.598914 0.080898
0.582937 0.082517
0.566859 0.084018
0.550696 0.085398
0.534465 0.086653
0.518183 0.087778
0.501867 0.088767
0.485536 0.089617
0.469205 0.090323
0.452894 0.090883
0.436620 0.091295
0.420400 0.091558
0.404252 0.091672
0.388194 0.091634
0.372243 0.091442
0.356417 0.091094
0.340734 0.090591
0.325210 0.089936
0.309864 0.089132
0.294711 0.088180
0.279770 0.087079
0.265056 0.085833
0.250587 0.084443
0.236378 0.082911
0.222446 0.081243
0.208807 0.079440
0.195476 0.077509
0.182467 0.075453
0.169798 0.073274
0.157482 0.070978
0.145535 0.068567
0.133970 0.066048
0.122801 0.063425
0.112042 0.060705
0.101708 0.057892
0.091811 0.054993
0.082365 0.052015
0.073382 0.048964
0.064873 0.045849
0.056853 0.042680
0.049333 0.039465
0.042324 0.036219
0.035836 0.032952
0.029877 0.029680
0.024456 0.026421
0.019592 0.023191
0.015289 0.020014
0.011546 0.016921
0.008358 0.013943
0.005701 0.011124
0.003581 0.008504
0.002026 0.006118
0.000980 0.004027
0.000355 0.002305
0.000076 0.001033
0.000005 0.000259
0.000000 -0.000000
0.000005 -0.000254
0.000073 -0.001017
0.000359 -0.002264
0.001077 -0.003879
0.002442 -0.005688
0.004568 -0.007569
0.007365 -0.009465
0.010670 -0.011357
0.014492 -0.013196
0.018864 -0.014969
0.023804 -0.016676
0.029299 -0.018294
0.035314 -0.019819
0.041814 -0.021250
0.048795 -0.022576
0.056250 -0.023796
0.064175 -0.024913
0.072556 -0.025922
0.081380 -0.026826
0.090631 -0.027628
0.100300 -0.028328
0.110376 -0.028924
0.120846 -0.029421
0.131700 -0.029819
0.142925 -0.030120
0.154509 -0.030331
0.166438 -0.030452
0.178700 -0.030487
0.191282 -0.030439
0.204171 -0.030311
0.217355 -0.030106
0.230818 -0.029826
0.244547 -0.029475
0.258528 -0.029057
0.272748 -0.028573
0.287190 -0.028027
0.301842 -0.027422
0.316688 -0.026761
0.331712 -0.026048
0.346901 -0.025283
0.362238 -0.024471
0.377708 -0.023613
0.393296 -0.022713
0.408985 -0.021777
0.424762 -0.020810
0.440609 -0.019818
0.456511 -0.018801
0.472452 -0.017765
0.488416 -0.016711
0.504387 -0.015644
0.520350 -0.014569
0.536288 -0.013489
0.552186 -0.012409
0.568027 -0.011332
0.583797 -0.010263
0.599479 -0.009203
0.615057 -0.008158
0.630517 -0.007131
0.645842 -0.006126
0.661019 -0.005147
0.676030 -0.004196
0.690862 -0.003277
0.705499 -0.002392
0.719927 -0.001545
0.734132 -0.000738
0.748099 0.000026
0.761814 0.000743
0.775263 0.001412
0.788433 0.002030
0.801311 0.002596
0.813882 0.003108
0.826136 0.003565
0.838059 0.003967
0.849638 0.004313
0.860863 0.004602
0.871722 0.004832
0.882203 0.005004
0.892295 0.005116
0.901989 0.005169
0.911274 0.005164
0.920141 0.005101
0.928580 0.004982
0.936581 0.004807
0.944138 0.004579
0.951241 0.004303
0.957883 0.003983
0.964057 0.003625
0.969757 0.003236
0.974976 0.002828
0.979711 0.002410
0.983957 0.001996
0.987709 0.001596
0.990966 0.001220
0.993725 0.000876
0.995983 0.000575
0.997739 0.000328
0.998995 0.000147
0.999749 0.000037
1.000000 0.000000