e682
1.000000 0.000000
0.999743 0.000043
0.998971 0.000174
0.997686 0.000394
0.995891 0.000711
0.993590 0.001143
0.990789 0.001704
0.987493 0.002404
0.983708 0.003248
0.979438 0.004239
0.974689 0.005378
0.969464 0.006663
0.963769 0.008086
0.957607 0.009639
0.950983 0.011317
0.943902 0.013109
0.936369 0.015006
0.928391 0.017004
0.919976 0.019101
0.911132 0.021295
0.901871 0.023588
0.892202 0.025986
0.882138 0.028495
0.871691 0.031122
0.860873 0.033867
0.849696 0.036732
0.838172 0.039717
0.826312 0.042818
0.814127 0.046030
0.801630 0.049346
0.788831 0.052759
0.775744 0.056266
0.762382 0.059859
0.748754 0.063527
0.734870 0.067249
0.720738 0.070999
0.706365 0.074741
0.691748 0.078408
0.676889 0.081930
0.661789 0.085244
0.646461 0.088303
0.630922 0.091066
0.615190 0.093521
0.599292 0.095706
0.583257 0.097661
0.567108 0.099411
0.550866 0.100966
0.534548 0.102335
0.518174 0.103521
0.501764 0.104525
0.485335 0.105347
0.468906 0.105987
0.452496 0.106448
0.436123 0.106730
0.419807 0.106834
0.403564 0.106760
0.387413 0.106509
0.371374 0.106080
0.355463 0.105472
0.339699 0.104687
0.324100 0.103730
0.308684 0.102605
0.293467 0.101316
0.278467 0.099864
0.263702 0.098252
0.249189 0.096483
0.234943 0.094560
0.220982 0.092489
0.207322 0.090273
0.193980 0.087914
0.180971 0.085415
0.168311 0.082782
0.156016 0.080022
0.144099 0.077142
0.132575 0.074150
0.121459 0.071054
0.110762 0.067862
0.100501 0.064579
0.090691 0.061210
0.081345 0.057763
0.072473 0.054249
0.064083 0.050682
0.056187 0.047078
0.048805 0.043448
0.041951 0.039808
0.035625 0.036178
0.029815 0.032574
0.024505 0.029019
0.019733 0.025535
0.015569 0.022136
0.012039 0.018854
0.009066 0.015725
0.006514 0.012794
0.004299 0.010112
0.002469 0.007724
0.001215 0.005666
0.000526 0.003987
0.000244 0.002739
0.000175 0.001970
0.000170 0.001710
0.000171 0.001454
0.000194 0.000679
0.000303 -0.000625
0.000629 -0.002423
0.001415 -0.004566
0.003029 -0.006736
0.005668 -0.008718
0.009205 -0.010524
0.013235 -0.012328
0.017636 -0.014162
0.022482 -0.015977
0.027886 -0.017724
0.033875 -0.019385
0.040404 -0.020966
0.047408 -0.022499
0.054857 -0.023991
0.062754 -0.025432
0.071106 -0.026818
0.079910 -0.028147
0.089154 -0.029420
0.098820 -0.030644
0.108891 -0.031825
0.119358 -0.032963
0.130211 -0.034056
0.141440 -0.035106
0.153033 -0.036111
0.164978 -0.037072
0.177262 -0.037989
0.189870 -0.038862
0.202792 -0.039688
0.216012 -0.040469
0.229519 -0.041204
0.243297 -0.041892
0.257333 -0.042533
0.271611 -0.043129
0.286119 -0.043677
0.300840 -0.044178
0.315760 -0.044631
0.330864 -0.045035
0.346136 -0.045388
0.361560 -0.045690
0.377122 -0.045940
0.392804 -0.046138
0.408592 -0.046284
0.424468 -0.046377
0.440417 -0.046417
0.456423 -0.046405
0.472470 -0.046340
0.488540 -0.046220
0.504618 -0.046041
0.520686 -0.045804
0.536730 -0.045507
0.552732 -0.045153
0.568676 -0.044744
0.584546 -0.044278
0.600325 -0.043748
0.615998 -0.043149
0.631547 -0.042479
0.646956 -0.041735
0.662210 -0.040914
0.677292 -0.040012
0.692186 -0.039013
0.706875 -0.037904
0.721342 -0.036663
0.735564 -0.035248
0.749519 -0.033614
0.763187 -0.031735
0.776552 -0.029640
0.789601 -0.027369
0.802324 -0.024965
0.814719 -0.022496
0.826788 -0.020034
0.838530 -0.017641
0.849940 -0.015356
0.861011 -0.013200
0.871734 -0.011191
0.882099 -0.009339
0.892097 -0.007650
0.901714 -0.006125
0.910942 -0.004763
0.919768 -0.003564
0.928182 -0.002528
0.936174 -0.001653
0.943734 -0.000933
0.950852 -0.000359
0.957518 0.000078
0.963723 0.000390
0.969458 0.000592
0.974717 0.000700
0.979491 0.000731
0.983776 0.000700
0.987567 0.000625
0.990858 0.000520
0.993648 0.000397
0.995933 0.000271
0.997711 0.000158
0.998982 0.000071
0.999746 0.000018
1.000000 0.000000