e817
1.000000 0.000000
0.999751 0.000063
0.999005 0.000252
0.997763 0.000569
0.996029 0.001022
0.993808 0.001626
0.991106 0.002391
0.987925 0.003316
0.984267 0.004393
0.980134 0.005614
0.975527 0.006966
0.970444 0.008429
0.964886 0.009986
0.958856 0.011625
0.952360 0.013340
0.945403 0.015124
0.937993 0.016974
0.930138 0.018895
0.921848 0.020891
0.913133 0.022963
0.904000 0.025109
0.894460 0.027326
0.884522 0.029610
0.874193 0.031953
0.863484 0.034345
0.852402 0.036777
0.840960 0.039241
0.829167 0.041730
0.817033 0.044233
0.804568 0.046731
0.791782 0.049206
0.778684 0.051634
0.765283 0.053986
0.751589 0.056230
0.737614 0.058339
0.723372 0.060297
0.708879 0.062089
0.694152 0.063711
0.679208 0.065174
0.664068 0.066494
0.648748 0.067687
0.633267 0.068758
0.617642 0.069714
0.601889 0.070558
0.586025 0.071291
0.570068 0.071913
0.554033 0.072423
0.537938 0.072824
0.521801 0.073116
0.505637 0.073303
0.489464 0.073385
0.473299 0.073366
0.457160 0.073248
0.441061 0.073030
0.425022 0.072709
0.409058 0.072287
0.393186 0.071766
0.377422 0.071151
0.361783 0.070445
0.346286 0.069649
0.330946 0.068762
0.315780 0.067786
0.300804 0.066722
0.286032 0.065573
0.271481 0.064341
0.257166 0.063029
0.243102 0.061639
0.229303 0.060174
0.215785 0.058637
0.202560 0.057032
0.189644 0.055362
0.177050 0.053629
0.164791 0.051835
0.152881 0.049984
0.141332 0.048078
0.130157 0.046121
0.119368 0.044117
0.108976 0.042070
0.098994 0.039984
0.089431 0.037864
0.080299 0.035715
0.071608 0.033539
0.063368 0.031344
0.055588 0.029132
0.048281 0.026905
0.041456 0.024670
0.035121 0.022432
0.029287 0.020191
0.023959 0.017958
0.019149 0.015738
0.014881 0.013531
0.011162 0.011357
0.007988 0.009244
0.005361 0.007217
0.003293 0.005314
0.001768 0.003591
0.000741 0.002117
0.000189 0.000960
0.000023 0.000206
0.000010 -0.000050
0.000027 -0.000304
0.000232 -0.001043
0.000823 -0.002171
0.001894 -0.003591
0.003483 -0.005234
0.005609 -0.007039
0.008290 -0.008946
0.011522 -0.010914
0.015298 -0.012920
0.019618 -0.014936
0.024475 -0.016942
0.029849 -0.018935
0.035728 -0.020909
0.042105 -0.022851
0.048970 -0.024760
0.056315 -0.026632
0.064129 -0.028457
0.072402 -0.030234
0.081123 -0.031956
0.090283 -0.033613
0.099871 -0.035194
0.109878 -0.036693
0.120293 -0.038100
0.131103 -0.039408
0.142296 -0.040602
0.153862 -0.041662
0.165787 -0.042568
0.178058 -0.043306
0.190660 -0.043872
0.203576 -0.044264
0.216792 -0.044484
0.230292 -0.044541
0.244060 -0.044446
0.258080 -0.044208
0.272338 -0.043831
0.286818 -0.043323
0.301505 -0.042691
0.316383 -0.041937
0.331437 -0.041068
0.346651 -0.040089
0.362010 -0.039009
0.377498 -0.037836
0.393099 -0.036578
0.408799 -0.035242
0.424581 -0.033832
0.440430 -0.032355
0.456330 -0.030820
0.472265 -0.029237
0.488222 -0.027616
0.504183 -0.025963
0.520133 -0.024286
0.536057 -0.022590
0.551939 -0.020882
0.567764 -0.019172
0.583517 -0.017468
0.599183 -0.015779
0.614746 -0.014112
0.630191 -0.012474
0.645504 -0.010870
0.660669 -0.009307
0.675671 -0.007792
0.690496 -0.006330
0.705130 -0.004927
0.719556 -0.003589
0.733763 -0.002320
0.747734 -0.001125
0.761456 -0.000008
0.774915 0.001028
0.788098 0.001981
0.800991 0.002848
0.813580 0.003628
0.825853 0.004318
0.837797 0.004918
0.849400 0.005428
0.860648 0.005848
0.871531 0.006177
0.882037 0.006417
0.892154 0.006571
0.901872 0.006639
0.911180 0.006625
0.920069 0.006533
0.928528 0.006364
0.936548 0.006121
0.944120 0.005808
0.951236 0.005433
0.957889 0.005002
0.964071 0.004525
0.969775 0.004013
0.974996 0.003481
0.979731 0.002944
0.983974 0.002418
0.987724 0.001918
0.990978 0.001454
0.993733 0.001037
0.995988 0.000677
0.997743 0.000385
0.998997 0.000172
0.999749 0.000043
1.000000 -0.000000