e850
1.000000 0.000000
0.999751 0.000052
0.999004 0.000207
0.997761 0.000468
0.996024 0.000843
0.993798 0.001346
0.991089 0.001987
0.987900 0.002767
0.984231 0.003680
0.980086 0.004715
0.975465 0.005853
0.970364 0.007068
0.964784 0.008334
0.958729 0.009642
0.952206 0.010985
0.945220 0.012357
0.937779 0.013759
0.929893 0.015194
0.921570 0.016668
0.912819 0.018181
0.903650 0.019733
0.894072 0.021326
0.884095 0.022951
0.873727 0.024601
0.862977 0.026265
0.851855 0.027931
0.840371 0.029590
0.828536 0.031228
0.816360 0.032835
0.803855 0.034399
0.791033 0.035905
0.777906 0.037346
0.764489 0.038716
0.750795 0.040013
0.736838 0.041234
0.722634 0.042376
0.708197 0.043437
0.693543 0.044417
0.678687 0.045319
0.663644 0.046147
0.648431 0.046905
0.633064 0.047594
0.617558 0.048212
0.601930 0.048759
0.586195 0.049237
0.570369 0.049647
0.554470 0.049992
0.538513 0.050271
0.522515 0.050485
0.506491 0.050633
0.490459 0.050715
0.474435 0.050731
0.458436 0.050681
0.442477 0.050565
0.426575 0.050385
0.410746 0.050141
0.395007 0.049835
0.379373 0.049465
0.363861 0.049034
0.348486 0.048541
0.333264 0.047988
0.318212 0.047377
0.303343 0.046709
0.288674 0.045985
0.274219 0.045205
0.259994 0.044371
0.246012 0.043483
0.232289 0.042544
0.218838 0.041554
0.205674 0.040516
0.192809 0.039431
0.180258 0.038302
0.168033 0.037131
0.156146 0.035919
0.144611 0.034669
0.133438 0.033381
0.122641 0.032057
0.112231 0.030697
0.102218 0.029305
0.092613 0.027883
0.083426 0.026437
0.074668 0.024970
0.066347 0.023481
0.058474 0.021972
0.051057 0.020444
0.044107 0.018895
0.037634 0.017328
0.031646 0.015748
0.026151 0.014152
0.021156 0.012547
0.016664 0.010946
0.012697 0.009347
0.009267 0.007762
0.006369 0.006220
0.004013 0.004726
0.002231 0.003303
0.000997 0.002023
0.000273 0.000975
0.000022 0.000253
0.000000 0.000000
0.000037 -0.000249
0.000392 -0.000932
0.001223 -0.001879
0.002590 -0.003001
0.004486 -0.004261
0.006908 -0.005605
0.009881 -0.006955
0.013409 -0.008271
0.017464 -0.009574
0.022019 -0.010882
0.027074 -0.012175
0.032624 -0.013439
0.038663 -0.014670
0.045184 -0.015861
0.052176 -0.017016
0.059627 -0.018143
0.067528 -0.019238
0.075871 -0.020301
0.084648 -0.021332
0.093848 -0.022329
0.103463 -0.023289
0.113480 -0.024212
0.123890 -0.025095
0.134682 -0.025937
0.145844 -0.026737
0.157366 -0.027493
0.169234 -0.028200
0.181438 -0.028854
0.193964 -0.029452
0.206800 -0.029993
0.219932 -0.030478
0.233346 -0.030903
0.247029 -0.031262
0.260967 -0.031547
0.275146 -0.031749
0.289550 -0.031864
0.304166 -0.031882
0.318976 -0.031799
0.333967 -0.031610
0.349121 -0.031312
0.364423 -0.030901
0.379857 -0.030379
0.395406 -0.029747
0.411053 -0.029006
0.426784 -0.028162
0.442581 -0.027221
0.458429 -0.026192
0.474312 -0.025085
0.490215 -0.023917
0.506122 -0.022703
0.522019 -0.021456
0.537889 -0.020188
0.553719 -0.018908
0.569492 -0.017625
0.585193 -0.016348
0.600807 -0.015083
0.616318 -0.013836
0.631712 -0.012613
0.646973 -0.011419
0.662085 -0.010256
0.677034 -0.009128
0.691805 -0.008043
0.706383 -0.007004
0.720754 -0.006017
0.734903 -0.005082
0.748816 -0.004200
0.762479 -0.003371
0.775877 -0.002595
0.788998 -0.001878
0.801828 -0.001221
0.814354 -0.000628
0.826564 -0.000097
0.838444 0.000374
0.849983 0.000790
0.861168 0.001150
0.871988 0.001455
0.882433 0.001704
0.892491 0.001897
0.902151 0.002038
0.911405 0.002132
0.920242 0.002182
0.928653 0.002193
0.936629 0.002167
0.944164 0.002108
0.951248 0.002020
0.957874 0.001906
0.964036 0.001770
0.969728 0.001617
0.974943 0.001451
0.979676 0.001273
0.983924 0.001086
0.987680 0.000896
0.990942 0.000707
0.993707 0.000522
0.995971 0.000351
0.997733 0.000203
0.998992 0.000091
0.999748 0.000023
1.000000 0.000000