e855
1.000000 -0.000000
0.999751 0.000083
0.999006 0.000333
0.997766 0.000753
0.996037 0.001354
0.993829 0.002161
0.991150 0.003188
0.988006 0.004439
0.984394 0.005900
0.980311 0.007547
0.975752 0.009356
0.970706 0.011286
0.965162 0.013292
0.959118 0.015347
0.952578 0.017430
0.945547 0.019524
0.938033 0.021627
0.930051 0.023753
0.921615 0.025924
0.912738 0.028146
0.903429 0.030417
0.893698 0.032741
0.883556 0.035116
0.873012 0.037540
0.862080 0.040013
0.850768 0.042532
0.839090 0.045095
0.827057 0.047699
0.814681 0.050341
0.801974 0.053017
0.788949 0.055723
0.775619 0.058455
0.761997 0.061209
0.748097 0.063980
0.733931 0.066761
0.719514 0.069545
0.704860 0.072327
0.689981 0.075097
0.674894 0.077850
0.659611 0.080576
0.644149 0.083269
0.628521 0.085919
0.612743 0.088519
0.596830 0.091057
0.580798 0.093523
0.564660 0.095908
0.548434 0.098200
0.532135 0.100389
0.515779 0.102461
0.499381 0.104401
0.482959 0.106197
0.466528 0.107834
0.450106 0.109299
0.433709 0.110574
0.417356 0.111629
0.401063 0.112440
0.384850 0.112991
0.368737 0.113275
0.352745 0.113287
0.336895 0.113021
0.321208 0.112471
0.305705 0.111637
0.290408 0.110522
0.275336 0.109134
0.260510 0.107484
0.245948 0.105594
0.231665 0.103484
0.217680 0.101174
0.204007 0.098680
0.190662 0.096019
0.177660 0.093199
0.165018 0.090228
0.152750 0.087116
0.140872 0.083873
0.129397 0.080514
0.118337 0.077049
0.107707 0.073490
0.097519 0.069848
0.087785 0.066134
0.078520 0.062354
0.069736 0.058522
0.061444 0.054646
0.053659 0.050736
0.046390 0.046808
0.039650 0.042874
0.033448 0.038950
0.027789 0.035058
0.022686 0.031218
0.018143 0.027456
0.014156 0.023804
0.010726 0.020293
0.007836 0.016961
0.005471 0.013851
0.003660 0.011006
0.002338 0.008479
0.001348 0.006332
0.000621 0.004614
0.000242 0.003354
0.000138 0.002580
0.000131 0.002319
0.000127 0.002063
0.000081 0.001289
0.000000 0.000000
0.000237 -0.001743
0.001342 -0.003754
0.003149 -0.005883
0.005588 -0.008105
0.008640 -0.010364
0.012293 -0.012619
0.016521 -0.014848
0.021311 -0.017031
0.026655 -0.019149
0.032536 -0.021195
0.038926 -0.023181
0.045813 -0.025099
0.053189 -0.026938
0.061043 -0.028694
0.069364 -0.030366
0.078139 -0.031953
0.087354 -0.033463
0.096996 -0.034898
0.107054 -0.036257
0.117516 -0.037543
0.128370 -0.038754
0.139605 -0.039884
0.151208 -0.040928
0.163165 -0.041884
0.175465 -0.042749
0.188094 -0.043521
0.201038 -0.044199
0.214284 -0.044772
0.227817 -0.045234
0.241623 -0.045574
0.255687 -0.045781
0.269994 -0.045840
0.284527 -0.045743
0.299271 -0.045485
0.314209 -0.045062
0.329323 -0.044472
0.344597 -0.043713
0.360013 -0.042784
0.375554 -0.041685
0.391204 -0.040424
0.406947 -0.039012
0.422765 -0.037463
0.438644 -0.035800
0.454571 -0.034048
0.470532 -0.032237
0.486513 -0.030387
0.502499 -0.028512
0.518475 -0.026625
0.534428 -0.024739
0.550340 -0.022863
0.566198 -0.021007
0.581986 -0.019180
0.597689 -0.017390
0.613292 -0.015645
0.628780 -0.013952
0.644137 -0.012318
0.659348 -0.010748
0.674398 -0.009245
0.689272 -0.007813
0.703955 -0.006456
0.718432 -0.005176
0.732688 -0.003977
0.746709 -0.002860
0.760481 -0.001828
0.773988 -0.000883
0.787218 -0.000024
0.800157 0.000747
0.812791 0.001432
0.825106 0.002033
0.837091 0.002551
0.848732 0.002989
0.860017 0.003347
0.870935 0.003627
0.881473 0.003833
0.891622 0.003968
0.901369 0.004037
0.910706 0.004046
0.919622 0.004000
0.928107 0.003904
0.936154 0.003767
0.943754 0.003593
0.950899 0.003388
0.957581 0.003156
0.963794 0.002903
0.969533 0.002634
0.974789 0.002349
0.979559 0.002048
0.983837 0.001738
0.987620 0.001425
0.990902 0.001115
0.993681 0.000816
0.995955 0.000543
0.997724 0.000312
0.998988 0.000140
0.999747 0.000035
1.000000 -0.000000