e863
1.000000 0.007000
0.999733 0.007073
0.998931 0.007290
0.997596 0.007653
0.995728 0.008161
0.993331 0.008813
0.990405 0.009609
0.986955 0.010548
0.982983 0.011629
0.978494 0.012852
0.973492 0.014215
0.967982 0.015717
0.961971 0.017356
0.955463 0.019130
0.948465 0.021038
0.940985 0.023077
0.933029 0.025246
0.924607 0.027543
0.915726 0.029967
0.906397 0.032517
0.896629 0.035192
0.886432 0.037990
0.875817 0.040909
0.864794 0.043945
0.853374 0.047096
0.841569 0.050360
0.829392 0.053736
0.816856 0.057223
0.803973 0.060818
0.790757 0.064518
0.777221 0.068321
0.763380 0.072225
0.749248 0.076229
0.734840 0.080331
0.720172 0.084530
0.705259 0.088824
0.690113 0.093200
0.674748 0.097645
0.659176 0.102145
0.643412 0.106691
0.627469 0.111274
0.611364 0.115886
0.595111 0.120516
0.578721 0.125146
0.562210 0.129761
0.545589 0.134342
0.528872 0.138871
0.512072 0.143329
0.495203 0.147693
0.478276 0.151940
0.461305 0.156044
0.444301 0.159974
0.427277 0.163689
0.410241 0.167148
0.393207 0.170293
0.376186 0.173044
0.359190 0.175324
0.342245 0.177076
0.325383 0.178256
0.308636 0.178838
0.292043 0.178827
0.275641 0.178243
0.259469 0.177094
0.243561 0.175387
0.227953 0.173137
0.212679 0.170368
0.197769 0.167111
0.183254 0.163389
0.169164 0.159226
0.155527 0.154646
0.142372 0.149673
0.129723 0.144336
0.117607 0.138659
0.106049 0.132672
0.095070 0.126407
0.084689 0.119900
0.074919 0.113190
0.065777 0.106313
0.057277 0.099309
0.049426 0.092218
0.042225 0.085088
0.035672 0.077967
0.029760 0.070903
0.024484 0.063940
0.019827 0.057127
0.015768 0.050513
0.012277 0.044148
0.009319 0.038078
0.006861 0.032345
0.004874 0.026984
0.003318 0.022029
0.002141 0.017512
0.001292 0.013467
0.000714 0.009925
0.000352 0.006906
0.000146 0.004426
0.000047 0.002492
0.000009 0.001108
0.000001 0.000277
0.000000 -0.000000
0.000001 -0.000277
0.000009 -0.001108
0.000047 -0.002492
0.000146 -0.004426
0.000352 -0.006906
0.000714 -0.009925
0.001292 -0.013467
0.002141 -0.017512
0.003318 -0.022029
0.004874 -0.026984
0.006861 -0.032345
0.009319 -0.038078
0.012277 -0.044148
0.015768 -0.050513
0.019827 -0.057127
0.024484 -0.063940
0.029760 -0.070903
0.035672 -0.077967
0.042225 -0.085088
0.049426 -0.092218
0.057277 -0.099309
0.065777 -0.106313
0.074919 -0.113190
0.084689 -0.119900
0.095070 -0.126407
0.106049 -0.132672
0.117607 -0.138659
0.129723 -0.144336
0.142372 -0.149673
0.155527 -0.154646
0.169164 -0.159226
0.183254 -0.163389
0.197769 -0.167111
0.212679 -0.170368
0.227953 -0.173137
0.243561 -0.175387
0.259469 -0.177094
0.275641 -0.178243
0.292043 -0.178827
0.308636 -0.178838
0.325383 -0.178256
0.342245 -0.177076
0.359190 -0.175324
0.376186 -0.173044
0.393207 -0.170293
0.410241 -0.167148
0.427277 -0.163689
0.444301 -0.159974
0.461305 -0.156044
0.478276 -0.151940
0.495203 -0.147693
0.512072 -0.143329
0.528872 -0.138871
0.545589 -0.134342
0.562210 -0.129761
0.578721 -0.125146
0.595111 -0.120516
0.611364 -0.115886
0.627469 -0.111274
0.643412 -0.106691
0.659176 -0.102145
0.674748 -0.097645
0.690113 -0.093200
0.705259 -0.088824
0.720172 -0.084530
0.734840 -0.080331
0.749248 -0.076229
0.763380 -0.072225
0.777221 -0.068321
0.790757 -0.064518
0.803973 -0.060818
0.816856 -0.057223
0.829392 -0.053736
0.841569 -0.050360
0.853374 -0.047096
0.864794 -0.043945
0.875817 -0.040909
0.886432 -0.037990
0.896629 -0.035192
0.906397 -0.032517
0.915726 -0.029967
0.924607 -0.027543
0.933029 -0.025246
0.940985 -0.023077
0.948465 -0.021038
0.955463 -0.019130
0.961971 -0.017356
0.967982 -0.015717
0.973492 -0.014215
0.978494 -0.012852
0.982983 -0.011629
0.986955 -0.010548
0.990405 -0.009609
0.993331 -0.008813
0.995728 -0.008161
0.997596 -0.007653
0.998931 -0.007290
0.999733 -0.007073
1.000000 -0.007000