ea61009
1.000000 0.000000
0.999746 0.000010
0.998982 0.000040
0.997711 0.000090
0.995933 0.000160
0.993651 0.000250
0.990866 0.000360
0.987581 0.000490
0.983799 0.000642
0.979526 0.000814
0.974763 0.001010
0.969518 0.001229
0.963795 0.001475
0.957599 0.001749
0.950938 0.002056
0.943817 0.002399
0.936246 0.002784
0.928231 0.003217
0.919782 0.003706
0.910908 0.004259
0.901618 0.004885
0.891924 0.005596
0.881834 0.006396
0.871360 0.007285
0.860513 0.008263
0.849303 0.009329
0.837742 0.010479
0.825840 0.011709
0.813611 0.013013
0.801066 0.014382
0.788218 0.015809
0.775078 0.017284
0.761658 0.018794
0.747972 0.020330
0.734031 0.021876
0.719847 0.023418
0.705435 0.024940
0.690806 0.026427
0.675975 0.027870
0.660957 0.029269
0.645766 0.030626
0.630420 0.031941
0.614934 0.033216
0.599323 0.034453
0.583605 0.035650
0.567794 0.036797
0.551907 0.037881
0.535959 0.038888
0.519966 0.039804
0.503944 0.040617
0.487909 0.041316
0.471878 0.041910
0.455868 0.042418
0.439894 0.042858
0.423975 0.043252
0.408126 0.043617
0.392365 0.043972
0.376707 0.044312
0.361169 0.044616
0.345767 0.044858
0.330518 0.045017
0.315437 0.045072
0.300539 0.045005
0.285840 0.044805
0.271354 0.044493
0.257095 0.044094
0.243076 0.043634
0.229310 0.043134
0.215812 0.042617
0.202593 0.042101
0.189668 0.041597
0.177051 0.041080
0.164760 0.040509
0.152810 0.039853
0.141216 0.039086
0.129992 0.038189
0.119150 0.037147
0.108702 0.035954
0.098659 0.034608
0.089031 0.033131
0.079827 0.031594
0.071056 0.030063
0.062725 0.028591
0.054840 0.027218
0.047409 0.025971
0.040446 0.024774
0.033979 0.023459
0.028023 0.021914
0.022588 0.020093
0.017675 0.017997
0.013281 0.015670
0.009398 0.013186
0.006101 0.010646
0.003572 0.008175
0.001837 0.005887
0.000791 0.003878
0.000260 0.002230
0.000053 0.001006
0.000003 0.000254
0.000000 0.000000
0.000003 -0.000254
0.000053 -0.001006
0.000260 -0.002230
0.000791 -0.003878
0.001837 -0.005887
0.003572 -0.008175
0.006101 -0.010646
0.009398 -0.013186
0.013281 -0.015670
0.017675 -0.017997
0.022588 -0.020093
0.028023 -0.021914
0.033979 -0.023459
0.040446 -0.024774
0.047409 -0.025971
0.054840 -0.027218
0.062725 -0.028591
0.071056 -0.030063
0.079827 -0.031594
0.089031 -0.033131
0.098659 -0.034608
0.108702 -0.035954
0.119150 -0.037147
0.129992 -0.038189
0.141216 -0.039086
0.152810 -0.039853
0.164760 -0.040509
0.177051 -0.041080
0.189668 -0.041597
0.202593 -0.042101
0.215812 -0.042617
0.229310 -0.043134
0.243076 -0.043634
0.257095 -0.044094
0.271354 -0.044493
0.285840 -0.044805
0.300539 -0.045005
0.315437 -0.045072
0.330518 -0.045017
0.345767 -0.044858
0.361169 -0.044616
0.376707 -0.044312
0.392365 -0.043972
0.408126 -0.043617
0.423975 -0.043252
0.439894 -0.042858
0.455868 -0.042418
0.471878 -0.041910
0.487909 -0.041316
0.503944 -0.040617
0.519966 -0.039804
0.535959 -0.038888
0.551907 -0.037881
0.567794 -0.036797
0.583605 -0.035650
0.599323 -0.034453
0.614934 -0.033216
0.630420 -0.031941
0.645766 -0.030626
0.660957 -0.029269
0.675975 -0.027870
0.690806 -0.026427
0.705435 -0.024940
0.719847 -0.023418
0.734031 -0.021876
0.747972 -0.020330
0.761658 -0.018794
0.775078 -0.017284
0.788218 -0.015809
0.801066 -0.014382
0.813611 -0.013013
0.825840 -0.011709
0.837742 -0.010479
0.849303 -0.009329
0.860513 -0.008263
0.871360 -0.007285
0.881834 -0.006396
0.891924 -0.005596
0.901618 -0.004885
0.910908 -0.004259
0.919782 -0.003706
0.928231 -0.003217
0.936246 -0.002784
0.943817 -0.002399
0.950938 -0.002056
0.957599 -0.001749
0.963795 -0.001475
0.969518 -0.001229
0.974763 -0.001010
0.979526 -0.000814
0.983799 -0.000642
0.987581 -0.000490
0.990866 -0.000360
0.993651 -0.000250
0.995933 -0.000160
0.997711 -0.000090
0.998982 -0.000040
0.999746 -0.000010
1.000000 -0.000000