eh1590
1.000000 0.000000
0.999745 0.000012
0.998978 0.000048
0.997703 0.000109
0.995918 0.000198
0.993628 0.000324
0.990834 0.000491
0.987540 0.000703
0.983749 0.000963
0.979465 0.001274
0.974693 0.001635
0.969437 0.002047
0.963703 0.002507
0.957496 0.003014
0.950824 0.003568
0.943691 0.004166
0.936106 0.004811
0.928077 0.005501
0.919611 0.006238
0.910717 0.007024
0.901405 0.007859
0.891684 0.008743
0.881564 0.009678
0.871054 0.010661
0.860167 0.011694
0.848912 0.012775
0.837302 0.013902
0.825347 0.015075
0.813060 0.016292
0.800453 0.017553
0.787539 0.018855
0.774330 0.020196
0.760841 0.021575
0.747084 0.022989
0.733074 0.024437
0.718824 0.025914
0.704349 0.027420
0.689662 0.028949
0.674779 0.030498
0.659714 0.032064
0.644482 0.033642
0.629098 0.035230
0.613578 0.036820
0.597936 0.038410
0.582189 0.039992
0.566351 0.041562
0.550437 0.043112
0.534465 0.044638
0.518449 0.046131
0.502404 0.047586
0.486348 0.048995
0.470295 0.050351
0.454261 0.051646
0.438263 0.052872
0.422316 0.054022
0.406436 0.055089
0.390639 0.056065
0.374941 0.056943
0.359359 0.057714
0.343907 0.058372
0.328603 0.058910
0.313462 0.059322
0.298501 0.059600
0.283736 0.059740
0.269182 0.059737
0.254856 0.059586
0.240774 0.059285
0.226952 0.058830
0.213406 0.058220
0.200152 0.057453
0.187205 0.056530
0.174581 0.055453
0.162295 0.054223
0.150362 0.052844
0.138796 0.051320
0.127612 0.049657
0.116824 0.047861
0.106444 0.045940
0.096487 0.043901
0.086965 0.041754
0.077888 0.039509
0.069269 0.037178
0.061118 0.034772
0.053446 0.032304
0.046262 0.029784
0.039576 0.027228
0.033396 0.024649
0.027730 0.022063
0.022585 0.019489
0.017964 0.016951
0.013868 0.014473
0.010301 0.012078
0.007264 0.009789
0.004761 0.007636
0.002786 0.005651
0.001377 0.003837
0.000509 0.002243
0.000111 0.001015
0.000007 0.000255
0.000000 0.000000
0.000008 -0.000253
0.000124 -0.001007
0.000574 -0.002212
0.001579 -0.003696
0.003253 -0.005242
0.005557 -0.006805
0.008429 -0.008371
0.011863 -0.009916
0.015849 -0.011419
0.020365 -0.012873
0.025402 -0.014262
0.030950 -0.015577
0.036997 -0.016812
0.043532 -0.017968
0.050543 -0.019047
0.058020 -0.020053
0.065953 -0.020988
0.074330 -0.021858
0.083141 -0.022666
0.092377 -0.023417
0.102026 -0.024114
0.112077 -0.024761
0.122521 -0.025363
0.133345 -0.025922
0.144538 -0.026442
0.156089 -0.026927
0.167986 -0.027379
0.180215 -0.027800
0.192766 -0.028192
0.205624 -0.028558
0.218777 -0.028898
0.232211 -0.029214
0.245914 -0.029504
0.259870 -0.029771
0.274066 -0.030012
0.288488 -0.030230
0.303121 -0.030422
0.317950 -0.030588
0.332960 -0.030727
0.348136 -0.030837
0.363463 -0.030917
0.378925 -0.030964
0.394506 -0.030977
0.410192 -0.030954
0.425965 -0.030893
0.441810 -0.030791
0.457711 -0.030648
0.473652 -0.030460
0.489616 -0.030226
0.505588 -0.029947
0.521551 -0.029621
0.537488 -0.029246
0.553384 -0.028822
0.569223 -0.028351
0.584988 -0.027831
0.600663 -0.027265
0.616233 -0.026652
0.631681 -0.025995
0.646992 -0.025294
0.662150 -0.024554
0.677141 -0.023776
0.691948 -0.022962
0.706558 -0.022116
0.720954 -0.021242
0.735124 -0.020343
0.749053 -0.019424
0.762726 -0.018488
0.776131 -0.017540
0.789254 -0.016585
0.802082 -0.015626
0.814602 -0.014669
0.826801 -0.013716
0.838669 -0.012773
0.850192 -0.011845
0.861361 -0.010934
0.872163 -0.010046
0.882588 -0.009183
0.892626 -0.008349
0.902267 -0.007547
0.911501 -0.006780
0.920319 -0.006050
0.928712 -0.005356
0.936672 -0.004700
0.944191 -0.004082
0.951261 -0.003504
0.957875 -0.002966
0.964026 -0.002471
0.969710 -0.002020
0.974918 -0.001616
0.979648 -0.001259
0.983894 -0.000953
0.987651 -0.000697
0.990916 -0.000487
0.993685 -0.000321
0.995955 -0.000196
0.997723 -0.000108
0.998988 -0.000047
0.999747 -0.000012
1.000000 -0.000000