eh2012
1.000000 0.000000
0.999742 0.000016
0.998969 0.000062
0.997680 0.000139
0.995879 0.000252
0.993567 0.000417
0.990748 0.000642
0.987424 0.000926
0.983601 0.001274
0.979281 0.001692
0.974470 0.002179
0.969172 0.002732
0.963393 0.003352
0.957138 0.004036
0.950414 0.004783
0.943228 0.005593
0.935586 0.006463
0.927496 0.007392
0.918967 0.008382
0.910008 0.009435
0.900628 0.010558
0.890838 0.011753
0.880646 0.013010
0.870063 0.014328
0.859100 0.015713
0.847769 0.017168
0.836080 0.018684
0.824045 0.020258
0.811677 0.021891
0.798988 0.023585
0.785990 0.025335
0.772698 0.027138
0.759123 0.028992
0.745280 0.030894
0.731182 0.032838
0.716844 0.034822
0.702278 0.036842
0.687500 0.038893
0.672524 0.040968
0.657365 0.043065
0.642038 0.045185
0.626558 0.047317
0.610939 0.049450
0.595196 0.051578
0.579345 0.053694
0.563402 0.055794
0.547381 0.057871
0.531298 0.059913
0.515168 0.061908
0.499006 0.063847
0.482828 0.065722
0.466651 0.067524
0.450489 0.069245
0.434359 0.070873
0.418276 0.072397
0.402256 0.073805
0.386316 0.075086
0.370471 0.076229
0.354739 0.077224
0.339135 0.078063
0.323676 0.078736
0.308381 0.079234
0.293264 0.079547
0.278345 0.079666
0.263640 0.079586
0.249167 0.079305
0.234943 0.078816
0.220988 0.078109
0.207318 0.077183
0.193952 0.076043
0.180907 0.074687
0.168202 0.073115
0.155854 0.071332
0.143880 0.069347
0.132296 0.067166
0.121119 0.064798
0.110366 0.062249
0.100053 0.059532
0.090191 0.056666
0.080795 0.053664
0.071879 0.050540
0.063455 0.047309
0.055535 0.043992
0.048128 0.040607
0.041241 0.037179
0.034887 0.033723
0.029072 0.030263
0.023801 0.026826
0.019073 0.023443
0.014887 0.020146
0.011238 0.016971
0.008119 0.013951
0.005524 0.011118
0.003457 0.008498
0.001915 0.006124
0.000891 0.004033
0.000310 0.002304
0.000065 0.001031
0.000004 0.000258
0.000000 -0.000000
0.000004 -0.000255
0.000070 -0.001017
0.000340 -0.002271
0.001010 -0.003939
0.002261 -0.005856
0.004178 -0.007894
0.006721 -0.009981
0.009876 -0.012071
0.013618 -0.014142
0.017936 -0.016159
0.022813 -0.018097
0.028235 -0.019938
0.034187 -0.021673
0.040650 -0.023299
0.047612 -0.024814
0.055056 -0.026226
0.062970 -0.027535
0.071341 -0.028749
0.080156 -0.029871
0.089404 -0.030910
0.099071 -0.031875
0.109147 -0.032774
0.119620 -0.033605
0.130478 -0.034371
0.141709 -0.035085
0.153300 -0.035753
0.165240 -0.036372
0.177516 -0.036945
0.190115 -0.037479
0.203023 -0.037978
0.216229 -0.038441
0.229718 -0.038869
0.243477 -0.039265
0.257491 -0.039630
0.271746 -0.039964
0.286228 -0.040263
0.300922 -0.040524
0.315814 -0.040748
0.330887 -0.040941
0.346128 -0.041096
0.361520 -0.041207
0.377048 -0.041274
0.392697 -0.041298
0.408449 -0.041274
0.424290 -0.041195
0.440203 -0.041062
0.456172 -0.040875
0.472180 -0.040630
0.488211 -0.040324
0.504250 -0.039957
0.520278 -0.039528
0.536281 -0.039031
0.552241 -0.038465
0.568142 -0.037836
0.583967 -0.037147
0.599702 -0.036395
0.615329 -0.035581
0.630833 -0.034706
0.646197 -0.033773
0.661406 -0.032783
0.676445 -0.031741
0.691299 -0.030653
0.705952 -0.029524
0.720390 -0.028356
0.734599 -0.027156
0.748564 -0.025931
0.762271 -0.024686
0.775708 -0.023419
0.788859 -0.022138
0.801714 -0.020857
0.814259 -0.019580
0.826483 -0.018307
0.838372 -0.017047
0.849916 -0.015809
0.861104 -0.014598
0.871925 -0.013414
0.882367 -0.012261
0.892420 -0.011144
0.902076 -0.010070
0.911325 -0.009046
0.920158 -0.008071
0.928565 -0.007144
0.936538 -0.006267
0.944069 -0.005441
0.951151 -0.004667
0.957776 -0.003947
0.963938 -0.003282
0.969631 -0.002673
0.974850 -0.002129
0.979590 -0.001656
0.983845 -0.001251
0.987612 -0.000911
0.990886 -0.000631
0.993663 -0.000410
0.995940 -0.000248
0.997715 -0.000137
0.998984 -0.000062
0.999746 -0.000015
1.000000 0.000000