eh2010
1.000000 -0.000000
0.999743 0.000012
0.998974 0.000050
0.997691 0.000114
0.995899 0.000210
0.993598 0.000348
0.990791 0.000537
0.987483 0.000781
0.983676 0.001084
0.979375 0.001443
0.974584 0.001859
0.969307 0.002330
0.963550 0.002854
0.957318 0.003427
0.950619 0.004049
0.943457 0.004723
0.935842 0.005447
0.927780 0.006222
0.919281 0.007052
0.910353 0.007937
0.901005 0.008881
0.891247 0.009884
0.881089 0.010947
0.870541 0.012069
0.859614 0.013247
0.848319 0.014480
0.836667 0.015767
0.824670 0.017107
0.812341 0.018502
0.799691 0.019951
0.786735 0.021452
0.773483 0.023002
0.759951 0.024599
0.746151 0.026239
0.732097 0.027922
0.717803 0.029644
0.703285 0.031404
0.688555 0.033197
0.673628 0.035018
0.658519 0.036863
0.643244 0.038728
0.627816 0.040606
0.612252 0.042494
0.596566 0.044384
0.580773 0.046271
0.564890 0.048148
0.548930 0.050005
0.532910 0.051836
0.516845 0.053633
0.500751 0.055388
0.484643 0.057091
0.468537 0.058731
0.452449 0.060300
0.436393 0.061789
0.420387 0.063187
0.404446 0.064487
0.388585 0.065677
0.372822 0.066749
0.357172 0.067691
0.341651 0.068494
0.326276 0.069151
0.311063 0.069653
0.296030 0.069992
0.281192 0.070161
0.266566 0.070154
0.252170 0.069964
0.238021 0.069587
0.224135 0.069019
0.210529 0.068259
0.197221 0.067305
0.184228 0.066159
0.171566 0.064824
0.159251 0.063302
0.147300 0.061598
0.135728 0.059720
0.124551 0.057673
0.113784 0.055468
0.103441 0.053114
0.093535 0.050624
0.084079 0.048010
0.075087 0.045285
0.066569 0.042464
0.058536 0.039564
0.050997 0.036603
0.043960 0.033602
0.037434 0.030575
0.031428 0.027539
0.025952 0.024509
0.021011 0.021508
0.016595 0.018578
0.012694 0.015763
0.009329 0.013058
0.006512 0.010472
0.004239 0.008054
0.002487 0.005861
0.001245 0.003910
0.000464 0.002261
0.000102 0.001019
0.000007 0.000257
0.000000 0.000000
0.000008 -0.000253
0.000117 -0.001007
0.000539 -0.002219
0.001470 -0.003758
0.003012 -0.005436
0.005188 -0.007170
0.007969 -0.008904
0.011353 -0.010565
0.015315 -0.012137
0.019813 -0.013661
0.024833 -0.015120
0.030375 -0.016476
0.036425 -0.017724
0.042966 -0.018873
0.049986 -0.019932
0.057472 -0.020910
0.065414 -0.021809
0.073802 -0.022635
0.082624 -0.023392
0.091871 -0.024086
0.101531 -0.024725
0.111593 -0.025313
0.122048 -0.025858
0.132882 -0.026364
0.144086 -0.026835
0.155647 -0.027277
0.167553 -0.027696
0.179792 -0.028093
0.192352 -0.028470
0.205219 -0.028830
0.218382 -0.029175
0.231826 -0.029505
0.245537 -0.029821
0.259503 -0.030123
0.273709 -0.030410
0.288140 -0.030683
0.302782 -0.030941
0.317621 -0.031181
0.332641 -0.031401
0.347827 -0.031599
0.363164 -0.031772
0.378637 -0.031916
0.394229 -0.032030
0.409925 -0.032109
0.425710 -0.032152
0.441567 -0.032154
0.457480 -0.032113
0.473433 -0.032024
0.489410 -0.031885
0.505395 -0.031695
0.521370 -0.031451
0.537321 -0.031151
0.553230 -0.030796
0.569082 -0.030384
0.584860 -0.029916
0.600548 -0.029390
0.616130 -0.028807
0.631590 -0.028170
0.646912 -0.027481
0.662082 -0.026740
0.677082 -0.025950
0.691899 -0.025115
0.706518 -0.024239
0.720923 -0.023326
0.735100 -0.022380
0.749035 -0.021406
0.762714 -0.020408
0.776123 -0.019390
0.789249 -0.018358
0.802080 -0.017318
0.814602 -0.016276
0.826804 -0.015238
0.838673 -0.014208
0.850197 -0.013190
0.861366 -0.012187
0.872167 -0.011203
0.882592 -0.010246
0.892629 -0.009322
0.902269 -0.008433
0.911503 -0.007584
0.920320 -0.006774
0.928713 -0.006005
0.936673 -0.005277
0.944191 -0.004592
0.951261 -0.003949
0.957874 -0.003349
0.964025 -0.002794
0.969707 -0.002284
0.974915 -0.001823
0.979644 -0.001416
0.983890 -0.001065
0.987647 -0.000768
0.990912 -0.000528
0.993681 -0.000343
0.995952 -0.000207
0.997722 -0.000112
0.998987 -0.000049
0.999747 -0.000012
1.000000 0.000000