eiffel385
1.000000 0.003884
0.999743 0.003937
0.998973 0.004094
0.997690 0.004357
0.995896 0.004727
0.993594 0.005208
0.990788 0.005808
0.987486 0.006543
0.983696 0.007439
0.979431 0.008527
0.974695 0.009803
0.969479 0.011218
0.963776 0.012711
0.957589 0.014282
0.950933 0.015953
0.943812 0.017716
0.936230 0.019557
0.928197 0.021478
0.919719 0.023477
0.910802 0.025534
0.901467 0.027699
0.891723 0.029969
0.881571 0.032302
0.871022 0.034702
0.860084 0.037151
0.848770 0.039661
0.837090 0.042214
0.825053 0.044802
0.812670 0.047413
0.799953 0.050041
0.786912 0.052671
0.773560 0.055293
0.759913 0.057921
0.745983 0.060541
0.731784 0.063148
0.717329 0.065730
0.702634 0.068291
0.687707 0.070791
0.672569 0.073254
0.657237 0.075685
0.641724 0.078074
0.626048 0.080423
0.610224 0.082722
0.594279 0.085051
0.578227 0.087392
0.562076 0.089685
0.545838 0.091896
0.529531 0.094021
0.513165 0.096020
0.496758 0.097872
0.480316 0.099483
0.463867 0.100924
0.447429 0.102197
0.431020 0.103286
0.414658 0.104187
0.398360 0.104891
0.382146 0.105383
0.366034 0.105669
0.350044 0.105752
0.334193 0.105644
0.318501 0.105322
0.302986 0.104811
0.287664 0.104136
0.272553 0.103287
0.257673 0.102238
0.243044 0.100974
0.228684 0.099498
0.214611 0.097807
0.200847 0.095885
0.187415 0.093709
0.174332 0.091303
0.161613 0.088685
0.149276 0.085865
0.137350 0.082807
0.125841 0.079569
0.114757 0.076187
0.104110 0.072683
0.093904 0.069094
0.084147 0.065445
0.074868 0.061705
0.066097 0.057847
0.057832 0.053919
0.050068 0.049973
0.042742 0.046158
0.035903 0.042403
0.029615 0.038625
0.023923 0.034792
0.018929 0.030820
0.014560 0.026862
0.010805 0.022978
0.007664 0.019212
0.005118 0.015621
0.003152 0.012259
0.001735 0.009187
0.000794 0.006474
0.000277 0.004181
0.000074 0.002360
0.000013 0.001049
0.000001 0.000262
-0.000000 -0.000000
0.000003 -0.000256
0.000041 -0.001024
0.000195 -0.002297
0.000568 -0.004059
0.001238 -0.006268
0.002317 -0.008857
0.003977 -0.011721
0.006300 -0.014740
0.009325 -0.017803
0.013054 -0.020820
0.017465 -0.023730
0.022519 -0.026506
0.028176 -0.029145
0.034392 -0.031680
0.041166 -0.034046
0.048480 -0.036226
0.056313 -0.038206
0.064654 -0.039943
0.073484 -0.041407
0.082793 -0.042497
0.092553 -0.043218
0.102732 -0.043688
0.113304 -0.044160
0.124265 -0.044450
0.135601 -0.044525
0.147295 -0.044338
0.159321 -0.043721
0.171657 -0.042680
0.184296 -0.041410
0.197230 -0.039976
0.210462 -0.038531
0.223986 -0.037138
0.237777 -0.035708
0.251820 -0.034216
0.266101 -0.032673
0.280606 -0.031086
0.295318 -0.029434
0.310214 -0.027648
0.325272 -0.025682
0.340498 -0.023710
0.355882 -0.021771
0.371408 -0.019867
0.387066 -0.018047
0.402839 -0.016310
0.418731 -0.014871
0.434707 -0.013552
0.450748 -0.012327
0.466836 -0.011194
0.482953 -0.010124
0.499082 -0.009120
0.515205 -0.008152
0.531306 -0.007227
0.547370 -0.006349
0.563378 -0.005513
0.579316 -0.004729
0.595168 -0.003992
0.610915 -0.003273
0.626542 -0.002581
0.642034 -0.001928
0.657375 -0.001313
0.672551 -0.000760
0.687545 -0.000251
0.702343 0.000207
0.716929 0.000604
0.731289 0.000945
0.745407 0.001243
0.759270 0.001501
0.772864 0.001704
0.786174 0.001872
0.799187 0.001996
0.811889 0.002102
0.824268 0.002214
0.836312 0.002285
0.848008 0.002317
0.859344 0.002306
0.870309 0.002246
0.880891 0.002146
0.891080 0.002005
0.900866 0.001854
0.910237 0.001616
0.919181 0.001243
0.927694 0.000900
0.935768 0.000598
0.943396 0.000324
0.950568 0.000092
0.957279 -0.000092
0.963521 -0.000231
0.969288 -0.000332
0.974573 -0.000402
0.979371 -0.000443
0.983677 -0.000459
0.987487 -0.000455
0.990797 -0.000440
0.993603 -0.000421
0.995903 -0.000403
0.997694 -0.000388
0.998975 -0.000376
0.999744 -0.000369
1.000000 -0.000367