fg4
1.000000 0.007500
0.999763 0.007621
0.999052 0.007984
0.997867 0.008588
0.996210 0.009433
0.994081 0.010515
0.991483 0.011831
0.988414 0.013373
0.984876 0.015130
0.980867 0.017087
0.976384 0.019220
0.971421 0.021501
0.965972 0.023887
0.960023 0.026330
0.953562 0.028765
0.946568 0.031115
0.939034 0.033336
0.930972 0.035437
0.922400 0.037451
0.913347 0.039433
0.903850 0.041464
0.893954 0.043649
0.883687 0.046035
0.873055 0.048608
0.862065 0.051347
0.850721 0.054227
0.839027 0.057212
0.826984 0.060264
0.814591 0.063336
0.801848 0.066373
0.788752 0.069323
0.775316 0.072174
0.761556 0.074936
0.747491 0.077621
0.733140 0.080243
0.718525 0.082821
0.703667 0.085376
0.688588 0.087929
0.673305 0.090481
0.657832 0.093021
0.642181 0.095538
0.626368 0.098020
0.610406 0.100455
0.594308 0.102831
0.578090 0.105139
0.561767 0.107378
0.545358 0.109543
0.528879 0.111634
0.512347 0.113649
0.495779 0.115586
0.479192 0.117437
0.462602 0.119179
0.446026 0.120790
0.429479 0.122246
0.412979 0.123527
0.396540 0.124611
0.380180 0.125487
0.363918 0.126161
0.347772 0.126640
0.331761 0.126934
0.315903 0.127051
0.300217 0.127002
0.284719 0.126791
0.269430 0.126407
0.254368 0.125834
0.239553 0.125060
0.225003 0.124075
0.210734 0.122872
0.196765 0.121447
0.183113 0.119795
0.169805 0.117904
0.156864 0.115766
0.144313 0.113378
0.132168 0.110742
0.120441 0.107868
0.109142 0.104766
0.098281 0.101453
0.087908 0.097896
0.078163 0.093956
0.069146 0.089547
0.060678 0.084952
0.052462 0.080608
0.044325 0.076792
0.036604 0.073187
0.029792 0.069283
0.024220 0.064739
0.019886 0.059543
0.016306 0.054142
0.013080 0.048923
0.009996 0.044125
0.007195 0.039768
0.004851 0.035821
0.003031 0.032275
0.001724 0.029136
0.000868 0.026420
0.000368 0.024152
0.000119 0.022356
0.000024 0.021054
0.000002 0.020264
-0.000000 0.020000
0.000002 0.019745
0.000034 0.018979
0.000171 0.017695
0.000529 0.015898
0.001255 0.013612
0.002509 0.010910
0.004446 0.007936
0.007188 0.004942
0.010799 0.002325
0.015258 0.000631
0.020476 0.000020
0.026294 0.000011
0.032538 0.000040
0.039189 0.000035
0.046268 0.000012
0.053806 -0.000007
0.061817 -0.000011
0.070281 -0.000004
0.079172 0.000002
0.088473 0.000003
0.098178 0.000000
0.108284 -0.000002
0.118782 -0.000002
0.129660 -0.000002
0.140908 -0.000001
0.152513 0.000000
0.164462 0.000001
0.176743 0.000001
0.189345 0.000000
0.202254 -0.000000
0.215459 -0.000000
0.228946 -0.000000
0.242702 -0.000000
0.256711 -0.000000
0.270962 -0.000000
0.285438 -0.000000
0.300125 -0.000000
0.315009 -0.000000
0.330074 -0.000000
0.345306 -0.000000
0.360689 -0.000000
0.376207 -0.000000
0.391845 -0.000000
0.407588 0.000000
0.423418 0.000001
0.439321 0.000002
0.455281 0.000002
0.471281 0.000002
0.487305 0.000001
0.503337 -0.000000
0.519362 -0.000003
0.535362 -0.000006
0.551322 -0.000008
0.567225 -0.000008
0.583055 -0.000006
0.598797 -0.000001
0.614435 0.000008
0.629953 0.000018
0.645335 0.000026
0.660566 0.000030
0.675632 0.000027
0.690517 0.000014
0.705206 -0.000010
0.719684 -0.000043
0.733936 -0.000076
0.747948 -0.000101
0.761704 -0.000112
0.775190 -0.000100
0.788393 -0.000062
0.801298 0.000009
0.813892 0.000108
0.826166 0.000218
0.838107 0.000316
0.849704 0.000387
0.860948 0.000416
0.871828 0.000393
0.882333 0.000310
0.892453 0.000161
0.902179 -0.000055
0.911497 -0.000309
0.920393 -0.000520
0.928853 -0.000621
0.936865 -0.000564
0.944419 -0.000324
0.951506 0.000112
0.958120 0.000720
0.964261 0.001442
0.969924 0.002222
0.975108 0.003018
0.979811 0.003796
0.984028 0.004530
0.987758 0.005203
0.990996 0.005801
0.993742 0.006315
0.995992 0.006739
0.997744 0.007071
0.998997 0.007309
0.999749 0.007452
1.000000 0.007500