fx05188
1.000000 0.000000
0.999764 0.000117
0.999054 0.000465
0.997869 0.001039
0.996200 0.001810
0.994022 0.002715
0.991315 0.003692
0.988069 0.004714
0.984296 0.005790
0.980025 0.006979
0.975277 0.008315
0.970054 0.009788
0.964354 0.011377
0.958169 0.013053
0.951502 0.014802
0.944361 0.016631
0.936759 0.018557
0.928716 0.020608
0.920242 0.022796
0.911344 0.025111
0.902029 0.027543
0.892303 0.030075
0.882171 0.032700
0.871648 0.035423
0.860746 0.038249
0.849480 0.041187
0.837864 0.044249
0.825914 0.047447
0.813648 0.050796
0.801083 0.054312
0.788232 0.057988
0.775092 0.061766
0.761658 0.065576
0.747925 0.069336
0.733892 0.072994
0.719582 0.076580
0.705024 0.080145
0.690247 0.083747
0.675277 0.087417
0.660114 0.091083
0.644754 0.094650
0.629191 0.098015
0.613425 0.101096
0.597476 0.103895
0.581372 0.106439
0.565141 0.108756
0.548809 0.110871
0.532396 0.112781
0.515917 0.114476
0.499392 0.115950
0.482837 0.117193
0.466274 0.118189
0.449723 0.118919
0.433205 0.119370
0.416741 0.119533
0.400350 0.119432
0.384052 0.119093
0.367867 0.118544
0.351815 0.117798
0.335915 0.116841
0.320190 0.115655
0.304658 0.114226
0.289339 0.112550
0.274250 0.110647
0.259410 0.108537
0.244833 0.106241
0.230537 0.103773
0.216539 0.101139
0.202857 0.098347
0.189506 0.095406
0.176499 0.092329
0.163849 0.089134
0.151564 0.085840
0.139657 0.082465
0.128146 0.079006
0.117055 0.075452
0.106406 0.071796
0.096214 0.068039
0.086476 0.064218
0.077183 0.060382
0.068326 0.056576
0.059908 0.052826
0.051977 0.049088
0.044588 0.045312
0.037774 0.041470
0.031543 0.037571
0.025858 0.033683
0.020679 0.029873
0.015976 0.026202
0.011794 0.022667
0.008271 0.019198
0.005467 0.015776
0.003364 0.012438
0.001891 0.009308
0.000942 0.006533
0.000396 0.004204
0.000128 0.002370
0.000026 0.001054
0.000002 0.000263
0.000000 -0.000000
0.000002 -0.000257
0.000038 -0.001030
0.000187 -0.002317
0.000574 -0.004100
0.001352 -0.006332
0.002677 -0.008906
0.004685 -0.011623
0.007465 -0.014245
0.011048 -0.016686
0.015367 -0.018977
0.020234 -0.021270
0.025544 -0.023635
0.031314 -0.026035
0.037575 -0.028425
0.044363 -0.030760
0.051678 -0.033029
0.059497 -0.035242
0.067788 -0.037425
0.076517 -0.039607
0.085674 -0.041776
0.095258 -0.043911
0.105266 -0.045990
0.115694 -0.047997
0.126530 -0.049933
0.137758 -0.051802
0.149362 -0.053617
0.161323 -0.055384
0.173632 -0.057092
0.186277 -0.058728
0.199247 -0.060281
0.212528 -0.061741
0.226107 -0.063102
0.239969 -0.064359
0.254100 -0.065511
0.268483 -0.066548
0.283103 -0.067454
0.297945 -0.068207
0.312993 -0.068788
0.328231 -0.069188
0.343641 -0.069424
0.359207 -0.069514
0.374911 -0.069480
0.390736 -0.069327
0.406663 -0.069030
0.422674 -0.068558
0.438750 -0.067880
0.454874 -0.066983
0.471027 -0.065885
0.487192 -0.064606
0.503352 -0.063170
0.519488 -0.061595
0.535586 -0.059880
0.551628 -0.058024
0.567598 -0.056028
0.583477 -0.053881
0.599238 -0.051542
0.614852 -0.048971
0.630292 -0.046129
0.645538 -0.043011
0.660594 -0.039721
0.675469 -0.036379
0.690169 -0.033097
0.704696 -0.029961
0.719029 -0.026947
0.733143 -0.024000
0.747012 -0.021071
0.760615 -0.018125
0.773948 -0.015212
0.787012 -0.012409
0.799808 -0.009785
0.812334 -0.007396
0.824576 -0.005256
0.836516 -0.003349
0.848137 -0.001662
0.859420 -0.000179
0.870350 0.001113
0.880915 0.002227
0.891101 0.003174
0.900896 0.003968
0.910288 0.004607
0.919263 0.005076
0.927811 0.005367
0.935920 0.005482
0.943580 0.005443
0.950783 0.005295
0.957520 0.005076
0.963783 0.004815
0.969565 0.004517
0.974859 0.004161
0.979658 0.003743
0.983959 0.003271
0.987754 0.002754
0.991033 0.002201
0.993793 0.001637
0.996037 0.001099
0.997773 0.000633
0.999010 0.000284
0.999753 0.000071
1.000000 0.000000