fx3
1.000000 -0.000000
0.999763 0.000118
0.999051 0.000472
0.997864 0.001057
0.996195 0.001858
0.994033 0.002841
0.991363 0.003970
0.988182 0.005228
0.984494 0.006614
0.980315 0.008154
0.975660 0.009864
0.970532 0.011742
0.964935 0.013783
0.958872 0.015983
0.952348 0.018341
0.945376 0.020866
0.937968 0.023574
0.930142 0.026484
0.921912 0.029609
0.913285 0.032944
0.904266 0.036478
0.894860 0.040197
0.885075 0.044090
0.874926 0.048166
0.864433 0.052439
0.853616 0.056927
0.842497 0.061649
0.831098 0.066629
0.819438 0.071888
0.807538 0.077455
0.795416 0.083341
0.783030 0.089399
0.770300 0.095373
0.757134 0.100972
0.743433 0.105885
0.729180 0.109985
0.714455 0.113368
0.699356 0.116159
0.683985 0.118497
0.668405 0.120483
0.652634 0.122168
0.636687 0.123605
0.620579 0.124851
0.604327 0.125930
0.587952 0.126837
0.571475 0.127564
0.554916 0.128107
0.538295 0.128461
0.521630 0.128627
0.504940 0.128603
0.488242 0.128391
0.471555 0.127995
0.454899 0.127417
0.438291 0.126664
0.421751 0.125740
0.405298 0.124650
0.388948 0.123395
0.372720 0.121979
0.356632 0.120404
0.340702 0.118672
0.324949 0.116784
0.309390 0.114740
0.294043 0.112546
0.278924 0.110206
0.264050 0.107730
0.249436 0.105126
0.235098 0.102403
0.221053 0.099562
0.207319 0.096606
0.193912 0.093539
0.180846 0.090367
0.168132 0.087104
0.155782 0.083762
0.143805 0.080357
0.132215 0.076897
0.121033 0.073387
0.110279 0.069831
0.099968 0.066237
0.090105 0.062611
0.080684 0.058961
0.071698 0.055296
0.063145 0.051628
0.055070 0.047958
0.047549 0.044278
0.040640 0.040591
0.034366 0.036907
0.028656 0.033217
0.023397 0.029512
0.018512 0.025806
0.013978 0.022131
0.009971 0.018542
0.006676 0.015103
0.004149 0.011880
0.002350 0.008935
0.001179 0.006330
0.000498 0.004118
0.000161 0.002346
0.000032 0.001052
0.000002 0.000264
0.000000 0.000000
0.000003 -0.000257
0.000046 -0.001015
0.000229 -0.002244
0.000702 -0.003892
0.001649 -0.005891
0.003255 -0.008161
0.005669 -0.010620
0.008967 -0.013182
0.013095 -0.015773
0.017817 -0.018335
0.022828 -0.020829
0.028112 -0.023217
0.033759 -0.025482
0.039920 -0.027639
0.046722 -0.029712
0.054140 -0.031711
0.062107 -0.033662
0.070526 -0.035611
0.079328 -0.037588
0.088517 -0.039586
0.098106 -0.041592
0.108113 -0.043596
0.118544 -0.045588
0.129384 -0.047555
0.140615 -0.049488
0.152218 -0.051377
0.164177 -0.053213
0.176481 -0.054991
0.189119 -0.056708
0.202082 -0.058361
0.215355 -0.059946
0.228925 -0.061459
0.242778 -0.062894
0.256896 -0.064248
0.271267 -0.065517
0.285874 -0.066697
0.300702 -0.067788
0.315737 -0.068787
0.330962 -0.069689
0.346361 -0.070487
0.361919 -0.071172
0.377618 -0.071737
0.393443 -0.072174
0.409377 -0.072474
0.425403 -0.072629
0.441506 -0.072632
0.457667 -0.072472
0.473864 -0.072139
0.490076 -0.071622
0.506282 -0.070910
0.522465 -0.070001
0.538617 -0.068897
0.554732 -0.067605
0.570799 -0.066130
0.586782 -0.064397
0.602600 -0.062218
0.618170 -0.059401
0.633415 -0.055769
0.648312 -0.051328
0.662931 -0.046407
0.677349 -0.041354
0.691636 -0.036493
0.705840 -0.032065
0.719937 -0.028050
0.733889 -0.024378
0.747659 -0.020980
0.761215 -0.017797
0.774534 -0.014799
0.787598 -0.011967
0.800391 -0.009281
0.812897 -0.006732
0.825104 -0.004348
0.837005 -0.002177
0.848591 -0.000261
0.859853 0.001374
0.870775 0.002753
0.881337 0.003937
0.891524 0.004979
0.901317 0.005921
0.910704 0.006742
0.919675 0.007371
0.928220 0.007759
0.936329 0.007875
0.943991 0.007756
0.951196 0.007491
0.957934 0.007151
0.964197 0.006788
0.969976 0.006397
0.975263 0.005932
0.980051 0.005373
0.984338 0.004724
0.988108 0.003996
0.991342 0.003203
0.994039 0.002387
0.996209 0.001602
0.997874 0.000922
0.999056 0.000413
0.999764 0.000104
1.000000 0.000000