fx38153
1.000000 0.000000
0.999756 0.000095
0.999025 0.000376
0.997802 0.000833
0.996084 0.001455
0.993879 0.002252
0.991191 0.003230
0.988019 0.004383
0.984368 0.005709
0.980243 0.007214
0.975649 0.008895
0.970584 0.010734
0.965048 0.012718
0.959049 0.014846
0.952593 0.017119
0.945687 0.019536
0.938338 0.022094
0.930555 0.024793
0.922342 0.027623
0.913700 0.030558
0.904633 0.033580
0.895156 0.036702
0.885279 0.039924
0.874996 0.043192
0.864301 0.046448
0.853200 0.049665
0.841702 0.052828
0.829821 0.055929
0.817568 0.058961
0.804953 0.061895
0.791986 0.064704
0.778685 0.067402
0.765072 0.070012
0.751158 0.072512
0.736956 0.074875
0.722483 0.077120
0.707762 0.079270
0.692804 0.081291
0.677621 0.083143
0.662234 0.084868
0.646667 0.086522
0.630934 0.088067
0.615046 0.089449
0.599024 0.090713
0.582890 0.091921
0.566658 0.093022
0.550341 0.093954
0.533959 0.094762
0.517532 0.095511
0.501077 0.096144
0.484607 0.096597
0.468142 0.096935
0.451701 0.097225
0.435300 0.097388
0.418957 0.097342
0.402688 0.097183
0.386509 0.097006
0.370441 0.096697
0.354503 0.096151
0.338707 0.095483
0.323067 0.094794
0.307608 0.093958
0.292351 0.092880
0.277302 0.091692
0.262473 0.090481
0.247895 0.089105
0.233589 0.087489
0.219553 0.085787
0.205798 0.084072
0.192362 0.082175
0.179266 0.080046
0.166495 0.077879
0.154059 0.075716
0.142013 0.073346
0.130375 0.070753
0.119108 0.068156
0.108237 0.065542
0.097840 0.062679
0.087910 0.059622
0.078385 0.056618
0.069333 0.053555
0.060863 0.050182
0.052902 0.046693
0.045352 0.043358
0.038371 0.039941
0.032083 0.036228
0.026283 0.032565
0.020881 0.029151
0.016218 0.025613
0.012346 0.021882
0.008847 0.018421
0.005712 0.015321
0.003407 0.012234
0.001940 0.009186
0.001018 0.006442
0.000449 0.004147
0.000150 0.002342
0.000031 0.001044
0.000002 0.000261
0.000000 0.000000
0.000012 -0.000254
0.000183 -0.001001
0.000799 -0.002155
0.002013 -0.003492
0.003819 -0.004897
0.006053 -0.006593
0.008711 -0.008544
0.012032 -0.010324
0.016040 -0.011900
0.020469 -0.013743
0.025296 -0.015825
0.030720 -0.017662
0.036737 -0.019277
0.043181 -0.021094
0.050044 -0.023072
0.057424 -0.024864
0.065303 -0.026523
0.073595 -0.028343
0.082303 -0.030245
0.091480 -0.031940
0.101103 -0.033501
0.111112 -0.035194
0.121503 -0.036953
0.132307 -0.038527
0.143506 -0.039965
0.155057 -0.041481
0.166950 -0.043036
0.179197 -0.044442
0.191784 -0.045721
0.204680 -0.047021
0.217873 -0.048316
0.231362 -0.049471
0.245132 -0.050515
0.259156 -0.051588
0.273421 -0.052657
0.287923 -0.053575
0.302647 -0.054354
0.317569 -0.055131
0.332674 -0.055891
0.347952 -0.056492
0.363389 -0.056934
0.378963 -0.057341
0.394658 -0.057714
0.410459 -0.057941
0.426351 -0.058015
0.442317 -0.058043
0.458339 -0.058029
0.474399 -0.057861
0.490482 -0.057517
0.506571 -0.057090
0.522650 -0.056598
0.538699 -0.055962
0.554701 -0.055163
0.570642 -0.054272
0.586505 -0.053303
0.602268 -0.052178
0.617911 -0.050860
0.633422 -0.049395
0.648782 -0.047795
0.663966 -0.045996
0.678954 -0.043971
0.693734 -0.041770
0.708291 -0.039423
0.722601 -0.036891
0.736643 -0.034162
0.750416 -0.031312
0.763917 -0.028413
0.777136 -0.025484
0.790062 -0.022540
0.802693 -0.019639
0.815030 -0.016836
0.827059 -0.014132
0.838766 -0.011520
0.850151 -0.009057
0.861215 -0.006814
0.871945 -0.004781
0.882319 -0.002918
0.892327 -0.001236
0.901964 0.000228
0.911216 0.001476
0.920069 0.002535
0.928509 0.003410
0.936528 0.004091
0.944113 0.004582
0.951254 0.004892
0.957939 0.005031
0.964157 0.004999
0.969899 0.004811
0.975154 0.004487
0.979914 0.004055
0.984172 0.003547
0.987925 0.002996
0.991177 0.002439
0.993917 0.001878
0.996131 0.001298
0.997830 0.000758
0.999036 0.000342
0.999759 0.000086
1.000000 0.000000