fx60157
1.000000 0.000000
0.999768 0.000123
0.999068 0.000483
0.997874 0.001020
0.996161 0.001675
0.993953 0.002494
0.991268 0.003510
0.988097 0.004694
0.984434 0.006029
0.980289 0.007527
0.975668 0.009184
0.970563 0.010970
0.964976 0.012868
0.958915 0.014888
0.952387 0.017028
0.945397 0.019275
0.937948 0.021620
0.930051 0.024068
0.921714 0.026616
0.912939 0.029242
0.903734 0.031934
0.894112 0.034710
0.884087 0.037577
0.873662 0.040501
0.862837 0.043451
0.851624 0.046421
0.840036 0.049409
0.828081 0.052399
0.815769 0.055375
0.803107 0.058312
0.790108 0.061195
0.776788 0.064038
0.763165 0.066855
0.749248 0.069605
0.735043 0.072252
0.720570 0.074810
0.705848 0.077298
0.690888 0.079678
0.675702 0.081920
0.660311 0.084058
0.644737 0.086122
0.628990 0.088055
0.613081 0.089807
0.597034 0.091436
0.580872 0.092997
0.564608 0.094433
0.548254 0.095688
0.531832 0.096821
0.515364 0.097880
0.498863 0.098806
0.482345 0.099550
0.465829 0.100186
0.449337 0.100765
0.432883 0.101197
0.416482 0.101417
0.400154 0.101522
0.383917 0.101567
0.367789 0.101440
0.351789 0.101081
0.335929 0.100604
0.320228 0.100064
0.304708 0.099345
0.289386 0.098404
0.274272 0.097367
0.259382 0.096261
0.244745 0.094944
0.230379 0.093400
0.216281 0.091790
0.202472 0.090111
0.188992 0.088179
0.175853 0.086021
0.163035 0.083841
0.150572 0.081581
0.138522 0.079020
0.126877 0.076252
0.115604 0.073496
0.104763 0.070615
0.094427 0.067405
0.084541 0.064078
0.075057 0.060835
0.066109 0.057403
0.057767 0.053635
0.049887 0.049876
0.042452 0.046240
0.035688 0.042372
0.029585 0.038292
0.023884 0.034418
0.018694 0.030688
0.014330 0.026757
0.010581 0.022845
0.007129 0.019313
0.004307 0.015946
0.002416 0.012542
0.001256 0.009332
0.000586 0.006521
0.000234 0.004187
0.000072 0.002359
0.000014 0.001049
0.000001 0.000262
-0.000000 -0.000000
0.000016 -0.000253
0.000229 -0.000979
0.000928 -0.002098
0.002069 -0.003528
0.003592 -0.005210
0.005575 -0.007153
0.008113 -0.009281
0.011309 -0.011330
0.015172 -0.013202
0.019535 -0.015190
0.024331 -0.017366
0.029698 -0.019380
0.035665 -0.021159
0.042097 -0.023032
0.048957 -0.025042
0.056324 -0.026897
0.064197 -0.028594
0.072493 -0.030416
0.081201 -0.032343
0.090372 -0.034090
0.099996 -0.035671
0.110012 -0.037348
0.120410 -0.039098
0.131219 -0.040667
0.142428 -0.042073
0.153990 -0.043542
0.165895 -0.045051
0.178156 -0.046377
0.190760 -0.047534
0.203673 -0.048728
0.216881 -0.049930
0.230388 -0.050927
0.244181 -0.051732
0.258229 -0.052550
0.272517 -0.053370
0.287041 -0.053994
0.301786 -0.054428
0.316730 -0.054869
0.331856 -0.055272
0.347151 -0.055367
0.362600 -0.055201
0.378187 -0.055149
0.393893 -0.055240
0.409701 -0.055115
0.425595 -0.054679
0.441561 -0.054161
0.457581 -0.053626
0.473634 -0.052927
0.489702 -0.052022
0.505775 -0.051028
0.521834 -0.049968
0.537853 -0.048707
0.553810 -0.047196
0.569697 -0.045535
0.585499 -0.043767
0.601187 -0.041806
0.616739 -0.039613
0.632147 -0.037257
0.647398 -0.034785
0.662470 -0.032170
0.677346 -0.029407
0.692026 -0.026585
0.706508 -0.023781
0.720774 -0.020975
0.734805 -0.018157
0.748604 -0.015404
0.762171 -0.012796
0.775490 -0.010328
0.788543 -0.007977
0.801320 -0.005772
0.813815 -0.003757
0.826013 -0.001922
0.837896 -0.000242
0.849450 0.001274
0.860667 0.002599
0.871532 0.003744
0.882030 0.004736
0.892149 0.005571
0.901878 0.006229
0.911206 0.006720
0.920119 0.007067
0.928605 0.007277
0.936656 0.007342
0.944261 0.007270
0.951409 0.007074
0.958091 0.006764
0.964298 0.006341
0.970021 0.005816
0.975251 0.005202
0.979985 0.004533
0.984222 0.003850
0.987958 0.003168
0.991181 0.002480
0.993898 0.001824
0.996123 0.001266
0.997847 0.000797
0.999054 0.000386
0.999764 0.000099
1.000000 0.000000