fx61184
1.000000 0.000000
0.999790 0.000162
0.999151 0.000631
0.998012 0.001283
0.996294 0.001974
0.994049 0.002771
0.991330 0.003739
0.988101 0.004815
0.984347 0.005969
0.980094 0.007244
0.975355 0.008647
0.970118 0.010134
0.964382 0.011688
0.958161 0.013325
0.951463 0.015049
0.944290 0.016837
0.936649 0.018691
0.928554 0.020634
0.920016 0.022672
0.911039 0.024784
0.901633 0.026974
0.891818 0.029284
0.881608 0.031724
0.871003 0.034257
0.860013 0.036867
0.848654 0.039582
0.836941 0.042412
0.824884 0.045340
0.812492 0.048357
0.799781 0.051474
0.786767 0.054695
0.773463 0.058019
0.759881 0.061439
0.746032 0.064942
0.731929 0.068516
0.717585 0.072154
0.703012 0.075843
0.688215 0.079544
0.673202 0.083220
0.657981 0.086836
0.642560 0.090357
0.626948 0.093745
0.611158 0.096965
0.595204 0.100004
0.579105 0.102849
0.562877 0.105479
0.546537 0.107884
0.530109 0.110077
0.513613 0.112069
0.497067 0.113845
0.480490 0.115391
0.463901 0.116716
0.447322 0.117819
0.430771 0.118682
0.414266 0.119292
0.397830 0.119659
0.381482 0.119786
0.365242 0.119660
0.349131 0.119280
0.333167 0.118665
0.317372 0.117820
0.301765 0.116728
0.286366 0.115393
0.271191 0.113844
0.256261 0.112087
0.241596 0.110104
0.227213 0.107914
0.213124 0.105554
0.199349 0.103020
0.185911 0.100285
0.172822 0.097378
0.160090 0.094345
0.147737 0.091172
0.135786 0.087834
0.124254 0.084340
0.113154 0.080707
0.102500 0.076948
0.092306 0.073079
0.082585 0.069113
0.073351 0.065061
0.064627 0.060919
0.056423 0.056706
0.048734 0.052468
0.041571 0.048223
0.034963 0.043961
0.028916 0.039705
0.023421 0.035502
0.018487 0.031373
0.014130 0.027328
0.010370 0.023387
0.007214 0.019580
0.004674 0.015937
0.002740 0.012505
0.001412 0.009358
0.000635 0.006572
0.000244 0.004228
0.000073 0.002381
0.000014 0.001058
0.000001 0.000264
0.000000 0.000000
0.000014 -0.000254
0.000203 -0.000988
0.000831 -0.002142
0.001855 -0.003676
0.003206 -0.005526
0.005071 -0.007565
0.007630 -0.009667
0.010815 -0.011817
0.014512 -0.014025
0.018746 -0.016255
0.023538 -0.018484
0.028861 -0.020714
0.034689 -0.022948
0.041020 -0.025168
0.047848 -0.027370
0.055155 -0.029569
0.062927 -0.031768
0.071160 -0.033949
0.079846 -0.036099
0.088975 -0.038216
0.098534 -0.040298
0.108513 -0.042344
0.118900 -0.044347
0.129687 -0.046295
0.140862 -0.048175
0.152414 -0.049975
0.164331 -0.051691
0.176598 -0.053322
0.189202 -0.054867
0.202130 -0.056319
0.215367 -0.057667
0.228901 -0.058903
0.242716 -0.060019
0.256798 -0.061015
0.271130 -0.061887
0.285698 -0.062626
0.300485 -0.063226
0.315475 -0.063676
0.330653 -0.063972
0.346000 -0.064111
0.361500 -0.064090
0.377136 -0.063898
0.392889 -0.063521
0.408741 -0.062947
0.424674 -0.062163
0.440667 -0.061158
0.456701 -0.059915
0.472753 -0.058411
0.488801 -0.056634
0.504827 -0.054594
0.520810 -0.052301
0.536731 -0.049759
0.552571 -0.046986
0.568321 -0.044030
0.583970 -0.040937
0.599510 -0.037754
0.614933 -0.034526
0.630233 -0.031300
0.645403 -0.028119
0.660433 -0.025013
0.675313 -0.022008
0.690032 -0.019129
0.704575 -0.016391
0.718928 -0.013793
0.733074 -0.011329
0.746998 -0.009007
0.760688 -0.006840
0.774129 -0.004829
0.787304 -0.002972
0.800201 -0.001271
0.812806 0.000272
0.825103 0.001661
0.837078 0.002901
0.848719 0.003990
0.860012 0.004921
0.870946 0.005698
0.881506 0.006333
0.891680 0.006831
0.901457 0.007187
0.910825 0.007405
0.919773 0.007497
0.928290 0.007477
0.936367 0.007359
0.943993 0.007145
0.951160 0.006826
0.957858 0.006409
0.964080 0.005918
0.969819 0.005360
0.975065 0.004732
0.979816 0.004068
0.984073 0.003436
0.987836 0.002856
0.991101 0.002306
0.993854 0.001759
0.996079 0.001183
0.997789 0.000654
0.999014 0.000280
0.999753 0.000069
1.000000 0.000000