fx63137
1.000000 0.000000
0.999793 0.000167
0.999162 0.000655
0.998047 0.001366
0.996380 0.002190
0.994210 0.003195
0.991589 0.004447
0.988475 0.005873
0.984839 0.007414
0.980700 0.009088
0.976071 0.010901
0.970946 0.012827
0.965320 0.014842
0.959198 0.016937
0.952589 0.019106
0.945502 0.021353
0.937943 0.023678
0.929921 0.026074
0.921445 0.028542
0.912528 0.031092
0.903180 0.033728
0.893405 0.036427
0.883213 0.039182
0.872623 0.042026
0.861649 0.044969
0.850291 0.047959
0.838553 0.050971
0.826459 0.054048
0.814028 0.057208
0.801256 0.060388
0.788151 0.063559
0.774742 0.066787
0.761052 0.070103
0.747072 0.073410
0.732804 0.076652
0.718282 0.079915
0.703533 0.083241
0.688542 0.086488
0.673306 0.089569
0.657866 0.092601
0.642252 0.095651
0.626454 0.098563
0.610470 0.101243
0.594340 0.103822
0.578095 0.106367
0.561730 0.108706
0.545247 0.110750
0.528688 0.112676
0.512083 0.114556
0.495429 0.116192
0.478737 0.117508
0.462042 0.118708
0.445369 0.119842
0.428724 0.120669
0.412122 0.121147
0.395589 0.121537
0.379150 0.121863
0.362821 0.121842
0.346617 0.121477
0.330552 0.121059
0.314652 0.120538
0.298951 0.119592
0.283457 0.118312
0.268167 0.117024
0.253118 0.115580
0.238366 0.113655
0.223894 0.111473
0.209677 0.109368
0.195783 0.107070
0.182279 0.104293
0.169107 0.101384
0.156239 0.098589
0.143797 0.095504
0.131831 0.091974
0.120223 0.088462
0.108981 0.085045
0.098288 0.081242
0.088125 0.077119
0.078313 0.073187
0.068960 0.069276
0.060290 0.064919
0.052183 0.060398
0.044459 0.056124
0.037191 0.051964
0.030517 0.047708
0.024583 0.043238
0.019402 0.038595
0.014863 0.033957
0.011018 0.029374
0.007997 0.024823
0.005661 0.020429
0.003769 0.016368
0.002255 0.012712
0.001191 0.009456
0.000555 0.006618
0.000221 0.004250
0.000068 0.002393
0.000013 0.001063
0.000001 0.000266
0.000000 0.000000
0.000015 -0.000252
0.000217 -0.000980
0.000900 -0.002100
0.002075 -0.003490
0.003676 -0.005090
0.005710 -0.006993
0.008261 -0.009091
0.011560 -0.010864
0.015657 -0.012152
0.020254 -0.013534
0.025263 -0.015056
0.030856 -0.016141
0.037030 -0.016858
0.043645 -0.017766
0.050690 -0.018769
0.058229 -0.019423
0.066244 -0.019873
0.074682 -0.020508
0.083539 -0.021177
0.092833 -0.021550
0.102549 -0.021778
0.112658 -0.022156
0.123155 -0.022538
0.134036 -0.022652
0.145291 -0.022628
0.156902 -0.022713
0.168856 -0.022777
0.181141 -0.022586
0.193747 -0.022246
0.206663 -0.021977
0.219872 -0.021682
0.233356 -0.021158
0.247103 -0.020481
0.261107 -0.019832
0.275348 -0.019146
0.289803 -0.018249
0.304461 -0.017188
0.319316 -0.016116
0.334348 -0.014999
0.349532 -0.013699
0.364854 -0.012233
0.380308 -0.010718
0.395878 -0.009164
0.411540 -0.007497
0.427280 -0.005719
0.443088 -0.003895
0.458948 -0.002035
0.474840 -0.000102
0.490748 0.001899
0.506663 0.003910
0.522572 0.005900
0.538459 0.007874
0.554309 0.009817
0.570112 0.011683
0.585852 0.013459
0.601508 0.015185
0.617065 0.016866
0.632513 0.018433
0.647839 0.019853
0.663022 0.021178
0.678044 0.022433
0.692893 0.023560
0.707557 0.024518
0.722018 0.025348
0.736258 0.026083
0.750262 0.026690
0.764018 0.027138
0.777510 0.027445
0.790722 0.027632
0.803639 0.027682
0.816249 0.027577
0.828535 0.027321
0.840483 0.026924
0.852081 0.026389
0.863314 0.025719
0.874170 0.024930
0.884637 0.024039
0.894704 0.023051
0.904358 0.021968
0.913591 0.020807
0.922392 0.019584
0.930753 0.018307
0.938663 0.016977
0.946112 0.015599
0.953093 0.014180
0.959599 0.012738
0.965627 0.011293
0.971167 0.009850
0.976213 0.008413
0.980765 0.007010
0.984828 0.005679
0.988402 0.004444
0.991491 0.003325
0.994095 0.002335
0.996215 0.001489
0.997863 0.000819
0.999046 0.000356
0.999761 0.000088
1.000000 0.000000