fx63100
1.000000 0.000000
0.999751 0.000076
0.999006 0.000304
0.997764 0.000684
0.996027 0.001215
0.993796 0.001896
0.991074 0.002726
0.987863 0.003700
0.984165 0.004816
0.979982 0.006066
0.975317 0.007443
0.970173 0.008933
0.964550 0.010524
0.958450 0.012195
0.951874 0.013923
0.944821 0.015678
0.937295 0.017442
0.929302 0.019211
0.920853 0.020988
0.911958 0.022783
0.902632 0.024613
0.892891 0.026503
0.882751 0.028469
0.872221 0.030511
0.861312 0.032622
0.850033 0.034796
0.838395 0.037027
0.826408 0.039306
0.814082 0.041625
0.801428 0.043975
0.788457 0.046346
0.775182 0.048732
0.761614 0.051123
0.747768 0.053512
0.733656 0.055890
0.719292 0.058249
0.704690 0.060579
0.689864 0.062873
0.674828 0.065121
0.659596 0.067314
0.644185 0.069447
0.628608 0.071509
0.612882 0.073495
0.597021 0.075398
0.581041 0.077208
0.564960 0.078916
0.548793 0.080510
0.532556 0.081980
0.516267 0.083315
0.499943 0.084504
0.483600 0.085541
0.467257 0.086428
0.450930 0.087170
0.434638 0.087775
0.418398 0.088248
0.402229 0.088596
0.386147 0.088823
0.370170 0.088921
0.354317 0.088876
0.338605 0.088678
0.323050 0.088317
0.307671 0.087787
0.292484 0.087081
0.277507 0.086202
0.262757 0.085154
0.248250 0.083944
0.234005 0.082580
0.220035 0.081074
0.206355 0.079440
0.192980 0.077692
0.179923 0.075839
0.167202 0.073874
0.154829 0.071795
0.142820 0.069601
0.131191 0.067289
0.119962 0.064849
0.109153 0.062276
0.098780 0.059569
0.088851 0.056750
0.079365 0.053855
0.070324 0.050920
0.061729 0.047975
0.053612 0.044994
0.046015 0.041932
0.038967 0.038764
0.032474 0.035504
0.026484 0.032268
0.020972 0.029137
0.016048 0.025981
0.011809 0.022686
0.008286 0.019225
0.005478 0.015693
0.003370 0.012287
0.001894 0.009163
0.000944 0.006424
0.000397 0.004135
0.000128 0.002333
0.000026 0.001038
0.000002 0.000260
-0.000000 0.000000
0.000007 -0.000251
0.000106 -0.000969
0.000513 -0.002065
0.001519 -0.003403
0.003394 -0.004838
0.006243 -0.006250
0.009838 -0.007596
0.013741 -0.008895
0.017867 -0.010106
0.022252 -0.011204
0.027019 -0.012197
0.032318 -0.013111
0.038179 -0.013925
0.044607 -0.014618
0.051603 -0.015176
0.059159 -0.015591
0.067255 -0.015869
0.075865 -0.016023
0.084948 -0.016083
0.094452 -0.016090
0.104309 -0.016105
0.114461 -0.016176
0.124915 -0.016289
0.135694 -0.016412
0.146830 -0.016505
0.158351 -0.016530
0.170245 -0.016486
0.182489 -0.016378
0.195056 -0.016214
0.207920 -0.016001
0.221068 -0.015722
0.234487 -0.015356
0.248167 -0.014874
0.262098 -0.014254
0.276266 -0.013502
0.290655 -0.012639
0.305250 -0.011686
0.320036 -0.010668
0.334999 -0.009600
0.350124 -0.008495
0.365398 -0.007368
0.380806 -0.006233
0.396335 -0.005105
0.411970 -0.003998
0.427694 -0.002910
0.443491 -0.001820
0.459343 -0.000711
0.475232 0.000438
0.491140 0.001645
0.507051 0.002930
0.522948 0.004289
0.538816 0.005694
0.554643 0.007116
0.570415 0.008524
0.586117 0.009889
0.601737 0.011185
0.617259 0.012393
0.632668 0.013516
0.647948 0.014555
0.663084 0.015513
0.678060 0.016393
0.692861 0.017198
0.707472 0.017928
0.721876 0.018572
0.736058 0.019122
0.750004 0.019569
0.763697 0.019905
0.777124 0.020126
0.790269 0.020227
0.803120 0.020206
0.815663 0.020065
0.827885 0.019813
0.839774 0.019463
0.851318 0.019028
0.862506 0.018518
0.873326 0.017945
0.883767 0.017320
0.893819 0.016653
0.903472 0.015951
0.912711 0.015200
0.921522 0.014379
0.929891 0.013478
0.937809 0.012494
0.945266 0.011428
0.952256 0.010291
0.958776 0.009113
0.964825 0.007931
0.970402 0.006776
0.975506 0.005672
0.980134 0.004640
0.984285 0.003693
0.987955 0.002842
0.991142 0.002096
0.993843 0.001459
0.996057 0.000935
0.997781 0.000527
0.999013 0.000234
0.999753 0.000059
1.000000 -0.000000