fx66h80
1.000000 0.000000
0.999744 0.000003
0.998976 0.000010
0.997697 0.000013
0.995909 0.000018
0.993613 0.000070
0.990813 0.000182
0.987510 0.000315
0.983708 0.000453
0.979411 0.000608
0.974622 0.000779
0.969347 0.000962
0.963591 0.001155
0.957360 0.001363
0.950660 0.001591
0.943499 0.001851
0.935884 0.002145
0.927821 0.002472
0.919321 0.002837
0.910392 0.003253
0.901043 0.003722
0.891284 0.004237
0.881124 0.004799
0.870574 0.005420
0.859647 0.006108
0.848352 0.006863
0.836702 0.007688
0.824709 0.008589
0.812386 0.009567
0.799745 0.010623
0.786800 0.011759
0.773563 0.012974
0.760049 0.014268
0.746271 0.015634
0.732243 0.017066
0.717978 0.018566
0.703491 0.020132
0.688797 0.021752
0.673908 0.023416
0.658840 0.025125
0.643609 0.026879
0.628231 0.028679
0.612720 0.030523
0.597092 0.032406
0.581362 0.034321
0.565546 0.036265
0.549660 0.038229
0.533717 0.040204
0.517734 0.042177
0.501724 0.044140
0.485705 0.046086
0.469691 0.048014
0.453700 0.049921
0.437745 0.051800
0.421844 0.053638
0.406009 0.055419
0.390255 0.057120
0.374594 0.058713
0.359042 0.060163
0.343611 0.061443
0.328317 0.062529
0.313178 0.063402
0.298210 0.064045
0.283431 0.064458
0.268861 0.064645
0.254517 0.064608
0.240418 0.064349
0.226580 0.063858
0.213024 0.063124
0.199767 0.062149
0.186828 0.060941
0.174223 0.059513
0.161969 0.057878
0.150080 0.056060
0.138568 0.054086
0.127446 0.051978
0.116724 0.049754
0.106416 0.047427
0.096531 0.045009
0.087081 0.042516
0.078073 0.039969
0.069517 0.037380
0.061423 0.034758
0.053799 0.032113
0.046656 0.029457
0.039997 0.026806
0.033829 0.024180
0.028159 0.021585
0.022997 0.019030
0.018342 0.016541
0.014190 0.014149
0.010552 0.011855
0.007435 0.009664
0.004868 0.007581
0.002859 0.005631
0.001429 0.003826
0.000533 0.002238
0.000117 0.001014
0.000008 0.000256
0.000000 -0.000000
0.000010 -0.000253
0.000148 -0.001004
0.000683 -0.002180
0.001881 -0.003495
0.003851 -0.004650
0.006444 -0.005665
0.009566 -0.006579
0.013223 -0.007415
0.017404 -0.008169
0.022086 -0.008839
0.027259 -0.009438
0.032916 -0.009991
0.039048 -0.010495
0.045648 -0.010950
0.052707 -0.011363
0.060218 -0.011748
0.068173 -0.012098
0.076563 -0.012410
0.085380 -0.012694
0.094613 -0.012959
0.104254 -0.013202
0.114293 -0.013417
0.124720 -0.013611
0.135523 -0.013796
0.146693 -0.013974
0.158217 -0.014146
0.170084 -0.014307
0.182282 -0.014450
0.194799 -0.014582
0.207622 -0.014712
0.220738 -0.014845
0.234134 -0.014982
0.247796 -0.015126
0.261711 -0.015281
0.275865 -0.015445
0.290243 -0.015614
0.304830 -0.015785
0.319613 -0.015959
0.334577 -0.016135
0.349705 -0.016312
0.364984 -0.016488
0.380397 -0.016656
0.395930 -0.016815
0.411566 -0.016969
0.427290 -0.017115
0.443086 -0.017249
0.458938 -0.017366
0.474831 -0.017464
0.490747 -0.017544
0.506672 -0.017602
0.522588 -0.017638
0.538481 -0.017652
0.554334 -0.017642
0.570130 -0.017606
0.585855 -0.017543
0.601491 -0.017456
0.617025 -0.017345
0.632438 -0.017212
0.647717 -0.017054
0.662846 -0.016873
0.677809 -0.016668
0.692591 -0.016440
0.707177 -0.016188
0.721554 -0.015912
0.735705 -0.015608
0.749617 -0.015280
0.763275 -0.014925
0.776667 -0.014544
0.789777 -0.014131
0.802593 -0.013686
0.815101 -0.013205
0.827289 -0.012687
0.839145 -0.012132
0.850655 -0.011545
0.861809 -0.010933
0.872595 -0.010302
0.883004 -0.009658
0.893025 -0.009011
0.902647 -0.008371
0.911863 -0.007741
0.920662 -0.007119
0.929036 -0.006508
0.936976 -0.005908
0.944474 -0.005324
0.951523 -0.004763
0.958116 -0.004223
0.964247 -0.003701
0.969908 -0.003197
0.975094 -0.002718
0.979801 -0.002263
0.984021 -0.001827
0.987754 -0.001425
0.990999 -0.001089
0.993749 -0.000800
0.995995 -0.000498
0.997740 -0.000226
0.998992 -0.000074
0.999748 -0.000017
1.000000 -0.000000