fx66s161
1.000000 0.000000
0.999748 0.000076
0.998993 0.000301
0.997732 0.000668
0.995963 0.001162
0.993685 0.001770
0.990898 0.002490
0.987609 0.003329
0.983821 0.004286
0.979536 0.005352
0.974756 0.006514
0.969480 0.007752
0.963712 0.009057
0.957458 0.010429
0.950727 0.011873
0.943529 0.013401
0.935872 0.015018
0.927764 0.016721
0.919213 0.018512
0.910228 0.020389
0.900819 0.022352
0.890995 0.024398
0.880765 0.026525
0.870140 0.028729
0.859132 0.031019
0.847758 0.033415
0.836028 0.035910
0.823946 0.038468
0.811524 0.041081
0.798782 0.043780
0.785734 0.046574
0.772389 0.049439
0.758758 0.052357
0.744855 0.055330
0.730695 0.058357
0.716292 0.061437
0.701661 0.064568
0.686818 0.067750
0.671776 0.070971
0.656543 0.074200
0.641134 0.077424
0.625570 0.080673
0.609869 0.083951
0.594037 0.087205
0.578082 0.090399
0.562026 0.093552
0.545885 0.096659
0.529662 0.099645
0.513367 0.102464
0.497026 0.105165
0.480661 0.107769
0.464277 0.110188
0.447882 0.112354
0.431497 0.114270
0.415141 0.115916
0.398828 0.117183
0.382579 0.118023
0.366420 0.118521
0.350381 0.118718
0.334483 0.118544
0.318750 0.117990
0.303198 0.117165
0.287850 0.116103
0.272733 0.114723
0.257870 0.113003
0.243276 0.111001
0.228973 0.108738
0.214986 0.106191
0.201331 0.103382
0.188019 0.100366
0.175064 0.097163
0.162489 0.093769
0.150304 0.090209
0.138516 0.086524
0.127142 0.082721
0.116201 0.078795
0.105703 0.074769
0.095653 0.070674
0.086065 0.066518
0.076955 0.062309
0.068328 0.058070
0.060186 0.053830
0.052543 0.049596
0.045414 0.045374
0.038798 0.041193
0.032693 0.037081
0.027113 0.033050
0.022065 0.029111
0.017553 0.025286
0.013572 0.021605
0.010119 0.018098
0.007185 0.014798
0.004768 0.011726
0.002859 0.008910
0.001497 0.006371
0.000653 0.004156
0.000217 0.002359
0.000044 0.001051
0.000003 0.000263
0.000000 0.000000
0.000007 -0.000254
0.000112 -0.001009
0.000515 -0.002228
0.001393 -0.003814
0.002815 -0.005609
0.004845 -0.007515
0.007485 -0.009474
0.010735 -0.011421
0.014564 -0.013323
0.018944 -0.015197
0.023849 -0.017062
0.029277 -0.018881
0.035219 -0.020641
0.041657 -0.022365
0.048575 -0.024059
0.055972 -0.025694
0.063836 -0.027265
0.072153 -0.028800
0.080912 -0.030293
0.090106 -0.031714
0.099726 -0.033063
0.109756 -0.034368
0.120185 -0.035623
0.131005 -0.036791
0.142204 -0.037873
0.153767 -0.038904
0.165682 -0.039875
0.177938 -0.040738
0.190524 -0.041497
0.203422 -0.042195
0.216618 -0.042827
0.230101 -0.043346
0.243858 -0.043736
0.257872 -0.044008
0.272129 -0.044128
0.286610 -0.044019
0.301301 -0.043704
0.316188 -0.043304
0.331253 -0.042836
0.346478 -0.042209
0.361847 -0.041405
0.377347 -0.040496
0.392960 -0.039477
0.408660 -0.038238
0.424430 -0.036759
0.440260 -0.035153
0.456139 -0.033477
0.472047 -0.031695
0.487968 -0.029818
0.503898 -0.027950
0.519829 -0.026148
0.535735 -0.024355
0.551599 -0.022542
0.567411 -0.020775
0.583160 -0.019093
0.598823 -0.017445
0.614382 -0.015796
0.629825 -0.014198
0.645142 -0.012703
0.660315 -0.011287
0.675326 -0.009922
0.690160 -0.008629
0.704806 -0.007434
0.719246 -0.006322
0.733464 -0.005273
0.747446 -0.004293
0.761178 -0.003390
0.774646 -0.002558
0.787835 -0.001784
0.800732 -0.001090
0.813327 -0.000503
0.825604 0.000000
0.837549 0.000464
0.849150 0.000875
0.860397 0.001192
0.871277 0.001425
0.881780 0.001609
0.891893 0.001755
0.901606 0.001859
0.910910 0.001918
0.919794 0.001930
0.928251 0.001902
0.936270 0.001845
0.943845 0.001767
0.950968 0.001676
0.957631 0.001574
0.963827 0.001458
0.969549 0.001326
0.974793 0.001181
0.979552 0.001027
0.983823 0.000874
0.987603 0.000730
0.990886 0.000600
0.993670 0.000478
0.995949 0.000350
0.997722 0.000219
0.998988 0.000104
0.999747 0.000027
1.000000 0.000000