fx69274
0.998930 0.007430
0.998662 0.007483
0.997858 0.007643
0.996521 0.007913
0.994654 0.008310
0.992264 0.008851
0.989353 0.009535
0.985922 0.010353
0.981977 0.011310
0.977523 0.012413
0.972564 0.013659
0.967106 0.015046
0.961156 0.016585
0.954725 0.018287
0.947824 0.020171
0.940465 0.022249
0.932654 0.024514
0.924398 0.026955
0.915706 0.029577
0.906591 0.032388
0.897061 0.035379
0.887123 0.038541
0.876786 0.041861
0.866057 0.045333
0.854953 0.048967
0.843490 0.052777
0.831678 0.056751
0.819522 0.060865
0.807030 0.065101
0.794211 0.069448
0.781076 0.073891
0.767634 0.078417
0.753893 0.083002
0.739859 0.087620
0.725551 0.092279
0.710991 0.096999
0.696188 0.101753
0.681138 0.106481
0.665853 0.111163
0.650350 0.115800
0.634642 0.120372
0.618735 0.124839
0.602650 0.129208
0.586413 0.133510
0.570029 0.137690
0.553493 0.141645
0.536827 0.145389
0.520066 0.148990
0.503220 0.152386
0.486288 0.155470
0.469294 0.158259
0.452272 0.160810
0.435238 0.163079
0.418203 0.164994
0.401190 0.166531
0.384223 0.167673
0.367330 0.168396
0.350536 0.168702
0.333866 0.168664
0.317346 0.168269
0.301013 0.167362
0.284893 0.165934
0.269006 0.164128
0.253381 0.161960
0.238050 0.159364
0.223047 0.156325
0.208404 0.152857
0.194138 0.149009
0.180266 0.144832
0.166805 0.140357
0.153780 0.135597
0.141220 0.130549
0.129146 0.125231
0.117570 0.119691
0.106488 0.113989
0.095893 0.108182
0.085825 0.102252
0.076332 0.096166
0.067394 0.089998
0.058982 0.083829
0.051133 0.077651
0.043876 0.071461
0.037190 0.065316
0.031063 0.059263
0.025525 0.053307
0.020589 0.047464
0.016247 0.041776
0.012486 0.036284
0.009300 0.031027
0.006668 0.026044
0.004557 0.021384
0.002923 0.017089
0.001733 0.013203
0.000935 0.009764
0.000450 0.006808
0.000184 0.004366
0.000058 0.002458
0.000011 0.001093
0.000001 0.000273
-0.000000 -0.000000
0.000001 -0.000262
0.000013 -0.001048
0.000065 -0.002357
0.000207 -0.004186
0.000506 -0.006523
0.001052 -0.009344
0.001952 -0.012609
0.003305 -0.016266
0.005200 -0.020246
0.007715 -0.024462
0.010920 -0.028812
0.014837 -0.033218
0.019417 -0.037671
0.024642 -0.042118
0.030569 -0.046430
0.037162 -0.050603
0.044313 -0.054737
0.052012 -0.058797
0.060286 -0.062695
0.069106 -0.066435
0.078434 -0.070039
0.088249 -0.073514
0.098536 -0.076848
0.109288 -0.079995
0.120485 -0.082960
0.132095 -0.085794
0.144099 -0.088498
0.156490 -0.091038
0.169255 -0.093385
0.182379 -0.095521
0.195842 -0.097450
0.209624 -0.099182
0.223706 -0.100723
0.238072 -0.102070
0.252705 -0.103186
0.267588 -0.104055
0.282701 -0.104723
0.298021 -0.105213
0.313534 -0.105492
0.329221 -0.105530
0.345063 -0.105330
0.361039 -0.104910
0.377134 -0.104303
0.393328 -0.103522
0.409602 -0.102548
0.425940 -0.101392
0.442325 -0.100095
0.458741 -0.098667
0.475167 -0.097074
0.491582 -0.095288
0.507963 -0.093294
0.524300 -0.091138
0.540587 -0.088926
0.556809 -0.086665
0.572934 -0.084262
0.588944 -0.081707
0.604834 -0.079077
0.620590 -0.076400
0.636192 -0.073651
0.651623 -0.070834
0.666875 -0.067985
0.681933 -0.065118
0.696778 -0.062217
0.711394 -0.059282
0.725771 -0.056336
0.739898 -0.053402
0.753764 -0.050501
0.767357 -0.047642
0.780660 -0.044818
0.793660 -0.042028
0.806345 -0.039284
0.818708 -0.036613
0.830747 -0.034066
0.842453 -0.031668
0.853807 -0.029378
0.864786 -0.027152
0.875377 -0.024973
0.885572 -0.022857
0.895384 -0.020936
0.904822 -0.019313
0.913854 -0.017871
0.922447 -0.016472
0.930593 -0.015137
0.938297 -0.013928
0.945549 -0.012849
0.952338 -0.011874
0.958657 -0.010999
0.964499 -0.010226
0.969858 -0.009559
0.974728 -0.009001
0.979105 -0.008549
0.982981 -0.008188
0.986350 -0.007903
0.989208 -0.007668
0.991550 -0.007472
0.993373 -0.007315
0.994676 -0.007201
0.995459 -0.007133
0.995720 -0.007110