fx711520
1.000000 -0.000000
0.999743 0.000022
0.998971 0.000087
0.997685 0.000196
0.995887 0.000353
0.993579 0.000555
0.990762 0.000798
0.987439 0.001072
0.983612 0.001370
0.979286 0.001689
0.974463 0.002031
0.969151 0.002400
0.963354 0.002800
0.957079 0.003234
0.950333 0.003706
0.943121 0.004222
0.935453 0.004783
0.927335 0.005387
0.918775 0.006030
0.909782 0.006709
0.900365 0.007422
0.890534 0.008173
0.880298 0.008966
0.869670 0.009808
0.858660 0.010717
0.847285 0.011726
0.835556 0.012857
0.823487 0.014120
0.811098 0.015561
0.798415 0.017264
0.785455 0.019247
0.772223 0.021434
0.758724 0.023753
0.744962 0.026146
0.730947 0.028594
0.716703 0.031144
0.702245 0.033805
0.687577 0.036510
0.672705 0.039211
0.657649 0.041923
0.642423 0.044655
0.627041 0.047375
0.611512 0.050061
0.595856 0.052727
0.580088 0.055364
0.564208 0.057869
0.548223 0.060166
0.532159 0.062321
0.516042 0.064397
0.499883 0.066313
0.483690 0.067991
0.467484 0.069484
0.451292 0.070847
0.435128 0.072015
0.419004 0.072925
0.402944 0.073668
0.386969 0.074330
0.371096 0.074809
0.355339 0.075003
0.339716 0.075011
0.324247 0.074939
0.308950 0.074707
0.293844 0.074231
0.278940 0.073612
0.264254 0.072943
0.249806 0.072127
0.235618 0.071084
0.221696 0.069927
0.208050 0.068746
0.194705 0.067431
0.181685 0.065902
0.168989 0.064276
0.156625 0.062630
0.144624 0.060852
0.133005 0.058894
0.121758 0.056896
0.110891 0.054902
0.100453 0.052741
0.090462 0.050387
0.080881 0.048041
0.071724 0.045726
0.063057 0.043249
0.054882 0.040630
0.047151 0.038055
0.039917 0.035449
0.033269 0.032639
0.027124 0.029796
0.021418 0.027093
0.016398 0.024209
0.012118 0.021066
0.008209 0.018154
0.004867 0.015386
0.002641 0.012294
0.001339 0.009178
0.000614 0.006413
0.000240 0.004119
0.000073 0.002322
0.000014 0.001033
0.000001 0.000258
0.000000 0.000000
0.000001 -0.000258
0.000014 -0.001033
0.000073 -0.002322
0.000240 -0.004119
0.000614 -0.006413
0.001339 -0.009178
0.002641 -0.012294
0.004867 -0.015386
0.008209 -0.018154
0.012118 -0.021066
0.016398 -0.024209
0.021418 -0.027093
0.027124 -0.029796
0.033269 -0.032639
0.039917 -0.035449
0.047151 -0.038055
0.054882 -0.040630
0.063057 -0.043249
0.071724 -0.045726
0.080881 -0.048041
0.090462 -0.050387
0.100453 -0.052741
0.110891 -0.054902
0.121758 -0.056896
0.133005 -0.058894
0.144624 -0.060852
0.156625 -0.062630
0.168989 -0.064276
0.181685 -0.065902
0.194705 -0.067431
0.208050 -0.068746
0.221696 -0.069927
0.235618 -0.071084
0.249806 -0.072127
0.264254 -0.072943
0.278940 -0.073612
0.293844 -0.074231
0.308950 -0.074707
0.324247 -0.074939
0.339716 -0.075011
0.355339 -0.075003
0.371096 -0.074809
0.386969 -0.074330
0.402944 -0.073668
0.419004 -0.072925
0.435128 -0.072015
0.451292 -0.070847
0.467484 -0.069484
0.483690 -0.067991
0.499883 -0.066313
0.516042 -0.064397
0.532159 -0.062321
0.548223 -0.060166
0.564208 -0.057869
0.580088 -0.055364
0.595856 -0.052727
0.611512 -0.050061
0.627041 -0.047375
0.642423 -0.044655
0.657649 -0.041923
0.672705 -0.039211
0.687577 -0.036510
0.702245 -0.033805
0.716703 -0.031144
0.730947 -0.028594
0.744962 -0.026146
0.758724 -0.023753
0.772223 -0.021434
0.785455 -0.019247
0.798415 -0.017264
0.811098 -0.015561
0.823487 -0.014120
0.835556 -0.012857
0.847285 -0.011726
0.858660 -0.010717
0.869670 -0.009808
0.880298 -0.008966
0.890534 -0.008173
0.900365 -0.007422
0.909782 -0.006709
0.918775 -0.006030
0.927335 -0.005387
0.935453 -0.004783
0.943121 -0.004222
0.950333 -0.003706
0.957079 -0.003234
0.963354 -0.002800
0.969151 -0.002400
0.974463 -0.002031
0.979286 -0.001689
0.983612 -0.001370
0.987439 -0.001072
0.990762 -0.000798
0.993579 -0.000555
0.995887 -0.000353
0.997685 -0.000196
0.998971 -0.000087
0.999743 -0.000022
1.000000 0.000000