fx74130wp2mod
1.000000 0.000000
0.999759 0.000097
0.999032 0.000382
0.997805 0.000807
0.996061 0.001317
0.993803 0.001912
0.991040 0.002594
0.987774 0.003368
0.984007 0.004234
0.979744 0.005185
0.974988 0.006222
0.969747 0.007350
0.964025 0.008569
0.957827 0.009874
0.951163 0.011273
0.944044 0.012794
0.936482 0.014454
0.928486 0.016253
0.920062 0.018183
0.911213 0.020219
0.901946 0.022352
0.892275 0.024594
0.882211 0.026950
0.871762 0.029410
0.860940 0.031979
0.849764 0.034685
0.838250 0.037546
0.826409 0.040555
0.814253 0.043703
0.801793 0.046986
0.789041 0.050398
0.776010 0.053936
0.762711 0.057584
0.749147 0.061303
0.735319 0.065042
0.721228 0.068747
0.706873 0.072360
0.692258 0.075812
0.677385 0.079041
0.662271 0.082021
0.646937 0.084746
0.631406 0.087237
0.615705 0.089526
0.599853 0.091630
0.583873 0.093563
0.567784 0.095336
0.551604 0.096961
0.535352 0.098435
0.519046 0.099751
0.502701 0.100898
0.486337 0.101862
0.469969 0.102618
0.453617 0.103137
0.437300 0.103387
0.421039 0.103342
0.404855 0.103012
0.388769 0.102425
0.372800 0.101610
0.356965 0.100595
0.341280 0.099412
0.325762 0.098087
0.310428 0.096620
0.295295 0.095005
0.280382 0.093240
0.265705 0.091326
0.251279 0.089279
0.237118 0.087118
0.223238 0.084845
0.209655 0.082459
0.196384 0.079968
0.183439 0.077384
0.170834 0.074710
0.158583 0.071951
0.146700 0.069112
0.135199 0.066200
0.124092 0.063223
0.113391 0.060190
0.103108 0.057105
0.093256 0.053976
0.083846 0.050814
0.074886 0.047627
0.066392 0.044417
0.058375 0.041188
0.050843 0.037953
0.043804 0.034730
0.037260 0.031539
0.031220 0.028392
0.025706 0.025276
0.020727 0.022202
0.016277 0.019209
0.012358 0.016320
0.008999 0.013522
0.006210 0.010838
0.003988 0.008324
0.002308 0.006031
0.001138 0.003997
0.000415 0.002298
0.000090 0.001033
0.000006 0.000260
-0.000000 -0.000000
0.000008 -0.000254
0.000121 -0.001012
0.000576 -0.002220
0.001657 -0.003633
0.003536 -0.004931
0.006073 -0.006112
0.009132 -0.007234
0.012725 -0.008324
0.016850 -0.009376
0.021484 -0.010369
0.026616 -0.011305
0.032238 -0.012206
0.038340 -0.013078
0.044913 -0.013927
0.051950 -0.014743
0.059445 -0.015518
0.067388 -0.016255
0.075769 -0.016962
0.084580 -0.017643
0.093811 -0.018301
0.103452 -0.018928
0.113494 -0.019519
0.123926 -0.020082
0.134737 -0.020626
0.145916 -0.021146
0.157452 -0.021634
0.169333 -0.022093
0.181546 -0.022529
0.194080 -0.022942
0.206921 -0.023328
0.220056 -0.023685
0.233473 -0.024012
0.247158 -0.024311
0.261096 -0.024588
0.275274 -0.024841
0.289677 -0.025065
0.304291 -0.025258
0.319101 -0.025424
0.334092 -0.025560
0.349249 -0.025665
0.364556 -0.025739
0.379998 -0.025783
0.395559 -0.025800
0.411225 -0.025793
0.426978 -0.025759
0.442803 -0.025690
0.458684 -0.025582
0.474605 -0.025441
0.490549 -0.025268
0.506501 -0.025061
0.522445 -0.024818
0.538364 -0.024534
0.554242 -0.024210
0.570063 -0.023845
0.585811 -0.023437
0.601470 -0.022981
0.617023 -0.022474
0.632455 -0.021915
0.647750 -0.021300
0.662892 -0.020617
0.677864 -0.019851
0.692649 -0.018977
0.707230 -0.017974
0.721589 -0.016821
0.735708 -0.015510
0.749574 -0.014057
0.763172 -0.012491
0.776493 -0.010862
0.789532 -0.009224
0.802278 -0.007621
0.814725 -0.006096
0.826865 -0.004689
0.838689 -0.003436
0.850183 -0.002339
0.861334 -0.001387
0.872127 -0.000561
0.882549 0.000160
0.892589 0.000786
0.902236 0.001319
0.911480 0.001766
0.920309 0.002133
0.928715 0.002417
0.936690 0.002606
0.944224 0.002694
0.951309 0.002684
0.957935 0.002595
0.964098 0.002456
0.969789 0.002282
0.975002 0.002073
0.979733 0.001836
0.983978 0.001588
0.987731 0.001339
0.990988 0.001092
0.993748 0.000856
0.996009 0.000641
0.997767 0.000437
0.999013 0.000223
0.999753 0.000058
1.000000 -0.000000