fx76mp140
1.000000 0.000000
0.999856 0.000233
0.999403 0.000909
0.998470 0.001815
0.996763 0.002592
0.994430 0.003392
0.991733 0.004514
0.988566 0.005826
0.984830 0.007208
0.980578 0.008711
0.975851 0.010365
0.970627 0.012132
0.964901 0.014001
0.958698 0.016014
0.952035 0.018190
0.944907 0.020502
0.937320 0.022942
0.929290 0.025534
0.920830 0.028287
0.911943 0.031184
0.902637 0.034220
0.892926 0.037404
0.882822 0.040741
0.872334 0.044221
0.861469 0.047836
0.850242 0.051588
0.838665 0.055477
0.826748 0.059497
0.814503 0.063641
0.801944 0.067909
0.789082 0.072294
0.775920 0.076762
0.762462 0.081281
0.748718 0.085832
0.734693 0.090389
0.720386 0.094893
0.705794 0.099281
0.690928 0.103524
0.675799 0.107596
0.660420 0.111463
0.644805 0.115098
0.628976 0.118510
0.612956 0.121704
0.596761 0.124646
0.580406 0.127309
0.563915 0.129705
0.547313 0.131852
0.530621 0.133740
0.513858 0.135364
0.497047 0.136746
0.480211 0.137901
0.463369 0.138808
0.446540 0.139458
0.429746 0.139869
0.413007 0.140047
0.396344 0.139972
0.379777 0.139639
0.363325 0.139070
0.347011 0.138264
0.330854 0.137201
0.314875 0.135887
0.299091 0.134350
0.283525 0.132584
0.268198 0.130563
0.253130 0.128295
0.238338 0.125806
0.223843 0.123094
0.209666 0.120151
0.195823 0.116998
0.182331 0.113656
0.169211 0.110116
0.156482 0.106381
0.144151 0.102497
0.132229 0.098490
0.120748 0.094326
0.109729 0.090000
0.099172 0.085562
0.089099 0.081013
0.079553 0.076314
0.070548 0.071478
0.062076 0.066568
0.054160 0.061596
0.046831 0.056554
0.040057 0.051521
0.033785 0.046596
0.028043 0.041781
0.022876 0.037048
0.018245 0.032455
0.014101 0.028074
0.010510 0.023883
0.007539 0.019854
0.005127 0.016054
0.003184 0.012566
0.001742 0.009419
0.000826 0.006637
0.000332 0.004278
0.000104 0.002412
0.000020 0.001072
0.000001 0.000268
0.000000 0.000000
0.000003 -0.000255
0.000046 -0.001020
0.000230 -0.002287
0.000714 -0.004015
0.001695 -0.006085
0.003336 -0.008348
0.005659 -0.010698
0.008667 -0.012999
0.012408 -0.015061
0.016850 -0.016816
0.021885 -0.018321
0.027478 -0.019534
0.033614 -0.020411
0.040256 -0.021030
0.047367 -0.021470
0.054939 -0.021707
0.062961 -0.021745
0.071420 -0.021645
0.080304 -0.021438
0.089604 -0.021104
0.099309 -0.020644
0.109410 -0.020085
0.119896 -0.019437
0.130757 -0.018699
0.141981 -0.017884
0.153560 -0.017014
0.165482 -0.016104
0.177735 -0.015156
0.190308 -0.014176
0.203187 -0.013168
0.216362 -0.012142
0.229819 -0.011108
0.243544 -0.010067
0.257524 -0.009013
0.271744 -0.007951
0.286192 -0.006904
0.300854 -0.005877
0.315713 -0.004858
0.330755 -0.003847
0.345965 -0.002864
0.361330 -0.001917
0.376831 -0.000989
0.392454 -0.000081
0.408183 0.000792
0.424003 0.001627
0.439896 0.002444
0.455846 0.003249
0.471838 0.004027
0.487856 0.004771
0.503883 0.005494
0.519903 0.006203
0.535899 0.006883
0.551857 0.007528
0.567759 0.008159
0.583588 0.008788
0.599330 0.009397
0.614968 0.009976
0.630487 0.010550
0.645869 0.011139
0.661100 0.011724
0.676165 0.012293
0.691048 0.012859
0.705734 0.013436
0.720209 0.014004
0.734459 0.014540
0.748469 0.015046
0.762226 0.015521
0.775716 0.015934
0.788927 0.016249
0.801844 0.016474
0.814454 0.016625
0.826744 0.016683
0.838700 0.016622
0.850310 0.016454
0.861562 0.016202
0.872442 0.015857
0.882938 0.015397
0.893039 0.014837
0.902735 0.014205
0.912014 0.013504
0.920866 0.012721
0.929282 0.011873
0.937256 0.010991
0.944777 0.010076
0.951836 0.009112
0.958426 0.008115
0.964544 0.007118
0.970182 0.006123
0.975332 0.005111
0.979993 0.004123
0.984172 0.003235
0.987858 0.002406
0.991031 0.001509
0.993711 0.000693
0.995946 0.000300
0.997724 0.000235
0.998994 0.000153
0.999749 0.000042
1.000000 -0.000000