fx76mp160
1.000000 0.000000
0.999837 0.000218
0.999331 0.000850
0.998336 0.001710
0.996632 0.002512
0.994331 0.003359
0.991613 0.004443
0.988403 0.005686
0.984646 0.007031
0.980385 0.008521
0.975644 0.010165
0.970400 0.011909
0.964653 0.013750
0.958437 0.015762
0.951766 0.017958
0.944620 0.020258
0.937003 0.022652
0.928954 0.025235
0.920487 0.028024
0.911580 0.030914
0.902233 0.033884
0.892494 0.037044
0.882383 0.040422
0.871870 0.043895
0.860954 0.047422
0.849688 0.051126
0.838099 0.055051
0.826157 0.059070
0.813855 0.063120
0.801245 0.067316
0.788360 0.071715
0.775172 0.076187
0.761662 0.080632
0.747866 0.085114
0.733809 0.089664
0.719467 0.094150
0.704822 0.098454
0.689897 0.102603
0.674722 0.106615
0.659294 0.110406
0.643618 0.113908
0.627732 0.117199
0.611668 0.120332
0.595429 0.123204
0.579024 0.125743
0.562489 0.128057
0.545855 0.130213
0.529131 0.132088
0.512330 0.133630
0.495485 0.135001
0.478625 0.136268
0.461758 0.137269
0.444899 0.137948
0.428074 0.138465
0.411307 0.138839
0.394614 0.138902
0.378015 0.138658
0.361524 0.138292
0.345167 0.137775
0.328971 0.136916
0.312948 0.135769
0.297106 0.134527
0.281476 0.133097
0.266096 0.131291
0.250967 0.129235
0.236088 0.127103
0.221508 0.124736
0.207265 0.121993
0.193343 0.119064
0.179744 0.116052
0.166541 0.112747
0.153765 0.109090
0.141374 0.105301
0.129389 0.101408
0.117898 0.097216
0.106900 0.092772
0.096337 0.088283
0.086261 0.083697
0.076760 0.078870
0.067791 0.073923
0.059297 0.069007
0.051385 0.064002
0.044133 0.058826
0.037434 0.053657
0.031234 0.048615
0.025662 0.043591
0.020764 0.038561
0.016419 0.033671
0.012576 0.029011
0.009317 0.024549
0.006656 0.020294
0.004502 0.016329
0.002785 0.012720
0.001536 0.009488
0.000743 0.006659
0.000305 0.004284
0.000096 0.002415
0.000019 0.001074
0.000001 0.000268
0.000000 -0.000000
0.000002 -0.000256
0.000036 -0.001024
0.000178 -0.002299
0.000548 -0.004060
0.001298 -0.006236
0.002569 -0.008728
0.004421 -0.011482
0.006857 -0.014432
0.010039 -0.017294
0.014118 -0.019776
0.018872 -0.022140
0.024108 -0.024532
0.029997 -0.026454
0.036554 -0.027880
0.043566 -0.029405
0.051017 -0.030903
0.059007 -0.031849
0.067489 -0.032534
0.076378 -0.033432
0.085687 -0.034176
0.095441 -0.034391
0.105611 -0.034479
0.116164 -0.034747
0.127092 -0.034788
0.138389 -0.034380
0.150049 -0.033983
0.162060 -0.033821
0.174396 -0.033439
0.187040 -0.032655
0.199999 -0.031941
0.213266 -0.031487
0.226806 -0.030840
0.240597 -0.029838
0.254651 -0.028934
0.268962 -0.028296
0.283489 -0.027485
0.298209 -0.026338
0.313134 -0.025301
0.328260 -0.024554
0.343545 -0.023676
0.358963 -0.022488
0.374524 -0.021401
0.390224 -0.020609
0.406023 -0.019716
0.421892 -0.018527
0.437840 -0.017424
0.453863 -0.016614
0.469921 -0.015719
0.485984 -0.014515
0.502059 -0.013373
0.518145 -0.012539
0.534203 -0.011652
0.550201 -0.010450
0.566143 -0.009262
0.582031 -0.008349
0.597826 -0.007401
0.613495 -0.006141
0.629041 -0.004848
0.644469 -0.003788
0.659740 -0.002700
0.674819 -0.001307
0.689711 0.000144
0.704425 0.001358
0.718927 0.002554
0.733177 0.004014
0.747182 0.005488
0.760961 0.006623
0.774484 0.007605
0.787710 0.008758
0.800640 0.009867
0.813285 0.010553
0.825624 0.010991
0.837625 0.011573
0.849275 0.012136
0.860573 0.012277
0.871508 0.012135
0.882067 0.012121
0.892230 0.012126
0.901976 0.011757
0.911303 0.011122
0.920222 0.010640
0.928711 0.010240
0.936731 0.009532
0.944283 0.008583
0.951400 0.007790
0.958065 0.007131
0.964223 0.006258
0.969879 0.005210
0.975079 0.004334
0.979818 0.003654
0.984042 0.002901
0.987746 0.002052
0.990961 0.001302
0.993712 0.000803
0.996016 0.000660
0.997824 0.000647
0.999060 0.000407
0.999767 0.000111
1.000000 0.000000