fx77w343
0.998930 0.021390
0.998661 0.021481
0.997852 0.021754
0.996502 0.022197
0.994599 0.022765
0.992131 0.023410
0.989103 0.024135
0.985528 0.024971
0.981413 0.025932
0.976763 0.027023
0.971578 0.028225
0.965863 0.029532
0.959633 0.030985
0.952901 0.032609
0.945663 0.034357
0.937924 0.036217
0.929711 0.038269
0.921040 0.040538
0.911895 0.042921
0.902279 0.045396
0.892240 0.048099
0.881796 0.051060
0.870918 0.054129
0.859609 0.057277
0.847932 0.060673
0.835906 0.064343
0.823492 0.068112
0.810698 0.071956
0.797592 0.076050
0.784191 0.080403
0.770451 0.084829
0.756388 0.089322
0.742077 0.094071
0.727529 0.099060
0.712690 0.104077
0.697580 0.109130
0.682288 0.114429
0.666809 0.119912
0.651064 0.125298
0.635088 0.130635
0.618999 0.136217
0.602774 0.141924
0.586302 0.147368
0.569643 0.152679
0.552951 0.158265
0.536191 0.163955
0.519244 0.169329
0.502183 0.174558
0.485138 0.179995
0.468056 0.185390
0.450849 0.190406
0.433608 0.195285
0.416419 0.200252
0.399199 0.204911
0.381883 0.208935
0.364516 0.212428
0.347136 0.215258
0.329745 0.216900
0.312393 0.217459
0.295174 0.217482
0.278171 0.216715
0.261444 0.214795
0.244987 0.212198
0.228850 0.209123
0.213189 0.205106
0.197987 0.200305
0.183141 0.195259
0.168815 0.189698
0.155141 0.183355
0.141914 0.176752
0.129136 0.170029
0.117124 0.162700
0.105792 0.154929
0.094839 0.147250
0.084483 0.139453
0.074998 0.131217
0.066068 0.122935
0.057498 0.114894
0.049680 0.106757
0.042718 0.098435
0.036153 0.090346
0.029915 0.082610
0.024484 0.074904
0.019859 0.067228
0.015558 0.059911
0.011575 0.053009
0.008388 0.046305
0.006022 0.039798
0.004123 0.033664
0.002518 0.028008
0.001326 0.022828
0.000607 0.018120
0.000240 0.013914
0.000075 0.010239
0.000014 0.007115
-0.000002 0.004554
-0.000002 0.002561
-0.000001 0.001138
-0.000000 0.000284
0.000000 -0.000000
-0.000000 -0.000266
-0.000005 -0.001067
-0.000021 -0.002407
-0.000048 -0.004290
-0.000058 -0.006711
0.000027 -0.009652
0.000373 -0.013067
0.001266 -0.016872
0.002942 -0.020999
0.005052 -0.025566
0.007385 -0.030569
0.010568 -0.035564
0.015031 -0.040266
0.020090 -0.045147
0.025620 -0.050113
0.032206 -0.054447
0.039515 -0.058639
0.047040 -0.063310
0.055224 -0.067634
0.064225 -0.071358
0.073555 -0.075426
0.083218 -0.079708
0.093551 -0.083394
0.104409 -0.086859
0.115547 -0.090677
0.127116 -0.094318
0.139227 -0.097417
0.151702 -0.100543
0.164464 -0.103866
0.177636 -0.106819
0.191219 -0.109370
0.205085 -0.112030
0.219226 -0.114702
0.233710 -0.116923
0.248498 -0.118861
0.263511 -0.120908
0.278758 -0.122809
0.294264 -0.124213
0.309987 -0.125415
0.325877 -0.126697
0.341936 -0.127707
0.358164 -0.128193
0.374530 -0.128516
0.391003 -0.128839
0.407560 -0.128714
0.424183 -0.127972
0.440865 -0.127048
0.457580 -0.126072
0.474280 -0.124667
0.490949 -0.122778
0.507607 -0.120792
0.524219 -0.118693
0.540689 -0.116002
0.556999 -0.112697
0.573211 -0.109229
0.589276 -0.105577
0.605046 -0.101257
0.620519 -0.096324
0.635846 -0.091390
0.651072 -0.086681
0.666107 -0.081949
0.680926 -0.077156
0.695594 -0.072575
0.710129 -0.068314
0.724460 -0.064191
0.738548 -0.060137
0.752426 -0.056326
0.766101 -0.052844
0.779518 -0.049533
0.792637 -0.046307
0.805478 -0.043315
0.818048 -0.040648
0.830300 -0.038151
0.842197 -0.035722
0.853750 -0.033494
0.864967 -0.031565
0.875812 -0.029808
0.886256 -0.028121
0.896303 -0.026622
0.905956 -0.025403
0.915190 -0.024351
0.923980 -0.023364
0.932324 -0.022513
0.940219 -0.021864
0.947651 -0.021352
0.954607 -0.020912
0.961079 -0.020576
0.967062 -0.020372
0.972548 -0.020263
0.977529 -0.020209
0.981999 -0.020211
0.985954 -0.020270
0.989388 -0.020371
0.992298 -0.020495
0.994683 -0.020615
0.996540 -0.020713
0.997867 -0.020784
0.998664 -0.020826
0.998930 -0.020840