fx79l120
1.000000 0.000000
0.999813 0.000187
0.999233 0.000703
0.998109 0.001177
0.996272 0.001206
0.993905 0.001228
0.991145 0.001561
0.987881 0.001907
0.984068 0.002145
0.979761 0.002436
0.974985 0.002839
0.969724 0.003282
0.963975 0.003739
0.957752 0.004237
0.951064 0.004784
0.943915 0.005372
0.936311 0.005998
0.928260 0.006664
0.919773 0.007376
0.910857 0.008140
0.901522 0.008959
0.891777 0.009831
0.881632 0.010759
0.871099 0.011743
0.860187 0.012786
0.848908 0.013885
0.837273 0.015040
0.825295 0.016259
0.812986 0.017540
0.800358 0.018878
0.787422 0.020266
0.774194 0.021702
0.760684 0.023189
0.746909 0.024727
0.732882 0.026316
0.718616 0.027951
0.704125 0.029628
0.689425 0.031344
0.674530 0.033095
0.659453 0.034869
0.644209 0.036658
0.628813 0.038460
0.613281 0.040273
0.597627 0.042081
0.581865 0.043870
0.566010 0.045628
0.550077 0.047347
0.534081 0.049010
0.518037 0.050601
0.501960 0.052104
0.485865 0.053504
0.469769 0.054793
0.453689 0.055962
0.437641 0.057005
0.421641 0.057917
0.405707 0.058690
0.389856 0.059315
0.374105 0.059793
0.358471 0.060126
0.342971 0.060316
0.327622 0.060364
0.312442 0.060274
0.297445 0.060052
0.282649 0.059707
0.268069 0.059252
0.253721 0.058686
0.239620 0.058011
0.225780 0.057230
0.212218 0.056353
0.198947 0.055382
0.185981 0.054318
0.173334 0.053162
0.161021 0.051919
0.149054 0.050594
0.137446 0.049194
0.126210 0.047715
0.115360 0.046156
0.104908 0.044521
0.094865 0.042815
0.085243 0.041038
0.076056 0.039191
0.067314 0.037274
0.059031 0.035290
0.051218 0.033236
0.043891 0.031109
0.037063 0.028902
0.030754 0.026613
0.024984 0.024229
0.019776 0.021750
0.015155 0.019182
0.011145 0.016544
0.007769 0.013866
0.005044 0.011198
0.002969 0.008608
0.001532 0.006191
0.000661 0.004049
0.000217 0.002300
0.000044 0.001025
0.000003 0.000256
-0.000000 -0.000000
0.000003 -0.000256
0.000044 -0.001025
0.000217 -0.002300
0.000661 -0.004049
0.001532 -0.006191
0.002969 -0.008608
0.005044 -0.011198
0.007769 -0.013866
0.011145 -0.016544
0.015155 -0.019182
0.019776 -0.021750
0.024984 -0.024229
0.030754 -0.026613
0.037063 -0.028902
0.043891 -0.031109
0.051218 -0.033236
0.059031 -0.035290
0.067314 -0.037274
0.076056 -0.039191
0.085243 -0.041038
0.094865 -0.042815
0.104908 -0.044521
0.115360 -0.046156
0.126210 -0.047715
0.137446 -0.049194
0.149054 -0.050594
0.161021 -0.051919
0.173334 -0.053162
0.185981 -0.054318
0.198947 -0.055382
0.212218 -0.056353
0.225780 -0.057230
0.239620 -0.058011
0.253721 -0.058686
0.268069 -0.059252
0.282649 -0.059707
0.297445 -0.060052
0.312442 -0.060274
0.327622 -0.060364
0.342971 -0.060316
0.358471 -0.060126
0.374105 -0.059793
0.389856 -0.059315
0.405707 -0.058690
0.421641 -0.057917
0.437641 -0.057005
0.453689 -0.055962
0.469769 -0.054793
0.485865 -0.053504
0.501960 -0.052104
0.518037 -0.050601
0.534081 -0.049010
0.550077 -0.047347
0.566010 -0.045628
0.581865 -0.043870
0.597627 -0.042081
0.613281 -0.040273
0.628813 -0.038460
0.644209 -0.036658
0.659453 -0.034869
0.674530 -0.033095
0.689425 -0.031344
0.704125 -0.029628
0.718616 -0.027951
0.732882 -0.026316
0.746909 -0.024727
0.760684 -0.023189
0.774194 -0.021702
0.787422 -0.020266
0.800358 -0.018878
0.812986 -0.017540
0.825295 -0.016259
0.837273 -0.015040
0.848908 -0.013885
0.860187 -0.012786
0.871099 -0.011743
0.881632 -0.010759
0.891777 -0.009831
0.901522 -0.008959
0.910857 -0.008140
0.919773 -0.007376
0.928260 -0.006664
0.936311 -0.005998
0.943915 -0.005372
0.951064 -0.004784
0.957752 -0.004237
0.963975 -0.003739
0.969724 -0.003282
0.974985 -0.002839
0.979761 -0.002436
0.984068 -0.002145
0.987881 -0.001907
0.991145 -0.001561
0.993905 -0.001228
0.996272 -0.001206
0.998109 -0.001177
0.999233 -0.000703
0.999813 -0.000187
1.000000 0.000000