fx84w175
1.000000 0.000000
0.999737 0.000039
0.998949 0.000157
0.997638 0.000361
0.995806 0.000665
0.993461 0.001087
0.990605 0.001638
0.987242 0.002312
0.983377 0.003120
0.979019 0.004079
0.974173 0.005195
0.968845 0.006464
0.963041 0.007893
0.956771 0.009491
0.950043 0.011261
0.942864 0.013202
0.935242 0.015313
0.927185 0.017595
0.918703 0.020049
0.909805 0.022671
0.900499 0.025457
0.890792 0.028397
0.880693 0.031483
0.870212 0.034711
0.859358 0.038075
0.848140 0.041564
0.836567 0.045166
0.824648 0.048868
0.812391 0.052656
0.799807 0.056522
0.786906 0.060451
0.773697 0.064425
0.760188 0.068427
0.746392 0.072443
0.732319 0.076457
0.717979 0.080451
0.703384 0.084406
0.688545 0.088305
0.673475 0.092130
0.658189 0.095869
0.642698 0.099504
0.627017 0.103014
0.611160 0.106380
0.595142 0.109590
0.578981 0.112632
0.562692 0.115485
0.546292 0.118135
0.529799 0.120572
0.513233 0.122787
0.496611 0.124762
0.479952 0.126484
0.463277 0.127950
0.446606 0.129155
0.429961 0.130091
0.413361 0.130750
0.396828 0.131126
0.380383 0.131220
0.364048 0.131030
0.347844 0.130558
0.331792 0.129799
0.315915 0.128755
0.300233 0.127434
0.284766 0.125843
0.269535 0.123994
0.254560 0.121889
0.239862 0.119534
0.225458 0.116943
0.211365 0.114136
0.197601 0.111126
0.184184 0.107923
0.171129 0.104536
0.158455 0.100977
0.146177 0.097254
0.134312 0.093379
0.122875 0.089364
0.111881 0.085223
0.101343 0.080969
0.091274 0.076621
0.081683 0.072200
0.072580 0.067727
0.063976 0.063215
0.055884 0.058678
0.048314 0.054131
0.041276 0.049592
0.034780 0.045078
0.028837 0.040605
0.023459 0.036189
0.018655 0.031853
0.014427 0.027624
0.010781 0.023534
0.007714 0.019615
0.005223 0.015908
0.003290 0.012459
0.001885 0.009325
0.000955 0.006562
0.000406 0.004231
0.000132 0.002388
0.000027 0.001063
0.000002 0.000266
0.000000 0.000000
0.000002 -0.000256
0.000025 -0.001026
0.000129 -0.002305
0.000405 -0.004083
0.000984 -0.006319
0.002025 -0.008933
0.003668 -0.011815
0.006016 -0.014821
0.009117 -0.017818
0.012954 -0.020702
0.017492 -0.023416
0.022676 -0.025941
0.028465 -0.028275
0.034820 -0.030430
0.041714 -0.032410
0.049123 -0.034223
0.057028 -0.035874
0.065410 -0.037372
0.074252 -0.038732
0.083539 -0.039961
0.093257 -0.041067
0.103392 -0.042056
0.113931 -0.042940
0.124860 -0.043722
0.136168 -0.044405
0.147841 -0.044995
0.159866 -0.045498
0.172230 -0.045919
0.184920 -0.046263
0.197922 -0.046532
0.211222 -0.046729
0.224807 -0.046860
0.238663 -0.046929
0.252775 -0.046937
0.267129 -0.046884
0.281711 -0.046774
0.296504 -0.046609
0.311495 -0.046383
0.326668 -0.046093
0.342007 -0.045744
0.357497 -0.045337
0.373121 -0.044871
0.388865 -0.044344
0.404712 -0.043752
0.420645 -0.043093
0.436648 -0.042371
0.452705 -0.041587
0.468799 -0.040738
0.484915 -0.039824
0.501034 -0.038845
0.517142 -0.037806
0.533221 -0.036703
0.549255 -0.035537
0.565228 -0.034313
0.581123 -0.033034
0.596924 -0.031704
0.612617 -0.030325
0.628184 -0.028904
0.643610 -0.027450
0.658881 -0.025962
0.673980 -0.024443
0.688894 -0.022905
0.703608 -0.021362
0.718107 -0.019817
0.732378 -0.018270
0.746406 -0.016734
0.760180 -0.015226
0.773685 -0.013749
0.786908 -0.012304
0.799836 -0.010899
0.812459 -0.009549
0.824763 -0.008263
0.836737 -0.007048
0.848369 -0.005906
0.859647 -0.004837
0.870559 -0.003847
0.881096 -0.002943
0.891247 -0.002130
0.901000 -0.001408
0.910346 -0.000775
0.919275 -0.000232
0.927778 0.000224
0.935844 0.000591
0.943466 0.000873
0.950634 0.001076
0.957342 0.001207
0.963581 0.001271
0.969344 0.001275
0.974626 0.001224
0.979420 0.001129
0.983722 0.001006
0.987527 0.000862
0.990830 0.000695
0.993628 0.000517
0.995921 0.000356
0.997706 0.000219
0.998981 0.000105
0.999745 0.000027
1.000000 -0.000000