fxs03182
1.000000 0.000000
0.999753 0.000089
0.999010 0.000355
0.997767 0.000779
0.996018 0.001343
0.993767 0.002047
0.991017 0.002894
0.987768 0.003878
0.984024 0.004998
0.979791 0.006257
0.975070 0.007646
0.969861 0.009149
0.964170 0.010759
0.958004 0.012485
0.951370 0.014330
0.944275 0.016288
0.936725 0.018354
0.928728 0.020525
0.920291 0.022800
0.911423 0.025178
0.902137 0.027666
0.892446 0.030281
0.882363 0.033027
0.871891 0.035881
0.861037 0.038825
0.849812 0.041853
0.838227 0.044963
0.826297 0.048163
0.814033 0.051450
0.801443 0.054800
0.788536 0.058197
0.775327 0.061646
0.761831 0.065147
0.748057 0.068683
0.734016 0.072237
0.719720 0.075793
0.705180 0.079336
0.690408 0.082846
0.675416 0.086310
0.660223 0.089735
0.644844 0.093121
0.629285 0.096409
0.613552 0.099546
0.597666 0.102549
0.581649 0.105438
0.565509 0.108149
0.549252 0.110602
0.532894 0.112761
0.516455 0.114599
0.499955 0.116081
0.483417 0.117183
0.466867 0.117937
0.450331 0.118380
0.433832 0.118520
0.417392 0.118371
0.401030 0.117990
0.384764 0.117419
0.368617 0.116620
0.352609 0.115573
0.336753 0.114339
0.321067 0.112953
0.305575 0.111356
0.290297 0.109530
0.275238 0.107573
0.260414 0.105521
0.245856 0.103273
0.231584 0.100809
0.217595 0.098244
0.203902 0.095612
0.190542 0.092809
0.177532 0.089832
0.164859 0.086803
0.152540 0.083724
0.140624 0.080479
0.129116 0.077096
0.117987 0.073718
0.107269 0.070312
0.097026 0.066733
0.087243 0.063056
0.077867 0.059454
0.068963 0.055832
0.060618 0.052020
0.052767 0.048175
0.045332 0.044492
0.038443 0.040787
0.032206 0.036900
0.026466 0.033077
0.021142 0.029482
0.016495 0.025855
0.012591 0.022121
0.009106 0.018599
0.006019 0.015391
0.003775 0.012248
0.002385 0.009174
0.001456 0.006416
0.000754 0.004125
0.000279 0.002336
0.000061 0.001045
0.000004 0.000263
0.000000 0.000000
0.000019 -0.000252
0.000270 -0.000966
0.001058 -0.002046
0.002268 -0.003417
0.003814 -0.005068
0.005710 -0.007104
0.008051 -0.009459
0.011060 -0.011765
0.014851 -0.013800
0.019192 -0.015884
0.023938 -0.018186
0.029227 -0.020416
0.035118 -0.022458
0.041490 -0.024566
0.048293 -0.026804
0.055599 -0.028934
0.063421 -0.030905
0.071685 -0.032928
0.080368 -0.035033
0.089505 -0.037028
0.099095 -0.038888
0.109091 -0.040779
0.119475 -0.042711
0.130264 -0.044533
0.141451 -0.046229
0.153002 -0.047926
0.164901 -0.049631
0.177151 -0.051230
0.189743 -0.052710
0.202651 -0.054165
0.215859 -0.055594
0.229365 -0.056893
0.243155 -0.058055
0.257206 -0.059171
0.271502 -0.060242
0.286035 -0.061168
0.300792 -0.061930
0.315751 -0.062605
0.330896 -0.063203
0.346213 -0.063643
0.361687 -0.063910
0.377299 -0.064070
0.393032 -0.064131
0.408869 -0.064020
0.424793 -0.063712
0.440786 -0.063247
0.456831 -0.062618
0.472903 -0.061745
0.488983 -0.060580
0.505048 -0.059132
0.521077 -0.057403
0.537045 -0.055370
0.552933 -0.053055
0.568738 -0.050558
0.584450 -0.047954
0.600055 -0.045249
0.615538 -0.042456
0.630893 -0.039631
0.646111 -0.036817
0.661175 -0.034008
0.676069 -0.031201
0.690785 -0.028432
0.705313 -0.025738
0.719638 -0.023115
0.733745 -0.020557
0.747621 -0.018088
0.761258 -0.015733
0.774640 -0.013490
0.787751 -0.011348
0.800581 -0.009325
0.813120 -0.007448
0.825353 -0.005715
0.837267 -0.004111
0.848848 -0.002646
0.860086 -0.001339
0.870968 -0.000178
0.881480 0.000864
0.891609 0.001779
0.901348 0.002532
0.910684 0.003130
0.919606 0.003609
0.928102 0.003977
0.936163 0.004224
0.943780 0.004349
0.950942 0.004363
0.957642 0.004275
0.963871 0.004091
0.969621 0.003820
0.974886 0.003476
0.979658 0.003075
0.983934 0.002639
0.987710 0.002185
0.990981 0.001724
0.993746 0.001279
0.996006 0.000875
0.997760 0.000528
0.999007 0.000247
0.999752 0.000063
1.000000 -0.000000