giiii
0.999998 0.000180
0.999744 0.000211
0.998983 0.000302
0.997717 0.000454
0.995945 0.000668
0.993670 0.000941
0.990894 0.001275
0.987620 0.001669
0.983851 0.002123
0.979592 0.002635
0.974845 0.003206
0.969617 0.003835
0.963912 0.004522
0.957736 0.005265
0.951095 0.006064
0.943997 0.006918
0.936447 0.007827
0.928455 0.008789
0.920027 0.009803
0.911172 0.010868
0.901899 0.011983
0.892218 0.013147
0.882139 0.014359
0.871670 0.015618
0.860824 0.016923
0.849611 0.018275
0.838042 0.019671
0.826129 0.021109
0.813884 0.022583
0.801317 0.024087
0.788442 0.025615
0.775271 0.027163
0.761817 0.028726
0.748092 0.030298
0.734111 0.031873
0.719886 0.033438
0.705430 0.034978
0.690756 0.036477
0.675880 0.037936
0.660818 0.039365
0.645586 0.040777
0.630200 0.042173
0.614675 0.043532
0.599024 0.044831
0.583261 0.046049
0.567403 0.047188
0.551467 0.048252
0.535470 0.049245
0.519427 0.050158
0.503355 0.050975
0.487270 0.051686
0.471189 0.052306
0.455130 0.052860
0.439110 0.053371
0.423145 0.053832
0.407251 0.054213
0.391444 0.054487
0.375740 0.054651
0.360155 0.054719
0.344706 0.054710
0.329409 0.054631
0.314280 0.054472
0.299334 0.054226
0.284588 0.053886
0.270056 0.053452
0.255755 0.052927
0.241698 0.052313
0.227901 0.051611
0.214379 0.050819
0.201146 0.049939
0.188217 0.048970
0.175604 0.047915
0.163323 0.046773
0.151385 0.045547
0.139804 0.044242
0.128593 0.042859
0.117765 0.041400
0.107332 0.039870
0.097305 0.038277
0.087695 0.036628
0.078510 0.034935
0.069759 0.033208
0.061455 0.031442
0.053611 0.029628
0.046238 0.027762
0.039348 0.025840
0.032957 0.023861
0.027072 0.021833
0.021699 0.019773
0.016875 0.017649
0.012637 0.015429
0.009003 0.013136
0.005994 0.010844
0.003611 0.008473
0.001897 0.006112
0.000829 0.004000
0.000275 0.002278
0.000056 0.001019
0.000004 0.000255
0.000000 -0.000000
0.000006 -0.000252
0.000096 -0.001000
0.000461 -0.002205
0.001350 -0.003787
0.002962 -0.005596
0.005301 -0.007368
0.008195 -0.008859
0.011720 -0.010191
0.015830 -0.011324
0.020484 -0.012232
0.025659 -0.012969
0.031320 -0.013633
0.037457 -0.014249
0.044062 -0.014834
0.051125 -0.015426
0.058637 -0.016060
0.066591 -0.016728
0.074980 -0.017405
0.083798 -0.018068
0.093035 -0.018712
0.102682 -0.019346
0.112729 -0.019972
0.123164 -0.020589
0.133979 -0.021196
0.145161 -0.021788
0.156700 -0.022366
0.168584 -0.022928
0.180801 -0.023476
0.193338 -0.024011
0.206182 -0.024537
0.219321 -0.025053
0.232740 -0.025558
0.246428 -0.026052
0.260369 -0.026534
0.274550 -0.027004
0.288957 -0.027469
0.303574 -0.027932
0.318387 -0.028392
0.333381 -0.028832
0.348542 -0.029235
0.363855 -0.029583
0.379305 -0.029871
0.394874 -0.030101
0.410549 -0.030275
0.426311 -0.030392
0.442146 -0.030450
0.458038 -0.030450
0.473969 -0.030386
0.489924 -0.030249
0.505886 -0.030031
0.521839 -0.029733
0.537766 -0.029366
0.553652 -0.028944
0.569480 -0.028473
0.585235 -0.027945
0.600898 -0.027352
0.616456 -0.026687
0.631890 -0.025962
0.647188 -0.025188
0.662333 -0.024376
0.677310 -0.023519
0.692101 -0.022605
0.706692 -0.021621
0.721069 -0.020580
0.735218 -0.019518
0.749128 -0.018468
0.762787 -0.017457
0.776181 -0.016482
0.789296 -0.015535
0.802118 -0.014609
0.814633 -0.013699
0.826829 -0.012808
0.838694 -0.011939
0.850217 -0.011096
0.861385 -0.010281
0.872188 -0.009494
0.882614 -0.008735
0.892654 -0.008005
0.902296 -0.007304
0.911531 -0.006632
0.920350 -0.005991
0.928744 -0.005380
0.936705 -0.004800
0.944224 -0.004252
0.951294 -0.003736
0.957908 -0.003254
0.964059 -0.002805
0.969741 -0.002390
0.974949 -0.002010
0.979676 -0.001665
0.983919 -0.001355
0.987672 -0.001081
0.990933 -0.000842
0.993698 -0.000640
0.995963 -0.000475
0.997728 -0.000346
0.998990 -0.000254
0.999747 -0.000198
1.000000 -0.000180