goe06k
1.000000 0.000000
0.999758 0.000084
0.999034 0.000337
0.997826 0.000758
0.996138 0.001347
0.993970 0.002102
0.991324 0.003021
0.988202 0.004101
0.984606 0.005336
0.980538 0.006720
0.976000 0.008242
0.970992 0.009889
0.965516 0.011643
0.959570 0.013481
0.953154 0.015376
0.946266 0.017294
0.938906 0.019213
0.931081 0.021129
0.922802 0.023043
0.914079 0.024965
0.904928 0.026910
0.895365 0.028903
0.885406 0.030955
0.875059 0.033057
0.864332 0.035196
0.853234 0.037359
0.841776 0.039530
0.829964 0.041694
0.817809 0.043831
0.805320 0.045924
0.792506 0.047950
0.779379 0.049899
0.765952 0.051768
0.752240 0.053556
0.738258 0.055264
0.724023 0.056894
0.709549 0.058447
0.694854 0.059928
0.679954 0.061335
0.664864 0.062653
0.649599 0.063867
0.634175 0.064961
0.618606 0.065920
0.602909 0.066729
0.587100 0.067373
0.571195 0.067859
0.555213 0.068201
0.539170 0.068414
0.523084 0.068515
0.506973 0.068522
0.490854 0.068451
0.474746 0.068307
0.458663 0.068086
0.442623 0.067783
0.426643 0.067395
0.410738 0.066917
0.394924 0.066346
0.379219 0.065682
0.363639 0.064924
0.348199 0.064076
0.332916 0.063138
0.317805 0.062113
0.302883 0.061005
0.288164 0.059817
0.273664 0.058552
0.259399 0.057215
0.245385 0.055810
0.231635 0.054342
0.218165 0.052817
0.204988 0.051239
0.192118 0.049616
0.179566 0.047951
0.167340 0.046249
0.155451 0.044513
0.143907 0.042749
0.132727 0.040952
0.121936 0.039113
0.111557 0.037225
0.101607 0.035286
0.092095 0.033303
0.082977 0.031314
0.074203 0.029362
0.065793 0.027463
0.057912 0.025568
0.050706 0.023634
0.044206 0.021652
0.038124 0.019684
0.032180 0.017799
0.026212 0.016045
0.020224 0.014431
0.014661 0.012824
0.009937 0.011114
0.006234 0.009281
0.003557 0.007372
0.001795 0.005476
0.000762 0.003705
0.000248 0.002176
0.000050 0.000998
0.000003 0.000254
0.000000 0.000000
0.000004 -0.000249
0.000064 -0.000963
0.000315 -0.002046
0.000965 -0.003349
0.002261 -0.004692
0.004448 -0.005885
0.007719 -0.006765
0.012149 -0.007233
0.017623 -0.007297
0.023760 -0.007124
0.029915 -0.007040
0.035856 -0.007170
0.041712 -0.007468
0.047763 -0.007845
0.054436 -0.008164
0.061886 -0.008370
0.069976 -0.008495
0.078499 -0.008588
0.087323 -0.008688
0.096486 -0.008797
0.106053 -0.008915
0.116047 -0.009036
0.126452 -0.009150
0.137249 -0.009245
0.148413 -0.009305
0.159923 -0.009316
0.171763 -0.009280
0.183926 -0.009207
0.196404 -0.009110
0.209187 -0.009003
0.222266 -0.008892
0.235626 -0.008778
0.249254 -0.008661
0.263135 -0.008540
0.277255 -0.008418
0.291599 -0.008293
0.306152 -0.008167
0.320899 -0.008039
0.335824 -0.007911
0.350914 -0.007781
0.366153 -0.007650
0.381526 -0.007519
0.397018 -0.007386
0.412613 -0.007252
0.428297 -0.007117
0.444052 -0.006981
0.459863 -0.006845
0.475714 -0.006708
0.491589 -0.006572
0.507473 -0.006436
0.523348 -0.006300
0.539199 -0.006165
0.555010 -0.006029
0.570765 -0.005894
0.586448 -0.005758
0.602044 -0.005622
0.617537 -0.005486
0.632911 -0.005351
0.648150 -0.005218
0.663240 -0.005087
0.678165 -0.004960
0.692911 -0.004838
0.707461 -0.004720
0.721803 -0.004607
0.735921 -0.004495
0.749800 -0.004383
0.763428 -0.004268
0.776789 -0.004149
0.789871 -0.004024
0.802660 -0.003892
0.815144 -0.003754
0.827311 -0.003617
0.839147 -0.003487
0.850641 -0.003368
0.861782 -0.003265
0.872559 -0.003180
0.882961 -0.003116
0.892978 -0.003075
0.902599 -0.003057
0.911814 -0.003053
0.920614 -0.003039
0.928988 -0.002996
0.936929 -0.002910
0.944428 -0.002774
0.951477 -0.002585
0.958070 -0.002349
0.964200 -0.002085
0.969861 -0.001807
0.975049 -0.001529
0.979758 -0.001260
0.983984 -0.001009
0.987722 -0.000779
0.990970 -0.000576
0.993723 -0.000402
0.995980 -0.000258
0.997737 -0.000145
0.998994 -0.000065
0.999748 -0.000016
1.000000 0.000000