goe188
1.000000 0.005000
0.999746 0.005053
0.998984 0.005213
0.997716 0.005478
0.995942 0.005849
0.993664 0.006326
0.990885 0.006906
0.987606 0.007588
0.983831 0.008371
0.979563 0.009250
0.974807 0.010221
0.969565 0.011277
0.963841 0.012412
0.957640 0.013614
0.950966 0.014871
0.943824 0.016170
0.936219 0.017504
0.928159 0.018871
0.919653 0.020270
0.910710 0.021704
0.901340 0.023180
0.891556 0.024706
0.881367 0.026283
0.870784 0.027912
0.859819 0.029596
0.848483 0.031336
0.836788 0.033135
0.824747 0.034997
0.812372 0.036928
0.799678 0.038931
0.786677 0.041012
0.773383 0.043162
0.759807 0.045371
0.745961 0.047625
0.731858 0.049911
0.717509 0.052212
0.702927 0.054514
0.688124 0.056798
0.673116 0.059060
0.657916 0.061295
0.642540 0.063504
0.627004 0.065684
0.611324 0.067836
0.595515 0.069957
0.579593 0.072041
0.563573 0.074063
0.547469 0.076001
0.531296 0.077829
0.515067 0.079522
0.498799 0.081057
0.482506 0.082417
0.466207 0.083609
0.449921 0.084649
0.433667 0.085549
0.417464 0.086324
0.401331 0.086989
0.385287 0.087556
0.369347 0.088021
0.353526 0.088373
0.337841 0.088606
0.322306 0.088713
0.306936 0.088687
0.291746 0.088523
0.276756 0.088205
0.261987 0.087709
0.247460 0.087012
0.233196 0.086098
0.219215 0.084952
0.205534 0.083563
0.192171 0.081927
0.179139 0.080065
0.166448 0.078020
0.154109 0.075830
0.142132 0.073528
0.130541 0.071099
0.119365 0.068502
0.108628 0.065709
0.098350 0.062703
0.088546 0.059499
0.079219 0.056169
0.070371 0.052782
0.061993 0.049378
0.054066 0.045976
0.046579 0.042593
0.039576 0.039219
0.033136 0.035826
0.027308 0.032406
0.022113 0.028965
0.017491 0.025493
0.013350 0.021982
0.009651 0.018468
0.006527 0.015044
0.004088 0.011813
0.002330 0.008862
0.001174 0.006258
0.000498 0.004059
0.000162 0.002306
0.000033 0.001032
0.000002 0.000259
0.000000 -0.000000
0.000009 -0.000244
0.000134 -0.000887
0.000649 -0.001682
0.001918 -0.002299
0.004266 -0.002431
0.007798 -0.001959
0.012165 -0.001145
0.016535 -0.000670
0.020685 -0.000721
0.024926 -0.001064
0.029782 -0.001307
0.035374 -0.001355
0.041639 -0.001250
0.048450 -0.001082
0.055629 -0.000976
0.063129 -0.000963
0.070998 -0.001000
0.079308 -0.001031
0.088090 -0.001025
0.097315 -0.000998
0.106944 -0.000973
0.116956 -0.000958
0.127344 -0.000949
0.138102 -0.000945
0.149223 -0.000940
0.160701 -0.000932
0.172525 -0.000918
0.184681 -0.000902
0.197156 -0.000884
0.209936 -0.000867
0.223007 -0.000850
0.236355 -0.000835
0.249968 -0.000821
0.263832 -0.000806
0.277934 -0.000792
0.292259 -0.000778
0.306794 -0.000763
0.321524 -0.000747
0.336433 -0.000731
0.351508 -0.000715
0.366732 -0.000697
0.382091 -0.000680
0.397568 -0.000663
0.413148 -0.000645
0.428816 -0.000628
0.444555 -0.000611
0.460350 -0.000593
0.476184 -0.000576
0.492043 -0.000559
0.507910 -0.000541
0.523768 -0.000524
0.539603 -0.000507
0.555398 -0.000489
0.571137 -0.000472
0.586804 -0.000455
0.602384 -0.000437
0.617861 -0.000420
0.633220 -0.000404
0.648444 -0.000387
0.663518 -0.000370
0.678428 -0.000354
0.693158 -0.000338
0.707694 -0.000321
0.722020 -0.000306
0.736123 -0.000290
0.749988 -0.000275
0.763602 -0.000260
0.776949 -0.000245
0.790018 -0.000231
0.802795 -0.000217
0.815268 -0.000204
0.827422 -0.000191
0.839247 -0.000178
0.850730 -0.000166
0.861860 -0.000154
0.872626 -0.000142
0.883017 -0.000130
0.893021 -0.000118
0.902631 -0.000107
0.911834 -0.000096
0.920623 -0.000085
0.928988 -0.000075
0.936922 -0.000065
0.944415 -0.000056
0.951461 -0.000048
0.958052 -0.000041
0.964182 -0.000035
0.969845 -0.000029
0.975034 -0.000024
0.979746 -0.000019
0.983974 -0.000015
0.987714 -0.000012
0.990964 -0.000009
0.993719 -0.000006
0.995977 -0.000004
0.997736 -0.000002
0.998993 -0.000001
0.999748 -0.000000
1.000000 0.000000