goe167
1.000000 0.004500
0.999744 0.004542
0.998976 0.004669
0.997697 0.004880
0.995908 0.005174
0.993612 0.005553
0.990809 0.006016
0.987504 0.006563
0.983700 0.007195
0.979401 0.007912
0.974612 0.008717
0.969338 0.009611
0.963585 0.010598
0.957360 0.011683
0.950671 0.012871
0.943525 0.014169
0.935930 0.015574
0.927892 0.017081
0.919418 0.018677
0.910514 0.020350
0.901186 0.022081
0.891440 0.023850
0.881286 0.025648
0.870732 0.027475
0.859791 0.029331
0.848474 0.031218
0.836794 0.033139
0.824762 0.035099
0.812394 0.037103
0.799702 0.039160
0.786702 0.041275
0.773407 0.043446
0.759827 0.045665
0.745978 0.047924
0.731871 0.050215
0.717519 0.052529
0.702936 0.054857
0.688135 0.057188
0.673130 0.059516
0.657937 0.061837
0.642570 0.064147
0.627046 0.066442
0.611379 0.068717
0.595585 0.070968
0.579680 0.073193
0.563681 0.075391
0.547603 0.077559
0.531463 0.079698
0.515276 0.081808
0.499060 0.083887
0.482830 0.085929
0.466600 0.087899
0.450382 0.089758
0.434190 0.091467
0.418036 0.092986
0.401933 0.094280
0.385897 0.095315
0.369948 0.096075
0.354109 0.096548
0.338406 0.096724
0.322860 0.096598
0.307494 0.096164
0.292329 0.095420
0.277384 0.094387
0.262673 0.093106
0.248208 0.091622
0.234004 0.089974
0.220073 0.088201
0.206428 0.086339
0.193081 0.084417
0.180055 0.082413
0.167380 0.080252
0.155083 0.077869
0.143188 0.075214
0.131714 0.072287
0.120678 0.069123
0.110091 0.065759
0.099965 0.062232
0.090306 0.058586
0.081113 0.054893
0.072382 0.051226
0.064094 0.047638
0.056205 0.044166
0.048680 0.040838
0.041550 0.037634
0.034968 0.034434
0.029052 0.031150
0.023868 0.027744
0.019355 0.024245
0.015274 0.020766
0.011465 0.017409
0.007987 0.014234
0.005115 0.011261
0.002965 0.008527
0.001513 0.006083
0.000648 0.003982
0.000212 0.002281
0.000043 0.001027
0.000003 0.000259
0.000000 0.000000
0.000005 -0.000252
0.000072 -0.000992
0.000352 -0.002177
0.001066 -0.003730
0.002453 -0.005541
0.004714 -0.007462
0.007921 -0.009301
0.011924 -0.010815
0.016329 -0.011744
0.021012 -0.012056
0.026089 -0.011986
0.031702 -0.011843
0.037857 -0.011674
0.044523 -0.011479
0.051649 -0.011262
0.059190 -0.011016
0.067142 -0.010709
0.075514 -0.010296
0.084316 -0.009745
0.093542 -0.009128
0.103181 -0.008564
0.113221 -0.008135
0.123652 -0.007824
0.134461 -0.007599
0.145637 -0.007413
0.157168 -0.007213
0.169042 -0.006982
0.181246 -0.006731
0.193768 -0.006479
0.206598 -0.006244
0.219721 -0.006035
0.233124 -0.005848
0.246795 -0.005679
0.260719 -0.005521
0.274881 -0.005368
0.289268 -0.005212
0.303865 -0.005045
0.318657 -0.004863
0.333630 -0.004669
0.348767 -0.004468
0.364055 -0.004265
0.379477 -0.004067
0.395019 -0.003878
0.410665 -0.003704
0.426399 -0.003548
0.442204 -0.003409
0.458066 -0.003288
0.473969 -0.003184
0.489895 -0.003097
0.505829 -0.003026
0.521756 -0.002969
0.537658 -0.002924
0.553520 -0.002886
0.569327 -0.002851
0.585061 -0.002816
0.600708 -0.002778
0.616251 -0.002734
0.631675 -0.002687
0.646964 -0.002639
0.662103 -0.002595
0.677076 -0.002555
0.691869 -0.002523
0.706467 -0.002502
0.720854 -0.002489
0.735017 -0.002480
0.748941 -0.002469
0.762612 -0.002453
0.776017 -0.002426
0.789143 -0.002386
0.801975 -0.002330
0.814502 -0.002260
0.826710 -0.002191
0.838587 -0.002137
0.850120 -0.002109
0.861298 -0.002117
0.872109 -0.002168
0.882543 -0.002268
0.892589 -0.002419
0.902236 -0.002622
0.911475 -0.002868
0.920298 -0.003133
0.928695 -0.003393
0.936659 -0.003633
0.944182 -0.003840
0.951256 -0.004007
0.957874 -0.004133
0.964029 -0.004227
0.969716 -0.004297
0.974927 -0.004349
0.979658 -0.004388
0.983904 -0.004417
0.987661 -0.004439
0.990925 -0.004457
0.993692 -0.004471
0.995960 -0.004481
0.997726 -0.004490
0.998989 -0.004495
0.999747 -0.004499
1.000000 -0.004500