goe198
1.000000 0.004250
0.999746 0.004313
0.998986 0.004502
0.997719 0.004817
0.995948 0.005257
0.993673 0.005821
0.990897 0.006510
0.987623 0.007320
0.983853 0.008251
0.979592 0.009298
0.974842 0.010459
0.969607 0.011728
0.963892 0.013098
0.957700 0.014561
0.951037 0.016108
0.943906 0.017727
0.936314 0.019417
0.928272 0.021185
0.919790 0.023041
0.910881 0.025001
0.901559 0.027087
0.891840 0.029321
0.881735 0.031709
0.871253 0.034240
0.860401 0.036903
0.849188 0.039683
0.837622 0.042561
0.825708 0.045514
0.813455 0.048517
0.800867 0.051539
0.787952 0.054551
0.774719 0.057536
0.761181 0.060485
0.747352 0.063389
0.733244 0.066236
0.718871 0.069018
0.704247 0.071724
0.689387 0.074347
0.674305 0.076877
0.659018 0.079304
0.643542 0.081619
0.627892 0.083815
0.612086 0.085883
0.596141 0.087815
0.580073 0.089610
0.563900 0.091281
0.547641 0.092845
0.531313 0.094318
0.514933 0.095719
0.498521 0.097065
0.482095 0.098365
0.465670 0.099586
0.449265 0.100684
0.432897 0.101619
0.416582 0.102352
0.400337 0.102842
0.384179 0.103064
0.368124 0.103043
0.352189 0.102816
0.336389 0.102425
0.320742 0.101906
0.305262 0.101295
0.289966 0.100625
0.274874 0.099876
0.260012 0.098997
0.245402 0.097939
0.231067 0.096661
0.217027 0.095127
0.203303 0.093306
0.189912 0.091179
0.176870 0.088776
0.164188 0.086148
0.151880 0.083346
0.139955 0.080410
0.128435 0.077341
0.117338 0.074121
0.106683 0.070745
0.096483 0.067211
0.086767 0.063511
0.077583 0.059628
0.068961 0.055566
0.060825 0.051477
0.053058 0.047568
0.045581 0.043989
0.038485 0.040650
0.031954 0.037329
0.026115 0.033880
0.021023 0.030233
0.016568 0.026451
0.012605 0.022640
0.009079 0.018899
0.006124 0.015322
0.003827 0.011989
0.002178 0.008971
0.001096 0.006324
0.000464 0.004096
0.000151 0.002325
0.000030 0.001040
0.000002 0.000261
0.000000 0.000000
0.000004 -0.000254
0.000056 -0.001012
0.000279 -0.002258
0.000850 -0.003955
0.001979 -0.006031
0.003860 -0.008353
0.006619 -0.010703
0.010251 -0.012742
0.014554 -0.013987
0.019321 -0.014157
0.024540 -0.013547
0.030221 -0.012731
0.036358 -0.011857
0.042930 -0.010843
0.049913 -0.009566
0.057286 -0.007908
0.065059 -0.005955
0.073262 -0.003905
0.081932 -0.002000
0.091066 -0.000279
0.100636 0.001347
0.110610 0.002969
0.120977 0.004597
0.131727 0.006222
0.142850 0.007834
0.154336 0.009421
0.166174 0.010980
0.178352 0.012514
0.190856 0.014029
0.203674 0.015533
0.216791 0.017028
0.230195 0.018494
0.243873 0.019911
0.257813 0.021256
0.272000 0.022505
0.286423 0.023632
0.301066 0.024609
0.315917 0.025419
0.330958 0.026071
0.346172 0.026584
0.361544 0.026978
0.377056 0.027274
0.392689 0.027497
0.408426 0.027671
0.424251 0.027801
0.440147 0.027874
0.456098 0.027877
0.472088 0.027796
0.488100 0.027618
0.504119 0.027330
0.520127 0.026927
0.536110 0.026424
0.552050 0.025833
0.567932 0.025170
0.583739 0.024450
0.599456 0.023686
0.615067 0.022892
0.630555 0.022068
0.645906 0.021216
0.661103 0.020335
0.676132 0.019426
0.690978 0.018488
0.705624 0.017524
0.720058 0.016537
0.734265 0.015538
0.748231 0.014535
0.761942 0.013537
0.775386 0.012552
0.788549 0.011588
0.801418 0.010650
0.813980 0.009743
0.826223 0.008868
0.838135 0.008026
0.849703 0.007216
0.860916 0.006440
0.871762 0.005696
0.882231 0.004986
0.892312 0.004309
0.901995 0.003665
0.911269 0.003051
0.920125 0.002458
0.928553 0.001879
0.936544 0.001308
0.944090 0.000743
0.951183 0.000185
0.957817 -0.000365
0.963984 -0.000897
0.969680 -0.001403
0.974899 -0.001878
0.979636 -0.002316
0.983888 -0.002715
0.987649 -0.003070
0.990916 -0.003381
0.993686 -0.003645
0.995956 -0.003863
0.997724 -0.004032
0.998988 -0.004153
0.999747 -0.004226
1.000000 -0.004250