goe117
1.000000 0.000000
0.999749 0.000060
0.998997 0.000241
0.997745 0.000543
0.995993 0.000964
0.993744 0.001504
0.990999 0.002163
0.987762 0.002938
0.984034 0.003827
0.979820 0.004826
0.975122 0.005929
0.969944 0.007132
0.964290 0.008425
0.958164 0.009797
0.951568 0.011235
0.944508 0.012726
0.936988 0.014260
0.929017 0.015838
0.920604 0.017464
0.911759 0.019143
0.902493 0.020887
0.892820 0.022711
0.882751 0.024618
0.872296 0.026607
0.861465 0.028674
0.850267 0.030815
0.838716 0.033025
0.826820 0.035301
0.814591 0.037636
0.802041 0.040025
0.789181 0.042460
0.776022 0.044928
0.762576 0.047414
0.748854 0.049900
0.734868 0.052365
0.720628 0.054791
0.706146 0.057154
0.691434 0.059432
0.676506 0.061619
0.661380 0.063722
0.646073 0.065753
0.630602 0.067726
0.614988 0.069654
0.599248 0.071553
0.583401 0.073434
0.567461 0.075290
0.551444 0.077109
0.535364 0.078878
0.519234 0.080584
0.503069 0.082214
0.486885 0.083754
0.470696 0.085178
0.454521 0.086455
0.438375 0.087552
0.422277 0.088438
0.406244 0.089085
0.390292 0.089466
0.374440 0.089575
0.358707 0.089427
0.343112 0.089037
0.327676 0.088422
0.312415 0.087597
0.297349 0.086580
0.282496 0.085382
0.267876 0.083998
0.253507 0.082422
0.239410 0.080651
0.225601 0.078682
0.212098 0.076517
0.198917 0.074159
0.186073 0.071613
0.173587 0.068882
0.161479 0.065973
0.149766 0.062894
0.138460 0.059669
0.127552 0.056367
0.117031 0.053066
0.106886 0.049832
0.097114 0.046720
0.087724 0.043743
0.078754 0.040850
0.070237 0.037995
0.062171 0.035169
0.054531 0.032389
0.047297 0.029672
0.040498 0.027031
0.034209 0.024464
0.028486 0.021977
0.023355 0.019582
0.018743 0.017253
0.014465 0.014922
0.010428 0.012570
0.006848 0.010221
0.004043 0.007929
0.002092 0.005772
0.000905 0.003843
0.000298 0.002229
0.000061 0.001013
0.000004 0.000257
0.000000 0.000000
0.000005 -0.000251
0.000082 -0.000979
0.000403 -0.002116
0.001213 -0.003552
0.002775 -0.005154
0.005281 -0.006779
0.008755 -0.008297
0.012924 -0.009616
0.017299 -0.010701
0.021840 -0.011572
0.026761 -0.012336
0.032282 -0.013108
0.038404 -0.013878
0.045076 -0.014614
0.052216 -0.015274
0.059751 -0.015833
0.067686 -0.016313
0.076048 -0.016757
0.084858 -0.017191
0.094103 -0.017527
0.103759 -0.017631
0.113805 -0.017424
0.124231 -0.016951
0.135028 -0.016285
0.146189 -0.015525
0.157704 -0.014781
0.169564 -0.014079
0.181751 -0.013369
0.194252 -0.012590
0.207050 -0.011675
0.220131 -0.010603
0.233484 -0.009403
0.247099 -0.008110
0.260963 -0.006767
0.275067 -0.005418
0.289399 -0.004115
0.303950 -0.002913
0.318706 -0.001846
0.333652 -0.000903
0.348771 -0.000064
0.364046 0.000690
0.379460 0.001382
0.394995 0.002036
0.410634 0.002675
0.426361 0.003299
0.442160 0.003895
0.458016 0.004449
0.473913 0.004947
0.489836 0.005373
0.505768 0.005716
0.521695 0.005968
0.537600 0.006137
0.553466 0.006233
0.569276 0.006261
0.585015 0.006233
0.600665 0.006155
0.616211 0.006037
0.631637 0.005889
0.646928 0.005723
0.662069 0.005547
0.677044 0.005371
0.691839 0.005205
0.706439 0.005056
0.720829 0.004924
0.734994 0.004800
0.748921 0.004677
0.762594 0.004547
0.776001 0.004402
0.789127 0.004237
0.801960 0.004048
0.814486 0.003834
0.826692 0.003604
0.838568 0.003368
0.850100 0.003135
0.861277 0.002911
0.872089 0.002703
0.882525 0.002514
0.892573 0.002349
0.902224 0.002209
0.911468 0.002092
0.920296 0.001985
0.928698 0.001878
0.936666 0.001763
0.944191 0.001635
0.951267 0.001492
0.957886 0.001335
0.964041 0.001171
0.969726 0.001006
0.974936 0.000846
0.979666 0.000694
0.983911 0.000554
0.987666 0.000427
0.990929 0.000315
0.993695 0.000219
0.995962 0.000141
0.997727 0.000079
0.998989 0.000035
0.999747 0.000009
1.000000 0.000000