goe137
1.000000 0.001450
0.999745 0.001496
0.998981 0.001632
0.997708 0.001859
0.995927 0.002177
0.993641 0.002586
0.990852 0.003084
0.987562 0.003673
0.983775 0.004351
0.979495 0.005120
0.974727 0.005979
0.969475 0.006928
0.963745 0.007970
0.957544 0.009105
0.950878 0.010337
0.943754 0.011666
0.936181 0.013091
0.928165 0.014610
0.919713 0.016217
0.910833 0.017904
0.901532 0.019662
0.891818 0.021482
0.881701 0.023355
0.871189 0.025278
0.860292 0.027243
0.849022 0.029246
0.837388 0.031280
0.825402 0.033339
0.813076 0.035417
0.800420 0.037506
0.787448 0.039601
0.774172 0.041699
0.760606 0.043800
0.746764 0.045905
0.732661 0.048015
0.718312 0.050132
0.703732 0.052258
0.688937 0.054396
0.673940 0.056543
0.658758 0.058693
0.643404 0.060839
0.627894 0.062976
0.612241 0.065097
0.596462 0.067194
0.580572 0.069259
0.564584 0.071275
0.548514 0.073224
0.532377 0.075088
0.516187 0.076851
0.499960 0.078493
0.483710 0.080002
0.467456 0.081371
0.451214 0.082600
0.435004 0.083688
0.418844 0.084637
0.402750 0.085446
0.386742 0.086116
0.370835 0.086642
0.355045 0.087019
0.339389 0.087241
0.323883 0.087304
0.308542 0.087205
0.293381 0.086941
0.278420 0.086503
0.263682 0.085874
0.249188 0.085036
0.234960 0.083977
0.221017 0.082687
0.207380 0.081159
0.194066 0.079392
0.181082 0.077421
0.168429 0.075327
0.156106 0.073185
0.144113 0.071058
0.132477 0.068916
0.121248 0.066638
0.110467 0.064124
0.100172 0.061295
0.090382 0.058132
0.081076 0.054788
0.072227 0.051440
0.063824 0.048155
0.055881 0.044856
0.048412 0.041480
0.041449 0.038005
0.035069 0.034459
0.029326 0.030881
0.024244 0.027314
0.019763 0.023802
0.015676 0.020389
0.011837 0.017119
0.008291 0.014025
0.005330 0.011122
0.003098 0.008442
0.001585 0.006035
0.000680 0.003959
0.000223 0.002271
0.000045 0.001024
0.000003 0.000258
-0.000000 -0.000000
0.000005 -0.000250
0.000086 -0.000976
0.000421 -0.002104
0.001266 -0.003519
0.002889 -0.005078
0.005481 -0.006624
0.009047 -0.008010
0.013271 -0.009124
0.017667 -0.009906
0.022233 -0.010371
0.027205 -0.010635
0.032783 -0.010817
0.038955 -0.010935
0.045665 -0.011017
0.052825 -0.011108
0.060369 -0.011217
0.068306 -0.011274
0.076664 -0.011175
0.085464 -0.010839
0.094693 -0.010304
0.104326 -0.009644
0.114345 -0.008918
0.124741 -0.008146
0.135509 -0.007349
0.146642 -0.006555
0.158134 -0.005791
0.169974 -0.005066
0.182150 -0.004367
0.194648 -0.003681
0.207452 -0.002992
0.220548 -0.002298
0.233924 -0.001609
0.247568 -0.000937
0.261464 -0.000296
0.275601 0.000300
0.289963 0.000835
0.304539 0.001293
0.319312 0.001668
0.334268 0.001971
0.349391 0.002217
0.364665 0.002421
0.380075 0.002599
0.395604 0.002771
0.411236 0.002952
0.426955 0.003144
0.442746 0.003336
0.458592 0.003518
0.474479 0.003680
0.490389 0.003811
0.506308 0.003900
0.522219 0.003947
0.538107 0.003958
0.553954 0.003943
0.569746 0.003910
0.585466 0.003869
0.601099 0.003827
0.616627 0.003790
0.632037 0.003753
0.647312 0.003707
0.662437 0.003646
0.677396 0.003563
0.692175 0.003452
0.706758 0.003308
0.721131 0.003134
0.735279 0.002937
0.749189 0.002727
0.762846 0.002513
0.776237 0.002301
0.789349 0.002097
0.802167 0.001909
0.814680 0.001737
0.826874 0.001575
0.838738 0.001418
0.850258 0.001260
0.861424 0.001097
0.872225 0.000925
0.882648 0.000742
0.892684 0.000547
0.902323 0.000338
0.911555 0.000119
0.920370 -0.000098
0.928761 -0.000305
0.936719 -0.000495
0.944235 -0.000662
0.951303 -0.000805
0.957915 -0.000923
0.964065 -0.001021
0.969746 -0.001102
0.974952 -0.001171
0.979679 -0.001229
0.983921 -0.001278
0.987674 -0.001320
0.990934 -0.001355
0.993698 -0.001384
0.995964 -0.001408
0.997728 -0.001426
0.998990 -0.001440
0.999747 -0.001447
1.000000 -0.001450