goe178
1.000000 0.003000
0.999745 0.003040
0.998980 0.003162
0.997705 0.003364
0.995922 0.003646
0.993634 0.004009
0.990841 0.004453
0.987548 0.004978
0.983757 0.005585
0.979473 0.006275
0.974701 0.007051
0.969446 0.007915
0.963715 0.008874
0.957514 0.009932
0.950852 0.011098
0.943736 0.012380
0.936174 0.013776
0.928172 0.015275
0.919735 0.016862
0.910869 0.018518
0.901579 0.020217
0.891869 0.021928
0.881747 0.023642
0.871224 0.025358
0.860312 0.027078
0.849021 0.028806
0.837365 0.030547
0.825357 0.032310
0.813012 0.034106
0.800345 0.035950
0.787370 0.037852
0.774101 0.039808
0.760550 0.041807
0.746728 0.043837
0.732648 0.045886
0.718323 0.047939
0.703765 0.049981
0.688986 0.051996
0.674001 0.053980
0.658826 0.055930
0.643475 0.057846
0.627965 0.059729
0.612313 0.061578
0.596533 0.063395
0.580644 0.065180
0.564660 0.066928
0.548598 0.068636
0.532475 0.070302
0.516307 0.071920
0.500111 0.073489
0.483902 0.075006
0.467697 0.076469
0.451511 0.077877
0.435359 0.079228
0.419257 0.080522
0.403221 0.081758
0.387265 0.082932
0.371407 0.084010
0.355665 0.084945
0.340055 0.085695
0.324595 0.086220
0.309302 0.086483
0.294192 0.086451
0.279283 0.086120
0.264593 0.085517
0.250139 0.084671
0.235940 0.083609
0.222012 0.082360
0.208371 0.080951
0.195032 0.079405
0.182018 0.077711
0.169356 0.075812
0.157074 0.073659
0.145194 0.071214
0.133733 0.068487
0.122696 0.065531
0.112091 0.062400
0.101921 0.059142
0.092195 0.055797
0.082949 0.052352
0.074222 0.048788
0.066011 0.045133
0.058230 0.041531
0.050800 0.038112
0.043699 0.034939
0.037058 0.031901
0.031015 0.028872
0.025653 0.025783
0.020972 0.022620
0.016748 0.019463
0.012781 0.016406
0.009046 0.013511
0.005859 0.010782
0.003425 0.008238
0.001759 0.005926
0.000757 0.003909
0.000248 0.002252
0.000050 0.001019
0.000003 0.000257
-0.000000 0.000000
0.000005 -0.000252
0.000073 -0.000990
0.000360 -0.002166
0.001087 -0.003699
0.002500 -0.005474
0.004795 -0.007349
0.008037 -0.009150
0.012054 -0.010676
0.016434 -0.011731
0.021075 -0.012328
0.026113 -0.012714
0.031703 -0.013169
0.037853 -0.013666
0.044525 -0.014086
0.051659 -0.014256
0.059201 -0.014047
0.067151 -0.013526
0.075520 -0.012837
0.084321 -0.012135
0.093546 -0.011451
0.103183 -0.010785
0.113218 -0.010131
0.123639 -0.009472
0.134436 -0.008789
0.145595 -0.008054
0.157105 -0.007239
0.168955 -0.006347
0.181134 -0.005408
0.193632 -0.004462
0.206440 -0.003552
0.219546 -0.002699
0.232936 -0.001899
0.246595 -0.001141
0.260511 -0.000418
0.274667 0.000284
0.289049 0.000976
0.303640 0.001675
0.318427 0.002387
0.333394 0.003104
0.348526 0.003816
0.363810 0.004511
0.379229 0.005178
0.394770 0.005802
0.410416 0.006373
0.426153 0.006886
0.441963 0.007340
0.457832 0.007734
0.473742 0.008071
0.489677 0.008350
0.505621 0.008572
0.521558 0.008740
0.537470 0.008861
0.553343 0.008941
0.569160 0.008986
0.584905 0.009003
0.600563 0.009000
0.616116 0.008979
0.631551 0.008942
0.646850 0.008885
0.661999 0.008807
0.676982 0.008706
0.691785 0.008581
0.706391 0.008431
0.720787 0.008257
0.734958 0.008065
0.748890 0.007858
0.762569 0.007641
0.775981 0.007417
0.789113 0.007191
0.801952 0.006965
0.814485 0.006741
0.826698 0.006511
0.838580 0.006270
0.850117 0.006014
0.861299 0.005738
0.872114 0.005441
0.882551 0.005121
0.892599 0.004777
0.902248 0.004411
0.911489 0.004028
0.920313 0.003637
0.928711 0.003251
0.936675 0.002878
0.944197 0.002523
0.951270 0.002191
0.957887 0.001885
0.964041 0.001603
0.969726 0.001346
0.974936 0.001112
0.979665 0.000900
0.983910 0.000712
0.987666 0.000545
0.990928 0.000401
0.993694 0.000278
0.995961 0.000178
0.997727 0.000100
0.998989 0.000045
0.999747 0.000011
1.000000 -0.000000