goe116
1.000000 0.001750
0.999747 0.001799
0.998989 0.001945
0.997727 0.002188
0.995961 0.002528
0.993693 0.002965
0.990927 0.003497
0.987664 0.004125
0.983908 0.004849
0.979662 0.005666
0.974932 0.006576
0.969721 0.007578
0.964034 0.008670
0.957879 0.009852
0.951259 0.011121
0.944183 0.012476
0.936657 0.013914
0.928687 0.015429
0.920282 0.017019
0.911449 0.018676
0.902196 0.020394
0.892532 0.022166
0.882465 0.023988
0.872006 0.025858
0.861167 0.027778
0.849957 0.029748
0.838390 0.031770
0.826478 0.033846
0.814234 0.035981
0.801671 0.038178
0.788803 0.040442
0.775644 0.042769
0.762204 0.045152
0.748498 0.047582
0.734536 0.050047
0.720332 0.052538
0.705898 0.055043
0.691248 0.057549
0.676394 0.060045
0.661350 0.062519
0.646130 0.064959
0.630748 0.067353
0.615217 0.069690
0.599552 0.071955
0.583766 0.074136
0.567877 0.076213
0.551898 0.078165
0.535845 0.079969
0.519735 0.081605
0.503583 0.083052
0.487406 0.084291
0.471221 0.085315
0.455047 0.086127
0.438903 0.086733
0.422809 0.087138
0.406782 0.087346
0.390843 0.087365
0.375010 0.087195
0.359302 0.086828
0.343739 0.086257
0.328341 0.085477
0.313125 0.084484
0.298110 0.083277
0.283314 0.081858
0.268751 0.080251
0.254435 0.078483
0.240380 0.076581
0.226600 0.074570
0.213108 0.072474
0.199917 0.070315
0.187039 0.068112
0.174486 0.065866
0.162272 0.063569
0.150408 0.061220
0.138907 0.058813
0.127796 0.056309
0.117104 0.053669
0.106856 0.050863
0.097069 0.047872
0.087749 0.044737
0.078874 0.041604
0.070423 0.038600
0.062391 0.035733
0.054786 0.032908
0.047615 0.030053
0.040913 0.027154
0.034755 0.024264
0.029192 0.021433
0.024248 0.018706
0.019849 0.016117
0.015717 0.013690
0.011679 0.011445
0.007856 0.009365
0.004716 0.007373
0.002469 0.005464
0.001077 0.003701
0.000357 0.002180
0.000073 0.001002
0.000005 0.000256
-0.000000 0.000000
0.000006 -0.000250
0.000095 -0.000963
0.000463 -0.002034
0.001386 -0.003316
0.003144 -0.004652
0.005911 -0.005928
0.009630 -0.007137
0.013848 -0.008452
0.018014 -0.010095
0.022184 -0.012004
0.026701 -0.013986
0.031922 -0.015844
0.037860 -0.017535
0.044442 -0.019063
0.051539 -0.020458
0.059019 -0.021758
0.066887 -0.022938
0.075189 -0.023962
0.083973 -0.024782
0.093225 -0.025311
0.102896 -0.025437
0.112946 -0.025088
0.123364 -0.024320
0.134142 -0.023230
0.145275 -0.021948
0.156758 -0.020626
0.168583 -0.019352
0.180741 -0.018130
0.193222 -0.016960
0.206015 -0.015841
0.219109 -0.014774
0.232491 -0.013761
0.246146 -0.012804
0.260059 -0.011904
0.274217 -0.011062
0.288603 -0.010277
0.303202 -0.009549
0.317998 -0.008874
0.332976 -0.008244
0.348121 -0.007649
0.363417 -0.007080
0.378848 -0.006523
0.394399 -0.005967
0.410053 -0.005400
0.425796 -0.004823
0.441610 -0.004247
0.457481 -0.003683
0.473393 -0.003142
0.489330 -0.002635
0.505276 -0.002175
0.521216 -0.001766
0.537132 -0.001403
0.553010 -0.001079
0.568832 -0.000789
0.584583 -0.000527
0.600246 -0.000286
0.615806 -0.000063
0.631247 0.000144
0.646552 0.000332
0.661708 0.000501
0.676698 0.000649
0.691508 0.000777
0.706122 0.000882
0.720526 0.000964
0.734706 0.001024
0.748647 0.001060
0.762334 0.001072
0.775755 0.001061
0.788895 0.001027
0.801742 0.000971
0.814281 0.000893
0.826502 0.000796
0.838391 0.000682
0.849936 0.000554
0.861126 0.000415
0.871949 0.000266
0.882395 0.000110
0.892453 -0.000052
0.902113 -0.000217
0.911365 -0.000383
0.920200 -0.000544
0.928610 -0.000698
0.936585 -0.000842
0.944118 -0.000972
0.951201 -0.001089
0.957828 -0.001191
0.963990 -0.001282
0.969683 -0.001361
0.974900 -0.001432
0.979637 -0.001494
0.983888 -0.001549
0.987648 -0.001596
0.990915 -0.001637
0.993685 -0.001672
0.995956 -0.001700
0.997724 -0.001722
0.998988 -0.001737
0.999747 -0.001747
1.000000 -0.001750