goe123
1.000000 0.002000
0.999746 0.002050
0.998986 0.002201
0.997719 0.002452
0.995948 0.002804
0.993673 0.003255
0.990898 0.003806
0.987625 0.004455
0.983857 0.005203
0.979598 0.006049
0.974853 0.006991
0.969626 0.008030
0.963923 0.009165
0.957749 0.010394
0.951111 0.011718
0.944015 0.013135
0.936470 0.014645
0.928482 0.016247
0.920060 0.017942
0.911213 0.019727
0.901949 0.021604
0.892279 0.023571
0.882212 0.025626
0.871757 0.027760
0.860924 0.029967
0.849721 0.032237
0.838160 0.034561
0.826250 0.036927
0.814000 0.039322
0.801421 0.041731
0.788524 0.044141
0.775319 0.046542
0.761821 0.048929
0.748042 0.051295
0.733996 0.053635
0.719697 0.055943
0.705160 0.058213
0.690397 0.060440
0.675425 0.062613
0.660257 0.064721
0.644908 0.066749
0.629394 0.068683
0.613728 0.070510
0.597926 0.072216
0.582005 0.073791
0.565981 0.075241
0.549872 0.076571
0.533696 0.077789
0.517471 0.078905
0.501214 0.079927
0.484944 0.080862
0.468678 0.081703
0.452432 0.082441
0.436223 0.083063
0.420068 0.083563
0.403982 0.083930
0.387984 0.084158
0.372089 0.084248
0.356315 0.084204
0.340680 0.084032
0.325200 0.083738
0.309893 0.083327
0.294774 0.082807
0.279860 0.082177
0.265167 0.081427
0.250710 0.080547
0.236505 0.079529
0.222572 0.078353
0.208930 0.077004
0.195600 0.075467
0.182595 0.073746
0.169926 0.071862
0.157605 0.069839
0.145640 0.067701
0.134051 0.065439
0.122872 0.063013
0.112130 0.060390
0.101848 0.057550
0.092041 0.054499
0.082681 0.051370
0.073733 0.048319
0.065197 0.045392
0.057132 0.042436
0.049592 0.039319
0.042605 0.036004
0.036166 0.032624
0.030261 0.029315
0.024877 0.026177
0.019987 0.023228
0.015532 0.020317
0.011472 0.017341
0.007896 0.014321
0.005011 0.011375
0.002885 0.008615
0.001465 0.006132
0.000625 0.004001
0.000204 0.002284
0.000041 0.001026
0.000003 0.000258
0.000000 0.000000
0.000006 -0.000252
0.000087 -0.000986
0.000427 -0.002140
0.001283 -0.003609
0.002925 -0.005243
0.005546 -0.006850
0.009142 -0.008188
0.013385 -0.008968
0.017798 -0.008965
0.022389 -0.008276
0.027377 -0.007289
0.032932 -0.006310
0.039040 -0.005321
0.045651 -0.004253
0.052688 -0.003000
0.060095 -0.001501
0.067888 0.000191
0.076096 0.001986
0.084746 0.003806
0.093821 0.005691
0.103289 0.007715
0.113128 0.009908
0.123342 0.012195
0.133937 0.014473
0.144925 0.016617
0.156320 0.018487
0.168117 0.020036
0.180291 0.021322
0.192811 0.022425
0.205644 0.023437
0.218767 0.024414
0.232169 0.025351
0.245840 0.026242
0.259769 0.027080
0.273945 0.027849
0.288352 0.028532
0.302974 0.029107
0.317796 0.029560
0.332803 0.029892
0.347977 0.030104
0.363304 0.030201
0.378766 0.030187
0.394347 0.030068
0.410030 0.029849
0.425800 0.029536
0.441639 0.029134
0.457532 0.028649
0.473462 0.028087
0.489414 0.027455
0.505371 0.026759
0.521317 0.026010
0.537238 0.025222
0.553117 0.024410
0.568939 0.023590
0.584690 0.022776
0.600353 0.021982
0.615914 0.021219
0.631357 0.020476
0.646664 0.019740
0.661821 0.019001
0.676811 0.018245
0.691618 0.017463
0.706227 0.016645
0.720624 0.015796
0.734794 0.014931
0.748724 0.014067
0.762402 0.013220
0.775814 0.012402
0.788947 0.011626
0.801788 0.010902
0.814325 0.010233
0.826544 0.009612
0.838434 0.009027
0.849980 0.008470
0.861171 0.007934
0.871996 0.007411
0.882443 0.006898
0.892501 0.006390
0.902161 0.005885
0.911412 0.005384
0.920245 0.004890
0.928652 0.004407
0.936624 0.003939
0.944154 0.003489
0.951234 0.003060
0.957856 0.002654
0.964015 0.002272
0.969705 0.001917
0.974918 0.001590
0.979651 0.001291
0.983899 0.001023
0.987657 0.000784
0.990922 0.000577
0.993690 0.000401
0.995959 0.000257
0.997725 0.000145
0.998989 0.000064
0.999747 0.000016
1.000000 -0.000000