goe225
1.000000 0.003000
0.999749 0.003088
0.998995 0.003351
0.997739 0.003790
0.995982 0.004403
0.993727 0.005191
0.990975 0.006151
0.987729 0.007283
0.983992 0.008585
0.979767 0.010054
0.975058 0.011686
0.969869 0.013478
0.964204 0.015425
0.958067 0.017520
0.951463 0.019756
0.944396 0.022125
0.936872 0.024620
0.928898 0.027238
0.920481 0.029973
0.911631 0.032822
0.902356 0.035784
0.892667 0.038856
0.882573 0.042034
0.872083 0.045315
0.861208 0.048691
0.849957 0.052158
0.838341 0.055711
0.826370 0.059344
0.814057 0.063052
0.801412 0.066830
0.788447 0.070671
0.775171 0.074553
0.761590 0.078445
0.747714 0.082313
0.733547 0.086121
0.719097 0.089828
0.704370 0.093394
0.689373 0.096774
0.674119 0.099952
0.658628 0.102933
0.642921 0.105725
0.627021 0.108337
0.610949 0.110782
0.594731 0.113074
0.578386 0.115225
0.561934 0.117244
0.545393 0.119138
0.528779 0.120916
0.512111 0.122587
0.495406 0.124162
0.478683 0.125642
0.461958 0.127001
0.445248 0.128209
0.428569 0.129239
0.411938 0.130061
0.395372 0.130651
0.378888 0.130987
0.362509 0.131059
0.346255 0.130860
0.330150 0.130387
0.314213 0.129636
0.298465 0.128606
0.282928 0.127299
0.267621 0.125723
0.252566 0.123890
0.237781 0.121814
0.223287 0.119509
0.209101 0.116989
0.195239 0.114271
0.181719 0.111365
0.168561 0.108265
0.155783 0.104970
0.143401 0.101478
0.131438 0.097788
0.119925 0.093887
0.108887 0.089771
0.098345 0.085443
0.088321 0.080909
0.078852 0.076173
0.069968 0.071246
0.061651 0.066198
0.053831 0.061159
0.046452 0.056239
0.039510 0.051479
0.033067 0.046843
0.027167 0.042309
0.021833 0.037870
0.017089 0.033487
0.012953 0.029105
0.009425 0.024726
0.006531 0.020457
0.004273 0.016425
0.002606 0.012726
0.001455 0.009432
0.000721 0.006591
0.000302 0.004236
0.000097 0.002390
0.000019 0.001064
0.000001 0.000266
0.000000 0.000000
0.000003 -0.000255
0.000049 -0.001013
0.000244 -0.002252
0.000747 -0.003935
0.001745 -0.006000
0.003422 -0.008356
0.005911 -0.010875
0.009246 -0.013383
0.013301 -0.015642
0.017850 -0.017430
0.022873 -0.018788
0.028421 -0.019944
0.034522 -0.021042
0.041159 -0.022024
0.048304 -0.022810
0.055914 -0.023309
0.063965 -0.023486
0.072447 -0.023359
0.081352 -0.022970
0.090671 -0.022387
0.100399 -0.021706
0.110528 -0.021026
0.121049 -0.020348
0.131948 -0.019639
0.143211 -0.018856
0.154826 -0.017950
0.166776 -0.016887
0.179047 -0.015657
0.191624 -0.014256
0.204492 -0.012680
0.217635 -0.010932
0.231042 -0.009031
0.244703 -0.007001
0.258608 -0.004867
0.272747 -0.002661
0.287109 -0.000416
0.301685 0.001832
0.316464 0.004053
0.331431 0.006248
0.346569 0.008423
0.361862 0.010585
0.377294 0.012743
0.392846 0.014905
0.408503 0.017079
0.424249 0.019257
0.440070 0.021414
0.455955 0.023526
0.471890 0.025567
0.487863 0.027513
0.503859 0.029339
0.519864 0.031022
0.535862 0.032545
0.551834 0.033892
0.567764 0.035048
0.583633 0.035998
0.599424 0.036729
0.615120 0.037233
0.630701 0.037519
0.646150 0.037597
0.661449 0.037481
0.676578 0.037183
0.691521 0.036715
0.706260 0.036091
0.720779 0.035323
0.735062 0.034420
0.749094 0.033393
0.762861 0.032253
0.776348 0.031011
0.789541 0.029678
0.802427 0.028265
0.814994 0.026784
0.827230 0.025252
0.839125 0.023686
0.850668 0.022101
0.861848 0.020509
0.872656 0.018925
0.883082 0.017358
0.893117 0.015820
0.902751 0.014319
0.911975 0.012860
0.920778 0.011442
0.929153 0.010064
0.937089 0.008726
0.944581 0.007432
0.951619 0.006185
0.958198 0.004991
0.964313 0.003860
0.969959 0.002799
0.975132 0.001816
0.979826 0.000917
0.984038 0.000104
0.987765 -0.000617
0.991001 -0.001246
0.993745 -0.001780
0.995994 -0.002219
0.997745 -0.002560
0.998997 -0.002804
0.999749 -0.002951
1.000000 -0.003000