goe281
1.000000 0.002600
0.999746 0.002651
0.998985 0.002804
0.997718 0.003058
0.995946 0.003414
0.993670 0.003871
0.990894 0.004429
0.987619 0.005088
0.983850 0.005848
0.979589 0.006708
0.974843 0.007670
0.969616 0.008733
0.963913 0.009900
0.957742 0.011172
0.951109 0.012551
0.944021 0.014041
0.936485 0.015637
0.928508 0.017332
0.920096 0.019114
0.911254 0.020969
0.901989 0.022878
0.892305 0.024821
0.882211 0.026787
0.871718 0.028773
0.860834 0.030775
0.849572 0.032793
0.837943 0.034824
0.825960 0.036871
0.813636 0.038935
0.800984 0.041020
0.788018 0.043128
0.774752 0.045253
0.761197 0.047386
0.747366 0.049517
0.733272 0.051635
0.718928 0.053729
0.704348 0.055786
0.689544 0.057796
0.674533 0.059759
0.659329 0.061681
0.643950 0.063572
0.628412 0.065440
0.612732 0.067296
0.596928 0.069152
0.581015 0.071007
0.565009 0.072830
0.548923 0.074587
0.532771 0.076240
0.516567 0.077753
0.500325 0.079090
0.484061 0.080223
0.467790 0.081172
0.451534 0.081967
0.435309 0.082640
0.419136 0.083224
0.403032 0.083749
0.387016 0.084242
0.371106 0.084684
0.355318 0.085039
0.339669 0.085271
0.324175 0.085348
0.308854 0.085240
0.293721 0.084921
0.278792 0.084386
0.264084 0.083656
0.249613 0.082753
0.235394 0.081698
0.221443 0.080514
0.207774 0.079219
0.194402 0.077834
0.181345 0.076346
0.168627 0.074710
0.156270 0.072885
0.144292 0.070841
0.132708 0.068587
0.121525 0.066166
0.110749 0.063619
0.100387 0.060986
0.090452 0.058284
0.080990 0.055444
0.072046 0.052394
0.063644 0.049107
0.055785 0.045602
0.048466 0.041910
0.041697 0.038087
0.035507 0.034226
0.029916 0.030413
0.024925 0.026716
0.020482 0.023184
0.016390 0.019826
0.012503 0.016653
0.008839 0.013676
0.005720 0.010886
0.003342 0.008300
0.001716 0.005960
0.000738 0.003925
0.000242 0.002259
0.000049 0.001021
0.000003 0.000258
0.000000 0.000000
0.000006 -0.000251
0.000090 -0.000979
0.000439 -0.002116
0.001319 -0.003547
0.003004 -0.005117
0.005683 -0.006629
0.009339 -0.007853
0.013608 -0.008529
0.018007 -0.008483
0.022566 -0.007860
0.027538 -0.007093
0.033112 -0.006512
0.039272 -0.006102
0.045963 -0.005787
0.053098 -0.005439
0.060619 -0.004981
0.068539 -0.004461
0.076886 -0.003955
0.085682 -0.003523
0.094912 -0.003128
0.104551 -0.002708
0.114579 -0.002231
0.124988 -0.001712
0.135770 -0.001175
0.146916 -0.000647
0.158421 -0.000159
0.170272 0.000287
0.182457 0.000705
0.194962 0.001115
0.207772 0.001538
0.220873 0.001982
0.234254 0.002444
0.247900 0.002917
0.261798 0.003398
0.275934 0.003881
0.290295 0.004358
0.304867 0.004824
0.319635 0.005271
0.334584 0.005694
0.349700 0.006085
0.364966 0.006438
0.380367 0.006746
0.395888 0.007002
0.411514 0.007201
0.427227 0.007347
0.443013 0.007451
0.458856 0.007523
0.474738 0.007576
0.490645 0.007622
0.506560 0.007672
0.522468 0.007726
0.538351 0.007769
0.554193 0.007785
0.569980 0.007759
0.585694 0.007677
0.601319 0.007523
0.616840 0.007291
0.632241 0.006991
0.647507 0.006635
0.662622 0.006237
0.677572 0.005810
0.692340 0.005365
0.706913 0.004914
0.721276 0.004466
0.735415 0.004027
0.749316 0.003604
0.762964 0.003202
0.776347 0.002825
0.789450 0.002479
0.802262 0.002167
0.814768 0.001886
0.826957 0.001629
0.838815 0.001385
0.850330 0.001146
0.861491 0.000906
0.872287 0.000658
0.882705 0.000399
0.892736 0.000125
0.902370 -0.000164
0.911597 -0.000464
0.920407 -0.000762
0.928793 -0.001044
0.936746 -0.001302
0.944258 -0.001530
0.951323 -0.001724
0.957932 -0.001885
0.964079 -0.002018
0.969757 -0.002128
0.974961 -0.002221
0.979686 -0.002300
0.983926 -0.002367
0.987678 -0.002423
0.990937 -0.002471
0.993701 -0.002511
0.995965 -0.002543
0.997729 -0.002568
0.998990 -0.002586
0.999748 -0.002596
1.000000 -0.002600