goe269
1.000000 0.002900
0.999746 0.002947
0.998983 0.003086
0.997712 0.003319
0.995936 0.003645
0.993654 0.004063
0.990870 0.004572
0.987587 0.005172
0.983806 0.005859
0.979533 0.006633
0.974770 0.007489
0.969523 0.008422
0.963794 0.009428
0.957590 0.010498
0.950915 0.011625
0.943774 0.012797
0.936175 0.014014
0.928125 0.015279
0.919635 0.016599
0.910715 0.017986
0.901376 0.019454
0.891632 0.021022
0.881492 0.022691
0.870967 0.024454
0.860065 0.026304
0.848797 0.028230
0.837171 0.030220
0.825198 0.032256
0.812886 0.034323
0.800246 0.036401
0.787287 0.038469
0.774022 0.040523
0.760465 0.042564
0.746630 0.044593
0.732533 0.046614
0.718187 0.048629
0.703611 0.050642
0.688818 0.052659
0.673824 0.054679
0.658645 0.056697
0.643294 0.058711
0.627786 0.060716
0.612138 0.062710
0.596363 0.064687
0.580478 0.066639
0.564496 0.068543
0.548432 0.070374
0.532301 0.072107
0.516118 0.073715
0.499896 0.075173
0.483652 0.076462
0.467403 0.077590
0.451168 0.078572
0.434965 0.079426
0.418813 0.080167
0.402731 0.080813
0.386736 0.081378
0.370845 0.081854
0.355074 0.082225
0.339439 0.082476
0.323956 0.082592
0.308640 0.082561
0.293506 0.082372
0.278573 0.082014
0.263858 0.081476
0.249383 0.080752
0.235166 0.079834
0.221224 0.078718
0.207575 0.077405
0.194236 0.075893
0.181221 0.074195
0.168544 0.072333
0.156220 0.070329
0.144261 0.068205
0.132680 0.065977
0.121487 0.063652
0.110694 0.061239
0.100310 0.058749
0.090349 0.056184
0.080849 0.053501
0.071847 0.050654
0.063354 0.047638
0.055355 0.044492
0.047835 0.041256
0.040811 0.037960
0.034352 0.034616
0.028507 0.031242
0.023296 0.027867
0.018666 0.024505
0.014485 0.021150
0.010669 0.017822
0.007323 0.014581
0.004638 0.011507
0.002666 0.008676
0.001352 0.006158
0.000576 0.004011
0.000188 0.002287
0.000038 0.001026
0.000002 0.000258
0.000000 -0.000000
0.000004 -0.000252
0.000068 -0.000995
0.000337 -0.002185
0.001021 -0.003749
0.002355 -0.005584
0.004537 -0.007557
0.007653 -0.009504
0.011584 -0.011226
0.015963 -0.012504
0.020636 -0.013244
0.025709 -0.013511
0.031327 -0.013441
0.037491 -0.013031
0.044152 -0.012253
0.051232 -0.011101
0.058659 -0.009606
0.066451 -0.007880
0.074661 -0.006094
0.083343 -0.004433
0.092489 -0.002891
0.102061 -0.001380
0.112025 0.000173
0.122370 0.001763
0.133092 0.003367
0.144185 0.004959
0.155645 0.006510
0.167464 0.007993
0.179630 0.009387
0.192129 0.010668
0.204948 0.011813
0.218073 0.012812
0.231489 0.013676
0.245182 0.014421
0.259135 0.015067
0.273333 0.015637
0.287759 0.016157
0.302396 0.016658
0.317227 0.017160
0.332239 0.017659
0.347415 0.018145
0.362742 0.018608
0.378204 0.019038
0.393788 0.019426
0.409477 0.019759
0.425256 0.020032
0.441109 0.020239
0.457019 0.020374
0.472970 0.020433
0.488945 0.020412
0.504927 0.020306
0.520900 0.020117
0.536848 0.019852
0.552754 0.019522
0.568603 0.019135
0.584379 0.018702
0.600066 0.018231
0.615649 0.017731
0.631110 0.017200
0.646435 0.016637
0.661607 0.016038
0.676612 0.015404
0.691434 0.014732
0.706058 0.014022
0.720469 0.013276
0.734653 0.012501
0.748596 0.011703
0.762285 0.010889
0.775705 0.010064
0.788843 0.009234
0.801687 0.008403
0.814223 0.007579
0.826440 0.006770
0.838325 0.005985
0.849867 0.005231
0.861055 0.004514
0.871878 0.003839
0.882325 0.003210
0.892386 0.002629
0.902050 0.002098
0.911308 0.001615
0.920149 0.001171
0.928565 0.000758
0.936547 0.000370
0.944086 0.000002
0.951175 -0.000349
0.957805 -0.000683
0.963972 -0.000998
0.969668 -0.001293
0.974888 -0.001566
0.979627 -0.001816
0.983880 -0.002041
0.987643 -0.002241
0.990911 -0.002415
0.993682 -0.002563
0.995954 -0.002684
0.997723 -0.002778
0.998987 -0.002846
0.999747 -0.002886
1.000000 -0.002900