goe210
1.000000 0.000800
0.999747 0.000851
0.998989 0.001006
0.997726 0.001262
0.995960 0.001621
0.993693 0.002082
0.990926 0.002645
0.987662 0.003308
0.983906 0.004071
0.979660 0.004933
0.974928 0.005894
0.969716 0.006951
0.964029 0.008103
0.957872 0.009350
0.951250 0.010688
0.944172 0.012115
0.936642 0.013625
0.928668 0.015211
0.920255 0.016859
0.911410 0.018558
0.902139 0.020290
0.892449 0.022039
0.882349 0.023795
0.871849 0.025558
0.860959 0.027328
0.849692 0.029106
0.838060 0.030897
0.826076 0.032705
0.813754 0.034539
0.801108 0.036410
0.788154 0.038325
0.774904 0.040285
0.761372 0.042282
0.747570 0.044310
0.733510 0.046362
0.719207 0.048429
0.704673 0.050503
0.689921 0.052575
0.674967 0.054634
0.659822 0.056666
0.644502 0.058656
0.629020 0.060589
0.613391 0.062451
0.597630 0.064225
0.581750 0.065898
0.565769 0.067462
0.549703 0.068911
0.533570 0.070238
0.517385 0.071439
0.501167 0.072507
0.484932 0.073438
0.468698 0.074235
0.452483 0.074899
0.436303 0.075435
0.420178 0.075847
0.404124 0.076139
0.388158 0.076316
0.372298 0.076381
0.356559 0.076338
0.340958 0.076190
0.325510 0.075942
0.310232 0.075597
0.295139 0.075160
0.280247 0.074632
0.265573 0.074003
0.251135 0.073267
0.236949 0.072418
0.223031 0.071452
0.209397 0.070367
0.196061 0.069161
0.183037 0.067844
0.170333 0.066442
0.157961 0.064977
0.145930 0.063473
0.134258 0.061909
0.122975 0.060208
0.112106 0.058304
0.101676 0.056147
0.091704 0.053713
0.082220 0.051034
0.073251 0.048164
0.064790 0.045177
0.056763 0.042186
0.049108 0.039289
0.041840 0.036499
0.035127 0.033666
0.029108 0.030669
0.023862 0.027449
0.019319 0.024047
0.015228 0.020616
0.011416 0.017289
0.007945 0.014139
0.005084 0.011189
0.002945 0.008474
0.001503 0.006046
0.000643 0.003958
0.000210 0.002267
0.000043 0.001021
0.000003 0.000257
0.000000 0.000000
0.000007 -0.000248
0.000110 -0.000950
0.000535 -0.001979
0.001595 -0.003152
0.003592 -0.004258
0.006688 -0.005116
0.010732 -0.005625
0.015117 -0.005837
0.019433 -0.005830
0.023850 -0.005657
0.028763 -0.005434
0.034345 -0.005207
0.040555 -0.004948
0.047302 -0.004613
0.054454 -0.004142
0.061952 -0.003518
0.069825 -0.002776
0.078125 -0.001968
0.086884 -0.001143
0.096082 -0.000327
0.105692 0.000450
0.115695 0.001176
0.126082 0.001858
0.136843 0.002507
0.147971 0.003139
0.159455 0.003769
0.171285 0.004399
0.183448 0.005018
0.195931 0.005616
0.208721 0.006182
0.221804 0.006711
0.235169 0.007202
0.248801 0.007656
0.262685 0.008073
0.276810 0.008455
0.291158 0.008804
0.305718 0.009122
0.320473 0.009411
0.335408 0.009678
0.350509 0.009925
0.365759 0.010160
0.381145 0.010386
0.396650 0.010612
0.412257 0.010841
0.427953 0.011069
0.443720 0.011285
0.459544 0.011479
0.475407 0.011640
0.491295 0.011758
0.507191 0.011822
0.523080 0.011830
0.538944 0.011784
0.554769 0.011691
0.570537 0.011555
0.586234 0.011380
0.601842 0.011173
0.617346 0.010938
0.632731 0.010680
0.647981 0.010406
0.663081 0.010120
0.678016 0.009828
0.692771 0.009534
0.707331 0.009243
0.721681 0.008954
0.735808 0.008666
0.749696 0.008375
0.763332 0.008077
0.776701 0.007772
0.789791 0.007457
0.802588 0.007131
0.815079 0.006793
0.827252 0.006443
0.839094 0.006080
0.850593 0.005705
0.861737 0.005319
0.872516 0.004922
0.882918 0.004517
0.892933 0.004104
0.902551 0.003686
0.911762 0.003267
0.920558 0.002854
0.928930 0.002455
0.936869 0.002074
0.944368 0.001716
0.951419 0.001383
0.958015 0.001077
0.964151 0.000796
0.969818 0.000539
0.975012 0.000306
0.979727 0.000095
0.983959 -0.000093
0.987703 -0.000258
0.990956 -0.000402
0.993713 -0.000523
0.995974 -0.000623
0.997734 -0.000700
0.998992 -0.000756
0.999748 -0.000789
1.000000 -0.000800