goe207
1.000000 0.003750
0.999742 0.003798
0.998966 0.003942
0.997675 0.004181
0.995870 0.004516
0.993551 0.004946
0.990723 0.005471
0.987386 0.006088
0.983545 0.006798
0.979203 0.007598
0.974365 0.008487
0.969034 0.009460
0.963216 0.010515
0.956916 0.011647
0.950139 0.012851
0.942893 0.014120
0.935183 0.015455
0.927018 0.016857
0.918408 0.018330
0.909363 0.019881
0.899893 0.021517
0.890009 0.023248
0.879723 0.025074
0.869044 0.026992
0.857983 0.028999
0.846551 0.031089
0.834757 0.033256
0.822614 0.035495
0.810133 0.037796
0.797324 0.040150
0.784200 0.042551
0.770774 0.044994
0.757059 0.047478
0.743070 0.050001
0.728820 0.052561
0.714325 0.055157
0.699598 0.057788
0.684654 0.060449
0.669508 0.063132
0.654173 0.065824
0.638663 0.068510
0.622992 0.071178
0.607173 0.073813
0.591222 0.076400
0.575152 0.078934
0.558983 0.081420
0.542731 0.083860
0.526413 0.086262
0.510047 0.088630
0.493651 0.090970
0.477242 0.093276
0.460833 0.095520
0.444439 0.097677
0.428072 0.099719
0.411748 0.101621
0.395481 0.103356
0.379286 0.104908
0.363180 0.106270
0.347183 0.107438
0.331312 0.108410
0.315585 0.109185
0.300021 0.109763
0.284636 0.110139
0.269451 0.110291
0.254485 0.110194
0.239757 0.109825
0.225286 0.109167
0.211090 0.108206
0.197186 0.106932
0.183601 0.105319
0.170393 0.103285
0.157618 0.100758
0.145322 0.097679
0.133523 0.094088
0.122191 0.090155
0.111299 0.086044
0.100824 0.081894
0.090759 0.077792
0.081186 0.073607
0.072199 0.069163
0.063856 0.064388
0.056166 0.059352
0.049128 0.054137
0.042710 0.048849
0.036803 0.043675
0.031310 0.038776
0.026162 0.034266
0.021321 0.030201
0.016831 0.026419
0.012755 0.022727
0.009151 0.019051
0.006154 0.015477
0.003837 0.012119
0.002179 0.009065
0.001095 0.006385
0.000464 0.004131
0.000150 0.002343
0.000030 0.001047
0.000002 0.000263
-0.000000 0.000000
0.000003 -0.000255
0.000051 -0.001018
0.000252 -0.002288
0.000771 -0.004045
0.001802 -0.006228
0.003534 -0.008714
0.006107 -0.011271
0.009555 -0.013517
0.013753 -0.014873
0.018495 -0.014870
0.023719 -0.013790
0.029368 -0.012351
0.035414 -0.010870
0.041853 -0.009292
0.048693 -0.007528
0.055948 -0.005472
0.063635 -0.003181
0.071774 -0.000832
0.080393 0.001350
0.089488 0.003301
0.099028 0.005130
0.108974 0.006963
0.119313 0.008815
0.130038 0.010655
0.141143 0.012450
0.152623 0.014157
0.164470 0.015744
0.176672 0.017189
0.189214 0.018478
0.202081 0.019593
0.215257 0.020526
0.228727 0.021279
0.242475 0.021863
0.256486 0.022291
0.270744 0.022578
0.285230 0.022744
0.299929 0.022810
0.314821 0.022798
0.329892 0.022714
0.345128 0.022565
0.360512 0.022357
0.376032 0.022097
0.391670 0.021792
0.407412 0.021450
0.423242 0.021074
0.439145 0.020662
0.455103 0.020211
0.471100 0.019717
0.487120 0.019179
0.503147 0.018593
0.519163 0.017963
0.535154 0.017300
0.551103 0.016617
0.566996 0.015928
0.582816 0.015246
0.598549 0.014583
0.614179 0.013950
0.629690 0.013342
0.645065 0.012752
0.660290 0.012172
0.675349 0.011595
0.690226 0.011015
0.704905 0.010426
0.719373 0.009824
0.733613 0.009210
0.747613 0.008584
0.761358 0.007948
0.774833 0.007303
0.788026 0.006649
0.800923 0.005988
0.813512 0.005324
0.825779 0.004666
0.837714 0.004024
0.849304 0.003406
0.860538 0.002818
0.871405 0.002267
0.881894 0.001756
0.891995 0.001289
0.901698 0.000868
0.910992 0.000489
0.919868 0.000140
0.928317 -0.000191
0.936329 -0.000512
0.943896 -0.000829
0.951010 -0.001146
0.957664 -0.001461
0.963852 -0.001769
0.969568 -0.002065
0.974806 -0.002344
0.979560 -0.002603
0.983827 -0.002839
0.987602 -0.003049
0.990881 -0.003234
0.993662 -0.003391
0.995941 -0.003520
0.997715 -0.003620
0.998984 -0.003692
0.999746 -0.003736
1.000000 -0.003750