goe274
1.000000 0.004000
0.999748 0.004067
0.998994 0.004267
0.997738 0.004600
0.995980 0.005066
0.993724 0.005665
0.990970 0.006394
0.987722 0.007254
0.983983 0.008242
0.979757 0.009355
0.975046 0.010592
0.969855 0.011947
0.964188 0.013416
0.958050 0.014992
0.951445 0.016669
0.944379 0.018436
0.936856 0.020287
0.928884 0.022214
0.920468 0.024208
0.911617 0.026262
0.902337 0.028366
0.892637 0.030511
0.882526 0.032689
0.872012 0.034894
0.861106 0.037118
0.849817 0.039355
0.838158 0.041599
0.826140 0.043844
0.813774 0.046085
0.801074 0.048317
0.788051 0.050537
0.774720 0.052738
0.761093 0.054916
0.747184 0.057066
0.733007 0.059183
0.718575 0.061263
0.703904 0.063302
0.689009 0.065296
0.673903 0.067239
0.658603 0.069121
0.643124 0.070935
0.627480 0.072670
0.611688 0.074319
0.595764 0.075874
0.579724 0.077330
0.563585 0.078699
0.547364 0.079990
0.531081 0.081215
0.514751 0.082388
0.498394 0.083522
0.482026 0.084623
0.465664 0.085686
0.449324 0.086698
0.433023 0.087648
0.416776 0.088527
0.400600 0.089324
0.384509 0.090030
0.368522 0.090630
0.352652 0.091112
0.336917 0.091464
0.321331 0.091674
0.305911 0.091733
0.290671 0.091632
0.275632 0.091360
0.260814 0.090903
0.246238 0.090250
0.231924 0.089392
0.217891 0.088323
0.204158 0.087040
0.190740 0.085544
0.177647 0.083861
0.164883 0.082030
0.152454 0.080087
0.140369 0.078056
0.128673 0.075864
0.117419 0.073411
0.106652 0.070620
0.096409 0.067435
0.086683 0.063927
0.077418 0.060319
0.068572 0.056787
0.060198 0.053255
0.052382 0.049551
0.045184 0.045568
0.038610 0.041385
0.032637 0.037165
0.027241 0.033036
0.022390 0.029093
0.018006 0.025333
0.013985 0.021701
0.010282 0.018182
0.007044 0.014812
0.004455 0.011654
0.002558 0.008768
0.001297 0.006213
0.000552 0.004043
0.000180 0.002304
0.000036 0.001033
0.000002 0.000260
0.000000 0.000000
0.000005 -0.000252
0.000074 -0.000994
0.000364 -0.002186
0.001101 -0.003752
0.002531 -0.005577
0.004853 -0.007490
0.008131 -0.009253
0.012190 -0.010543
0.016616 -0.010997
0.021298 -0.010600
0.026354 -0.009689
0.031918 -0.008681
0.037998 -0.007670
0.044581 -0.006714
0.051641 -0.005895
0.059151 -0.005263
0.067102 -0.004759
0.075486 -0.004272
0.084294 -0.003692
0.093518 -0.003020
0.103148 -0.002295
0.113175 -0.001553
0.123589 -0.000814
0.134381 -0.000100
0.145543 0.000562
0.157064 0.001145
0.168934 0.001644
0.181139 0.002075
0.193665 0.002460
0.206499 0.002822
0.219625 0.003176
0.233032 0.003527
0.246705 0.003875
0.260631 0.004223
0.274796 0.004576
0.289185 0.004936
0.303784 0.005308
0.318579 0.005691
0.333555 0.006077
0.348696 0.006453
0.363988 0.006808
0.379415 0.007129
0.394962 0.007404
0.410614 0.007621
0.426354 0.007782
0.442167 0.007898
0.458036 0.007983
0.473946 0.008049
0.489880 0.008109
0.505822 0.008176
0.521756 0.008252
0.537666 0.008321
0.553536 0.008367
0.569349 0.008374
0.585090 0.008327
0.600743 0.008212
0.616291 0.008020
0.631719 0.007766
0.647012 0.007467
0.662154 0.007139
0.677131 0.006801
0.691928 0.006466
0.706529 0.006150
0.720920 0.005856
0.735087 0.005577
0.749015 0.005307
0.762690 0.005041
0.776098 0.004772
0.789226 0.004497
0.802060 0.004212
0.814587 0.003915
0.826795 0.003608
0.838671 0.003293
0.850204 0.002972
0.861382 0.002647
0.872194 0.002321
0.882628 0.001995
0.892676 0.001671
0.902326 0.001352
0.911568 0.001034
0.920393 0.000712
0.928791 0.000379
0.936755 0.000032
0.944274 -0.000329
0.951343 -0.000704
0.957954 -0.001088
0.964101 -0.001469
0.969778 -0.001841
0.974980 -0.002194
0.979702 -0.002524
0.983939 -0.002826
0.987688 -0.003096
0.990945 -0.003334
0.993706 -0.003536
0.995969 -0.003703
0.997731 -0.003833
0.998991 -0.003926
0.999748 -0.003981
1.000000 -0.004000