goe288
1.000000 0.002950
0.999744 0.003029
0.998977 0.003266
0.997700 0.003662
0.995914 0.004214
0.993620 0.004924
0.990822 0.005789
0.987520 0.006808
0.983720 0.007980
0.979423 0.009301
0.974634 0.010769
0.969357 0.012379
0.963596 0.014126
0.957355 0.016004
0.950639 0.018004
0.943453 0.020118
0.935802 0.022340
0.927695 0.024666
0.919138 0.027093
0.910142 0.029620
0.900715 0.032245
0.890868 0.034969
0.880611 0.037788
0.869954 0.040696
0.858905 0.043686
0.847475 0.046750
0.835674 0.049882
0.823514 0.053071
0.811004 0.056311
0.798156 0.059592
0.784982 0.062904
0.771493 0.066241
0.757704 0.069596
0.743627 0.072962
0.729276 0.076334
0.714665 0.079704
0.699809 0.083068
0.684722 0.086420
0.669420 0.089755
0.653918 0.093069
0.638232 0.096359
0.622378 0.099623
0.606373 0.102857
0.590233 0.106059
0.573975 0.109222
0.557611 0.112327
0.541155 0.115355
0.524619 0.118286
0.508018 0.121101
0.491364 0.123781
0.474673 0.126303
0.457961 0.128634
0.441248 0.130738
0.424552 0.132585
0.407893 0.134141
0.391288 0.135377
0.374757 0.136277
0.358318 0.136861
0.341993 0.137155
0.325798 0.137186
0.309755 0.136980
0.293881 0.136564
0.278197 0.135952
0.262732 0.135107
0.247517 0.133979
0.232580 0.132526
0.217948 0.130711
0.203646 0.128503
0.189699 0.125882
0.176132 0.122837
0.162983 0.119380
0.150284 0.115527
0.138061 0.111298
0.126333 0.106737
0.115108 0.101904
0.104392 0.096859
0.094188 0.091657
0.084492 0.086358
0.075283 0.081033
0.066542 0.075747
0.058287 0.070496
0.050562 0.065232
0.043401 0.059923
0.036824 0.054593
0.030843 0.049302
0.025457 0.044107
0.020654 0.039059
0.016401 0.034169
0.012650 0.029426
0.009363 0.024842
0.006577 0.020478
0.004351 0.016413
0.002678 0.012713
0.001506 0.009427
0.000751 0.006594
0.000316 0.004244
0.000102 0.002397
0.000020 0.001068
0.000001 0.000268
0.000000 -0.000000
0.000002 -0.000256
0.000026 -0.001025
0.000131 -0.002302
0.000407 -0.004079
0.000970 -0.006335
0.001950 -0.009034
0.003480 -0.012110
0.005675 -0.015463
0.008620 -0.018942
0.012345 -0.022334
0.016808 -0.025368
0.021962 -0.027957
0.027747 -0.030251
0.034088 -0.032432
0.040969 -0.034501
0.048370 -0.036437
0.056267 -0.038226
0.064639 -0.039845
0.073479 -0.041257
0.082780 -0.042423
0.092527 -0.043345
0.102698 -0.044064
0.113271 -0.044628
0.124231 -0.045049
0.135567 -0.045332
0.147266 -0.045488
0.159315 -0.045532
0.171698 -0.045460
0.184403 -0.045253
0.197415 -0.044890
0.210718 -0.044349
0.224298 -0.043621
0.238138 -0.042707
0.252225 -0.041611
0.266540 -0.040339
0.281070 -0.038897
0.295797 -0.037295
0.310704 -0.035543
0.325778 -0.033664
0.341008 -0.031685
0.356381 -0.029639
0.371888 -0.027560
0.387517 -0.025482
0.403256 -0.023443
0.419095 -0.021473
0.435017 -0.019576
0.451005 -0.017753
0.467043 -0.016004
0.483113 -0.014331
0.499199 -0.012732
0.515284 -0.011207
0.531351 -0.009759
0.547385 -0.008393
0.563368 -0.007112
0.579285 -0.005919
0.595120 -0.004818
0.610856 -0.003809
0.626477 -0.002897
0.641966 -0.002081
0.657308 -0.001363
0.672485 -0.000744
0.687483 -0.000223
0.702285 0.000199
0.716876 0.000528
0.731241 0.000777
0.745364 0.000959
0.759233 0.001089
0.772831 0.001178
0.786146 0.001238
0.799164 0.001278
0.811871 0.001306
0.824255 0.001318
0.836303 0.001307
0.848002 0.001270
0.859341 0.001201
0.870307 0.001100
0.880892 0.000964
0.891082 0.000794
0.900869 0.000589
0.910242 0.000355
0.919192 0.000099
0.927710 -0.000169
0.935788 -0.000443
0.943417 -0.000715
0.950590 -0.000980
0.957300 -0.001235
0.963541 -0.001477
0.969305 -0.001705
0.974588 -0.001915
0.979383 -0.002108
0.983687 -0.002283
0.987495 -0.002438
0.990802 -0.002573
0.993607 -0.002688
0.995905 -0.002782
0.997695 -0.002855
0.998975 -0.002908
0.999744 -0.002939
1.000000 -0.002950