goe392
1.000000 -0.000000
0.999752 0.000076
0.999010 0.000304
0.997774 0.000684
0.996045 0.001215
0.993824 0.001897
0.991115 0.002727
0.987918 0.003705
0.984238 0.004826
0.980076 0.006087
0.975436 0.007482
0.970320 0.009002
0.964731 0.010639
0.958673 0.012380
0.952147 0.014210
0.945155 0.016110
0.937702 0.018068
0.929794 0.020075
0.921438 0.022124
0.912642 0.024211
0.903416 0.026331
0.893769 0.028483
0.883714 0.030664
0.873258 0.032871
0.862414 0.035103
0.851192 0.037360
0.839605 0.039642
0.827665 0.041952
0.815386 0.044295
0.802782 0.046676
0.789867 0.049103
0.776655 0.051571
0.763158 0.054071
0.749387 0.056594
0.735355 0.059127
0.721075 0.061660
0.706558 0.064181
0.691819 0.066677
0.676870 0.069136
0.661726 0.071546
0.646401 0.073896
0.630910 0.076174
0.615269 0.078368
0.599491 0.080466
0.583593 0.082457
0.567591 0.084340
0.551502 0.086111
0.535343 0.087772
0.519129 0.089320
0.502880 0.090757
0.486611 0.092082
0.470340 0.093280
0.454086 0.094335
0.437864 0.095228
0.421693 0.095944
0.405591 0.096466
0.389574 0.096782
0.373661 0.096888
0.357868 0.096790
0.342213 0.096493
0.326712 0.096002
0.311382 0.095326
0.296240 0.094470
0.281305 0.093433
0.266602 0.092191
0.252156 0.090721
0.237990 0.089007
0.224126 0.087033
0.210585 0.084791
0.197385 0.082274
0.184542 0.079496
0.172065 0.076508
0.159963 0.073360
0.148242 0.070098
0.136913 0.066758
0.125985 0.063349
0.115470 0.059879
0.105378 0.056357
0.095715 0.052798
0.086493 0.049227
0.077723 0.045680
0.069413 0.042185
0.061562 0.038723
0.054163 0.035257
0.047211 0.031772
0.040738 0.028300
0.034801 0.024913
0.029437 0.021674
0.024660 0.018627
0.020378 0.015813
0.016292 0.013271
0.012220 0.011026
0.008280 0.009037
0.004995 0.007163
0.002625 0.005355
0.001148 0.003659
0.000381 0.002171
0.000078 0.001003
0.000005 0.000257
0.000000 0.000000
0.000007 -0.000248
0.000113 -0.000941
0.000551 -0.001939
0.001639 -0.003040
0.003685 -0.004032
0.006840 -0.004757
0.010930 -0.005204
0.015306 -0.005578
0.019581 -0.006027
0.023946 -0.006531
0.028821 -0.007050
0.034381 -0.007565
0.040581 -0.008079
0.047329 -0.008598
0.054487 -0.009138
0.061993 -0.009684
0.069880 -0.010187
0.078204 -0.010583
0.086996 -0.010847
0.096231 -0.011032
0.105874 -0.011212
0.115903 -0.011415
0.126311 -0.011616
0.137089 -0.011788
0.148231 -0.011892
0.159730 -0.011894
0.171575 -0.011787
0.183753 -0.011583
0.196250 -0.011297
0.209050 -0.010947
0.222139 -0.010535
0.235505 -0.010055
0.249134 -0.009501
0.263010 -0.008867
0.277121 -0.008145
0.291450 -0.007329
0.305983 -0.006412
0.320706 -0.005402
0.335606 -0.004329
0.350669 -0.003226
0.365883 -0.002127
0.381233 -0.001070
0.396708 -0.000093
0.412292 0.000768
0.427971 0.001511
0.443727 0.002150
0.459543 0.002699
0.475402 0.003173
0.491287 0.003590
0.507181 0.003965
0.523066 0.004312
0.538927 0.004640
0.554748 0.004958
0.570513 0.005275
0.586206 0.005599
0.601811 0.005941
0.617314 0.006300
0.632698 0.006661
0.647948 0.007003
0.663048 0.007308
0.677983 0.007559
0.692739 0.007741
0.707300 0.007838
0.721651 0.007855
0.735779 0.007808
0.749670 0.007715
0.763308 0.007591
0.776682 0.007451
0.789777 0.007308
0.802579 0.007174
0.815077 0.007049
0.827257 0.006921
0.839105 0.006773
0.850610 0.006594
0.861759 0.006374
0.872541 0.006106
0.882945 0.005785
0.892960 0.005409
0.902576 0.004977
0.911784 0.004501
0.920575 0.004006
0.928942 0.003516
0.936877 0.003047
0.944372 0.002613
0.951421 0.002223
0.958016 0.001879
0.964150 0.001576
0.969817 0.001308
0.975010 0.001071
0.979726 0.000862
0.983958 0.000678
0.987702 0.000517
0.990955 0.000379
0.993713 0.000263
0.995973 0.000168
0.997734 0.000095
0.998992 0.000042
0.999748 0.000011
1.000000 0.000000