goe315
1.000000 0.000000
0.999745 0.000044
0.998981 0.000177
0.997707 0.000399
0.995927 0.000708
0.993640 0.001105
0.990850 0.001589
0.987559 0.002159
0.983771 0.002813
0.979488 0.003549
0.974715 0.004365
0.969457 0.005256
0.963717 0.006217
0.957501 0.007243
0.950815 0.008325
0.943663 0.009457
0.936052 0.010632
0.927990 0.011849
0.919485 0.013107
0.910546 0.014406
0.901182 0.015747
0.891404 0.017135
0.881222 0.018567
0.870646 0.020044
0.859687 0.021564
0.848355 0.023126
0.836663 0.024730
0.824622 0.026377
0.812246 0.028066
0.799546 0.029798
0.786535 0.031575
0.773228 0.033399
0.759639 0.035273
0.745782 0.037201
0.731671 0.039186
0.717322 0.041234
0.702751 0.043349
0.687972 0.045533
0.672998 0.047773
0.657842 0.050042
0.642516 0.052312
0.627032 0.054555
0.611401 0.056740
0.595636 0.058837
0.579750 0.060826
0.563762 0.062721
0.547689 0.064538
0.531550 0.066295
0.515364 0.068010
0.499150 0.069701
0.482927 0.071380
0.466708 0.073020
0.450508 0.074588
0.434341 0.076051
0.418221 0.077377
0.402162 0.078535
0.386179 0.079498
0.370289 0.080263
0.354512 0.080833
0.338866 0.081214
0.323370 0.081413
0.308042 0.081435
0.292899 0.081290
0.277959 0.080982
0.263239 0.080519
0.248755 0.079906
0.234523 0.079150
0.220558 0.078260
0.206875 0.077244
0.193488 0.076109
0.180417 0.074838
0.167680 0.073384
0.155299 0.071709
0.143290 0.069785
0.131678 0.067601
0.120489 0.065164
0.109748 0.062486
0.099474 0.059581
0.089671 0.056496
0.080304 0.053368
0.071333 0.050334
0.062786 0.047372
0.054758 0.044298
0.047321 0.040972
0.040472 0.037437
0.034121 0.033930
0.028199 0.030641
0.022661 0.027695
0.017567 0.024942
0.013058 0.022025
0.009218 0.018787
0.006121 0.015404
0.003779 0.012105
0.002130 0.009055
0.001064 0.006363
0.000448 0.004104
0.000145 0.002319
0.000029 0.001033
0.000002 0.000259
0.000000 0.000000
0.000005 -0.000251
0.000076 -0.000990
0.000375 -0.002166
0.001133 -0.003696
0.002602 -0.005458
0.004980 -0.007286
0.008320 -0.008967
0.012424 -0.010230
0.016855 -0.010799
0.021527 -0.010683
0.026583 -0.010174
0.032176 -0.009608
0.038309 -0.009024
0.044949 -0.008422
0.052047 -0.007799
0.059558 -0.007150
0.067483 -0.006466
0.075832 -0.005731
0.084615 -0.004942
0.093824 -0.004140
0.103448 -0.003386
0.113473 -0.002723
0.123889 -0.002144
0.134685 -0.001634
0.145850 -0.001172
0.157371 -0.000733
0.169237 -0.000314
0.181434 0.000068
0.193952 0.000392
0.206777 0.000639
0.219897 0.000799
0.233298 0.000880
0.246966 0.000895
0.260887 0.000853
0.275048 0.000771
0.289433 0.000663
0.304027 0.000549
0.318817 0.000441
0.333787 0.000342
0.348921 0.000252
0.364206 0.000173
0.379625 0.000107
0.395163 0.000054
0.410805 0.000015
0.426535 -0.000011
0.442337 -0.000024
0.458196 -0.000027
0.474094 -0.000022
0.490016 -0.000010
0.505947 0.000007
0.521869 0.000028
0.537767 0.000055
0.553625 0.000090
0.569427 0.000135
0.585157 0.000193
0.600800 0.000264
0.616339 0.000348
0.631759 0.000433
0.647044 0.000508
0.662179 0.000560
0.677148 0.000579
0.691937 0.000555
0.706530 0.000479
0.720914 0.000355
0.735072 0.000199
0.748992 0.000029
0.762659 -0.000142
0.776060 -0.000301
0.789180 -0.000434
0.802008 -0.000533
0.814530 -0.000593
0.826733 -0.000622
0.838605 -0.000629
0.850134 -0.000621
0.861309 -0.000605
0.872118 -0.000587
0.882550 -0.000571
0.892596 -0.000562
0.902243 -0.000561
0.911484 -0.000568
0.920308 -0.000576
0.928707 -0.000579
0.936672 -0.000572
0.944195 -0.000554
0.951269 -0.000523
0.957887 -0.000480
0.964041 -0.000429
0.969726 -0.000374
0.974936 -0.000317
0.979666 -0.000262
0.983910 -0.000210
0.987666 -0.000163
0.990928 -0.000120
0.993694 -0.000084
0.995961 -0.000054
0.997727 -0.000030
0.998989 -0.000013
0.999747 -0.000003
1.000000 0.000000