goe374
1.000000 0.000000
0.999746 0.000045
0.998983 0.000180
0.997713 0.000405
0.995937 0.000719
0.993657 0.001123
0.990874 0.001615
0.987592 0.002196
0.983814 0.002863
0.979544 0.003615
0.974785 0.004451
0.969542 0.005369
0.963820 0.006365
0.957625 0.007436
0.950963 0.008579
0.943838 0.009788
0.936259 0.011061
0.928232 0.012394
0.919766 0.013786
0.910869 0.015234
0.901551 0.016738
0.891820 0.018296
0.881686 0.019905
0.871159 0.021564
0.860251 0.023270
0.848971 0.025020
0.837331 0.026813
0.825342 0.028645
0.813017 0.030515
0.800367 0.032421
0.787406 0.034359
0.774145 0.036321
0.760597 0.038292
0.746773 0.040261
0.732688 0.042213
0.718352 0.044132
0.703779 0.046002
0.688982 0.047807
0.673977 0.049549
0.658780 0.051243
0.643408 0.052903
0.627880 0.054544
0.612213 0.056186
0.596425 0.057847
0.580533 0.059533
0.564551 0.061222
0.548494 0.062887
0.532376 0.064502
0.516209 0.066039
0.500010 0.067471
0.483791 0.068775
0.467570 0.069961
0.451366 0.071044
0.435196 0.072037
0.419078 0.072958
0.403029 0.073822
0.387068 0.074641
0.371210 0.075401
0.355472 0.076079
0.339868 0.076650
0.324413 0.077096
0.309125 0.077395
0.294017 0.077530
0.279105 0.077493
0.264409 0.077278
0.249945 0.076887
0.235731 0.076319
0.221784 0.075576
0.208119 0.074663
0.194753 0.073584
0.181702 0.072336
0.168987 0.070904
0.156628 0.069279
0.144642 0.067455
0.133041 0.065449
0.121831 0.063299
0.111018 0.061040
0.100608 0.058708
0.090614 0.056313
0.081088 0.053775
0.072083 0.051009
0.063611 0.048000
0.055641 0.044809
0.048145 0.041498
0.041147 0.038106
0.034750 0.034628
0.029027 0.031075
0.024013 0.027472
0.019624 0.023874
0.015616 0.020374
0.011822 0.017050
0.008294 0.013945
0.005338 0.011052
0.003105 0.008390
0.001590 0.006002
0.000682 0.003940
0.000223 0.002262
0.000045 0.001020
0.000003 0.000257
0.000000 0.000000
0.000008 -0.000247
0.000123 -0.000934
0.000596 -0.001905
0.001767 -0.002929
0.003952 -0.003751
0.007280 -0.004152
0.011498 -0.004034
0.015849 -0.003484
0.020010 -0.002608
0.024230 -0.001553
0.029008 -0.000574
0.034527 0.000236
0.040730 0.000909
0.047500 0.001524
0.054661 0.002203
0.062143 0.002990
0.069989 0.003843
0.078268 0.004701
0.087024 0.005509
0.096231 0.006240
0.105853 0.006867
0.115866 0.007390
0.126262 0.007839
0.137030 0.008251
0.148162 0.008677
0.159649 0.009168
0.171478 0.009718
0.183640 0.010291
0.196121 0.010844
0.208909 0.011332
0.221992 0.011740
0.235356 0.012076
0.248988 0.012349
0.262873 0.012570
0.276997 0.012752
0.291346 0.012911
0.305904 0.013062
0.320658 0.013211
0.335590 0.013347
0.350688 0.013459
0.365935 0.013533
0.381317 0.013557
0.396816 0.013517
0.412419 0.013401
0.428109 0.013216
0.443870 0.012980
0.459688 0.012711
0.475545 0.012426
0.491426 0.012143
0.507315 0.011882
0.523197 0.011647
0.539055 0.011426
0.554873 0.011208
0.570634 0.010983
0.586324 0.010738
0.601925 0.010463
0.617422 0.010152
0.632800 0.009809
0.648043 0.009437
0.663136 0.009044
0.678063 0.008633
0.692810 0.008210
0.707362 0.007779
0.721704 0.007346
0.735822 0.006914
0.749702 0.006488
0.763330 0.006074
0.776692 0.005673
0.789776 0.005290
0.802567 0.004928
0.815054 0.004585
0.827222 0.004256
0.839061 0.003933
0.850557 0.003612
0.861700 0.003287
0.872477 0.002955
0.882878 0.002615
0.892893 0.002264
0.902510 0.001903
0.911722 0.001538
0.920518 0.001190
0.928891 0.000875
0.936831 0.000604
0.944332 0.000385
0.951386 0.000222
0.957986 0.000110
0.964125 0.000038
0.969796 -0.000004
0.974993 -0.000027
0.979712 -0.000036
0.983947 -0.000036
0.987694 -0.000032
0.990949 -0.000026
0.993709 -0.000019
0.995970 -0.000012
0.997732 -0.000007
0.998992 -0.000003
0.999748 -0.000001
1.000000 -0.000000