goe323
1.000000 0.000550
0.999740 0.000590
0.998961 0.000711
0.997663 0.000911
0.995847 0.001192
0.993516 0.001552
0.990672 0.001990
0.987317 0.002507
0.983455 0.003101
0.979090 0.003769
0.974225 0.004510
0.968865 0.005321
0.963016 0.006198
0.956682 0.007136
0.949869 0.008130
0.942584 0.009174
0.934833 0.010271
0.926627 0.011426
0.917975 0.012651
0.908889 0.013958
0.899380 0.015366
0.889460 0.016891
0.879141 0.018535
0.868432 0.020294
0.857343 0.022159
0.845884 0.024121
0.834064 0.026170
0.821895 0.028289
0.809384 0.030462
0.796543 0.032670
0.783383 0.034901
0.769920 0.037165
0.756169 0.039479
0.742150 0.041860
0.727880 0.044330
0.713378 0.046912
0.698665 0.049629
0.683758 0.052500
0.668670 0.055511
0.653413 0.058637
0.637997 0.061852
0.622435 0.065129
0.606736 0.068436
0.590911 0.071745
0.574973 0.075029
0.558933 0.078270
0.542804 0.081449
0.526599 0.084549
0.510331 0.087550
0.494013 0.090435
0.477658 0.093179
0.461283 0.095748
0.444904 0.098109
0.428539 0.100228
0.412204 0.102074
0.395915 0.103617
0.379691 0.104842
0.363553 0.105768
0.347520 0.106421
0.331615 0.106827
0.315858 0.107010
0.300267 0.106995
0.284865 0.106803
0.269670 0.106424
0.254704 0.105842
0.239988 0.105042
0.225540 0.104014
0.211378 0.102749
0.197521 0.101243
0.183984 0.099494
0.170787 0.097503
0.157946 0.095273
0.145476 0.092811
0.133402 0.090112
0.121764 0.087148
0.110595 0.083898
0.099926 0.080352
0.089773 0.076526
0.080113 0.072533
0.070915 0.068498
0.062201 0.064430
0.054050 0.060203
0.046522 0.055725
0.039636 0.051046
0.033384 0.046287
0.027748 0.041553
0.022705 0.036931
0.018210 0.032447
0.014198 0.028075
0.010620 0.023815
0.007524 0.019719
0.005011 0.015869
0.003101 0.012336
0.001751 0.009177
0.000876 0.006437
0.000369 0.004152
0.000120 0.002349
0.000024 0.001049
0.000002 0.000263
0.000000 0.000000
0.000003 -0.000253
0.000051 -0.001007
0.000254 -0.002243
0.000778 -0.003924
0.001816 -0.005986
0.003557 -0.008323
0.006137 -0.010773
0.009583 -0.013096
0.013755 -0.014958
0.018439 -0.016065
0.023610 -0.016468
0.029273 -0.016438
0.035428 -0.016141
0.042062 -0.015645
0.049160 -0.015063
0.056702 -0.014545
0.064679 -0.014106
0.073086 -0.013682
0.081919 -0.013192
0.091171 -0.012626
0.100831 -0.012021
0.110890 -0.011416
0.121337 -0.010810
0.132161 -0.010192
0.143350 -0.009550
0.154894 -0.008865
0.166781 -0.008140
0.178999 -0.007400
0.191539 -0.006681
0.204389 -0.006020
0.217538 -0.005443
0.230971 -0.004949
0.244675 -0.004531
0.258635 -0.004184
0.272836 -0.003897
0.287264 -0.003663
0.301904 -0.003467
0.316738 -0.003302
0.331754 -0.003167
0.346935 -0.003064
0.362266 -0.002992
0.377733 -0.002954
0.393319 -0.002951
0.409009 -0.002982
0.424787 -0.003043
0.440637 -0.003124
0.456543 -0.003214
0.472490 -0.003302
0.488461 -0.003378
0.504440 -0.003432
0.520411 -0.003457
0.536358 -0.003460
0.552265 -0.003448
0.568115 -0.003428
0.583894 -0.003406
0.599584 -0.003390
0.615171 -0.003384
0.630637 -0.003385
0.645969 -0.003389
0.661151 -0.003390
0.676166 -0.003384
0.691000 -0.003367
0.705639 -0.003336
0.720067 -0.003289
0.734269 -0.003226
0.748233 -0.003149
0.761942 -0.003057
0.775384 -0.002952
0.788545 -0.002834
0.801412 -0.002706
0.813972 -0.002568
0.826212 -0.002426
0.838120 -0.002285
0.849683 -0.002150
0.860892 -0.002025
0.871733 -0.001912
0.882196 -0.001814
0.892272 -0.001732
0.901949 -0.001669
0.911217 -0.001620
0.920069 -0.001577
0.928493 -0.001535
0.936482 -0.001486
0.944029 -0.001428
0.951124 -0.001358
0.957761 -0.001278
0.963934 -0.001192
0.969636 -0.001104
0.974862 -0.001017
0.979605 -0.000934
0.983863 -0.000857
0.987629 -0.000787
0.990901 -0.000725
0.993676 -0.000672
0.995949 -0.000628
0.997720 -0.000594
0.998986 -0.000570
0.999747 -0.000555
1.000000 -0.000550