goe386
1.000000 0.001600
0.999742 0.001688
0.998969 0.001952
0.997681 0.002392
0.995880 0.003007
0.993567 0.003796
0.990744 0.004759
0.987415 0.005894
0.983583 0.007199
0.979251 0.008671
0.974422 0.010309
0.969101 0.012108
0.963293 0.014063
0.957002 0.016169
0.950233 0.018420
0.942991 0.020807
0.935283 0.023326
0.927116 0.025976
0.918499 0.028755
0.909443 0.031664
0.899957 0.034705
0.890053 0.037879
0.879741 0.041184
0.869030 0.044609
0.857927 0.048144
0.846442 0.051778
0.834584 0.055497
0.822360 0.059287
0.809779 0.063130
0.796851 0.067009
0.783582 0.070905
0.769986 0.074807
0.756074 0.078703
0.741859 0.082585
0.727355 0.086441
0.712577 0.090263
0.697537 0.094040
0.682252 0.097764
0.666738 0.101435
0.651012 0.105059
0.635095 0.108643
0.619005 0.112195
0.602763 0.115725
0.586387 0.119242
0.569895 0.122744
0.553299 0.126207
0.536609 0.129606
0.519838 0.132916
0.502996 0.136109
0.486095 0.139161
0.469148 0.142038
0.452174 0.144694
0.435191 0.147081
0.418219 0.149155
0.401276 0.150872
0.384381 0.152191
0.367555 0.153102
0.350818 0.153640
0.334194 0.153847
0.317703 0.153761
0.301366 0.153422
0.285204 0.152868
0.269241 0.152105
0.253511 0.151080
0.238042 0.149741
0.222866 0.148042
0.208009 0.145946
0.193496 0.143422
0.179354 0.140448
0.165615 0.137033
0.152317 0.133198
0.139492 0.128968
0.127160 0.124383
0.115322 0.119506
0.103979 0.114402
0.093126 0.109135
0.082782 0.103732
0.073045 0.098104
0.064010 0.092161
0.055670 0.085956
0.047940 0.079646
0.040751 0.073363
0.034124 0.067148
0.028127 0.060990
0.022802 0.054889
0.018162 0.048864
0.014175 0.042954
0.010791 0.037213
0.007958 0.031694
0.005651 0.026473
0.003838 0.021621
0.002471 0.017190
0.001490 0.013223
0.000826 0.009748
0.000411 0.006786
0.000177 0.004350
0.000063 0.002450
0.000021 0.001089
0.000011 0.000272
0.000010 -0.000000
0.000011 -0.000258
0.000029 -0.001031
0.000107 -0.002315
0.000313 -0.004104
0.000735 -0.006385
0.001476 -0.009136
0.002646 -0.012320
0.004348 -0.015883
0.006674 -0.019745
0.009686 -0.023796
0.013405 -0.027887
0.017808 -0.031835
0.022908 -0.035506
0.028748 -0.038818
0.035347 -0.041707
0.042664 -0.044134
0.050616 -0.046092
0.059085 -0.047611
0.068003 -0.048839
0.077343 -0.050034
0.087079 -0.051467
0.097215 -0.053010
0.107774 -0.054329
0.118762 -0.055214
0.130159 -0.055697
0.141940 -0.055851
0.154075 -0.055766
0.166536 -0.055537
0.179309 -0.055191
0.192385 -0.054740
0.205756 -0.054203
0.219413 -0.053593
0.233340 -0.052914
0.247525 -0.052171
0.261952 -0.051366
0.276606 -0.050504
0.291472 -0.049591
0.306534 -0.048632
0.321777 -0.047634
0.337186 -0.046603
0.352746 -0.045545
0.368442 -0.044466
0.384259 -0.043373
0.400181 -0.042274
0.416193 -0.041176
0.432279 -0.040079
0.448423 -0.038985
0.464608 -0.037890
0.480818 -0.036797
0.497036 -0.035702
0.513245 -0.034607
0.529430 -0.033511
0.545574 -0.032417
0.561661 -0.031325
0.577674 -0.030238
0.593599 -0.029156
0.609417 -0.028082
0.625115 -0.027017
0.640675 -0.025962
0.656083 -0.024917
0.671322 -0.023884
0.686378 -0.022864
0.701235 -0.021857
0.715878 -0.020864
0.730292 -0.019887
0.744464 -0.018926
0.758378 -0.017982
0.772021 -0.017057
0.785378 -0.016151
0.798438 -0.015265
0.811185 -0.014400
0.823609 -0.013558
0.835695 -0.012738
0.847432 -0.011942
0.858808 -0.011170
0.869811 -0.010424
0.880432 -0.009704
0.890657 -0.009011
0.900479 -0.008346
0.909886 -0.007709
0.918869 -0.007101
0.927419 -0.006522
0.935528 -0.005973
0.943187 -0.005455
0.950389 -0.004967
0.957126 -0.004510
0.963391 -0.004085
0.969179 -0.003692
0.974483 -0.003332
0.979298 -0.003006
0.983620 -0.002712
0.987443 -0.002453
0.990764 -0.002227
0.993580 -0.002036
0.995888 -0.001879
0.997686 -0.001757
0.998971 -0.001670
0.999743 -0.001617
1.000000 -0.001600