goe346
1.000000 0.001750
0.999747 0.001794
0.998989 0.001928
0.997727 0.002149
0.995962 0.002459
0.993695 0.002857
0.990929 0.003343
0.987667 0.003914
0.983911 0.004570
0.979665 0.005308
0.974934 0.006127
0.969721 0.007022
0.964032 0.007988
0.957870 0.009021
0.951242 0.010113
0.944153 0.011257
0.936610 0.012450
0.928621 0.013693
0.920194 0.014989
0.911340 0.016345
0.902068 0.017768
0.892390 0.019268
0.882316 0.020846
0.871855 0.022495
0.861017 0.024208
0.849811 0.025974
0.838248 0.027782
0.826338 0.029619
0.814090 0.031471
0.801515 0.033321
0.788623 0.035152
0.775427 0.036960
0.761941 0.038743
0.748179 0.040504
0.734155 0.042244
0.719883 0.043965
0.705381 0.045671
0.690662 0.047366
0.675741 0.049045
0.660634 0.050693
0.645353 0.052296
0.629914 0.053840
0.614331 0.055308
0.598619 0.056687
0.582793 0.057964
0.566869 0.059142
0.550865 0.060228
0.534797 0.061230
0.518684 0.062156
0.502541 0.063014
0.486387 0.063811
0.470239 0.064540
0.454112 0.065190
0.438023 0.065746
0.421989 0.066199
0.406025 0.066536
0.390149 0.066749
0.374377 0.066838
0.358725 0.066812
0.343209 0.066681
0.327845 0.066454
0.312649 0.066140
0.297638 0.065749
0.282827 0.065285
0.268231 0.064743
0.253869 0.064113
0.239754 0.063392
0.225904 0.062573
0.212332 0.061655
0.199054 0.060634
0.186082 0.059513
0.173431 0.058296
0.161111 0.056990
0.149134 0.055601
0.137515 0.054128
0.126277 0.052533
0.115443 0.050782
0.105032 0.048851
0.095060 0.046727
0.085533 0.044450
0.076451 0.042102
0.067814 0.039740
0.059645 0.037311
0.051970 0.034742
0.044805 0.032002
0.038155 0.029186
0.032016 0.026431
0.026382 0.023837
0.021244 0.021448
0.016566 0.019088
0.012313 0.016569
0.008530 0.013860
0.005440 0.011107
0.003144 0.008463
0.001601 0.006049
0.000684 0.003958
0.000224 0.002263
0.000045 0.001017
0.000003 0.000256
0.000000 -0.000000
0.000005 -0.000252
0.000079 -0.000990
0.000385 -0.002165
0.001162 -0.003690
0.002664 -0.005439
0.005088 -0.007236
0.008481 -0.008853
0.012619 -0.009997
0.017055 -0.010371
0.021713 -0.009972
0.026735 -0.009077
0.032267 -0.008000
0.038316 -0.006810
0.044866 -0.005573
0.051886 -0.004387
0.059352 -0.003324
0.067255 -0.002353
0.075593 -0.001404
0.084361 -0.000406
0.093551 0.000629
0.103153 0.001663
0.113157 0.002664
0.123554 0.003612
0.134333 0.004488
0.145486 0.005273
0.157001 0.005945
0.168866 0.006505
0.181068 0.006974
0.193593 0.007381
0.206425 0.007757
0.219551 0.008117
0.232956 0.008457
0.246629 0.008771
0.260555 0.009053
0.274720 0.009295
0.289110 0.009490
0.303711 0.009631
0.318509 0.009713
0.333487 0.009738
0.348631 0.009707
0.363926 0.009623
0.379354 0.009488
0.394902 0.009307
0.410552 0.009084
0.426290 0.008823
0.442099 0.008534
0.457963 0.008224
0.473867 0.007902
0.489795 0.007576
0.505732 0.007254
0.521660 0.006942
0.537565 0.006638
0.553430 0.006343
0.569238 0.006055
0.584975 0.005774
0.600624 0.005498
0.616170 0.005227
0.631596 0.004959
0.646888 0.004693
0.662030 0.004427
0.677006 0.004160
0.691801 0.003891
0.706401 0.003619
0.720790 0.003346
0.734956 0.003074
0.748882 0.002807
0.762555 0.002549
0.775962 0.002301
0.789089 0.002067
0.801923 0.001848
0.814451 0.001644
0.826660 0.001450
0.838538 0.001261
0.850072 0.001074
0.861252 0.000884
0.872065 0.000689
0.882502 0.000487
0.892550 0.000277
0.902201 0.000059
0.911444 -0.000166
0.920271 -0.000386
0.928672 -0.000594
0.936640 -0.000783
0.944166 -0.000951
0.951242 -0.001094
0.957863 -0.001212
0.964020 -0.001311
0.969708 -0.001394
0.974921 -0.001464
0.979653 -0.001523
0.983901 -0.001573
0.987658 -0.001616
0.990923 -0.001652
0.993691 -0.001682
0.995959 -0.001707
0.997726 -0.001726
0.998989 -0.001739
0.999747 -0.001747
1.000000 -0.001750