goe389
1.000000 0.001050
0.999748 0.001112
0.998992 0.001296
0.997733 0.001603
0.995973 0.002033
0.993712 0.002583
0.990953 0.003255
0.987699 0.004044
0.983952 0.004948
0.979715 0.005962
0.974992 0.007082
0.969786 0.008298
0.964100 0.009601
0.957937 0.010977
0.951302 0.012411
0.944196 0.013884
0.936625 0.015390
0.928600 0.016932
0.920129 0.018519
0.911224 0.020165
0.901899 0.021892
0.892168 0.023722
0.882044 0.025662
0.871534 0.027702
0.860648 0.029831
0.849395 0.032033
0.837782 0.034293
0.825819 0.036589
0.813514 0.038898
0.800875 0.041195
0.787910 0.043455
0.774633 0.045676
0.761059 0.047870
0.747205 0.050049
0.733087 0.052228
0.718723 0.054426
0.704131 0.056663
0.689330 0.058959
0.674334 0.061304
0.659154 0.063666
0.643801 0.066012
0.628286 0.068305
0.612620 0.070507
0.596814 0.072578
0.580880 0.074490
0.564835 0.076250
0.548700 0.077871
0.532494 0.079367
0.516236 0.080755
0.499946 0.082051
0.483644 0.083268
0.467346 0.084411
0.451068 0.085477
0.434826 0.086466
0.418637 0.087377
0.402517 0.088210
0.386481 0.088964
0.370546 0.089618
0.354730 0.090146
0.339048 0.090522
0.323518 0.090722
0.308156 0.090725
0.292978 0.090511
0.278003 0.090070
0.263250 0.089399
0.248740 0.088495
0.234493 0.087362
0.220526 0.086002
0.206857 0.084419
0.193503 0.082622
0.180485 0.080612
0.167825 0.078384
0.155546 0.075935
0.143667 0.073269
0.132194 0.070426
0.121116 0.067484
0.110425 0.064514
0.100114 0.061576
0.090194 0.058692
0.080747 0.055717
0.071862 0.052489
0.063553 0.048984
0.055730 0.045364
0.048314 0.041783
0.041306 0.038302
0.034856 0.034834
0.029082 0.031306
0.024053 0.027687
0.019709 0.024015
0.015771 0.020427
0.012036 0.017039
0.008507 0.013912
0.005504 0.011024
0.003215 0.008376
0.001650 0.006000
0.000710 0.003944
0.000233 0.002268
0.000047 0.001024
0.000003 0.000259
0.000000 0.000000
0.000004 -0.000252
0.000064 -0.000996
0.000313 -0.002192
0.000951 -0.003775
0.002201 -0.005654
0.004257 -0.007710
0.007220 -0.009795
0.011014 -0.011732
0.015318 -0.013322
0.019932 -0.014484
0.024939 -0.015335
0.030482 -0.016108
0.036591 -0.016842
0.043237 -0.017490
0.050368 -0.017990
0.057925 -0.018294
0.065898 -0.018449
0.074293 -0.018562
0.083122 -0.018754
0.092378 -0.019002
0.102046 -0.019206
0.112111 -0.019280
0.122562 -0.019224
0.133389 -0.019059
0.144581 -0.018813
0.156128 -0.018523
0.168017 -0.018203
0.180237 -0.017843
0.192775 -0.017433
0.205617 -0.016958
0.218750 -0.016413
0.232162 -0.015810
0.245839 -0.015161
0.259768 -0.014480
0.273936 -0.013786
0.288330 -0.013096
0.302935 -0.012431
0.317737 -0.011805
0.332722 -0.011216
0.347874 -0.010660
0.363177 -0.010130
0.378616 -0.009622
0.394175 -0.009127
0.409838 -0.008641
0.425589 -0.008157
0.441412 -0.007672
0.457291 -0.007183
0.473210 -0.006686
0.489153 -0.006178
0.505103 -0.005655
0.521046 -0.005120
0.536964 -0.004589
0.552842 -0.004077
0.568666 -0.003600
0.584418 -0.003173
0.600084 -0.002810
0.615647 -0.002520
0.631093 -0.002296
0.646404 -0.002127
0.661566 -0.001999
0.676563 -0.001904
0.691379 -0.001829
0.705999 -0.001765
0.720409 -0.001706
0.734594 -0.001650
0.748539 -0.001596
0.762231 -0.001542
0.775656 -0.001487
0.788801 -0.001431
0.801652 -0.001372
0.814196 -0.001311
0.826421 -0.001249
0.838314 -0.001189
0.849864 -0.001134
0.861059 -0.001083
0.871887 -0.001039
0.882338 -0.001003
0.892401 -0.000976
0.902065 -0.000957
0.911322 -0.000946
0.920162 -0.000941
0.928576 -0.000942
0.936556 -0.000946
0.944093 -0.000953
0.951179 -0.000961
0.957809 -0.000971
0.963974 -0.000981
0.969670 -0.000990
0.974890 -0.001000
0.979628 -0.001009
0.983881 -0.001017
0.987643 -0.001025
0.990911 -0.001031
0.993683 -0.001037
0.995954 -0.001042
0.997723 -0.001045
0.998987 -0.001048
0.999747 -0.001049
1.000000 -0.001050