goe371
1.000000 0.000000
0.999747 0.000052
0.998989 0.000207
0.997726 0.000466
0.995960 0.000828
0.993692 0.001293
0.990925 0.001859
0.987662 0.002527
0.983905 0.003296
0.979658 0.004163
0.974926 0.005127
0.969713 0.006187
0.964023 0.007339
0.957863 0.008581
0.951238 0.009909
0.944154 0.011318
0.936618 0.012805
0.928636 0.014365
0.920217 0.015994
0.911367 0.017685
0.902096 0.019434
0.892411 0.021234
0.882322 0.023081
0.871839 0.024969
0.860972 0.026896
0.849732 0.028856
0.838129 0.030846
0.826175 0.032862
0.813883 0.034900
0.801264 0.036957
0.788332 0.039030
0.775099 0.041118
0.761579 0.043219
0.747786 0.045335
0.733733 0.047465
0.719435 0.049610
0.704907 0.051773
0.690164 0.053952
0.675218 0.056134
0.660084 0.058292
0.644773 0.060396
0.629297 0.062416
0.613671 0.064320
0.597905 0.066077
0.582015 0.067664
0.566018 0.069094
0.549934 0.070385
0.533782 0.071559
0.517581 0.072637
0.501352 0.073640
0.485113 0.074590
0.468881 0.075485
0.452670 0.076321
0.436498 0.077093
0.420379 0.077796
0.404329 0.078425
0.388362 0.078975
0.372497 0.079425
0.356752 0.079750
0.341143 0.079924
0.325688 0.079922
0.310406 0.079725
0.295312 0.079313
0.280423 0.078684
0.265757 0.077854
0.251330 0.076846
0.237159 0.075679
0.223258 0.074373
0.209644 0.072948
0.196330 0.071422
0.183331 0.069807
0.170659 0.068106
0.158327 0.066320
0.146348 0.064453
0.134737 0.062495
0.123515 0.060417
0.112703 0.058193
0.102317 0.055809
0.092374 0.053259
0.082895 0.050558
0.073904 0.047732
0.065405 0.044811
0.057370 0.041831
0.049774 0.038830
0.042621 0.035826
0.036006 0.032791
0.030008 0.029701
0.024672 0.026560
0.019966 0.023387
0.015712 0.020212
0.011774 0.017081
0.008198 0.014044
0.005248 0.011151
0.003041 0.008463
0.001552 0.006044
0.000664 0.003959
0.000217 0.002268
0.000044 0.001021
0.000003 0.000257
-0.000000 -0.000000
0.000006 -0.000250
0.000097 -0.000968
0.000476 -0.002062
0.001424 -0.003392
0.003229 -0.004783
0.006071 -0.006048
0.009888 -0.007020
0.014224 -0.007583
0.018608 -0.007705
0.023125 -0.007478
0.028082 -0.007145
0.033668 -0.006855
0.039854 -0.006595
0.046573 -0.006325
0.053723 -0.005984
0.061244 -0.005533
0.069152 -0.004973
0.077481 -0.004308
0.086255 -0.003555
0.095460 -0.002745
0.105074 -0.001923
0.115080 -0.001111
0.125470 -0.000309
0.136234 0.000487
0.147363 0.001284
0.158849 0.002090
0.170680 0.002901
0.182844 0.003711
0.195329 0.004512
0.208120 0.005294
0.221206 0.006054
0.234573 0.006792
0.248208 0.007508
0.262096 0.008202
0.276224 0.008877
0.290577 0.009535
0.305141 0.010177
0.319901 0.010802
0.334843 0.011407
0.349951 0.011985
0.365210 0.012529
0.380605 0.013035
0.396120 0.013496
0.411741 0.013905
0.427450 0.014263
0.443232 0.014568
0.459072 0.014822
0.474952 0.015027
0.490857 0.015183
0.506770 0.015291
0.522676 0.015352
0.538557 0.015364
0.554399 0.015324
0.570184 0.015230
0.585897 0.015081
0.601521 0.014876
0.617040 0.014615
0.632440 0.014306
0.647705 0.013959
0.662819 0.013580
0.677768 0.013179
0.692535 0.012763
0.707108 0.012340
0.721470 0.011911
0.735608 0.011474
0.749507 0.011027
0.763152 0.010567
0.776531 0.010094
0.789629 0.009604
0.802433 0.009099
0.814931 0.008579
0.827109 0.008046
0.838956 0.007504
0.850460 0.006955
0.861609 0.006402
0.872392 0.005848
0.882799 0.005297
0.892819 0.004750
0.902441 0.004210
0.911657 0.003684
0.920458 0.003185
0.928835 0.002722
0.936781 0.002303
0.944286 0.001932
0.951345 0.001611
0.957950 0.001338
0.964093 0.001106
0.969769 0.000907
0.974971 0.000735
0.979694 0.000587
0.983932 0.000459
0.987682 0.000349
0.990940 0.000256
0.993703 0.000177
0.995967 0.000113
0.997730 0.000064
0.998991 0.000028
0.999748 0.000007
1.000000 0.000000