goe322
1.000000 0.003000
0.999741 0.003058
0.998963 0.003231
0.997668 0.003519
0.995857 0.003923
0.993531 0.004441
0.990693 0.005073
0.987346 0.005819
0.983493 0.006679
0.979139 0.007651
0.974288 0.008737
0.968945 0.009936
0.963115 0.011248
0.956806 0.012675
0.950024 0.014217
0.942776 0.015874
0.935069 0.017644
0.926911 0.019521
0.918307 0.021497
0.909266 0.023562
0.899793 0.025703
0.889896 0.027909
0.879585 0.030176
0.868871 0.032506
0.857766 0.034900
0.846282 0.037362
0.834433 0.039899
0.822233 0.042517
0.809696 0.045225
0.796838 0.048033
0.783675 0.050950
0.770221 0.053974
0.756488 0.057104
0.742492 0.060337
0.728245 0.063670
0.713763 0.067099
0.699059 0.070621
0.684148 0.074226
0.669040 0.077889
0.653743 0.081575
0.638265 0.085250
0.622616 0.088875
0.606802 0.092413
0.590833 0.095823
0.574720 0.099083
0.558482 0.102190
0.542136 0.105143
0.525701 0.107941
0.509196 0.110584
0.492639 0.113073
0.476048 0.115399
0.459442 0.117540
0.442839 0.119471
0.426256 0.121172
0.409713 0.122620
0.393226 0.123797
0.376815 0.124695
0.360498 0.125326
0.344294 0.125706
0.328223 0.125848
0.312302 0.125768
0.296550 0.125481
0.280986 0.124993
0.265638 0.124278
0.250532 0.123310
0.235691 0.122065
0.221140 0.120525
0.206902 0.118676
0.192996 0.116509
0.179437 0.114039
0.166232 0.111308
0.153390 0.108358
0.140920 0.105226
0.128868 0.101867
0.117304 0.098192
0.106284 0.094133
0.095854 0.089643
0.086033 0.084755
0.076804 0.079610
0.068149 0.074339
0.060039 0.069012
0.052446 0.063670
0.045347 0.058348
0.038776 0.053071
0.032799 0.047854
0.027455 0.042719
0.022756 0.037696
0.018616 0.032825
0.014868 0.028155
0.011398 0.023732
0.008237 0.019593
0.005570 0.015763
0.003488 0.012271
0.001988 0.009152
0.001002 0.006439
0.000425 0.004166
0.000138 0.002364
0.000028 0.001057
0.000002 0.000265
-0.000000 -0.000000
0.000004 -0.000253
0.000055 -0.001004
0.000273 -0.002231
0.000834 -0.003890
0.001942 -0.005907
0.003788 -0.008169
0.006499 -0.010506
0.010072 -0.012677
0.014311 -0.014354
0.018997 -0.015323
0.024137 -0.015768
0.029780 -0.016092
0.035934 -0.016426
0.042584 -0.016691
0.049699 -0.016775
0.057246 -0.016562
0.065217 -0.016096
0.073614 -0.015515
0.082443 -0.014988
0.091695 -0.014513
0.101353 -0.013981
0.111400 -0.013300
0.121827 -0.012496
0.132629 -0.011626
0.143798 -0.010763
0.155329 -0.009995
0.167213 -0.009362
0.179436 -0.008835
0.191983 -0.008377
0.204838 -0.007940
0.217987 -0.007497
0.231415 -0.007051
0.245111 -0.006612
0.259059 -0.006187
0.273248 -0.005787
0.287662 -0.005423
0.302288 -0.005106
0.317111 -0.004843
0.332116 -0.004632
0.347288 -0.004469
0.362611 -0.004349
0.378070 -0.004266
0.393649 -0.004214
0.409331 -0.004186
0.425101 -0.004176
0.440942 -0.004177
0.456840 -0.004181
0.472778 -0.004181
0.488740 -0.004169
0.504709 -0.004139
0.520671 -0.004088
0.536609 -0.004023
0.552507 -0.003954
0.568348 -0.003888
0.584118 -0.003834
0.599799 -0.003800
0.615377 -0.003791
0.630835 -0.003800
0.646158 -0.003820
0.661331 -0.003841
0.676338 -0.003856
0.691164 -0.003858
0.705795 -0.003840
0.720214 -0.003801
0.734409 -0.003746
0.748364 -0.003680
0.762066 -0.003608
0.775501 -0.003533
0.788655 -0.003460
0.801515 -0.003393
0.814068 -0.003333
0.826302 -0.003283
0.838204 -0.003247
0.849762 -0.003225
0.860965 -0.003219
0.871801 -0.003230
0.882259 -0.003258
0.892329 -0.003303
0.902001 -0.003364
0.911264 -0.003436
0.920110 -0.003508
0.928530 -0.003568
0.936515 -0.003609
0.944057 -0.003626
0.951148 -0.003617
0.957782 -0.003583
0.963952 -0.003532
0.969651 -0.003470
0.974874 -0.003403
0.979615 -0.003336
0.983871 -0.003271
0.987635 -0.003210
0.990906 -0.003156
0.993679 -0.003109
0.995951 -0.003070
0.997721 -0.003039
0.998987 -0.003018
0.999747 -0.003004
1.000000 -0.003000