goe344
1.000000 0.003250
0.999749 0.003304
0.998997 0.003467
0.997744 0.003737
0.995992 0.004116
0.993742 0.004601
0.990997 0.005191
0.987758 0.005884
0.984029 0.006675
0.979812 0.007561
0.975111 0.008532
0.969929 0.009578
0.964269 0.010687
0.958133 0.011841
0.951525 0.013018
0.944448 0.014196
0.936906 0.015362
0.928908 0.016519
0.920464 0.017673
0.911583 0.018838
0.902280 0.020034
0.892568 0.021287
0.882458 0.022601
0.871959 0.023970
0.861081 0.025381
0.849835 0.026824
0.838228 0.028284
0.826272 0.029743
0.813977 0.031184
0.801352 0.032584
0.788408 0.033925
0.775158 0.035206
0.761616 0.036434
0.747798 0.037619
0.733719 0.038774
0.719395 0.039913
0.704842 0.041053
0.690077 0.042209
0.675116 0.043384
0.659973 0.044568
0.644662 0.045752
0.629198 0.046924
0.613596 0.048073
0.597870 0.049187
0.582035 0.050259
0.566108 0.051288
0.550105 0.052278
0.534043 0.053232
0.517937 0.054153
0.501805 0.055045
0.485662 0.055911
0.469527 0.056740
0.453413 0.057517
0.437338 0.058229
0.421317 0.058863
0.405366 0.059405
0.389502 0.059844
0.373740 0.060182
0.358097 0.060431
0.342589 0.060605
0.327232 0.060713
0.312041 0.060767
0.297032 0.060780
0.282221 0.060752
0.267623 0.060667
0.253255 0.060507
0.239132 0.060256
0.225268 0.059901
0.211679 0.059430
0.198378 0.058836
0.185380 0.058109
0.172703 0.057236
0.160362 0.056208
0.148373 0.055017
0.136752 0.053663
0.125513 0.052149
0.114670 0.050480
0.104237 0.048668
0.094225 0.046724
0.084650 0.044663
0.075533 0.042498
0.066884 0.040248
0.058694 0.037924
0.050949 0.035544
0.043650 0.033121
0.036863 0.030638
0.030653 0.028083
0.025058 0.025465
0.020072 0.022787
0.015592 0.020003
0.011533 0.017102
0.007950 0.014142
0.005051 0.011246
0.002910 0.008525
0.001479 0.006073
0.000631 0.003965
0.000206 0.002265
0.000042 0.001017
0.000003 0.000256
0.000000 0.000000
0.000004 -0.000252
0.000065 -0.000994
0.000319 -0.002185
0.000967 -0.003755
0.002235 -0.005610
0.004316 -0.007635
0.007303 -0.009695
0.011103 -0.011640
0.015377 -0.013316
0.019938 -0.014654
0.024889 -0.015723
0.030397 -0.016668
0.036495 -0.017510
0.043146 -0.018216
0.050290 -0.018757
0.057855 -0.019115
0.065829 -0.019297
0.074226 -0.019333
0.083061 -0.019260
0.092323 -0.019068
0.101993 -0.018723
0.112050 -0.018206
0.122486 -0.017550
0.133293 -0.016803
0.144465 -0.016030
0.155996 -0.015305
0.167877 -0.014658
0.180093 -0.014058
0.192631 -0.013469
0.205474 -0.012845
0.218609 -0.012164
0.232021 -0.011439
0.245700 -0.010686
0.259631 -0.009923
0.273802 -0.009172
0.288200 -0.008453
0.302812 -0.007792
0.317623 -0.007208
0.332618 -0.006703
0.347782 -0.006277
0.363099 -0.005931
0.378552 -0.005663
0.394127 -0.005472
0.409806 -0.005357
0.425572 -0.005317
0.441411 -0.005352
0.457305 -0.005462
0.473239 -0.005646
0.489195 -0.005904
0.505158 -0.006233
0.521111 -0.006628
0.537039 -0.007074
0.552926 -0.007553
0.568757 -0.008049
0.584515 -0.008548
0.600186 -0.009033
0.615753 -0.009492
0.631202 -0.009923
0.646516 -0.010324
0.661681 -0.010697
0.676681 -0.011042
0.691500 -0.011358
0.706124 -0.011646
0.720538 -0.011903
0.734728 -0.012124
0.748679 -0.012304
0.762378 -0.012438
0.775809 -0.012523
0.788961 -0.012555
0.801820 -0.012534
0.814372 -0.012457
0.826604 -0.012324
0.838503 -0.012135
0.850058 -0.011891
0.861255 -0.011593
0.872083 -0.011244
0.882532 -0.010848
0.892590 -0.010407
0.902248 -0.009928
0.911495 -0.009417
0.920323 -0.008889
0.928724 -0.008355
0.936690 -0.007826
0.944213 -0.007309
0.951286 -0.006813
0.957902 -0.006342
0.964055 -0.005899
0.969738 -0.005486
0.974946 -0.005105
0.979674 -0.004757
0.983917 -0.004444
0.987671 -0.004166
0.990932 -0.003924
0.993697 -0.003719
0.995963 -0.003550
0.997728 -0.003419
0.998990 -0.003325
0.999747 -0.003269
1.000000 -0.003250