goe395
1.000000 0.000750
0.999746 0.000803
0.998983 0.000963
0.997713 0.001229
0.995937 0.001602
0.993657 0.002080
0.990874 0.002664
0.987593 0.003353
0.983815 0.004148
0.979547 0.005049
0.974791 0.006056
0.969553 0.007171
0.963840 0.008395
0.957657 0.009731
0.951013 0.011181
0.943914 0.012750
0.936368 0.014436
0.928382 0.016235
0.919963 0.018140
0.911118 0.020143
0.901853 0.022231
0.892175 0.024391
0.882094 0.026617
0.871619 0.028905
0.860760 0.031253
0.849530 0.033658
0.837939 0.036120
0.825999 0.038636
0.813724 0.041206
0.801126 0.043830
0.788219 0.046508
0.775017 0.049240
0.761531 0.052026
0.747776 0.054866
0.733766 0.057761
0.719514 0.060712
0.705034 0.063719
0.690342 0.066784
0.675448 0.069875
0.660359 0.072937
0.645084 0.075913
0.629631 0.078739
0.614007 0.081351
0.598219 0.083682
0.582277 0.085685
0.566204 0.087380
0.550023 0.088808
0.533759 0.090009
0.517436 0.091027
0.501080 0.091908
0.484715 0.092689
0.468360 0.093374
0.452029 0.093951
0.435739 0.094412
0.419505 0.094744
0.403343 0.094941
0.387269 0.094994
0.371299 0.094898
0.355453 0.094649
0.339746 0.094245
0.324197 0.093684
0.308823 0.092965
0.293641 0.092090
0.278668 0.091054
0.263924 0.089848
0.249430 0.088464
0.235204 0.086898
0.221263 0.085145
0.207625 0.083206
0.194306 0.081082
0.181321 0.078783
0.168684 0.076333
0.156408 0.073754
0.144507 0.071068
0.132989 0.068298
0.121860 0.065471
0.111123 0.062611
0.100786 0.059739
0.090858 0.056865
0.081386 0.053924
0.072416 0.050848
0.063961 0.047626
0.055983 0.044327
0.048452 0.041018
0.041377 0.037733
0.034850 0.034438
0.028938 0.031118
0.023677 0.027775
0.019020 0.024421
0.014817 0.021070
0.010965 0.017757
0.007555 0.014539
0.004798 0.011487
0.002764 0.008673
0.001405 0.006163
0.000599 0.004020
0.000196 0.002294
0.000039 0.001030
0.000002 0.000259
0.000000 0.000000
0.000005 -0.000253
0.000083 -0.000988
0.000405 -0.002141
0.001221 -0.003607
0.002792 -0.005251
0.005314 -0.006918
0.008811 -0.008442
0.013008 -0.009668
0.017436 -0.010479
0.022069 -0.010867
0.027113 -0.010946
0.032750 -0.010826
0.038961 -0.010473
0.045684 -0.009839
0.052821 -0.008878
0.060303 -0.007574
0.068141 -0.005963
0.076368 -0.004119
0.085015 -0.002122
0.094081 -0.000017
0.103557 0.002148
0.113433 0.004337
0.123700 0.006542
0.134351 0.008758
0.145376 0.010981
0.156765 0.013208
0.168509 0.015427
0.180597 0.017621
0.193019 0.019769
0.205764 0.021852
0.218819 0.023856
0.232172 0.025780
0.245808 0.027624
0.259711 0.029391
0.273867 0.031084
0.288259 0.032707
0.302872 0.034267
0.317689 0.035767
0.332694 0.037201
0.347872 0.038561
0.363207 0.039841
0.378682 0.041033
0.394281 0.042132
0.409988 0.043132
0.425787 0.044040
0.441665 0.044872
0.457606 0.045645
0.473596 0.046377
0.489621 0.047087
0.505666 0.047790
0.521713 0.048462
0.537738 0.049013
0.553717 0.049354
0.569625 0.049396
0.585439 0.049056
0.601136 0.048251
0.616696 0.046949
0.632110 0.045247
0.647370 0.043260
0.662468 0.041101
0.677396 0.038877
0.692146 0.036687
0.706708 0.034624
0.721069 0.032716
0.735214 0.030932
0.749123 0.029239
0.762782 0.027611
0.776175 0.026021
0.789285 0.024447
0.802098 0.022868
0.814601 0.021279
0.826782 0.019697
0.838632 0.018142
0.850140 0.016630
0.861296 0.015176
0.872089 0.013791
0.882510 0.012484
0.892548 0.011264
0.902194 0.010135
0.911437 0.009093
0.920267 0.008126
0.928673 0.007220
0.936646 0.006366
0.944176 0.005557
0.951256 0.004787
0.957877 0.004057
0.964034 0.003369
0.969721 0.002727
0.974933 0.002135
0.979664 0.001594
0.983909 0.001107
0.987665 0.000675
0.990928 0.000298
0.993694 -0.000021
0.995961 -0.000283
0.997727 -0.000487
0.998989 -0.000633
0.999747 -0.000721
1.000000 -0.000750