goe375
1.000000 0.000000
0.999745 0.000046
0.998980 0.000183
0.997707 0.000412
0.995926 0.000732
0.993639 0.001142
0.990848 0.001642
0.987557 0.002231
0.983768 0.002908
0.979485 0.003670
0.974711 0.004514
0.969452 0.005437
0.963712 0.006434
0.957496 0.007501
0.950808 0.008629
0.943656 0.009810
0.936044 0.011040
0.927982 0.012314
0.919475 0.013629
0.910533 0.014981
0.901166 0.016369
0.891381 0.017790
0.881190 0.019245
0.870604 0.020735
0.859632 0.022263
0.848288 0.023833
0.836584 0.025450
0.824533 0.027121
0.812147 0.028854
0.799442 0.030660
0.786432 0.032545
0.773128 0.034499
0.759541 0.036510
0.745685 0.038560
0.731570 0.040632
0.717209 0.042707
0.702612 0.044762
0.687792 0.046777
0.672763 0.048742
0.657541 0.050653
0.642141 0.052506
0.626578 0.054298
0.610870 0.056025
0.595032 0.057685
0.579080 0.059278
0.563032 0.060806
0.546904 0.062274
0.530713 0.063687
0.514477 0.065050
0.498213 0.066369
0.481937 0.067646
0.465667 0.068876
0.449417 0.070055
0.433204 0.071176
0.417044 0.072234
0.400952 0.073224
0.384946 0.074140
0.369042 0.074971
0.353255 0.075705
0.337602 0.076330
0.322099 0.076838
0.306763 0.077218
0.291608 0.077464
0.276651 0.077572
0.261909 0.077546
0.247398 0.077387
0.233132 0.077100
0.219128 0.076689
0.205400 0.076159
0.191963 0.075515
0.178835 0.074732
0.166037 0.073770
0.153587 0.072595
0.141503 0.071184
0.129801 0.069538
0.118497 0.067675
0.107606 0.065614
0.097139 0.063376
0.087124 0.060945
0.077614 0.058250
0.068650 0.055242
0.060234 0.051951
0.052350 0.048447
0.044986 0.044793
0.038187 0.041034
0.032011 0.037203
0.026487 0.033344
0.021614 0.029498
0.017275 0.025695
0.013333 0.021965
0.009731 0.018351
0.006629 0.014910
0.004175 0.011701
0.002390 0.008784
0.001208 0.006212
0.000514 0.004036
0.000167 0.002297
0.000034 0.001029
0.000002 0.000259
-0.000000 -0.000000
0.000008 -0.000248
0.000123 -0.000937
0.000598 -0.001915
0.001774 -0.002956
0.003964 -0.003800
0.007296 -0.004213
0.011507 -0.004056
0.015827 -0.003355
0.019923 -0.002186
0.024049 -0.000718
0.028721 0.000733
0.034155 0.002006
0.040299 0.003072
0.047044 0.003925
0.054216 0.004585
0.061729 0.005098
0.069614 0.005540
0.077926 0.006020
0.086701 0.006599
0.095918 0.007207
0.105547 0.007744
0.115568 0.008169
0.125970 0.008511
0.136746 0.008807
0.147886 0.009110
0.159380 0.009470
0.171218 0.009888
0.183388 0.010332
0.195877 0.010769
0.208673 0.011157
0.221763 0.011483
0.235132 0.011750
0.248769 0.011960
0.262659 0.012120
0.276787 0.012236
0.291139 0.012316
0.305701 0.012368
0.320458 0.012397
0.335395 0.012408
0.350497 0.012401
0.365748 0.012381
0.381134 0.012349
0.396639 0.012309
0.412247 0.012264
0.427943 0.012212
0.443711 0.012147
0.459534 0.012066
0.475397 0.011963
0.491284 0.011833
0.507179 0.011673
0.523065 0.011481
0.538927 0.011261
0.554748 0.011015
0.570514 0.010748
0.586207 0.010463
0.601813 0.010163
0.617315 0.009851
0.632698 0.009519
0.647945 0.009163
0.663042 0.008777
0.677973 0.008356
0.692723 0.007895
0.707276 0.007391
0.721619 0.006854
0.735737 0.006305
0.749617 0.005766
0.763246 0.005254
0.776610 0.004787
0.789696 0.004378
0.802491 0.004039
0.814982 0.003771
0.827157 0.003553
0.839002 0.003363
0.850505 0.003181
0.861654 0.002993
0.872438 0.002786
0.882844 0.002550
0.892864 0.002277
0.902485 0.001963
0.911699 0.001618
0.920498 0.001269
0.928873 0.000942
0.936815 0.000654
0.944318 0.000417
0.951373 0.000239
0.957975 0.000118
0.964115 0.000040
0.969787 -0.000007
0.974986 -0.000031
0.979706 -0.000040
0.983942 -0.000041
0.987690 -0.000036
0.990946 -0.000029
0.993707 -0.000021
0.995969 -0.000014
0.997731 -0.000008
0.998991 -0.000003
0.999748 -0.000001
1.000000 0.000000