goe479
1.000000 0.000000
0.999746 0.000062
0.998985 0.000246
0.997717 0.000553
0.995943 0.000983
0.993666 0.001535
0.990887 0.002208
0.987610 0.003002
0.983837 0.003914
0.979573 0.004945
0.974820 0.006091
0.969585 0.007350
0.963871 0.008720
0.957684 0.010197
0.951029 0.011776
0.943914 0.013455
0.936343 0.015227
0.928324 0.017089
0.919865 0.019038
0.910974 0.021068
0.901660 0.023176
0.891930 0.025358
0.881794 0.027606
0.871261 0.029914
0.860342 0.032273
0.849045 0.034677
0.837381 0.037116
0.825360 0.039580
0.812994 0.042059
0.800293 0.044543
0.787269 0.047023
0.773934 0.049492
0.760303 0.051951
0.746390 0.054396
0.732209 0.056827
0.717775 0.059244
0.703104 0.061648
0.688211 0.064039
0.673113 0.066413
0.657822 0.068768
0.642354 0.071097
0.626725 0.073396
0.610949 0.075661
0.595043 0.077888
0.579020 0.080065
0.562897 0.082173
0.546688 0.084189
0.530408 0.086091
0.514073 0.087857
0.497698 0.089466
0.481298 0.090902
0.464892 0.092174
0.448498 0.093290
0.432134 0.094262
0.415820 0.095101
0.399572 0.095817
0.383410 0.096417
0.367351 0.096882
0.351413 0.097189
0.335615 0.097319
0.319972 0.097253
0.304503 0.096974
0.289225 0.096470
0.274155 0.095744
0.259313 0.094807
0.244716 0.093674
0.230382 0.092357
0.216328 0.090870
0.202569 0.089227
0.189122 0.087440
0.176004 0.085497
0.163236 0.083382
0.150833 0.081084
0.138813 0.078596
0.127195 0.075920
0.116000 0.073062
0.105242 0.070034
0.094937 0.066848
0.085104 0.063508
0.075766 0.060013
0.066937 0.056376
0.058606 0.052664
0.050755 0.048947
0.043376 0.045282
0.036476 0.041684
0.030068 0.038165
0.024156 0.034739
0.018787 0.031348
0.014092 0.027793
0.010148 0.023973
0.006972 0.020024
0.004529 0.016165
0.002747 0.012557
0.001526 0.009311
0.000754 0.006501
0.000315 0.004173
0.000101 0.002350
0.000020 0.001045
0.000001 0.000261
0.000000 0.000000
0.000003 -0.000253
0.000055 -0.001001
0.000272 -0.002214
0.000828 -0.003839
0.001925 -0.005805
0.003747 -0.008016
0.006409 -0.010357
0.009893 -0.012692
0.013976 -0.014861
0.018429 -0.016739
0.023303 -0.018308
0.028734 -0.019628
0.034777 -0.020737
0.041400 -0.021645
0.048538 -0.022394
0.056107 -0.023057
0.064080 -0.023651
0.072473 -0.024160
0.081307 -0.024569
0.090579 -0.024869
0.100271 -0.025054
0.110360 -0.025123
0.120833 -0.025084
0.131682 -0.024947
0.142896 -0.024732
0.154465 -0.024461
0.166379 -0.024149
0.178624 -0.023795
0.191189 -0.023398
0.204060 -0.022957
0.217223 -0.022473
0.230667 -0.021952
0.244376 -0.021401
0.258339 -0.020829
0.272541 -0.020246
0.286969 -0.019662
0.301607 -0.019088
0.316443 -0.018534
0.331461 -0.017997
0.346645 -0.017474
0.361981 -0.016958
0.377452 -0.016446
0.393042 -0.015931
0.408737 -0.015408
0.424519 -0.014875
0.440373 -0.014333
0.456283 -0.013784
0.472233 -0.013228
0.488206 -0.012667
0.504188 -0.012102
0.520162 -0.011535
0.536112 -0.010972
0.552022 -0.010414
0.567875 -0.009867
0.583657 -0.009335
0.599352 -0.008821
0.614943 -0.008328
0.630415 -0.007854
0.645752 -0.007397
0.660939 -0.006955
0.675960 -0.006526
0.690801 -0.006108
0.705446 -0.005698
0.719880 -0.005298
0.734089 -0.004914
0.748059 -0.004549
0.761775 -0.004210
0.775225 -0.003900
0.788394 -0.003621
0.801269 -0.003377
0.813838 -0.003168
0.826087 -0.002985
0.838004 -0.002821
0.849577 -0.002670
0.860794 -0.002524
0.871644 -0.002379
0.882115 -0.002232
0.892198 -0.002078
0.901881 -0.001918
0.911156 -0.001749
0.920012 -0.001579
0.928442 -0.001410
0.936436 -0.001247
0.943987 -0.001092
0.951087 -0.000948
0.957729 -0.000815
0.963906 -0.000693
0.969613 -0.000582
0.974842 -0.000480
0.979589 -0.000389
0.983850 -0.000307
0.987620 -0.000235
0.990894 -0.000173
0.993671 -0.000120
0.995946 -0.000077
0.997718 -0.000043
0.998986 -0.000019
0.999746 -0.000005
1.000000 0.000000