goe422
1.000000 0.001050
0.999745 0.001141
0.998980 0.001414
0.997706 0.001869
0.995924 0.002506
0.993636 0.003324
0.990845 0.004323
0.987554 0.005503
0.983767 0.006865
0.979488 0.008412
0.974725 0.010145
0.969484 0.012069
0.963774 0.014191
0.957603 0.016518
0.950984 0.019062
0.943929 0.021834
0.936443 0.024830
0.928529 0.028030
0.920185 0.031406
0.911407 0.034920
0.902187 0.038524
0.892515 0.042160
0.882390 0.045797
0.871824 0.049432
0.860828 0.053066
0.849416 0.056701
0.837606 0.060347
0.825415 0.064016
0.812865 0.067728
0.799978 0.071504
0.786777 0.075367
0.773277 0.079313
0.759485 0.083321
0.745411 0.087371
0.731063 0.091439
0.716448 0.095500
0.701573 0.099528
0.686447 0.103493
0.671081 0.107377
0.655490 0.111161
0.639689 0.114830
0.623693 0.118367
0.607518 0.121757
0.591180 0.124982
0.574696 0.128031
0.558085 0.130899
0.541364 0.133582
0.524552 0.136078
0.507668 0.138384
0.490731 0.140501
0.473760 0.142421
0.456776 0.144129
0.439798 0.145610
0.422847 0.146849
0.405943 0.147832
0.389107 0.148546
0.372356 0.148987
0.355710 0.149157
0.339187 0.149061
0.322804 0.148705
0.306579 0.148095
0.290531 0.147239
0.274682 0.146128
0.259069 0.144721
0.243726 0.142979
0.228687 0.140871
0.213980 0.138368
0.199636 0.135452
0.185678 0.132112
0.172119 0.128395
0.158965 0.124373
0.146221 0.120115
0.133898 0.115672
0.122034 0.111034
0.110665 0.106185
0.099822 0.101116
0.089520 0.095843
0.079687 0.090527
0.070217 0.085390
0.061110 0.080467
0.052551 0.075491
0.044698 0.070228
0.037616 0.064643
0.031270 0.058888
0.025620 0.053105
0.020624 0.047411
0.016252 0.041847
0.012478 0.036414
0.009272 0.031135
0.006624 0.026087
0.004520 0.021356
0.002920 0.017011
0.001763 0.013104
0.000976 0.009670
0.000480 0.006736
0.000200 0.004321
0.000064 0.002434
0.000013 0.001083
0.000001 0.000271
0.000000 0.000000
0.000002 -0.000255
0.000030 -0.001020
0.000151 -0.002291
0.000466 -0.004057
0.001107 -0.006295
0.002217 -0.008955
0.003939 -0.011951
0.006388 -0.015148
0.009638 -0.018339
0.013684 -0.021231
0.018460 -0.023539
0.023912 -0.025302
0.029947 -0.026749
0.036510 -0.027997
0.043585 -0.029034
0.051148 -0.029862
0.059171 -0.030493
0.067639 -0.030910
0.076542 -0.031093
0.085867 -0.031046
0.095605 -0.030856
0.105744 -0.030656
0.116274 -0.030518
0.127183 -0.030416
0.138462 -0.030308
0.150097 -0.030147
0.162077 -0.029882
0.174389 -0.029507
0.187020 -0.029031
0.199957 -0.028467
0.213187 -0.027828
0.226696 -0.027125
0.240471 -0.026368
0.254500 -0.025568
0.268768 -0.024740
0.283262 -0.023898
0.297968 -0.023058
0.312873 -0.022235
0.327962 -0.021435
0.343218 -0.020652
0.358628 -0.019886
0.374174 -0.019132
0.389841 -0.018386
0.405612 -0.017646
0.421473 -0.016908
0.437406 -0.016175
0.453396 -0.015447
0.469427 -0.014726
0.485483 -0.014014
0.501547 -0.013313
0.517604 -0.012624
0.533637 -0.011952
0.549631 -0.011303
0.565569 -0.010682
0.581436 -0.010094
0.597215 -0.009544
0.612891 -0.009033
0.628448 -0.008549
0.643869 -0.008071
0.659138 -0.007580
0.674239 -0.007057
0.689156 -0.006488
0.703873 -0.005855
0.718377 -0.005163
0.732652 -0.004444
0.746687 -0.003731
0.760467 -0.003054
0.773980 -0.002441
0.787212 -0.001916
0.800152 -0.001497
0.812786 -0.001196
0.825100 -0.000996
0.837083 -0.000878
0.848721 -0.000822
0.860002 -0.000813
0.870914 -0.000837
0.881445 -0.000880
0.891586 -0.000933
0.901325 -0.000987
0.910653 -0.001036
0.919559 -0.001078
0.928037 -0.001112
0.936076 -0.001137
0.943670 -0.001153
0.950810 -0.001160
0.957489 -0.001160
0.963702 -0.001154
0.969440 -0.001144
0.974699 -0.001132
0.979474 -0.001119
0.983758 -0.001106
0.987549 -0.001094
0.990843 -0.001082
0.993635 -0.001073
0.995923 -0.001065
0.997705 -0.001058
0.998980 -0.001054
0.999745 -0.001051
1.000000 -0.001050