goe418
1.000000 0.000000
0.999743 0.000064
0.998973 0.000255
0.997691 0.000574
0.995898 0.001019
0.993595 0.001591
0.990785 0.002288
0.987471 0.003109
0.983655 0.004051
0.979341 0.005113
0.974533 0.006291
0.969235 0.007580
0.963451 0.008974
0.957186 0.010466
0.950444 0.012047
0.943230 0.013708
0.935551 0.015445
0.927415 0.017260
0.918832 0.019156
0.909813 0.021139
0.900369 0.023219
0.890512 0.025404
0.880252 0.027693
0.869599 0.030082
0.858563 0.032564
0.847154 0.035130
0.835382 0.037772
0.823256 0.040478
0.810787 0.043238
0.797985 0.046038
0.784861 0.048865
0.771427 0.051710
0.757695 0.054565
0.743678 0.057419
0.729390 0.060265
0.714844 0.063092
0.700054 0.065890
0.685033 0.068652
0.669799 0.071379
0.654367 0.074076
0.638754 0.076747
0.622979 0.079399
0.607059 0.082039
0.591012 0.084672
0.574853 0.087292
0.558596 0.089878
0.542254 0.092408
0.525840 0.094862
0.509369 0.097216
0.492853 0.099450
0.476308 0.101542
0.459752 0.103473
0.443202 0.105220
0.426676 0.106767
0.410192 0.108094
0.393768 0.109186
0.377422 0.110037
0.361172 0.110656
0.345038 0.111056
0.329038 0.111248
0.313190 0.111245
0.297512 0.111059
0.282023 0.110692
0.266746 0.110123
0.251703 0.109331
0.236915 0.108296
0.222401 0.107003
0.208182 0.105442
0.194276 0.103605
0.180701 0.101498
0.167480 0.099141
0.154631 0.096555
0.142171 0.093764
0.130104 0.090818
0.118427 0.087779
0.107140 0.084701
0.096242 0.081632
0.085778 0.078498
0.075838 0.075086
0.066492 0.071257
0.057761 0.067073
0.049646 0.062646
0.042136 0.058074
0.035201 0.053445
0.028810 0.048834
0.022935 0.044304
0.017654 0.039809
0.013139 0.035206
0.009469 0.030448
0.006588 0.025689
0.004395 0.021107
0.002785 0.016832
0.001653 0.012958
0.000903 0.009546
0.000439 0.006634
0.000181 0.004245
0.000058 0.002385
0.000011 0.001059
0.000001 0.000265
0.000000 0.000000
0.000002 -0.000255
0.000035 -0.001016
0.000175 -0.002269
0.000538 -0.003990
0.001266 -0.006143
0.002510 -0.008676
0.004398 -0.011521
0.007010 -0.014587
0.010341 -0.017757
0.014268 -0.020883
0.018697 -0.023826
0.023706 -0.026486
0.029403 -0.028784
0.035812 -0.030670
0.042875 -0.032134
0.050494 -0.033207
0.058553 -0.033933
0.067029 -0.034278
0.075925 -0.034190
0.085239 -0.033656
0.094961 -0.032797
0.105078 -0.031797
0.115577 -0.030767
0.126450 -0.029711
0.137687 -0.028629
0.149282 -0.027519
0.161223 -0.026378
0.173501 -0.025200
0.186099 -0.023977
0.199004 -0.022700
0.212201 -0.021361
0.225677 -0.019975
0.239420 -0.018561
0.253420 -0.017145
0.267663 -0.015752
0.282137 -0.014412
0.296831 -0.013155
0.311733 -0.012010
0.326826 -0.010979
0.342094 -0.010049
0.357521 -0.009203
0.373090 -0.008425
0.388781 -0.007697
0.404579 -0.007001
0.420465 -0.006324
0.436424 -0.005674
0.452440 -0.005058
0.468498 -0.004482
0.484581 -0.003954
0.500675 -0.003481
0.516762 -0.003069
0.532826 -0.002716
0.548852 -0.002418
0.564822 -0.002173
0.580720 -0.001977
0.596530 -0.001827
0.612236 -0.001718
0.627821 -0.001636
0.643270 -0.001564
0.658567 -0.001484
0.673696 -0.001382
0.688643 -0.001242
0.703392 -0.001051
0.717928 -0.000808
0.732237 -0.000534
0.746305 -0.000252
0.760117 0.000020
0.773660 0.000262
0.786920 0.000460
0.799884 0.000599
0.812540 0.000673
0.824873 0.000693
0.836872 0.000673
0.848525 0.000624
0.859820 0.000559
0.870745 0.000486
0.881289 0.000414
0.891442 0.000348
0.901193 0.000294
0.910533 0.000254
0.919451 0.000224
0.927940 0.000201
0.935991 0.000182
0.943595 0.000165
0.950744 0.000148
0.957433 0.000131
0.963653 0.000114
0.969400 0.000097
0.974666 0.000082
0.979446 0.000067
0.983737 0.000053
0.987533 0.000041
0.990830 0.000030
0.993626 0.000021
0.995918 0.000013
0.997702 0.000008
0.998978 0.000003
0.999745 0.000001
1.000000 0.000000