goe416a
1.000000 0.001350
0.999746 0.001384
0.998983 0.001487
0.997714 0.001659
0.995938 0.001899
0.993657 0.002207
0.990875 0.002583
0.987593 0.003026
0.983815 0.003536
0.979546 0.004113
0.974788 0.004756
0.969547 0.005464
0.963829 0.006237
0.957638 0.007074
0.950982 0.007973
0.943867 0.008935
0.936300 0.009959
0.928289 0.011044
0.919841 0.012190
0.910967 0.013397
0.901674 0.014665
0.891973 0.015994
0.881872 0.017382
0.871383 0.018826
0.860514 0.020320
0.849277 0.021861
0.837683 0.023441
0.825741 0.025055
0.813464 0.026695
0.800863 0.028353
0.787950 0.030020
0.774737 0.031690
0.761237 0.033359
0.747464 0.035021
0.733431 0.036673
0.719153 0.038310
0.704644 0.039927
0.689918 0.041519
0.674990 0.043087
0.659876 0.044634
0.644591 0.046165
0.629152 0.047686
0.613574 0.049202
0.597874 0.050722
0.582069 0.052247
0.566173 0.053762
0.550201 0.055245
0.534168 0.056671
0.518089 0.058018
0.501978 0.059262
0.485851 0.060381
0.469725 0.061374
0.453615 0.062261
0.437539 0.063057
0.421515 0.063783
0.405558 0.064456
0.389687 0.065094
0.373918 0.065692
0.358268 0.066216
0.342755 0.066630
0.327395 0.066902
0.312205 0.067000
0.297202 0.066896
0.282401 0.066573
0.267817 0.066053
0.253464 0.065373
0.239356 0.064568
0.225506 0.063672
0.211929 0.062715
0.198638 0.061724
0.185645 0.060716
0.172974 0.059642
0.160648 0.058423
0.148689 0.056995
0.137115 0.055318
0.125936 0.053425
0.115154 0.051384
0.104773 0.049255
0.094798 0.047090
0.085243 0.044902
0.076145 0.042633
0.067534 0.040237
0.059407 0.037722
0.051737 0.035139
0.044505 0.032533
0.037748 0.029915
0.031545 0.027269
0.025947 0.024595
0.020971 0.021907
0.016535 0.019193
0.012504 0.016432
0.008825 0.013650
0.005706 0.010919
0.003330 0.008331
0.001709 0.005972
0.000735 0.003922
0.000241 0.002251
0.000049 0.001015
0.000003 0.000256
0.000000 0.000000
0.000006 -0.000251
0.000094 -0.000967
0.000458 -0.002045
0.001374 -0.003336
0.003123 -0.004681
0.005889 -0.005955
0.009634 -0.007130
0.013942 -0.008346
0.018230 -0.009826
0.022506 -0.011563
0.027074 -0.013454
0.032276 -0.015386
0.038140 -0.017332
0.044608 -0.019287
0.051581 -0.021259
0.058939 -0.023262
0.066676 -0.025280
0.074829 -0.027289
0.083444 -0.029266
0.092528 -0.031200
0.102052 -0.033098
0.111985 -0.034966
0.122316 -0.036784
0.133038 -0.038526
0.144143 -0.040157
0.155628 -0.041644
0.167482 -0.042966
0.179690 -0.044134
0.192235 -0.045172
0.205098 -0.046112
0.218260 -0.046976
0.231708 -0.047758
0.245427 -0.048449
0.259404 -0.049036
0.273626 -0.049506
0.288078 -0.049849
0.302746 -0.050052
0.317614 -0.050101
0.332665 -0.049982
0.347879 -0.049677
0.363237 -0.049167
0.378719 -0.048435
0.394305 -0.047464
0.409974 -0.046238
0.425710 -0.044764
0.441499 -0.043085
0.457330 -0.041245
0.473191 -0.039291
0.489069 -0.037270
0.504953 -0.035233
0.520829 -0.033217
0.536684 -0.031239
0.552503 -0.029308
0.568271 -0.027436
0.583974 -0.025633
0.599597 -0.023908
0.615126 -0.022270
0.630543 -0.020718
0.645834 -0.019251
0.660981 -0.017866
0.675968 -0.016561
0.690781 -0.015332
0.705402 -0.014177
0.719816 -0.013092
0.734009 -0.012076
0.747966 -0.011123
0.761672 -0.010233
0.775114 -0.009401
0.788277 -0.008624
0.801149 -0.007900
0.813715 -0.007227
0.825963 -0.006603
0.837881 -0.006030
0.849455 -0.005506
0.860675 -0.005031
0.871529 -0.004605
0.882006 -0.004225
0.892094 -0.003889
0.901785 -0.003596
0.911067 -0.003342
0.919932 -0.003119
0.928370 -0.002921
0.936372 -0.002741
0.943931 -0.002576
0.951038 -0.002422
0.957687 -0.002277
0.963871 -0.002143
0.969582 -0.002018
0.974817 -0.001903
0.979569 -0.001799
0.983834 -0.001705
0.987607 -0.001623
0.990885 -0.001550
0.993665 -0.001489
0.995942 -0.001439
0.997716 -0.001400
0.998985 -0.001372
0.999746 -0.001356
1.000000 -0.001350