goe404
1.000000 0.000800
0.999742 0.000860
0.998967 0.001040
0.997677 0.001341
0.995873 0.001761
0.993557 0.002300
0.990730 0.002958
0.987397 0.003734
0.983559 0.004628
0.979222 0.005638
0.974389 0.006763
0.969066 0.008002
0.963257 0.009354
0.956968 0.010818
0.950207 0.012391
0.942978 0.014073
0.935291 0.015862
0.927153 0.017757
0.918572 0.019756
0.909557 0.021860
0.900118 0.024067
0.890263 0.026376
0.880003 0.028781
0.869346 0.031275
0.858301 0.033846
0.846878 0.036485
0.835087 0.039178
0.822935 0.041910
0.810434 0.044667
0.797592 0.047429
0.784420 0.050183
0.770932 0.052927
0.757142 0.055664
0.743066 0.058399
0.728720 0.061138
0.714121 0.063887
0.699287 0.066656
0.684233 0.069451
0.668976 0.072268
0.653529 0.075097
0.637906 0.077927
0.622122 0.080748
0.606189 0.083549
0.590124 0.086319
0.573939 0.089041
0.557650 0.091696
0.541270 0.094261
0.524815 0.096715
0.508299 0.099036
0.491736 0.101204
0.475144 0.103207
0.458541 0.105052
0.441947 0.106750
0.425382 0.108309
0.408864 0.109739
0.392413 0.111051
0.376047 0.112243
0.359782 0.113293
0.343631 0.114177
0.327610 0.114873
0.311733 0.115361
0.296015 0.115624
0.280474 0.115642
0.265137 0.115387
0.250032 0.114830
0.235188 0.113948
0.220629 0.112723
0.206380 0.111139
0.192463 0.109188
0.178893 0.106901
0.165673 0.104367
0.152808 0.101671
0.140300 0.098888
0.128174 0.096007
0.116467 0.092959
0.105209 0.089686
0.094427 0.086146
0.084163 0.082307
0.074484 0.078144
0.065433 0.073662
0.056952 0.068984
0.048957 0.064258
0.041413 0.059582
0.034446 0.054884
0.028194 0.050076
0.022741 0.045114
0.018082 0.040024
0.014091 0.034926
0.010654 0.029931
0.007726 0.025138
0.005338 0.020630
0.003484 0.016472
0.002122 0.012718
0.001182 0.009405
0.000586 0.006564
0.000245 0.004217
0.000079 0.002379
0.000016 0.001059
0.000001 0.000265
0.000000 0.000000
0.000002 -0.000255
0.000030 -0.001020
0.000151 -0.002291
0.000467 -0.004057
0.001108 -0.006295
0.002220 -0.008954
0.003943 -0.011950
0.006395 -0.015145
0.009644 -0.018332
0.013689 -0.021217
0.018461 -0.023521
0.023908 -0.025298
0.029938 -0.026795
0.036499 -0.028104
0.043576 -0.029147
0.051146 -0.029833
0.059182 -0.030091
0.067663 -0.029951
0.076567 -0.029500
0.085874 -0.028852
0.095579 -0.028084
0.105683 -0.027283
0.116181 -0.026495
0.127062 -0.025710
0.138313 -0.024910
0.149921 -0.024071
0.161871 -0.023175
0.174153 -0.022241
0.186757 -0.021309
0.199673 -0.020422
0.212891 -0.019622
0.226397 -0.018912
0.240177 -0.018282
0.254216 -0.017717
0.268500 -0.017201
0.283012 -0.016715
0.297736 -0.016239
0.312657 -0.015754
0.327758 -0.015258
0.343026 -0.014759
0.358445 -0.014267
0.374000 -0.013790
0.389676 -0.013338
0.405458 -0.012921
0.421329 -0.012543
0.437274 -0.012199
0.453277 -0.011882
0.469320 -0.011584
0.485389 -0.011299
0.501465 -0.011021
0.517533 -0.010740
0.533577 -0.010449
0.549580 -0.010139
0.565525 -0.009802
0.581397 -0.009431
0.597180 -0.009017
0.612856 -0.008556
0.628411 -0.008061
0.643830 -0.007551
0.659098 -0.007046
0.674199 -0.006562
0.689119 -0.006118
0.703843 -0.005728
0.718357 -0.005400
0.732645 -0.005126
0.746693 -0.004899
0.760487 -0.004712
0.774013 -0.004557
0.787256 -0.004428
0.800204 -0.004319
0.812842 -0.004225
0.825159 -0.004140
0.837141 -0.004056
0.848778 -0.003970
0.860056 -0.003878
0.870965 -0.003775
0.881493 -0.003661
0.891630 -0.003533
0.901366 -0.003390
0.910692 -0.003234
0.919596 -0.003066
0.928071 -0.002888
0.936109 -0.002705
0.943700 -0.002518
0.950837 -0.002329
0.957514 -0.002142
0.963723 -0.001960
0.969458 -0.001786
0.974715 -0.001622
0.979486 -0.001471
0.983768 -0.001333
0.987557 -0.001209
0.990848 -0.001102
0.993639 -0.001010
0.995926 -0.000934
0.997707 -0.000876
0.998980 -0.000834
0.999745 -0.000808
1.000000 -0.000800