goe437
1.000000 -0.000000
0.999748 0.000054
0.998992 0.000216
0.997732 0.000486
0.995971 0.000864
0.993709 0.001349
0.990949 0.001941
0.987694 0.002638
0.983946 0.003441
0.979711 0.004347
0.974991 0.005355
0.969791 0.006463
0.964117 0.007669
0.957973 0.008970
0.951366 0.010363
0.944301 0.011844
0.936785 0.013408
0.928825 0.015048
0.920427 0.016757
0.911599 0.018526
0.902347 0.020345
0.892680 0.022203
0.882607 0.024092
0.872136 0.026009
0.861278 0.027948
0.850044 0.029904
0.838445 0.031876
0.826494 0.033859
0.814201 0.035852
0.801581 0.037852
0.788647 0.039860
0.775411 0.041875
0.761888 0.043900
0.748092 0.045936
0.734037 0.047986
0.719738 0.050056
0.705210 0.052150
0.690468 0.054272
0.675527 0.056409
0.660399 0.058536
0.645096 0.060627
0.629632 0.062653
0.614019 0.064584
0.598270 0.066391
0.582399 0.068053
0.566424 0.069585
0.550363 0.071008
0.534235 0.072346
0.518060 0.073622
0.501856 0.074860
0.485642 0.076078
0.469435 0.077262
0.453249 0.078382
0.437100 0.079412
0.421004 0.080324
0.404975 0.081093
0.389029 0.081697
0.373183 0.082131
0.357452 0.082402
0.341855 0.082517
0.326408 0.082484
0.311126 0.082311
0.296027 0.082007
0.281128 0.081569
0.266450 0.080974
0.252013 0.080201
0.237836 0.079231
0.223938 0.078050
0.210338 0.076647
0.197050 0.075014
0.184093 0.073156
0.171479 0.071100
0.159224 0.068873
0.147340 0.066501
0.135841 0.064004
0.124741 0.061385
0.114054 0.058650
0.103792 0.055808
0.093965 0.052870
0.084590 0.049852
0.075683 0.046775
0.067258 0.043652
0.059313 0.040465
0.051845 0.037202
0.044856 0.033869
0.038380 0.030524
0.032459 0.027240
0.027112 0.024076
0.022334 0.021076
0.017979 0.018226
0.013868 0.015497
0.009945 0.012884
0.006502 0.010381
0.003827 0.008004
0.001975 0.005805
0.000853 0.003855
0.000281 0.002233
0.000057 0.001014
0.000004 0.000257
0.000000 0.000000
0.000007 -0.000248
0.000113 -0.000942
0.000549 -0.001941
0.001633 -0.003044
0.003672 -0.004042
0.006818 -0.004782
0.010900 -0.005262
0.015273 -0.005700
0.019547 -0.006223
0.023915 -0.006731
0.028800 -0.007061
0.034380 -0.007148
0.040609 -0.007021
0.047389 -0.006758
0.054575 -0.006476
0.062100 -0.006195
0.069993 -0.005815
0.078301 -0.005205
0.087053 -0.004310
0.096235 -0.003240
0.105825 -0.002149
0.115806 -0.001110
0.126171 -0.000109
0.136909 0.000875
0.148012 0.001871
0.159470 0.002908
0.171273 0.003975
0.183410 0.005044
0.195870 0.006077
0.208641 0.007038
0.221711 0.007913
0.235066 0.008707
0.248692 0.009429
0.262574 0.010087
0.276698 0.010694
0.291047 0.011262
0.305607 0.011807
0.320362 0.012337
0.335297 0.012852
0.350397 0.013348
0.365648 0.013824
0.381035 0.014278
0.396541 0.014708
0.412151 0.015112
0.427851 0.015482
0.443623 0.015810
0.459452 0.016087
0.475321 0.016304
0.491215 0.016451
0.507118 0.016521
0.523012 0.016514
0.538883 0.016439
0.554713 0.016306
0.570488 0.016127
0.586190 0.015912
0.601805 0.015671
0.617316 0.015411
0.632707 0.015126
0.647963 0.014812
0.663067 0.014462
0.678006 0.014071
0.692763 0.013634
0.707323 0.013149
0.721672 0.012618
0.735796 0.012051
0.749680 0.011457
0.763311 0.010845
0.776675 0.010222
0.789759 0.009597
0.802551 0.008976
0.815037 0.008364
0.827204 0.007766
0.839042 0.007185
0.850538 0.006623
0.861680 0.006085
0.872458 0.005570
0.882861 0.005082
0.892877 0.004621
0.902499 0.004189
0.911714 0.003784
0.920515 0.003403
0.928892 0.003045
0.936836 0.002708
0.944340 0.002390
0.951395 0.002091
0.957996 0.001809
0.964134 0.001546
0.969804 0.001303
0.975001 0.001080
0.979718 0.000876
0.983952 0.000694
0.987698 0.000532
0.990952 0.000391
0.993711 0.000272
0.995972 0.000174
0.997733 0.000098
0.998992 0.000044
0.999748 0.000011
1.000000 0.000000