goe425
1.000000 0.000550
0.999743 0.000613
0.998972 0.000804
0.997688 0.001121
0.995893 0.001564
0.993587 0.002133
0.990774 0.002827
0.987455 0.003645
0.983635 0.004586
0.979317 0.005648
0.974506 0.006828
0.969204 0.008125
0.963418 0.009535
0.957153 0.011053
0.950413 0.012676
0.943206 0.014397
0.935538 0.016213
0.927416 0.018124
0.918850 0.020128
0.909847 0.022224
0.900419 0.024414
0.890575 0.026699
0.880325 0.029077
0.869679 0.031544
0.858649 0.034096
0.847243 0.036728
0.835473 0.039435
0.823351 0.042211
0.810888 0.045051
0.798095 0.047948
0.784986 0.050896
0.771573 0.053896
0.757872 0.056950
0.743898 0.060064
0.729667 0.063240
0.715194 0.066486
0.700497 0.069806
0.685591 0.073205
0.670491 0.076671
0.655205 0.080175
0.639745 0.083691
0.624121 0.087187
0.608342 0.090633
0.592419 0.093996
0.576363 0.097251
0.560190 0.100391
0.543916 0.103413
0.527558 0.106315
0.511134 0.109093
0.494659 0.111748
0.478153 0.114271
0.461630 0.116629
0.445107 0.118781
0.428601 0.120685
0.412128 0.122305
0.395705 0.123603
0.379348 0.124550
0.363080 0.125143
0.346924 0.125390
0.330902 0.125303
0.315037 0.124891
0.299351 0.124168
0.283865 0.123146
0.268606 0.121825
0.253600 0.120196
0.238876 0.118256
0.224457 0.116002
0.210369 0.113435
0.196631 0.110560
0.183262 0.107391
0.170264 0.103993
0.157631 0.100445
0.145362 0.096820
0.133461 0.093165
0.121964 0.089439
0.110906 0.085592
0.100319 0.081586
0.090228 0.077399
0.080632 0.073078
0.071516 0.068711
0.062874 0.064355
0.054742 0.059965
0.047150 0.055494
0.040125 0.050929
0.033699 0.046313
0.027891 0.041704
0.022702 0.037157
0.018113 0.032705
0.014065 0.028340
0.010506 0.024068
0.007440 0.019938
0.004954 0.016045
0.003065 0.012467
0.001730 0.009268
0.000865 0.006496
0.000365 0.004187
0.000118 0.002368
0.000024 0.001056
0.000001 0.000265
0.000000 0.000000
0.000002 -0.000254
0.000039 -0.001015
0.000192 -0.002271
0.000591 -0.004000
0.001394 -0.006163
0.002766 -0.008691
0.004852 -0.011476
0.007746 -0.014358
0.011451 -0.017103
0.015846 -0.019405
0.020820 -0.021120
0.026350 -0.022432
0.032403 -0.023645
0.038959 -0.024848
0.045997 -0.026080
0.053485 -0.027406
0.061398 -0.028834
0.069748 -0.030202
0.078558 -0.031279
0.087839 -0.031920
0.097564 -0.032302
0.107690 -0.032697
0.118193 -0.033228
0.129066 -0.033857
0.140302 -0.034527
0.151898 -0.035171
0.163846 -0.035722
0.176135 -0.036169
0.188751 -0.036518
0.201678 -0.036775
0.214901 -0.036950
0.228406 -0.037045
0.242179 -0.037061
0.256207 -0.036998
0.270475 -0.036861
0.284969 -0.036653
0.299673 -0.036378
0.314574 -0.036040
0.329655 -0.035635
0.344900 -0.035153
0.360293 -0.034585
0.375818 -0.033922
0.391457 -0.033154
0.407194 -0.032272
0.423013 -0.031279
0.438899 -0.030192
0.454838 -0.029032
0.470813 -0.027822
0.486811 -0.026583
0.502816 -0.025337
0.518814 -0.024103
0.534789 -0.022889
0.550725 -0.021698
0.566605 -0.020535
0.582416 -0.019406
0.598141 -0.018313
0.613764 -0.017261
0.629269 -0.016254
0.644642 -0.015294
0.659867 -0.014385
0.674927 -0.013530
0.689809 -0.012730
0.704496 -0.011988
0.718975 -0.011302
0.733229 -0.010666
0.747244 -0.010074
0.761006 -0.009520
0.774501 -0.008998
0.787714 -0.008504
0.800632 -0.008033
0.813242 -0.007581
0.825532 -0.007149
0.837488 -0.006739
0.849100 -0.006351
0.860354 -0.005985
0.871241 -0.005642
0.881748 -0.005323
0.891866 -0.005027
0.901585 -0.004753
0.910893 -0.004499
0.919782 -0.004252
0.928242 -0.004003
0.936264 -0.003744
0.943840 -0.003473
0.950963 -0.003186
0.957624 -0.002888
0.963818 -0.002588
0.969540 -0.002293
0.974782 -0.002010
0.979542 -0.001745
0.983812 -0.001501
0.987591 -0.001282
0.990873 -0.001090
0.993656 -0.000926
0.995937 -0.000791
0.997713 -0.000686
0.998983 -0.000610
0.999746 -0.000565
1.000000 -0.000550