goe448
1.000000 0.001300
0.999751 0.001412
0.999005 0.001748
0.997763 0.002308
0.996025 0.003091
0.993794 0.004096
0.991071 0.005322
0.987860 0.006767
0.984162 0.008431
0.979983 0.010310
0.975326 0.012402
0.970194 0.014703
0.964593 0.017211
0.958527 0.019920
0.952001 0.022826
0.945021 0.025922
0.937592 0.029202
0.929718 0.032657
0.921407 0.036279
0.912663 0.040057
0.903492 0.043979
0.893899 0.048033
0.883892 0.052206
0.873477 0.056490
0.862664 0.060874
0.851460 0.065347
0.839877 0.069901
0.827923 0.074524
0.815608 0.079205
0.802944 0.083936
0.789941 0.088704
0.776611 0.093497
0.762962 0.098297
0.749006 0.103089
0.734754 0.107854
0.720215 0.112575
0.705402 0.117234
0.690326 0.121811
0.674998 0.126288
0.659434 0.130646
0.643646 0.134863
0.627650 0.138921
0.611459 0.142800
0.595090 0.146480
0.578558 0.149942
0.561880 0.153167
0.545077 0.156135
0.528166 0.158830
0.511166 0.161233
0.494098 0.163328
0.476981 0.165102
0.459841 0.166544
0.442704 0.167644
0.425593 0.168396
0.408535 0.168794
0.391554 0.168833
0.374673 0.168515
0.357913 0.167850
0.341294 0.166850
0.324836 0.165526
0.308558 0.163894
0.292479 0.161967
0.276626 0.159745
0.261037 0.157201
0.245750 0.154313
0.230798 0.151062
0.216214 0.147435
0.202027 0.143422
0.188260 0.139029
0.174905 0.134336
0.161937 0.129459
0.149338 0.124505
0.137103 0.119543
0.125296 0.114502
0.113989 0.109289
0.103245 0.103827
0.093109 0.098070
0.083558 0.092100
0.074523 0.086090
0.065962 0.080158
0.057913 0.074271
0.050426 0.068370
0.043533 0.062429
0.037246 0.056504
0.031563 0.050677
0.026471 0.045014
0.021947 0.039573
0.017898 0.034379
0.014207 0.029442
0.010802 0.024779
0.007751 0.020418
0.005213 0.016389
0.003250 0.012729
0.001846 0.009471
0.000928 0.006650
0.000393 0.004295
0.000127 0.002433
0.000026 0.001087
0.000002 0.000273
0.000000 -0.000000
0.000004 -0.000254
0.000068 -0.000999
0.000334 -0.002190
0.001011 -0.003752
0.002333 -0.005585
0.004494 -0.007568
0.007578 -0.009566
0.011467 -0.011433
0.015788 -0.013029
0.020386 -0.014270
0.025399 -0.015155
0.031020 -0.015722
0.037251 -0.015891
0.044004 -0.015530
0.051142 -0.014494
0.058539 -0.012713
0.066238 -0.010421
0.074346 -0.008017
0.082985 -0.005945
0.092141 -0.004175
0.101732 -0.002436
0.111682 -0.000489
0.121980 0.001678
0.132621 0.004034
0.143607 0.006534
0.154940 0.009125
0.166620 0.011761
0.178641 0.014407
0.190997 0.017027
0.203683 0.019578
0.216691 0.022028
0.230008 0.024365
0.243619 0.026580
0.257509 0.028665
0.271663 0.030611
0.286063 0.032414
0.300692 0.034067
0.315533 0.035568
0.330570 0.036924
0.345787 0.038144
0.361165 0.039241
0.376689 0.040227
0.392340 0.041117
0.408101 0.041927
0.423955 0.042650
0.439885 0.043266
0.455875 0.043752
0.471906 0.044086
0.487963 0.044245
0.504028 0.044208
0.520083 0.043968
0.536113 0.043541
0.552098 0.042949
0.568023 0.042210
0.583869 0.041346
0.599621 0.040376
0.615260 0.039321
0.630773 0.038190
0.646143 0.036993
0.661356 0.035741
0.676397 0.034442
0.691253 0.033105
0.705907 0.031741
0.720347 0.030360
0.734560 0.028979
0.748532 0.027610
0.762252 0.026267
0.775706 0.024963
0.788881 0.023706
0.801766 0.022507
0.814347 0.021365
0.826609 0.020259
0.838536 0.019168
0.850115 0.018075
0.861332 0.016966
0.872173 0.015832
0.882628 0.014665
0.892685 0.013460
0.902334 0.012217
0.911566 0.010949
0.920375 0.009688
0.928757 0.008460
0.936706 0.007289
0.944214 0.006191
0.951277 0.005177
0.957887 0.004252
0.964037 0.003409
0.969720 0.002644
0.974929 0.001952
0.979659 0.001330
0.983905 0.000777
0.987661 0.000290
0.990925 -0.000132
0.993692 -0.000489
0.995960 -0.000780
0.997726 -0.001008
0.998989 -0.001170
0.999747 -0.001267
1.000000 -0.001300