goe457
1.000000 0.000000
0.999749 0.000062
0.998996 0.000250
0.997741 0.000562
0.995987 0.000998
0.993734 0.001558
0.990985 0.002240
0.987742 0.003042
0.984008 0.003961
0.979787 0.004993
0.975080 0.006133
0.969893 0.007372
0.964227 0.008702
0.958087 0.010109
0.951476 0.011579
0.944397 0.013094
0.936855 0.014646
0.928858 0.016236
0.920417 0.017867
0.911540 0.019548
0.902241 0.021293
0.892533 0.023117
0.882426 0.025021
0.871929 0.026996
0.861050 0.029028
0.849800 0.031102
0.838186 0.033202
0.826218 0.035307
0.813904 0.037395
0.801253 0.039443
0.788275 0.041426
0.774983 0.043340
0.761390 0.045189
0.747514 0.046982
0.733368 0.048725
0.718971 0.050431
0.704339 0.052112
0.689491 0.053780
0.674440 0.055436
0.659203 0.057069
0.643793 0.058669
0.628225 0.060225
0.612514 0.061726
0.596674 0.063160
0.580721 0.064522
0.564672 0.065821
0.548544 0.067070
0.532356 0.068280
0.516124 0.069466
0.499866 0.070641
0.483601 0.071814
0.467342 0.072971
0.451107 0.074094
0.434909 0.075162
0.418764 0.076158
0.402688 0.077063
0.386695 0.077860
0.370801 0.078539
0.355025 0.079090
0.339383 0.079506
0.323890 0.079781
0.308565 0.079907
0.293423 0.079883
0.278480 0.079701
0.263755 0.079357
0.249266 0.078844
0.235028 0.078162
0.221060 0.077307
0.207375 0.076282
0.193991 0.075087
0.180924 0.073716
0.168198 0.072148
0.155834 0.070370
0.143850 0.068371
0.132258 0.066174
0.121062 0.063828
0.110266 0.061378
0.099876 0.058866
0.089902 0.056318
0.080377 0.053706
0.071334 0.051001
0.062777 0.048189
0.054684 0.045271
0.047037 0.042256
0.039892 0.039127
0.033389 0.035835
0.027621 0.032361
0.022628 0.028718
0.018284 0.024993
0.014348 0.021318
0.010676 0.017800
0.007382 0.014492
0.004701 0.011416
0.002714 0.008610
0.001381 0.006119
0.000590 0.003993
0.000193 0.002282
0.000039 0.001026
0.000002 0.000258
0.000000 0.000000
0.000006 -0.000250
0.000088 -0.000975
0.000428 -0.002099
0.001287 -0.003502
0.002934 -0.005039
0.005562 -0.006548
0.009165 -0.007882
0.013409 -0.008930
0.017807 -0.009642
0.022369 -0.010055
0.027339 -0.010321
0.032920 -0.010566
0.039095 -0.010761
0.045807 -0.010853
0.052964 -0.010774
0.060500 -0.010492
0.068427 -0.010053
0.076776 -0.009538
0.085571 -0.009026
0.094800 -0.008528
0.104440 -0.008048
0.114473 -0.007581
0.124889 -0.007109
0.135677 -0.006611
0.146827 -0.006061
0.158329 -0.005428
0.170172 -0.004710
0.182343 -0.003920
0.194832 -0.003076
0.207625 -0.002199
0.220710 -0.001305
0.234074 -0.000404
0.247706 0.000492
0.261591 0.001370
0.275716 0.002215
0.290068 0.003012
0.304633 0.003747
0.319398 0.004410
0.334346 0.005011
0.349462 0.005561
0.364731 0.006072
0.380135 0.006557
0.395659 0.007031
0.411287 0.007505
0.427003 0.007975
0.442790 0.008423
0.458634 0.008834
0.474519 0.009189
0.490428 0.009473
0.506347 0.009667
0.522259 0.009770
0.538148 0.009795
0.553997 0.009759
0.569791 0.009675
0.585513 0.009560
0.601147 0.009429
0.616677 0.009293
0.632087 0.009148
0.647363 0.008991
0.662488 0.008818
0.677447 0.008624
0.692226 0.008405
0.706809 0.008160
0.721182 0.007889
0.735330 0.007600
0.749239 0.007297
0.762896 0.006988
0.776286 0.006676
0.789397 0.006368
0.802214 0.006066
0.814726 0.005774
0.826919 0.005484
0.838782 0.005194
0.850301 0.004898
0.861465 0.004595
0.872263 0.004282
0.882684 0.003957
0.892717 0.003620
0.902353 0.003271
0.911581 0.002915
0.920393 0.002565
0.928780 0.002230
0.936735 0.001918
0.944249 0.001635
0.951314 0.001384
0.957924 0.001165
0.964072 0.000973
0.969752 0.000805
0.974957 0.000658
0.979683 0.000528
0.983924 0.000415
0.987676 0.000316
0.990936 0.000232
0.993700 0.000161
0.995965 0.000103
0.997729 0.000058
0.998990 0.000026
0.999747 0.000006
1.000000 -0.000000