goe447
1.000000 0.001600
0.999752 0.001699
0.999006 0.001997
0.997765 0.002494
0.996029 0.003188
0.993800 0.004079
0.991080 0.005165
0.987872 0.006445
0.984177 0.007915
0.979999 0.009571
0.975341 0.011409
0.970205 0.013422
0.964595 0.015602
0.958513 0.017939
0.951961 0.020419
0.944942 0.023029
0.937459 0.025757
0.929519 0.028597
0.921129 0.031542
0.912296 0.034588
0.903032 0.037733
0.893345 0.040974
0.883247 0.044308
0.872746 0.047731
0.861854 0.051238
0.850581 0.054824
0.838937 0.058488
0.826937 0.062226
0.814591 0.066037
0.801915 0.069919
0.788920 0.073872
0.775618 0.077884
0.762020 0.081937
0.748134 0.086011
0.733970 0.090084
0.719537 0.094134
0.704846 0.098138
0.689904 0.102070
0.674725 0.105911
0.659322 0.109645
0.643709 0.113257
0.627901 0.116733
0.611913 0.120057
0.595761 0.123216
0.579459 0.126192
0.563027 0.128962
0.546482 0.131501
0.529843 0.133784
0.513130 0.135786
0.496361 0.137486
0.479556 0.138869
0.462736 0.139954
0.445922 0.140766
0.429136 0.141332
0.412398 0.141680
0.395730 0.141837
0.379152 0.141815
0.362689 0.141585
0.346362 0.141108
0.330194 0.140351
0.314206 0.139282
0.298420 0.137875
0.282856 0.136112
0.267537 0.134013
0.252484 0.131608
0.237718 0.128925
0.223258 0.125996
0.209123 0.122850
0.195330 0.119516
0.181892 0.116021
0.168812 0.112386
0.156091 0.108635
0.143734 0.104787
0.131773 0.100816
0.120282 0.096635
0.109324 0.092170
0.098951 0.087369
0.089182 0.082237
0.079933 0.076978
0.071110 0.071813
0.062698 0.066812
0.054781 0.061856
0.047429 0.056844
0.040670 0.051763
0.034476 0.046720
0.028815 0.041813
0.023659 0.037123
0.018985 0.032666
0.014788 0.028353
0.011057 0.024130
0.007835 0.020026
0.005218 0.016140
0.003229 0.012556
0.001823 0.009344
0.000912 0.006555
0.000385 0.004228
0.000124 0.002392
0.000025 0.001067
0.000002 0.000267
0.000000 -0.000000
0.000003 -0.000254
0.000045 -0.001013
0.000221 -0.002264
0.000679 -0.003979
0.001594 -0.006108
0.003144 -0.008564
0.005472 -0.011210
0.008646 -0.013838
0.012608 -0.016151
0.017180 -0.017815
0.022304 -0.018827
0.027968 -0.019459
0.034150 -0.019913
0.040828 -0.020117
0.047966 -0.019961
0.055516 -0.019326
0.063462 -0.018241
0.071816 -0.016888
0.080598 -0.015514
0.089814 -0.014235
0.099450 -0.013017
0.109492 -0.011817
0.119926 -0.010610
0.130740 -0.009379
0.141919 -0.008100
0.153448 -0.006746
0.165314 -0.005298
0.177505 -0.003765
0.190011 -0.002159
0.202820 -0.000496
0.215923 0.001207
0.229307 0.002934
0.242960 0.004667
0.256871 0.006386
0.271028 0.008069
0.285419 0.009694
0.300032 0.011236
0.314854 0.012673
0.329869 0.013996
0.345062 0.015203
0.360417 0.016290
0.375915 0.017252
0.391541 0.018089
0.407278 0.018797
0.423107 0.019378
0.439013 0.019832
0.454979 0.020161
0.470986 0.020367
0.487019 0.020453
0.503060 0.020424
0.519092 0.020284
0.535098 0.020042
0.551062 0.019708
0.566968 0.019291
0.582800 0.018802
0.598541 0.018251
0.614176 0.017647
0.629688 0.017002
0.645063 0.016327
0.660286 0.015633
0.675343 0.014930
0.690217 0.014229
0.704895 0.013537
0.719362 0.012859
0.733603 0.012189
0.747604 0.011522
0.761349 0.010853
0.774826 0.010178
0.788020 0.009495
0.800918 0.008800
0.813506 0.008095
0.825773 0.007391
0.837707 0.006699
0.849297 0.006029
0.860530 0.005390
0.871397 0.004787
0.881886 0.004227
0.891986 0.003713
0.901689 0.003248
0.910983 0.002829
0.919860 0.002444
0.928309 0.002082
0.936321 0.001734
0.943889 0.001395
0.951004 0.001061
0.957659 0.000732
0.963847 0.000413
0.969564 0.000110
0.974802 -0.000175
0.979557 -0.000438
0.983825 -0.000678
0.987600 -0.000891
0.990880 -0.001078
0.993661 -0.001237
0.995940 -0.001367
0.997715 -0.001469
0.998984 -0.001542
0.999746 -0.001585
1.000000 -0.001600