goe483
1.000000 0.000000
0.999746 0.000047
0.998986 0.000187
0.997719 0.000421
0.995948 0.000748
0.993673 0.001168
0.990898 0.001680
0.987625 0.002285
0.983857 0.002980
0.979598 0.003767
0.974853 0.004644
0.969626 0.005611
0.963923 0.006667
0.957749 0.007811
0.951111 0.009044
0.944016 0.010363
0.936470 0.011767
0.928481 0.013252
0.920056 0.014815
0.911203 0.016449
0.901930 0.018148
0.892246 0.019906
0.882160 0.021718
0.871682 0.023582
0.860822 0.025497
0.849592 0.027461
0.838003 0.029473
0.826067 0.031533
0.813796 0.033640
0.801204 0.035794
0.788303 0.037996
0.775106 0.040239
0.761625 0.042513
0.747871 0.044809
0.733857 0.047114
0.719597 0.049418
0.705101 0.051708
0.690384 0.053971
0.675458 0.056194
0.660339 0.058362
0.645040 0.060461
0.629576 0.062476
0.613962 0.064394
0.598213 0.066198
0.582345 0.067880
0.566374 0.069449
0.550320 0.070917
0.534199 0.072299
0.518030 0.073609
0.501831 0.074861
0.485621 0.076068
0.469414 0.077216
0.453228 0.078284
0.437078 0.079252
0.420980 0.080101
0.404949 0.080811
0.389001 0.081366
0.373153 0.081761
0.357423 0.081995
0.341827 0.082072
0.326383 0.081994
0.311107 0.081764
0.296016 0.081385
0.281128 0.080858
0.266460 0.080172
0.252033 0.079319
0.237863 0.078292
0.223969 0.077087
0.210366 0.075702
0.197071 0.074136
0.184098 0.072395
0.171464 0.070489
0.159184 0.068429
0.147270 0.066228
0.135737 0.063892
0.124605 0.061415
0.113891 0.058795
0.103608 0.056032
0.093770 0.053136
0.084391 0.050132
0.075487 0.047055
0.067066 0.043931
0.059122 0.040749
0.051645 0.037502
0.044637 0.034195
0.038148 0.030871
0.032233 0.027578
0.026924 0.024365
0.022213 0.021270
0.017931 0.018311
0.013874 0.015497
0.009975 0.012846
0.006534 0.010339
0.003850 0.007972
0.001990 0.005785
0.000860 0.003845
0.000283 0.002229
0.000057 0.001013
0.000004 0.000257
-0.000000 -0.000000
0.000008 -0.000248
0.000120 -0.000935
0.000582 -0.001900
0.001729 -0.002918
0.003874 -0.003754
0.007157 -0.004248
0.011352 -0.004418
0.015746 -0.004534
0.020007 -0.004715
0.024364 -0.004869
0.029270 -0.004850
0.034872 -0.004600
0.041116 -0.004127
0.047898 -0.003471
0.055062 -0.002697
0.062552 -0.001816
0.070402 -0.000790
0.078664 0.000429
0.087370 0.001848
0.096503 0.003404
0.106040 0.005015
0.115966 0.006648
0.126268 0.008323
0.136935 0.010064
0.147956 0.011902
0.159317 0.013867
0.171011 0.015942
0.183035 0.018078
0.195384 0.020223
0.208055 0.022314
0.221039 0.024316
0.234322 0.026207
0.247892 0.027968
0.261734 0.029580
0.275832 0.031022
0.290172 0.032273
0.304737 0.033312
0.319511 0.034131
0.334477 0.034743
0.349618 0.035167
0.364915 0.035422
0.380351 0.035532
0.395908 0.035520
0.411565 0.035411
0.427308 0.035210
0.443119 0.034913
0.458982 0.034515
0.474881 0.034013
0.490799 0.033403
0.506721 0.032682
0.522631 0.031858
0.538512 0.030950
0.554351 0.029980
0.570132 0.028969
0.585839 0.027937
0.601458 0.026904
0.616974 0.025885
0.632371 0.024882
0.647633 0.023893
0.662745 0.022915
0.677692 0.021948
0.692459 0.020991
0.707031 0.020041
0.721393 0.019101
0.735530 0.018174
0.749430 0.017264
0.763077 0.016374
0.776459 0.015506
0.789561 0.014664
0.802371 0.013850
0.814877 0.013064
0.827064 0.012301
0.838920 0.011556
0.850433 0.010826
0.861592 0.010108
0.872384 0.009400
0.882799 0.008700
0.892826 0.008008
0.902455 0.007323
0.911677 0.006649
0.920482 0.005993
0.928862 0.005360
0.936809 0.004755
0.944315 0.004183
0.951373 0.003646
0.957976 0.003146
0.964117 0.002683
0.969790 0.002257
0.974989 0.001867
0.979708 0.001514
0.983944 0.001197
0.987692 0.000918
0.990947 0.000675
0.993708 0.000469
0.995970 0.000300
0.997732 0.000169
0.998991 0.000075
0.999748 0.000019
1.000000 0.000000