goe417
1.000000 0.000000
0.999747 0.000059
0.998988 0.000235
0.997725 0.000529
0.995957 0.000940
0.993688 0.001468
0.990919 0.002112
0.987654 0.002872
0.983895 0.003747
0.979646 0.004736
0.974913 0.005840
0.969699 0.007058
0.964010 0.008389
0.957852 0.009833
0.951232 0.011390
0.944157 0.013059
0.936633 0.014838
0.928666 0.016717
0.920263 0.018689
0.911431 0.020741
0.902174 0.022858
0.892501 0.025026
0.882418 0.027234
0.871935 0.029478
0.861063 0.031752
0.849812 0.034052
0.838193 0.036376
0.826219 0.038721
0.813901 0.041085
0.801253 0.043466
0.788288 0.045864
0.775017 0.048268
0.761454 0.050664
0.747609 0.053040
0.733496 0.055380
0.719127 0.057667
0.704514 0.059887
0.689671 0.062024
0.674613 0.064073
0.659356 0.066041
0.643918 0.067935
0.628315 0.069762
0.612566 0.071532
0.596689 0.073255
0.580700 0.074934
0.564616 0.076559
0.548452 0.078119
0.532223 0.079600
0.515945 0.080990
0.499633 0.082278
0.483304 0.083453
0.466974 0.084511
0.450661 0.085450
0.434384 0.086268
0.418159 0.086964
0.402004 0.087537
0.385938 0.087987
0.369975 0.088318
0.354132 0.088532
0.338425 0.088637
0.322869 0.088636
0.307481 0.088535
0.292274 0.088338
0.277269 0.088032
0.262483 0.087586
0.247938 0.086974
0.233652 0.086171
0.219643 0.085158
0.205928 0.083919
0.192524 0.082444
0.179448 0.080742
0.166717 0.078838
0.154349 0.076756
0.142357 0.074520
0.130754 0.072140
0.119551 0.069621
0.108758 0.066972
0.098382 0.064203
0.088459 0.061281
0.079079 0.058077
0.070315 0.054492
0.062136 0.050619
0.054443 0.046669
0.047162 0.042811
0.040310 0.039095
0.033984 0.035462
0.028251 0.031875
0.023145 0.028321
0.018599 0.024800
0.014469 0.021320
0.010669 0.017914
0.007327 0.014632
0.004643 0.011539
0.002670 0.008699
0.001355 0.006176
0.000578 0.004024
0.000188 0.002296
0.000038 0.001031
0.000002 0.000259
0.000000 0.000000
0.000007 -0.000250
0.000110 -0.000960
0.000534 -0.002017
0.001593 -0.003248
0.003586 -0.004441
0.006674 -0.005378
0.010705 -0.005874
0.015069 -0.005818
0.019351 -0.005204
0.023715 -0.004166
0.028553 -0.003006
0.034050 -0.001880
0.040172 -0.000780
0.046839 0.000320
0.053931 0.001469
0.061381 0.002700
0.069213 0.004012
0.077465 0.005407
0.086167 0.006877
0.095304 0.008392
0.104855 0.009916
0.114803 0.011431
0.125136 0.012947
0.135844 0.014478
0.146917 0.016044
0.158342 0.017664
0.170112 0.019326
0.182216 0.020995
0.194646 0.022630
0.207395 0.024185
0.220452 0.025638
0.233802 0.026985
0.247431 0.028228
0.261324 0.029366
0.275465 0.030405
0.289840 0.031347
0.304431 0.032198
0.319222 0.032960
0.334198 0.033623
0.349343 0.034177
0.364641 0.034611
0.380076 0.034915
0.395631 0.035080
0.411290 0.035098
0.427036 0.034977
0.442855 0.034739
0.458729 0.034404
0.474643 0.033995
0.490580 0.033536
0.506524 0.033048
0.522458 0.032541
0.538367 0.032004
0.554233 0.031424
0.570041 0.030792
0.585773 0.030096
0.601413 0.029327
0.616946 0.028480
0.632357 0.027568
0.647629 0.026607
0.662750 0.025611
0.677703 0.024596
0.692475 0.023574
0.707052 0.022558
0.721418 0.021553
0.735559 0.020554
0.749460 0.019555
0.763107 0.018554
0.776486 0.017547
0.789583 0.016532
0.802385 0.015506
0.814879 0.014474
0.827053 0.013446
0.838896 0.012434
0.850397 0.011449
0.861544 0.010498
0.872327 0.009589
0.882736 0.008728
0.892760 0.007919
0.902389 0.007166
0.911614 0.006467
0.920424 0.005816
0.928811 0.005206
0.936765 0.004633
0.944277 0.004093
0.951341 0.003583
0.957949 0.003103
0.964095 0.002654
0.969772 0.002237
0.974974 0.001854
0.979696 0.001505
0.983935 0.001192
0.987685 0.000914
0.990942 0.000672
0.993704 0.000467
0.995968 0.000299
0.997730 0.000169
0.998991 0.000075
0.999748 0.000019
1.000000 0.000000