goe478
1.000000 -0.000000
0.999748 0.000075
0.998991 0.000300
0.997731 0.000676
0.995968 0.001200
0.993705 0.001873
0.990943 0.002694
0.987685 0.003659
0.983934 0.004767
0.979692 0.006014
0.974964 0.007393
0.969751 0.008898
0.964058 0.010520
0.957887 0.012247
0.951241 0.014065
0.944123 0.015959
0.936539 0.017919
0.928497 0.019945
0.920005 0.022038
0.911074 0.024203
0.901716 0.026450
0.891945 0.028791
0.881771 0.031228
0.871204 0.033754
0.860254 0.036361
0.848930 0.039041
0.837242 0.041783
0.825199 0.044577
0.812813 0.047409
0.800093 0.050266
0.787049 0.053137
0.773696 0.056017
0.760046 0.058910
0.746115 0.061820
0.731919 0.064751
0.717472 0.067711
0.702792 0.070706
0.687895 0.073743
0.672793 0.076801
0.657496 0.079835
0.642012 0.082799
0.626352 0.085642
0.610524 0.088313
0.594536 0.090758
0.578402 0.092944
0.562141 0.094894
0.545777 0.096645
0.529334 0.098233
0.512835 0.099700
0.496304 0.101084
0.479763 0.102418
0.463229 0.103688
0.446716 0.104871
0.430239 0.105943
0.413813 0.106884
0.397451 0.107672
0.381170 0.108286
0.364988 0.108708
0.348926 0.108919
0.333004 0.108905
0.317242 0.108652
0.301658 0.108147
0.286272 0.107382
0.271104 0.106363
0.256171 0.105105
0.241493 0.103625
0.227087 0.101939
0.212970 0.100065
0.199159 0.098019
0.185670 0.095818
0.172519 0.093463
0.159722 0.090955
0.147295 0.088294
0.135253 0.085483
0.123615 0.082524
0.112397 0.079418
0.101614 0.076174
0.091280 0.072799
0.081422 0.069289
0.072072 0.065627
0.063248 0.061818
0.054936 0.057902
0.047120 0.053925
0.039812 0.049908
0.033098 0.045819
0.027041 0.041641
0.021675 0.037379
0.016988 0.033054
0.012931 0.028697
0.009457 0.024361
0.006580 0.020150
0.004320 0.016180
0.002642 0.012542
0.001478 0.009300
0.000734 0.006502
0.000308 0.004182
0.000099 0.002360
0.000020 0.001051
0.000001 0.000263
0.000000 0.000000
0.000002 -0.000256
0.000027 -0.001022
0.000133 -0.002300
0.000412 -0.004082
0.000983 -0.006351
0.001979 -0.009065
0.003538 -0.012150
0.005783 -0.015479
0.008810 -0.018862
0.012661 -0.022019
0.017315 -0.024616
0.022716 -0.026591
0.028747 -0.028134
0.035311 -0.029418
0.042385 -0.030481
0.049947 -0.031391
0.057963 -0.032237
0.066421 -0.032985
0.075318 -0.033521
0.084649 -0.033736
0.094403 -0.033694
0.104561 -0.033557
0.115109 -0.033436
0.126034 -0.033301
0.137325 -0.033099
0.148969 -0.032766
0.160953 -0.032240
0.173266 -0.031541
0.185898 -0.030736
0.198840 -0.029903
0.212081 -0.029123
0.225608 -0.028416
0.239407 -0.027771
0.253464 -0.027178
0.267765 -0.026622
0.282293 -0.026086
0.297034 -0.025553
0.311971 -0.025006
0.327090 -0.024438
0.342376 -0.023853
0.357813 -0.023254
0.373386 -0.022646
0.389079 -0.022030
0.404877 -0.021412
0.420763 -0.020794
0.436723 -0.020175
0.452739 -0.019558
0.468795 -0.018941
0.484876 -0.018325
0.500965 -0.017709
0.517046 -0.017094
0.533103 -0.016481
0.549119 -0.015867
0.565079 -0.015254
0.580966 -0.014640
0.596764 -0.014027
0.612457 -0.013413
0.628030 -0.012803
0.643467 -0.012199
0.658752 -0.011606
0.673871 -0.011027
0.688808 -0.010466
0.703548 -0.009925
0.718076 -0.009407
0.732379 -0.008911
0.746440 -0.008434
0.760247 -0.007975
0.773785 -0.007534
0.787040 -0.007108
0.799999 -0.006698
0.812649 -0.006302
0.824977 -0.005915
0.836970 -0.005536
0.848617 -0.005162
0.859905 -0.004790
0.870824 -0.004419
0.881361 -0.004049
0.891507 -0.003678
0.901250 -0.003307
0.910583 -0.002938
0.919494 -0.002581
0.927976 -0.002243
0.936021 -0.001930
0.943619 -0.001647
0.950764 -0.001396
0.957449 -0.001176
0.963667 -0.000983
0.969410 -0.000814
0.974674 -0.000665
0.979453 -0.000534
0.983742 -0.000420
0.987537 -0.000320
0.990833 -0.000235
0.993628 -0.000163
0.995919 -0.000104
0.997703 -0.000059
0.998979 -0.000026
0.999745 -0.000007
1.000000 0.000000