goe531
1.000000 0.000000
0.999755 0.000137
0.999018 0.000547
0.997792 0.001230
0.996077 0.002185
0.993875 0.003411
0.991188 0.004907
0.988019 0.006672
0.984371 0.008704
0.980248 0.011000
0.975654 0.013558
0.970593 0.016376
0.965071 0.019450
0.959092 0.022778
0.952664 0.026356
0.945792 0.030179
0.938484 0.034245
0.930746 0.038549
0.922588 0.043089
0.914016 0.047859
0.905040 0.052857
0.895669 0.058079
0.885911 0.063517
0.875771 0.069156
0.865254 0.074979
0.854362 0.080964
0.843099 0.087087
0.831464 0.093322
0.819460 0.099640
0.807085 0.106007
0.794339 0.112389
0.781223 0.118757
0.767749 0.125100
0.753931 0.131413
0.739785 0.137693
0.725328 0.143938
0.710577 0.150146
0.695551 0.156320
0.680267 0.162451
0.664729 0.168482
0.648936 0.174341
0.632886 0.179951
0.616579 0.185233
0.600011 0.190105
0.583184 0.194489
0.566116 0.198344
0.548843 0.201659
0.531403 0.204427
0.513832 0.206644
0.496169 0.208307
0.478453 0.209414
0.460723 0.209960
0.443017 0.209939
0.425375 0.209349
0.407835 0.208187
0.390434 0.206457
0.373203 0.204180
0.356154 0.201424
0.339299 0.198264
0.322649 0.194774
0.306214 0.191025
0.290004 0.187087
0.274040 0.182992
0.258358 0.178707
0.242996 0.174196
0.227987 0.169429
0.213364 0.164381
0.199155 0.159031
0.185382 0.153372
0.172047 0.147462
0.159134 0.141390
0.146633 0.135238
0.134538 0.129070
0.122876 0.122879
0.111674 0.116648
0.100957 0.110362
0.090745 0.104020
0.081055 0.097638
0.071902 0.091248
0.063284 0.084886
0.055164 0.078601
0.047502 0.072437
0.040301 0.066416
0.033678 0.060487
0.027739 0.054607
0.022543 0.048760
0.018074 0.042971
0.014207 0.037316
0.010832 0.031871
0.007912 0.026704
0.005499 0.021880
0.003607 0.017454
0.002204 0.013469
0.001233 0.009959
0.000612 0.006951
0.000257 0.004467
0.000083 0.002520
0.000017 0.001122
0.000001 0.000281
0.000000 -0.000000
0.000001 -0.000262
0.000023 -0.001050
0.000115 -0.002365
0.000359 -0.004208
0.000861 -0.006564
0.001745 -0.009403
0.003145 -0.012656
0.005194 -0.016206
0.008012 -0.019869
0.011693 -0.023375
0.016286 -0.026360
0.021766 -0.028591
0.028004 -0.030032
0.034852 -0.030679
0.042228 -0.030500
0.050027 -0.029505
0.058122 -0.027768
0.066506 -0.025427
0.075234 -0.022697
0.084369 -0.019821
0.093909 -0.016823
0.103825 -0.013648
0.114092 -0.010251
0.124696 -0.006632
0.135625 -0.002794
0.146869 0.001255
0.158416 0.005507
0.170259 0.009943
0.182396 0.014540
0.194825 0.019270
0.207547 0.024102
0.220559 0.028997
0.233859 0.033913
0.247445 0.038800
0.261317 0.043609
0.275473 0.048283
0.289915 0.052764
0.304641 0.056991
0.319644 0.060930
0.334901 0.064583
0.350389 0.067957
0.366084 0.071058
0.381961 0.073900
0.397992 0.076493
0.414153 0.078842
0.430423 0.080916
0.446781 0.082672
0.463208 0.084071
0.479683 0.085073
0.496185 0.085640
0.512694 0.085743
0.529180 0.085389
0.545616 0.084600
0.561973 0.083396
0.578221 0.081801
0.594333 0.079838
0.610284 0.077536
0.626059 0.074939
0.641649 0.072098
0.657045 0.069066
0.672238 0.065890
0.687219 0.062619
0.701979 0.059296
0.716507 0.055954
0.730794 0.052606
0.744826 0.049262
0.758594 0.045932
0.772086 0.042625
0.785290 0.039351
0.798196 0.036120
0.810792 0.032943
0.823073 0.029858
0.835031 0.026902
0.846659 0.024107
0.857949 0.021498
0.868891 0.019096
0.879477 0.016914
0.889697 0.014962
0.899541 0.013245
0.908997 0.011753
0.918048 0.010446
0.926677 0.009283
0.934868 0.008230
0.942609 0.007261
0.949889 0.006358
0.956697 0.005508
0.963028 0.004712
0.968874 0.003973
0.974232 0.003293
0.979095 0.002674
0.983459 0.002117
0.987320 0.001624
0.990674 0.001195
0.993518 0.000830
0.995848 0.000532
0.997663 0.000299
0.998961 0.000133
0.999740 0.000033
1.000000 -0.000000