goe587
1.000000 0.000000
0.999749 0.000042
0.998995 0.000166
0.997739 0.000373
0.995983 0.000663
0.993728 0.001035
0.990976 0.001487
0.987730 0.002018
0.983994 0.002626
0.979769 0.003305
0.975061 0.004052
0.969872 0.004858
0.964207 0.005715
0.958069 0.006610
0.951465 0.007527
0.944397 0.008452
0.936872 0.009376
0.928899 0.010304
0.920486 0.011241
0.911643 0.012199
0.902382 0.013198
0.892716 0.014257
0.882654 0.015384
0.872207 0.016574
0.861386 0.017824
0.850199 0.019126
0.838658 0.020473
0.826774 0.021856
0.814556 0.023265
0.802018 0.024686
0.789168 0.026110
0.776022 0.027533
0.762591 0.028959
0.748891 0.030392
0.734936 0.031835
0.720740 0.033295
0.706319 0.034778
0.691687 0.036290
0.676861 0.037825
0.661852 0.039369
0.646676 0.040906
0.631346 0.042417
0.615875 0.043886
0.600280 0.045293
0.584572 0.046624
0.568770 0.047884
0.552890 0.049084
0.536949 0.050234
0.520964 0.051347
0.504951 0.052433
0.488929 0.053505
0.472914 0.054546
0.456919 0.055532
0.440962 0.056435
0.425056 0.057230
0.409218 0.057892
0.393462 0.058398
0.377805 0.058738
0.362265 0.058918
0.346858 0.058945
0.331601 0.058828
0.316513 0.058574
0.301608 0.058191
0.286904 0.057687
0.272418 0.057059
0.258164 0.056303
0.244160 0.055417
0.230421 0.054399
0.216961 0.053251
0.203795 0.051973
0.190937 0.050569
0.178406 0.049031
0.166220 0.047350
0.154398 0.045521
0.142953 0.043545
0.131891 0.041467
0.121207 0.039350
0.110901 0.037251
0.100974 0.035216
0.091435 0.033265
0.082324 0.031322
0.073682 0.029306
0.065521 0.027192
0.057798 0.025032
0.050479 0.022883
0.043559 0.020790
0.037113 0.018789
0.031210 0.016907
0.025891 0.015164
0.021136 0.013556
0.016713 0.011991
0.012437 0.010397
0.008387 0.008747
0.005044 0.007026
0.002645 0.005282
0.001155 0.003613
0.000383 0.002142
0.000078 0.000989
0.000005 0.000253
0.000000 0.000000
0.000007 -0.000248
0.000115 -0.000938
0.000560 -0.001924
0.001665 -0.002998
0.003738 -0.003940
0.006929 -0.004595
0.011047 -0.004966
0.015424 -0.005284
0.019690 -0.005675
0.024051 -0.006050
0.028939 -0.006267
0.034520 -0.006274
0.040748 -0.006102
0.047523 -0.005822
0.054698 -0.005544
0.062215 -0.005299
0.070106 -0.005035
0.078426 -0.004679
0.087206 -0.004201
0.096424 -0.003656
0.106050 -0.003120
0.116064 -0.002629
0.126459 -0.002180
0.137227 -0.001766
0.148359 -0.001376
0.159849 -0.000998
0.171685 -0.000635
0.183854 -0.000294
0.196343 0.000017
0.209138 0.000290
0.222225 0.000522
0.235591 0.000713
0.249224 0.000867
0.263108 0.000985
0.277232 0.001071
0.291579 0.001128
0.306137 0.001161
0.320891 0.001167
0.335824 0.001132
0.350922 0.001041
0.366168 0.000880
0.381547 0.000632
0.397042 0.000280
0.412636 -0.000188
0.428316 -0.000755
0.444066 -0.001393
0.459870 -0.002071
0.475714 -0.002758
0.491583 -0.003420
0.507462 -0.004028
0.523335 -0.004570
0.539186 -0.005059
0.554998 -0.005509
0.570755 -0.005932
0.586440 -0.006344
0.602037 -0.006755
0.617531 -0.007174
0.632906 -0.007590
0.648147 -0.007994
0.663239 -0.008373
0.678167 -0.008719
0.692917 -0.009022
0.707473 -0.009273
0.721822 -0.009465
0.735947 -0.009591
0.749834 -0.009643
0.763469 -0.009616
0.776836 -0.009507
0.789923 -0.009313
0.802715 -0.009031
0.815199 -0.008668
0.827363 -0.008237
0.839196 -0.007752
0.850685 -0.007228
0.861819 -0.006676
0.872587 -0.006108
0.882978 -0.005533
0.892983 -0.004960
0.902591 -0.004396
0.911793 -0.003849
0.920580 -0.003332
0.928944 -0.002854
0.936877 -0.002421
0.944371 -0.002038
0.951419 -0.001705
0.958013 -0.001421
0.964147 -0.001177
0.969814 -0.000967
0.975008 -0.000786
0.979724 -0.000628
0.983956 -0.000492
0.987701 -0.000374
0.990954 -0.000274
0.993712 -0.000190
0.995973 -0.000121
0.997733 -0.000068
0.998992 -0.000030
0.999748 -0.000008
1.000000 -0.000000