goe572
1.000000 0.000000
0.999749 0.000115
0.998998 0.000460
0.997746 0.001035
0.995994 0.001839
0.993745 0.002870
0.991000 0.004126
0.987760 0.005601
0.984027 0.007290
0.979802 0.009183
0.975084 0.011267
0.969874 0.013525
0.964167 0.015935
0.957960 0.018468
0.951248 0.021088
0.944022 0.023756
0.936285 0.026455
0.928046 0.029188
0.919320 0.031966
0.910125 0.034812
0.900485 0.037758
0.890426 0.040845
0.879961 0.044077
0.869099 0.047448
0.857851 0.050950
0.846224 0.054572
0.834228 0.058305
0.821872 0.062134
0.809164 0.066045
0.796113 0.070022
0.782727 0.074051
0.769021 0.078129
0.755008 0.082249
0.740703 0.086410
0.726122 0.090608
0.711279 0.094840
0.696191 0.099104
0.680874 0.103396
0.665342 0.107706
0.649607 0.112022
0.633685 0.116334
0.617590 0.120630
0.601336 0.124898
0.584937 0.129127
0.568408 0.133303
0.551764 0.137412
0.535018 0.141441
0.518187 0.145377
0.501285 0.149206
0.484326 0.152912
0.467325 0.156466
0.450296 0.159829
0.433252 0.162967
0.416207 0.165844
0.399175 0.168428
0.382173 0.170688
0.365221 0.172595
0.348344 0.174125
0.331564 0.175256
0.314905 0.175967
0.298390 0.176241
0.282044 0.176060
0.265905 0.175389
0.250013 0.174194
0.234406 0.172446
0.219118 0.170123
0.204181 0.167210
0.189632 0.163694
0.175565 0.159517
0.162112 0.154597
0.149385 0.148868
0.137446 0.142340
0.126191 0.135267
0.115487 0.127940
0.105218 0.120612
0.095289 0.113498
0.085708 0.106631
0.076589 0.099859
0.068025 0.093059
0.060033 0.086228
0.052598 0.079415
0.045701 0.072669
0.039344 0.066035
0.033533 0.059561
0.028269 0.053287
0.023542 0.047254
0.019310 0.041482
0.015495 0.035969
0.012033 0.030724
0.008923 0.025770
0.006277 0.021150
0.004157 0.016905
0.002561 0.013074
0.001441 0.009689
0.000719 0.006777
0.000302 0.004363
0.000098 0.002465
0.000020 0.001099
0.000001 0.000275
-0.000000 0.000000
0.000005 -0.000251
0.000084 -0.000977
0.000409 -0.002106
0.001230 -0.003526
0.002811 -0.005101
0.005341 -0.006693
0.008832 -0.008191
0.012993 -0.009536
0.017331 -0.010727
0.021831 -0.011735
0.026730 -0.012554
0.032260 -0.013197
0.038416 -0.013662
0.045135 -0.013971
0.052314 -0.014175
0.059870 -0.014322
0.067813 -0.014412
0.076176 -0.014440
0.084989 -0.014406
0.094239 -0.014320
0.103901 -0.014201
0.113953 -0.014060
0.124386 -0.013893
0.135191 -0.013694
0.146361 -0.013457
0.157885 -0.013176
0.169754 -0.012855
0.181956 -0.012509
0.194477 -0.012154
0.207305 -0.011809
0.220426 -0.011483
0.233826 -0.011171
0.247494 -0.010869
0.261413 -0.010573
0.275572 -0.010275
0.289955 -0.009970
0.304548 -0.009650
0.319336 -0.009313
0.334304 -0.008963
0.349438 -0.008608
0.364722 -0.008255
0.380141 -0.007912
0.395680 -0.007587
0.411323 -0.007288
0.427054 -0.007019
0.442857 -0.006783
0.458718 -0.006583
0.474618 -0.006422
0.490543 -0.006301
0.506477 -0.006224
0.522402 -0.006189
0.538304 -0.006193
0.554166 -0.006232
0.569971 -0.006300
0.585704 -0.006395
0.601348 -0.006510
0.616889 -0.006644
0.632310 -0.006797
0.647596 -0.006970
0.662732 -0.007164
0.677704 -0.007380
0.692496 -0.007618
0.707093 -0.007879
0.721481 -0.008150
0.735645 -0.008413
0.749569 -0.008647
0.763239 -0.008836
0.776641 -0.008963
0.789761 -0.009017
0.802585 -0.008987
0.815101 -0.008876
0.827297 -0.008717
0.839164 -0.008539
0.850689 -0.008370
0.861864 -0.008233
0.872677 -0.008145
0.883118 -0.008120
0.893177 -0.008168
0.902845 -0.008295
0.912107 -0.008469
0.920950 -0.008605
0.929358 -0.008636
0.937319 -0.008515
0.944823 -0.008214
0.951862 -0.007722
0.958431 -0.007063
0.964527 -0.006296
0.970149 -0.005476
0.975296 -0.004645
0.979963 -0.003835
0.984149 -0.003073
0.987850 -0.002376
0.991065 -0.001757
0.993790 -0.001226
0.996022 -0.000786
0.997761 -0.000443
0.999005 -0.000197
0.999751 -0.000049
1.000000 0.000000