goe553
1.000000 0.000000
0.999744 0.000064
0.998975 0.000257
0.997695 0.000578
0.995905 0.001027
0.993606 0.001603
0.990801 0.002305
0.987492 0.003133
0.983683 0.004083
0.979377 0.005154
0.974578 0.006343
0.969289 0.007645
0.963516 0.009054
0.957263 0.010565
0.950534 0.012169
0.943336 0.013858
0.935673 0.015626
0.927555 0.017473
0.918989 0.019397
0.909985 0.021402
0.900554 0.023490
0.890707 0.025665
0.880453 0.027926
0.869803 0.030268
0.858766 0.032684
0.847352 0.035169
0.835573 0.037714
0.823438 0.040312
0.810959 0.042954
0.798147 0.045632
0.785013 0.048335
0.771570 0.051060
0.757833 0.053803
0.743814 0.056561
0.729529 0.059331
0.714992 0.062111
0.700217 0.064898
0.685220 0.067691
0.670018 0.070491
0.654624 0.073299
0.639057 0.076117
0.623333 0.078947
0.607467 0.081793
0.591478 0.084656
0.575379 0.087527
0.559183 0.090374
0.542901 0.093163
0.526546 0.095861
0.510128 0.098433
0.493660 0.100844
0.477156 0.103070
0.460633 0.105104
0.444113 0.106946
0.427615 0.108595
0.411158 0.110049
0.394762 0.111310
0.378446 0.112377
0.362228 0.113240
0.346123 0.113891
0.330149 0.114322
0.314322 0.114528
0.298659 0.114504
0.283176 0.114243
0.267901 0.113727
0.252861 0.112931
0.238083 0.111836
0.223593 0.110427
0.209415 0.108692
0.195570 0.106626
0.182075 0.104243
0.168930 0.101617
0.156132 0.098825
0.143682 0.095937
0.131603 0.092955
0.119959 0.089772
0.108809 0.086293
0.098198 0.082447
0.088154 0.078216
0.078640 0.073757
0.069612 0.069251
0.061052 0.064781
0.052974 0.060329
0.045390 0.055881
0.038327 0.051433
0.031828 0.046984
0.025920 0.042547
0.020613 0.038140
0.015940 0.033735
0.011928 0.029295
0.008578 0.024846
0.005886 0.020518
0.003820 0.016443
0.002315 0.012717
0.001285 0.009409
0.000634 0.006564
0.000265 0.004214
0.000085 0.002374
0.000017 0.001056
0.000001 0.000264
-0.000000 -0.000000
0.000004 -0.000253
0.000055 -0.001002
0.000273 -0.002219
0.000832 -0.003852
0.001937 -0.005828
0.003776 -0.008044
0.006472 -0.010369
0.010017 -0.012633
0.014204 -0.014623
0.018785 -0.016180
0.023785 -0.017346
0.029306 -0.018308
0.035394 -0.019176
0.042022 -0.019968
0.049142 -0.020723
0.056693 -0.021495
0.064656 -0.022255
0.073045 -0.022914
0.081878 -0.023366
0.091154 -0.023620
0.100849 -0.023781
0.110940 -0.023963
0.121414 -0.024172
0.132263 -0.024387
0.143478 -0.024577
0.155050 -0.024709
0.166969 -0.024762
0.179223 -0.024742
0.191798 -0.024659
0.204679 -0.024526
0.217854 -0.024352
0.231309 -0.024135
0.245031 -0.023873
0.259005 -0.023564
0.273217 -0.023204
0.287654 -0.022793
0.302300 -0.022327
0.317141 -0.021805
0.332162 -0.021219
0.347345 -0.020563
0.362676 -0.019831
0.378138 -0.019014
0.393714 -0.018108
0.409388 -0.017104
0.425144 -0.016007
0.440967 -0.014831
0.456841 -0.013590
0.472753 -0.012298
0.488686 -0.010972
0.504625 -0.009625
0.520556 -0.008273
0.536463 -0.006928
0.552330 -0.005601
0.568143 -0.004303
0.583887 -0.003045
0.599547 -0.001839
0.615108 -0.000692
0.630553 0.000388
0.645868 0.001398
0.661036 0.002333
0.676043 0.003190
0.690873 0.003966
0.705511 0.004658
0.719942 0.005266
0.734151 0.005787
0.748123 0.006221
0.761844 0.006568
0.775298 0.006829
0.788473 0.007004
0.801353 0.007097
0.813927 0.007111
0.826181 0.007052
0.838103 0.006927
0.849679 0.006745
0.860898 0.006512
0.871748 0.006235
0.882219 0.005921
0.892300 0.005575
0.901980 0.005204
0.911250 0.004815
0.920102 0.004416
0.928525 0.004012
0.936513 0.003610
0.944057 0.003215
0.951149 0.002832
0.957784 0.002465
0.963954 0.002117
0.969653 0.001790
0.974876 0.001487
0.979617 0.001209
0.983872 0.000959
0.987636 0.000736
0.990907 0.000542
0.993679 0.000377
0.995952 0.000241
0.997722 0.000136
0.998987 0.000060
0.999747 0.000015
1.000000 -0.000000