goe533
1.000000 0.000000
0.999743 0.000062
0.998974 0.000249
0.997692 0.000559
0.995899 0.000993
0.993598 0.001551
0.990789 0.002231
0.987477 0.003033
0.983663 0.003955
0.979353 0.004997
0.974550 0.006157
0.969259 0.007434
0.963485 0.008824
0.957234 0.010326
0.950512 0.011936
0.943324 0.013651
0.935678 0.015468
0.927581 0.017381
0.919040 0.019386
0.910063 0.021477
0.900658 0.023649
0.890833 0.025894
0.880599 0.028208
0.869964 0.030585
0.858939 0.033022
0.847535 0.035513
0.835763 0.038055
0.823634 0.040643
0.811160 0.043273
0.798354 0.045941
0.785229 0.048642
0.771796 0.051373
0.758071 0.054128
0.744066 0.056903
0.729794 0.059693
0.715271 0.062495
0.700511 0.065303
0.685529 0.068115
0.670340 0.070932
0.654960 0.073754
0.639406 0.076585
0.623694 0.079428
0.607842 0.082287
0.591866 0.085165
0.575780 0.088046
0.559596 0.090899
0.543326 0.093689
0.526981 0.096382
0.510573 0.098941
0.494113 0.101334
0.477616 0.103536
0.461102 0.105546
0.444590 0.107361
0.428100 0.108981
0.411651 0.110406
0.395264 0.111636
0.378958 0.112670
0.362748 0.113498
0.346652 0.114110
0.330687 0.114500
0.314868 0.114662
0.299214 0.114591
0.283742 0.114279
0.268480 0.113705
0.253455 0.112847
0.238695 0.111687
0.224223 0.110212
0.210063 0.108412
0.196238 0.106282
0.182759 0.103849
0.169627 0.101189
0.156841 0.098376
0.144401 0.095477
0.132341 0.092466
0.120723 0.089239
0.109599 0.085709
0.099014 0.081811
0.088984 0.077552
0.079476 0.073099
0.070450 0.068614
0.061891 0.064165
0.053797 0.059750
0.046167 0.055370
0.039046 0.051008
0.032500 0.046638
0.026574 0.042253
0.021287 0.037861
0.016633 0.033447
0.012591 0.029008
0.009145 0.024589
0.006327 0.020313
0.004134 0.016293
0.002519 0.012617
0.001405 0.009348
0.000696 0.006532
0.000291 0.004199
0.000094 0.002369
0.000019 0.001055
0.000001 0.000264
-0.000000 0.000000
0.000003 -0.000253
0.000055 -0.001004
0.000269 -0.002225
0.000821 -0.003869
0.001911 -0.005865
0.003726 -0.008111
0.006388 -0.010471
0.009890 -0.012766
0.014031 -0.014764
0.018595 -0.016302
0.023606 -0.017443
0.029147 -0.018391
0.035244 -0.019251
0.041873 -0.020039
0.048988 -0.020795
0.056534 -0.021569
0.064497 -0.022325
0.072889 -0.022972
0.081728 -0.023408
0.091006 -0.023651
0.100702 -0.023812
0.110793 -0.023996
0.121269 -0.024209
0.132119 -0.024425
0.143336 -0.024615
0.154910 -0.024745
0.166832 -0.024795
0.179087 -0.024771
0.191664 -0.024684
0.204547 -0.024547
0.217724 -0.024368
0.231181 -0.024145
0.244904 -0.023877
0.258880 -0.023563
0.273094 -0.023201
0.287534 -0.022790
0.302183 -0.022328
0.317027 -0.021814
0.332050 -0.021238
0.347237 -0.020590
0.362570 -0.019860
0.378033 -0.019037
0.393610 -0.018111
0.409284 -0.017071
0.425039 -0.015929
0.440861 -0.014710
0.456737 -0.013445
0.472651 -0.012160
0.488591 -0.010887
0.504541 -0.009655
0.520487 -0.008477
0.536412 -0.007339
0.552298 -0.006222
0.568128 -0.005111
0.583885 -0.003987
0.599552 -0.002834
0.615113 -0.001644
0.630552 -0.000441
0.645858 0.000742
0.661015 0.001874
0.676011 0.002926
0.690831 0.003873
0.705463 0.004690
0.719892 0.005368
0.734101 0.005916
0.748075 0.006347
0.761800 0.006671
0.775258 0.006899
0.788438 0.007039
0.801323 0.007103
0.813900 0.007099
0.826157 0.007032
0.838080 0.006906
0.849658 0.006728
0.860878 0.006502
0.871730 0.006233
0.882202 0.005926
0.892283 0.005588
0.901965 0.005223
0.911236 0.004837
0.920088 0.004439
0.928513 0.004035
0.936501 0.003632
0.944046 0.003236
0.951140 0.002851
0.957775 0.002482
0.963946 0.002132
0.969647 0.001803
0.974871 0.001498
0.979613 0.001218
0.983869 0.000966
0.987634 0.000741
0.990905 0.000546
0.993678 0.000379
0.995951 0.000243
0.997721 0.000137
0.998987 0.000061
0.999747 0.000015
1.000000 0.000000