goe500
1.000000 0.000000
0.999749 0.000070
0.998994 0.000281
0.997738 0.000632
0.995981 0.001124
0.993725 0.001754
0.990973 0.002524
0.987726 0.003432
0.983989 0.004476
0.979765 0.005657
0.975059 0.006973
0.969874 0.008423
0.964217 0.010005
0.958093 0.011717
0.951509 0.013558
0.944470 0.015526
0.936984 0.017619
0.929059 0.019835
0.920702 0.022171
0.911921 0.024623
0.902724 0.027190
0.893122 0.029867
0.883121 0.032647
0.872730 0.035518
0.861956 0.038467
0.850809 0.041478
0.839295 0.044534
0.827422 0.047617
0.815198 0.050704
0.802631 0.053772
0.789728 0.056799
0.776502 0.059772
0.762966 0.062690
0.749135 0.065549
0.735024 0.068348
0.720649 0.071089
0.706028 0.073772
0.691177 0.076400
0.676112 0.078968
0.660847 0.081466
0.645397 0.083883
0.629777 0.086209
0.614001 0.088434
0.598084 0.090547
0.582043 0.092539
0.565894 0.094399
0.549654 0.096116
0.533342 0.097680
0.516974 0.099081
0.500569 0.100311
0.484144 0.101362
0.467718 0.102239
0.451307 0.102950
0.434930 0.103504
0.418604 0.103908
0.402346 0.104173
0.386176 0.104303
0.370111 0.104281
0.354173 0.104079
0.338381 0.103673
0.322756 0.103040
0.307315 0.102162
0.292079 0.101022
0.277064 0.099625
0.262288 0.097997
0.247767 0.096161
0.233518 0.094142
0.219555 0.091965
0.205893 0.089651
0.192547 0.087224
0.179535 0.084681
0.166875 0.082006
0.154588 0.079186
0.142688 0.076215
0.131188 0.073108
0.120095 0.069897
0.109418 0.066608
0.099163 0.063271
0.089341 0.059899
0.079981 0.056471
0.071107 0.052971
0.062722 0.049409
0.054817 0.045819
0.047383 0.042235
0.040429 0.038688
0.033983 0.035211
0.028061 0.031834
0.022671 0.028580
0.017812 0.025373
0.013477 0.022081
0.009670 0.018668
0.006503 0.015253
0.004055 0.011988
0.002303 0.008987
0.001158 0.006338
0.000490 0.004104
0.000159 0.002327
0.000032 0.001040
0.000002 0.000261
0.000000 0.000000
0.000004 -0.000253
0.000069 -0.000994
0.000337 -0.002175
0.001021 -0.003720
0.002352 -0.005526
0.004524 -0.007478
0.007614 -0.009449
0.011487 -0.011316
0.015760 -0.012975
0.020284 -0.014373
0.025201 -0.015532
0.030704 -0.016524
0.036821 -0.017352
0.043508 -0.018010
0.050686 -0.018511
0.058274 -0.018870
0.066264 -0.019045
0.074671 -0.018969
0.083511 -0.018593
0.092778 -0.017983
0.102456 -0.017271
0.112528 -0.016561
0.122983 -0.015847
0.133811 -0.015106
0.145002 -0.014307
0.156544 -0.013413
0.168426 -0.012410
0.180634 -0.011300
0.193156 -0.010089
0.205977 -0.008785
0.219085 -0.007397
0.232467 -0.005936
0.246111 -0.004414
0.260005 -0.002844
0.274137 -0.001243
0.288493 0.000374
0.303063 0.001986
0.317832 0.003580
0.332786 0.005151
0.347910 0.006697
0.363188 0.008215
0.378605 0.009704
0.394146 0.011162
0.409794 0.012586
0.425534 0.013972
0.441350 0.015313
0.457227 0.016602
0.473149 0.017831
0.489100 0.018996
0.505064 0.020088
0.521025 0.021103
0.536967 0.022033
0.552874 0.022874
0.568730 0.023619
0.584519 0.024265
0.600224 0.024807
0.615830 0.025240
0.631319 0.025557
0.646674 0.025751
0.661879 0.025814
0.676916 0.025742
0.691769 0.025531
0.706422 0.025177
0.720860 0.024691
0.735069 0.024096
0.749035 0.023416
0.762745 0.022673
0.776186 0.021887
0.789344 0.021076
0.802207 0.020258
0.814762 0.019441
0.826996 0.018617
0.838894 0.017777
0.850443 0.016915
0.861633 0.016027
0.872451 0.015109
0.882885 0.014160
0.892926 0.013182
0.902563 0.012176
0.911787 0.011151
0.920591 0.010124
0.928966 0.009112
0.936907 0.008128
0.944405 0.007182
0.951454 0.006284
0.958048 0.005439
0.964180 0.004650
0.969843 0.003919
0.975033 0.003247
0.979745 0.002636
0.983973 0.002086
0.987714 0.001600
0.990964 0.001177
0.993719 0.000818
0.995977 0.000524
0.997736 0.000295
0.998993 0.000131
0.999748 0.000033
1.000000 -0.000000