goe566
1.000000 0.000000
0.999746 0.000041
0.998985 0.000163
0.997717 0.000366
0.995944 0.000650
0.993667 0.001014
0.990889 0.001459
0.987613 0.001984
0.983841 0.002588
0.979578 0.003270
0.974828 0.004031
0.969596 0.004868
0.963887 0.005781
0.957706 0.006769
0.951060 0.007831
0.943955 0.008965
0.936399 0.010170
0.928400 0.011447
0.919965 0.012795
0.911104 0.014215
0.901825 0.015706
0.892139 0.017270
0.882054 0.018903
0.871581 0.020602
0.860730 0.022362
0.849511 0.024176
0.837934 0.026037
0.826010 0.027937
0.813751 0.029869
0.801166 0.031821
0.788267 0.033784
0.775068 0.035750
0.761579 0.037712
0.747816 0.039663
0.733790 0.041595
0.719516 0.043500
0.705007 0.045370
0.690278 0.047199
0.675343 0.048981
0.660218 0.050716
0.644919 0.052404
0.629459 0.054043
0.613857 0.055636
0.598128 0.057181
0.582287 0.058677
0.566351 0.060109
0.550335 0.061462
0.534256 0.062719
0.518128 0.063866
0.501967 0.064885
0.485791 0.065766
0.469615 0.066513
0.453458 0.067138
0.437337 0.067654
0.421269 0.068072
0.405272 0.068406
0.389362 0.068667
0.373558 0.068855
0.357874 0.068960
0.342328 0.068977
0.326936 0.068897
0.311713 0.068715
0.296676 0.068426
0.281839 0.068031
0.267219 0.067535
0.252830 0.066948
0.238687 0.066279
0.224804 0.065535
0.211196 0.064725
0.197876 0.063857
0.184860 0.062921
0.172167 0.061867
0.159816 0.060647
0.147824 0.059221
0.136209 0.057571
0.124991 0.055706
0.114188 0.053641
0.103815 0.051394
0.093885 0.048992
0.084390 0.046517
0.075312 0.044084
0.066652 0.041739
0.058454 0.039350
0.050761 0.036779
0.043604 0.033966
0.036995 0.031020
0.030937 0.028073
0.025426 0.025226
0.020441 0.022514
0.015915 0.019802
0.011791 0.016987
0.008138 0.014086
0.005176 0.011224
0.002985 0.008520
0.001518 0.006075
0.000648 0.003970
0.000212 0.002269
0.000043 0.001019
0.000003 0.000257
0.000000 0.000000
0.000004 -0.000252
0.000069 -0.000991
0.000340 -0.002171
0.001030 -0.003714
0.002374 -0.005517
0.004566 -0.007455
0.007684 -0.009386
0.011591 -0.011155
0.015903 -0.012616
0.020481 -0.013725
0.025454 -0.014567
0.030992 -0.015298
0.037114 -0.015948
0.043778 -0.016527
0.050917 -0.017067
0.058462 -0.017596
0.066411 -0.018086
0.074784 -0.018491
0.083603 -0.018768
0.092858 -0.018929
0.102527 -0.019019
0.112589 -0.019073
0.123035 -0.019094
0.133855 -0.019081
0.145039 -0.019032
0.156580 -0.018948
0.168465 -0.018835
0.180683 -0.018704
0.193221 -0.018568
0.206066 -0.018444
0.219203 -0.018339
0.232621 -0.018251
0.246306 -0.018180
0.260243 -0.018122
0.274420 -0.018073
0.288821 -0.018031
0.303433 -0.017991
0.318240 -0.017948
0.333228 -0.017899
0.348381 -0.017839
0.363685 -0.017764
0.379124 -0.017669
0.394681 -0.017548
0.410342 -0.017397
0.426091 -0.017214
0.441911 -0.017002
0.457787 -0.016762
0.473703 -0.016494
0.489642 -0.016202
0.505589 -0.015887
0.521527 -0.015550
0.537441 -0.015189
0.553314 -0.014803
0.569131 -0.014391
0.584874 -0.013952
0.600529 -0.013484
0.616079 -0.012988
0.631509 -0.012470
0.646803 -0.011936
0.661947 -0.011393
0.676925 -0.010847
0.691723 -0.010304
0.706325 -0.009769
0.720717 -0.009245
0.734885 -0.008736
0.748814 -0.008241
0.762491 -0.007763
0.775901 -0.007303
0.789031 -0.006861
0.801868 -0.006439
0.814399 -0.006037
0.826611 -0.005654
0.838492 -0.005289
0.850030 -0.004941
0.861214 -0.004610
0.872032 -0.004295
0.882472 -0.003995
0.892526 -0.003710
0.902181 -0.003439
0.911430 -0.003181
0.920261 -0.002931
0.928667 -0.002685
0.936638 -0.002441
0.944167 -0.002198
0.951246 -0.001956
0.957867 -0.001717
0.964025 -0.001484
0.969713 -0.001261
0.974925 -0.001051
0.979657 -0.000857
0.983904 -0.000681
0.987661 -0.000523
0.990925 -0.000386
0.993692 -0.000268
0.995960 -0.000172
0.997726 -0.000097
0.998989 -0.000043
0.999747 -0.000011
1.000000 -0.000000