goe55
1.000000 0.003750
0.999745 0.003766
0.998979 0.003815
0.997703 0.003897
0.995919 0.004011
0.993628 0.004158
0.990833 0.004337
0.987537 0.004548
0.983742 0.004791
0.979453 0.005066
0.974674 0.005372
0.969410 0.005709
0.963665 0.006077
0.957447 0.006476
0.950761 0.006905
0.943613 0.007364
0.936012 0.007852
0.927964 0.008369
0.919478 0.008915
0.910562 0.009489
0.901226 0.010091
0.891479 0.010720
0.881330 0.011375
0.870789 0.012052
0.859868 0.012749
0.848577 0.013462
0.836926 0.014188
0.824929 0.014921
0.812595 0.015657
0.799939 0.016390
0.786971 0.017117
0.773706 0.017840
0.760157 0.018563
0.746338 0.019295
0.732264 0.020041
0.717949 0.020810
0.703408 0.021611
0.688656 0.022453
0.673709 0.023334
0.658580 0.024246
0.643285 0.025180
0.627839 0.026127
0.612256 0.027079
0.596552 0.028023
0.580743 0.028954
0.564843 0.029873
0.548871 0.030784
0.532841 0.031689
0.516769 0.032592
0.500674 0.033497
0.484570 0.034406
0.468474 0.035321
0.452404 0.036245
0.436375 0.037178
0.420405 0.038123
0.404509 0.039082
0.388704 0.040054
0.373007 0.041042
0.357430 0.042045
0.341990 0.043065
0.326701 0.044100
0.311578 0.045151
0.296634 0.046217
0.281885 0.047283
0.267346 0.048296
0.253030 0.049204
0.238953 0.049961
0.225128 0.050524
0.211569 0.050859
0.198291 0.050936
0.185306 0.050746
0.172634 0.050327
0.160288 0.049725
0.148287 0.048980
0.136643 0.048121
0.125369 0.047156
0.114477 0.046088
0.103979 0.044923
0.093884 0.043667
0.084213 0.042285
0.074989 0.040722
0.066231 0.038946
0.057960 0.036960
0.050189 0.034783
0.042925 0.032454
0.036159 0.030073
0.029879 0.027738
0.024076 0.025519
0.018773 0.023358
0.014066 0.020945
0.010013 0.018104
0.006694 0.014981
0.004155 0.011846
0.002351 0.008898
0.001179 0.006270
0.000498 0.004051
0.000161 0.002291
0.000032 0.001022
0.000002 0.000256
0.000000 0.000000
0.000004 -0.000253
0.000058 -0.001000
0.000288 -0.002213
0.000876 -0.003836
0.002035 -0.005791
0.003955 -0.007965
0.006754 -0.010206
0.010402 -0.012318
0.014653 -0.014049
0.019290 -0.015240
0.024357 -0.015963
0.029951 -0.016425
0.036096 -0.016705
0.042765 -0.016819
0.049910 -0.016812
0.057479 -0.016736
0.065457 -0.016567
0.073850 -0.016241
0.082667 -0.015699
0.091905 -0.015012
0.101556 -0.014334
0.111612 -0.013802
0.122060 -0.013400
0.132888 -0.013071
0.144083 -0.012743
0.155630 -0.012331
0.167517 -0.011799
0.179732 -0.011186
0.192267 -0.010540
0.205109 -0.009917
0.218247 -0.009353
0.231669 -0.008844
0.245360 -0.008382
0.259306 -0.007959
0.273492 -0.007564
0.287904 -0.007184
0.302527 -0.006807
0.317345 -0.006423
0.332343 -0.006037
0.347508 -0.005656
0.362823 -0.005287
0.378273 -0.004938
0.393843 -0.004618
0.409517 -0.004333
0.425281 -0.004084
0.441117 -0.003861
0.457009 -0.003656
0.472942 -0.003460
0.488899 -0.003263
0.504864 -0.003056
0.520821 -0.002836
0.536753 -0.002608
0.552646 -0.002379
0.568482 -0.002156
0.584246 -0.001944
0.599922 -0.001751
0.615495 -0.001581
0.630948 -0.001432
0.646267 -0.001304
0.661436 -0.001193
0.676439 -0.001097
0.691261 -0.001014
0.705888 -0.000942
0.720304 -0.000882
0.734495 -0.000833
0.748447 -0.000797
0.762145 -0.000776
0.775577 -0.000770
0.788728 -0.000779
0.801585 -0.000804
0.814135 -0.000845
0.826366 -0.000903
0.838265 -0.000978
0.849820 -0.001070
0.861020 -0.001178
0.871852 -0.001301
0.882307 -0.001440
0.892373 -0.001592
0.902041 -0.001756
0.911300 -0.001929
0.920143 -0.002106
0.928559 -0.002282
0.936540 -0.002452
0.944078 -0.002613
0.951167 -0.002764
0.957798 -0.002902
0.963965 -0.003029
0.969662 -0.003145
0.974883 -0.003251
0.979623 -0.003346
0.983876 -0.003431
0.987640 -0.003505
0.990909 -0.003570
0.993681 -0.003625
0.995953 -0.003670
0.997722 -0.003705
0.998987 -0.003730
0.999747 -0.003745
1.000000 -0.003750