goe590
1.000000 -0.000000
0.999747 0.000034
0.998987 0.000134
0.997721 0.000301
0.995952 0.000536
0.993679 0.000836
0.990907 0.001202
0.987636 0.001634
0.983871 0.002129
0.979616 0.002687
0.974874 0.003306
0.969650 0.003983
0.963948 0.004716
0.957776 0.005499
0.951137 0.006329
0.944038 0.007201
0.936486 0.008113
0.928490 0.009066
0.920057 0.010064
0.911197 0.011113
0.901920 0.012218
0.892237 0.013389
0.882156 0.014627
0.871690 0.015927
0.860846 0.017287
0.849637 0.018700
0.838072 0.020159
0.826162 0.021657
0.813919 0.023186
0.801354 0.024734
0.788478 0.026292
0.775306 0.027863
0.761850 0.029452
0.748126 0.031068
0.734148 0.032719
0.719934 0.034416
0.705497 0.036169
0.690854 0.037990
0.676020 0.039872
0.661006 0.041792
0.645827 0.043727
0.630493 0.045652
0.615019 0.047540
0.599416 0.049364
0.583697 0.051103
0.567881 0.052763
0.551984 0.054357
0.536025 0.055898
0.520020 0.057401
0.503988 0.058881
0.487948 0.060349
0.471913 0.061791
0.455898 0.063176
0.439918 0.064478
0.423986 0.065668
0.408116 0.066720
0.392322 0.067609
0.376622 0.068314
0.361034 0.068822
0.345578 0.069121
0.330271 0.069198
0.315132 0.069046
0.300180 0.068657
0.285432 0.068029
0.270907 0.067171
0.256623 0.066098
0.242598 0.064822
0.228849 0.063359
0.215392 0.061723
0.202243 0.059930
0.189416 0.057996
0.176922 0.055950
0.164768 0.053822
0.152964 0.051640
0.141519 0.049425
0.130448 0.047168
0.119768 0.044847
0.109496 0.042447
0.099643 0.039962
0.090220 0.037405
0.081231 0.034850
0.072681 0.032371
0.064562 0.029991
0.056856 0.027670
0.049550 0.025379
0.042662 0.023108
0.036277 0.020876
0.030464 0.018707
0.025260 0.016622
0.020622 0.014633
0.016296 0.012709
0.012100 0.010837
0.008138 0.009004
0.004885 0.007167
0.002558 0.005354
0.001116 0.003646
0.000370 0.002155
0.000075 0.000993
0.000005 0.000254
0.000000 0.000000
0.000007 -0.000248
0.000116 -0.000941
0.000562 -0.001935
0.001670 -0.003024
0.003750 -0.003983
0.006951 -0.004638
0.011081 -0.004944
0.015470 -0.005057
0.019752 -0.005084
0.024129 -0.005014
0.029029 -0.004847
0.034613 -0.004573
0.040831 -0.004184
0.047586 -0.003673
0.054736 -0.003042
0.062223 -0.002301
0.070082 -0.001478
0.078372 -0.000610
0.087125 0.000279
0.096318 0.001189
0.105917 0.002127
0.115903 0.003088
0.126268 0.004055
0.137007 0.005008
0.148114 0.005923
0.159585 0.006777
0.171406 0.007560
0.183567 0.008273
0.196050 0.008914
0.208842 0.009488
0.221929 0.009993
0.235296 0.010432
0.248932 0.010804
0.262821 0.011114
0.276950 0.011364
0.291306 0.011558
0.305872 0.011702
0.320635 0.011792
0.335578 0.011812
0.350684 0.011742
0.365939 0.011565
0.381325 0.011262
0.396824 0.010811
0.412421 0.010199
0.428100 0.009444
0.443847 0.008582
0.459648 0.007653
0.475487 0.006695
0.491351 0.005747
0.507225 0.004850
0.523093 0.004016
0.538940 0.003229
0.554747 0.002473
0.570500 0.001729
0.586182 0.000980
0.601775 0.000211
0.617265 -0.000585
0.632636 -0.001379
0.647873 -0.002141
0.662962 -0.002842
0.677889 -0.003453
0.692638 -0.003950
0.707195 -0.004311
0.721546 -0.004540
0.735675 -0.004664
0.749568 -0.004711
0.763211 -0.004706
0.776587 -0.004672
0.789685 -0.004629
0.802490 -0.004595
0.814988 -0.004579
0.827168 -0.004569
0.839017 -0.004557
0.850524 -0.004531
0.861676 -0.004485
0.872462 -0.004412
0.882872 -0.004309
0.892896 -0.004172
0.902522 -0.004001
0.911742 -0.003797
0.920545 -0.003564
0.928924 -0.003309
0.936869 -0.003036
0.944372 -0.002751
0.951426 -0.002459
0.958024 -0.002165
0.964159 -0.001876
0.969827 -0.001597
0.975020 -0.001334
0.979734 -0.001089
0.983965 -0.000865
0.987708 -0.000666
0.990959 -0.000490
0.993716 -0.000341
0.995975 -0.000219
0.997735 -0.000123
0.998993 -0.000055
0.999748 -0.000014
1.000000 0.000000