goe633
1.000000 0.000000
0.999740 0.000040
0.998961 0.000161
0.997663 0.000363
0.995848 0.000645
0.993517 0.001007
0.990674 0.001449
0.987320 0.001972
0.983459 0.002574
0.979096 0.003257
0.974235 0.004020
0.968881 0.004866
0.963040 0.005795
0.956718 0.006809
0.949922 0.007912
0.942661 0.009106
0.934940 0.010391
0.926768 0.011763
0.918153 0.013219
0.909102 0.014753
0.899623 0.016358
0.889725 0.018025
0.879419 0.019757
0.868716 0.021556
0.857627 0.023427
0.846166 0.025379
0.834346 0.027417
0.822181 0.029552
0.809686 0.031795
0.796876 0.034157
0.783766 0.036649
0.770370 0.039265
0.756698 0.041998
0.742765 0.044838
0.728583 0.047776
0.714165 0.050799
0.699523 0.053895
0.684670 0.057048
0.669619 0.060243
0.654381 0.063461
0.638969 0.066682
0.623395 0.069888
0.607670 0.073058
0.591807 0.076169
0.575820 0.079204
0.559722 0.082150
0.543530 0.084993
0.527258 0.087723
0.510922 0.090326
0.494537 0.092792
0.478120 0.095106
0.461689 0.097253
0.445261 0.099215
0.428854 0.100978
0.412487 0.102525
0.396178 0.103845
0.379944 0.104928
0.363804 0.105783
0.347776 0.106425
0.331877 0.106867
0.316125 0.107122
0.300538 0.107205
0.285133 0.107125
0.269932 0.106862
0.254958 0.106380
0.240235 0.105648
0.225784 0.104641
0.211625 0.103338
0.197777 0.101721
0.184260 0.099786
0.171097 0.097549
0.158308 0.095036
0.145914 0.092275
0.133930 0.089295
0.122359 0.086141
0.111204 0.082852
0.100469 0.079469
0.090163 0.076015
0.080354 0.072395
0.071125 0.068481
0.062512 0.064238
0.054481 0.059774
0.046994 0.055200
0.040046 0.050593
0.033688 0.045977
0.027953 0.041379
0.022856 0.036831
0.018361 0.032361
0.014371 0.027983
0.010809 0.023727
0.007696 0.019646
0.005145 0.015815
0.003193 0.012300
0.001807 0.009155
0.000906 0.006426
0.000383 0.004147
0.000124 0.002348
0.000025 0.001048
0.000002 0.000263
0.000000 0.000000
0.000002 -0.000255
0.000033 -0.001020
0.000163 -0.002287
0.000503 -0.004043
0.001191 -0.006259
0.002378 -0.008880
0.004206 -0.011817
0.006784 -0.014930
0.010161 -0.018014
0.014297 -0.020782
0.019101 -0.023014
0.024523 -0.024830
0.030486 -0.026525
0.036952 -0.028212
0.043912 -0.029874
0.051352 -0.031500
0.059257 -0.033068
0.067623 -0.034497
0.076453 -0.035679
0.085745 -0.036524
0.095479 -0.037101
0.105628 -0.037548
0.116168 -0.037939
0.127087 -0.038235
0.138374 -0.038385
0.150017 -0.038329
0.162002 -0.038013
0.174317 -0.037456
0.186950 -0.036714
0.199889 -0.035854
0.213119 -0.034943
0.226629 -0.034008
0.240406 -0.033058
0.254437 -0.032103
0.268709 -0.031157
0.283209 -0.030232
0.297924 -0.029343
0.312840 -0.028502
0.327942 -0.027712
0.343215 -0.026971
0.358642 -0.026273
0.374208 -0.025615
0.389896 -0.024992
0.405689 -0.024398
0.421572 -0.023831
0.437528 -0.023292
0.453541 -0.022783
0.469596 -0.022306
0.485676 -0.021862
0.501765 -0.021453
0.517847 -0.021081
0.533906 -0.020750
0.549926 -0.020463
0.565889 -0.020223
0.581780 -0.020035
0.597583 -0.019900
0.613281 -0.019820
0.628860 -0.019784
0.644302 -0.019778
0.659593 -0.019786
0.674716 -0.019797
0.689658 -0.019795
0.704403 -0.019771
0.718936 -0.019712
0.733242 -0.019609
0.747305 -0.019453
0.761113 -0.019237
0.774650 -0.018953
0.787902 -0.018599
0.800856 -0.018169
0.813499 -0.017664
0.825817 -0.017085
0.837797 -0.016438
0.849426 -0.015727
0.860692 -0.014959
0.871583 -0.014139
0.882088 -0.013274
0.892197 -0.012371
0.901899 -0.011437
0.911186 -0.010484
0.920049 -0.009527
0.928482 -0.008581
0.936476 -0.007659
0.944026 -0.006773
0.951123 -0.005929
0.957761 -0.005134
0.963935 -0.004390
0.969637 -0.003701
0.974863 -0.003067
0.979607 -0.002490
0.983864 -0.001971
0.987630 -0.001511
0.990902 -0.001112
0.993676 -0.000773
0.995950 -0.000495
0.997720 -0.000279
0.998986 -0.000124
0.999747 -0.000031
1.000000 -0.000000