goe600
1.000000 0.002500
0.999746 0.002545
0.998983 0.002681
0.997712 0.002908
0.995934 0.003225
0.993652 0.003631
0.990868 0.004128
0.987584 0.004713
0.983803 0.005387
0.979530 0.006148
0.974769 0.006996
0.969524 0.007930
0.963801 0.008948
0.957605 0.010049
0.950943 0.011233
0.943822 0.012496
0.936247 0.013840
0.928229 0.015265
0.919775 0.016773
0.910894 0.018366
0.901597 0.020048
0.891894 0.021822
0.881794 0.023688
0.871307 0.025639
0.860443 0.027668
0.849211 0.029765
0.837622 0.031919
0.825683 0.034118
0.813407 0.036346
0.800802 0.038588
0.787879 0.040826
0.774649 0.043055
0.761128 0.045274
0.747329 0.047485
0.733267 0.049692
0.718958 0.051898
0.704417 0.054108
0.689661 0.056327
0.674704 0.058553
0.659559 0.060771
0.644241 0.062964
0.628762 0.065118
0.613135 0.067214
0.597375 0.069236
0.581495 0.071165
0.565511 0.072984
0.549439 0.074675
0.533295 0.076221
0.517098 0.077605
0.500862 0.078810
0.484606 0.079821
0.468348 0.080641
0.452105 0.081289
0.435896 0.081784
0.419739 0.082146
0.403654 0.082394
0.387657 0.082547
0.371767 0.082614
0.355999 0.082583
0.340371 0.082444
0.324898 0.082188
0.309596 0.081805
0.294482 0.081290
0.279570 0.080637
0.264878 0.079841
0.250426 0.078899
0.236229 0.077812
0.222305 0.076579
0.208670 0.075202
0.195340 0.073685
0.182328 0.072031
0.169650 0.070247
0.157318 0.068338
0.145345 0.066312
0.133745 0.064174
0.122539 0.061909
0.111749 0.059500
0.101394 0.056941
0.091488 0.054233
0.082033 0.051417
0.073021 0.048578
0.064448 0.045767
0.056351 0.042911
0.048772 0.039912
0.041738 0.036723
0.035261 0.033422
0.029342 0.030120
0.023976 0.026905
0.019146 0.023825
0.014810 0.020784
0.010927 0.017696
0.007527 0.014574
0.004783 0.011540
0.002758 0.008711
0.001406 0.006181
0.000606 0.004022
0.000204 0.002291
0.000049 0.001027
0.000012 0.000258
0.000010 0.000000
0.000013 -0.000254
0.000062 -0.001005
0.000268 -0.002218
0.000797 -0.003842
0.001842 -0.005805
0.003588 -0.008026
0.006155 -0.010416
0.009548 -0.012890
0.013587 -0.015369
0.017944 -0.017792
0.022594 -0.020117
0.027701 -0.022333
0.033437 -0.024450
0.039800 -0.026478
0.046734 -0.028445
0.054144 -0.030418
0.061953 -0.032430
0.070180 -0.034391
0.078870 -0.036169
0.088058 -0.037657
0.097719 -0.038905
0.107805 -0.040018
0.118280 -0.041068
0.129135 -0.042068
0.140359 -0.043035
0.151944 -0.043989
0.163877 -0.044949
0.176150 -0.045896
0.188749 -0.046792
0.201663 -0.047596
0.214880 -0.048266
0.228387 -0.048792
0.242168 -0.049179
0.256208 -0.049431
0.270492 -0.049560
0.285004 -0.049575
0.299728 -0.049490
0.314647 -0.049317
0.329745 -0.049062
0.345007 -0.048725
0.360418 -0.048305
0.375962 -0.047803
0.391622 -0.047219
0.407385 -0.046555
0.423233 -0.045812
0.439150 -0.044992
0.455120 -0.044098
0.471126 -0.043133
0.487153 -0.042099
0.503183 -0.041000
0.519200 -0.039841
0.535190 -0.038636
0.551136 -0.037396
0.567024 -0.036138
0.582839 -0.034874
0.598566 -0.033619
0.614190 -0.032383
0.629695 -0.031171
0.645065 -0.029979
0.660285 -0.028806
0.675338 -0.027649
0.690211 -0.026506
0.704887 -0.025377
0.719351 -0.024260
0.733589 -0.023158
0.747588 -0.022072
0.761332 -0.021004
0.774807 -0.019956
0.788002 -0.018930
0.800901 -0.017928
0.813493 -0.016951
0.825764 -0.015999
0.837703 -0.015074
0.849296 -0.014176
0.860533 -0.013306
0.871403 -0.012465
0.881893 -0.011653
0.891994 -0.010871
0.901695 -0.010120
0.910987 -0.009400
0.919861 -0.008713
0.928307 -0.008059
0.936316 -0.007439
0.943881 -0.006852
0.950995 -0.006301
0.957650 -0.005785
0.963838 -0.005305
0.969555 -0.004862
0.974795 -0.004455
0.979551 -0.004086
0.983820 -0.003755
0.987596 -0.003462
0.990877 -0.003208
0.993659 -0.002992
0.995939 -0.002815
0.997714 -0.002677
0.998984 -0.002579
0.999746 -0.002520
1.000000 -0.002500