goe617
1.000000 -0.000000
0.999746 0.000057
0.998984 0.000229
0.997716 0.000514
0.995941 0.000914
0.993663 0.001426
0.990883 0.002051
0.987604 0.002787
0.983829 0.003633
0.979562 0.004585
0.974805 0.005640
0.969565 0.006795
0.963844 0.008044
0.957647 0.009380
0.950980 0.010794
0.943847 0.012279
0.936255 0.013829
0.928212 0.015445
0.919726 0.017128
0.910808 0.018882
0.901468 0.020712
0.891717 0.022627
0.881565 0.024625
0.871023 0.026703
0.860100 0.028854
0.848807 0.031073
0.837153 0.033353
0.825149 0.035685
0.812807 0.038062
0.800137 0.040474
0.787150 0.042910
0.773858 0.045362
0.760275 0.047818
0.746411 0.050270
0.732281 0.052705
0.717897 0.055113
0.703273 0.057481
0.688421 0.059800
0.673357 0.062064
0.658098 0.064273
0.642658 0.066427
0.627054 0.068527
0.611303 0.070573
0.595423 0.072568
0.579428 0.074511
0.563336 0.076393
0.547161 0.078207
0.530920 0.079944
0.514628 0.081597
0.498301 0.083158
0.481955 0.084618
0.465608 0.085965
0.449276 0.087186
0.432977 0.088269
0.416727 0.089203
0.400545 0.089977
0.384446 0.090582
0.368449 0.091019
0.352569 0.091288
0.336824 0.091393
0.321231 0.091336
0.305805 0.091122
0.290564 0.090753
0.275526 0.090220
0.260715 0.089504
0.246149 0.088588
0.231851 0.087460
0.217838 0.086109
0.204130 0.084530
0.190741 0.082721
0.177682 0.080730
0.164955 0.078623
0.152568 0.076458
0.140526 0.074280
0.128856 0.072052
0.117585 0.069711
0.106738 0.067209
0.096336 0.064513
0.086394 0.061635
0.076921 0.058637
0.067922 0.055566
0.059409 0.052402
0.051392 0.049109
0.043886 0.045670
0.036960 0.042086
0.030682 0.038374
0.025088 0.034564
0.020164 0.030694
0.015809 0.026792
0.011926 0.022898
0.008515 0.019081
0.005705 0.015438
0.003547 0.012055
0.002010 0.009000
0.001009 0.006332
0.000426 0.004094
0.000138 0.002321
0.000028 0.001037
0.000002 0.000260
0.000000 0.000000
0.000003 -0.000255
0.000046 -0.001011
0.000226 -0.002247
0.000691 -0.003924
0.001615 -0.005988
0.003169 -0.008367
0.005478 -0.010973
0.008577 -0.013696
0.012354 -0.016404
0.016577 -0.018966
0.021222 -0.021339
0.026391 -0.023566
0.032176 -0.025697
0.038572 -0.027695
0.045542 -0.029511
0.053022 -0.031101
0.060958 -0.032469
0.069338 -0.033706
0.078151 -0.034948
0.087386 -0.036273
0.097040 -0.037613
0.107110 -0.038870
0.117587 -0.039999
0.128459 -0.040995
0.139713 -0.041853
0.151335 -0.042575
0.163310 -0.043169
0.175624 -0.043667
0.188262 -0.044108
0.201211 -0.044541
0.214455 -0.045007
0.227982 -0.045496
0.241778 -0.045988
0.255829 -0.046460
0.270122 -0.046886
0.284642 -0.047240
0.299376 -0.047492
0.314309 -0.047617
0.329425 -0.047619
0.344709 -0.047512
0.360145 -0.047312
0.375718 -0.047035
0.391409 -0.046700
0.407204 -0.046326
0.423086 -0.045921
0.439039 -0.045485
0.455046 -0.045015
0.471093 -0.044509
0.487163 -0.043964
0.503239 -0.043379
0.519306 -0.042752
0.535347 -0.042084
0.551347 -0.041379
0.567288 -0.040638
0.583155 -0.039863
0.598932 -0.039056
0.614602 -0.038220
0.630150 -0.037355
0.645560 -0.036461
0.660817 -0.035540
0.675905 -0.034593
0.690809 -0.033619
0.705513 -0.032621
0.720004 -0.031598
0.734266 -0.030548
0.748283 -0.029469
0.762042 -0.028360
0.775527 -0.027219
0.788727 -0.026047
0.801625 -0.024845
0.814211 -0.023616
0.826472 -0.022368
0.838395 -0.021109
0.849970 -0.019846
0.861185 -0.018588
0.872030 -0.017340
0.882493 -0.016110
0.892566 -0.014904
0.902238 -0.013726
0.911500 -0.012580
0.920341 -0.011464
0.928753 -0.010378
0.936728 -0.009322
0.944256 -0.008300
0.951331 -0.007312
0.957947 -0.006365
0.964096 -0.005466
0.969776 -0.004622
0.974979 -0.003840
0.979702 -0.003123
0.983939 -0.002476
0.987688 -0.001900
0.990945 -0.001399
0.993706 -0.000973
0.995969 -0.000623
0.997731 -0.000351
0.998991 -0.000156
0.999748 -0.000039
1.000000 0.000000