goe626
1.000000 0.000000
0.999748 0.000084
0.998992 0.000336
0.997732 0.000755
0.995971 0.001341
0.993709 0.002093
0.990949 0.003010
0.987694 0.004089
0.983945 0.005329
0.979706 0.006725
0.974981 0.008273
0.969772 0.009965
0.964082 0.011793
0.957916 0.013747
0.951274 0.015815
0.944161 0.017981
0.936582 0.020235
0.928542 0.022572
0.920050 0.024990
0.911115 0.027485
0.901749 0.030061
0.891961 0.032720
0.881763 0.035461
0.871165 0.038277
0.860175 0.041162
0.848805 0.044109
0.837063 0.047111
0.824962 0.050160
0.812511 0.053251
0.799723 0.056374
0.786608 0.059523
0.773179 0.062683
0.759447 0.065839
0.745422 0.068972
0.731118 0.072062
0.716545 0.075091
0.701716 0.078036
0.686643 0.080878
0.671341 0.083613
0.655830 0.086255
0.640129 0.088822
0.624257 0.091334
0.608235 0.093812
0.592084 0.096279
0.575824 0.098746
0.559469 0.101193
0.543030 0.103587
0.526522 0.105900
0.509957 0.108100
0.493348 0.110157
0.476709 0.112043
0.460058 0.113755
0.443414 0.115291
0.426796 0.116653
0.410224 0.117842
0.393717 0.118862
0.377294 0.119711
0.360972 0.120376
0.344768 0.120838
0.328700 0.121078
0.312786 0.121082
0.297041 0.120838
0.281483 0.120333
0.266137 0.119555
0.251030 0.118487
0.236190 0.117121
0.221642 0.115448
0.207410 0.113465
0.193516 0.111171
0.179976 0.108579
0.166794 0.105758
0.153965 0.102786
0.141489 0.099734
0.129381 0.096619
0.117698 0.093346
0.106491 0.089821
0.095805 0.085972
0.085669 0.081768
0.076093 0.077300
0.067075 0.072689
0.058582 0.068027
0.050551 0.063376
0.042932 0.058786
0.035809 0.054218
0.029388 0.049548
0.023808 0.044702
0.019130 0.039662
0.015204 0.034557
0.011813 0.029561
0.008812 0.024806
0.006230 0.020367
0.004143 0.016286
0.002564 0.012599
0.001450 0.009339
0.000730 0.006533
0.000313 0.004207
0.000108 0.002377
0.000030 0.001060
0.000011 0.000266
0.000010 0.000000
0.000012 -0.000257
0.000039 -0.001027
0.000157 -0.002301
0.000463 -0.004066
0.001086 -0.006296
0.002162 -0.008947
0.003827 -0.011954
0.006189 -0.015218
0.009308 -0.018601
0.013169 -0.021912
0.017673 -0.024931
0.022759 -0.027658
0.028379 -0.030318
0.034489 -0.033129
0.041099 -0.036024
0.048235 -0.038860
0.055925 -0.041452
0.064176 -0.043701
0.072950 -0.045674
0.082192 -0.047493
0.091864 -0.049221
0.101965 -0.050808
0.112494 -0.052194
0.123441 -0.053347
0.134790 -0.054247
0.146523 -0.054877
0.158620 -0.055224
0.171058 -0.055263
0.183812 -0.054956
0.196856 -0.054265
0.210161 -0.053150
0.223706 -0.051611
0.237482 -0.049693
0.251480 -0.047457
0.265695 -0.044968
0.280118 -0.042303
0.294743 -0.039546
0.309566 -0.036788
0.324575 -0.034081
0.339759 -0.031426
0.355101 -0.028825
0.370588 -0.026275
0.386205 -0.023776
0.401938 -0.021325
0.417771 -0.018924
0.433688 -0.016581
0.449675 -0.014308
0.465716 -0.012117
0.481794 -0.010019
0.497893 -0.008025
0.513997 -0.006144
0.530089 -0.004380
0.546153 -0.002732
0.562170 -0.001198
0.578125 0.000223
0.593998 0.001532
0.609775 0.002732
0.625438 0.003824
0.640970 0.004813
0.656355 0.005700
0.671578 0.006489
0.686621 0.007183
0.701470 0.007786
0.716109 0.008301
0.730522 0.008725
0.744694 0.009057
0.758610 0.009296
0.772255 0.009443
0.785615 0.009499
0.798676 0.009464
0.811425 0.009344
0.823848 0.009149
0.835934 0.008893
0.847669 0.008587
0.859043 0.008244
0.870043 0.007872
0.880659 0.007481
0.890880 0.007078
0.900696 0.006672
0.910098 0.006264
0.919073 0.005849
0.927615 0.005421
0.935713 0.004980
0.943359 0.004523
0.950546 0.004054
0.957266 0.003577
0.963514 0.003105
0.969285 0.002647
0.974572 0.002213
0.979371 0.001808
0.983678 0.001438
0.987488 0.001106
0.990798 0.000815
0.993604 0.000568
0.995903 0.000364
0.997694 0.000205
0.998975 0.000091
0.999744 0.000023
1.000000 -0.000000