goe673
1.000000 0.002000
0.999749 0.002055
0.998995 0.002220
0.997740 0.002494
0.995985 0.002878
0.993731 0.003370
0.990981 0.003971
0.987737 0.004679
0.984003 0.005494
0.979783 0.006413
0.975079 0.007436
0.969898 0.008560
0.964243 0.009783
0.958121 0.011101
0.951536 0.012511
0.944495 0.014009
0.937005 0.015591
0.929072 0.017253
0.920703 0.018990
0.911908 0.020798
0.902694 0.022674
0.893070 0.024611
0.883044 0.026605
0.872627 0.028650
0.861828 0.030739
0.850657 0.032866
0.839125 0.035024
0.827242 0.037205
0.815019 0.039403
0.802469 0.041608
0.789602 0.043813
0.776430 0.046009
0.762967 0.048189
0.749226 0.050344
0.735219 0.052465
0.720961 0.054544
0.706465 0.056572
0.691745 0.058540
0.676816 0.060443
0.661694 0.062280
0.646394 0.064049
0.630933 0.065751
0.615326 0.067387
0.599591 0.068958
0.583743 0.070464
0.567799 0.071898
0.551775 0.073251
0.535686 0.074513
0.519550 0.075676
0.503381 0.076729
0.487197 0.077666
0.471014 0.078479
0.454850 0.079167
0.438721 0.079726
0.422645 0.080155
0.406638 0.080452
0.390719 0.080617
0.374904 0.080646
0.359211 0.080534
0.343657 0.080275
0.328259 0.079866
0.313035 0.079303
0.298000 0.078584
0.283171 0.077708
0.268566 0.076677
0.254201 0.075492
0.240094 0.074158
0.226261 0.072678
0.212716 0.071059
0.199475 0.069307
0.186553 0.067428
0.173968 0.065415
0.161737 0.063260
0.149877 0.060958
0.138403 0.058509
0.127328 0.055925
0.116664 0.053222
0.106420 0.050417
0.096607 0.047530
0.087231 0.044589
0.078301 0.041645
0.069825 0.038740
0.061794 0.035887
0.054192 0.033070
0.047005 0.030280
0.040264 0.027521
0.034048 0.024802
0.028416 0.022140
0.023396 0.019555
0.018911 0.017055
0.014741 0.014621
0.010755 0.012257
0.007129 0.009968
0.004236 0.007756
0.002202 0.005672
0.000956 0.003794
0.000316 0.002210
0.000064 0.001008
0.000004 0.000256
0.000000 0.000000
0.000006 -0.000250
0.000091 -0.000968
0.000443 -0.002062
0.001328 -0.003397
0.003023 -0.004819
0.005712 -0.006200
0.009372 -0.007476
0.013624 -0.008708
0.017927 -0.010034
0.022291 -0.011450
0.027003 -0.012919
0.032352 -0.014401
0.038346 -0.015869
0.044929 -0.017300
0.052000 -0.018672
0.059464 -0.019972
0.067323 -0.021205
0.075606 -0.022388
0.084346 -0.023541
0.093538 -0.024632
0.103158 -0.025610
0.113184 -0.026435
0.123605 -0.027118
0.134409 -0.027683
0.145584 -0.028164
0.157116 -0.028603
0.168993 -0.029017
0.181203 -0.029390
0.193733 -0.029703
0.206572 -0.029935
0.219705 -0.030074
0.233119 -0.030123
0.246801 -0.030087
0.260736 -0.029972
0.274910 -0.029786
0.289308 -0.029539
0.303915 -0.029241
0.318716 -0.028901
0.333696 -0.028517
0.348840 -0.028087
0.364133 -0.027608
0.379558 -0.027079
0.395101 -0.026497
0.410745 -0.025860
0.426476 -0.025175
0.442277 -0.024455
0.458133 -0.023713
0.474029 -0.022961
0.489950 -0.022213
0.505880 -0.021484
0.521802 -0.020777
0.537701 -0.020081
0.553560 -0.019384
0.569361 -0.018674
0.585090 -0.017939
0.600728 -0.017169
0.616261 -0.016356
0.631672 -0.015511
0.646948 -0.014650
0.662073 -0.013786
0.677033 -0.012934
0.691814 -0.012105
0.706401 -0.011311
0.720780 -0.010560
0.734936 -0.009853
0.748855 -0.009193
0.762523 -0.008581
0.775926 -0.008017
0.789050 -0.007501
0.801882 -0.007034
0.814409 -0.006613
0.826618 -0.006230
0.838497 -0.005874
0.850032 -0.005539
0.861213 -0.005218
0.872029 -0.004905
0.882467 -0.004595
0.892517 -0.004285
0.902169 -0.003974
0.911414 -0.003664
0.920242 -0.003367
0.928645 -0.003096
0.936614 -0.002858
0.944142 -0.002657
0.951221 -0.002497
0.957844 -0.002374
0.964003 -0.002282
0.969694 -0.002213
0.974909 -0.002161
0.979644 -0.002121
0.983893 -0.002090
0.987652 -0.002066
0.990918 -0.002047
0.993687 -0.002032
0.995957 -0.002021
0.997724 -0.002011
0.998988 -0.002005
0.999747 -0.002001
1.000000 -0.002000