goe645
1.000000 0.000000
0.999744 0.000070
0.998974 0.000281
0.997693 0.000633
0.995902 0.001124
0.993601 0.001755
0.990794 0.002524
0.987483 0.003429
0.983670 0.004468
0.979360 0.005638
0.974555 0.006935
0.969260 0.008353
0.963478 0.009885
0.957214 0.011522
0.950471 0.013253
0.943253 0.015066
0.935567 0.016955
0.927419 0.018915
0.918820 0.020948
0.909777 0.023054
0.900303 0.025236
0.890408 0.027501
0.880103 0.029846
0.869398 0.032270
0.858304 0.034768
0.846831 0.037337
0.834991 0.039973
0.822796 0.042673
0.810258 0.045432
0.797389 0.048249
0.784202 0.051119
0.770709 0.054039
0.756926 0.057005
0.742864 0.060013
0.728539 0.063060
0.713964 0.066143
0.699155 0.069259
0.684125 0.072401
0.668888 0.075558
0.653457 0.078712
0.637844 0.081842
0.622062 0.084931
0.606124 0.087957
0.590043 0.090901
0.573834 0.093748
0.557513 0.096496
0.541099 0.099143
0.524608 0.101688
0.508059 0.104130
0.491471 0.106469
0.474860 0.108701
0.458242 0.110814
0.441633 0.112795
0.425049 0.114630
0.408506 0.116309
0.392019 0.117819
0.375605 0.119147
0.359285 0.120270
0.343078 0.121163
0.327005 0.121806
0.311085 0.122179
0.295337 0.122266
0.279781 0.122055
0.264436 0.121551
0.249321 0.120765
0.234455 0.119707
0.219855 0.118391
0.205538 0.116831
0.191522 0.115041
0.177836 0.112999
0.164536 0.110609
0.151677 0.107783
0.139304 0.104454
0.127416 0.100689
0.115967 0.096681
0.104917 0.092602
0.094236 0.088600
0.083958 0.084668
0.074269 0.080476
0.065322 0.075745
0.057098 0.070561
0.049488 0.065184
0.042410 0.059818
0.035866 0.054532
0.029896 0.049328
0.024519 0.044217
0.019737 0.039216
0.015525 0.034326
0.011846 0.029551
0.008671 0.024921
0.006037 0.020517
0.003965 0.016422
0.002426 0.012702
0.001358 0.009406
0.000675 0.006572
0.000283 0.004225
0.000091 0.002384
0.000018 0.001062
0.000001 0.000266
0.000000 0.000000
0.000003 -0.000254
0.000047 -0.001008
0.000235 -0.002235
0.000718 -0.003893
0.001677 -0.005922
0.003288 -0.008247
0.005678 -0.010778
0.008879 -0.013413
0.012768 -0.016038
0.017074 -0.018538
0.021747 -0.020866
0.026901 -0.023047
0.032660 -0.025138
0.039028 -0.027144
0.045957 -0.029076
0.053373 -0.030973
0.061216 -0.032839
0.069498 -0.034563
0.078252 -0.035993
0.087502 -0.037026
0.097215 -0.037767
0.107344 -0.038393
0.117856 -0.038985
0.128745 -0.039505
0.140001 -0.039905
0.151617 -0.040127
0.163585 -0.040118
0.175890 -0.039873
0.188514 -0.039406
0.201439 -0.038736
0.214647 -0.037886
0.228124 -0.036873
0.241859 -0.035714
0.255838 -0.034433
0.270051 -0.033053
0.284484 -0.031604
0.299127 -0.030116
0.313967 -0.028620
0.328990 -0.027132
0.344181 -0.025660
0.359527 -0.024213
0.375012 -0.022799
0.390621 -0.021428
0.406339 -0.020109
0.422151 -0.018845
0.438039 -0.017631
0.453988 -0.016459
0.469980 -0.015323
0.485999 -0.014214
0.502028 -0.013126
0.518050 -0.012056
0.534050 -0.011018
0.550011 -0.010028
0.565920 -0.009102
0.581759 -0.008256
0.597515 -0.007505
0.613170 -0.006860
0.628709 -0.006310
0.644115 -0.005837
0.659372 -0.005421
0.674464 -0.005046
0.689375 -0.004694
0.704089 -0.004350
0.718590 -0.004006
0.732865 -0.003665
0.746899 -0.003333
0.760678 -0.003015
0.774189 -0.002716
0.787418 -0.002438
0.800351 -0.002185
0.812976 -0.001960
0.825281 -0.001758
0.837251 -0.001579
0.848877 -0.001419
0.860145 -0.001277
0.871044 -0.001149
0.881563 -0.001034
0.891693 -0.000931
0.901421 -0.000837
0.910739 -0.000752
0.919637 -0.000674
0.928106 -0.000602
0.936138 -0.000535
0.943725 -0.000472
0.950858 -0.000413
0.957531 -0.000358
0.963737 -0.000306
0.969470 -0.000258
0.974724 -0.000214
0.979494 -0.000173
0.983774 -0.000137
0.987562 -0.000105
0.990852 -0.000077
0.993641 -0.000054
0.995927 -0.000034
0.997708 -0.000019
0.998981 -0.000009
0.999745 -0.000002
1.000000 0.000000