goe777
1.000000 0.002600
0.999734 0.002675
0.998938 0.002900
0.997611 0.003274
0.995755 0.003797
0.993372 0.004469
0.990465 0.005289
0.987036 0.006256
0.983089 0.007370
0.978628 0.008629
0.973657 0.010033
0.968182 0.011581
0.962208 0.013271
0.955741 0.015102
0.948789 0.017074
0.941358 0.019185
0.933456 0.021433
0.925091 0.023816
0.916271 0.026331
0.907004 0.028973
0.897300 0.031740
0.887168 0.034626
0.876618 0.037629
0.865660 0.040745
0.854306 0.043971
0.842567 0.047301
0.830454 0.050734
0.817979 0.054263
0.805155 0.057886
0.791994 0.061597
0.778511 0.065394
0.764719 0.069277
0.750633 0.073246
0.736270 0.077301
0.721643 0.081444
0.706771 0.085676
0.691668 0.089997
0.676349 0.094400
0.660826 0.098864
0.645111 0.103371
0.629216 0.107899
0.613153 0.112424
0.596932 0.116925
0.580568 0.121384
0.564075 0.125799
0.547470 0.130173
0.530767 0.134508
0.513983 0.138807
0.497134 0.143072
0.480234 0.147281
0.463290 0.151347
0.446311 0.155172
0.429303 0.158664
0.412275 0.161728
0.395233 0.164276
0.378194 0.166267
0.361186 0.167744
0.344239 0.168757
0.327382 0.169360
0.310643 0.169601
0.294050 0.169532
0.277637 0.169150
0.261448 0.168391
0.245521 0.167188
0.229897 0.165486
0.214610 0.163234
0.199694 0.160395
0.185176 0.156957
0.171079 0.152996
0.157419 0.148599
0.144213 0.143850
0.131484 0.138794
0.119266 0.133440
0.107589 0.127802
0.096474 0.121895
0.085924 0.115766
0.075915 0.109495
0.066437 0.103144
0.057544 0.096709
0.049294 0.090175
0.041699 0.083565
0.034674 0.076979
0.028135 0.070516
0.022026 0.064252
0.016531 0.058109
0.011976 0.051918
0.008478 0.045641
0.005866 0.039435
0.003951 0.033454
0.002578 0.027814
0.001619 0.022601
0.000970 0.017876
0.000547 0.013679
0.000285 0.010034
0.000134 0.006954
0.000053 0.004440
0.000017 0.002492
0.000003 0.001106
0.000000 0.000276
0.000000 0.000000
0.000004 -0.000254
0.000057 -0.001003
0.000282 -0.002208
0.000857 -0.003809
0.001986 -0.005731
0.003848 -0.007890
0.006541 -0.010207
0.010010 -0.012617
0.013972 -0.015084
0.018157 -0.017582
0.022648 -0.020073
0.027662 -0.022528
0.033340 -0.024911
0.039667 -0.027167
0.046591 -0.029240
0.054023 -0.031080
0.061907 -0.032687
0.070239 -0.034134
0.079016 -0.035533
0.088230 -0.036950
0.097867 -0.038367
0.107913 -0.039758
0.118354 -0.041108
0.129184 -0.042403
0.140391 -0.043634
0.151966 -0.044788
0.163898 -0.045854
0.176174 -0.046823
0.188781 -0.047685
0.201705 -0.048430
0.214932 -0.049053
0.228446 -0.049553
0.242233 -0.049934
0.256279 -0.050203
0.270569 -0.050365
0.285086 -0.050431
0.299814 -0.050411
0.314738 -0.050315
0.329842 -0.050150
0.345112 -0.049919
0.360532 -0.049630
0.376087 -0.049288
0.391762 -0.048899
0.407542 -0.048471
0.423410 -0.047999
0.439348 -0.047465
0.455339 -0.046849
0.471366 -0.046134
0.487409 -0.045300
0.503453 -0.044328
0.519479 -0.043215
0.535472 -0.041980
0.551419 -0.040649
0.567304 -0.039247
0.583112 -0.037799
0.598830 -0.036330
0.614441 -0.034861
0.629933 -0.033402
0.645288 -0.031958
0.660493 -0.030534
0.675532 -0.029136
0.690392 -0.027767
0.705056 -0.026432
0.719512 -0.025131
0.733742 -0.023862
0.747734 -0.022621
0.761472 -0.021403
0.774941 -0.020206
0.788129 -0.019029
0.801021 -0.017868
0.813605 -0.016724
0.825868 -0.015606
0.837798 -0.014520
0.849384 -0.013473
0.860616 -0.012471
0.871480 -0.011518
0.881968 -0.010619
0.892069 -0.009775
0.901772 -0.008988
0.911067 -0.008255
0.919944 -0.007560
0.928393 -0.006892
0.936404 -0.006241
0.943968 -0.005602
0.951078 -0.004972
0.957726 -0.004355
0.963908 -0.003757
0.969616 -0.003189
0.974846 -0.002657
0.979594 -0.002165
0.983854 -0.001719
0.987623 -0.001321
0.990897 -0.000973
0.993673 -0.000677
0.995947 -0.000434
0.997719 -0.000244
0.998986 -0.000109
0.999746 -0.000027
1.000000 -0.000000