goe744
1.000000 0.000000
0.999730 0.000008
0.998921 0.000034
0.997574 0.000076
0.995689 0.000135
0.993270 0.000212
0.990318 0.000307
0.986836 0.000423
0.982829 0.000564
0.978300 0.000733
0.973255 0.000940
0.967699 0.001193
0.961640 0.001508
0.955083 0.001901
0.948039 0.002396
0.940514 0.003013
0.932519 0.003764
0.924062 0.004659
0.915156 0.005704
0.905810 0.006905
0.896037 0.008263
0.885848 0.009781
0.875257 0.011467
0.864275 0.013328
0.852917 0.015368
0.841194 0.017593
0.829123 0.020006
0.816717 0.022608
0.803990 0.025400
0.790958 0.028381
0.777636 0.031550
0.764036 0.034901
0.750172 0.038430
0.736058 0.042130
0.721708 0.045991
0.707135 0.050005
0.692353 0.054158
0.677374 0.058437
0.662208 0.062819
0.646866 0.067285
0.631357 0.071809
0.615693 0.076367
0.599882 0.080934
0.583934 0.085485
0.567865 0.090010
0.551688 0.094501
0.535419 0.098951
0.519072 0.103353
0.502664 0.107701
0.486207 0.111983
0.469714 0.116156
0.453190 0.120164
0.436646 0.123954
0.420088 0.127472
0.403527 0.130666
0.386972 0.133491
0.370445 0.135925
0.353971 0.137961
0.337579 0.139592
0.321291 0.140815
0.305136 0.141627
0.289136 0.142028
0.273322 0.142016
0.257724 0.141584
0.242373 0.140733
0.227295 0.139464
0.212517 0.137782
0.198064 0.135694
0.183964 0.133203
0.170254 0.130290
0.156971 0.126940
0.144146 0.123146
0.131807 0.118930
0.119977 0.114343
0.108674 0.109435
0.097914 0.104256
0.087712 0.098848
0.078091 0.093240
0.069068 0.087463
0.060621 0.081579
0.052712 0.075665
0.045313 0.069785
0.038457 0.063959
0.032200 0.058187
0.026575 0.052481
0.021591 0.046860
0.017209 0.041344
0.013376 0.035957
0.010046 0.030740
0.007241 0.025765
0.004979 0.021109
0.003236 0.016831
0.001964 0.012980
0.001092 0.009590
0.000539 0.006689
0.000225 0.004295
0.000072 0.002422
0.000014 0.001078
0.000001 0.000270
0.000000 0.000000
0.000002 -0.000255
0.000034 -0.001020
0.000168 -0.002296
0.000520 -0.004073
0.001234 -0.006322
0.002466 -0.008981
0.004368 -0.011926
0.007059 -0.014958
0.010599 -0.017766
0.014962 -0.019916
0.020071 -0.021189
0.025809 -0.021772
0.032027 -0.021970
0.038698 -0.021883
0.045819 -0.021617
0.053396 -0.021337
0.061424 -0.021123
0.069889 -0.020884
0.078776 -0.020483
0.088070 -0.019857
0.097768 -0.019083
0.107864 -0.018262
0.118348 -0.017413
0.129208 -0.016504
0.140428 -0.015495
0.151992 -0.014341
0.163888 -0.013018
0.176107 -0.011575
0.188644 -0.010087
0.201496 -0.008638
0.214656 -0.007300
0.228111 -0.006081
0.241847 -0.004977
0.255848 -0.003981
0.270099 -0.003083
0.284583 -0.002272
0.299284 -0.001534
0.314184 -0.000859
0.329268 -0.000256
0.344521 0.000257
0.359927 0.000664
0.375470 0.000947
0.391134 0.001089
0.406902 0.001072
0.422759 0.000892
0.438688 0.000563
0.454671 0.000099
0.470692 -0.000483
0.486733 -0.001169
0.502778 -0.001939
0.518810 -0.002776
0.534814 -0.003662
0.550776 -0.004576
0.566680 -0.005501
0.582512 -0.006416
0.598257 -0.007304
0.613901 -0.008148
0.629427 -0.008940
0.644820 -0.009674
0.660065 -0.010346
0.675145 -0.010950
0.690046 -0.011482
0.704752 -0.011940
0.719249 -0.012323
0.733521 -0.012632
0.747554 -0.012872
0.761333 -0.013045
0.774844 -0.013154
0.788074 -0.013204
0.801009 -0.013198
0.813636 -0.013137
0.825941 -0.013019
0.837911 -0.012840
0.849533 -0.012598
0.860797 -0.012294
0.871688 -0.011927
0.882198 -0.011500
0.892315 -0.011017
0.902028 -0.010482
0.911328 -0.009899
0.920204 -0.009271
0.928646 -0.008601
0.936646 -0.007895
0.944195 -0.007162
0.951287 -0.006408
0.957914 -0.005647
0.964073 -0.004897
0.969759 -0.004172
0.974967 -0.003485
0.979693 -0.002846
0.983933 -0.002263
0.987684 -0.001740
0.990942 -0.001283
0.993704 -0.000893
0.995968 -0.000572
0.997730 -0.000322
0.998991 -0.000143
0.999748 -0.000036
1.000000 -0.000000