goe758
1.000000 -0.000000
0.999745 0.000064
0.998980 0.000256
0.997705 0.000576
0.995923 0.001023
0.993634 0.001596
0.990841 0.002296
0.987547 0.003120
0.983754 0.004066
0.979467 0.005132
0.974688 0.006314
0.969422 0.007608
0.963674 0.009008
0.957446 0.010507
0.950745 0.012095
0.943575 0.013764
0.935943 0.015511
0.927857 0.017336
0.919326 0.019243
0.910362 0.021239
0.900975 0.023332
0.891179 0.025533
0.880984 0.027845
0.870401 0.030263
0.859438 0.032785
0.848108 0.035405
0.836420 0.038119
0.824386 0.040920
0.812017 0.043802
0.799323 0.046758
0.786316 0.049776
0.773006 0.052841
0.759405 0.055937
0.745522 0.059042
0.731368 0.062135
0.716954 0.065193
0.702290 0.068193
0.687388 0.071112
0.672263 0.073956
0.656936 0.076743
0.641426 0.079493
0.625753 0.082227
0.609939 0.084971
0.594005 0.087748
0.577967 0.090558
0.561837 0.093364
0.545624 0.096126
0.529339 0.098801
0.512992 0.101349
0.496592 0.103728
0.480153 0.105904
0.463694 0.107866
0.447234 0.109604
0.430793 0.111112
0.414392 0.112383
0.398050 0.113410
0.381787 0.114190
0.365622 0.114724
0.349573 0.115012
0.333661 0.115058
0.317903 0.114863
0.302317 0.114434
0.286922 0.113773
0.271742 0.112871
0.256801 0.111714
0.242121 0.110291
0.227725 0.108596
0.213634 0.106625
0.199867 0.104377
0.186444 0.101855
0.173383 0.099067
0.160706 0.096024
0.148429 0.092741
0.136571 0.089231
0.125153 0.085509
0.114196 0.081589
0.103716 0.077491
0.093724 0.073242
0.084202 0.068924
0.075118 0.064646
0.066461 0.060468
0.058276 0.056309
0.050610 0.052085
0.043496 0.047759
0.036952 0.043394
0.030986 0.039067
0.025596 0.034846
0.020759 0.030771
0.016409 0.026803
0.012479 0.022908
0.008974 0.019106
0.006046 0.015477
0.003775 0.012102
0.002147 0.009048
0.001080 0.006375
0.000457 0.004127
0.000148 0.002342
0.000030 0.001047
0.000002 0.000263
0.000000 0.000000
0.000003 -0.000253
0.000052 -0.001007
0.000256 -0.002240
0.000781 -0.003912
0.001822 -0.005960
0.003564 -0.008281
0.006139 -0.010726
0.009565 -0.013081
0.013688 -0.015056
0.018296 -0.016437
0.023376 -0.017383
0.028950 -0.018285
0.035025 -0.019323
0.041593 -0.020447
0.048638 -0.021578
0.056140 -0.022611
0.064090 -0.023500
0.072485 -0.024230
0.081322 -0.024794
0.090591 -0.025218
0.100277 -0.025559
0.110361 -0.025875
0.120832 -0.026173
0.131681 -0.026447
0.142898 -0.026690
0.154472 -0.026892
0.166392 -0.027046
0.178646 -0.027135
0.191221 -0.027146
0.204101 -0.027062
0.217275 -0.026874
0.230728 -0.026588
0.244448 -0.026213
0.258419 -0.025761
0.272629 -0.025244
0.287063 -0.024678
0.301706 -0.024080
0.316545 -0.023462
0.331563 -0.022824
0.346746 -0.022166
0.362078 -0.021483
0.377545 -0.020773
0.393130 -0.020034
0.408817 -0.019263
0.424592 -0.018459
0.440437 -0.017624
0.456337 -0.016759
0.472276 -0.015865
0.488238 -0.014944
0.504206 -0.013999
0.520165 -0.013033
0.536099 -0.012059
0.551993 -0.011091
0.567831 -0.010140
0.583600 -0.009219
0.599282 -0.008339
0.614863 -0.007511
0.630327 -0.006736
0.645658 -0.006016
0.660841 -0.005349
0.675860 -0.004737
0.690700 -0.004177
0.705346 -0.003670
0.719782 -0.003214
0.733994 -0.002806
0.747967 -0.002443
0.761688 -0.002122
0.775142 -0.001840
0.788315 -0.001594
0.801195 -0.001381
0.813767 -0.001199
0.826020 -0.001043
0.837940 -0.000910
0.849517 -0.000797
0.860737 -0.000702
0.871590 -0.000620
0.882065 -0.000551
0.892151 -0.000492
0.901838 -0.000441
0.911117 -0.000396
0.919977 -0.000356
0.928411 -0.000320
0.936409 -0.000287
0.943963 -0.000256
0.951066 -0.000225
0.957711 -0.000196
0.963891 -0.000169
0.969600 -0.000143
0.974831 -0.000119
0.979581 -0.000097
0.983843 -0.000077
0.987614 -0.000059
0.990890 -0.000043
0.993668 -0.000030
0.995944 -0.000019
0.997717 -0.000011
0.998985 -0.000005
0.999746 -0.000001
1.000000 0.000000