goe795
1.000000 0.000000
0.999751 0.000058
0.999003 0.000233
0.997757 0.000522
0.996014 0.000923
0.993775 0.001432
0.991041 0.002046
0.987813 0.002755
0.984093 0.003552
0.979883 0.004427
0.975186 0.005372
0.970005 0.006380
0.964344 0.007437
0.958205 0.008524
0.951594 0.009635
0.944521 0.010782
0.936994 0.011980
0.929025 0.013240
0.920622 0.014568
0.911792 0.015960
0.902545 0.017410
0.892887 0.018904
0.882828 0.020433
0.872377 0.021998
0.861545 0.023597
0.850343 0.025223
0.838781 0.026869
0.826870 0.028526
0.814620 0.030186
0.802045 0.031845
0.789156 0.033499
0.775967 0.035145
0.762490 0.036780
0.748741 0.038407
0.734734 0.040028
0.720482 0.041644
0.706001 0.043255
0.691306 0.044864
0.676412 0.046471
0.661332 0.048066
0.646081 0.049635
0.630674 0.051167
0.615125 0.052651
0.599449 0.054073
0.583662 0.055419
0.567778 0.056687
0.551815 0.057875
0.535789 0.058971
0.519715 0.059959
0.503610 0.060838
0.487492 0.061610
0.471376 0.062271
0.455281 0.062814
0.439223 0.063240
0.423219 0.063558
0.407287 0.063768
0.391442 0.063870
0.375701 0.063870
0.360082 0.063778
0.344600 0.063600
0.329271 0.063343
0.314111 0.063009
0.299136 0.062601
0.284360 0.062125
0.269800 0.061587
0.255470 0.060958
0.241390 0.060191
0.227575 0.059272
0.214042 0.058209
0.200805 0.057001
0.187881 0.055649
0.175282 0.054175
0.163019 0.052619
0.151101 0.051011
0.139538 0.049369
0.128344 0.047685
0.117537 0.045930
0.107131 0.044088
0.097141 0.042151
0.087580 0.040129
0.078456 0.038040
0.069780 0.035889
0.061562 0.033678
0.053832 0.031362
0.046619 0.028908
0.039877 0.026477
0.033552 0.024250
0.027708 0.022080
0.022434 0.019764
0.017756 0.017313
0.013670 0.014806
0.010158 0.012320
0.007195 0.009925
0.004765 0.007685
0.002848 0.005652
0.001457 0.003818
0.000555 0.002230
0.000123 0.001012
0.000008 0.000255
0.000000 0.000000
0.000009 -0.000252
0.000137 -0.000995
0.000609 -0.002185
0.001551 -0.003742
0.002985 -0.005524
0.005090 -0.007277
0.007985 -0.008803
0.011484 -0.010285
0.015437 -0.011838
0.019947 -0.013241
0.025048 -0.014390
0.030666 -0.015380
0.036760 -0.016296
0.043326 -0.017206
0.050360 -0.018085
0.057860 -0.018843
0.065819 -0.019431
0.074224 -0.019834
0.083061 -0.020077
0.092318 -0.020216
0.101983 -0.020308
0.112046 -0.020410
0.122497 -0.020524
0.133326 -0.020620
0.144522 -0.020654
0.156072 -0.020579
0.167965 -0.020389
0.180188 -0.020107
0.192729 -0.019776
0.205577 -0.019449
0.218719 -0.019127
0.232141 -0.018786
0.245830 -0.018446
0.259774 -0.018147
0.273957 -0.017881
0.288365 -0.017606
0.302983 -0.017309
0.317796 -0.016996
0.332790 -0.016673
0.347950 -0.016337
0.363260 -0.015994
0.378704 -0.015649
0.394268 -0.015302
0.409936 -0.014953
0.425691 -0.014601
0.441519 -0.014251
0.457403 -0.013905
0.473327 -0.013559
0.489275 -0.013214
0.505231 -0.012866
0.521180 -0.012515
0.537103 -0.012162
0.552987 -0.011810
0.568815 -0.011463
0.584571 -0.011123
0.600239 -0.010781
0.615803 -0.010433
0.631247 -0.010089
0.646557 -0.009756
0.661717 -0.009428
0.676711 -0.009102
0.691524 -0.008776
0.706141 -0.008452
0.720548 -0.008133
0.734731 -0.007823
0.748674 -0.007519
0.762364 -0.007220
0.775787 -0.006924
0.788930 -0.006632
0.801779 -0.006347
0.814321 -0.006074
0.826545 -0.005808
0.838436 -0.005546
0.849984 -0.005289
0.861177 -0.005042
0.872003 -0.004805
0.882452 -0.004579
0.892514 -0.004361
0.902177 -0.004150
0.911432 -0.003946
0.920271 -0.003749
0.928683 -0.003563
0.936661 -0.003393
0.944197 -0.003231
0.951282 -0.003056
0.957909 -0.002853
0.964070 -0.002607
0.969759 -0.002323
0.974970 -0.002019
0.979699 -0.001711
0.983941 -0.001408
0.987693 -0.001116
0.990950 -0.000841
0.993710 -0.000593
0.995972 -0.000387
0.997734 -0.000226
0.998993 -0.000104
0.999748 -0.000026
1.000000 -0.000000