goe746
1.000000 -0.000000
0.999739 0.000010
0.998958 0.000039
0.997656 0.000088
0.995835 0.000157
0.993497 0.000245
0.990645 0.000353
0.987280 0.000481
0.983408 0.000630
0.979031 0.000801
0.974153 0.000995
0.968781 0.001215
0.962920 0.001463
0.956575 0.001744
0.949754 0.002062
0.942463 0.002423
0.934710 0.002834
0.926504 0.003302
0.917854 0.003839
0.908769 0.004453
0.899258 0.005157
0.889334 0.005965
0.879007 0.006886
0.868289 0.007928
0.857194 0.009101
0.845734 0.010414
0.833923 0.011876
0.821777 0.013496
0.809309 0.015283
0.796536 0.017246
0.783473 0.019387
0.770133 0.021701
0.756526 0.024175
0.742667 0.026795
0.728565 0.029546
0.714235 0.032409
0.699686 0.035364
0.684932 0.038390
0.669985 0.041474
0.654858 0.044605
0.639565 0.047772
0.624119 0.050961
0.608533 0.054160
0.592822 0.057355
0.576998 0.060537
0.561079 0.063702
0.545079 0.066845
0.529014 0.069964
0.512901 0.073054
0.496754 0.076112
0.480590 0.079123
0.464418 0.082051
0.448252 0.084853
0.432100 0.087490
0.415976 0.089923
0.399891 0.092114
0.383858 0.094032
0.367897 0.095662
0.352031 0.096994
0.336282 0.098021
0.320671 0.098736
0.305219 0.099136
0.289947 0.099219
0.274877 0.098993
0.260030 0.098470
0.245429 0.097665
0.231093 0.096592
0.217042 0.095269
0.203293 0.093712
0.189866 0.091935
0.176779 0.089934
0.164051 0.087697
0.151698 0.085217
0.139738 0.082490
0.128204 0.079510
0.117126 0.076270
0.106530 0.072773
0.096438 0.069030
0.086843 0.065107
0.077713 0.061132
0.069023 0.057203
0.060811 0.053273
0.053135 0.049239
0.046032 0.045043
0.039506 0.040752
0.033538 0.036502
0.028107 0.032401
0.023189 0.028528
0.018721 0.024872
0.014607 0.021355
0.010796 0.017943
0.007428 0.014659
0.004713 0.011564
0.002713 0.008722
0.001378 0.006194
0.000588 0.004038
0.000192 0.002304
0.000039 0.001035
0.000002 0.000260
0.000000 0.000000
0.000005 -0.000251
0.000083 -0.000983
0.000409 -0.002136
0.001230 -0.003607
0.002812 -0.005258
0.005347 -0.006916
0.008854 -0.008376
0.013051 -0.009409
0.017470 -0.009830
0.022093 -0.009717
0.027120 -0.009389
0.032723 -0.009128
0.038892 -0.008924
0.045580 -0.008719
0.052714 -0.008421
0.060242 -0.007985
0.068174 -0.007474
0.076534 -0.006991
0.085342 -0.006615
0.094582 -0.006293
0.104231 -0.005932
0.114269 -0.005480
0.124687 -0.004954
0.135478 -0.004385
0.146634 -0.003813
0.158148 -0.003280
0.170008 -0.002793
0.182203 -0.002337
0.194718 -0.001889
0.207538 -0.001426
0.220651 -0.000941
0.234043 -0.000443
0.247701 0.000057
0.261612 0.000546
0.275762 0.001012
0.290138 0.001440
0.304726 0.001814
0.319511 0.002124
0.334478 0.002366
0.349611 0.002538
0.364896 0.002640
0.380316 0.002669
0.395854 0.002624
0.411496 0.002506
0.427225 0.002313
0.443025 0.002046
0.458879 0.001707
0.474771 0.001296
0.490685 0.000814
0.506605 0.000263
0.522514 -0.000352
0.538397 -0.001026
0.554238 -0.001752
0.570020 -0.002523
0.585729 -0.003333
0.601349 -0.004174
0.616864 -0.005036
0.632260 -0.005898
0.647522 -0.006737
0.662635 -0.007530
0.677586 -0.008258
0.692359 -0.008903
0.706941 -0.009446
0.721316 -0.009886
0.735471 -0.010229
0.749388 -0.010485
0.763056 -0.010661
0.776458 -0.010766
0.789580 -0.010807
0.802410 -0.010793
0.814934 -0.010728
0.827138 -0.010609
0.839010 -0.010434
0.850538 -0.010204
0.861709 -0.009918
0.872512 -0.009578
0.882937 -0.009186
0.892971 -0.008747
0.902606 -0.008263
0.911832 -0.007741
0.920639 -0.007188
0.929018 -0.006612
0.936961 -0.006020
0.944460 -0.005420
0.951508 -0.004818
0.958099 -0.004224
0.964226 -0.003648
0.969884 -0.003099
0.975068 -0.002583
0.979774 -0.002106
0.983997 -0.001672
0.987732 -0.001285
0.990977 -0.000947
0.993729 -0.000659
0.995983 -0.000422
0.997739 -0.000238
0.998995 -0.000106
0.999749 -0.000026
1.000000 0.000000