goe711
1.000000 0.014000
0.999748 0.014089
0.998990 0.014358
0.997729 0.014804
0.995966 0.015429
0.993701 0.016231
0.990939 0.017210
0.987680 0.018364
0.983929 0.019694
0.979689 0.021197
0.974965 0.022872
0.969762 0.024719
0.964085 0.026736
0.957940 0.028921
0.951334 0.031274
0.944273 0.033793
0.936763 0.036469
0.928807 0.039291
0.920409 0.042240
0.911573 0.045296
0.902298 0.048435
0.892588 0.051628
0.882447 0.054859
0.871883 0.058118
0.860907 0.061395
0.849529 0.064684
0.837760 0.067977
0.825613 0.071270
0.813101 0.074559
0.800237 0.077840
0.787037 0.081111
0.773513 0.084361
0.759678 0.087577
0.745543 0.090744
0.731122 0.093849
0.716427 0.096879
0.701473 0.099818
0.686273 0.102657
0.670845 0.105401
0.655208 0.108061
0.639379 0.110652
0.623380 0.113191
0.607229 0.115693
0.590947 0.118177
0.574551 0.120636
0.558053 0.123037
0.541468 0.125351
0.524808 0.127543
0.508087 0.129581
0.491317 0.131434
0.474517 0.133089
0.457706 0.134551
0.440903 0.135826
0.424131 0.136921
0.407407 0.137844
0.390753 0.138601
0.374187 0.139189
0.357726 0.139596
0.341387 0.139810
0.325186 0.139819
0.309142 0.139616
0.293270 0.139192
0.277592 0.138529
0.262136 0.137594
0.246929 0.136358
0.231995 0.134799
0.217360 0.132896
0.203045 0.130636
0.189073 0.128008
0.175482 0.125001
0.162312 0.121606
0.149596 0.117821
0.137361 0.113662
0.125608 0.109182
0.114335 0.104444
0.103540 0.099504
0.093229 0.094405
0.083540 0.089036
0.074657 0.083224
0.066634 0.076951
0.059209 0.070567
0.052116 0.064422
0.045179 0.058761
0.038508 0.053510
0.032318 0.048476
0.026756 0.043526
0.021903 0.038586
0.017659 0.033694
0.013865 0.028937
0.010422 0.024391
0.007409 0.020112
0.004948 0.016146
0.003068 0.012537
0.001735 0.009323
0.000869 0.006542
0.000367 0.004222
0.000119 0.002390
0.000024 0.001067
0.000002 0.000268
0.000000 -0.000000
0.000005 -0.000251
0.000073 -0.000989
0.000358 -0.002163
0.001083 -0.003690
0.002491 -0.005460
0.004779 -0.007330
0.008011 -0.009136
0.012021 -0.010690
0.016397 -0.011809
0.021034 -0.012447
0.026070 -0.012715
0.031665 -0.012784
0.037823 -0.012699
0.044505 -0.012511
0.051649 -0.012309
0.059196 -0.012173
0.067150 -0.012087
0.075526 -0.012015
0.084342 -0.011916
0.093588 -0.011791
0.103245 -0.011655
0.113295 -0.011519
0.123729 -0.011383
0.134536 -0.011245
0.145709 -0.011104
0.157238 -0.010958
0.169111 -0.010804
0.181316 -0.010645
0.193841 -0.010481
0.206671 -0.010313
0.219795 -0.010141
0.233198 -0.009967
0.246868 -0.009789
0.260790 -0.009608
0.274951 -0.009425
0.289336 -0.009238
0.303931 -0.009049
0.318722 -0.008857
0.333694 -0.008662
0.348830 -0.008466
0.364117 -0.008267
0.379539 -0.008066
0.395080 -0.007864
0.410724 -0.007661
0.426456 -0.007456
0.442261 -0.007250
0.458121 -0.007044
0.474021 -0.006838
0.489945 -0.006631
0.505877 -0.006424
0.521801 -0.006217
0.537702 -0.006010
0.553562 -0.005804
0.569366 -0.005598
0.585098 -0.005394
0.600742 -0.005190
0.616283 -0.004988
0.631705 -0.004788
0.646992 -0.004589
0.662128 -0.004392
0.677100 -0.004198
0.691891 -0.004005
0.706486 -0.003816
0.720872 -0.003629
0.735033 -0.003445
0.748956 -0.003264
0.762625 -0.003086
0.776028 -0.002912
0.789151 -0.002741
0.801981 -0.002574
0.814505 -0.002411
0.826709 -0.002253
0.838583 -0.002098
0.850114 -0.001949
0.861290 -0.001803
0.872100 -0.001663
0.882534 -0.001527
0.892580 -0.001396
0.902228 -0.001271
0.911470 -0.001151
0.920295 -0.001036
0.928695 -0.000927
0.936661 -0.000823
0.944186 -0.000726
0.951260 -0.000634
0.957879 -0.000548
0.964034 -0.000468
0.969720 -0.000394
0.974931 -0.000326
0.979662 -0.000264
0.983907 -0.000209
0.987664 -0.000160
0.990927 -0.000118
0.993693 -0.000082
0.995961 -0.000053
0.997727 -0.000030
0.998989 -0.000013
0.999747 -0.000003
1.000000 -0.000000