goe769
1.000000 0.000000
0.999738 0.000049
0.998954 0.000195
0.997647 0.000440
0.995819 0.000781
0.993472 0.001220
0.990609 0.001755
0.987232 0.002385
0.983344 0.003111
0.978950 0.003932
0.974053 0.004845
0.968660 0.005851
0.962774 0.006946
0.956402 0.008131
0.949551 0.009403
0.942226 0.010760
0.934435 0.012201
0.926187 0.013723
0.917489 0.015325
0.908350 0.017006
0.898780 0.018764
0.888787 0.020597
0.878383 0.022504
0.867578 0.024484
0.856382 0.026535
0.844807 0.028655
0.832865 0.030844
0.820568 0.033099
0.807929 0.035421
0.794961 0.037808
0.781676 0.040258
0.768089 0.042770
0.754212 0.045340
0.740061 0.047965
0.725649 0.050644
0.710990 0.053372
0.696100 0.056147
0.680993 0.058966
0.665684 0.061823
0.650189 0.064715
0.634521 0.067637
0.618697 0.070585
0.602733 0.073553
0.586642 0.076534
0.570441 0.079512
0.554140 0.082464
0.537755 0.085367
0.521297 0.088197
0.504781 0.090931
0.488220 0.093548
0.471631 0.096038
0.455030 0.098400
0.438437 0.100635
0.421869 0.102743
0.405345 0.104725
0.388881 0.106580
0.372495 0.108299
0.356205 0.109867
0.340026 0.111270
0.323975 0.112494
0.308069 0.113528
0.292325 0.114362
0.276761 0.114972
0.261396 0.115324
0.246249 0.115387
0.231341 0.115151
0.216689 0.114635
0.202312 0.113867
0.188228 0.112863
0.174462 0.111596
0.161043 0.110025
0.147994 0.108121
0.135340 0.105858
0.123113 0.103219
0.111343 0.100192
0.100052 0.096777
0.089269 0.092978
0.079052 0.088804
0.069453 0.084267
0.060510 0.079394
0.052247 0.074218
0.044675 0.068784
0.037793 0.063180
0.031586 0.057509
0.026036 0.051862
0.021112 0.046310
0.016778 0.040871
0.012992 0.035557
0.009720 0.030400
0.006984 0.025477
0.004789 0.020869
0.003106 0.016636
0.001882 0.012825
0.001044 0.009473
0.000515 0.006605
0.000215 0.004240
0.000069 0.002390
0.000014 0.001064
0.000001 0.000266
0.000000 0.000000
0.000002 -0.000256
0.000026 -0.001023
0.000131 -0.002303
0.000406 -0.004093
0.000968 -0.006375
0.001952 -0.009108
0.003495 -0.012210
0.005726 -0.015544
0.008746 -0.018895
0.012610 -0.021951
0.017312 -0.024379
0.022779 -0.026192
0.028856 -0.027627
0.035445 -0.028818
0.042536 -0.029750
0.050108 -0.030428
0.058142 -0.030870
0.066624 -0.031081
0.075544 -0.031069
0.084888 -0.030858
0.094644 -0.030486
0.104794 -0.030006
0.115325 -0.029457
0.126229 -0.028850
0.137498 -0.028196
0.149123 -0.027512
0.161097 -0.026810
0.173406 -0.026089
0.186038 -0.025338
0.198977 -0.024544
0.212209 -0.023698
0.225721 -0.022808
0.239501 -0.021892
0.253537 -0.020970
0.267815 -0.020058
0.282322 -0.019163
0.297042 -0.018291
0.311962 -0.017447
0.327066 -0.016633
0.342339 -0.015847
0.357765 -0.015089
0.373329 -0.014355
0.389014 -0.013643
0.404805 -0.012952
0.420686 -0.012280
0.436640 -0.011629
0.452652 -0.011000
0.468705 -0.010397
0.484783 -0.009820
0.500870 -0.009271
0.516950 -0.008752
0.533007 -0.008260
0.549024 -0.007794
0.564985 -0.007351
0.580874 -0.006928
0.596675 -0.006523
0.612372 -0.006135
0.627948 -0.005764
0.643389 -0.005411
0.658678 -0.005079
0.673801 -0.004769
0.688742 -0.004482
0.703486 -0.004220
0.718018 -0.003982
0.732324 -0.003763
0.746389 -0.003559
0.760198 -0.003366
0.773738 -0.003181
0.786996 -0.003000
0.799957 -0.002821
0.812608 -0.002641
0.824938 -0.002461
0.836933 -0.002285
0.848581 -0.002112
0.859871 -0.001944
0.870792 -0.001782
0.881332 -0.001628
0.891481 -0.001481
0.901228 -0.001343
0.910564 -0.001213
0.919480 -0.001091
0.927966 -0.000976
0.936013 -0.000868
0.943614 -0.000766
0.950762 -0.000670
0.957448 -0.000579
0.963666 -0.000495
0.969411 -0.000417
0.974675 -0.000346
0.979454 -0.000281
0.983743 -0.000222
0.987537 -0.000170
0.990834 -0.000125
0.993629 -0.000087
0.995919 -0.000056
0.997703 -0.000031
0.998979 -0.000014
0.999745 -0.000003
1.000000 -0.000000