goe798
1.000000 0.007500
0.999747 0.007601
0.998989 0.007903
0.997726 0.008407
0.995959 0.009111
0.993691 0.010016
0.990923 0.011119
0.987659 0.012420
0.983900 0.013917
0.979652 0.015608
0.974918 0.017491
0.969703 0.019563
0.964011 0.021821
0.957847 0.024261
0.951217 0.026879
0.944127 0.029670
0.936582 0.032628
0.928589 0.035746
0.920154 0.039019
0.911285 0.042438
0.901987 0.045994
0.892268 0.049678
0.882135 0.053478
0.871595 0.057381
0.860656 0.061375
0.849325 0.065443
0.837611 0.069570
0.825520 0.073738
0.813062 0.077929
0.800243 0.082122
0.787074 0.086299
0.773567 0.090457
0.759737 0.094595
0.745603 0.098717
0.731179 0.102826
0.716486 0.106928
0.701541 0.111030
0.686363 0.115138
0.670964 0.119232
0.655355 0.123282
0.639544 0.127260
0.623542 0.131132
0.607358 0.134868
0.591002 0.138434
0.574488 0.141803
0.557833 0.144951
0.541054 0.147856
0.524171 0.150495
0.507202 0.152846
0.490165 0.154891
0.473083 0.156620
0.455980 0.158034
0.438880 0.159136
0.421810 0.159928
0.404794 0.160416
0.387854 0.160607
0.371012 0.160512
0.354283 0.160149
0.337684 0.159533
0.321230 0.158683
0.304938 0.157616
0.288825 0.156346
0.272923 0.154842
0.257269 0.153050
0.241900 0.150923
0.226849 0.148420
0.212148 0.145507
0.197826 0.142156
0.183902 0.138381
0.170373 0.134276
0.157238 0.129942
0.144493 0.125467
0.132161 0.120874
0.120283 0.116117
0.108897 0.111159
0.098034 0.105974
0.087720 0.100560
0.077984 0.094942
0.068845 0.089155
0.060302 0.083239
0.052346 0.077238
0.044968 0.071196
0.038190 0.065152
0.032044 0.059146
0.026542 0.053217
0.021676 0.047406
0.017391 0.041740
0.013615 0.036244
0.010296 0.030953
0.007463 0.025931
0.005154 0.021242
0.003363 0.016940
0.002047 0.013068
0.001141 0.009660
0.000565 0.006740
0.000236 0.004330
0.000076 0.002442
0.000015 0.001087
0.000001 0.000272
0.000000 0.000000
0.000001 -0.000258
0.000019 -0.001030
0.000098 -0.002315
0.000304 -0.004107
0.000727 -0.006393
0.001471 -0.009151
0.002644 -0.012341
0.004353 -0.015902
0.006690 -0.019745
0.009717 -0.023741
0.013459 -0.027717
0.017917 -0.031497
0.023114 -0.034983
0.029055 -0.038107
0.035718 -0.040850
0.043048 -0.043240
0.050954 -0.045359
0.059337 -0.047271
0.068191 -0.048852
0.077527 -0.049908
0.087343 -0.050364
0.097603 -0.050449
0.108257 -0.050466
0.119283 -0.050504
0.130672 -0.050520
0.142418 -0.050467
0.154512 -0.050283
0.166946 -0.049940
0.179704 -0.049455
0.192774 -0.048859
0.206139 -0.048184
0.219786 -0.047455
0.233700 -0.046677
0.247869 -0.045858
0.262278 -0.045006
0.276916 -0.044130
0.291766 -0.043240
0.306817 -0.042347
0.322052 -0.041456
0.337457 -0.040565
0.353015 -0.039674
0.368711 -0.038779
0.384528 -0.037880
0.400451 -0.036974
0.416463 -0.036060
0.432547 -0.035137
0.448688 -0.034209
0.464870 -0.033277
0.481076 -0.032342
0.497291 -0.031406
0.513497 -0.030472
0.529679 -0.029539
0.545820 -0.028610
0.561905 -0.027685
0.577916 -0.026766
0.593838 -0.025853
0.609654 -0.024948
0.625350 -0.024050
0.640908 -0.023160
0.656313 -0.022276
0.671550 -0.021400
0.686603 -0.020529
0.701457 -0.019665
0.716096 -0.018808
0.730507 -0.017963
0.744676 -0.017135
0.758587 -0.016329
0.772228 -0.015547
0.785585 -0.014795
0.798644 -0.014074
0.811393 -0.013386
0.823818 -0.012723
0.835905 -0.012077
0.847643 -0.011439
0.859019 -0.010802
0.870020 -0.010164
0.880636 -0.009519
0.890856 -0.008866
0.900669 -0.008204
0.910065 -0.007535
0.919036 -0.006867
0.927573 -0.006206
0.935668 -0.005561
0.943313 -0.004935
0.950500 -0.004335
0.957223 -0.003764
0.963475 -0.003226
0.969250 -0.002724
0.974542 -0.002260
0.979347 -0.001837
0.983658 -0.001455
0.987472 -0.001116
0.990786 -0.000822
0.993596 -0.000571
0.995898 -0.000366
0.997691 -0.000206
0.998973 -0.000092
0.999743 -0.000023
1.000000 -0.000000