goe703
1.000000 0.000000
0.999745 0.000071
0.998978 0.000284
0.997702 0.000638
0.995917 0.001133
0.993626 0.001769
0.990829 0.002544
0.987530 0.003456
0.983732 0.004504
0.979438 0.005683
0.974652 0.006988
0.969376 0.008415
0.963615 0.009955
0.957372 0.011598
0.950652 0.013334
0.943457 0.015148
0.935796 0.017036
0.927674 0.018997
0.919102 0.021032
0.910090 0.023146
0.900651 0.025348
0.890795 0.027647
0.880535 0.030045
0.869880 0.032538
0.858842 0.035126
0.847431 0.037806
0.835660 0.040576
0.823539 0.043434
0.811082 0.046377
0.798300 0.049403
0.785206 0.052507
0.771812 0.055675
0.758126 0.058891
0.744161 0.062137
0.729927 0.065393
0.715435 0.068639
0.700694 0.071851
0.685717 0.075010
0.670518 0.078114
0.655116 0.081167
0.639527 0.084173
0.623769 0.087139
0.607861 0.090070
0.591820 0.092976
0.575664 0.095847
0.559406 0.098661
0.543057 0.101396
0.526633 0.104028
0.510145 0.106534
0.493608 0.108891
0.477037 0.111077
0.460450 0.113075
0.443865 0.114866
0.427302 0.116435
0.410778 0.117765
0.394311 0.118844
0.377921 0.119663
0.361629 0.120222
0.345453 0.120524
0.329413 0.120572
0.313530 0.120370
0.297821 0.119923
0.282307 0.119234
0.267012 0.118292
0.251958 0.117088
0.237169 0.115616
0.222666 0.113873
0.208468 0.111857
0.194594 0.109571
0.181062 0.107027
0.167892 0.104251
0.155098 0.101268
0.142696 0.098103
0.130697 0.094777
0.119111 0.091307
0.107947 0.087714
0.097212 0.084016
0.086950 0.080173
0.077257 0.076055
0.068205 0.071575
0.059743 0.066857
0.051781 0.062093
0.044263 0.057420
0.037255 0.052815
0.030845 0.048213
0.025091 0.043578
0.020013 0.038905
0.015579 0.034209
0.011747 0.029525
0.008499 0.024927
0.005861 0.020530
0.003820 0.016432
0.002323 0.012705
0.001293 0.009404
0.000640 0.006566
0.000268 0.004218
0.000086 0.002379
0.000017 0.001059
0.000001 0.000265
-0.000000 -0.000000
0.000001 -0.000260
0.000018 -0.001040
0.000090 -0.002340
0.000280 -0.004160
0.000672 -0.006492
0.001367 -0.009313
0.002474 -0.012585
0.004107 -0.016236
0.006375 -0.020159
0.009372 -0.024192
0.013170 -0.028115
0.017794 -0.031721
0.023192 -0.035022
0.029238 -0.038140
0.035864 -0.041133
0.043052 -0.044001
0.050768 -0.046764
0.058976 -0.049446
0.067667 -0.052026
0.076840 -0.054467
0.086488 -0.056745
0.096594 -0.058849
0.107139 -0.060778
0.118106 -0.062534
0.129480 -0.064121
0.141243 -0.065551
0.153376 -0.066843
0.165862 -0.068011
0.178685 -0.069059
0.191832 -0.069988
0.205288 -0.070807
0.219037 -0.071520
0.233066 -0.072136
0.247358 -0.072662
0.261900 -0.073112
0.276676 -0.073496
0.291669 -0.073831
0.306863 -0.074133
0.322242 -0.074406
0.337791 -0.074641
0.353494 -0.074829
0.369336 -0.074958
0.385299 -0.075017
0.401370 -0.074995
0.417531 -0.074883
0.433765 -0.074682
0.450056 -0.074393
0.466386 -0.074020
0.482740 -0.073565
0.499099 -0.073032
0.515448 -0.072423
0.531768 -0.071739
0.548044 -0.070978
0.564258 -0.070140
0.580393 -0.069225
0.596434 -0.068232
0.612364 -0.067162
0.628166 -0.066013
0.643823 -0.064781
0.659317 -0.063465
0.674634 -0.062062
0.689757 -0.060572
0.704669 -0.058994
0.719355 -0.057331
0.733799 -0.055582
0.747986 -0.053752
0.761900 -0.051843
0.775527 -0.049859
0.788852 -0.047807
0.801863 -0.045690
0.814546 -0.043517
0.826888 -0.041297
0.838878 -0.039042
0.850504 -0.036760
0.861756 -0.034464
0.872622 -0.032163
0.883093 -0.029868
0.893160 -0.027589
0.902813 -0.025337
0.912046 -0.023123
0.920851 -0.020962
0.929221 -0.018864
0.937151 -0.016842
0.944634 -0.014905
0.951665 -0.013062
0.958237 -0.011321
0.964346 -0.009689
0.969987 -0.008171
0.975154 -0.006775
0.979844 -0.005502
0.984053 -0.004356
0.987775 -0.003341
0.991009 -0.002458
0.993751 -0.001709
0.995997 -0.001095
0.997747 -0.000616
0.998998 -0.000274
0.999750 -0.000069
1.000000 0.000000