goe802
1.000004 0.002000
0.999749 0.002064
0.998983 0.002255
0.997708 0.002574
0.995924 0.003020
0.993634 0.003592
0.990839 0.004290
0.987544 0.005114
0.983750 0.006062
0.979462 0.007134
0.974684 0.008329
0.969421 0.009645
0.963678 0.011082
0.957461 0.012638
0.950777 0.014312
0.943632 0.016103
0.936034 0.018008
0.927989 0.020024
0.919506 0.022147
0.910592 0.024375
0.901256 0.026701
0.891506 0.029121
0.881352 0.031629
0.870803 0.034220
0.859869 0.036886
0.848559 0.039620
0.836884 0.042415
0.824854 0.045261
0.812480 0.048151
0.799773 0.051075
0.786744 0.054022
0.773405 0.056981
0.759768 0.059941
0.745845 0.062892
0.731648 0.065819
0.717190 0.068712
0.702485 0.071556
0.687546 0.074340
0.672387 0.077055
0.657023 0.079695
0.641472 0.082253
0.625748 0.084725
0.609868 0.087104
0.593850 0.089387
0.577709 0.091570
0.561463 0.093651
0.545127 0.095628
0.528721 0.097502
0.512260 0.099272
0.495761 0.100937
0.479244 0.102494
0.462723 0.103928
0.446217 0.105224
0.429743 0.106367
0.413319 0.107345
0.396961 0.108144
0.380687 0.108756
0.364514 0.109180
0.348459 0.109417
0.332541 0.109469
0.316775 0.109337
0.301179 0.109025
0.285771 0.108533
0.270573 0.107841
0.255608 0.106929
0.240900 0.105776
0.226470 0.104368
0.212337 0.102693
0.198522 0.100745
0.185040 0.098531
0.171905 0.096091
0.159128 0.093470
0.146720 0.090708
0.134696 0.087824
0.123075 0.084803
0.111877 0.081634
0.101117 0.078311
0.090814 0.074830
0.081016 0.071162
0.071767 0.067283
0.063066 0.063221
0.054868 0.059053
0.047133 0.054851
0.039914 0.050618
0.033344 0.046294
0.027514 0.041850
0.022464 0.037288
0.018086 0.032682
0.014200 0.028147
0.010688 0.023777
0.007610 0.019641
0.005090 0.015792
0.003163 0.012277
0.001794 0.009139
0.000903 0.006417
0.000384 0.004144
0.000126 0.002348
0.000027 0.001049
0.000002 0.000263
0.000000 0.000000
0.000004 -0.000253
0.000064 -0.001001
0.000321 -0.002217
0.000980 -0.003844
0.002272 -0.005784
0.004394 -0.007887
0.007443 -0.009922
0.011325 -0.011558
0.015710 -0.012375
0.020441 -0.012290
0.025579 -0.011674
0.031214 -0.011046
0.037355 -0.010488
0.043982 -0.009965
0.051068 -0.009412
0.058587 -0.008768
0.066531 -0.008040
0.074904 -0.007258
0.083706 -0.006453
0.092929 -0.005627
0.102560 -0.004771
0.112587 -0.003877
0.122998 -0.002944
0.133784 -0.001972
0.144935 -0.000961
0.156438 0.000088
0.168285 0.001171
0.180462 0.002275
0.192960 0.003387
0.205767 0.004491
0.218871 0.005576
0.232259 0.006631
0.245917 0.007648
0.259832 0.008618
0.273991 0.009532
0.288379 0.010379
0.302982 0.011148
0.317786 0.011833
0.332775 0.012431
0.347932 0.012940
0.363243 0.013360
0.378692 0.013691
0.394260 0.013933
0.409934 0.014088
0.425695 0.014165
0.441528 0.014181
0.457418 0.014153
0.473348 0.014099
0.489303 0.014037
0.505265 0.013985
0.521220 0.013950
0.537150 0.013916
0.553040 0.013869
0.568874 0.013793
0.584634 0.013673
0.600306 0.013496
0.615874 0.013252
0.631321 0.012945
0.646633 0.012586
0.661793 0.012182
0.676787 0.011743
0.691599 0.011277
0.706214 0.010791
0.720619 0.010290
0.734797 0.009771
0.748735 0.009236
0.762419 0.008682
0.775835 0.008110
0.788970 0.007520
0.801809 0.006913
0.814341 0.006292
0.826552 0.005668
0.838433 0.005051
0.849969 0.004450
0.861152 0.003873
0.871968 0.003326
0.882408 0.002813
0.892462 0.002340
0.902119 0.001907
0.911370 0.001516
0.920204 0.001157
0.928613 0.000826
0.936588 0.000518
0.944121 0.000227
0.951204 -0.000047
0.957830 -0.000306
0.963992 -0.000550
0.969684 -0.000776
0.974901 -0.000985
0.979636 -0.001176
0.983887 -0.001347
0.987647 -0.001499
0.990913 -0.001632
0.993683 -0.001744
0.995952 -0.001836
0.997720 -0.001908
0.998984 -0.001959
0.999743 -0.001990
0.999996 -0.002000