gu255118
1.000000 0.000000
0.999745 0.000093
0.998978 0.000373
0.997702 0.000838
0.995918 0.001489
0.993626 0.002324
0.990830 0.003343
0.987532 0.004545
0.983736 0.005928
0.979444 0.007490
0.974662 0.009229
0.969393 0.011142
0.963643 0.013226
0.957416 0.015477
0.950718 0.017892
0.943556 0.020464
0.935936 0.023192
0.927866 0.026075
0.919355 0.029110
0.910414 0.032300
0.901052 0.035644
0.891281 0.039144
0.881112 0.042802
0.870558 0.046619
0.859631 0.050598
0.848345 0.054740
0.836713 0.059046
0.824746 0.063511
0.812455 0.068124
0.799849 0.072877
0.786940 0.077758
0.773738 0.082755
0.760253 0.087858
0.746497 0.093051
0.732478 0.098321
0.718207 0.103648
0.703693 0.109015
0.688944 0.114399
0.673970 0.119777
0.658777 0.125121
0.643375 0.130405
0.627770 0.135595
0.611970 0.140655
0.595985 0.145545
0.579820 0.150223
0.563481 0.154633
0.546970 0.158720
0.530295 0.162400
0.513472 0.165522
0.496515 0.167927
0.479453 0.169543
0.462338 0.170490
0.445225 0.170914
0.428159 0.170916
0.411163 0.170513
0.394259 0.169715
0.377470 0.168538
0.360820 0.167006
0.344332 0.165141
0.328030 0.162963
0.311935 0.160487
0.296067 0.157726
0.280446 0.154694
0.265091 0.151406
0.250022 0.147875
0.235256 0.144118
0.220814 0.140146
0.206712 0.135972
0.192967 0.131612
0.179596 0.127077
0.166614 0.122384
0.154037 0.117546
0.141877 0.112581
0.130151 0.107501
0.118876 0.102319
0.108066 0.097050
0.097732 0.091712
0.087885 0.086322
0.078537 0.080898
0.069697 0.075459
0.061375 0.070021
0.053578 0.064599
0.046310 0.059211
0.039581 0.053882
0.033405 0.048637
0.027783 0.043508
0.022711 0.038525
0.018192 0.033705
0.014230 0.029057
0.010814 0.024602
0.007919 0.020374
0.005506 0.016414
0.003543 0.012770
0.002061 0.009502
0.001055 0.006665
0.000453 0.004298
0.000148 0.002431
0.000030 0.001085
0.000002 0.000272
0.000000 -0.000000
0.000004 -0.000254
0.000058 -0.001010
0.000284 -0.002253
0.000857 -0.003946
0.001959 -0.006015
0.003729 -0.008332
0.006187 -0.010690
0.009311 -0.012881
0.013137 -0.014794
0.017664 -0.016387
0.022829 -0.017711
0.028499 -0.018927
0.034596 -0.020121
0.041128 -0.021272
0.048115 -0.022354
0.055586 -0.023344
0.063541 -0.024238
0.071956 -0.025050
0.080802 -0.025808
0.090061 -0.026520
0.099730 -0.027183
0.109803 -0.027791
0.120273 -0.028344
0.131126 -0.028843
0.142350 -0.029290
0.153932 -0.029690
0.165859 -0.030046
0.178120 -0.030360
0.190701 -0.030631
0.203591 -0.030859
0.216777 -0.031046
0.230245 -0.031193
0.243981 -0.031297
0.257971 -0.031361
0.272202 -0.031384
0.286657 -0.031365
0.301324 -0.031303
0.316187 -0.031197
0.331231 -0.031049
0.346441 -0.030860
0.361801 -0.030631
0.377295 -0.030355
0.392908 -0.030022
0.408624 -0.029622
0.424426 -0.029151
0.440298 -0.028616
0.456225 -0.028021
0.472190 -0.027374
0.488177 -0.026687
0.504171 -0.025971
0.520156 -0.025235
0.536116 -0.024480
0.552035 -0.023711
0.567897 -0.022928
0.583686 -0.022137
0.599387 -0.021341
0.614983 -0.020545
0.630460 -0.019752
0.645801 -0.018965
0.660992 -0.018188
0.676017 -0.017422
0.690861 -0.016670
0.705510 -0.015934
0.719948 -0.015214
0.734161 -0.014513
0.748134 -0.013831
0.761855 -0.013168
0.775308 -0.012526
0.788480 -0.011906
0.801359 -0.011307
0.813931 -0.010731
0.826183 -0.010177
0.838103 -0.009648
0.849678 -0.009144
0.860899 -0.008663
0.871752 -0.008200
0.882226 -0.007746
0.892311 -0.007296
0.901997 -0.006845
0.911273 -0.006392
0.920130 -0.005932
0.928558 -0.005464
0.936549 -0.004987
0.944095 -0.004504
0.951187 -0.004016
0.957820 -0.003530
0.963987 -0.003054
0.969682 -0.002598
0.974901 -0.002167
0.979638 -0.001769
0.983889 -0.001405
0.987650 -0.001080
0.990916 -0.000796
0.993686 -0.000554
0.995956 -0.000355
0.997724 -0.000200
0.998988 -0.000089
0.999747 -0.000022
1.000000 -0.000000