hor04
1.000015 0.004521
0.999762 0.004532
0.999003 0.004563
0.997738 0.004616
0.995969 0.004690
0.993698 0.004787
0.990928 0.004911
0.987661 0.005065
0.983901 0.005260
0.979653 0.005507
0.974922 0.005821
0.969713 0.006203
0.964030 0.006640
0.957878 0.007111
0.951262 0.007600
0.944189 0.008112
0.936667 0.008662
0.928704 0.009251
0.920307 0.009861
0.911482 0.010472
0.902239 0.011084
0.892588 0.011714
0.882540 0.012377
0.872106 0.013076
0.861294 0.013796
0.850116 0.014524
0.838581 0.015253
0.826702 0.015984
0.814491 0.016719
0.801960 0.017466
0.789123 0.018232
0.775993 0.019020
0.762583 0.019826
0.748906 0.020648
0.734975 0.021476
0.720804 0.022296
0.706406 0.023073
0.691794 0.023799
0.676987 0.024541
0.662002 0.025344
0.646851 0.026144
0.631545 0.026861
0.616098 0.027439
0.600527 0.027898
0.584856 0.028451
0.569106 0.029217
0.553284 0.030002
0.537403 0.030719
0.521480 0.031406
0.505532 0.032048
0.489573 0.032623
0.473619 0.033133
0.457687 0.033548
0.441793 0.033851
0.425954 0.034109
0.410188 0.034409
0.394510 0.034789
0.378935 0.034979
0.363478 0.034850
0.348156 0.034668
0.332984 0.034515
0.317979 0.034314
0.303156 0.034055
0.288529 0.033755
0.274113 0.033436
0.259923 0.033098
0.245973 0.032724
0.232278 0.032297
0.218852 0.031806
0.205710 0.031251
0.192865 0.030639
0.180330 0.029966
0.168119 0.029236
0.156242 0.028465
0.144712 0.027666
0.133541 0.026834
0.122742 0.025943
0.112327 0.024998
0.102305 0.024019
0.092684 0.023032
0.083474 0.022040
0.074693 0.020972
0.066339 0.019923
0.058415 0.018933
0.050943 0.017913
0.043933 0.016838
0.037387 0.015765
0.031306 0.014718
0.025726 0.013560
0.020631 0.012412
0.016062 0.011145
0.012036 0.009766
0.008562 0.008315
0.005705 0.006727
0.003421 0.005154
0.001724 0.003650
0.000640 0.002189
0.000140 0.001001
0.000009 0.000253
0.000000 0.000000
0.000009 -0.000252
0.000138 -0.001002
0.000646 -0.002189
0.001801 -0.003581
0.003737 -0.004742
0.006390 -0.005528
0.009573 -0.006212
0.013304 -0.006622
0.017536 -0.006877
0.022258 -0.007051
0.027460 -0.007186
0.033139 -0.007231
0.039287 -0.007219
0.045897 -0.007211
0.052964 -0.007244
0.060479 -0.007305
0.068435 -0.007374
0.076824 -0.007437
0.085639 -0.007476
0.094869 -0.007495
0.104506 -0.007497
0.114540 -0.007468
0.124960 -0.007397
0.135757 -0.007327
0.146920 -0.007308
0.158436 -0.007280
0.170295 -0.007194
0.182485 -0.007134
0.194993 -0.007122
0.207807 -0.007103
0.220914 -0.007079
0.234301 -0.007056
0.247954 -0.007021
0.261860 -0.007026
0.276003 -0.006989
0.290368 -0.006693
0.304944 -0.006406
0.319716 -0.006234
0.334667 -0.006006
0.349782 -0.005687
0.365047 -0.005389
0.380448 -0.005140
0.395968 -0.004877
0.411590 -0.004560
0.427298 -0.004174
0.443077 -0.003742
0.458912 -0.003310
0.474787 -0.002889
0.490687 -0.002470
0.506594 -0.002040
0.522492 -0.001598
0.538368 -0.001192
0.554205 -0.000863
0.569987 -0.000560
0.585697 -0.000241
0.601319 0.000065
0.616839 0.000332
0.632240 0.000568
0.647507 0.000779
0.662624 0.000962
0.677576 0.001117
0.692349 0.001251
0.706926 0.001362
0.721294 0.001429
0.735438 0.001443
0.749344 0.001422
0.762997 0.001385
0.776383 0.001335
0.789490 0.001273
0.802304 0.001187
0.814812 0.001065
0.827001 0.000908
0.838859 0.000732
0.850374 0.000549
0.861535 0.000363
0.872330 0.000172
0.882749 -0.000031
0.892780 -0.000273
0.902412 -0.000574
0.911636 -0.000924
0.920444 -0.001278
0.928827 -0.001603
0.936778 -0.001903
0.944288 -0.002183
0.951349 -0.002449
0.957954 -0.002707
0.964097 -0.002961
0.969771 -0.003205
0.974970 -0.003434
0.979691 -0.003642
0.983927 -0.003827
0.987675 -0.003990
0.990931 -0.004131
0.993692 -0.004250
0.995954 -0.004348
0.997716 -0.004423
0.998976 -0.004478
0.999733 -0.004510
0.999985 -0.004521