hq158
1.000000 0.000000
0.999746 0.000028
0.998986 0.000113
0.997720 0.000254
0.995949 0.000451
0.993674 0.000705
0.990900 0.001015
0.987627 0.001384
0.983861 0.001812
0.979605 0.002301
0.974863 0.002856
0.969642 0.003481
0.963946 0.004177
0.957781 0.004942
0.951154 0.005774
0.944070 0.006669
0.936536 0.007618
0.928559 0.008612
0.920145 0.009640
0.911302 0.010703
0.902042 0.011813
0.892376 0.012989
0.882314 0.014229
0.871864 0.015515
0.861035 0.016840
0.849840 0.018210
0.838291 0.019630
0.826398 0.021098
0.814173 0.022602
0.801628 0.024133
0.788773 0.025679
0.775621 0.027234
0.762186 0.028796
0.748480 0.030362
0.734517 0.031929
0.720312 0.033489
0.705877 0.035034
0.691226 0.036555
0.676374 0.038046
0.661335 0.039505
0.646126 0.040927
0.630761 0.042309
0.615255 0.043640
0.599623 0.044910
0.583880 0.046108
0.568043 0.047229
0.552128 0.048268
0.536150 0.049221
0.520127 0.050086
0.504076 0.050859
0.488011 0.051538
0.471952 0.052126
0.455913 0.052627
0.439913 0.053044
0.423968 0.053384
0.408093 0.053655
0.392306 0.053865
0.376624 0.053993
0.361062 0.054028
0.345632 0.054123
0.330354 0.054124
0.315266 0.053371
0.300365 0.052510
0.285639 0.052574
0.271120 0.052646
0.256841 0.052044
0.242807 0.051309
0.229028 0.050666
0.215520 0.049968
0.202300 0.049177
0.189381 0.048316
0.176778 0.047373
0.164506 0.046327
0.152579 0.045170
0.141011 0.043902
0.129816 0.042528
0.119006 0.041054
0.108594 0.039488
0.098590 0.037839
0.089006 0.036116
0.079853 0.034324
0.071141 0.032470
0.062880 0.030561
0.055082 0.028601
0.047757 0.026599
0.040914 0.024561
0.034564 0.022487
0.028718 0.020383
0.023384 0.018266
0.018579 0.016129
0.014324 0.013961
0.010617 0.011818
0.007462 0.009700
0.004925 0.007610
0.002999 0.005610
0.001498 0.003768
0.000541 0.002197
0.000116 0.001001
0.000008 0.000254
0.000000 0.000000
0.000014 -0.000249
0.000214 -0.000956
0.000952 -0.002005
0.002427 -0.003229
0.004355 -0.004467
0.006780 -0.005736
0.009788 -0.007049
0.013308 -0.008351
0.017363 -0.009618
0.021947 -0.010795
0.027043 -0.011892
0.032633 -0.012947
0.038709 -0.013948
0.045263 -0.014888
0.052284 -0.015780
0.059762 -0.016635
0.067689 -0.017450
0.076057 -0.018223
0.084855 -0.018955
0.094073 -0.019647
0.103703 -0.020307
0.113732 -0.020937
0.124152 -0.021534
0.134951 -0.022094
0.146119 -0.022613
0.157644 -0.023089
0.169513 -0.023520
0.181716 -0.023904
0.194239 -0.024241
0.207070 -0.024538
0.220194 -0.024796
0.233600 -0.025015
0.247273 -0.025198
0.261199 -0.025350
0.275364 -0.025473
0.289754 -0.025566
0.304354 -0.025622
0.319150 -0.025632
0.334126 -0.025582
0.349268 -0.025467
0.364558 -0.025284
0.379983 -0.025031
0.395525 -0.024712
0.411170 -0.024336
0.426902 -0.023904
0.442703 -0.023415
0.458559 -0.022868
0.474453 -0.022264
0.490369 -0.021605
0.506290 -0.020892
0.522201 -0.020130
0.538086 -0.019319
0.553928 -0.018464
0.569712 -0.017567
0.585422 -0.016636
0.601042 -0.015675
0.616556 -0.014691
0.631951 -0.013697
0.647210 -0.012702
0.662320 -0.011718
0.677265 -0.010750
0.692030 -0.009800
0.706601 -0.008870
0.720963 -0.007965
0.735101 -0.007093
0.749003 -0.006259
0.762654 -0.005468
0.776041 -0.004724
0.789150 -0.004029
0.801968 -0.003383
0.814481 -0.002791
0.826679 -0.002260
0.838547 -0.001798
0.850075 -0.001418
0.861251 -0.001124
0.872063 -0.000902
0.882498 -0.000733
0.892547 -0.000612
0.902198 -0.000537
0.911443 -0.000497
0.920271 -0.000469
0.928673 -0.000431
0.936642 -0.000382
0.944169 -0.000333
0.951246 -0.000294
0.957866 -0.000267
0.964024 -0.000246
0.969711 -0.000225
0.974924 -0.000200
0.979656 -0.000172
0.983903 -0.000141
0.987660 -0.000111
0.990924 -0.000083
0.993691 -0.000058
0.995959 -0.000037
0.997726 -0.000021
0.998989 -0.000009
0.999747 -0.000002
1.000000 -0.000000