hq2012
1.000000 0.000000
0.999745 0.000041
0.998980 0.000162
0.997705 0.000365
0.995923 0.000648
0.993634 0.001013
0.990842 0.001459
0.987549 0.001988
0.983760 0.002602
0.979478 0.003304
0.974709 0.004099
0.969459 0.004993
0.963733 0.005986
0.957537 0.007075
0.950876 0.008255
0.943756 0.009516
0.936182 0.010851
0.928161 0.012247
0.919699 0.013691
0.910804 0.015186
0.901489 0.016749
0.891767 0.018399
0.881647 0.020136
0.871138 0.021945
0.860251 0.023823
0.848998 0.025786
0.837395 0.027845
0.825450 0.029989
0.813174 0.032200
0.800575 0.034458
0.787663 0.036740
0.774449 0.039039
0.760946 0.041348
0.747168 0.043662
0.733128 0.045974
0.718839 0.048273
0.704313 0.050548
0.689564 0.052786
0.674608 0.054981
0.659458 0.057133
0.644131 0.059238
0.628643 0.061290
0.613007 0.063274
0.597237 0.065175
0.581350 0.066978
0.565361 0.068675
0.549286 0.070258
0.533142 0.071718
0.516945 0.073051
0.500714 0.074250
0.484465 0.075313
0.468216 0.076237
0.451984 0.077023
0.435787 0.077674
0.419642 0.078192
0.403568 0.078581
0.387581 0.078845
0.371698 0.078991
0.355937 0.079016
0.340313 0.078902
0.324845 0.078637
0.309549 0.078219
0.294443 0.077656
0.279542 0.076965
0.264860 0.076169
0.250413 0.075296
0.236215 0.074363
0.222280 0.073354
0.208627 0.072249
0.195269 0.071033
0.182226 0.069691
0.169512 0.068204
0.157147 0.066556
0.145149 0.064736
0.133533 0.062745
0.122314 0.060594
0.111506 0.058295
0.101123 0.055866
0.091174 0.053325
0.081673 0.050679
0.072631 0.047940
0.064062 0.045117
0.055978 0.042220
0.048392 0.039262
0.041312 0.036257
0.034754 0.033209
0.028730 0.030130
0.023249 0.027038
0.018348 0.023915
0.014069 0.020742
0.010385 0.017611
0.007327 0.014524
0.004943 0.011518
0.003170 0.008707
0.001799 0.006183
0.000829 0.004024
0.000285 0.002291
0.000060 0.001027
0.000004 0.000258
-0.000000 0.000000
0.000007 -0.000253
0.000110 -0.001002
0.000514 -0.002207
0.001444 -0.003787
0.002966 -0.005594
0.004992 -0.007484
0.007598 -0.009474
0.010789 -0.011507
0.014545 -0.013536
0.018876 -0.015512
0.023782 -0.017356
0.029224 -0.019120
0.035177 -0.020823
0.041635 -0.022440
0.048586 -0.023970
0.056012 -0.025432
0.063902 -0.026831
0.072247 -0.028161
0.081034 -0.029422
0.090253 -0.030615
0.099893 -0.031738
0.109943 -0.032793
0.120391 -0.033778
0.131226 -0.034693
0.142436 -0.035536
0.154008 -0.036305
0.165931 -0.037001
0.178191 -0.037624
0.190775 -0.038178
0.203670 -0.038675
0.216862 -0.039124
0.230338 -0.039519
0.244083 -0.039861
0.258083 -0.040150
0.272325 -0.040390
0.286793 -0.040586
0.301473 -0.040732
0.316350 -0.040820
0.331408 -0.040839
0.346633 -0.040770
0.362008 -0.040584
0.377516 -0.040270
0.393142 -0.039833
0.408868 -0.039297
0.424680 -0.038672
0.440560 -0.037953
0.456491 -0.037134
0.472458 -0.036216
0.488443 -0.035205
0.504431 -0.034108
0.520405 -0.032931
0.536349 -0.031680
0.552246 -0.030359
0.568082 -0.028974
0.583840 -0.027534
0.599506 -0.026048
0.615063 -0.024525
0.630497 -0.022982
0.645795 -0.021436
0.660943 -0.019902
0.675925 -0.018390
0.690728 -0.016905
0.705336 -0.015450
0.719736 -0.014034
0.733914 -0.012664
0.747856 -0.011349
0.761548 -0.010097
0.774978 -0.008916
0.788131 -0.007812
0.800995 -0.006793
0.813557 -0.005861
0.825803 -0.005005
0.837721 -0.004227
0.849299 -0.003548
0.860526 -0.002983
0.871388 -0.002502
0.881874 -0.002070
0.891972 -0.001695
0.901672 -0.001406
0.910965 -0.001203
0.919840 -0.001034
0.928287 -0.000857
0.936298 -0.000664
0.943864 -0.000482
0.950978 -0.000331
0.957634 -0.000220
0.963825 -0.000141
0.969544 -0.000087
0.974785 -0.000051
0.979543 -0.000029
0.983814 -0.000016
0.987592 -0.000008
0.990874 -0.000004
0.993656 -0.000002
0.995937 -0.000001
0.997713 -0.000001
0.998983 -0.000000
0.999746 -0.000000
1.000000 -0.000000