hq2511
1.000000 0.000000
0.999745 0.000043
0.998982 0.000171
0.997710 0.000385
0.995930 0.000684
0.993647 0.001073
0.990861 0.001550
0.987575 0.002108
0.983791 0.002749
0.979516 0.003480
0.974754 0.004306
0.969510 0.005224
0.963791 0.006238
0.957603 0.007359
0.950956 0.008595
0.943855 0.009945
0.936308 0.011406
0.928321 0.012969
0.919900 0.014619
0.911049 0.016333
0.901773 0.018093
0.892079 0.019883
0.881979 0.021702
0.871484 0.023567
0.860610 0.025494
0.849369 0.027497
0.837775 0.029578
0.825837 0.031732
0.813567 0.033948
0.800975 0.036210
0.788070 0.038503
0.774862 0.040806
0.761364 0.043102
0.747587 0.045385
0.733545 0.047652
0.719254 0.049904
0.704729 0.052143
0.689983 0.054350
0.675027 0.056511
0.659879 0.058626
0.644554 0.060692
0.629065 0.062693
0.613428 0.064611
0.597657 0.066438
0.581768 0.068169
0.565778 0.069790
0.549701 0.071284
0.533555 0.072633
0.517354 0.073823
0.501119 0.074855
0.484866 0.075736
0.468614 0.076476
0.452382 0.077088
0.436187 0.077607
0.420048 0.078065
0.403981 0.078465
0.388002 0.078791
0.372127 0.078998
0.356372 0.079038
0.340755 0.078885
0.325295 0.078533
0.310008 0.078021
0.294911 0.077397
0.280016 0.076688
0.265340 0.075912
0.250898 0.075057
0.236707 0.074105
0.222783 0.073028
0.209145 0.071805
0.195806 0.070460
0.182779 0.069010
0.170083 0.067427
0.157737 0.065685
0.145752 0.063806
0.134142 0.061811
0.122921 0.059703
0.112102 0.057485
0.101698 0.055166
0.091722 0.052750
0.082192 0.050231
0.073123 0.047603
0.064535 0.044856
0.056446 0.041986
0.048878 0.038989
0.041851 0.035869
0.035385 0.032636
0.029482 0.029334
0.024131 0.026032
0.019311 0.022789
0.014998 0.019660
0.011199 0.016671
0.007928 0.013833
0.005186 0.011148
0.002970 0.008623
0.001413 0.006261
0.000552 0.004112
0.000168 0.002333
0.000032 0.001037
0.000002 0.000259
0.000000 0.000000
0.000010 -0.000253
0.000155 -0.001000
0.000695 -0.002175
0.001824 -0.003574
0.003577 -0.005023
0.005837 -0.006648
0.008541 -0.008490
0.011828 -0.010311
0.015759 -0.011972
0.020255 -0.013521
0.025272 -0.014975
0.030814 -0.016309
0.036869 -0.017523
0.043413 -0.018647
0.050431 -0.019694
0.057913 -0.020677
0.065848 -0.021604
0.074227 -0.022488
0.083037 -0.023337
0.092269 -0.024160
0.101912 -0.024966
0.111956 -0.025760
0.122391 -0.026539
0.133207 -0.027289
0.144394 -0.027977
0.155944 -0.028557
0.167844 -0.029026
0.180078 -0.029404
0.192634 -0.029727
0.205498 -0.030040
0.218655 -0.030350
0.232094 -0.030642
0.245802 -0.030889
0.259763 -0.031060
0.273966 -0.031158
0.288393 -0.031211
0.303031 -0.031236
0.317866 -0.031238
0.332881 -0.031189
0.348061 -0.031036
0.363390 -0.030754
0.378851 -0.030349
0.394429 -0.029835
0.410108 -0.029243
0.425872 -0.028593
0.441708 -0.027902
0.457597 -0.027171
0.473524 -0.026387
0.489473 -0.025539
0.505425 -0.024619
0.521365 -0.023624
0.537275 -0.022555
0.553141 -0.021417
0.568945 -0.020213
0.584673 -0.018953
0.600308 -0.017646
0.615837 -0.016303
0.631243 -0.014936
0.646512 -0.013559
0.661632 -0.012198
0.676589 -0.010875
0.691368 -0.009598
0.705955 -0.008373
0.720336 -0.007213
0.734496 -0.006126
0.748423 -0.005112
0.762099 -0.004166
0.775513 -0.003285
0.788648 -0.002466
0.801494 -0.001712
0.814035 -0.001030
0.826261 -0.000426
0.838158 0.000093
0.849714 0.000524
0.860918 0.000868
0.871756 0.001134
0.882218 0.001333
0.892293 0.001479
0.901969 0.001583
0.911237 0.001655
0.920088 0.001698
0.928512 0.001710
0.936502 0.001683
0.944048 0.001617
0.951143 0.001518
0.957779 0.001389
0.963951 0.001237
0.969651 0.001071
0.974874 0.000904
0.979616 0.000746
0.983872 0.000598
0.987636 0.000462
0.990907 0.000341
0.993679 0.000237
0.995952 0.000151
0.997721 0.000085
0.998987 0.000038
0.999747 0.000009
1.000000 -0.000000