hq3012
1.000000 -0.000000
0.999745 0.000051
0.998981 0.000202
0.997709 0.000455
0.995930 0.000808
0.993645 0.001262
0.990858 0.001818
0.987571 0.002477
0.983789 0.003241
0.979516 0.004113
0.974758 0.005101
0.969521 0.006209
0.963810 0.007438
0.957632 0.008784
0.950991 0.010242
0.943892 0.011801
0.936341 0.013450
0.928342 0.015177
0.919900 0.016966
0.911026 0.018818
0.901730 0.020749
0.892029 0.022780
0.881929 0.024901
0.871437 0.027090
0.860560 0.029330
0.849312 0.031630
0.837706 0.033998
0.825753 0.036427
0.813463 0.038908
0.800846 0.041423
0.787912 0.043953
0.774672 0.046491
0.761140 0.049034
0.747330 0.051578
0.733255 0.054119
0.718928 0.056641
0.704361 0.059131
0.689567 0.061572
0.674561 0.063958
0.659359 0.066287
0.643976 0.068560
0.628428 0.070769
0.612728 0.072894
0.596892 0.074916
0.580934 0.076819
0.564870 0.078594
0.548718 0.080235
0.532494 0.081736
0.516216 0.083092
0.499901 0.084297
0.483568 0.085347
0.467233 0.086244
0.450916 0.086992
0.434634 0.087595
0.418405 0.088058
0.402247 0.088385
0.386177 0.088581
0.370213 0.088646
0.354371 0.088575
0.338668 0.088359
0.323123 0.087986
0.307753 0.087450
0.292573 0.086770
0.277601 0.085963
0.262852 0.085041
0.248342 0.084005
0.234086 0.082850
0.220103 0.081558
0.206410 0.080117
0.193022 0.078530
0.179957 0.076798
0.167229 0.074921
0.154854 0.072909
0.142843 0.070780
0.131213 0.068526
0.119985 0.066130
0.109174 0.063587
0.098795 0.060906
0.088864 0.058095
0.079397 0.055154
0.070409 0.052088
0.061915 0.048906
0.053932 0.045624
0.046470 0.042262
0.039539 0.038840
0.033146 0.035377
0.027305 0.031894
0.022023 0.028417
0.017321 0.024950
0.013211 0.021519
0.009685 0.018176
0.006788 0.014905
0.004560 0.011764
0.002904 0.008854
0.001623 0.006263
0.000740 0.004065
0.000253 0.002309
0.000053 0.001033
0.000003 0.000259
0.000000 0.000000
0.000009 -0.000252
0.000133 -0.000994
0.000616 -0.002170
0.001698 -0.003672
0.003381 -0.005313
0.005567 -0.006984
0.008327 -0.008754
0.011646 -0.010545
0.015527 -0.012301
0.019986 -0.013932
0.025010 -0.015383
0.030550 -0.016749
0.036592 -0.018034
0.043127 -0.019213
0.050142 -0.020301
0.057622 -0.021331
0.065556 -0.022308
0.073934 -0.023230
0.082746 -0.024100
0.091982 -0.024920
0.101633 -0.025696
0.111686 -0.026434
0.122131 -0.027130
0.132958 -0.027784
0.144155 -0.028386
0.155712 -0.028927
0.167617 -0.029401
0.179855 -0.029817
0.192416 -0.030180
0.205285 -0.030490
0.218450 -0.030749
0.231896 -0.030965
0.245611 -0.031136
0.259579 -0.031257
0.273788 -0.031335
0.288222 -0.031387
0.302866 -0.031413
0.317707 -0.031410
0.332729 -0.031382
0.347916 -0.031292
0.363253 -0.031067
0.378722 -0.030699
0.394307 -0.030205
0.409993 -0.029612
0.425764 -0.028929
0.441602 -0.028151
0.457491 -0.027275
0.473416 -0.026305
0.489359 -0.025252
0.505305 -0.024130
0.521239 -0.022947
0.537145 -0.021706
0.553005 -0.020410
0.568805 -0.019064
0.584529 -0.017679
0.600163 -0.016265
0.615690 -0.014836
0.631097 -0.013407
0.646370 -0.011994
0.661495 -0.010612
0.676457 -0.009268
0.691240 -0.007967
0.705831 -0.006712
0.720215 -0.005509
0.734378 -0.004368
0.748306 -0.003296
0.761986 -0.002303
0.775404 -0.001396
0.788546 -0.000582
0.801399 0.000134
0.813949 0.000750
0.826184 0.001278
0.838090 0.001722
0.849654 0.002062
0.860865 0.002287
0.871711 0.002434
0.882179 0.002540
0.892259 0.002592
0.901940 0.002554
0.911212 0.002427
0.920065 0.002271
0.928493 0.002140
0.936485 0.002040
0.944034 0.001940
0.951132 0.001818
0.957771 0.001664
0.963944 0.001487
0.969646 0.001298
0.974871 0.001105
0.979614 0.000915
0.983870 0.000734
0.987635 0.000569
0.990906 0.000421
0.993679 0.000294
0.995951 0.000189
0.997721 0.000106
0.998987 0.000047
0.999747 0.000012
1.000000 0.000000