hq3011
1.000000 -0.000000
0.999746 0.000049
0.998984 0.000197
0.997714 0.000443
0.995938 0.000786
0.993658 0.001228
0.990877 0.001768
0.987596 0.002407
0.983821 0.003146
0.979555 0.003985
0.974803 0.004929
0.969570 0.005981
0.963863 0.007140
0.957687 0.008405
0.951048 0.009774
0.943952 0.011239
0.936403 0.012792
0.928408 0.014417
0.919970 0.016096
0.911100 0.017829
0.901810 0.019644
0.892117 0.021568
0.882030 0.023599
0.871556 0.025715
0.860702 0.027902
0.849480 0.030154
0.837900 0.032470
0.825971 0.034838
0.813705 0.037244
0.801110 0.039669
0.788196 0.042095
0.774975 0.044515
0.761461 0.046928
0.747668 0.049333
0.733611 0.051725
0.719302 0.054094
0.704754 0.056426
0.689981 0.058708
0.674996 0.060934
0.659816 0.063102
0.644457 0.065212
0.628934 0.067257
0.613262 0.069219
0.597454 0.071081
0.581527 0.072828
0.565496 0.074453
0.549379 0.075955
0.533193 0.077330
0.516955 0.078573
0.500683 0.079677
0.484393 0.080639
0.468104 0.081462
0.451834 0.082151
0.435599 0.082708
0.419418 0.083138
0.403308 0.083443
0.387286 0.083624
0.371369 0.083683
0.355575 0.083616
0.339919 0.083414
0.324420 0.083064
0.309095 0.082557
0.293960 0.081922
0.279029 0.081174
0.264321 0.080311
0.249850 0.079339
0.235631 0.078266
0.221682 0.077072
0.208019 0.075742
0.194659 0.074271
0.181618 0.072659
0.168911 0.070909
0.156553 0.069029
0.144556 0.067032
0.132937 0.064917
0.121713 0.062669
0.110900 0.060285
0.100514 0.057770
0.090567 0.055133
0.081076 0.052375
0.072055 0.049504
0.063516 0.046528
0.055476 0.043459
0.047947 0.040314
0.040936 0.037112
0.034455 0.033869
0.028513 0.030602
0.023121 0.027334
0.018295 0.024075
0.014053 0.020833
0.010387 0.017667
0.007333 0.014563
0.004949 0.011547
0.003182 0.008724
0.001811 0.006193
0.000836 0.004031
0.000288 0.002295
0.000060 0.001029
0.000004 0.000258
0.000000 0.000000
0.000011 -0.000251
0.000165 -0.000980
0.000752 -0.002111
0.002012 -0.003503
0.003833 -0.004957
0.006135 -0.006442
0.009010 -0.008022
0.012429 -0.009590
0.016401 -0.011111
0.020937 -0.012486
0.026015 -0.013696
0.031596 -0.014840
0.037669 -0.015907
0.044228 -0.016874
0.051259 -0.017761
0.058750 -0.018600
0.066691 -0.019393
0.075072 -0.020136
0.083885 -0.020833
0.093119 -0.021485
0.102765 -0.022100
0.112811 -0.022684
0.123247 -0.023233
0.134064 -0.023746
0.145249 -0.024218
0.156791 -0.024641
0.168679 -0.025015
0.180900 -0.025340
0.193442 -0.025622
0.206291 -0.025863
0.219434 -0.026066
0.232859 -0.026232
0.246551 -0.026357
0.260497 -0.026432
0.274682 -0.026469
0.289092 -0.026489
0.303712 -0.026487
0.318528 -0.026458
0.333524 -0.026410
0.348686 -0.026304
0.363997 -0.026075
0.379441 -0.025714
0.395000 -0.025240
0.410661 -0.024685
0.426408 -0.024054
0.442222 -0.023332
0.458087 -0.022505
0.473987 -0.021574
0.489906 -0.020559
0.505829 -0.019478
0.521740 -0.018346
0.537623 -0.017172
0.553464 -0.015963
0.569247 -0.014731
0.584957 -0.013501
0.600582 -0.012296
0.616105 -0.011134
0.631512 -0.010017
0.646787 -0.008942
0.661914 -0.007908
0.676879 -0.006924
0.691666 -0.006003
0.706262 -0.005154
0.720650 -0.004375
0.734817 -0.003647
0.748745 -0.002952
0.762421 -0.002275
0.775831 -0.001608
0.788959 -0.000947
0.801793 -0.000287
0.814321 0.000376
0.826528 0.001045
0.838403 0.001707
0.849938 0.002297
0.861123 0.002762
0.871947 0.003090
0.882397 0.003284
0.892460 0.003341
0.902125 0.003260
0.911380 0.003071
0.920217 0.002847
0.928629 0.002650
0.936607 0.002492
0.944143 0.002340
0.951228 0.002167
0.957854 0.001966
0.964016 0.001744
0.969707 0.001514
0.974922 0.001284
0.979655 0.001060
0.983903 0.000849
0.987660 0.000656
0.990924 0.000485
0.993692 0.000338
0.995960 0.000217
0.997726 0.000122
0.998989 0.000054
0.999747 0.000014
1.000000 0.000000