hq359
1.000000 0.000000
0.999747 0.000051
0.998988 0.000204
0.997725 0.000458
0.995958 0.000815
0.993689 0.001272
0.990921 0.001832
0.987657 0.002494
0.983900 0.003260
0.979655 0.004133
0.974927 0.005115
0.969722 0.006211
0.964045 0.007420
0.957901 0.008736
0.951295 0.010153
0.944232 0.011659
0.936717 0.013245
0.928757 0.014905
0.920358 0.016630
0.911528 0.018417
0.902279 0.020274
0.892621 0.022207
0.882565 0.024213
0.872116 0.026277
0.861286 0.028391
0.850085 0.030554
0.838524 0.032765
0.826615 0.035017
0.814367 0.037300
0.801791 0.039598
0.788897 0.041889
0.775696 0.044165
0.762202 0.046424
0.748429 0.048662
0.734390 0.050875
0.720099 0.053051
0.705570 0.055179
0.690815 0.057245
0.675849 0.059245
0.660690 0.061179
0.645351 0.063047
0.629851 0.064847
0.614202 0.066565
0.598422 0.068187
0.582524 0.069702
0.566526 0.071106
0.550445 0.072396
0.534298 0.073570
0.518101 0.074623
0.501872 0.075551
0.485629 0.076351
0.469387 0.077025
0.453166 0.077576
0.436981 0.078009
0.420852 0.078327
0.404794 0.078531
0.388825 0.078624
0.372961 0.078613
0.357219 0.078500
0.341617 0.078272
0.326169 0.077913
0.310895 0.077410
0.295810 0.076768
0.280931 0.076005
0.266272 0.075148
0.251846 0.074215
0.237669 0.073220
0.223757 0.072150
0.210124 0.070992
0.196788 0.069735
0.183763 0.068365
0.171069 0.066848
0.158725 0.065164
0.146745 0.063316
0.135147 0.061308
0.123945 0.059147
0.113152 0.056843
0.102783 0.054411
0.092848 0.051865
0.083361 0.049212
0.074337 0.046459
0.065785 0.043617
0.057719 0.040701
0.050148 0.037731
0.043080 0.034723
0.036529 0.031681
0.030508 0.028612
0.025032 0.025529
0.020105 0.022460
0.015720 0.019446
0.011883 0.016516
0.008591 0.013696
0.005861 0.010994
0.003769 0.008426
0.002181 0.006056
0.001023 0.003974
0.000356 0.002275
0.000075 0.001023
0.000005 0.000258
0.000000 0.000000
0.000018 -0.000247
0.000266 -0.000931
0.001156 -0.001887
0.002823 -0.002884
0.004885 -0.003775
0.007453 -0.004756
0.010563 -0.005777
0.014186 -0.006731
0.018339 -0.007598
0.023014 -0.008280
0.028188 -0.008847
0.033843 -0.009363
0.039975 -0.009802
0.046575 -0.010157
0.053635 -0.010458
0.061145 -0.010728
0.069097 -0.010967
0.077484 -0.011179
0.086296 -0.011367
0.095524 -0.011536
0.105159 -0.011691
0.115191 -0.011837
0.125610 -0.011978
0.136405 -0.012115
0.147566 -0.012237
0.159082 -0.012333
0.170940 -0.012402
0.183129 -0.012450
0.195636 -0.012477
0.208450 -0.012476
0.221556 -0.012450
0.234941 -0.012406
0.248593 -0.012347
0.262498 -0.012271
0.276640 -0.012179
0.291007 -0.012069
0.305583 -0.011936
0.320354 -0.011771
0.335305 -0.011557
0.350419 -0.011281
0.365683 -0.010936
0.381079 -0.010514
0.396592 -0.010024
0.412207 -0.009489
0.427908 -0.008913
0.443679 -0.008292
0.459505 -0.007620
0.475368 -0.006899
0.491254 -0.006136
0.507145 -0.005337
0.523027 -0.004508
0.538884 -0.003650
0.554699 -0.002764
0.570456 -0.001853
0.586141 -0.000928
0.601737 0.000004
0.617230 0.000932
0.632605 0.001844
0.647846 0.002727
0.662940 0.003572
0.677871 0.004371
0.692624 0.005121
0.707184 0.005818
0.721537 0.006457
0.735668 0.007031
0.749564 0.007535
0.763209 0.007963
0.776591 0.008308
0.789695 0.008564
0.802507 0.008724
0.815014 0.008792
0.827204 0.008783
0.839062 0.008702
0.850576 0.008529
0.861735 0.008256
0.872526 0.007922
0.882940 0.007563
0.892966 0.007167
0.902591 0.006707
0.911805 0.006188
0.920604 0.005661
0.928979 0.005169
0.936922 0.004715
0.944423 0.004276
0.951475 0.003834
0.958070 0.003385
0.964201 0.002939
0.969863 0.002507
0.975051 0.002096
0.979760 0.001713
0.983986 0.001362
0.987724 0.001048
0.990971 0.000773
0.993724 0.000538
0.995981 0.000345
0.997738 0.000194
0.998994 0.000086
0.999748 0.000022
1.000000 -0.000000