hq358
1.000000 -0.000000
0.999747 0.000049
0.998990 0.000197
0.997729 0.000444
0.995964 0.000788
0.993699 0.001231
0.990936 0.001773
0.987676 0.002413
0.983925 0.003154
0.979687 0.003998
0.974966 0.004947
0.969768 0.006005
0.964099 0.007171
0.957963 0.008438
0.951365 0.009800
0.944309 0.011243
0.936801 0.012761
0.928849 0.014349
0.920460 0.016002
0.911642 0.017718
0.902405 0.019498
0.892759 0.021346
0.882712 0.023256
0.872275 0.025221
0.861456 0.027231
0.850266 0.029282
0.838716 0.031368
0.826817 0.033488
0.814581 0.035641
0.802018 0.037808
0.789137 0.039962
0.775950 0.042095
0.762471 0.044205
0.748713 0.046293
0.734692 0.048355
0.720420 0.050381
0.705910 0.052360
0.691177 0.054277
0.676235 0.056128
0.661100 0.057913
0.645788 0.059636
0.630315 0.061292
0.614696 0.062870
0.598947 0.064356
0.583082 0.065739
0.567118 0.067017
0.551073 0.068186
0.534963 0.069246
0.518806 0.070194
0.502617 0.071026
0.486415 0.071742
0.470216 0.072341
0.454037 0.072826
0.437897 0.073200
0.421812 0.073467
0.405798 0.073633
0.389873 0.073704
0.374054 0.073675
0.358356 0.073542
0.342797 0.073312
0.327393 0.072975
0.312160 0.072503
0.297115 0.071906
0.282275 0.071204
0.267653 0.070406
0.253265 0.069529
0.239123 0.068600
0.225244 0.067608
0.211643 0.066532
0.198336 0.065355
0.185340 0.064062
0.172672 0.062634
0.160348 0.061060
0.148385 0.059335
0.136797 0.057461
0.125601 0.055444
0.114808 0.053295
0.104431 0.051029
0.094481 0.048664
0.084971 0.046207
0.075914 0.043659
0.067322 0.041028
0.059207 0.038326
0.051580 0.035569
0.044447 0.032777
0.037821 0.029954
0.031714 0.027102
0.026142 0.024235
0.021111 0.021374
0.016612 0.018560
0.012652 0.015821
0.009237 0.013175
0.006360 0.010640
0.004120 0.008214
0.002426 0.005944
0.001158 0.003923
0.000407 0.002256
0.000086 0.001018
0.000006 0.000257
0.000000 0.000000
0.000023 -0.000244
0.000328 -0.000888
0.001386 -0.001707
0.003193 -0.002469
0.005297 -0.003140
0.007945 -0.003920
0.011117 -0.004715
0.014786 -0.005445
0.018980 -0.006068
0.023680 -0.006513
0.028868 -0.006867
0.034534 -0.007173
0.040672 -0.007411
0.047274 -0.007578
0.054334 -0.007702
0.061841 -0.007801
0.069790 -0.007875
0.078172 -0.007927
0.086979 -0.007961
0.096201 -0.007983
0.105829 -0.008000
0.115854 -0.008016
0.126265 -0.008032
0.137053 -0.008045
0.148205 -0.008050
0.159712 -0.008042
0.171560 -0.008019
0.183739 -0.007984
0.196236 -0.007937
0.209039 -0.007872
0.222134 -0.007790
0.235508 -0.007692
0.249148 -0.007578
0.263041 -0.007444
0.277171 -0.007297
0.291526 -0.007139
0.306089 -0.006964
0.320848 -0.006762
0.335786 -0.006525
0.350888 -0.006242
0.366139 -0.005903
0.381523 -0.005504
0.397024 -0.005051
0.412628 -0.004558
0.428317 -0.004029
0.444078 -0.003462
0.459893 -0.002858
0.475747 -0.002219
0.491623 -0.001546
0.507506 -0.000845
0.523380 -0.000118
0.539229 0.000630
0.555037 0.001396
0.570789 0.002174
0.586468 0.002958
0.602060 0.003744
0.617548 0.004523
0.632918 0.005283
0.648155 0.006014
0.663244 0.006703
0.678170 0.007347
0.692918 0.007941
0.707473 0.008482
0.721820 0.008967
0.735945 0.009390
0.749834 0.009746
0.763472 0.010031
0.776846 0.010238
0.789941 0.010358
0.802743 0.010389
0.815240 0.010330
0.827419 0.010198
0.839266 0.009997
0.850768 0.009707
0.861914 0.009325
0.872693 0.008888
0.883095 0.008434
0.893108 0.007949
0.902721 0.007408
0.911924 0.006815
0.920710 0.006220
0.929074 0.005660
0.937006 0.005139
0.944498 0.004637
0.951540 0.004138
0.958126 0.003638
0.964249 0.003148
0.969903 0.002677
0.975084 0.002233
0.979787 0.001821
0.984007 0.001447
0.987740 0.001112
0.990983 0.000819
0.993732 0.000570
0.995986 0.000365
0.997741 0.000206
0.998995 0.000091
0.999749 0.000023
1.000000 0.000000