hs1712
0.999984 0.008950
0.999746 0.009061
0.999031 0.009392
0.997839 0.009943
0.996171 0.010710
0.994023 0.011683
0.991391 0.012841
0.988263 0.014150
0.984635 0.015593
0.980523 0.017197
0.975953 0.019015
0.970917 0.021009
0.965383 0.023085
0.959358 0.025242
0.952870 0.027533
0.945921 0.029941
0.938511 0.032444
0.930646 0.035037
0.922334 0.037712
0.913576 0.040445
0.904385 0.043241
0.894757 0.046051
0.884689 0.048827
0.874201 0.051593
0.863307 0.054350
0.852011 0.057067
0.840321 0.059716
0.828251 0.062300
0.815834 0.064907
0.803073 0.067488
0.789935 0.069790
0.776540 0.072359
0.762954 0.075460
0.748968 0.077941
0.734617 0.079869
0.720016 0.081760
0.705193 0.083717
0.690165 0.085800
0.674934 0.087906
0.659502 0.089918
0.643889 0.091877
0.628109 0.093757
0.612180 0.095562
0.596120 0.097323
0.579940 0.098955
0.563641 0.100305
0.547281 0.101800
0.530855 0.103208
0.514361 0.104295
0.497831 0.105211
0.481289 0.106036
0.464747 0.106652
0.448225 0.107132
0.431742 0.107479
0.415313 0.107662
0.398959 0.107698
0.382696 0.107580
0.366545 0.107203
0.350529 0.106517
0.334653 0.105815
0.318925 0.105336
0.303369 0.104846
0.288011 0.104116
0.272869 0.103156
0.257956 0.102035
0.243291 0.100753
0.228893 0.099286
0.214780 0.097624
0.200971 0.095764
0.187486 0.093705
0.174340 0.091453
0.161551 0.089015
0.149137 0.086394
0.137116 0.083593
0.125504 0.080616
0.114315 0.077482
0.103571 0.074186
0.093294 0.070724
0.083459 0.067201
0.074266 0.063203
0.065439 0.059404
0.057054 0.055707
0.049288 0.051700
0.041850 0.048041
0.035285 0.043832
0.029436 0.039342
0.023971 0.035155
0.019026 0.031102
0.014712 0.027051
0.011025 0.023073
0.007932 0.019249
0.005417 0.015622
0.003468 0.012239
0.002035 0.009164
0.001123 0.006437
0.000461 0.004175
0.000136 0.002365
0.000025 0.001052
0.000001 0.000263
0.000000 0.000000
0.000003 -0.000254
0.000035 -0.001018
0.000179 -0.002285
0.000581 -0.004017
0.001449 -0.006124
0.003017 -0.008418
0.005357 -0.010716
0.008460 -0.012869
0.012251 -0.014820
0.016684 -0.016553
0.021702 -0.018132
0.027254 -0.019523
0.033372 -0.020381
0.040001 -0.021015
0.047009 -0.022255
0.054509 -0.023153
0.062517 -0.023569
0.070945 -0.024092
0.079815 -0.024356
0.089107 -0.024494
0.098809 -0.024520
0.108910 -0.024423
0.119399 -0.024207
0.130264 -0.023874
0.141493 -0.023433
0.153075 -0.022885
0.164995 -0.022222
0.177244 -0.021456
0.189809 -0.020633
0.202681 -0.019772
0.215847 -0.018895
0.229298 -0.018055
0.243021 -0.017277
0.257002 -0.016568
0.271227 -0.015932
0.285681 -0.015369
0.300348 -0.014822
0.315208 -0.014208
0.330250 -0.013609
0.345463 -0.013157
0.360830 -0.012787
0.376328 -0.012258
0.391945 -0.011720
0.407668 -0.011219
0.423479 -0.010739
0.439364 -0.010297
0.455307 -0.009904
0.471291 -0.009543
0.487300 -0.009216
0.503317 -0.008913
0.519326 -0.008616
0.535312 -0.008328
0.551257 -0.008051
0.567146 -0.007774
0.582962 -0.007493
0.598690 -0.007214
0.614314 -0.006928
0.629818 -0.006635
0.645186 -0.006341
0.660404 -0.006047
0.675455 -0.005762
0.690325 -0.005505
0.705000 -0.005283
0.719464 -0.005096
0.733702 -0.004948
0.747701 -0.004842
0.761446 -0.004774
0.774923 -0.004734
0.788118 -0.004716
0.801019 -0.004709
0.813612 -0.004704
0.825884 -0.004710
0.837823 -0.004734
0.849417 -0.004772
0.860655 -0.004829
0.871524 -0.004908
0.882015 -0.005012
0.892116 -0.005139
0.901816 -0.005283
0.911108 -0.005436
0.919980 -0.005599
0.928425 -0.005771
0.936435 -0.005838
0.943998 -0.005991
0.951109 -0.006218
0.957763 -0.006355
0.963951 -0.006453
0.969667 -0.006582
0.974903 -0.006787
0.979651 -0.007078
0.983905 -0.007435
0.987665 -0.007797
0.990930 -0.008116
0.993700 -0.008376
0.995971 -0.008585
0.997739 -0.008745
0.999003 -0.008859
0.999763 -0.008927
1.000016 -0.008950