ht05
1.000000 0.001801
0.999747 0.001820
0.998989 0.001877
0.997727 0.001971
0.995962 0.002105
0.993696 0.002280
0.990931 0.002498
0.987670 0.002756
0.983916 0.003051
0.979672 0.003375
0.974942 0.003724
0.969732 0.004099
0.964046 0.004500
0.957890 0.004925
0.951269 0.005368
0.944192 0.005827
0.936663 0.006300
0.928692 0.006785
0.920286 0.007280
0.911453 0.007782
0.902202 0.008289
0.892543 0.008797
0.882484 0.009306
0.872037 0.009814
0.861212 0.010318
0.850019 0.010817
0.838470 0.011308
0.826575 0.011775
0.814348 0.012198
0.801798 0.012572
0.788940 0.012886
0.775787 0.013131
0.762351 0.013290
0.748648 0.013365
0.734690 0.013347
0.720494 0.013233
0.706074 0.013025
0.691445 0.012721
0.676623 0.012325
0.661622 0.011836
0.646458 0.011255
0.631148 0.010567
0.615717 0.011434
0.600163 0.012348
0.584502 0.013180
0.568750 0.013955
0.552923 0.014677
0.537038 0.015360
0.521111 0.016007
0.505159 0.016619
0.489197 0.017202
0.473243 0.017756
0.457312 0.018285
0.441420 0.018790
0.425584 0.019271
0.409819 0.019729
0.394142 0.020162
0.378567 0.020573
0.363112 0.020965
0.347792 0.021333
0.332621 0.021684
0.317616 0.022016
0.302791 0.022329
0.288162 0.022625
0.273743 0.022898
0.259549 0.023149
0.245594 0.023376
0.231891 0.023578
0.218456 0.023751
0.205301 0.023892
0.192439 0.023994
0.179885 0.024054
0.167649 0.024066
0.155746 0.024024
0.144187 0.023923
0.132984 0.023760
0.122150 0.023530
0.111694 0.023228
0.101630 0.022850
0.091968 0.022392
0.082719 0.021853
0.073894 0.021232
0.065502 0.020527
0.057555 0.019739
0.050062 0.018870
0.043033 0.017919
0.036479 0.016883
0.030411 0.015759
0.024841 0.014548
0.019779 0.013254
0.015241 0.011871
0.011245 0.010402
0.007818 0.008840
0.004989 0.007196
0.002807 0.005486
0.001299 0.003785
0.000443 0.002237
0.000091 0.001021
0.000006 0.000265
0.000000 0.000012
0.000006 -0.000241
0.000091 -0.000997
0.000443 -0.002213
0.001299 -0.003762
0.002807 -0.005462
0.004989 -0.007172
0.007818 -0.008816
0.011245 -0.010378
0.015241 -0.011848
0.019778 -0.013231
0.024840 -0.014525
0.030411 -0.015736
0.036479 -0.016860
0.043033 -0.017896
0.050062 -0.018847
0.057555 -0.019716
0.065502 -0.020504
0.073893 -0.021209
0.082719 -0.021831
0.091968 -0.022370
0.101630 -0.022828
0.111694 -0.023207
0.122149 -0.023508
0.132984 -0.023739
0.144187 -0.023903
0.155746 -0.024003
0.167649 -0.024045
0.179884 -0.024034
0.192439 -0.023975
0.205300 -0.023873
0.218455 -0.023732
0.231891 -0.023559
0.245593 -0.023357
0.259548 -0.023131
0.273743 -0.022880
0.288162 -0.022607
0.302791 -0.022312
0.317615 -0.021999
0.332621 -0.021667
0.347791 -0.021316
0.363112 -0.020949
0.378567 -0.020558
0.394141 -0.020147
0.409819 -0.019714
0.425583 -0.019257
0.441420 -0.018775
0.457311 -0.018271
0.473242 -0.017743
0.489197 -0.017189
0.505158 -0.016606
0.521110 -0.015994
0.537037 -0.015347
0.552922 -0.014665
0.568749 -0.013942
0.584502 -0.013169
0.600163 -0.012337
0.615717 -0.011423
0.631147 -0.010557
0.646458 -0.011245
0.661622 -0.011826
0.676623 -0.012315
0.691445 -0.012712
0.706074 -0.013015
0.720494 -0.013224
0.734690 -0.013339
0.748647 -0.013357
0.762351 -0.013283
0.775786 -0.013124
0.788940 -0.012880
0.801798 -0.012565
0.814347 -0.012192
0.826575 -0.011769
0.838469 -0.011302
0.850019 -0.010812
0.861211 -0.010313
0.872037 -0.009809
0.882484 -0.009302
0.892542 -0.008792
0.902202 -0.008285
0.911453 -0.007778
0.920286 -0.007276
0.928692 -0.006782
0.936663 -0.006297
0.944192 -0.005824
0.951269 -0.005364
0.957890 -0.004922
0.964046 -0.004497
0.969732 -0.004096
0.974942 -0.003721
0.979672 -0.003372
0.983916 -0.003048
0.987670 -0.002753
0.990931 -0.002495
0.993696 -0.002278
0.995962 -0.002103
0.997727 -0.001969
0.998989 -0.001875
0.999747 -0.001818
1.000000 -0.001799