isa571
1.000000 0.001378
0.999750 0.001440
0.999000 0.001628
0.997751 0.001940
0.996004 0.002376
0.993760 0.002934
0.991022 0.003611
0.987791 0.004404
0.984068 0.005303
0.979856 0.006303
0.975159 0.007398
0.969979 0.008581
0.964321 0.009847
0.958190 0.011188
0.951591 0.012598
0.944529 0.014070
0.937010 0.015596
0.929041 0.017165
0.920628 0.018770
0.911779 0.020406
0.902504 0.022069
0.892813 0.023763
0.882715 0.025480
0.872218 0.027207
0.861332 0.028938
0.850069 0.030668
0.838439 0.032388
0.826454 0.034100
0.814126 0.035796
0.801466 0.037468
0.788492 0.039136
0.775212 0.040778
0.761641 0.042387
0.747795 0.043977
0.733685 0.045532
0.719326 0.047055
0.704734 0.048547
0.689927 0.050031
0.674917 0.051504
0.659720 0.052942
0.644351 0.054352
0.628825 0.055729
0.613160 0.057084
0.597369 0.058403
0.581474 0.059747
0.565487 0.061057
0.549423 0.062318
0.533297 0.063534
0.517127 0.064696
0.500927 0.065787
0.484711 0.066753
0.468498 0.067629
0.452306 0.068433
0.436151 0.069152
0.420050 0.069814
0.404020 0.070391
0.388078 0.070953
0.372241 0.071460
0.356523 0.071890
0.340940 0.072240
0.325508 0.072504
0.310244 0.072662
0.295163 0.072719
0.280281 0.072699
0.265614 0.072542
0.251178 0.072252
0.236990 0.071804
0.223065 0.071197
0.209423 0.070398
0.196082 0.069369
0.183067 0.068060
0.170382 0.066590
0.158043 0.064982
0.146057 0.063275
0.134427 0.061556
0.123187 0.059681
0.112355 0.057643
0.101957 0.055396
0.092041 0.052832
0.082588 0.050108
0.073588 0.047317
0.065004 0.044618
0.056900 0.041849
0.049311 0.038957
0.042357 0.035715
0.035962 0.032380
0.030105 0.029028
0.024780 0.025706
0.019949 0.022502
0.015642 0.019392
0.011863 0.016395
0.008619 0.013529
0.005905 0.010828
0.003731 0.008309
0.002095 0.006011
0.000984 0.003984
0.000347 0.002294
0.000074 0.001029
0.000005 0.000258
0.000000 -0.000000
0.000017 -0.000251
0.000241 -0.000981
0.000968 -0.002035
0.002300 -0.003184
0.004233 -0.004368
0.006736 -0.005536
0.009795 -0.006661
0.013395 -0.007716
0.017530 -0.008656
0.022192 -0.009431
0.027372 -0.009906
0.033051 -0.010008
0.039199 -0.009918
0.045808 -0.009725
0.052873 -0.009618
0.060389 -0.009662
0.068347 -0.009577
0.076731 -0.009257
0.085516 -0.008517
0.094708 -0.007665
0.104314 -0.006887
0.114333 -0.006300
0.124742 -0.005781
0.135531 -0.005314
0.146686 -0.004870
0.158195 -0.004390
0.170046 -0.003902
0.182229 -0.003435
0.194732 -0.002997
0.207543 -0.002617
0.220648 -0.002296
0.234035 -0.002022
0.247687 -0.001763
0.261593 -0.001526
0.275738 -0.001318
0.290107 -0.001119
0.304686 -0.000914
0.319460 -0.000686
0.334414 -0.000473
0.349534 -0.000263
0.364803 -0.000064
0.380208 0.000125
0.395731 0.000304
0.411358 0.000481
0.427073 0.000643
0.442860 0.000790
0.458703 0.000925
0.474586 0.001042
0.490493 0.001143
0.506409 0.001204
0.522316 0.001226
0.538200 0.001238
0.554044 0.001238
0.569831 0.001241
0.585547 0.001229
0.601175 0.001231
0.616699 0.001254
0.632105 0.001288
0.647376 0.001316
0.662497 0.001337
0.677452 0.001356
0.692228 0.001364
0.706808 0.001367
0.721179 0.001364
0.735325 0.001340
0.749233 0.001312
0.762888 0.001276
0.776277 0.001224
0.789387 0.001166
0.802203 0.001083
0.814713 0.000977
0.826904 0.000855
0.838765 0.000740
0.850283 0.000612
0.861447 0.000488
0.872245 0.000363
0.882667 0.000245
0.892701 0.000125
0.902340 0.000019
0.911571 -0.000063
0.920387 -0.000155
0.928777 -0.000250
0.936734 -0.000348
0.944250 -0.000451
0.951317 -0.000558
0.957928 -0.000669
0.964075 -0.000787
0.969754 -0.000901
0.974959 -0.000996
0.979684 -0.001067
0.983925 -0.001121
0.987677 -0.001162
0.990936 -0.001194
0.993700 -0.001220
0.995965 -0.001239
0.997729 -0.001254
0.998990 -0.001265
0.999747 -0.001271
1.000000 -0.001273