isa961
1.000000 0.007359
0.999744 0.007407
0.998976 0.007551
0.997698 0.007790
0.995910 0.008127
0.993615 0.008565
0.990818 0.009109
0.987524 0.009773
0.983740 0.010578
0.979477 0.011548
0.974736 0.012673
0.969513 0.013910
0.963801 0.015206
0.957607 0.016558
0.950941 0.017982
0.943807 0.019473
0.936213 0.021019
0.928166 0.022620
0.919673 0.024269
0.910744 0.025973
0.901405 0.027817
0.891663 0.029781
0.881517 0.031810
0.870979 0.033915
0.860055 0.036074
0.848760 0.038290
0.837102 0.040561
0.825094 0.042877
0.812743 0.045221
0.800058 0.047559
0.787051 0.049895
0.773738 0.052228
0.760132 0.054568
0.746245 0.056889
0.732093 0.059200
0.717687 0.061487
0.703042 0.063733
0.688170 0.065932
0.673087 0.068080
0.657810 0.070176
0.642352 0.072205
0.626730 0.074173
0.610960 0.076077
0.595058 0.077900
0.579038 0.079633
0.562918 0.081284
0.546715 0.082843
0.530444 0.084299
0.514123 0.085653
0.497768 0.086886
0.481395 0.087986
0.465023 0.088978
0.448669 0.089846
0.432351 0.090600
0.416085 0.091236
0.399890 0.091777
0.383783 0.092227
0.367780 0.092573
0.351897 0.092784
0.336152 0.092870
0.320561 0.092823
0.305142 0.092641
0.289912 0.092293
0.274886 0.091801
0.260084 0.091147
0.245520 0.090341
0.231214 0.089356
0.217182 0.088207
0.203440 0.086884
0.190004 0.085417
0.176894 0.083760
0.164131 0.081892
0.151737 0.079787
0.139777 0.077236
0.128231 0.074458
0.117091 0.071557
0.106358 0.068594
0.095981 0.065805
0.085983 0.063143
0.076494 0.060192
0.067722 0.056506
0.059582 0.052462
0.051982 0.048328
0.044648 0.044658
0.037695 0.041235
0.031292 0.037757
0.025533 0.034112
0.020666 0.030055
0.016463 0.025979
0.012818 0.022039
0.009705 0.018291
0.007080 0.014795
0.004913 0.011590
0.003177 0.008712
0.001852 0.006188
0.000919 0.004049
0.000345 0.002317
0.000076 0.001038
0.000005 0.000260
-0.000000 -0.000000
0.000028 -0.000248
0.000367 -0.000937
0.001242 -0.001880
0.002626 -0.002959
0.004541 -0.004181
0.006971 -0.005500
0.009925 -0.006886
0.013394 -0.008326
0.017389 -0.009761
0.021906 -0.011165
0.026954 -0.012453
0.032530 -0.013561
0.038617 -0.014472
0.045199 -0.015164
0.052260 -0.015568
0.059784 -0.015545
0.067748 -0.015373
0.076144 -0.015133
0.084969 -0.015046
0.094209 -0.014894
0.103852 -0.014590
0.113878 -0.013965
0.124283 -0.013200
0.135056 -0.012309
0.146191 -0.011354
0.157681 -0.010400
0.169519 -0.009480
0.181688 -0.008546
0.194175 -0.007604
0.206971 -0.006675
0.220061 -0.005752
0.233433 -0.004843
0.247074 -0.003969
0.260969 -0.003113
0.275106 -0.002296
0.289471 -0.001521
0.304048 -0.000794
0.318823 -0.000128
0.333782 0.000475
0.348908 0.001026
0.364186 0.001528
0.379601 0.001957
0.395137 0.002335
0.410778 0.002611
0.426509 0.002793
0.442312 0.002932
0.458171 0.003026
0.474071 0.003089
0.489994 0.003126
0.505926 0.003154
0.521849 0.003200
0.537749 0.003241
0.553609 0.003274
0.569412 0.003289
0.585144 0.003287
0.600787 0.003276
0.616328 0.003268
0.631749 0.003249
0.647035 0.003206
0.662171 0.003157
0.677142 0.003090
0.691932 0.003001
0.706527 0.002890
0.720911 0.002729
0.735071 0.002543
0.748991 0.002349
0.762659 0.002160
0.776060 0.001962
0.789181 0.001771
0.802009 0.001583
0.814532 0.001449
0.826736 0.001350
0.838609 0.001248
0.850138 0.001142
0.861314 0.001033
0.872123 0.000923
0.882555 0.000794
0.892600 0.000663
0.902248 0.000535
0.911487 0.000343
0.920308 0.000086
0.928705 -0.000136
0.936668 -0.000321
0.944191 -0.000475
0.951265 -0.000591
0.957883 -0.000670
0.964038 -0.000715
0.969723 -0.000731
0.974934 -0.000722
0.979665 -0.000695
0.983910 -0.000656
0.987665 -0.000610
0.990928 -0.000564
0.993694 -0.000521
0.995961 -0.000484
0.997727 -0.000454
0.998989 -0.000433
0.999747 -0.000420
1.000000 -0.000416