ist-mt1-12
1.000000 0.000066
0.999757 0.000164
0.999030 0.000457
0.997818 0.000944
0.996123 0.001625
0.993945 0.002496
0.991285 0.003554
0.988144 0.004789
0.984519 0.006189
0.980410 0.007737
0.975815 0.009422
0.970741 0.011241
0.965192 0.013193
0.959174 0.015275
0.952692 0.017480
0.945752 0.019804
0.938362 0.022245
0.930528 0.024805
0.922262 0.027482
0.913571 0.030277
0.904465 0.033190
0.894954 0.036218
0.885048 0.039359
0.874755 0.042607
0.864086 0.045956
0.853048 0.049396
0.841651 0.052913
0.829901 0.056494
0.817807 0.060119
0.805377 0.063769
0.792617 0.067421
0.779536 0.071051
0.766142 0.074634
0.752445 0.078145
0.738453 0.081559
0.724178 0.084850
0.709633 0.087996
0.694831 0.090976
0.679788 0.093772
0.664520 0.096369
0.649045 0.098757
0.633381 0.100928
0.617547 0.102878
0.601564 0.104606
0.585451 0.106115
0.569229 0.107410
0.552916 0.108496
0.536533 0.109381
0.520100 0.110075
0.503635 0.110583
0.487157 0.110913
0.470684 0.111071
0.454236 0.111062
0.437830 0.110889
0.421485 0.110553
0.405219 0.110055
0.389049 0.109393
0.372994 0.108566
0.357072 0.107570
0.341301 0.106404
0.325700 0.105065
0.310287 0.103550
0.295080 0.101858
0.280098 0.099989
0.265357 0.097946
0.250877 0.095729
0.236673 0.093345
0.222764 0.090799
0.209165 0.088098
0.195891 0.085252
0.182958 0.082271
0.170380 0.079167
0.158171 0.075953
0.146342 0.072643
0.134906 0.069253
0.123874 0.065796
0.113255 0.062289
0.103060 0.058749
0.093295 0.055192
0.083970 0.051634
0.075091 0.048090
0.066664 0.044577
0.058698 0.041108
0.051196 0.037697
0.044167 0.034355
0.037615 0.031092
0.031549 0.027918
0.025977 0.024837
0.020908 0.021853
0.016355 0.018968
0.012332 0.016181
0.008859 0.013494
0.005958 0.010910
0.003654 0.008444
0.001964 0.006136
0.000871 0.004062
0.000289 0.002331
0.000058 0.001045
0.000004 0.000262
0.000000 0.000000
0.000004 -0.000255
0.000065 -0.001018
0.000323 -0.002266
0.000978 -0.003923
0.002212 -0.005847
0.004127 -0.007875
0.006737 -0.009878
0.010017 -0.011775
0.013925 -0.013526
0.018424 -0.015119
0.023481 -0.016554
0.029072 -0.017841
0.035174 -0.018995
0.041771 -0.020031
0.048848 -0.020966
0.056392 -0.021817
0.064392 -0.022595
0.072837 -0.023312
0.081717 -0.023972
0.091021 -0.024579
0.100741 -0.025130
0.110865 -0.025619
0.121384 -0.026036
0.132286 -0.026368
0.143560 -0.026601
0.155194 -0.026718
0.167174 -0.026703
0.179487 -0.026540
0.192119 -0.026215
0.205054 -0.025717
0.218278 -0.025039
0.231773 -0.024176
0.245526 -0.023128
0.259519 -0.021901
0.273739 -0.020501
0.288169 -0.018940
0.302797 -0.017235
0.317607 -0.015400
0.332587 -0.013457
0.347724 -0.011424
0.363004 -0.009322
0.378415 -0.007171
0.393943 -0.004992
0.409575 -0.002803
0.425298 -0.000621
0.441097 0.001537
0.456958 0.003658
0.472867 0.005729
0.488808 0.007738
0.504766 0.009676
0.520725 0.011535
0.536670 0.013305
0.552584 0.014981
0.568452 0.016556
0.584257 0.018025
0.599983 0.019382
0.615615 0.020623
0.631134 0.021744
0.646526 0.022741
0.661774 0.023613
0.676861 0.024358
0.691772 0.024977
0.706490 0.025470
0.721000 0.025841
0.735286 0.026092
0.749333 0.026230
0.763125 0.026261
0.776648 0.026190
0.789888 0.026025
0.802830 0.025773
0.815462 0.025439
0.827769 0.025030
0.839740 0.024549
0.851361 0.024001
0.862621 0.023385
0.873507 0.022704
0.884007 0.021956
0.894111 0.021139
0.903805 0.020251
0.913081 0.019292
0.921925 0.018261
0.930328 0.017157
0.938281 0.015985
0.945772 0.014751
0.952793 0.013460
0.959336 0.012124
0.965396 0.010764
0.970972 0.009405
0.976057 0.008059
0.980643 0.006736
0.984730 0.005454
0.988319 0.004240
0.991420 0.003137
0.994042 0.002175
0.996186 0.001375
0.997854 0.000746
0.999046 0.000295
0.999761 0.000024
1.000000 -0.000066