ist-mt1-21
1.000000 0.000216
0.999766 0.000347
0.999062 0.000739
0.997891 0.001392
0.996252 0.002303
0.994145 0.003469
0.991568 0.004880
0.988518 0.006522
0.984985 0.008371
0.980958 0.010396
0.976430 0.012571
0.971401 0.014879
0.965871 0.017306
0.959845 0.019836
0.953319 0.022443
0.946293 0.025101
0.938771 0.027793
0.930758 0.030501
0.922261 0.033212
0.913288 0.035914
0.903850 0.038597
0.893957 0.041257
0.883621 0.043892
0.872855 0.046502
0.861673 0.049091
0.850089 0.051666
0.838119 0.054236
0.825778 0.056811
0.813082 0.059405
0.800047 0.062032
0.786690 0.064705
0.773028 0.067440
0.759077 0.070252
0.744857 0.073153
0.730383 0.076155
0.715673 0.079269
0.700744 0.082499
0.685614 0.085851
0.670298 0.089323
0.654813 0.092910
0.639171 0.096603
0.623387 0.100387
0.607474 0.104242
0.591442 0.108145
0.575301 0.112067
0.559061 0.115974
0.542730 0.119830
0.526316 0.123594
0.509829 0.127223
0.493277 0.130672
0.476671 0.133896
0.460023 0.136849
0.443349 0.139486
0.426664 0.141767
0.409991 0.143655
0.393352 0.145118
0.376773 0.146131
0.360282 0.146679
0.343908 0.146751
0.327683 0.146350
0.311635 0.145482
0.295794 0.144163
0.280187 0.142414
0.264841 0.140261
0.249778 0.137732
0.235020 0.134858
0.220587 0.131667
0.206496 0.128189
0.192765 0.124451
0.179410 0.120479
0.166446 0.116297
0.153888 0.111925
0.141751 0.107385
0.130049 0.102696
0.118795 0.097876
0.108002 0.092946
0.097681 0.087925
0.087843 0.082833
0.078497 0.077692
0.069651 0.072525
0.061312 0.067354
0.053485 0.062203
0.046176 0.057094
0.039388 0.052048
0.033127 0.047085
0.027399 0.042226
0.022211 0.037487
0.017571 0.032884
0.013491 0.028435
0.009981 0.024159
0.007048 0.020082
0.004694 0.016238
0.002903 0.012676
0.001632 0.009453
0.000809 0.006634
0.000337 0.004273
0.000108 0.002412
0.000021 0.001073
0.000001 0.000268
0.000000 0.000000
0.000002 -0.000261
0.000024 -0.001042
0.000123 -0.002341
0.000386 -0.004143
0.000928 -0.006418
0.001875 -0.009108
0.003346 -0.012134
0.005428 -0.015398
0.008173 -0.018807
0.011597 -0.022280
0.015693 -0.025756
0.020441 -0.029195
0.025814 -0.032572
0.031786 -0.035874
0.038332 -0.039096
0.045428 -0.042233
0.053053 -0.045286
0.061192 -0.048250
0.069826 -0.051123
0.078943 -0.053897
0.088529 -0.056559
0.098573 -0.059097
0.109062 -0.061490
0.119984 -0.063715
0.131328 -0.065748
0.143078 -0.067560
0.155222 -0.069121
0.167742 -0.070401
0.180619 -0.071370
0.193833 -0.072003
0.207362 -0.072274
0.221182 -0.072166
0.235268 -0.071665
0.249596 -0.070764
0.264140 -0.069461
0.278876 -0.067765
0.293782 -0.065686
0.308837 -0.063244
0.324022 -0.060461
0.339321 -0.057367
0.354718 -0.053993
0.370203 -0.050374
0.385764 -0.046547
0.401393 -0.042551
0.417082 -0.038426
0.432825 -0.034212
0.448614 -0.029951
0.464444 -0.025683
0.480309 -0.021447
0.496201 -0.017283
0.512113 -0.013227
0.528035 -0.009315
0.543956 -0.005579
0.559866 -0.002047
0.575749 0.001253
0.591590 0.004303
0.607371 0.007084
0.623075 0.009587
0.638681 0.011806
0.654169 0.013742
0.669518 0.015401
0.684706 0.016794
0.699713 0.017936
0.714518 0.018849
0.729104 0.019554
0.743450 0.020075
0.757541 0.020438
0.771360 0.020667
0.784891 0.020785
0.798121 0.020812
0.811035 0.020765
0.823619 0.020657
0.835862 0.020498
0.847750 0.020291
0.859272 0.020037
0.870414 0.019733
0.881167 0.019371
0.891517 0.018944
0.901454 0.018441
0.910965 0.017851
0.920040 0.017165
0.928665 0.016377
0.936831 0.015482
0.944526 0.014484
0.951739 0.013383
0.958458 0.012189
0.964679 0.010927
0.970399 0.009625
0.975610 0.008302
0.980305 0.006971
0.984478 0.005652
0.988135 0.004382
0.991290 0.003213
0.993952 0.002188
0.996129 0.001331
0.997822 0.000657
0.999032 0.000172
0.999758 -0.000119
1.000000 -0.000216