k2
1.000007 0.000500
0.999761 0.000572
0.999025 0.000788
0.997798 0.001145
0.996079 0.001632
0.993864 0.002227
0.991154 0.002930
0.987958 0.003761
0.984280 0.004715
0.980116 0.005772
0.975470 0.006924
0.970346 0.008170
0.964748 0.009496
0.958675 0.010880
0.952132 0.012304
0.945122 0.013757
0.937652 0.015228
0.929728 0.016706
0.921359 0.018188
0.912553 0.019675
0.903322 0.021168
0.893672 0.022652
0.883612 0.024111
0.873151 0.025529
0.862300 0.026907
0.851071 0.028253
0.839479 0.029579
0.827537 0.030898
0.815256 0.032197
0.802646 0.033450
0.789720 0.034647
0.776490 0.035779
0.762969 0.036840
0.749173 0.037828
0.735116 0.038747
0.720813 0.039607
0.706279 0.040412
0.691530 0.041168
0.676581 0.041882
0.661447 0.042553
0.646144 0.043182
0.630687 0.043769
0.615093 0.044313
0.599376 0.044818
0.583553 0.045284
0.567640 0.045710
0.551654 0.046095
0.535610 0.046439
0.519524 0.046743
0.503413 0.047005
0.487294 0.047227
0.471182 0.047409
0.455095 0.047549
0.439047 0.047646
0.423056 0.047705
0.407137 0.047725
0.391308 0.047700
0.375583 0.047622
0.359979 0.047548
0.344512 0.047376
0.329201 0.046962
0.314055 0.046787
0.299089 0.046706
0.284324 0.046365
0.269772 0.046000
0.255449 0.045600
0.241369 0.045150
0.227547 0.044654
0.213996 0.044111
0.200731 0.043519
0.187765 0.042879
0.175112 0.042182
0.162786 0.041430
0.150799 0.040621
0.139164 0.039749
0.127894 0.038816
0.117002 0.037817
0.106498 0.036758
0.096394 0.035643
0.086702 0.034473
0.077431 0.033249
0.068594 0.031965
0.060205 0.030601
0.052287 0.029098
0.044860 0.027424
0.037934 0.025614
0.031523 0.023682
0.025611 0.021716
0.020200 0.019757
0.015350 0.017692
0.011062 0.015566
0.007346 0.013411
0.004257 0.011200
0.001986 0.008819
0.000762 0.006316
0.000280 0.004074
0.000085 0.002298
0.000018 0.001023
0.000003 0.000256
0.000000 0.000000
0.000000 -0.000257
0.000021 -0.001028
0.000096 -0.002310
0.000250 -0.004099
0.000615 -0.006377
0.001285 -0.009110
0.002480 -0.012203
0.004633 -0.015339
0.007976 -0.018063
0.012146 -0.020461
0.016984 -0.022625
0.022412 -0.024624
0.028383 -0.026510
0.034870 -0.028316
0.041856 -0.030054
0.049322 -0.031747
0.057257 -0.033402
0.065650 -0.035013
0.074491 -0.036580
0.083769 -0.038101
0.093475 -0.039574
0.103596 -0.041002
0.114121 -0.042381
0.125040 -0.043703
0.136340 -0.044958
0.148012 -0.046143
0.160041 -0.047256
0.172414 -0.048299
0.185119 -0.049273
0.198140 -0.050175
0.211466 -0.051001
0.225081 -0.051748
0.238972 -0.052422
0.253123 -0.053027
0.267520 -0.053560
0.282148 -0.054021
0.296992 -0.054413
0.312037 -0.054735
0.327266 -0.054988
0.342665 -0.055167
0.358218 -0.055272
0.373908 -0.055301
0.389719 -0.055252
0.405636 -0.055124
0.421641 -0.054915
0.437718 -0.054623
0.453850 -0.054240
0.470020 -0.053761
0.486210 -0.053183
0.502405 -0.052500
0.518587 -0.051707
0.534739 -0.050802
0.550843 -0.049779
0.566881 -0.048634
0.582837 -0.047366
0.598692 -0.045969
0.614429 -0.044442
0.630030 -0.042779
0.645478 -0.040982
0.660756 -0.039049
0.675847 -0.036984
0.690735 -0.034793
0.705404 -0.032484
0.719839 -0.030068
0.734025 -0.027557
0.747950 -0.024964
0.761602 -0.022310
0.774969 -0.019619
0.788044 -0.016916
0.800817 -0.014230
0.813282 -0.011593
0.825434 -0.009042
0.837269 -0.006619
0.848780 -0.004359
0.859959 -0.002284
0.870797 -0.000414
0.881284 0.001230
0.891408 0.002632
0.901156 0.003791
0.910513 0.004716
0.919465 0.005415
0.927998 0.005891
0.936097 0.006150
0.943752 0.006247
0.950957 0.006226
0.957688 0.006012
0.963927 0.005530
0.969670 0.004843
0.974927 0.004129
0.979700 0.003492
0.983973 0.002863
0.987730 0.002174
0.990976 0.001475
0.993725 0.000868
0.995978 0.000376
0.997734 -0.000006
0.998989 -0.000280
0.999742 -0.000445
0.999993 -0.000500