kc135b
1.000000 0.000000
0.999746 0.000040
0.998984 0.000162
0.997716 0.000364
0.995941 0.000647
0.993663 0.001010
0.990883 0.001453
0.987604 0.001976
0.983830 0.002577
0.979564 0.003257
0.974811 0.004015
0.969575 0.004850
0.963862 0.005760
0.957677 0.006746
0.951026 0.007806
0.943917 0.008940
0.936357 0.010145
0.928352 0.011421
0.919912 0.012766
0.911045 0.014179
0.901759 0.015660
0.892063 0.017205
0.881969 0.018814
0.871486 0.020485
0.860623 0.022217
0.849394 0.024007
0.837808 0.025853
0.825877 0.027755
0.813613 0.029710
0.801030 0.031716
0.788138 0.033771
0.774952 0.035874
0.761485 0.038020
0.747749 0.040208
0.733760 0.042436
0.719530 0.044702
0.705076 0.047009
0.690411 0.049354
0.675549 0.051722
0.660500 0.054086
0.645276 0.056414
0.629888 0.058685
0.614352 0.060888
0.598682 0.063015
0.582896 0.065056
0.567006 0.067000
0.551031 0.068836
0.534985 0.070553
0.518884 0.072140
0.502746 0.073588
0.486586 0.074888
0.470423 0.076032
0.454275 0.077017
0.438157 0.077836
0.422090 0.078487
0.406089 0.078964
0.390172 0.079265
0.374359 0.079384
0.358667 0.079318
0.343115 0.079065
0.327720 0.078645
0.312495 0.078106
0.297457 0.077492
0.282620 0.076827
0.268001 0.076084
0.253618 0.075236
0.239485 0.074257
0.225620 0.073147
0.212037 0.071914
0.198752 0.070568
0.185779 0.069117
0.173131 0.067566
0.160822 0.065921
0.148862 0.064189
0.137266 0.062370
0.126054 0.060444
0.115245 0.058395
0.104855 0.056212
0.094900 0.053892
0.085390 0.051446
0.076338 0.048896
0.067752 0.046262
0.059646 0.043549
0.052031 0.040765
0.044913 0.037925
0.038304 0.035048
0.032215 0.032161
0.026647 0.029294
0.021599 0.026477
0.017075 0.023715
0.013078 0.021015
0.009618 0.018396
0.006797 0.015855
0.004472 0.013429
0.002505 0.011194
0.001143 0.009224
0.000391 0.007594
0.000081 0.006373
0.000005 0.005616
-0.000000 0.005360
0.000002 0.005104
0.000025 0.004328
0.000130 0.003017
0.000417 0.001169
0.001034 -0.001166
0.002185 -0.003838
0.004140 -0.006535
0.007184 -0.008776
0.011050 -0.010647
0.015530 -0.012295
0.020600 -0.013729
0.026214 -0.015010
0.032320 -0.016223
0.038905 -0.017386
0.045959 -0.018524
0.053471 -0.019682
0.061428 -0.020888
0.069823 -0.022140
0.078647 -0.023430
0.087890 -0.024756
0.097543 -0.026117
0.107597 -0.027513
0.118042 -0.028941
0.128866 -0.030399
0.140061 -0.031883
0.151614 -0.033389
0.163514 -0.034911
0.175752 -0.036431
0.188317 -0.037929
0.201198 -0.039381
0.214385 -0.040767
0.227864 -0.042079
0.241621 -0.043311
0.255641 -0.044459
0.269910 -0.045523
0.284412 -0.046505
0.299132 -0.047409
0.314054 -0.048239
0.329163 -0.048978
0.344445 -0.049605
0.359883 -0.050100
0.375461 -0.050450
0.391162 -0.050652
0.406970 -0.050704
0.422866 -0.050603
0.438832 -0.050345
0.454852 -0.049926
0.470907 -0.049349
0.486981 -0.048622
0.503056 -0.047755
0.519115 -0.046757
0.535141 -0.045634
0.551118 -0.044389
0.567028 -0.043032
0.582858 -0.041589
0.598593 -0.040087
0.614220 -0.038551
0.629725 -0.037001
0.645093 -0.035454
0.660310 -0.033925
0.675362 -0.032419
0.690232 -0.030934
0.704907 -0.029470
0.719370 -0.028027
0.733607 -0.026606
0.747605 -0.025209
0.761348 -0.023838
0.774823 -0.022494
0.788017 -0.021177
0.800916 -0.019888
0.813507 -0.018630
0.825777 -0.017402
0.837715 -0.016208
0.849307 -0.015049
0.860543 -0.013927
0.871412 -0.012843
0.881902 -0.011796
0.892002 -0.010789
0.901702 -0.009820
0.910994 -0.008891
0.919866 -0.008004
0.928311 -0.007159
0.936320 -0.006358
0.943885 -0.005601
0.950998 -0.004890
0.957652 -0.004225
0.963840 -0.003607
0.969557 -0.003037
0.974796 -0.002514
0.979552 -0.002039
0.983821 -0.001614
0.987597 -0.001237
0.990878 -0.000910
0.993659 -0.000632
0.995939 -0.000405
0.997714 -0.000228
0.998984 -0.000101
0.999746 -0.000025
1.000000 0.000000