la2573a
1.000000 0.000000
0.999738 0.000010
0.998953 0.000039
0.997645 0.000086
0.995815 0.000149
0.993465 0.000222
0.990598 0.000294
0.987216 0.000370
0.983323 0.000466
0.978924 0.000594
0.974022 0.000756
0.968624 0.000959
0.962734 0.001207
0.956360 0.001505
0.949508 0.001857
0.942184 0.002267
0.934398 0.002740
0.926157 0.003281
0.917471 0.003894
0.908347 0.004581
0.898797 0.005348
0.888831 0.006198
0.878458 0.007135
0.867690 0.008161
0.856539 0.009277
0.845016 0.010488
0.833134 0.011795
0.820905 0.013201
0.808342 0.014706
0.795458 0.016311
0.782267 0.018018
0.768783 0.019828
0.755021 0.021741
0.740993 0.023757
0.726716 0.025875
0.712204 0.028094
0.697471 0.030412
0.682534 0.032829
0.667408 0.035342
0.652107 0.037948
0.636648 0.040645
0.621046 0.043428
0.605318 0.046294
0.589477 0.049236
0.573541 0.052248
0.557524 0.055323
0.541442 0.058457
0.525311 0.061642
0.509147 0.064872
0.492964 0.068138
0.476779 0.071430
0.460605 0.074738
0.444457 0.078048
0.428348 0.081342
0.412287 0.084584
0.396279 0.087704
0.380326 0.090626
0.364433 0.093274
0.348610 0.095568
0.332872 0.097440
0.317243 0.098862
0.301752 0.099842
0.286427 0.100397
0.271295 0.100548
0.256383 0.100308
0.241714 0.099695
0.227312 0.098727
0.213200 0.097426
0.199398 0.095813
0.185926 0.093910
0.172803 0.091739
0.160047 0.089317
0.147675 0.086663
0.135704 0.083794
0.124148 0.080732
0.113023 0.077496
0.102342 0.074099
0.092121 0.070560
0.082370 0.066900
0.073099 0.063142
0.064317 0.059310
0.056036 0.055418
0.048270 0.051477
0.041030 0.047503
0.034328 0.043509
0.028181 0.039507
0.022600 0.035513
0.017602 0.031543
0.013234 0.027580
0.009542 0.023630
0.006558 0.019735
0.004251 0.015981
0.002550 0.012470
0.001382 0.009290
0.000661 0.006509
0.000269 0.004185
0.000084 0.002358
0.000017 0.001049
0.000001 0.000262
0.000000 0.000000
0.000001 -0.000256
0.000016 -0.001026
0.000079 -0.002308
0.000254 -0.004095
0.000631 -0.006370
0.001336 -0.009093
0.002508 -0.012195
0.004289 -0.015574
0.006829 -0.019062
0.010290 -0.022400
0.014734 -0.025276
0.020083 -0.027448
0.026139 -0.028993
0.032758 -0.030117
0.039876 -0.031030
0.047471 -0.031787
0.055526 -0.032423
0.064028 -0.032969
0.072967 -0.033442
0.082332 -0.033857
0.092111 -0.034222
0.102296 -0.034544
0.112874 -0.034830
0.123836 -0.035085
0.135169 -0.035313
0.146863 -0.035518
0.158905 -0.035701
0.171283 -0.035864
0.183985 -0.036011
0.196997 -0.036141
0.210307 -0.036255
0.223901 -0.036355
0.237766 -0.036440
0.251887 -0.036511
0.266250 -0.036568
0.280841 -0.036610
0.295645 -0.036638
0.310648 -0.036651
0.325833 -0.036649
0.341186 -0.036631
0.356691 -0.036595
0.372333 -0.036541
0.388095 -0.036469
0.403963 -0.036377
0.419919 -0.036265
0.435949 -0.036131
0.452034 -0.035975
0.468161 -0.035795
0.484311 -0.035588
0.500469 -0.035356
0.516619 -0.035097
0.532743 -0.034809
0.548827 -0.034492
0.564853 -0.034143
0.580805 -0.033762
0.596668 -0.033348
0.612424 -0.032899
0.628058 -0.032414
0.643555 -0.031892
0.658898 -0.031332
0.674071 -0.030731
0.689059 -0.030087
0.703848 -0.029399
0.718420 -0.028667
0.732763 -0.027885
0.746859 -0.027049
0.760695 -0.026155
0.774256 -0.025203
0.787528 -0.024182
0.800490 -0.023038
0.813127 -0.021748
0.825431 -0.020378
0.837393 -0.018983
0.849004 -0.017583
0.860254 -0.016193
0.871133 -0.014826
0.881632 -0.013495
0.891740 -0.012208
0.901448 -0.010975
0.910748 -0.009800
0.919630 -0.008689
0.928086 -0.007648
0.936107 -0.006677
0.943686 -0.005779
0.950815 -0.004954
0.957486 -0.004203
0.963692 -0.003527
0.969427 -0.002922
0.974686 -0.002387
0.979461 -0.001920
0.983748 -0.001517
0.987543 -0.001177
0.990840 -0.000887
0.993634 -0.000633
0.995924 -0.000412
0.997706 -0.000234
0.998980 -0.000104
0.999745 -0.000026
1.000000 0.000000