lwk79100
1.000000 0.000000
0.999745 0.000017
0.998981 0.000067
0.997709 0.000150
0.995930 0.000266
0.993645 0.000416
0.990857 0.000599
0.987569 0.000819
0.983785 0.001075
0.979507 0.001358
0.974740 0.001667
0.969489 0.002011
0.963759 0.002390
0.957557 0.002797
0.950887 0.003231
0.943758 0.003694
0.936175 0.004185
0.928148 0.004704
0.919683 0.005248
0.910789 0.005814
0.901475 0.006400
0.891750 0.007007
0.881625 0.007636
0.871109 0.008290
0.860214 0.008971
0.848950 0.009680
0.837329 0.010417
0.825364 0.011191
0.813066 0.012008
0.800449 0.012873
0.787525 0.013789
0.774309 0.014759
0.760813 0.015787
0.747052 0.016878
0.733041 0.018035
0.718792 0.019253
0.704321 0.020529
0.689643 0.021867
0.674773 0.023273
0.659725 0.024738
0.644515 0.026255
0.629157 0.027816
0.613666 0.029413
0.598057 0.031037
0.582343 0.032674
0.566540 0.034300
0.550660 0.035890
0.534718 0.037430
0.518730 0.038907
0.502710 0.040311
0.486675 0.041631
0.470641 0.042857
0.454624 0.043981
0.438641 0.045004
0.422708 0.045935
0.406844 0.046774
0.391063 0.047518
0.375383 0.048168
0.359820 0.048729
0.344389 0.049196
0.329108 0.049565
0.313992 0.049826
0.299056 0.049967
0.284316 0.049990
0.269789 0.049903
0.255490 0.049712
0.241434 0.049420
0.227635 0.049036
0.214108 0.048570
0.200868 0.048019
0.187928 0.047370
0.175303 0.046624
0.163006 0.045790
0.151051 0.044862
0.139453 0.043832
0.128224 0.042701
0.117375 0.041480
0.106921 0.040167
0.096875 0.038758
0.087248 0.037250
0.078053 0.035650
0.069303 0.033958
0.061009 0.032178
0.053183 0.030312
0.045837 0.028369
0.038983 0.026350
0.032633 0.024261
0.026799 0.022115
0.021491 0.019921
0.016735 0.017665
0.012556 0.015342
0.008989 0.012961
0.006046 0.010562
0.003720 0.008217
0.002009 0.006000
0.000905 0.003981
0.000307 0.002279
0.000064 0.001020
0.000004 0.000255
-0.000000 0.000000
0.000004 -0.000255
0.000064 -0.001020
0.000307 -0.002279
0.000905 -0.003981
0.002009 -0.006000
0.003720 -0.008217
0.006046 -0.010562
0.008989 -0.012961
0.012556 -0.015342
0.016735 -0.017665
0.021491 -0.019921
0.026799 -0.022115
0.032633 -0.024261
0.038983 -0.026350
0.045837 -0.028369
0.053183 -0.030312
0.061009 -0.032178
0.069303 -0.033958
0.078053 -0.035650
0.087248 -0.037250
0.096875 -0.038758
0.106921 -0.040167
0.117375 -0.041480
0.128224 -0.042701
0.139453 -0.043832
0.151051 -0.044862
0.163006 -0.045790
0.175303 -0.046624
0.187928 -0.047370
0.200868 -0.048019
0.214108 -0.048570
0.227635 -0.049036
0.241434 -0.049420
0.255490 -0.049712
0.269789 -0.049903
0.284316 -0.049990
0.299056 -0.049967
0.313992 -0.049826
0.329108 -0.049565
0.344389 -0.049196
0.359820 -0.048729
0.375383 -0.048168
0.391063 -0.047518
0.406844 -0.046774
0.422708 -0.045935
0.438641 -0.045004
0.454624 -0.043981
0.470641 -0.042857
0.486675 -0.041631
0.502710 -0.040311
0.518730 -0.038907
0.534718 -0.037430
0.550660 -0.035890
0.566540 -0.034300
0.582343 -0.032674
0.598057 -0.031037
0.613666 -0.029413
0.629157 -0.027816
0.644515 -0.026255
0.659725 -0.024738
0.674773 -0.023273
0.689643 -0.021867
0.704321 -0.020529
0.718792 -0.019253
0.733041 -0.018035
0.747052 -0.016878
0.760813 -0.015787
0.774309 -0.014759
0.787525 -0.013789
0.800449 -0.012873
0.813066 -0.012008
0.825364 -0.011191
0.837329 -0.010417
0.848950 -0.009680
0.860214 -0.008971
0.871109 -0.008290
0.881625 -0.007636
0.891750 -0.007007
0.901475 -0.006400
0.910789 -0.005814
0.919683 -0.005248
0.928148 -0.004704
0.936175 -0.004185
0.943758 -0.003694
0.950887 -0.003231
0.957557 -0.002797
0.963759 -0.002390
0.969489 -0.002011
0.974740 -0.001667
0.979507 -0.001358
0.983785 -0.001075
0.987569 -0.000819
0.990857 -0.000599
0.993645 -0.000416
0.995930 -0.000266
0.997709 -0.000150
0.998981 -0.000067
0.999745 -0.000017
1.000000 0.000000