lwk80080
1.000000 0.000000
0.999809 0.000178
0.999216 0.000665
0.998086 0.001112
0.996271 0.001144
0.993932 0.001166
0.991193 0.001480
0.987958 0.001806
0.984180 0.002018
0.979912 0.002264
0.975177 0.002605
0.969961 0.002977
0.964262 0.003356
0.958092 0.003770
0.951461 0.004228
0.944373 0.004726
0.936835 0.005262
0.928856 0.005848
0.920444 0.006489
0.911608 0.007190
0.902358 0.007952
0.892702 0.008770
0.882650 0.009646
0.872214 0.010589
0.861404 0.011602
0.850232 0.012685
0.838708 0.013835
0.826845 0.015053
0.814655 0.016338
0.802149 0.017681
0.789338 0.019068
0.776235 0.020488
0.762851 0.021928
0.749198 0.023374
0.735290 0.024815
0.721139 0.026240
0.706759 0.027637
0.692163 0.028995
0.677365 0.030306
0.662381 0.031557
0.647224 0.032734
0.631910 0.033830
0.616454 0.034837
0.600872 0.035749
0.585181 0.036564
0.569397 0.037286
0.553537 0.037922
0.537618 0.038476
0.521655 0.038947
0.505667 0.039338
0.489669 0.039660
0.473677 0.039915
0.457709 0.040109
0.441781 0.040241
0.425908 0.040312
0.410108 0.040324
0.394395 0.040281
0.378787 0.040184
0.363300 0.040030
0.347948 0.039821
0.332748 0.039564
0.317714 0.039260
0.302863 0.038903
0.288210 0.038492
0.273769 0.038032
0.259555 0.037528
0.245583 0.036982
0.231867 0.036392
0.218421 0.035754
0.205259 0.035069
0.192393 0.034343
0.179839 0.033580
0.167607 0.032775
0.155712 0.031925
0.144165 0.031040
0.132978 0.030123
0.122163 0.029164
0.111733 0.028163
0.101696 0.027128
0.092064 0.026063
0.082847 0.024965
0.074057 0.023828
0.065703 0.022652
0.057795 0.021439
0.050342 0.020188
0.043354 0.018897
0.036842 0.017558
0.030819 0.016165
0.025293 0.014721
0.020276 0.013230
0.015777 0.011698
0.011812 0.010122
0.008405 0.008502
0.005564 0.006863
0.003288 0.005258
0.001633 0.003689
0.000608 0.002203
0.000133 0.001005
0.000009 0.000253
0.000000 0.000000
0.000009 -0.000253
0.000133 -0.001005
0.000608 -0.002203
0.001633 -0.003689
0.003288 -0.005258
0.005564 -0.006863
0.008405 -0.008502
0.011812 -0.010122
0.015777 -0.011698
0.020276 -0.013230
0.025293 -0.014721
0.030819 -0.016165
0.036842 -0.017558
0.043354 -0.018897
0.050342 -0.020188
0.057795 -0.021439
0.065703 -0.022652
0.074057 -0.023828
0.082847 -0.024965
0.092064 -0.026063
0.101696 -0.027128
0.111733 -0.028163
0.122163 -0.029164
0.132978 -0.030123
0.144165 -0.031040
0.155712 -0.031925
0.167607 -0.032775
0.179839 -0.033580
0.192393 -0.034343
0.205259 -0.035069
0.218421 -0.035754
0.231867 -0.036392
0.245583 -0.036982
0.259555 -0.037528
0.273769 -0.038032
0.288210 -0.038492
0.302863 -0.038903
0.317714 -0.039260
0.332748 -0.039564
0.347948 -0.039821
0.363300 -0.040030
0.378787 -0.040184
0.394395 -0.040281
0.410108 -0.040324
0.425908 -0.040312
0.441781 -0.040241
0.457709 -0.040109
0.473677 -0.039915
0.489669 -0.039660
0.505667 -0.039338
0.521655 -0.038947
0.537618 -0.038476
0.553537 -0.037922
0.569397 -0.037286
0.585181 -0.036564
0.600872 -0.035749
0.616454 -0.034837
0.631910 -0.033830
0.647224 -0.032734
0.662381 -0.031557
0.677365 -0.030306
0.692163 -0.028995
0.706759 -0.027637
0.721139 -0.026240
0.735290 -0.024815
0.749198 -0.023374
0.762851 -0.021928
0.776235 -0.020488
0.789338 -0.019068
0.802149 -0.017681
0.814655 -0.016338
0.826845 -0.015053
0.838708 -0.013835
0.850232 -0.012685
0.861404 -0.011602
0.872214 -0.010589
0.882650 -0.009646
0.892702 -0.008770
0.902358 -0.007952
0.911608 -0.007190
0.920444 -0.006489
0.928856 -0.005848
0.936835 -0.005262
0.944373 -0.004726
0.951461 -0.004228
0.958092 -0.003770
0.964262 -0.003356
0.969961 -0.002977
0.975177 -0.002605
0.979912 -0.002264
0.984180 -0.002018
0.987958 -0.001806
0.991193 -0.001480
0.993932 -0.001166
0.996271 -0.001144
0.998086 -0.001112
0.999216 -0.000665
0.999809 -0.000178
1.000000 -0.000000