m11
1.000000 0.000000
0.999746 0.000030
0.998985 0.000119
0.997717 0.000268
0.995944 0.000476
0.993668 0.000744
0.990890 0.001070
0.987613 0.001455
0.983842 0.001899
0.979579 0.002402
0.974830 0.002963
0.969599 0.003583
0.963890 0.004262
0.957712 0.005001
0.951068 0.005801
0.943968 0.006662
0.936417 0.007584
0.928424 0.008565
0.919995 0.009603
0.911140 0.010693
0.901867 0.011832
0.892184 0.013013
0.882102 0.014236
0.871629 0.015497
0.860778 0.016795
0.849558 0.018128
0.837981 0.019494
0.826059 0.020892
0.813803 0.022321
0.801226 0.023778
0.788341 0.025263
0.775160 0.026773
0.761697 0.028306
0.747965 0.029858
0.733978 0.031426
0.719749 0.033008
0.705293 0.034601
0.690624 0.036201
0.675756 0.037802
0.660704 0.039397
0.645483 0.040976
0.630107 0.042532
0.614591 0.044056
0.598950 0.045538
0.583199 0.046970
0.567354 0.048349
0.551431 0.049671
0.535446 0.050933
0.519416 0.052134
0.503356 0.053271
0.487284 0.054341
0.471214 0.055337
0.455164 0.056251
0.439150 0.057073
0.423189 0.057796
0.407296 0.058413
0.391488 0.058917
0.375781 0.059305
0.360192 0.059576
0.344737 0.059731
0.329433 0.059770
0.314295 0.059696
0.299340 0.059509
0.284583 0.059212
0.270041 0.058799
0.255730 0.058265
0.241668 0.057607
0.227869 0.056823
0.214348 0.055912
0.201121 0.054875
0.188201 0.053715
0.175602 0.052442
0.163340 0.051064
0.151426 0.049595
0.139873 0.048042
0.128694 0.046410
0.117900 0.044700
0.107501 0.042916
0.097507 0.041065
0.087934 0.039153
0.078804 0.037180
0.070135 0.035152
0.061921 0.033074
0.054141 0.030958
0.046782 0.028815
0.039888 0.026647
0.033538 0.024445
0.027785 0.022214
0.022649 0.019968
0.018026 0.017680
0.013752 0.015310
0.009771 0.012869
0.006347 0.010415
0.003718 0.008033
0.001913 0.005814
0.000824 0.003849
0.000271 0.002223
0.000055 0.001007
0.000003 0.000255
0.000000 0.000000
0.000004 -0.000252
0.000066 -0.000996
0.000324 -0.002190
0.000981 -0.003769
0.002267 -0.005635
0.004375 -0.007664
0.007398 -0.009698
0.011237 -0.011545
0.015552 -0.012992
0.020179 -0.013985
0.025206 -0.014696
0.030769 -0.015401
0.036883 -0.016141
0.043522 -0.016886
0.050636 -0.017588
0.058174 -0.018204
0.066131 -0.018727
0.074517 -0.019167
0.083342 -0.019540
0.092599 -0.019854
0.102269 -0.020117
0.112336 -0.020340
0.122788 -0.020527
0.133616 -0.020687
0.144810 -0.020829
0.156361 -0.020964
0.168256 -0.021099
0.180484 -0.021230
0.193031 -0.021355
0.205886 -0.021471
0.219034 -0.021576
0.232463 -0.021669
0.246158 -0.021752
0.260107 -0.021825
0.274295 -0.021888
0.288708 -0.021943
0.303331 -0.021990
0.318150 -0.022031
0.333150 -0.022066
0.348316 -0.022094
0.363632 -0.022115
0.379083 -0.022130
0.394654 -0.022139
0.410329 -0.022140
0.426091 -0.022134
0.441925 -0.022116
0.457816 -0.022083
0.473746 -0.022032
0.489701 -0.021959
0.505663 -0.021863
0.521618 -0.021740
0.537548 -0.021592
0.553438 -0.021418
0.569271 -0.021219
0.585031 -0.020995
0.600704 -0.020748
0.616272 -0.020478
0.631720 -0.020183
0.647033 -0.019864
0.662195 -0.019518
0.677191 -0.019147
0.692005 -0.018748
0.706623 -0.018323
0.721030 -0.017871
0.735211 -0.017392
0.749152 -0.016883
0.762838 -0.016346
0.776254 -0.015781
0.789388 -0.015189
0.802227 -0.014570
0.814756 -0.013929
0.826965 -0.013277
0.838842 -0.012627
0.850376 -0.011989
0.861556 -0.011370
0.872372 -0.010778
0.882811 -0.010219
0.892866 -0.009697
0.902525 -0.009216
0.911777 -0.008766
0.920611 -0.008314
0.929015 -0.007838
0.936979 -0.007319
0.944493 -0.006749
0.951551 -0.006125
0.958146 -0.005457
0.964272 -0.004772
0.969928 -0.004091
0.975107 -0.003434
0.979807 -0.002814
0.984024 -0.002243
0.987754 -0.001728
0.990993 -0.001275
0.993740 -0.000888
0.995990 -0.000569
0.997743 -0.000321
0.998997 -0.000143
0.999749 -0.000036
1.000000 -0.000000