m12
1.000000 0.004000
0.999746 0.004044
0.998983 0.004178
0.997712 0.004399
0.995935 0.004710
0.993653 0.005108
0.990869 0.005594
0.987585 0.006166
0.983804 0.006823
0.979531 0.007565
0.974769 0.008389
0.969523 0.009292
0.963797 0.010272
0.957598 0.011324
0.950930 0.012445
0.943800 0.013628
0.936215 0.014873
0.928182 0.016177
0.919711 0.017542
0.910809 0.018970
0.901486 0.020462
0.891754 0.022023
0.881620 0.023650
0.871097 0.025342
0.860193 0.027092
0.848920 0.028898
0.837287 0.030752
0.825306 0.032650
0.812989 0.034584
0.800347 0.036546
0.787392 0.038531
0.774136 0.040533
0.760593 0.042548
0.746776 0.044573
0.732699 0.046604
0.718376 0.048638
0.703821 0.050672
0.689048 0.052701
0.674073 0.054718
0.658908 0.056714
0.643570 0.058678
0.628072 0.060600
0.612429 0.062469
0.596656 0.064276
0.580768 0.066011
0.564782 0.067670
0.548713 0.069250
0.532580 0.070748
0.516397 0.072161
0.500182 0.073486
0.483952 0.074720
0.467723 0.075857
0.451511 0.076889
0.435334 0.077808
0.419208 0.078608
0.403149 0.079283
0.387174 0.079826
0.371300 0.080231
0.355545 0.080488
0.339926 0.080592
0.324461 0.080536
0.309166 0.080315
0.294058 0.079926
0.279154 0.079370
0.264472 0.078651
0.250027 0.077775
0.235837 0.076748
0.221918 0.075578
0.208285 0.074272
0.194952 0.072839
0.181936 0.071278
0.169254 0.069579
0.156923 0.067731
0.144958 0.065731
0.133374 0.063582
0.122185 0.061295
0.111404 0.058885
0.101044 0.056365
0.091114 0.053753
0.081630 0.051059
0.072608 0.048298
0.064056 0.045476
0.055973 0.042590
0.048361 0.039646
0.041236 0.036654
0.034643 0.033634
0.028615 0.030608
0.023164 0.027606
0.018276 0.024588
0.013909 0.021457
0.010041 0.018193
0.006786 0.014907
0.004247 0.011746
0.002419 0.008826
0.001219 0.006237
0.000517 0.004045
0.000168 0.002297
0.000034 0.001028
0.000002 0.000258
0.000000 -0.000000
0.000003 -0.000254
0.000044 -0.001012
0.000219 -0.002256
0.000672 -0.003954
0.001575 -0.006056
0.003101 -0.008484
0.005385 -0.011127
0.008484 -0.013830
0.012325 -0.016380
0.016716 -0.018550
0.021612 -0.020334
0.027039 -0.021924
0.033009 -0.023491
0.039515 -0.025017
0.046532 -0.026461
0.054024 -0.027781
0.061968 -0.028962
0.070359 -0.030023
0.079191 -0.031000
0.088458 -0.031915
0.098147 -0.032753
0.108244 -0.033503
0.118737 -0.034167
0.129613 -0.034758
0.140862 -0.035296
0.152470 -0.035806
0.164425 -0.036307
0.176713 -0.036792
0.189324 -0.037250
0.202245 -0.037669
0.215463 -0.038037
0.228965 -0.038355
0.242737 -0.038622
0.256765 -0.038838
0.271034 -0.039005
0.285530 -0.039125
0.300237 -0.039201
0.315142 -0.039235
0.330228 -0.039230
0.345480 -0.039189
0.360883 -0.039114
0.376423 -0.039008
0.392082 -0.038876
0.407845 -0.038720
0.423696 -0.038540
0.439620 -0.038332
0.455600 -0.038090
0.471619 -0.037809
0.487662 -0.037483
0.503711 -0.037109
0.519752 -0.036682
0.535766 -0.036205
0.551739 -0.035679
0.567654 -0.035106
0.583495 -0.034490
0.599245 -0.033833
0.614890 -0.033136
0.630412 -0.032403
0.645797 -0.031635
0.661028 -0.030833
0.676091 -0.030001
0.690970 -0.029141
0.705651 -0.028254
0.720119 -0.027343
0.734358 -0.026407
0.748354 -0.025445
0.762093 -0.024459
0.775561 -0.023450
0.788744 -0.022417
0.801629 -0.021364
0.814203 -0.020293
0.826453 -0.019209
0.838368 -0.018116
0.849935 -0.017021
0.861144 -0.015927
0.871983 -0.014840
0.882441 -0.013764
0.892508 -0.012704
0.902175 -0.011664
0.911432 -0.010648
0.920270 -0.009660
0.928680 -0.008703
0.936653 -0.007779
0.944183 -0.006894
0.951262 -0.006048
0.957883 -0.005247
0.964039 -0.004494
0.969725 -0.003793
0.974936 -0.003146
0.979666 -0.002556
0.983911 -0.002024
0.987667 -0.001553
0.990929 -0.001143
0.993695 -0.000794
0.995962 -0.000509
0.997727 -0.000286
0.998989 -0.000127
0.999747 -0.000032
1.000000 0.000000