m13
1.000000 0.004400
0.999746 0.004432
0.998984 0.004527
0.997716 0.004686
0.995941 0.004909
0.993663 0.005194
0.990883 0.005542
0.987604 0.005952
0.983829 0.006423
0.979563 0.006954
0.974809 0.007543
0.969571 0.008189
0.963856 0.008889
0.957668 0.009641
0.951013 0.010439
0.943898 0.011282
0.936330 0.012167
0.928317 0.013099
0.919867 0.014080
0.910991 0.015117
0.901697 0.016217
0.891997 0.017389
0.881900 0.018636
0.871417 0.019954
0.860558 0.021341
0.849334 0.022792
0.837755 0.024302
0.825832 0.025863
0.813577 0.027469
0.801001 0.029110
0.788116 0.030777
0.774934 0.032468
0.761470 0.034181
0.747736 0.035915
0.733746 0.037669
0.719516 0.039442
0.705059 0.041235
0.690389 0.043046
0.675523 0.044870
0.660472 0.046701
0.645253 0.048531
0.629880 0.050350
0.614367 0.052150
0.598728 0.053922
0.582980 0.055658
0.567136 0.057344
0.551214 0.058969
0.535227 0.060519
0.519192 0.061983
0.503123 0.063347
0.487038 0.064602
0.470953 0.065743
0.454883 0.066769
0.438847 0.067680
0.422860 0.068476
0.406940 0.069157
0.391104 0.069725
0.375368 0.070171
0.359750 0.070481
0.344267 0.070640
0.328937 0.070638
0.313776 0.070462
0.298800 0.070104
0.284027 0.069560
0.269473 0.068836
0.255156 0.067940
0.241091 0.066881
0.227296 0.065669
0.213786 0.064315
0.200574 0.062828
0.187677 0.061218
0.175111 0.059481
0.162893 0.057610
0.151039 0.055605
0.139562 0.053470
0.128470 0.051225
0.117773 0.048895
0.107476 0.046505
0.097586 0.044075
0.088120 0.041616
0.079104 0.039113
0.070564 0.036560
0.062487 0.033968
0.054844 0.031363
0.047613 0.028771
0.040826 0.026207
0.034567 0.023681
0.028895 0.021205
0.023837 0.018797
0.019299 0.016459
0.015048 0.014170
0.010962 0.011936
0.007254 0.009753
0.004305 0.007623
0.002236 0.005597
0.000970 0.003755
0.000320 0.002193
0.000065 0.001002
0.000004 0.000255
-0.000000 -0.000000
0.000006 -0.000250
0.000092 -0.000974
0.000451 -0.002094
0.001352 -0.003484
0.003075 -0.004984
0.005806 -0.006408
0.009512 -0.007565
0.013801 -0.008276
0.018198 -0.008458
0.022755 -0.008256
0.027744 -0.008040
0.033348 -0.008029
0.039540 -0.008112
0.046247 -0.008079
0.053364 -0.007627
0.060828 -0.006644
0.068673 -0.005361
0.076955 -0.004134
0.085717 -0.003239
0.094935 -0.002563
0.104564 -0.001891
0.114575 -0.001101
0.124961 -0.000217
0.135716 0.000722
0.146837 0.001665
0.158318 0.002555
0.170151 0.003371
0.182323 0.004117
0.194819 0.004799
0.207624 0.005424
0.220724 0.005995
0.234106 0.006507
0.247756 0.006958
0.261660 0.007344
0.275804 0.007663
0.290174 0.007912
0.304754 0.008090
0.319531 0.008196
0.334488 0.008233
0.349611 0.008206
0.364883 0.008117
0.380290 0.007974
0.395816 0.007780
0.411444 0.007542
0.427159 0.007262
0.442945 0.006943
0.458786 0.006586
0.474666 0.006193
0.490570 0.005767
0.506480 0.005310
0.522382 0.004827
0.538259 0.004323
0.554095 0.003805
0.569876 0.003282
0.585584 0.002758
0.601205 0.002240
0.616723 0.001735
0.632122 0.001247
0.647388 0.000781
0.662504 0.000340
0.677455 -0.000072
0.692227 -0.000452
0.706805 -0.000797
0.721173 -0.001106
0.735319 -0.001379
0.749226 -0.001620
0.762881 -0.001829
0.776270 -0.002007
0.789380 -0.002157
0.802197 -0.002279
0.814709 -0.002376
0.826902 -0.002447
0.838765 -0.002491
0.850285 -0.002511
0.861450 -0.002505
0.872250 -0.002475
0.882674 -0.002422
0.892710 -0.002348
0.902349 -0.002255
0.911581 -0.002145
0.920397 -0.002019
0.928788 -0.001880
0.936745 -0.001730
0.944261 -0.001572
0.951327 -0.001408
0.957937 -0.001242
0.964085 -0.001078
0.969763 -0.000919
0.974967 -0.000768
0.979691 -0.000627
0.983930 -0.000499
0.987681 -0.000384
0.990940 -0.000283
0.993702 -0.000197
0.995966 -0.000126
0.997730 -0.000071
0.998991 -0.000032
0.999748 -0.000008
1.000000 -0.000000