m14
1.000004 0.002100
0.999750 0.002140
0.998988 0.002261
0.997718 0.002462
0.995942 0.002743
0.993662 0.003104
0.990880 0.003544
0.987599 0.004062
0.983822 0.004659
0.979552 0.005333
0.974795 0.006082
0.969554 0.006906
0.963835 0.007803
0.957644 0.008770
0.950985 0.009805
0.943867 0.010906
0.936296 0.012071
0.928279 0.013299
0.919825 0.014590
0.910943 0.015945
0.901642 0.017365
0.891932 0.018851
0.881822 0.020402
0.871324 0.022015
0.860446 0.023688
0.849200 0.025418
0.837597 0.027199
0.825647 0.029029
0.813364 0.030903
0.800758 0.032816
0.787842 0.034762
0.774629 0.036738
0.761132 0.038743
0.747364 0.040772
0.733339 0.042825
0.719071 0.044897
0.704575 0.046988
0.689865 0.049093
0.674955 0.051206
0.659859 0.053316
0.644592 0.055414
0.629167 0.057488
0.613600 0.059526
0.597904 0.061518
0.582094 0.063452
0.566187 0.065321
0.550197 0.067116
0.534141 0.068831
0.518034 0.070458
0.501892 0.071990
0.485733 0.073421
0.469571 0.074739
0.453425 0.075932
0.437311 0.076989
0.421246 0.077899
0.405246 0.078654
0.389330 0.079243
0.373513 0.079665
0.357813 0.079917
0.342248 0.080000
0.326834 0.079917
0.311588 0.079667
0.296527 0.079255
0.281669 0.078678
0.267032 0.077929
0.252636 0.076997
0.238501 0.075877
0.224642 0.074566
0.211078 0.073062
0.197824 0.071365
0.184896 0.069484
0.172309 0.067440
0.160075 0.065254
0.148207 0.062948
0.136718 0.060541
0.125618 0.058042
0.114918 0.055460
0.104627 0.052809
0.094754 0.050099
0.085324 0.047321
0.076370 0.044453
0.067912 0.041492
0.059922 0.038482
0.052365 0.035480
0.045223 0.032530
0.038554 0.029634
0.032432 0.026784
0.026905 0.023982
0.021981 0.021237
0.017523 0.018529
0.013368 0.015840
0.009483 0.013187
0.006154 0.010603
0.003605 0.008142
0.001857 0.005877
0.000802 0.003884
0.000265 0.002241
0.000055 0.001014
0.000004 0.000256
0.000000 0.000000
0.000004 -0.000252
0.000069 -0.000993
0.000345 -0.002183
0.001049 -0.003747
0.002423 -0.005578
0.004664 -0.007527
0.007848 -0.009396
0.011830 -0.010932
0.016225 -0.011856
0.020911 -0.012153
0.025998 -0.012110
0.031620 -0.012084
0.037780 -0.012101
0.044449 -0.012108
0.051576 -0.012024
0.059116 -0.011783
0.067069 -0.011408
0.075445 -0.010952
0.084256 -0.010471
0.093491 -0.009969
0.103134 -0.009432
0.113171 -0.008852
0.123592 -0.008235
0.134386 -0.007589
0.145546 -0.006926
0.157062 -0.006256
0.168922 -0.005592
0.181116 -0.004942
0.193631 -0.004318
0.206454 -0.003731
0.219574 -0.003189
0.232975 -0.002699
0.246646 -0.002264
0.260571 -0.001892
0.274736 -0.001587
0.289127 -0.001354
0.303729 -0.001198
0.318527 -0.001121
0.333506 -0.001116
0.348650 -0.001177
0.363945 -0.001296
0.379374 -0.001462
0.394922 -0.001667
0.410572 -0.001900
0.426310 -0.002156
0.442120 -0.002431
0.457985 -0.002723
0.473890 -0.003029
0.489819 -0.003345
0.505755 -0.003667
0.521683 -0.003995
0.537588 -0.004326
0.553452 -0.004660
0.569260 -0.004997
0.584997 -0.005335
0.600645 -0.005674
0.616191 -0.006011
0.631617 -0.006336
0.646909 -0.006638
0.662051 -0.006905
0.677028 -0.007129
0.691824 -0.007300
0.706426 -0.007411
0.720818 -0.007464
0.734986 -0.007469
0.748915 -0.007440
0.762591 -0.007385
0.776001 -0.007317
0.789131 -0.007242
0.801968 -0.007169
0.814498 -0.007101
0.826709 -0.007032
0.838589 -0.006953
0.850125 -0.006859
0.861306 -0.006745
0.872121 -0.006607
0.882558 -0.006444
0.892607 -0.006253
0.902257 -0.006035
0.911500 -0.005793
0.920326 -0.005530
0.928726 -0.005254
0.936691 -0.004969
0.944213 -0.004680
0.951286 -0.004391
0.957902 -0.004107
0.964054 -0.003832
0.969737 -0.003570
0.974944 -0.003325
0.979672 -0.003098
0.983915 -0.002893
0.987668 -0.002709
0.990929 -0.002549
0.993693 -0.002412
0.995959 -0.002300
0.997724 -0.002213
0.998985 -0.002150
0.999743 -0.002113
0.999996 -0.002100