m17
1.000000 0.002050
0.999744 0.002075
0.998975 0.002149
0.997694 0.002272
0.995903 0.002444
0.993603 0.002665
0.990797 0.002936
0.987487 0.003256
0.983678 0.003625
0.979372 0.004046
0.974575 0.004519
0.969291 0.005046
0.963527 0.005631
0.957288 0.006277
0.950582 0.006988
0.943416 0.007771
0.935797 0.008629
0.927734 0.009563
0.919234 0.010575
0.910308 0.011664
0.900963 0.012832
0.891210 0.014077
0.881059 0.015400
0.870520 0.016802
0.859605 0.018284
0.848324 0.019846
0.836690 0.021489
0.824714 0.023213
0.812409 0.025017
0.799788 0.026901
0.786863 0.028863
0.773647 0.030898
0.760152 0.033000
0.746392 0.035160
0.732378 0.037370
0.718125 0.039621
0.703645 0.041902
0.688952 0.044203
0.674059 0.046517
0.658982 0.048839
0.643734 0.051164
0.628332 0.053487
0.612789 0.055804
0.597121 0.058109
0.581344 0.060393
0.565471 0.062642
0.549517 0.064837
0.533496 0.066963
0.517423 0.069001
0.501312 0.070935
0.485178 0.072749
0.469037 0.074429
0.452906 0.075966
0.436803 0.077348
0.420742 0.078567
0.404743 0.079613
0.388820 0.080478
0.372993 0.081152
0.357280 0.081625
0.341701 0.081888
0.326273 0.081932
0.311015 0.081751
0.295945 0.081341
0.281080 0.080704
0.266439 0.079851
0.252040 0.078793
0.237902 0.077545
0.224039 0.076118
0.210470 0.074528
0.197208 0.072788
0.184269 0.070912
0.171665 0.068912
0.159408 0.066800
0.147510 0.064589
0.135986 0.062282
0.124855 0.059860
0.114137 0.057311
0.103846 0.054628
0.093996 0.051811
0.084606 0.048880
0.075692 0.045862
0.067262 0.042786
0.059301 0.039673
0.051788 0.036542
0.044715 0.033419
0.038133 0.030327
0.032098 0.027296
0.026640 0.024351
0.021759 0.021514
0.017322 0.018748
0.013182 0.016013
0.009323 0.013314
0.006035 0.010689
0.003526 0.008195
0.001811 0.005905
0.000779 0.003898
0.000256 0.002246
0.000052 0.001016
0.000003 0.000257
0.000000 -0.000000
0.000005 -0.000252
0.000076 -0.000989
0.000371 -0.002162
0.001121 -0.003684
0.002574 -0.005438
0.004928 -0.007269
0.008237 -0.008991
0.012306 -0.010384
0.016710 -0.011234
0.021368 -0.011543
0.026426 -0.011538
0.032038 -0.011474
0.038203 -0.011365
0.044885 -0.011188
0.052020 -0.010910
0.059558 -0.010510
0.067499 -0.009995
0.075861 -0.009383
0.084658 -0.008701
0.093881 -0.007974
0.103514 -0.007232
0.113543 -0.006499
0.123958 -0.005777
0.134750 -0.005065
0.145908 -0.004361
0.157423 -0.003662
0.169284 -0.002974
0.181479 -0.002311
0.193995 -0.001686
0.206822 -0.001116
0.219944 -0.000612
0.233350 -0.000178
0.247025 0.000181
0.260954 0.000459
0.275124 0.000654
0.289519 0.000760
0.304124 0.000775
0.318924 0.000698
0.333904 0.000537
0.349049 0.000298
0.364343 -0.000009
0.379770 -0.000374
0.395316 -0.000788
0.410965 -0.001240
0.426700 -0.001729
0.442505 -0.002261
0.458364 -0.002840
0.474262 -0.003473
0.490181 -0.004163
0.506105 -0.004917
0.522019 -0.005725
0.537907 -0.006562
0.553756 -0.007401
0.569549 -0.008215
0.585272 -0.008980
0.600910 -0.009669
0.616448 -0.010265
0.631871 -0.010776
0.647161 -0.011214
0.662303 -0.011588
0.677281 -0.011911
0.692080 -0.012192
0.706684 -0.012442
0.721077 -0.012661
0.735247 -0.012843
0.749177 -0.012983
0.762855 -0.013074
0.776266 -0.013114
0.789397 -0.013097
0.802235 -0.013022
0.814767 -0.012889
0.826979 -0.012698
0.838859 -0.012452
0.850394 -0.012153
0.861573 -0.011805
0.872383 -0.011412
0.882815 -0.010977
0.892857 -0.010506
0.902499 -0.010004
0.911732 -0.009475
0.920546 -0.008925
0.928933 -0.008360
0.936883 -0.007785
0.944390 -0.007205
0.951446 -0.006628
0.958044 -0.006061
0.964178 -0.005511
0.969843 -0.004988
0.975035 -0.004498
0.979746 -0.004045
0.983975 -0.003634
0.987715 -0.003267
0.990965 -0.002947
0.993720 -0.002674
0.995978 -0.002450
0.997736 -0.002275
0.998993 -0.002150
0.999748 -0.002075
1.000000 -0.002050