m20
1.000000 0.004700
0.999742 0.004729
0.998967 0.004816
0.997676 0.004961
0.995870 0.005164
0.993552 0.005425
0.990724 0.005744
0.987388 0.006121
0.983548 0.006558
0.979209 0.007056
0.974375 0.007617
0.969051 0.008244
0.963243 0.008942
0.956958 0.009716
0.950204 0.010574
0.942988 0.011523
0.935319 0.012570
0.927204 0.013715
0.918652 0.014961
0.909673 0.016308
0.900276 0.017757
0.890471 0.019306
0.880268 0.020956
0.869678 0.022706
0.858712 0.024556
0.847381 0.026506
0.835696 0.028553
0.823670 0.030696
0.811314 0.032929
0.798641 0.035250
0.785663 0.037654
0.772393 0.040138
0.758844 0.042696
0.745029 0.045326
0.730962 0.048021
0.716657 0.050777
0.702127 0.053588
0.687386 0.056446
0.672447 0.059340
0.657324 0.062257
0.642029 0.065183
0.626576 0.068101
0.610978 0.070998
0.595247 0.073856
0.579398 0.076661
0.563445 0.079396
0.547403 0.082048
0.531287 0.084601
0.515112 0.087041
0.498892 0.089353
0.482644 0.091524
0.466383 0.093539
0.450128 0.095385
0.433894 0.097050
0.417699 0.098521
0.401560 0.099788
0.385494 0.100841
0.369521 0.101662
0.353659 0.102235
0.337930 0.102543
0.322351 0.102574
0.306943 0.102315
0.291722 0.101760
0.276713 0.100906
0.261939 0.099759
0.247423 0.098327
0.233189 0.096618
0.219257 0.094643
0.205647 0.092414
0.192377 0.089947
0.179456 0.087273
0.166888 0.084437
0.154676 0.081480
0.142827 0.078437
0.131372 0.075282
0.120355 0.071955
0.109815 0.068408
0.099781 0.064612
0.090262 0.060593
0.081203 0.056526
0.072550 0.052589
0.064300 0.048819
0.056510 0.045084
0.049228 0.041277
0.042481 0.037378
0.036265 0.033505
0.030573 0.029774
0.025392 0.026268
0.020690 0.023018
0.016358 0.019925
0.012315 0.016909
0.008613 0.013959
0.005530 0.011122
0.003212 0.008465
0.001642 0.006060
0.000704 0.003977
0.000231 0.002282
0.000047 0.001029
0.000003 0.000259
0.000000 -0.000000
0.000005 -0.000252
0.000081 -0.000990
0.000395 -0.002160
0.001190 -0.003671
0.002725 -0.005392
0.005195 -0.007146
0.008635 -0.008709
0.012797 -0.009803
0.017229 -0.010168
0.021882 -0.009837
0.026923 -0.009118
0.032504 -0.008312
0.038619 -0.007429
0.045231 -0.006445
0.052284 -0.005329
0.059732 -0.004059
0.067579 -0.002654
0.075842 -0.001147
0.084539 0.000423
0.093664 0.002026
0.103205 0.003629
0.113151 0.005206
0.123493 0.006749
0.134220 0.008252
0.145323 0.009712
0.156790 0.011126
0.168611 0.012486
0.180774 0.013780
0.193266 0.014994
0.206075 0.016116
0.219189 0.017134
0.232592 0.018041
0.246271 0.018827
0.260211 0.019487
0.274395 0.020013
0.288809 0.020401
0.303436 0.020644
0.318259 0.020740
0.333263 0.020693
0.348432 0.020510
0.363750 0.020195
0.379200 0.019759
0.394766 0.019208
0.410431 0.018553
0.426179 0.017803
0.441994 0.016965
0.457861 0.016048
0.473765 0.015059
0.489688 0.014009
0.505616 0.012906
0.521532 0.011761
0.537422 0.010584
0.553270 0.009385
0.569061 0.008177
0.584780 0.006968
0.600411 0.005769
0.615940 0.004590
0.631351 0.003440
0.646630 0.002330
0.661762 0.001267
0.676731 0.000260
0.691522 -0.000685
0.706123 -0.001560
0.720517 -0.002361
0.734690 -0.003086
0.748627 -0.003734
0.762314 -0.004303
0.775737 -0.004794
0.788882 -0.005206
0.801735 -0.005541
0.814284 -0.005801
0.826514 -0.005987
0.838413 -0.006103
0.849969 -0.006153
0.861169 -0.006139
0.872003 -0.006067
0.882458 -0.005941
0.892525 -0.005765
0.902192 -0.005546
0.911451 -0.005287
0.920290 -0.004991
0.928702 -0.004663
0.936677 -0.004305
0.944207 -0.003924
0.951286 -0.003524
0.957905 -0.003115
0.964059 -0.002707
0.969743 -0.002311
0.974952 -0.001933
0.979679 -0.001580
0.983921 -0.001257
0.987675 -0.000967
0.990935 -0.000713
0.993699 -0.000496
0.995964 -0.000318
0.997729 -0.000179
0.998990 -0.000080
0.999747 -0.000020
1.000000 -0.000000