m21
1.000000 0.002400
0.999740 0.002440
0.998959 0.002561
0.997658 0.002762
0.995839 0.003044
0.993503 0.003406
0.990653 0.003849
0.987292 0.004372
0.983424 0.004978
0.979052 0.005668
0.974183 0.006445
0.968821 0.007312
0.962973 0.008277
0.956647 0.009345
0.949851 0.010526
0.942593 0.011831
0.934883 0.013263
0.926727 0.014825
0.918135 0.016514
0.909117 0.018329
0.899680 0.020266
0.889833 0.022319
0.879588 0.024487
0.868955 0.026767
0.857943 0.029158
0.846565 0.031656
0.834831 0.034259
0.822753 0.036961
0.810343 0.039758
0.797612 0.042642
0.784572 0.045608
0.771236 0.048650
0.757616 0.051762
0.743726 0.054938
0.729579 0.058169
0.715187 0.061450
0.700565 0.064772
0.685726 0.068126
0.670682 0.071501
0.655448 0.074886
0.640037 0.078269
0.624463 0.081635
0.608739 0.084974
0.592878 0.088271
0.576895 0.091511
0.560804 0.094674
0.544618 0.097743
0.528352 0.100699
0.512019 0.103523
0.495634 0.106196
0.479212 0.108701
0.462771 0.111016
0.446327 0.113124
0.429899 0.115005
0.413504 0.116643
0.397160 0.118021
0.380885 0.119125
0.364701 0.119946
0.348629 0.120475
0.332688 0.120704
0.316900 0.120629
0.301285 0.120246
0.285862 0.119553
0.270659 0.118545
0.255702 0.117220
0.241016 0.115576
0.226624 0.113614
0.212551 0.111341
0.198815 0.108763
0.185437 0.105893
0.172433 0.102753
0.159820 0.099370
0.147611 0.095770
0.135822 0.091975
0.124472 0.087998
0.113578 0.083856
0.103154 0.079565
0.093210 0.075149
0.083753 0.070643
0.074789 0.066090
0.066320 0.061520
0.058346 0.056939
0.050868 0.052353
0.043888 0.047778
0.037431 0.043258
0.031519 0.038839
0.026162 0.034565
0.021347 0.030465
0.016999 0.026503
0.013040 0.022646
0.009456 0.018903
0.006410 0.015335
0.004022 0.012012
0.002296 0.008999
0.001158 0.006352
0.000492 0.004119
0.000160 0.002341
0.000032 0.001048
0.000002 0.000263
-0.000000 -0.000000
0.000003 -0.000254
0.000050 -0.001008
0.000245 -0.002242
0.000749 -0.003918
0.001751 -0.005973
0.003432 -0.008316
0.005924 -0.010815
0.009259 -0.013286
0.013307 -0.015480
0.017860 -0.017160
0.022913 -0.018292
0.028515 -0.018974
0.034677 -0.019264
0.041367 -0.019147
0.048525 -0.018642
0.056079 -0.017805
0.064009 -0.016696
0.072337 -0.015395
0.081091 -0.014012
0.090280 -0.012630
0.099895 -0.011313
0.109926 -0.010121
0.120360 -0.009047
0.131184 -0.008062
0.142381 -0.007123
0.153937 -0.006177
0.165835 -0.005197
0.178065 -0.004211
0.190619 -0.003256
0.203486 -0.002372
0.216656 -0.001593
0.230115 -0.000924
0.243848 -0.000369
0.257841 0.000072
0.272078 0.000397
0.286542 0.000607
0.301219 0.000704
0.316091 0.000690
0.331143 0.000569
0.346360 0.000347
0.361725 0.000031
0.377225 -0.000373
0.392842 -0.000856
0.408560 -0.001409
0.424365 -0.002027
0.440239 -0.002705
0.456167 -0.003439
0.472133 -0.004224
0.488121 -0.005056
0.504114 -0.005928
0.520098 -0.006833
0.536057 -0.007758
0.551974 -0.008687
0.567836 -0.009607
0.583627 -0.010504
0.599331 -0.011364
0.614934 -0.012177
0.630419 -0.012934
0.645772 -0.013632
0.660977 -0.014267
0.676018 -0.014833
0.690880 -0.015329
0.705549 -0.015752
0.720009 -0.016098
0.734245 -0.016365
0.748241 -0.016552
0.761985 -0.016656
0.775460 -0.016679
0.788653 -0.016619
0.801551 -0.016479
0.814140 -0.016261
0.826406 -0.015972
0.838339 -0.015619
0.849925 -0.015209
0.861152 -0.014750
0.872010 -0.014249
0.882487 -0.013712
0.892573 -0.013147
0.902258 -0.012559
0.911531 -0.011952
0.920383 -0.011321
0.928803 -0.010664
0.936782 -0.009982
0.944313 -0.009276
0.951388 -0.008553
0.958000 -0.007823
0.964146 -0.007102
0.969819 -0.006406
0.975016 -0.005747
0.979733 -0.005133
0.983965 -0.004573
0.987708 -0.004071
0.990960 -0.003632
0.993716 -0.003257
0.995975 -0.002950
0.997735 -0.002709
0.998993 -0.002538
0.999748 -0.002434
1.000000 -0.002400