m25
1.000000 0.002250
0.999739 0.002268
0.998956 0.002321
0.997652 0.002409
0.995828 0.002533
0.993486 0.002692
0.990628 0.002887
0.987258 0.003120
0.983379 0.003391
0.978995 0.003704
0.974111 0.004063
0.968733 0.004473
0.962866 0.004942
0.956517 0.005480
0.949695 0.006099
0.942406 0.006813
0.934660 0.007631
0.926466 0.008561
0.917833 0.009610
0.908773 0.010784
0.899294 0.012090
0.889410 0.013531
0.879131 0.015113
0.868469 0.016838
0.857435 0.018708
0.846041 0.020724
0.834300 0.022885
0.822224 0.025190
0.809826 0.027634
0.797119 0.030213
0.784116 0.032921
0.770830 0.035752
0.757273 0.038702
0.743458 0.041762
0.729397 0.044924
0.715104 0.048180
0.700592 0.051518
0.685873 0.054927
0.670960 0.058394
0.655865 0.061904
0.640600 0.065441
0.625179 0.068990
0.609614 0.072533
0.593917 0.076054
0.578102 0.079533
0.562181 0.082956
0.546168 0.086305
0.530076 0.089564
0.513920 0.092716
0.497712 0.095745
0.481467 0.098631
0.465201 0.101346
0.448930 0.103862
0.432669 0.106151
0.416434 0.108185
0.400242 0.109940
0.384111 0.111394
0.368059 0.112535
0.352110 0.113355
0.336284 0.113847
0.320602 0.114007
0.305085 0.113831
0.289754 0.113318
0.274636 0.112462
0.259762 0.111253
0.245162 0.109684
0.230863 0.107755
0.216890 0.105465
0.203268 0.102820
0.190016 0.099830
0.177148 0.096539
0.164669 0.093004
0.152588 0.089276
0.140912 0.085402
0.129658 0.081394
0.118849 0.077256
0.108499 0.072995
0.098624 0.068622
0.089219 0.064181
0.080253 0.059777
0.071696 0.055508
0.063567 0.051356
0.055931 0.047196
0.048839 0.042937
0.042309 0.038585
0.036317 0.034287
0.030839 0.030173
0.025850 0.026339
0.021313 0.022832
0.017091 0.019584
0.013075 0.016527
0.009278 0.013632
0.006021 0.010891
0.003524 0.008329
0.001812 0.005995
0.000780 0.003956
0.000256 0.002280
0.000052 0.001032
0.000003 0.000261
0.000000 -0.000000
0.000007 -0.000251
0.000113 -0.000968
0.000548 -0.002038
0.001632 -0.003287
0.003667 -0.004496
0.006806 -0.005421
0.010872 -0.005825
0.015212 -0.005514
0.019418 -0.004439
0.023658 -0.002770
0.028346 -0.000904
0.033683 0.000959
0.039633 0.002853
0.046111 0.004850
0.052985 0.007064
0.060173 0.009550
0.067714 0.012232
0.075676 0.014994
0.084125 0.017718
0.093052 0.020393
0.102422 0.023038
0.112205 0.025668
0.122392 0.028271
0.132976 0.030831
0.143952 0.033334
0.155311 0.035764
0.167045 0.038100
0.179144 0.040313
0.191596 0.042371
0.204390 0.044240
0.217512 0.045894
0.230945 0.047326
0.244673 0.048530
0.258678 0.049502
0.272940 0.050241
0.287439 0.050748
0.302155 0.051026
0.317066 0.051078
0.332156 0.050905
0.347407 0.050508
0.362801 0.049892
0.378320 0.049060
0.393946 0.048018
0.409660 0.046774
0.425447 0.045342
0.441290 0.043742
0.457175 0.041992
0.473088 0.040117
0.489012 0.038137
0.504934 0.036075
0.520838 0.033951
0.536710 0.031774
0.552534 0.029556
0.568297 0.027306
0.583984 0.025035
0.599580 0.022753
0.615072 0.020472
0.630444 0.018209
0.645685 0.015983
0.660781 0.013813
0.675718 0.011715
0.690485 0.009705
0.705066 0.007797
0.719448 0.005999
0.733617 0.004317
0.747557 0.002750
0.761255 0.001301
0.774694 -0.000030
0.787863 -0.001244
0.800746 -0.002341
0.813329 -0.003323
0.825600 -0.004187
0.837543 -0.004932
0.849147 -0.005559
0.860399 -0.006069
0.871285 -0.006465
0.881794 -0.006751
0.891916 -0.006934
0.901639 -0.007018
0.910952 -0.007011
0.919846 -0.006920
0.928309 -0.006752
0.936332 -0.006515
0.943907 -0.006220
0.951027 -0.005876
0.957684 -0.005497
0.963872 -0.005099
0.969587 -0.004699
0.974823 -0.004310
0.979575 -0.003941
0.983839 -0.003599
0.987612 -0.003290
0.990889 -0.003018
0.993667 -0.002785
0.995944 -0.002593
0.997717 -0.002443
0.998985 -0.002336
0.999746 -0.002271
1.000000 -0.002250