m9
1.000000 -0.000000
0.999737 0.000029
0.998948 0.000115
0.997634 0.000259
0.995796 0.000461
0.993437 0.000719
0.990558 0.001035
0.987162 0.001409
0.983253 0.001840
0.978836 0.002330
0.973914 0.002879
0.968494 0.003490
0.962580 0.004164
0.956180 0.004904
0.949300 0.005715
0.941949 0.006602
0.934135 0.007570
0.925866 0.008627
0.917153 0.009782
0.908006 0.011046
0.898437 0.012431
0.888456 0.013946
0.878074 0.015593
0.867302 0.017369
0.856149 0.019269
0.844627 0.021287
0.832746 0.023412
0.820517 0.025634
0.807950 0.027938
0.795057 0.030308
0.781849 0.032736
0.768341 0.035228
0.754551 0.037795
0.740493 0.040446
0.726185 0.043194
0.711645 0.046053
0.696890 0.049036
0.681936 0.052147
0.666794 0.055359
0.651474 0.058643
0.635984 0.061964
0.620334 0.065287
0.604532 0.068574
0.588589 0.071790
0.572518 0.074919
0.556336 0.077963
0.540062 0.080921
0.523713 0.083794
0.507308 0.086585
0.490864 0.089295
0.474398 0.091918
0.457925 0.094443
0.441461 0.096858
0.425021 0.099153
0.408620 0.101316
0.392275 0.103338
0.376001 0.105200
0.359816 0.106872
0.343737 0.108325
0.327781 0.109534
0.311966 0.110475
0.296308 0.111127
0.280827 0.111469
0.265549 0.111474
0.250497 0.111118
0.235695 0.110399
0.221159 0.109384
0.206902 0.108157
0.192938 0.106792
0.179286 0.105286
0.165968 0.103577
0.153005 0.101608
0.140420 0.099334
0.128252 0.096715
0.116548 0.093719
0.105346 0.090327
0.094677 0.086533
0.084569 0.082375
0.075048 0.077924
0.066114 0.073259
0.057702 0.068496
0.049743 0.063744
0.042230 0.059055
0.035301 0.054344
0.029083 0.049533
0.023651 0.044587
0.018978 0.039540
0.014923 0.034505
0.011370 0.029584
0.008296 0.024866
0.005761 0.020427
0.003775 0.016329
0.002306 0.012622
0.001289 0.009346
0.000640 0.006530
0.000268 0.004200
0.000086 0.002371
0.000017 0.001056
0.000001 0.000264
0.000000 0.000000
0.000006 -0.000251
0.000093 -0.000974
0.000454 -0.002075
0.001360 -0.003420
0.003091 -0.004854
0.005827 -0.006237
0.009528 -0.007489
0.013784 -0.008639
0.018107 -0.009751
0.022564 -0.010757
0.027468 -0.011557
0.033048 -0.012079
0.039277 -0.012315
0.046075 -0.012295
0.053309 -0.012091
0.060897 -0.011743
0.068855 -0.011221
0.077225 -0.010486
0.086037 -0.009533
0.095279 -0.008448
0.104930 -0.007352
0.114973 -0.006304
0.125405 -0.005281
0.136220 -0.004248
0.147415 -0.003159
0.158982 -0.001952
0.170873 -0.000483
0.183011 0.001448
0.195310 0.004070
0.207679 0.007618
0.220136 0.011967
0.232787 0.016681
0.245760 0.021257
0.259186 0.025168
0.273076 0.028293
0.287352 0.030792
0.301929 0.032853
0.316733 0.034625
0.331738 0.036121
0.346925 0.037327
0.362275 0.038230
0.377768 0.038820
0.393385 0.039087
0.409106 0.039023
0.424913 0.038657
0.440790 0.038043
0.456721 0.037240
0.472692 0.036308
0.488684 0.035311
0.504684 0.034310
0.520674 0.033336
0.536636 0.032361
0.552553 0.031353
0.568406 0.030279
0.584177 0.029109
0.599850 0.027813
0.615406 0.026374
0.630833 0.024818
0.646118 0.023186
0.661249 0.021514
0.676212 0.019836
0.690995 0.018187
0.705585 0.016597
0.719970 0.015081
0.734134 0.013632
0.748063 0.012244
0.761742 0.010912
0.775159 0.009629
0.788298 0.008391
0.801147 0.007193
0.813693 0.006038
0.825923 0.004940
0.837824 0.003918
0.849385 0.002986
0.860594 0.002153
0.871440 0.001429
0.881910 0.000818
0.891996 0.000322
0.901686 -0.000059
0.910970 -0.000332
0.919838 -0.000515
0.928280 -0.000626
0.936289 -0.000680
0.943854 -0.000691
0.950969 -0.000669
0.957626 -0.000624
0.963817 -0.000565
0.969537 -0.000496
0.974779 -0.000424
0.979538 -0.000352
0.983809 -0.000283
0.987588 -0.000219
0.990871 -0.000163
0.993655 -0.000113
0.995936 -0.000073
0.997713 -0.000041
0.998983 -0.000018
0.999746 -0.000005
1.000000 0.000000