marske5
1.000000 0.000000
0.999738 0.000033
0.998953 0.000133
0.997645 0.000298
0.995815 0.000530
0.993467 0.000827
0.990601 0.001190
0.987220 0.001618
0.983329 0.002110
0.978931 0.002666
0.974030 0.003285
0.968632 0.003966
0.962741 0.004709
0.956364 0.005511
0.949507 0.006372
0.942176 0.007290
0.934380 0.008262
0.926125 0.009288
0.917420 0.010365
0.908274 0.011489
0.898696 0.012659
0.888694 0.013871
0.878279 0.015125
0.867462 0.016419
0.856254 0.017753
0.844665 0.019127
0.832708 0.020540
0.820395 0.021993
0.807738 0.023486
0.794750 0.025021
0.781446 0.026602
0.767840 0.028236
0.753947 0.029934
0.739784 0.031705
0.725365 0.033563
0.710709 0.035520
0.695832 0.037589
0.680749 0.039773
0.665474 0.042052
0.650018 0.044402
0.634394 0.046796
0.618614 0.049205
0.602690 0.051601
0.586634 0.053954
0.570461 0.056257
0.554189 0.058510
0.537834 0.060714
0.521413 0.062869
0.504944 0.064977
0.488444 0.067039
0.471928 0.069049
0.455414 0.070998
0.438918 0.072877
0.422455 0.074677
0.406042 0.076391
0.389694 0.078011
0.373430 0.079540
0.357267 0.080988
0.341222 0.082366
0.325314 0.083682
0.309558 0.084947
0.293974 0.086170
0.278576 0.087355
0.263378 0.088504
0.248397 0.089618
0.233645 0.090684
0.219138 0.091649
0.204889 0.092462
0.190913 0.093075
0.177221 0.093447
0.163823 0.093539
0.150730 0.093322
0.137959 0.092761
0.125566 0.091768
0.113608 0.090259
0.102135 0.088169
0.091183 0.085476
0.080756 0.082292
0.070850 0.078766
0.061508 0.074935
0.052821 0.070736
0.044850 0.066140
0.037568 0.061252
0.030906 0.056238
0.024804 0.051234
0.019270 0.046299
0.014479 0.041318
0.010561 0.036208
0.007488 0.031055
0.005133 0.026037
0.003379 0.021292
0.002116 0.016921
0.001244 0.012993
0.000673 0.009555
0.000325 0.006633
0.000133 0.004240
0.000042 0.002382
0.000008 0.001057
0.000001 0.000264
0.000000 0.000000
0.000006 -0.000251
0.000092 -0.000971
0.000451 -0.002069
0.001353 -0.003412
0.003073 -0.004844
0.005796 -0.006226
0.009483 -0.007477
0.013727 -0.008623
0.018036 -0.009743
0.022463 -0.010830
0.027307 -0.011879
0.032800 -0.012891
0.038924 -0.013866
0.045610 -0.014814
0.052748 -0.015761
0.060257 -0.016727
0.068154 -0.017701
0.076477 -0.018666
0.085259 -0.019614
0.094483 -0.020554
0.104120 -0.021503
0.114149 -0.022471
0.124560 -0.023450
0.135346 -0.024431
0.146500 -0.025404
0.158013 -0.026359
0.169876 -0.027292
0.182075 -0.028209
0.194596 -0.029116
0.207424 -0.030020
0.220547 -0.030913
0.233953 -0.031772
0.247629 -0.032571
0.261564 -0.033289
0.275742 -0.033943
0.290146 -0.034571
0.304762 -0.035212
0.319572 -0.035888
0.334562 -0.036582
0.349718 -0.037271
0.365025 -0.037934
0.380468 -0.038545
0.396034 -0.039080
0.411707 -0.039514
0.427471 -0.039846
0.443310 -0.040083
0.459206 -0.040234
0.475143 -0.040310
0.491105 -0.040319
0.507074 -0.040274
0.523033 -0.040180
0.538968 -0.040044
0.554862 -0.039870
0.570701 -0.039662
0.586467 -0.039424
0.602146 -0.039163
0.617722 -0.038875
0.633178 -0.038541
0.648497 -0.038142
0.663661 -0.037656
0.678654 -0.037067
0.693460 -0.036358
0.708063 -0.035517
0.722447 -0.034547
0.736599 -0.033468
0.750505 -0.032297
0.764151 -0.031051
0.777524 -0.029748
0.790611 -0.028403
0.803399 -0.027030
0.815876 -0.025640
0.828029 -0.024240
0.839847 -0.022834
0.851319 -0.021427
0.862432 -0.020025
0.873176 -0.018633
0.883542 -0.017255
0.893518 -0.015898
0.903096 -0.014566
0.912266 -0.013265
0.921020 -0.012002
0.929350 -0.010782
0.937248 -0.009611
0.944706 -0.008494
0.951717 -0.007435
0.958276 -0.006438
0.964374 -0.005506
0.970007 -0.004641
0.975169 -0.003846
0.979855 -0.003122
0.984061 -0.002472
0.987781 -0.001896
0.991013 -0.001394
0.993753 -0.000969
0.995999 -0.000621
0.997748 -0.000349
0.998999 -0.000155
0.999750 -0.000039
1.000000 -0.000000