mh112
1.000000 0.000000
0.999744 -0.000001
0.998975 -0.000005
0.997694 -0.000009
0.995903 -0.000006
0.993604 0.000019
0.990799 0.000077
0.987490 0.000172
0.983683 0.000307
0.979381 0.000479
0.974587 0.000688
0.969308 0.000927
0.963547 0.001188
0.957311 0.001470
0.950605 0.001771
0.943437 0.002091
0.935814 0.002432
0.927743 0.002798
0.919233 0.003195
0.910293 0.003632
0.900933 0.004111
0.891161 0.004634
0.880988 0.005205
0.870425 0.005827
0.859482 0.006500
0.848171 0.007226
0.836502 0.008006
0.824489 0.008841
0.812143 0.009732
0.799477 0.010680
0.786504 0.011684
0.773237 0.012744
0.759690 0.013859
0.745876 0.015030
0.731809 0.016253
0.717503 0.017529
0.702974 0.018855
0.688235 0.020229
0.673302 0.021648
0.658188 0.023110
0.642910 0.024612
0.627483 0.026150
0.611922 0.027721
0.596242 0.029320
0.580459 0.030942
0.564588 0.032585
0.548645 0.034241
0.532647 0.035907
0.516607 0.037575
0.500543 0.039241
0.484470 0.040898
0.468404 0.042540
0.452360 0.044160
0.436353 0.045750
0.420400 0.047304
0.404516 0.048813
0.388717 0.050271
0.373018 0.051668
0.357434 0.052996
0.341980 0.054248
0.326673 0.055413
0.311527 0.056483
0.296557 0.057449
0.281778 0.058302
0.267206 0.059030
0.252856 0.059624
0.238743 0.060074
0.224882 0.060369
0.211289 0.060499
0.197979 0.060454
0.184968 0.060218
0.172273 0.059779
0.159911 0.059114
0.147903 0.058193
0.136267 0.056997
0.125026 0.055522
0.114200 0.053777
0.103807 0.051780
0.093859 0.049567
0.084367 0.047178
0.075340 0.044647
0.066789 0.041997
0.058722 0.039253
0.051149 0.036434
0.044080 0.033555
0.037520 0.030638
0.031482 0.027697
0.025976 0.024754
0.021004 0.021833
0.016572 0.018950
0.012678 0.016132
0.009320 0.013411
0.006529 0.010810
0.004295 0.008370
0.002584 0.006146
0.001363 0.004194
0.000609 0.002574
0.000192 0.001358
0.000028 0.000604
0.000014 0.000349
0.000013 0.000129
0.000038 -0.000529
0.000399 -0.001558
0.001278 -0.002811
0.002653 -0.004217
0.004514 -0.005731
0.006847 -0.007331
0.009655 -0.008987
0.012927 -0.010678
0.016662 -0.012379
0.020858 -0.014066
0.025503 -0.015735
0.030581 -0.017381
0.036090 -0.018991
0.042022 -0.020557
0.048366 -0.022080
0.055115 -0.023552
0.062260 -0.024969
0.069790 -0.026332
0.077695 -0.027640
0.085968 -0.028889
0.094597 -0.030078
0.103572 -0.031208
0.112884 -0.032275
0.122522 -0.033279
0.132475 -0.034220
0.142732 -0.035097
0.153282 -0.035910
0.164115 -0.036661
0.175217 -0.037350
0.186577 -0.037978
0.198184 -0.038548
0.210024 -0.039060
0.222086 -0.039515
0.234357 -0.039915
0.246825 -0.040260
0.259476 -0.040553
0.272297 -0.040793
0.285276 -0.040980
0.298399 -0.041117
0.311652 -0.041204
0.325023 -0.041243
0.338497 -0.041234
0.352060 -0.041178
0.365699 -0.041078
0.379401 -0.040932
0.393150 -0.040744
0.406933 -0.040513
0.420737 -0.040243
0.434546 -0.039935
0.448348 -0.039591
0.462129 -0.039215
0.475873 -0.038809
0.489568 -0.038377
0.503200 -0.037919
0.516755 -0.037438
0.530219 -0.036934
0.543579 -0.036407
0.556822 -0.035858
0.569933 -0.035289
0.582899 -0.034699
0.595709 -0.034090
0.608347 -0.033464
0.620803 -0.032822
0.633063 -0.032168
0.645116 -0.031503
0.656948 -0.030830
0.668548 -0.030150
0.679905 -0.029466
0.691007 -0.028780
0.701843 -0.028094
0.712403 -0.027409
0.722675 -0.026727
0.732649 -0.026050
0.742315 -0.025380
0.751664 -0.024720
0.760686 -0.024070
0.769373 -0.023433
0.777715 -0.022811
0.785705 -0.022206
0.793333 -0.021619
0.800594 -0.021052
0.807479 -0.020506
0.813981 -0.019981
0.820095 -0.019481
0.825813 -0.019005
0.831131 -0.018556
0.836043 -0.018137
0.840544 -0.017750
0.844630 -0.017396
0.848297 -0.017077
0.851541 -0.016794
0.854360 -0.016548
0.856749 -0.016338
0.858707 -0.016167
0.860232 -0.016033
0.861323 -0.015937
0.861978 -0.015880
0.862196 -0.015861