mh121
1.000000 0.000000
0.999752 0.000064
0.999008 0.000256
0.997770 0.000578
0.996042 0.001040
0.993830 0.001660
0.991139 0.002445
0.987973 0.003396
0.984330 0.004499
0.980211 0.005738
0.975615 0.007096
0.970537 0.008541
0.964977 0.010049
0.958938 0.011606
0.952424 0.013199
0.945442 0.014822
0.938000 0.016477
0.930109 0.018171
0.921780 0.019916
0.913021 0.021713
0.903842 0.023561
0.894253 0.025462
0.884263 0.027412
0.873883 0.029407
0.863121 0.031443
0.851990 0.033514
0.840498 0.035617
0.828658 0.037747
0.816481 0.039896
0.803978 0.042054
0.791160 0.044210
0.778037 0.046348
0.764622 0.048450
0.750924 0.050498
0.736958 0.052473
0.722735 0.054361
0.708270 0.056148
0.693577 0.057823
0.678672 0.059380
0.663572 0.060814
0.648291 0.062120
0.632848 0.063295
0.617258 0.064338
0.601539 0.065250
0.585708 0.066036
0.569783 0.066705
0.553781 0.067262
0.537719 0.067711
0.521613 0.068053
0.505481 0.068293
0.489340 0.068430
0.473206 0.068466
0.457097 0.068404
0.441029 0.068243
0.425019 0.067986
0.409084 0.067635
0.393240 0.067189
0.377504 0.066653
0.361893 0.066027
0.346421 0.065313
0.331106 0.064513
0.315964 0.063627
0.301010 0.062659
0.286259 0.061610
0.271728 0.060484
0.257431 0.059282
0.243383 0.058006
0.229599 0.056658
0.216094 0.055241
0.202881 0.053759
0.189975 0.052214
0.177388 0.050609
0.165135 0.048946
0.153228 0.047229
0.141681 0.045460
0.130504 0.043644
0.119711 0.041784
0.109312 0.039883
0.099320 0.037945
0.089744 0.035973
0.080597 0.033970
0.071889 0.031940
0.063630 0.029890
0.055829 0.027820
0.048496 0.025731
0.041639 0.023629
0.035273 0.021516
0.029408 0.019397
0.024052 0.017282
0.019213 0.015174
0.014894 0.013081
0.011097 0.011023
0.007866 0.008994
0.005226 0.007008
0.003155 0.005120
0.001622 0.003406
0.000623 0.001926
0.000088 0.000758
0.000000 0.000000
0.000002 -0.000257
0.000049 -0.000502
0.000479 -0.001149
0.001360 -0.002038
0.002804 -0.003069
0.004775 -0.004184
0.007283 -0.005354
0.010328 -0.006545
0.013894 -0.007738
0.017980 -0.008901
0.022581 -0.010021
0.027682 -0.011101
0.033276 -0.012133
0.039355 -0.013116
0.045908 -0.014062
0.052927 -0.014968
0.060403 -0.015835
0.068328 -0.016666
0.076693 -0.017462
0.085488 -0.018220
0.094704 -0.018940
0.104331 -0.019623
0.114360 -0.020267
0.124779 -0.020869
0.135577 -0.021429
0.146744 -0.021945
0.158269 -0.022415
0.170138 -0.022836
0.182340 -0.023208
0.194863 -0.023527
0.207694 -0.023792
0.220819 -0.023999
0.234224 -0.024143
0.247898 -0.024219
0.261824 -0.024220
0.275988 -0.024137
0.290377 -0.023959
0.304974 -0.023680
0.319764 -0.023299
0.334732 -0.022815
0.349861 -0.022231
0.365137 -0.021549
0.380543 -0.020776
0.396065 -0.019915
0.411685 -0.018975
0.427388 -0.017961
0.443160 -0.016881
0.458983 -0.015746
0.474844 -0.014568
0.490727 -0.013363
0.506616 -0.012142
0.522497 -0.010915
0.538354 -0.009689
0.554171 -0.008473
0.569934 -0.007274
0.585626 -0.006098
0.601232 -0.004950
0.616737 -0.003835
0.632125 -0.002759
0.647381 -0.001727
0.662490 -0.000741
0.677436 0.000194
0.692205 0.001074
0.706781 0.001898
0.721150 0.002662
0.735297 0.003365
0.749209 0.004005
0.762870 0.004580
0.776267 0.005091
0.789386 0.005536
0.802213 0.005914
0.814736 0.006227
0.826942 0.006475
0.838817 0.006658
0.850351 0.006779
0.861530 0.006839
0.872343 0.006839
0.882779 0.006782
0.892827 0.006671
0.902477 0.006509
0.911719 0.006298
0.920543 0.006042
0.928940 0.005746
0.936901 0.005412
0.944419 0.005045
0.951485 0.004651
0.958092 0.004234
0.964234 0.003800
0.969904 0.003355
0.975097 0.002906
0.979808 0.002462
0.984033 0.002030
0.987768 0.001619
0.991009 0.001236
0.993755 0.000888
0.996002 0.000584
0.997750 0.000333
0.999000 0.000149
0.999750 0.000037
1.000000 -0.000000