mh20
1.000000 0.000000
0.999744 -0.000001
0.998976 -0.000003
0.997697 -0.000006
0.995909 -0.000003
0.993613 0.000015
0.990811 0.000057
0.987507 0.000132
0.983704 0.000244
0.979407 0.000401
0.974620 0.000611
0.969349 0.000878
0.963600 0.001209
0.957379 0.001608
0.950692 0.002082
0.943547 0.002633
0.935953 0.003265
0.927916 0.003979
0.919447 0.004778
0.910552 0.005662
0.901243 0.006632
0.891528 0.007689
0.881417 0.008833
0.870922 0.010063
0.860053 0.011378
0.848820 0.012776
0.837236 0.014256
0.825312 0.015814
0.813059 0.017448
0.800491 0.019154
0.787618 0.020928
0.774455 0.022767
0.761014 0.024663
0.747307 0.026613
0.733349 0.028609
0.719152 0.030646
0.704730 0.032716
0.690097 0.034813
0.675267 0.036928
0.660253 0.039054
0.645071 0.041183
0.629735 0.043307
0.614260 0.045418
0.598659 0.047502
0.582945 0.049537
0.567133 0.051500
0.551235 0.053366
0.535267 0.055115
0.519244 0.056723
0.503181 0.058176
0.487097 0.059474
0.471009 0.060622
0.454936 0.061625
0.438896 0.062493
0.422907 0.063236
0.406985 0.063860
0.391149 0.064367
0.375414 0.064756
0.359797 0.065025
0.344315 0.065175
0.328984 0.065205
0.313821 0.065113
0.298842 0.064896
0.284063 0.064551
0.269500 0.064076
0.255170 0.063470
0.241089 0.062732
0.227271 0.061863
0.213733 0.060862
0.200490 0.059729
0.187556 0.058467
0.174948 0.057077
0.162680 0.055563
0.150765 0.053929
0.139217 0.052181
0.128051 0.050325
0.117278 0.048367
0.106912 0.046313
0.096964 0.044170
0.087447 0.041946
0.078374 0.039644
0.069754 0.037275
0.061600 0.034844
0.053923 0.032361
0.046730 0.029838
0.040032 0.027286
0.033838 0.024718
0.028155 0.022153
0.022990 0.019602
0.018350 0.017081
0.014234 0.014615
0.010660 0.012217
0.007629 0.009913
0.005131 0.007741
0.003175 0.005731
0.001741 0.003930
0.000815 0.002407
0.000279 0.001242
0.000031 0.000508
0.000008 0.000254
0.000000 0.000000
0.000044 -0.000752
0.000677 -0.001850
0.001920 -0.003103
0.003735 -0.004469
0.006092 -0.005925
0.008995 -0.007422
0.012457 -0.008900
0.016475 -0.010328
0.021015 -0.011718
0.026059 -0.013065
0.031605 -0.014348
0.037647 -0.015562
0.044177 -0.016699
0.051186 -0.017754
0.058660 -0.018734
0.066587 -0.019640
0.074958 -0.020470
0.083763 -0.021226
0.092993 -0.021911
0.102637 -0.022523
0.112683 -0.023065
0.123121 -0.023542
0.133939 -0.023954
0.145126 -0.024306
0.156670 -0.024602
0.168558 -0.024844
0.180779 -0.025036
0.193320 -0.025182
0.206168 -0.025285
0.219309 -0.025348
0.232732 -0.025375
0.246421 -0.025370
0.260363 -0.025334
0.274545 -0.025270
0.288951 -0.025179
0.303567 -0.025064
0.318379 -0.024927
0.333371 -0.024770
0.348528 -0.024594
0.363836 -0.024398
0.379278 -0.024181
0.394839 -0.023943
0.410504 -0.023686
0.426256 -0.023411
0.442080 -0.023121
0.457960 -0.022813
0.473880 -0.022490
0.489823 -0.022150
0.505775 -0.021795
0.521717 -0.021426
0.537636 -0.021044
0.553514 -0.020652
0.569336 -0.020247
0.585085 -0.019832
0.600746 -0.019405
0.616303 -0.018967
0.631740 -0.018521
0.647042 -0.018068
0.662194 -0.017608
0.677179 -0.017140
0.691984 -0.016666
0.706593 -0.016184
0.720991 -0.015697
0.735164 -0.015206
0.749097 -0.014712
0.762778 -0.014215
0.776190 -0.013714
0.789323 -0.013210
0.802161 -0.012703
0.814692 -0.012194
0.826904 -0.011684
0.838784 -0.011175
0.850320 -0.010665
0.861500 -0.010154
0.872314 -0.009642
0.882750 -0.009129
0.892797 -0.008617
0.902446 -0.008107
0.911687 -0.007598
0.920510 -0.007088
0.928907 -0.006576
0.936868 -0.006061
0.944385 -0.005535
0.951449 -0.004996
0.958054 -0.004442
0.964193 -0.003879
0.969859 -0.003315
0.975048 -0.002758
0.979755 -0.002224
0.983978 -0.001732
0.987714 -0.001294
0.990960 -0.000918
0.993714 -0.000613
0.995973 -0.000378
0.997733 -0.000208
0.998992 -0.000092
0.999748 -0.000023
1.000000 0.000000