mh23
1.000000 0.000000
0.999745 0.000015
0.998982 0.000060
0.997711 0.000136
0.995933 0.000251
0.993652 0.000417
0.990870 0.000646
0.987592 0.000946
0.983822 0.001326
0.979565 0.001793
0.974826 0.002354
0.969610 0.003014
0.963926 0.003777
0.957777 0.004646
0.951173 0.005623
0.944118 0.006708
0.936622 0.007899
0.928692 0.009196
0.920335 0.010595
0.911558 0.012089
0.902371 0.013669
0.892780 0.015327
0.882793 0.017047
0.872416 0.018809
0.861657 0.020587
0.850522 0.022351
0.839019 0.024076
0.827159 0.025752
0.814953 0.027365
0.802415 0.028912
0.789558 0.030398
0.776398 0.031834
0.762949 0.033229
0.749227 0.034584
0.735244 0.035901
0.721016 0.037179
0.706558 0.038417
0.691883 0.039612
0.677006 0.040760
0.661944 0.041863
0.646711 0.042921
0.631324 0.043936
0.615798 0.044906
0.600148 0.045828
0.584391 0.046699
0.568542 0.047517
0.552618 0.048281
0.536634 0.048991
0.520608 0.049644
0.504556 0.050240
0.488493 0.050776
0.472436 0.051249
0.456402 0.051660
0.440407 0.052008
0.424467 0.052292
0.408598 0.052511
0.392818 0.052661
0.377141 0.052741
0.361584 0.052751
0.346163 0.052689
0.330895 0.052555
0.315793 0.052349
0.300875 0.052067
0.286156 0.051710
0.271651 0.051275
0.257375 0.050764
0.243343 0.050175
0.229569 0.049508
0.216069 0.048762
0.202857 0.047935
0.189947 0.047026
0.177352 0.046036
0.165087 0.044966
0.153164 0.043816
0.141597 0.042585
0.130399 0.041275
0.119583 0.039886
0.109160 0.038420
0.099143 0.036879
0.089544 0.035265
0.080375 0.033579
0.071646 0.031824
0.063369 0.030004
0.055556 0.028121
0.048216 0.026181
0.041361 0.024191
0.035002 0.022153
0.029146 0.020079
0.023804 0.017980
0.018992 0.015860
0.014713 0.013740
0.010980 0.011636
0.007803 0.009562
0.005173 0.007560
0.003119 0.005659
0.001653 0.003902
0.000727 0.002382
0.000232 0.001208
0.000028 0.000466
0.000008 0.000213
0.000009 -0.000042
0.000150 -0.000780
0.000931 -0.001776
0.002319 -0.002868
0.004260 -0.004044
0.006725 -0.005304
0.009723 -0.006593
0.013268 -0.007853
0.017350 -0.009071
0.021937 -0.010275
0.027016 -0.011465
0.032584 -0.012622
0.038640 -0.013737
0.045178 -0.014802
0.052188 -0.015812
0.059659 -0.016770
0.067579 -0.017680
0.075942 -0.018539
0.084736 -0.019347
0.093953 -0.020107
0.103583 -0.020820
0.113615 -0.021488
0.124037 -0.022117
0.134839 -0.022706
0.146010 -0.023259
0.157538 -0.023776
0.169411 -0.024260
0.181616 -0.024707
0.194142 -0.025118
0.206976 -0.025493
0.220105 -0.025832
0.233514 -0.026136
0.247191 -0.026407
0.261122 -0.026641
0.275292 -0.026836
0.289688 -0.026991
0.304294 -0.027106
0.319096 -0.027183
0.334078 -0.027224
0.349226 -0.027230
0.364524 -0.027203
0.379957 -0.027144
0.395509 -0.027053
0.411165 -0.026933
0.426908 -0.026787
0.442723 -0.026617
0.458593 -0.026422
0.474504 -0.026202
0.490438 -0.025956
0.506379 -0.025687
0.522313 -0.025395
0.538222 -0.025082
0.554090 -0.024750
0.569902 -0.024398
0.585641 -0.024024
0.601292 -0.023630
0.616839 -0.023215
0.632266 -0.022782
0.647557 -0.022333
0.662698 -0.021866
0.677673 -0.021380
0.692466 -0.020873
0.707063 -0.020347
0.721449 -0.019802
0.735609 -0.019241
0.749530 -0.018666
0.763197 -0.018073
0.776596 -0.017463
0.789714 -0.016833
0.802537 -0.016181
0.815051 -0.015506
0.827245 -0.014805
0.839106 -0.014084
0.850622 -0.013350
0.861781 -0.012609
0.872574 -0.011866
0.882989 -0.011122
0.893015 -0.010378
0.902642 -0.009634
0.911860 -0.008883
0.920658 -0.008117
0.929028 -0.007333
0.936960 -0.006540
0.944449 -0.005747
0.951486 -0.004968
0.958066 -0.004215
0.964185 -0.003504
0.969837 -0.002846
0.975018 -0.002250
0.979723 -0.001725
0.983948 -0.001277
0.987689 -0.000906
0.990941 -0.000610
0.993701 -0.000387
0.995964 -0.000228
0.997728 -0.000122
0.998990 -0.000053
0.999747 -0.000013
1.000000 -0.000000