mh26
1.000000 0.000000
0.999745 0.000028
0.998979 0.000113
0.997704 0.000259
0.995923 0.000481
0.993643 0.000811
0.990870 0.001276
0.987611 0.001894
0.983871 0.002669
0.979656 0.003596
0.974972 0.004680
0.969824 0.005923
0.964218 0.007322
0.958158 0.008871
0.951648 0.010568
0.944696 0.012402
0.937304 0.014361
0.929479 0.016436
0.921225 0.018615
0.912548 0.020884
0.903452 0.023226
0.893945 0.025625
0.884030 0.028064
0.873714 0.030516
0.863001 0.032953
0.851896 0.035340
0.840407 0.037649
0.828545 0.039868
0.816323 0.041988
0.803756 0.044007
0.790860 0.045931
0.777650 0.047775
0.764145 0.049547
0.750357 0.051252
0.736303 0.052888
0.721997 0.054458
0.707454 0.055959
0.692689 0.057387
0.677719 0.058742
0.662557 0.060024
0.647222 0.061235
0.631728 0.062377
0.616091 0.063447
0.600329 0.064443
0.584456 0.065362
0.568490 0.066204
0.552447 0.066967
0.536343 0.067651
0.520195 0.068255
0.504020 0.068777
0.487834 0.069214
0.471654 0.069565
0.455497 0.069830
0.439379 0.070010
0.423318 0.070103
0.407330 0.070107
0.391431 0.070020
0.375638 0.069841
0.359967 0.069570
0.344435 0.069208
0.329058 0.068754
0.313853 0.068206
0.298835 0.067565
0.284019 0.066828
0.269423 0.065996
0.255061 0.065071
0.240948 0.064053
0.227100 0.062941
0.213532 0.061733
0.200259 0.060430
0.187295 0.059033
0.174654 0.057543
0.162351 0.055963
0.150400 0.054292
0.138814 0.052532
0.127606 0.050685
0.116791 0.048753
0.106380 0.046739
0.096385 0.044648
0.086821 0.042481
0.077699 0.040242
0.069030 0.037936
0.060827 0.035566
0.053103 0.033140
0.045865 0.030667
0.039128 0.028151
0.032899 0.025603
0.027189 0.023034
0.022015 0.020454
0.017385 0.017885
0.013305 0.015344
0.009781 0.012846
0.006804 0.010426
0.004394 0.008119
0.002585 0.005964
0.001331 0.004030
0.000564 0.002410
0.000165 0.001188
0.000017 0.000429
0.000004 0.000173
0.000007 -0.000082
0.000109 -0.000835
0.000736 -0.001937
0.001969 -0.003206
0.003770 -0.004602
0.006114 -0.006089
0.009004 -0.007626
0.012457 -0.009162
0.016460 -0.010682
0.020972 -0.012207
0.025979 -0.013728
0.031483 -0.015224
0.037484 -0.016685
0.043976 -0.018104
0.050950 -0.019473
0.058391 -0.020797
0.066287 -0.022079
0.074629 -0.023313
0.083410 -0.024500
0.092618 -0.025640
0.102244 -0.026733
0.112276 -0.027782
0.122704 -0.028789
0.133514 -0.029755
0.144697 -0.030680
0.156240 -0.031565
0.168131 -0.032410
0.180359 -0.033214
0.192910 -0.033974
0.205771 -0.034691
0.218930 -0.035363
0.232372 -0.035993
0.246084 -0.036578
0.260052 -0.037117
0.274261 -0.037606
0.288698 -0.038043
0.303347 -0.038429
0.318194 -0.038765
0.333222 -0.039052
0.348418 -0.039291
0.363765 -0.039483
0.379248 -0.039628
0.394850 -0.039728
0.410557 -0.039784
0.426353 -0.039798
0.442220 -0.039772
0.458144 -0.039704
0.474107 -0.039595
0.490094 -0.039442
0.506089 -0.039248
0.522076 -0.039013
0.538037 -0.038740
0.553958 -0.038428
0.569822 -0.038076
0.585612 -0.037683
0.601313 -0.037249
0.616909 -0.036774
0.632384 -0.036260
0.647722 -0.035709
0.662908 -0.035116
0.677926 -0.034481
0.692761 -0.033802
0.707397 -0.033078
0.721820 -0.032312
0.736015 -0.031504
0.749967 -0.030654
0.763662 -0.029757
0.777086 -0.028809
0.790224 -0.027804
0.803060 -0.026730
0.815581 -0.025576
0.827773 -0.024342
0.839623 -0.023040
0.851121 -0.021684
0.862255 -0.020290
0.873016 -0.018878
0.883396 -0.017464
0.893385 -0.016064
0.902973 -0.014682
0.912150 -0.013313
0.920906 -0.011956
0.929232 -0.010616
0.937123 -0.009307
0.944571 -0.008042
0.951571 -0.006834
0.958119 -0.005703
0.964211 -0.004664
0.969842 -0.003728
0.975008 -0.002902
0.979704 -0.002190
0.983925 -0.001591
0.987665 -0.001100
0.990920 -0.000718
0.993684 -0.000441
0.995952 -0.000253
0.997721 -0.000133
0.998987 -0.000058
0.999747 -0.000014
1.000000 -0.000000