mh43
1.000000 0.000000
0.999745 0.000011
0.998979 0.000043
0.997703 0.000099
0.995920 0.000180
0.993630 0.000293
0.990837 0.000443
0.987543 0.000635
0.983753 0.000870
0.979469 0.001153
0.974698 0.001488
0.969443 0.001875
0.963711 0.002316
0.957508 0.002813
0.950839 0.003369
0.943712 0.003985
0.936134 0.004662
0.928114 0.005400
0.919659 0.006202
0.910777 0.007065
0.901479 0.007993
0.891774 0.008985
0.881672 0.010042
0.871183 0.011166
0.860318 0.012356
0.849088 0.013614
0.837505 0.014940
0.825581 0.016332
0.813327 0.017789
0.800756 0.019308
0.787880 0.020884
0.774711 0.022510
0.761263 0.024179
0.747547 0.025886
0.733579 0.027625
0.719370 0.029390
0.704934 0.031174
0.690286 0.032970
0.675440 0.034770
0.660409 0.036565
0.645209 0.038348
0.629854 0.040113
0.614358 0.041850
0.598737 0.043551
0.583006 0.045206
0.567180 0.046806
0.551275 0.048343
0.535306 0.049809
0.519289 0.051197
0.503241 0.052501
0.487178 0.053714
0.471116 0.054830
0.455071 0.055843
0.439060 0.056750
0.423101 0.057546
0.407209 0.058229
0.391401 0.058795
0.375694 0.059240
0.360104 0.059564
0.344649 0.059766
0.329344 0.059846
0.314206 0.059804
0.299252 0.059641
0.284497 0.059361
0.269957 0.058964
0.255647 0.058453
0.241584 0.057828
0.227782 0.057093
0.214256 0.056245
0.201022 0.055285
0.188094 0.054214
0.175486 0.053034
0.163213 0.051747
0.151288 0.050357
0.139724 0.048866
0.128536 0.047276
0.117736 0.045591
0.107337 0.043816
0.097350 0.041954
0.087789 0.040009
0.078666 0.037984
0.069992 0.035886
0.061779 0.033718
0.054039 0.031486
0.046781 0.029200
0.040018 0.026865
0.033760 0.024488
0.028016 0.022083
0.022799 0.019659
0.018121 0.017232
0.013982 0.014827
0.010397 0.012460
0.007364 0.010162
0.004875 0.007976
0.002959 0.005933
0.001589 0.004091
0.000725 0.002533
0.000244 0.001347
0.000038 0.000604
0.000019 0.000350
0.000015 0.000096
0.000080 -0.000657
0.000697 -0.001762
0.001917 -0.003037
0.003712 -0.004431
0.006056 -0.005907
0.008955 -0.007408
0.012424 -0.008877
0.016448 -0.010302
0.020982 -0.011708
0.026015 -0.013084
0.031549 -0.014414
0.037577 -0.015690
0.044094 -0.016904
0.051090 -0.018049
0.058550 -0.019126
0.066465 -0.020132
0.074826 -0.021057
0.083623 -0.021899
0.092848 -0.022655
0.102488 -0.023323
0.112532 -0.023907
0.122969 -0.024411
0.133786 -0.024837
0.144973 -0.025195
0.156516 -0.025489
0.168405 -0.025722
0.180626 -0.025896
0.193167 -0.026015
0.206015 -0.026081
0.219157 -0.026098
0.232579 -0.026069
0.246269 -0.025996
0.260210 -0.025880
0.274391 -0.025722
0.288796 -0.025525
0.303411 -0.025289
0.318220 -0.025018
0.333210 -0.024712
0.348365 -0.024373
0.363669 -0.024001
0.379108 -0.023598
0.394665 -0.023166
0.410325 -0.022708
0.426072 -0.022226
0.441891 -0.021722
0.457765 -0.021198
0.473679 -0.020654
0.489616 -0.020091
0.505560 -0.019513
0.521496 -0.018921
0.537408 -0.018318
0.553279 -0.017705
0.569093 -0.017083
0.584835 -0.016451
0.600489 -0.015813
0.616039 -0.015168
0.631469 -0.014520
0.646764 -0.013869
0.661908 -0.013217
0.676887 -0.012565
0.691685 -0.011913
0.706287 -0.011266
0.720679 -0.010626
0.734846 -0.009997
0.748775 -0.009379
0.762451 -0.008775
0.775860 -0.008185
0.788990 -0.007611
0.801826 -0.007054
0.814356 -0.006517
0.826567 -0.006001
0.838448 -0.005507
0.849985 -0.005035
0.861168 -0.004586
0.871985 -0.004158
0.882426 -0.003754
0.892479 -0.003375
0.902135 -0.003019
0.911384 -0.002688
0.920217 -0.002380
0.928624 -0.002094
0.936597 -0.001831
0.944128 -0.001589
0.951210 -0.001370
0.957835 -0.001173
0.963997 -0.000994
0.969688 -0.000832
0.974905 -0.000684
0.979640 -0.000550
0.983890 -0.000431
0.987650 -0.000324
0.990917 -0.000232
0.993686 -0.000156
0.995956 -0.000097
0.997724 -0.000054
0.998988 -0.000024
0.999747 -0.000006
1.000000 0.000000