mh45
1.000000 0.000000
0.999743 -0.000008
0.998972 -0.000032
0.997688 -0.000070
0.995893 -0.000117
0.993586 -0.000160
0.990772 -0.000189
0.987452 -0.000194
0.983631 -0.000163
0.979313 -0.000087
0.974502 0.000042
0.969204 0.000230
0.963425 0.000479
0.957172 0.000794
0.950450 0.001177
0.943266 0.001628
0.935630 0.002151
0.927548 0.002746
0.919029 0.003418
0.910083 0.004167
0.900718 0.004996
0.890945 0.005907
0.880774 0.006901
0.870215 0.007981
0.859281 0.009151
0.847982 0.010413
0.836331 0.011771
0.824340 0.013226
0.812021 0.014775
0.799388 0.016418
0.786452 0.018148
0.773225 0.019959
0.759721 0.021841
0.745952 0.023784
0.731930 0.025780
0.717670 0.027820
0.703184 0.029894
0.688485 0.031992
0.673587 0.034100
0.658503 0.036208
0.643248 0.038302
0.627836 0.040372
0.612280 0.042409
0.596597 0.044402
0.580802 0.046343
0.564908 0.048223
0.548934 0.050033
0.532893 0.051768
0.516803 0.053421
0.500679 0.054987
0.484539 0.056461
0.468398 0.057841
0.452274 0.059125
0.436184 0.060310
0.420143 0.061393
0.404169 0.062370
0.388278 0.063239
0.372487 0.063996
0.356811 0.064637
0.341269 0.065159
0.325876 0.065560
0.310648 0.065835
0.295602 0.065981
0.280754 0.065993
0.266120 0.065865
0.251716 0.065594
0.237559 0.065180
0.223664 0.064620
0.210047 0.063914
0.196724 0.063063
0.183710 0.062068
0.171020 0.060930
0.158670 0.059650
0.146674 0.058232
0.135047 0.056676
0.123803 0.054987
0.112957 0.053168
0.102522 0.051220
0.092513 0.049149
0.082944 0.046957
0.073831 0.044645
0.065186 0.042215
0.057025 0.039673
0.049365 0.037023
0.042217 0.034279
0.035598 0.031448
0.029521 0.028538
0.023998 0.025572
0.019050 0.022567
0.014688 0.019553
0.010913 0.016566
0.007731 0.013637
0.005119 0.010816
0.003089 0.008163
0.001653 0.005742
0.000738 0.003628
0.000228 0.001902
0.000039 0.000632
0.000015 -0.000139
0.000014 -0.000396
0.000027 -0.000650
0.000196 -0.001394
0.000798 -0.002507
0.001987 -0.003818
0.003739 -0.005267
0.006043 -0.006811
0.008891 -0.008418
0.012295 -0.010039
0.016253 -0.011649
0.020729 -0.013259
0.025703 -0.014870
0.031175 -0.016459
0.037143 -0.018018
0.043603 -0.019535
0.050547 -0.021001
0.057962 -0.022410
0.065836 -0.023757
0.074162 -0.025030
0.082931 -0.026217
0.092133 -0.027309
0.101757 -0.028302
0.111792 -0.029194
0.122223 -0.029984
0.133041 -0.030673
0.144232 -0.031264
0.155782 -0.031762
0.167681 -0.032169
0.179915 -0.032487
0.192470 -0.032720
0.205333 -0.032871
0.218491 -0.032944
0.231929 -0.032945
0.245635 -0.032878
0.259594 -0.032747
0.273792 -0.032552
0.288214 -0.032300
0.302845 -0.031991
0.317671 -0.031630
0.332677 -0.031220
0.347847 -0.030764
0.363166 -0.030264
0.378619 -0.029725
0.394191 -0.029150
0.409865 -0.028544
0.425626 -0.027910
0.441459 -0.027252
0.457347 -0.026574
0.473274 -0.025877
0.489224 -0.025165
0.505183 -0.024440
0.521132 -0.023706
0.537058 -0.022966
0.552942 -0.022223
0.568771 -0.021477
0.584527 -0.020731
0.600195 -0.019986
0.615760 -0.019245
0.631205 -0.018509
0.646515 -0.017781
0.661675 -0.017061
0.676669 -0.016349
0.691483 -0.015648
0.706101 -0.014956
0.720509 -0.014275
0.734692 -0.013605
0.748636 -0.012948
0.762327 -0.012304
0.775751 -0.011671
0.788894 -0.011052
0.801744 -0.010447
0.814287 -0.009857
0.826510 -0.009285
0.838403 -0.008730
0.849952 -0.008192
0.861145 -0.007671
0.871973 -0.007167
0.882422 -0.006679
0.892484 -0.006209
0.902148 -0.005757
0.911404 -0.005322
0.920243 -0.004902
0.928655 -0.004497
0.936633 -0.004107
0.944168 -0.003731
0.951252 -0.003371
0.957880 -0.003025
0.964042 -0.002691
0.969734 -0.002364
0.974949 -0.002044
0.979682 -0.001730
0.983928 -0.001423
0.987682 -0.001126
0.990942 -0.000847
0.993705 -0.000598
0.995968 -0.000386
0.997731 -0.000218
0.998991 -0.000097
0.999748 -0.000024
1.000000 0.000000