mh92
1.000000 0.000000
0.999738 0.000000
0.998954 0.000002
0.997647 0.000006
0.995820 0.000019
0.993474 0.000052
0.990612 0.000115
0.987236 0.000218
0.983352 0.000366
0.978963 0.000567
0.974075 0.000828
0.968692 0.001157
0.962822 0.001558
0.956470 0.002037
0.949644 0.002600
0.942351 0.003252
0.934600 0.003995
0.926400 0.004833
0.917758 0.005770
0.908684 0.006807
0.899188 0.007946
0.889281 0.009187
0.878972 0.010532
0.868273 0.011979
0.857194 0.013528
0.845747 0.015177
0.833943 0.016925
0.821795 0.018768
0.809314 0.020703
0.796514 0.022727
0.783405 0.024834
0.770003 0.027021
0.756318 0.029281
0.742365 0.031609
0.728158 0.033998
0.713709 0.036441
0.699032 0.038932
0.684141 0.041463
0.669051 0.044025
0.653776 0.046611
0.638330 0.049213
0.622727 0.051821
0.606983 0.054426
0.591111 0.057020
0.575128 0.059593
0.559048 0.062136
0.542886 0.064639
0.526658 0.067093
0.510379 0.069488
0.494065 0.071816
0.477732 0.074065
0.461396 0.076227
0.445072 0.078292
0.428777 0.080252
0.412527 0.082097
0.396338 0.083817
0.380226 0.085405
0.364209 0.086852
0.348303 0.088147
0.332524 0.089284
0.316890 0.090254
0.301417 0.091048
0.286122 0.091660
0.271023 0.092078
0.256138 0.092296
0.241482 0.092302
0.227076 0.092082
0.212936 0.091623
0.199083 0.090914
0.185536 0.089946
0.172315 0.088713
0.159441 0.087212
0.146934 0.085442
0.134814 0.083403
0.123105 0.081091
0.111831 0.078501
0.101014 0.075637
0.090675 0.072516
0.080833 0.069158
0.071505 0.065589
0.062704 0.061838
0.054443 0.057934
0.046747 0.053885
0.039636 0.049706
0.033128 0.045421
0.027242 0.041059
0.021982 0.036661
0.017347 0.032283
0.013325 0.027982
0.009897 0.023812
0.007058 0.019817
0.004778 0.016043
0.003021 0.012550
0.001756 0.009406
0.000917 0.006667
0.000414 0.004376
0.000146 0.002567
0.000032 0.001264
0.000003 0.000480
0.000001 0.000218
0.000002 -0.000038
0.000020 -0.000808
0.000109 -0.002087
0.000396 -0.003856
0.001157 -0.006025
0.002768 -0.008319
0.005126 -0.010643
0.008122 -0.013000
0.011705 -0.015392
0.015861 -0.017803
0.020572 -0.020219
0.025814 -0.022636
0.031585 -0.025033
0.037870 -0.027410
0.044654 -0.029764
0.051930 -0.032086
0.059687 -0.034369
0.067912 -0.036611
0.076596 -0.038804
0.085729 -0.040940
0.095299 -0.043016
0.105295 -0.045022
0.115706 -0.046953
0.126520 -0.048801
0.137725 -0.050562
0.149307 -0.052232
0.161254 -0.053809
0.173551 -0.055288
0.186185 -0.056668
0.199143 -0.057948
0.212409 -0.059122
0.225969 -0.060183
0.239809 -0.061125
0.253914 -0.061944
0.268269 -0.062640
0.282856 -0.063215
0.297661 -0.063673
0.312668 -0.064019
0.327859 -0.064260
0.343219 -0.064401
0.358733 -0.064443
0.374383 -0.064388
0.390153 -0.064236
0.406027 -0.063985
0.421988 -0.063632
0.438020 -0.063177
0.454106 -0.062621
0.470228 -0.061968
0.486371 -0.061222
0.502518 -0.060388
0.518652 -0.059472
0.534757 -0.058481
0.550817 -0.057419
0.566815 -0.056288
0.582735 -0.055092
0.598561 -0.053830
0.614276 -0.052502
0.629864 -0.051106
0.645308 -0.049641
0.660592 -0.048107
0.675700 -0.046504
0.690617 -0.044833
0.705327 -0.043101
0.719816 -0.041313
0.734069 -0.039477
0.748073 -0.037602
0.761814 -0.035697
0.775278 -0.033770
0.788453 -0.031831
0.801327 -0.029889
0.813888 -0.027951
0.826123 -0.026029
0.838022 -0.024130
0.849574 -0.022264
0.860767 -0.020438
0.871593 -0.018661
0.882039 -0.016938
0.892098 -0.015277
0.901759 -0.013683
0.911013 -0.012165
0.919853 -0.010727
0.928269 -0.009375
0.936255 -0.008114
0.943801 -0.006948
0.950900 -0.005879
0.957546 -0.004908
0.963732 -0.004037
0.969450 -0.003264
0.974695 -0.002586
0.979460 -0.002003
0.983740 -0.001508
0.987529 -0.001096
0.990824 -0.000763
0.993620 -0.000503
0.995912 -0.000309
0.997699 -0.000169
0.998977 -0.000075
0.999744 -0.000019
1.000000 -0.000000