mh93
1.000000 0.000000
0.999738 -0.000001
0.998953 -0.000003
0.997644 -0.000005
0.995815 -0.000000
0.993466 0.000023
0.990600 0.000074
0.987220 0.000165
0.983330 0.000300
0.978935 0.000487
0.974040 0.000735
0.968650 0.001050
0.962771 0.001439
0.956411 0.001906
0.949575 0.002459
0.942273 0.003102
0.934511 0.003839
0.926300 0.004672
0.917647 0.005607
0.908562 0.006645
0.899055 0.007787
0.889136 0.009036
0.878815 0.010391
0.868104 0.011852
0.857014 0.013419
0.845555 0.015091
0.833741 0.016865
0.821582 0.018739
0.809091 0.020710
0.796280 0.022773
0.783162 0.024925
0.769750 0.027160
0.756057 0.029473
0.742096 0.031858
0.727881 0.034308
0.713425 0.036817
0.698741 0.039377
0.683844 0.041980
0.668748 0.044618
0.653466 0.047282
0.638014 0.049964
0.622405 0.052655
0.606655 0.055345
0.590778 0.058024
0.574788 0.060683
0.558701 0.063312
0.542532 0.065900
0.526297 0.068439
0.510010 0.070917
0.493687 0.073324
0.477344 0.075651
0.460997 0.077887
0.444661 0.080022
0.428354 0.082047
0.412090 0.083952
0.395886 0.085726
0.379759 0.087362
0.363726 0.088849
0.347802 0.090178
0.332006 0.091341
0.316353 0.092328
0.300861 0.093131
0.285547 0.093743
0.270430 0.094153
0.255525 0.094352
0.240851 0.094332
0.226427 0.094078
0.212272 0.093576
0.198404 0.092815
0.184845 0.091786
0.171614 0.090485
0.158732 0.088908
0.146221 0.087054
0.134101 0.084924
0.122397 0.082515
0.111132 0.079823
0.100328 0.076855
0.090008 0.073626
0.080190 0.070160
0.070891 0.066483
0.062123 0.062626
0.053899 0.058618
0.046244 0.054470
0.039176 0.050198
0.032714 0.045827
0.026874 0.041388
0.021661 0.036922
0.017073 0.032483
0.013096 0.028129
0.009712 0.023916
0.006914 0.019884
0.004672 0.016082
0.002947 0.012567
0.001708 0.009407
0.000888 0.006658
0.000398 0.004361
0.000140 0.002549
0.000030 0.001244
0.000003 0.000459
0.000001 0.000197
0.000002 -0.000060
0.000020 -0.000831
0.000107 -0.002112
0.000385 -0.003884
0.001113 -0.006068
0.002669 -0.008405
0.004978 -0.010784
0.007927 -0.013207
0.011468 -0.015671
0.015584 -0.018160
0.020261 -0.020659
0.025472 -0.023162
0.031212 -0.025654
0.037469 -0.028124
0.044229 -0.030576
0.051483 -0.032997
0.059221 -0.035380
0.067430 -0.037724
0.076099 -0.040020
0.085220 -0.042260
0.094780 -0.044439
0.104769 -0.046550
0.115174 -0.048585
0.125985 -0.050538
0.137187 -0.052403
0.148770 -0.054175
0.160719 -0.055853
0.173020 -0.057431
0.185660 -0.058909
0.198625 -0.060284
0.211900 -0.061552
0.225471 -0.062705
0.239323 -0.063736
0.253442 -0.064642
0.267811 -0.065422
0.282414 -0.066077
0.297236 -0.066610
0.312260 -0.067026
0.327471 -0.067333
0.342851 -0.067535
0.358384 -0.067634
0.374055 -0.067631
0.389846 -0.067527
0.405742 -0.067319
0.421725 -0.067004
0.437779 -0.066582
0.453886 -0.066054
0.470031 -0.065424
0.486196 -0.064694
0.502365 -0.063871
0.518520 -0.062959
0.534647 -0.061967
0.550727 -0.060896
0.566746 -0.059751
0.582685 -0.058534
0.598530 -0.057246
0.614263 -0.055884
0.629867 -0.054447
0.645327 -0.052934
0.660626 -0.051344
0.675748 -0.049676
0.690676 -0.047932
0.705396 -0.046117
0.719893 -0.044239
0.734152 -0.042304
0.748160 -0.040323
0.761903 -0.038305
0.775368 -0.036260
0.788542 -0.034198
0.801414 -0.032129
0.813970 -0.030062
0.826201 -0.028008
0.838094 -0.025976
0.849639 -0.023978
0.860826 -0.022020
0.871643 -0.020113
0.882083 -0.018263
0.892133 -0.016478
0.901787 -0.014765
0.911035 -0.013132
0.919868 -0.011585
0.928278 -0.010130
0.936258 -0.008773
0.943800 -0.007517
0.950897 -0.006364
0.957540 -0.005318
0.963724 -0.004378
0.969441 -0.003543
0.974685 -0.002811
0.979451 -0.002180
0.983731 -0.001644
0.987522 -0.001197
0.990818 -0.000835
0.993615 -0.000552
0.995909 -0.000339
0.997697 -0.000186
0.998976 -0.000082
0.999744 -0.000020
1.000000 -0.000000