ms317
1.000000 0.001250
0.999744 0.001311
0.998978 0.001494
0.997702 0.001799
0.995917 0.002226
0.993625 0.002774
0.990828 0.003442
0.987529 0.004228
0.983731 0.005132
0.979437 0.006151
0.974652 0.007282
0.969380 0.008521
0.963625 0.009866
0.957394 0.011314
0.950691 0.012861
0.943523 0.014505
0.935899 0.016246
0.927826 0.018086
0.919314 0.020027
0.910372 0.022070
0.901008 0.024210
0.891231 0.026440
0.881050 0.028757
0.870474 0.031155
0.859514 0.033628
0.848179 0.036167
0.836480 0.038768
0.824433 0.041446
0.812051 0.044207
0.799341 0.047014
0.786308 0.049833
0.772969 0.052683
0.759343 0.055582
0.745439 0.058502
0.731266 0.061420
0.716837 0.064327
0.702166 0.067211
0.687265 0.070053
0.672146 0.072838
0.656823 0.075550
0.641311 0.078174
0.625623 0.080693
0.609774 0.083087
0.593778 0.085333
0.577655 0.087436
0.561425 0.089428
0.545101 0.091255
0.528697 0.092885
0.512237 0.094365
0.495737 0.095664
0.479213 0.096751
0.462688 0.097671
0.446178 0.098415
0.429703 0.098964
0.413281 0.099350
0.396932 0.099597
0.380672 0.099715
0.364519 0.099678
0.348492 0.099498
0.332606 0.099200
0.316879 0.098770
0.301328 0.098204
0.285970 0.097515
0.270822 0.096702
0.255899 0.095766
0.241218 0.094716
0.226795 0.093546
0.212647 0.092247
0.198788 0.090831
0.185234 0.089307
0.172001 0.087662
0.159105 0.085892
0.146560 0.084007
0.134382 0.082008
0.122587 0.079876
0.111196 0.077598
0.100227 0.075163
0.089699 0.072566
0.079632 0.069790
0.070041 0.066821
0.060976 0.063610
0.052503 0.060092
0.044668 0.056236
0.037494 0.052096
0.030982 0.047765
0.025119 0.043316
0.019898 0.038813
0.015363 0.034288
0.011537 0.029777
0.008392 0.025355
0.005863 0.021129
0.003877 0.017187
0.002385 0.013577
0.001341 0.010335
0.000669 0.007521
0.000281 0.005184
0.000091 0.003353
0.000018 0.002041
0.000001 0.001253
0.000000 0.000990
0.000001 0.000732
0.000023 -0.000044
0.000116 -0.001336
0.000363 -0.003136
0.000878 -0.005415
0.001803 -0.008107
0.003293 -0.011097
0.005463 -0.014262
0.008370 -0.017486
0.012022 -0.020678
0.016363 -0.023774
0.021356 -0.026748
0.026954 -0.029624
0.033107 -0.032425
0.039810 -0.035121
0.047054 -0.037689
0.054815 -0.040132
0.063075 -0.042454
0.071816 -0.044659
0.081018 -0.046766
0.090664 -0.048783
0.100739 -0.050717
0.111232 -0.052570
0.122131 -0.054333
0.133423 -0.055993
0.145095 -0.057554
0.157131 -0.059030
0.169518 -0.060419
0.182242 -0.061704
0.195291 -0.062894
0.208645 -0.064020
0.222292 -0.065075
0.236220 -0.066024
0.250412 -0.066873
0.264854 -0.067640
0.279529 -0.068318
0.294424 -0.068899
0.309521 -0.069384
0.324805 -0.069776
0.340261 -0.070074
0.355871 -0.070272
0.371620 -0.070358
0.387491 -0.070318
0.403466 -0.070139
0.419529 -0.069814
0.435662 -0.069343
0.451847 -0.068721
0.468066 -0.067936
0.484300 -0.066983
0.500533 -0.065871
0.516747 -0.064608
0.532918 -0.063146
0.549030 -0.061485
0.565067 -0.059668
0.581009 -0.057673
0.596834 -0.055476
0.612524 -0.053087
0.628067 -0.050547
0.643453 -0.047901
0.658668 -0.045174
0.673701 -0.042385
0.688539 -0.039558
0.703176 -0.036738
0.717603 -0.033965
0.731808 -0.031253
0.745777 -0.028601
0.759492 -0.026000
0.772944 -0.023472
0.786125 -0.021049
0.799023 -0.018742
0.811624 -0.016557
0.823918 -0.014506
0.835894 -0.012600
0.847538 -0.010847
0.858840 -0.009253
0.869787 -0.007825
0.880368 -0.006569
0.890570 -0.005484
0.900381 -0.004567
0.909790 -0.003812
0.918783 -0.003219
0.927351 -0.002784
0.935481 -0.002499
0.943164 -0.002349
0.950391 -0.002321
0.957153 -0.002401
0.963439 -0.002582
0.969240 -0.002855
0.974549 -0.003205
0.979362 -0.003612
0.983676 -0.004038
0.987489 -0.004454
0.990799 -0.004838
0.993605 -0.005176
0.995905 -0.005459
0.997695 -0.005682
0.998975 -0.005842
0.999744 -0.005938
1.000000 -0.005970