n10
0.999951 0.001699
0.999700 0.001763
0.998945 0.001958
0.997687 0.002281
0.995929 0.002734
0.993670 0.003315
0.990915 0.004023
0.987664 0.004856
0.983922 0.005812
0.979690 0.006888
0.974974 0.008079
0.969776 0.009380
0.964100 0.010783
0.957950 0.012278
0.951330 0.013853
0.944243 0.015497
0.936695 0.017198
0.928693 0.018951
0.920245 0.020750
0.911358 0.022593
0.902043 0.024475
0.892309 0.026396
0.882166 0.028355
0.871625 0.030351
0.860697 0.032384
0.849394 0.034455
0.837727 0.036568
0.825709 0.038726
0.813355 0.040937
0.800678 0.043208
0.787692 0.045544
0.774409 0.047936
0.760841 0.050365
0.746998 0.052809
0.732891 0.055247
0.718530 0.057654
0.703927 0.060003
0.689093 0.062266
0.674043 0.064440
0.658792 0.066534
0.643360 0.068564
0.627764 0.070545
0.612023 0.072492
0.596156 0.074425
0.580181 0.076351
0.564111 0.078243
0.547961 0.080070
0.531744 0.081797
0.515474 0.083393
0.499164 0.084822
0.482828 0.086059
0.466486 0.087108
0.450157 0.087988
0.433861 0.088716
0.417617 0.089310
0.401446 0.089788
0.385366 0.090168
0.369393 0.090455
0.353541 0.090652
0.337825 0.090760
0.322259 0.090780
0.306856 0.090716
0.291630 0.090569
0.276601 0.090318
0.261793 0.089915
0.247228 0.089313
0.232930 0.088471
0.218920 0.087354
0.205218 0.085934
0.191843 0.084191
0.178809 0.082147
0.166129 0.079870
0.153813 0.077424
0.141871 0.074867
0.130313 0.072229
0.119147 0.069517
0.108383 0.066739
0.098026 0.063904
0.088099 0.061000
0.078661 0.057936
0.069769 0.054630
0.061431 0.051090
0.053609 0.047404
0.046270 0.043652
0.039435 0.039881
0.033179 0.036101
0.027548 0.032331
0.022564 0.028598
0.018146 0.024924
0.014131 0.021322
0.010418 0.017824
0.007122 0.014478
0.004465 0.011342
0.002517 0.008474
0.001232 0.005933
0.000489 0.003772
0.000135 0.002039
0.000015 0.000772
0.000000 0.000000
0.000005 -0.000259
0.000016 -0.000512
0.000088 -0.001259
0.000337 -0.002468
0.000934 -0.004085
0.002077 -0.006031
0.003947 -0.008208
0.006660 -0.010489
0.010198 -0.012723
0.014349 -0.014734
0.018877 -0.016396
0.023822 -0.017742
0.029296 -0.018922
0.035346 -0.020007
0.041947 -0.020983
0.049054 -0.021845
0.056601 -0.022597
0.064568 -0.023237
0.072962 -0.023759
0.081794 -0.024166
0.091061 -0.024488
0.100743 -0.024785
0.110823 -0.025112
0.121289 -0.025448
0.132130 -0.025740
0.143337 -0.025926
0.154899 -0.025931
0.166807 -0.025725
0.179046 -0.025354
0.191606 -0.024882
0.204472 -0.024385
0.217632 -0.023916
0.231073 -0.023476
0.244781 -0.023058
0.258742 -0.022654
0.272942 -0.022256
0.287367 -0.021853
0.302003 -0.021434
0.316834 -0.020990
0.331847 -0.020523
0.347025 -0.020034
0.362353 -0.019526
0.377817 -0.019003
0.393399 -0.018467
0.409085 -0.017923
0.424859 -0.017373
0.440705 -0.016820
0.456607 -0.016266
0.472549 -0.015715
0.488515 -0.015169
0.504490 -0.014632
0.520458 -0.014105
0.536401 -0.013593
0.552305 -0.013096
0.568154 -0.012620
0.583930 -0.012164
0.599619 -0.011733
0.615205 -0.011328
0.630672 -0.010942
0.646004 -0.010571
0.661186 -0.010209
0.676202 -0.009851
0.691037 -0.009490
0.705675 -0.009123
0.720103 -0.008749
0.734305 -0.008372
0.748267 -0.007996
0.761976 -0.007625
0.775418 -0.007262
0.788579 -0.006911
0.801446 -0.006574
0.814006 -0.006252
0.826247 -0.005945
0.838155 -0.005651
0.849720 -0.005369
0.860929 -0.005098
0.871771 -0.004837
0.882236 -0.004585
0.892312 -0.004342
0.901989 -0.004107
0.911258 -0.003881
0.920109 -0.003664
0.928534 -0.003457
0.936523 -0.003260
0.944070 -0.003074
0.951165 -0.002899
0.957803 -0.002736
0.963977 -0.002584
0.969680 -0.002444
0.974906 -0.002315
0.979650 -0.002199
0.983908 -0.002094
0.987676 -0.002002
0.990948 -0.001922
0.993723 -0.001854
0.995997 -0.001798
0.997768 -0.001755
0.999035 -0.001723
0.999795 -0.001705
1.000049 -0.001699