n5h10
1.000000 0.000000
0.999744 0.000018
0.998977 0.000071
0.997699 0.000161
0.995912 0.000285
0.993617 0.000445
0.990817 0.000640
0.987514 0.000869
0.983712 0.001131
0.979415 0.001425
0.974627 0.001748
0.969351 0.002098
0.963594 0.002472
0.957361 0.002865
0.950658 0.003275
0.943493 0.003708
0.935872 0.004171
0.927805 0.004675
0.919302 0.005236
0.910371 0.005874
0.901025 0.006614
0.891274 0.007481
0.881131 0.008489
0.870607 0.009645
0.859715 0.010956
0.848468 0.012427
0.836878 0.014061
0.824960 0.015862
0.812729 0.017830
0.800198 0.019965
0.787383 0.022264
0.774293 0.024706
0.760938 0.027269
0.747325 0.029921
0.733463 0.032631
0.719358 0.035362
0.705019 0.038073
0.690452 0.040725
0.675669 0.043300
0.660687 0.045800
0.645522 0.048228
0.630191 0.050589
0.614711 0.052887
0.599101 0.055127
0.583377 0.057311
0.567553 0.059421
0.551644 0.061434
0.535665 0.063328
0.519628 0.065082
0.503548 0.066673
0.487441 0.068081
0.471323 0.069292
0.455215 0.070292
0.439137 0.071073
0.423108 0.071625
0.407148 0.071938
0.391276 0.072008
0.375511 0.071852
0.359868 0.071506
0.344364 0.071007
0.329015 0.070390
0.313837 0.069691
0.298846 0.068941
0.284058 0.068157
0.269488 0.067311
0.255151 0.066371
0.241063 0.065306
0.227245 0.064086
0.213717 0.062681
0.200502 0.061067
0.187616 0.059240
0.175065 0.057265
0.162850 0.055219
0.150976 0.053169
0.139449 0.051163
0.128284 0.049180
0.117499 0.047188
0.107109 0.045164
0.097129 0.043088
0.087570 0.040967
0.078441 0.038830
0.069750 0.036704
0.061517 0.034534
0.053762 0.032237
0.046499 0.029764
0.039743 0.027180
0.033507 0.024624
0.027797 0.022199
0.022609 0.019971
0.017880 0.017830
0.013524 0.015582
0.009531 0.013160
0.006154 0.010653
0.003589 0.008196
0.001841 0.005911
0.000791 0.003898
0.000259 0.002243
0.000053 0.001013
0.000003 0.000256
0.000000 0.000000
0.000005 -0.000251
0.000084 -0.000978
0.000413 -0.002109
0.001243 -0.003531
0.002838 -0.005106
0.005389 -0.006692
0.008903 -0.008168
0.013075 -0.009462
0.017422 -0.010561
0.021936 -0.011478
0.026849 -0.012292
0.032377 -0.013084
0.038513 -0.013844
0.045200 -0.014555
0.052350 -0.015200
0.059889 -0.015780
0.067824 -0.016324
0.076183 -0.016880
0.084987 -0.017488
0.094225 -0.018123
0.103877 -0.018739
0.113924 -0.019308
0.124356 -0.019837
0.135165 -0.020341
0.146340 -0.020838
0.157871 -0.021350
0.169747 -0.021870
0.181957 -0.022373
0.194489 -0.022827
0.207329 -0.023201
0.220465 -0.023492
0.233882 -0.023733
0.247566 -0.023959
0.261503 -0.024207
0.275679 -0.024484
0.290079 -0.024785
0.304689 -0.025103
0.319494 -0.025429
0.334480 -0.025757
0.349632 -0.026081
0.364934 -0.026391
0.380372 -0.026679
0.395929 -0.026938
0.411591 -0.027160
0.427340 -0.027347
0.443163 -0.027508
0.459041 -0.027650
0.474960 -0.027785
0.490904 -0.027919
0.506855 -0.028064
0.522799 -0.028220
0.538718 -0.028385
0.554597 -0.028552
0.570419 -0.028716
0.586169 -0.028872
0.601830 -0.029016
0.617387 -0.029141
0.632824 -0.029235
0.648127 -0.029287
0.663282 -0.029287
0.678273 -0.029224
0.693086 -0.029090
0.707706 -0.028876
0.722118 -0.028567
0.736300 -0.028140
0.750236 -0.027576
0.763908 -0.026859
0.777298 -0.025975
0.790390 -0.024915
0.803169 -0.023672
0.815623 -0.022263
0.827746 -0.020743
0.839529 -0.019166
0.850966 -0.017579
0.862051 -0.016022
0.872774 -0.014529
0.883128 -0.013128
0.893105 -0.011841
0.902696 -0.010684
0.911892 -0.009654
0.920678 -0.008724
0.929045 -0.007870
0.936981 -0.007073
0.944477 -0.006319
0.951524 -0.005597
0.958114 -0.004903
0.964240 -0.004234
0.969897 -0.003596
0.975080 -0.002997
0.979784 -0.002444
0.984005 -0.001941
0.987739 -0.001491
0.990982 -0.001099
0.993732 -0.000764
0.995985 -0.000490
0.997740 -0.000276
0.998995 -0.000123
0.999749 -0.000031
1.000000 -0.000000