n6409
1.000000 0.000000
0.999751 0.000078
0.999003 0.000313
0.997758 0.000703
0.996016 0.001247
0.993779 0.001944
0.991048 0.002791
0.987825 0.003784
0.984113 0.004920
0.979915 0.006197
0.975234 0.007609
0.970075 0.009155
0.964442 0.010828
0.958339 0.012624
0.951772 0.014536
0.944745 0.016558
0.937265 0.018685
0.929338 0.020909
0.920971 0.023223
0.912171 0.025620
0.902946 0.028095
0.893304 0.030640
0.883254 0.033245
0.872803 0.035903
0.861963 0.038605
0.850741 0.041342
0.839150 0.044110
0.827200 0.046900
0.814902 0.049705
0.802267 0.052515
0.789308 0.055321
0.776036 0.058115
0.762465 0.060889
0.748607 0.063636
0.734476 0.066349
0.720086 0.069020
0.705451 0.071641
0.690585 0.074204
0.675504 0.076702
0.660222 0.079127
0.644755 0.081474
0.629119 0.083736
0.613329 0.085907
0.597402 0.087980
0.581354 0.089951
0.565201 0.091814
0.548961 0.093563
0.532651 0.095194
0.516287 0.096700
0.499886 0.098075
0.483467 0.099314
0.467046 0.100420
0.450642 0.101396
0.434272 0.102244
0.417953 0.102942
0.401701 0.103462
0.385535 0.103779
0.369472 0.103873
0.353533 0.103732
0.337738 0.103344
0.322106 0.102707
0.306656 0.101829
0.291408 0.100721
0.276381 0.099394
0.261592 0.097853
0.247060 0.096104
0.232802 0.094157
0.218835 0.092019
0.205177 0.089701
0.191843 0.087214
0.178849 0.084569
0.166209 0.081779
0.153937 0.078856
0.142046 0.075814
0.130552 0.072664
0.119466 0.069418
0.108801 0.066090
0.098566 0.062694
0.088771 0.059243
0.079424 0.055754
0.070541 0.052235
0.062136 0.048696
0.054218 0.045152
0.046790 0.041613
0.039848 0.038093
0.033393 0.034611
0.027455 0.031171
0.022082 0.027776
0.017293 0.024441
0.013061 0.021176
0.009328 0.017992
0.006052 0.014918
0.003380 0.011968
0.001546 0.009149
0.000555 0.006522
0.000160 0.004216
0.000034 0.002373
0.000004 0.001051
0.000000 0.000262
0.000000 0.000000
0.000008 -0.000251
0.000126 -0.000979
0.000601 -0.002111
0.001724 -0.003530
0.003664 -0.005089
0.006251 -0.006618
0.009284 -0.007977
0.012790 -0.009098
0.016847 -0.010017
0.021505 -0.010772
0.026733 -0.011342
0.032460 -0.011729
0.038630 -0.011942
0.045245 -0.011980
0.052313 -0.011860
0.059838 -0.011600
0.067809 -0.011201
0.076209 -0.010669
0.085024 -0.010016
0.094244 -0.009248
0.103863 -0.008375
0.113875 -0.007410
0.124269 -0.006362
0.135035 -0.005239
0.146163 -0.004054
0.157641 -0.002814
0.169460 -0.001528
0.181608 -0.000208
0.194075 0.001136
0.206849 0.002494
0.219919 0.003853
0.233271 0.005202
0.246893 0.006529
0.260773 0.007822
0.274897 0.009070
0.289251 0.010266
0.303821 0.011400
0.318593 0.012464
0.333551 0.013443
0.348681 0.014326
0.363968 0.015102
0.379395 0.015775
0.394945 0.016349
0.410601 0.016832
0.426348 0.017245
0.442167 0.017612
0.458044 0.017956
0.473961 0.018278
0.489902 0.018568
0.505853 0.018815
0.521796 0.019013
0.537715 0.019164
0.553595 0.019267
0.569419 0.019325
0.585171 0.019334
0.600835 0.019294
0.616395 0.019202
0.631835 0.019061
0.647140 0.018870
0.662294 0.018631
0.677282 0.018346
0.692088 0.018014
0.706697 0.017639
0.721095 0.017221
0.735266 0.016763
0.749198 0.016269
0.762874 0.015742
0.776283 0.015184
0.789409 0.014598
0.802240 0.013986
0.814764 0.013352
0.826967 0.012701
0.838837 0.012036
0.850362 0.011361
0.861531 0.010679
0.872333 0.009992
0.882757 0.009304
0.892793 0.008620
0.902430 0.007942
0.911659 0.007275
0.920471 0.006622
0.928857 0.005986
0.936810 0.005370
0.944320 0.004776
0.951381 0.004205
0.957985 0.003659
0.964126 0.003141
0.969799 0.002658
0.974998 0.002213
0.979717 0.001808
0.983952 0.001441
0.987698 0.001111
0.990952 0.000819
0.993711 0.000568
0.995972 0.000363
0.997733 0.000204
0.998992 0.000090
0.999748 0.000023
1.000000 -0.000000