n64108
1.000000 0.000000
0.999747 0.000018
0.998987 0.000070
0.997721 0.000158
0.995951 0.000280
0.993678 0.000438
0.990905 0.000630
0.987634 0.000858
0.983869 0.001122
0.979614 0.001423
0.974873 0.001762
0.969651 0.002141
0.963953 0.002563
0.957787 0.003032
0.951157 0.003551
0.944072 0.004128
0.936538 0.004763
0.928564 0.005458
0.920158 0.006212
0.911328 0.007024
0.902083 0.007892
0.892432 0.008812
0.882384 0.009783
0.871951 0.010803
0.861142 0.011872
0.849968 0.012986
0.838440 0.014144
0.826570 0.015343
0.814370 0.016579
0.801851 0.017848
0.789025 0.019145
0.775906 0.020466
0.762505 0.021803
0.748837 0.023150
0.734913 0.024500
0.720749 0.025850
0.706357 0.027197
0.691753 0.028537
0.676951 0.029867
0.661966 0.031179
0.646812 0.032469
0.631504 0.033730
0.616057 0.034957
0.600487 0.036141
0.584809 0.037278
0.569040 0.038363
0.553193 0.039393
0.537287 0.040365
0.521337 0.041270
0.505358 0.042100
0.489367 0.042846
0.473380 0.043504
0.457414 0.044074
0.441485 0.044554
0.425610 0.044933
0.409804 0.045190
0.394086 0.045305
0.378471 0.045277
0.362976 0.045133
0.347618 0.044903
0.332411 0.044604
0.317373 0.044235
0.302518 0.043792
0.287862 0.043271
0.273420 0.042675
0.259206 0.042010
0.245236 0.041280
0.231524 0.040489
0.218083 0.039641
0.204929 0.038736
0.192073 0.037779
0.179530 0.036771
0.167312 0.035716
0.155432 0.034618
0.143902 0.033481
0.132733 0.032307
0.121939 0.031097
0.111529 0.029853
0.101516 0.028579
0.091908 0.027280
0.082717 0.025958
0.073952 0.024616
0.065621 0.023256
0.057737 0.021874
0.050308 0.020468
0.043342 0.019043
0.036848 0.017607
0.030831 0.016173
0.025296 0.014755
0.020250 0.013358
0.015719 0.011920
0.011722 0.010403
0.008279 0.008837
0.005423 0.007278
0.003080 0.005545
0.001419 0.003767
0.000488 0.002200
0.000102 0.001000
0.000007 0.000253
-0.000000 -0.000000
0.000008 -0.000252
0.000121 -0.000986
0.000574 -0.002140
0.001652 -0.003604
0.003529 -0.005213
0.006052 -0.006739
0.008994 -0.008085
0.012535 -0.009395
0.016619 -0.010636
0.021215 -0.011793
0.026312 -0.012900
0.031898 -0.014013
0.037965 -0.015128
0.044507 -0.016233
0.051516 -0.017321
0.058982 -0.018386
0.066896 -0.019427
0.075251 -0.020447
0.084037 -0.021450
0.093245 -0.022434
0.102866 -0.023395
0.112889 -0.024331
0.123305 -0.025237
0.134102 -0.026113
0.145270 -0.026959
0.156796 -0.027775
0.168668 -0.028559
0.180875 -0.029309
0.193405 -0.030020
0.206244 -0.030688
0.219379 -0.031311
0.232797 -0.031888
0.246485 -0.032421
0.260428 -0.032908
0.274611 -0.033345
0.289021 -0.033728
0.303644 -0.034048
0.318463 -0.034302
0.333464 -0.034494
0.348631 -0.034629
0.363950 -0.034708
0.379404 -0.034714
0.394976 -0.034618
0.410651 -0.034397
0.426412 -0.034053
0.442242 -0.033603
0.458127 -0.033070
0.474048 -0.032463
0.489991 -0.031783
0.505938 -0.031032
0.521874 -0.030214
0.537783 -0.029337
0.553648 -0.028409
0.569455 -0.027439
0.585188 -0.026430
0.600829 -0.025387
0.616365 -0.024314
0.631779 -0.023217
0.647057 -0.022099
0.662182 -0.020965
0.677141 -0.019822
0.691918 -0.018673
0.706498 -0.017525
0.720868 -0.016383
0.735013 -0.015251
0.748919 -0.014134
0.762573 -0.013036
0.775961 -0.011962
0.789069 -0.010915
0.801885 -0.009899
0.814396 -0.008918
0.826590 -0.007978
0.838454 -0.007085
0.849978 -0.006242
0.861149 -0.005453
0.871956 -0.004715
0.882388 -0.004026
0.892434 -0.003384
0.902085 -0.002786
0.911331 -0.002235
0.920162 -0.001742
0.928569 -0.001313
0.936543 -0.000954
0.944077 -0.000665
0.951162 -0.000446
0.957791 -0.000291
0.963958 -0.000183
0.969655 -0.000111
0.974876 -0.000065
0.979617 -0.000036
0.983872 -0.000019
0.987636 -0.000010
0.990906 -0.000005
0.993679 -0.000002
0.995952 -0.000001
0.997721 -0.000001
0.998987 -0.000000
0.999747 -0.000000
1.000000 -0.000000