n6h15
1.000000 -0.000000
0.999736 0.000012
0.998945 0.000048
0.997627 0.000109
0.995783 0.000193
0.993417 0.000303
0.990529 0.000440
0.987124 0.000606
0.983205 0.000806
0.978777 0.001048
0.973845 0.001340
0.968417 0.001699
0.962499 0.002141
0.956100 0.002692
0.949230 0.003383
0.941899 0.004243
0.934115 0.005282
0.925888 0.006502
0.917226 0.007896
0.908138 0.009451
0.898631 0.011147
0.888715 0.012963
0.878402 0.014903
0.867703 0.016972
0.856633 0.019180
0.845204 0.021535
0.833432 0.024046
0.821331 0.026723
0.808916 0.029578
0.796204 0.032622
0.783210 0.035861
0.769947 0.039288
0.756427 0.042896
0.742663 0.046674
0.728667 0.050609
0.714452 0.054687
0.700029 0.058891
0.685411 0.063203
0.670606 0.067597
0.655621 0.072045
0.640465 0.076515
0.625143 0.080978
0.609664 0.085398
0.594033 0.089742
0.578258 0.093975
0.562350 0.098062
0.546317 0.101967
0.530171 0.105656
0.513922 0.109094
0.497580 0.112247
0.481159 0.115078
0.464686 0.117547
0.448189 0.119614
0.431695 0.121240
0.415233 0.122389
0.398830 0.123028
0.382511 0.123149
0.366298 0.122822
0.350209 0.122129
0.334264 0.121151
0.318481 0.119967
0.302879 0.118653
0.287478 0.117257
0.272314 0.115676
0.257426 0.113752
0.242853 0.111349
0.228606 0.108497
0.214673 0.105374
0.201043 0.102150
0.187714 0.098949
0.174706 0.095750
0.162046 0.092493
0.149758 0.089132
0.137864 0.085631
0.126384 0.081992
0.115337 0.078221
0.104737 0.074331
0.094597 0.070339
0.084914 0.066300
0.075675 0.062297
0.066870 0.058387
0.058490 0.054575
0.050530 0.050852
0.043006 0.047200
0.036018 0.043540
0.029655 0.039803
0.023971 0.035959
0.018967 0.032006
0.014587 0.027964
0.010776 0.023876
0.007560 0.019845
0.004995 0.016001
0.003072 0.012445
0.001726 0.009255
0.000860 0.006486
0.000362 0.004179
0.000117 0.002362
0.000023 0.001053
0.000001 0.000264
0.000000 0.000000
0.000005 -0.000252
0.000079 -0.000985
0.000388 -0.002136
0.001171 -0.003604
0.002681 -0.005265
0.005111 -0.006984
0.008495 -0.008636
0.012588 -0.010129
0.016924 -0.011417
0.021451 -0.012500
0.026370 -0.013447
0.031892 -0.014351
0.038020 -0.015211
0.044702 -0.016023
0.051855 -0.016792
0.059404 -0.017518
0.067355 -0.018178
0.075735 -0.018744
0.084571 -0.019197
0.093846 -0.019573
0.103536 -0.019931
0.113619 -0.020315
0.124084 -0.020728
0.134922 -0.021169
0.146126 -0.021636
0.157687 -0.022128
0.169594 -0.022649
0.181833 -0.023207
0.194390 -0.023815
0.207252 -0.024482
0.220405 -0.025207
0.233837 -0.025972
0.247535 -0.026759
0.261488 -0.027546
0.275682 -0.028313
0.290104 -0.029041
0.304740 -0.029707
0.319574 -0.030302
0.334593 -0.030837
0.349779 -0.031327
0.365117 -0.031787
0.380591 -0.032235
0.396185 -0.032687
0.411881 -0.033161
0.427664 -0.033663
0.443519 -0.034188
0.459429 -0.034734
0.475380 -0.035299
0.491354 -0.035880
0.507337 -0.036474
0.523312 -0.037072
0.539264 -0.037661
0.555175 -0.038227
0.571030 -0.038758
0.586812 -0.039241
0.602506 -0.039663
0.618096 -0.040015
0.633568 -0.040293
0.648907 -0.040496
0.664100 -0.040621
0.679132 -0.040668
0.693989 -0.040636
0.708658 -0.040523
0.723119 -0.040307
0.737349 -0.039951
0.751328 -0.039420
0.765036 -0.038688
0.778452 -0.037731
0.791559 -0.036530
0.804340 -0.035071
0.816784 -0.033375
0.828883 -0.031502
0.840633 -0.029510
0.852028 -0.027451
0.863061 -0.025371
0.873726 -0.023309
0.884016 -0.021299
0.893924 -0.019370
0.903441 -0.017544
0.912561 -0.015828
0.921271 -0.014214
0.929564 -0.012696
0.937431 -0.011268
0.944862 -0.009926
0.951850 -0.008667
0.958387 -0.007489
0.964468 -0.006394
0.970085 -0.005383
0.975233 -0.004456
0.979906 -0.003615
0.984101 -0.002861
0.987812 -0.002193
0.991036 -0.001613
0.993769 -0.001121
0.996009 -0.000718
0.997754 -0.000404
0.999001 -0.000180
0.999750 -0.000045
1.000000 0.000000