naca0006
1.000000 0.000630
0.999747 0.000648
0.998990 0.000701
0.997728 0.000789
0.995963 0.000913
0.993696 0.001071
0.990931 0.001263
0.987669 0.001489
0.983915 0.001747
0.979671 0.002039
0.974942 0.002361
0.969732 0.002714
0.964048 0.003097
0.957895 0.003509
0.951278 0.003948
0.944204 0.004414
0.936681 0.004905
0.928716 0.005421
0.920317 0.005959
0.911492 0.006518
0.902250 0.007098
0.892601 0.007697
0.882554 0.008314
0.872119 0.008947
0.861307 0.009594
0.850129 0.010255
0.838595 0.010928
0.826718 0.011612
0.814508 0.012305
0.801980 0.013006
0.789144 0.013713
0.776015 0.014425
0.762604 0.015140
0.748927 0.015857
0.734995 0.016575
0.720824 0.017292
0.706428 0.018005
0.691821 0.018715
0.677018 0.019419
0.662033 0.020115
0.646882 0.020803
0.631580 0.021479
0.616142 0.022143
0.600585 0.022793
0.584922 0.023427
0.569171 0.024043
0.553348 0.024639
0.537467 0.025214
0.521545 0.025765
0.505598 0.026292
0.489642 0.026791
0.473694 0.027261
0.457768 0.027701
0.441882 0.028107
0.426051 0.028480
0.410292 0.028815
0.394620 0.029113
0.379050 0.029371
0.363600 0.029587
0.348284 0.029760
0.333118 0.029889
0.318117 0.029972
0.303297 0.030007
0.288673 0.029994
0.274259 0.029932
0.260071 0.029819
0.246122 0.029655
0.232427 0.029439
0.219000 0.029171
0.205856 0.028850
0.193006 0.028477
0.180465 0.028050
0.168246 0.027571
0.156360 0.027039
0.144822 0.026455
0.133642 0.025820
0.122832 0.025133
0.112404 0.024397
0.102369 0.023611
0.092737 0.022777
0.083520 0.021896
0.074726 0.020969
0.066366 0.019997
0.058449 0.018981
0.050985 0.017922
0.043982 0.016820
0.037450 0.015678
0.031397 0.014494
0.025833 0.013270
0.020767 0.012006
0.016211 0.010700
0.012177 0.009353
0.008680 0.007962
0.005742 0.006529
0.003394 0.005059
0.001673 0.003580
0.000607 0.002172
0.000128 0.001003
0.000008 0.000253
0.000000 0.000000
0.000008 -0.000253
0.000128 -0.001003
0.000607 -0.002172
0.001673 -0.003580
0.003394 -0.005059
0.005742 -0.006529
0.008680 -0.007962
0.012177 -0.009353
0.016211 -0.010700
0.020767 -0.012006
0.025833 -0.013270
0.031397 -0.014494
0.037450 -0.015678
0.043982 -0.016820
0.050985 -0.017922
0.058449 -0.018981
0.066366 -0.019997
0.074726 -0.020969
0.083520 -0.021896
0.092737 -0.022777
0.102369 -0.023611
0.112404 -0.024397
0.122832 -0.025133
0.133642 -0.025820
0.144822 -0.026455
0.156360 -0.027039
0.168246 -0.027571
0.180465 -0.028050
0.193006 -0.028477
0.205856 -0.028850
0.219000 -0.029171
0.232427 -0.029439
0.246122 -0.029655
0.260071 -0.029819
0.274259 -0.029932
0.288673 -0.029994
0.303297 -0.030007
0.318117 -0.029972
0.333118 -0.029889
0.348284 -0.029760
0.363600 -0.029587
0.379050 -0.029371
0.394620 -0.029113
0.410292 -0.028815
0.426051 -0.028480
0.441882 -0.028107
0.457768 -0.027701
0.473694 -0.027261
0.489642 -0.026791
0.505598 -0.026292
0.521545 -0.025765
0.537467 -0.025214
0.553348 -0.024639
0.569171 -0.024043
0.584922 -0.023427
0.600585 -0.022793
0.616142 -0.022143
0.631580 -0.021479
0.646882 -0.020803
0.662033 -0.020115
0.677018 -0.019419
0.691821 -0.018715
0.706428 -0.018005
0.720824 -0.017292
0.734995 -0.016575
0.748927 -0.015857
0.762604 -0.015140
0.776015 -0.014425
0.789144 -0.013713
0.801980 -0.013006
0.814508 -0.012305
0.826718 -0.011612
0.838595 -0.010928
0.850129 -0.010255
0.861307 -0.009594
0.872119 -0.008947
0.882554 -0.008314
0.892601 -0.007697
0.902250 -0.007098
0.911492 -0.006518
0.920317 -0.005959
0.928716 -0.005421
0.936681 -0.004905
0.944204 -0.004414
0.951278 -0.003948
0.957895 -0.003509
0.964048 -0.003097
0.969732 -0.002714
0.974942 -0.002361
0.979671 -0.002039
0.983915 -0.001747
0.987669 -0.001489
0.990931 -0.001263
0.993696 -0.001071
0.995963 -0.000913
0.997728 -0.000789
0.998990 -0.000701
0.999747 -0.000648
1.000000 -0.000630