naca0008
1.000000 0.000840
0.999747 0.000864
0.998988 0.000935
0.997723 0.001053
0.995955 0.001217
0.993684 0.001429
0.990913 0.001685
0.987645 0.001987
0.983883 0.002333
0.979631 0.002722
0.974892 0.003153
0.969672 0.003625
0.963976 0.004136
0.957810 0.004686
0.951179 0.005273
0.944090 0.005896
0.936550 0.006552
0.928568 0.007240
0.920150 0.007959
0.911305 0.008707
0.902042 0.009482
0.892370 0.010282
0.882300 0.011106
0.871840 0.011951
0.861001 0.012817
0.849795 0.013700
0.838232 0.014599
0.826325 0.015513
0.814084 0.016439
0.801523 0.017375
0.788653 0.018320
0.775488 0.019271
0.762041 0.020227
0.748326 0.021185
0.734356 0.022144
0.720145 0.023101
0.705707 0.024054
0.691057 0.025002
0.676210 0.025942
0.661181 0.026872
0.645984 0.027790
0.630635 0.028694
0.615149 0.029580
0.599542 0.030448
0.583830 0.031293
0.568028 0.032115
0.552152 0.032911
0.536218 0.033677
0.520243 0.034413
0.504241 0.035114
0.488231 0.035778
0.472226 0.036404
0.456244 0.036988
0.440301 0.037528
0.424413 0.038022
0.408596 0.038466
0.392866 0.038859
0.377239 0.039198
0.361730 0.039481
0.346356 0.039706
0.331133 0.039870
0.316075 0.039973
0.301198 0.040011
0.286518 0.039984
0.272049 0.039890
0.257807 0.039728
0.243805 0.039497
0.230060 0.039195
0.216584 0.038822
0.203392 0.038378
0.190499 0.037862
0.177916 0.037274
0.165658 0.036614
0.153738 0.035883
0.142168 0.035081
0.130961 0.034208
0.120129 0.033266
0.109684 0.032256
0.099637 0.031178
0.090000 0.030033
0.080784 0.028824
0.072000 0.027550
0.063658 0.026214
0.055768 0.024817
0.048342 0.023359
0.041390 0.021842
0.034922 0.020266
0.028951 0.018633
0.023488 0.016941
0.018548 0.015191
0.014147 0.013384
0.010305 0.011522
0.007048 0.009608
0.004409 0.007661
0.002419 0.005718
0.001091 0.003868
0.000365 0.002249
0.000073 0.001014
0.000005 0.000254
0.000000 0.000000
0.000005 -0.000254
0.000073 -0.001014
0.000365 -0.002249
0.001091 -0.003868
0.002419 -0.005718
0.004409 -0.007661
0.007048 -0.009608
0.010305 -0.011522
0.014147 -0.013384
0.018548 -0.015191
0.023488 -0.016941
0.028951 -0.018633
0.034922 -0.020266
0.041390 -0.021842
0.048342 -0.023359
0.055768 -0.024817
0.063658 -0.026214
0.072000 -0.027550
0.080784 -0.028824
0.090000 -0.030033
0.099637 -0.031178
0.109684 -0.032256
0.120129 -0.033266
0.130961 -0.034208
0.142168 -0.035081
0.153738 -0.035883
0.165658 -0.036614
0.177916 -0.037274
0.190499 -0.037862
0.203392 -0.038378
0.216584 -0.038822
0.230060 -0.039195
0.243805 -0.039497
0.257807 -0.039728
0.272049 -0.039890
0.286518 -0.039984
0.301198 -0.040011
0.316075 -0.039973
0.331133 -0.039870
0.346356 -0.039706
0.361730 -0.039481
0.377239 -0.039198
0.392866 -0.038859
0.408596 -0.038466
0.424413 -0.038022
0.440301 -0.037528
0.456244 -0.036988
0.472226 -0.036404
0.488231 -0.035778
0.504241 -0.035114
0.520243 -0.034413
0.536218 -0.033677
0.552152 -0.032911
0.568028 -0.032115
0.583830 -0.031293
0.599542 -0.030448
0.615149 -0.029580
0.630635 -0.028694
0.645984 -0.027790
0.661181 -0.026872
0.676210 -0.025942
0.691057 -0.025002
0.705707 -0.024054
0.720145 -0.023101
0.734356 -0.022144
0.748326 -0.021185
0.762041 -0.020227
0.775488 -0.019271
0.788653 -0.018320
0.801523 -0.017375
0.814084 -0.016439
0.826325 -0.015513
0.838232 -0.014599
0.849795 -0.013700
0.861001 -0.012817
0.871840 -0.011951
0.882300 -0.011106
0.892370 -0.010282
0.902042 -0.009482
0.911305 -0.008707
0.920150 -0.007959
0.928568 -0.007240
0.936550 -0.006552
0.944090 -0.005896
0.951179 -0.005273
0.957810 -0.004686
0.963976 -0.004136
0.969672 -0.003625
0.974892 -0.003153
0.979631 -0.002722
0.983883 -0.002333
0.987645 -0.001987
0.990913 -0.001685
0.993684 -0.001429
0.995955 -0.001217
0.997723 -0.001053
0.998988 -0.000935
0.999747 -0.000864
1.000000 -0.000840