naca001064
1.000000 0.001000
0.999748 0.001039
0.998992 0.001155
0.997733 0.001348
0.995973 0.001618
0.993712 0.001965
0.990954 0.002388
0.987700 0.002886
0.983955 0.003459
0.979722 0.004105
0.975005 0.004822
0.969808 0.005609
0.964136 0.006462
0.957996 0.007379
0.951392 0.008356
0.944331 0.009387
0.936819 0.010470
0.928864 0.011599
0.920473 0.012773
0.911654 0.013987
0.902416 0.015237
0.892769 0.016519
0.882721 0.017829
0.872282 0.019163
0.861462 0.020518
0.850273 0.021888
0.838724 0.023270
0.826828 0.024660
0.814597 0.026054
0.802041 0.027447
0.789175 0.028836
0.776010 0.030216
0.762560 0.031582
0.748837 0.032929
0.734857 0.034252
0.720631 0.035547
0.706176 0.036808
0.691504 0.038031
0.676632 0.039211
0.661573 0.040344
0.646343 0.041427
0.630958 0.042457
0.615433 0.043429
0.599783 0.044342
0.584026 0.045192
0.568177 0.045978
0.552251 0.046696
0.536267 0.047347
0.520239 0.047928
0.504185 0.048439
0.488120 0.048878
0.472062 0.049246
0.456026 0.049541
0.440030 0.049763
0.424089 0.049912
0.408220 0.049989
0.392440 0.049993
0.376764 0.049926
0.361209 0.049790
0.345791 0.049584
0.330525 0.049312
0.315427 0.048975
0.300513 0.048575
0.285798 0.048115
0.271296 0.047598
0.257024 0.047027
0.242994 0.046403
0.229222 0.045732
0.215721 0.045016
0.202505 0.044260
0.189588 0.043465
0.176983 0.042627
0.164705 0.041737
0.152766 0.040792
0.141180 0.039786
0.129958 0.038719
0.119113 0.037589
0.108656 0.036398
0.098595 0.035149
0.088945 0.033849
0.079721 0.032507
0.070938 0.031131
0.062600 0.029708
0.054703 0.028205
0.047243 0.026606
0.040252 0.024918
0.033784 0.023167
0.027877 0.021382
0.022546 0.019590
0.017733 0.017699
0.013341 0.015573
0.009357 0.013189
0.006021 0.010681
0.003503 0.008211
0.001793 0.005912
0.000769 0.003892
0.000252 0.002236
0.000051 0.001008
0.000003 0.000254
0.000000 0.000000
0.000003 -0.000254
0.000051 -0.001008
0.000252 -0.002236
0.000769 -0.003892
0.001793 -0.005912
0.003503 -0.008211
0.006021 -0.010681
0.009357 -0.013189
0.013341 -0.015573
0.017733 -0.017699
0.022546 -0.019590
0.027877 -0.021382
0.033784 -0.023167
0.040252 -0.024918
0.047243 -0.026606
0.054703 -0.028205
0.062600 -0.029708
0.070938 -0.031131
0.079721 -0.032507
0.088945 -0.033849
0.098595 -0.035149
0.108656 -0.036398
0.119113 -0.037589
0.129958 -0.038719
0.141180 -0.039786
0.152766 -0.040792
0.164705 -0.041737
0.176983 -0.042627
0.189588 -0.043465
0.202505 -0.044260
0.215721 -0.045016
0.229222 -0.045732
0.242994 -0.046403
0.257024 -0.047027
0.271296 -0.047598
0.285798 -0.048115
0.300513 -0.048575
0.315427 -0.048975
0.330525 -0.049312
0.345791 -0.049584
0.361209 -0.049790
0.376764 -0.049926
0.392440 -0.049993
0.408220 -0.049989
0.424089 -0.049912
0.440030 -0.049763
0.456026 -0.049541
0.472062 -0.049246
0.488120 -0.048878
0.504185 -0.048439
0.520239 -0.047928
0.536267 -0.047347
0.552251 -0.046696
0.568177 -0.045978
0.584026 -0.045192
0.599783 -0.044342
0.615433 -0.043429
0.630958 -0.042457
0.646343 -0.041427
0.661573 -0.040344
0.676632 -0.039211
0.691504 -0.038031
0.706176 -0.036808
0.720631 -0.035547
0.734857 -0.034252
0.748837 -0.032929
0.762560 -0.031582
0.776010 -0.030216
0.789175 -0.028836
0.802041 -0.027447
0.814597 -0.026054
0.826828 -0.024660
0.838724 -0.023270
0.850273 -0.021888
0.861462 -0.020518
0.872282 -0.019163
0.882721 -0.017829
0.892769 -0.016519
0.902416 -0.015237
0.911654 -0.013987
0.920473 -0.012773
0.928864 -0.011599
0.936819 -0.010470
0.944331 -0.009387
0.951392 -0.008356
0.957996 -0.007379
0.964136 -0.006462
0.969808 -0.005609
0.975005 -0.004822
0.979722 -0.004105
0.983955 -0.003459
0.987700 -0.002886
0.990954 -0.002388
0.993712 -0.001965
0.995973 -0.001618
0.997733 -0.001348
0.998992 -0.001155
0.999748 -0.001039
1.000000 -0.001000