naca654421a05
1.000000 0.000000
0.999736 0.000037
0.998943 0.000148
0.997623 0.000333
0.995778 0.000593
0.993408 0.000927
0.990517 0.001337
0.987108 0.001826
0.983185 0.002398
0.978755 0.003059
0.973823 0.003820
0.968398 0.004693
0.962488 0.005698
0.956104 0.006858
0.949259 0.008203
0.941967 0.009761
0.934236 0.011542
0.926076 0.013544
0.917494 0.015761
0.908500 0.018177
0.899098 0.020770
0.889298 0.023519
0.879108 0.026422
0.868540 0.029481
0.857605 0.032699
0.846315 0.036078
0.834681 0.039614
0.822712 0.043295
0.810417 0.047107
0.797807 0.051035
0.784889 0.055063
0.771675 0.059176
0.758174 0.063361
0.744396 0.067601
0.730351 0.071881
0.716050 0.076184
0.701504 0.080493
0.686723 0.084791
0.671717 0.089052
0.656497 0.093254
0.641074 0.097371
0.625458 0.101382
0.609665 0.105267
0.593706 0.109005
0.577594 0.112563
0.561341 0.115899
0.544957 0.118969
0.528458 0.121735
0.511864 0.124165
0.495195 0.126227
0.478473 0.127903
0.461726 0.129189
0.444978 0.130088
0.428257 0.130605
0.411588 0.130756
0.394996 0.130559
0.378503 0.130035
0.362133 0.129205
0.345905 0.128091
0.329841 0.126714
0.313959 0.125087
0.298279 0.123222
0.282820 0.121131
0.267599 0.118826
0.252635 0.116320
0.237944 0.113624
0.223543 0.110749
0.209451 0.107700
0.195685 0.104486
0.182261 0.101116
0.169194 0.097599
0.156499 0.093947
0.144190 0.090172
0.132279 0.086287
0.120786 0.082295
0.109729 0.078202
0.099123 0.074016
0.088980 0.069750
0.079311 0.065417
0.070125 0.061035
0.061431 0.056620
0.053248 0.052180
0.045592 0.047721
0.038472 0.043259
0.031893 0.038818
0.025852 0.034431
0.020339 0.030133
0.015359 0.025948
0.010968 0.021858
0.007208 0.017856
0.004122 0.013934
0.001827 0.010079
0.000594 0.006366
0.000116 0.002961
0.000000 0.000000
0.000019 -0.002445
0.000063 -0.004345
0.000092 -0.005693
0.000103 -0.006497
0.000105 -0.006764
0.000110 -0.007020
0.000167 -0.007781
0.000391 -0.009020
0.000947 -0.010696
0.002014 -0.012754
0.003728 -0.015124
0.006116 -0.017730
0.009015 -0.020487
0.012298 -0.023262
0.016349 -0.025870
0.021045 -0.028361
0.026293 -0.030787
0.032063 -0.033206
0.038327 -0.035672
0.045081 -0.038162
0.052324 -0.040644
0.060053 -0.043082
0.068260 -0.045458
0.076932 -0.047779
0.086051 -0.050060
0.095605 -0.052305
0.105586 -0.054493
0.115985 -0.056605
0.126791 -0.058633
0.137992 -0.060578
0.149573 -0.062443
0.161518 -0.064237
0.173812 -0.065961
0.186442 -0.067608
0.199397 -0.069171
0.212662 -0.070645
0.226224 -0.072024
0.240069 -0.073303
0.254181 -0.074477
0.268544 -0.075543
0.283145 -0.076495
0.297967 -0.077325
0.312994 -0.078029
0.328210 -0.078600
0.343599 -0.079035
0.359145 -0.079331
0.374830 -0.079476
0.390636 -0.079444
0.406546 -0.079209
0.422541 -0.078753
0.438601 -0.078065
0.454706 -0.077136
0.470836 -0.075969
0.486974 -0.074587
0.503102 -0.073013
0.519204 -0.071269
0.535264 -0.069369
0.551265 -0.067325
0.567191 -0.065155
0.583029 -0.062880
0.598765 -0.060522
0.614384 -0.058099
0.629873 -0.055624
0.645215 -0.053108
0.660398 -0.050561
0.675407 -0.047994
0.690227 -0.045416
0.704846 -0.042837
0.719250 -0.040269
0.733427 -0.037726
0.747363 -0.035219
0.761046 -0.032759
0.774463 -0.030350
0.787600 -0.027996
0.800446 -0.025701
0.812987 -0.023472
0.825213 -0.021321
0.837112 -0.019262
0.848674 -0.017305
0.859888 -0.015456
0.870742 -0.013712
0.881225 -0.012068
0.891325 -0.010518
0.901033 -0.009060
0.910337 -0.007697
0.919230 -0.006449
0.927702 -0.005333
0.935745 -0.004357
0.943350 -0.003525
0.950510 -0.002836
0.957215 -0.002278
0.963457 -0.001828
0.969228 -0.001461
0.974519 -0.001161
0.979325 -0.000912
0.983639 -0.000705
0.987457 -0.000531
0.990775 -0.000386
0.993587 -0.000267
0.995893 -0.000170
0.997688 -0.000096
0.998972 -0.000042
0.999743 -0.000011
1.000000 0.000000