naca643418
1.000000 0.000000
0.999743 0.000053
0.998971 0.000210
0.997685 0.000473
0.995887 0.000841
0.993578 0.001313
0.990761 0.001889
0.987439 0.002570
0.983614 0.003355
0.979292 0.004244
0.974477 0.005238
0.969174 0.006338
0.963390 0.007545
0.957129 0.008863
0.950401 0.010293
0.943213 0.011840
0.935572 0.013505
0.927487 0.015288
0.918966 0.017189
0.910019 0.019209
0.900654 0.021347
0.890883 0.023599
0.880713 0.025965
0.870155 0.028438
0.859220 0.031015
0.847916 0.033689
0.836256 0.036454
0.824249 0.039306
0.811908 0.042240
0.799245 0.045251
0.786272 0.048333
0.773000 0.051472
0.759438 0.054657
0.745600 0.057870
0.731495 0.061101
0.717137 0.064337
0.702540 0.067570
0.687715 0.070789
0.672678 0.073981
0.657440 0.077133
0.642016 0.080231
0.626420 0.083261
0.610665 0.086212
0.594768 0.089071
0.578744 0.091826
0.562607 0.094463
0.546373 0.096968
0.530057 0.099325
0.513677 0.101516
0.497249 0.103522
0.480789 0.105329
0.464316 0.106931
0.447847 0.108327
0.431401 0.109499
0.414998 0.110390
0.398657 0.110934
0.382398 0.111092
0.366245 0.110907
0.350220 0.110444
0.334344 0.109758
0.318636 0.108860
0.303116 0.107749
0.287800 0.106422
0.272707 0.104887
0.257855 0.103155
0.243260 0.101239
0.228940 0.099152
0.214911 0.096905
0.201187 0.094510
0.187783 0.091979
0.174716 0.089319
0.162000 0.086533
0.149651 0.083627
0.137681 0.080607
0.126108 0.077480
0.114946 0.074254
0.104210 0.070936
0.093910 0.067540
0.084060 0.064076
0.074672 0.060547
0.065759 0.056962
0.057336 0.053325
0.049420 0.049639
0.042021 0.045917
0.035155 0.042167
0.028835 0.038400
0.023065 0.034638
0.017847 0.030904
0.013239 0.027190
0.009292 0.023489
0.006005 0.019836
0.003353 0.016294
0.001619 0.012829
0.000709 0.009558
0.000274 0.006667
0.000089 0.004261
0.000023 0.002387
0.000004 0.001056
0.000000 0.000263
0.000000 0.000000
0.000003 -0.000256
0.000051 -0.001020
0.000251 -0.002273
0.000757 -0.003984
0.001739 -0.006101
0.003333 -0.008553
0.005577 -0.011238
0.008351 -0.014020
0.011636 -0.016782
0.015621 -0.019495
0.020216 -0.022147
0.025388 -0.024729
0.031111 -0.027261
0.037360 -0.029757
0.044128 -0.032201
0.051402 -0.034586
0.059162 -0.036915
0.067394 -0.039188
0.076086 -0.041403
0.085229 -0.043562
0.094810 -0.045663
0.104817 -0.047701
0.115238 -0.049672
0.126062 -0.051571
0.137277 -0.053394
0.148868 -0.055141
0.160823 -0.056813
0.173127 -0.058407
0.185768 -0.059917
0.198732 -0.061337
0.212006 -0.062661
0.225575 -0.063883
0.239426 -0.064999
0.253543 -0.066001
0.267912 -0.066884
0.282516 -0.067637
0.297340 -0.068248
0.312368 -0.068706
0.327583 -0.069008
0.342969 -0.069154
0.358511 -0.069149
0.374188 -0.068968
0.389980 -0.068554
0.405866 -0.067847
0.421825 -0.066828
0.437840 -0.065551
0.453897 -0.064081
0.469980 -0.062464
0.486071 -0.060708
0.502155 -0.058819
0.518215 -0.056803
0.534237 -0.054676
0.550206 -0.052454
0.566105 -0.050154
0.581921 -0.047792
0.597640 -0.045383
0.613246 -0.042940
0.628727 -0.040474
0.644067 -0.037993
0.659250 -0.035504
0.674264 -0.033020
0.689096 -0.030555
0.703731 -0.028123
0.718157 -0.025734
0.732360 -0.023396
0.746328 -0.021117
0.760047 -0.018903
0.773504 -0.016769
0.786687 -0.014732
0.799582 -0.012805
0.812177 -0.010994
0.824461 -0.009288
0.836422 -0.007672
0.848051 -0.006134
0.859335 -0.004670
0.870261 -0.003301
0.880817 -0.002055
0.890989 -0.000950
0.900765 -0.000000
0.910134 0.000787
0.919084 0.001408
0.927606 0.001866
0.935691 0.002166
0.943328 0.002318
0.950510 0.002335
0.957230 0.002239
0.963479 0.002062
0.969253 0.001835
0.974544 0.001582
0.979347 0.001322
0.983658 0.001068
0.987473 0.000830
0.990786 0.000616
0.993596 0.000430
0.995898 0.000276
0.997691 0.000156
0.998973 0.000069
0.999743 0.000017
1.000000 -0.000000