naca16015
1.000000 0.001500
0.999756 0.001581
0.999024 0.001826
0.997805 0.002233
0.996100 0.002802
0.993911 0.003532
0.991240 0.004423
0.988088 0.005471
0.984460 0.006674
0.980356 0.008028
0.975782 0.009528
0.970738 0.011167
0.965229 0.012937
0.959257 0.014825
0.952825 0.016819
0.945933 0.018903
0.938587 0.021062
0.930792 0.023287
0.922553 0.025567
0.913877 0.027895
0.904773 0.030260
0.895248 0.032655
0.885312 0.035072
0.874973 0.037498
0.864239 0.039922
0.853121 0.042332
0.841629 0.044718
0.829773 0.047068
0.817565 0.049371
0.805017 0.051617
0.792141 0.053793
0.778949 0.055892
0.765457 0.057906
0.751677 0.059827
0.737623 0.061648
0.723312 0.063364
0.708758 0.064970
0.693977 0.066461
0.678986 0.067833
0.663800 0.069085
0.648435 0.070215
0.632909 0.071222
0.617238 0.072106
0.601440 0.072867
0.585531 0.073507
0.569529 0.074029
0.553450 0.074435
0.537311 0.074728
0.521130 0.074913
0.504924 0.074995
0.488709 0.074978
0.472503 0.074864
0.456323 0.074654
0.440185 0.074349
0.424106 0.073952
0.408103 0.073463
0.392193 0.072885
0.376391 0.072220
0.360715 0.071471
0.345180 0.070641
0.329802 0.069731
0.314597 0.068746
0.299581 0.067689
0.284769 0.066564
0.270176 0.065370
0.255819 0.064109
0.241712 0.062782
0.227871 0.061390
0.214308 0.059935
0.201039 0.058422
0.188076 0.056854
0.175434 0.055234
0.163126 0.053565
0.151165 0.051852
0.139563 0.050098
0.128334 0.048300
0.117488 0.046456
0.107038 0.044564
0.096995 0.042628
0.087372 0.040649
0.078188 0.038633
0.069459 0.036582
0.061184 0.034490
0.053355 0.032346
0.045972 0.030149
0.039073 0.027908
0.032713 0.025643
0.026927 0.023377
0.021725 0.021125
0.017029 0.018799
0.012746 0.016306
0.008888 0.013654
0.005695 0.010968
0.003302 0.008382
0.001686 0.006010
0.000722 0.003944
0.000236 0.002261
0.000048 0.001018
0.000003 0.000257
-0.000000 -0.000000
0.000003 -0.000257
0.000048 -0.001018
0.000236 -0.002261
0.000722 -0.003944
0.001686 -0.006010
0.003302 -0.008382
0.005695 -0.010968
0.008888 -0.013654
0.012746 -0.016306
0.017029 -0.018799
0.021725 -0.021125
0.026927 -0.023377
0.032713 -0.025643
0.039073 -0.027908
0.045972 -0.030149
0.053355 -0.032346
0.061184 -0.034490
0.069459 -0.036582
0.078188 -0.038633
0.087372 -0.040649
0.096995 -0.042628
0.107038 -0.044564
0.117488 -0.046456
0.128334 -0.048300
0.139563 -0.050098
0.151165 -0.051852
0.163126 -0.053565
0.175434 -0.055234
0.188076 -0.056854
0.201039 -0.058422
0.214308 -0.059935
0.227871 -0.061390
0.241712 -0.062782
0.255819 -0.064109
0.270176 -0.065370
0.284769 -0.066564
0.299581 -0.067689
0.314597 -0.068746
0.329802 -0.069731
0.345180 -0.070641
0.360715 -0.071471
0.376391 -0.072220
0.392193 -0.072885
0.408103 -0.073463
0.424106 -0.073952
0.440185 -0.074349
0.456323 -0.074654
0.472503 -0.074864
0.488709 -0.074978
0.504924 -0.074995
0.521130 -0.074913
0.537311 -0.074728
0.553450 -0.074435
0.569529 -0.074029
0.585531 -0.073507
0.601440 -0.072867
0.617238 -0.072106
0.632909 -0.071222
0.648435 -0.070215
0.663800 -0.069085
0.678986 -0.067833
0.693977 -0.066461
0.708758 -0.064970
0.723312 -0.063364
0.737623 -0.061648
0.751677 -0.059827
0.765457 -0.057906
0.778949 -0.055892
0.792141 -0.053793
0.805017 -0.051617
0.817565 -0.049371
0.829773 -0.047068
0.841629 -0.044718
0.853121 -0.042332
0.864239 -0.039922
0.874973 -0.037498
0.885312 -0.035072
0.895248 -0.032655
0.904773 -0.030260
0.913877 -0.027895
0.922553 -0.025567
0.930792 -0.023287
0.938587 -0.021062
0.945933 -0.018903
0.952825 -0.016819
0.959257 -0.014825
0.965229 -0.012937
0.970738 -0.011167
0.975782 -0.009528
0.980356 -0.008028
0.984460 -0.006674
0.988088 -0.005471
0.991240 -0.004423
0.993911 -0.003532
0.996100 -0.002802
0.997805 -0.002233
0.999024 -0.001826
0.999756 -0.001581
1.000000 -0.001500