naca23018
1.000000 0.001900
0.999741 0.001959
0.998966 0.002137
0.997675 0.002432
0.995869 0.002845
0.993550 0.003375
0.990720 0.004022
0.987383 0.004784
0.983541 0.005661
0.979198 0.006649
0.974358 0.007748
0.969025 0.008953
0.963205 0.010262
0.956903 0.011671
0.950124 0.013173
0.942874 0.014763
0.935160 0.016438
0.926989 0.018194
0.918370 0.020031
0.909311 0.021945
0.899822 0.023937
0.889912 0.026006
0.879592 0.028147
0.868871 0.030354
0.857758 0.032622
0.846265 0.034944
0.834402 0.037313
0.822180 0.039722
0.809610 0.042162
0.796704 0.044625
0.783474 0.047103
0.769934 0.049593
0.756096 0.052092
0.741975 0.054597
0.727585 0.057105
0.712941 0.059615
0.698058 0.062125
0.682951 0.064633
0.667635 0.067130
0.652125 0.069607
0.636434 0.072057
0.620579 0.074470
0.604573 0.076837
0.588434 0.079149
0.572176 0.081402
0.555817 0.083592
0.539372 0.085717
0.522860 0.087775
0.506297 0.089764
0.489699 0.091681
0.473085 0.093519
0.456469 0.095267
0.439869 0.096913
0.423299 0.098447
0.406778 0.099858
0.390320 0.101136
0.373944 0.102274
0.357667 0.103263
0.341506 0.104097
0.325480 0.104769
0.309607 0.105275
0.293903 0.105610
0.278385 0.105772
0.263071 0.105757
0.247979 0.105563
0.233126 0.105187
0.218529 0.104623
0.204207 0.103864
0.190177 0.102906
0.176459 0.101727
0.163072 0.100300
0.150035 0.098605
0.137370 0.096625
0.125110 0.094344
0.113286 0.091749
0.101928 0.088839
0.091055 0.085623
0.080670 0.082154
0.070773 0.078495
0.061398 0.074644
0.052614 0.070540
0.044470 0.066153
0.036966 0.061531
0.030081 0.056765
0.023791 0.051934
0.018158 0.047048
0.013393 0.042006
0.009608 0.036773
0.006707 0.031502
0.004533 0.026379
0.002945 0.021545
0.001822 0.017100
0.001059 0.013116
0.000568 0.009634
0.000272 0.006681
0.000111 0.004267
0.000035 0.002395
0.000007 0.001063
0.000000 0.000265
0.000000 0.000000
0.000003 -0.000257
0.000041 -0.001021
0.000203 -0.002271
0.000622 -0.003973
0.001457 -0.006081
0.002865 -0.008539
0.004968 -0.011281
0.007811 -0.014236
0.011314 -0.017326
0.015252 -0.020477
0.019548 -0.023620
0.024320 -0.026698
0.029734 -0.029671
0.035827 -0.032523
0.042551 -0.035263
0.049818 -0.037936
0.057525 -0.040597
0.065662 -0.043230
0.074256 -0.045790
0.083336 -0.048236
0.092889 -0.050575
0.102882 -0.052837
0.113285 -0.055048
0.124087 -0.057199
0.135281 -0.059280
0.146855 -0.061281
0.158800 -0.063195
0.171103 -0.065007
0.183752 -0.066696
0.196733 -0.068241
0.210032 -0.069625
0.223634 -0.070842
0.237522 -0.071897
0.251679 -0.072798
0.266088 -0.073551
0.280733 -0.074153
0.295597 -0.074599
0.310664 -0.074887
0.325917 -0.075019
0.341340 -0.074999
0.356916 -0.074833
0.372628 -0.074528
0.388459 -0.074092
0.404390 -0.073535
0.420406 -0.072865
0.436490 -0.072087
0.452625 -0.071207
0.468795 -0.070230
0.484984 -0.069163
0.501176 -0.068014
0.517354 -0.066788
0.533501 -0.065489
0.549602 -0.064123
0.565640 -0.062691
0.581599 -0.061200
0.597463 -0.059653
0.613216 -0.058055
0.628842 -0.056411
0.644325 -0.054724
0.659650 -0.052999
0.674802 -0.051240
0.689765 -0.049452
0.704524 -0.047639
0.719066 -0.045806
0.733374 -0.043959
0.747437 -0.042100
0.761238 -0.040237
0.774766 -0.038373
0.788006 -0.036514
0.800946 -0.034664
0.813573 -0.032827
0.825874 -0.031008
0.837837 -0.029211
0.849450 -0.027439
0.860702 -0.025695
0.871582 -0.023985
0.882079 -0.022311
0.892184 -0.020678
0.901885 -0.019090
0.911174 -0.017550
0.920041 -0.016062
0.928478 -0.014630
0.936477 -0.013256
0.944030 -0.011946
0.951130 -0.010701
0.957770 -0.009526
0.963943 -0.008426
0.969645 -0.007403
0.974870 -0.006462
0.979613 -0.005605
0.983869 -0.004833
0.987634 -0.004150
0.990905 -0.003555
0.993678 -0.003051
0.995951 -0.002637
0.997721 -0.002315
0.998987 -0.002084
0.999747 -0.001946
1.000000 -0.001900