naca64210
1.000000 0.000000
0.999746 0.000028
0.998984 0.000112
0.997716 0.000252
0.995942 0.000448
0.993664 0.000699
0.990885 0.001007
0.987607 0.001370
0.983834 0.001789
0.979569 0.002264
0.974817 0.002796
0.969584 0.003387
0.963874 0.004038
0.957694 0.004751
0.951050 0.005530
0.943950 0.006377
0.936400 0.007295
0.928410 0.008284
0.919986 0.009343
0.911138 0.010471
0.901874 0.011668
0.892204 0.012929
0.882137 0.014254
0.871684 0.015639
0.860854 0.017082
0.849658 0.018580
0.838107 0.020128
0.826212 0.021723
0.813986 0.023362
0.801440 0.025040
0.788587 0.026753
0.775438 0.028495
0.762006 0.030256
0.748305 0.032029
0.734346 0.033806
0.720143 0.035580
0.705711 0.037347
0.691064 0.039101
0.676216 0.040837
0.661181 0.042547
0.645974 0.044225
0.630611 0.045862
0.615105 0.047451
0.599473 0.048985
0.583729 0.050454
0.567890 0.051855
0.551972 0.053183
0.535991 0.054431
0.519962 0.055590
0.503902 0.056649
0.487827 0.057598
0.471754 0.058431
0.455699 0.059148
0.439679 0.059746
0.423711 0.060208
0.407813 0.060507
0.392002 0.060621
0.376295 0.060552
0.360709 0.060333
0.345261 0.059997
0.329968 0.059563
0.314845 0.059027
0.299910 0.058387
0.285176 0.057639
0.270661 0.056790
0.256379 0.055846
0.242345 0.054814
0.228574 0.053701
0.215079 0.052512
0.201875 0.051252
0.188975 0.049927
0.176394 0.048538
0.164144 0.047087
0.152237 0.045577
0.140688 0.044010
0.129507 0.042391
0.118709 0.040722
0.108303 0.039008
0.098301 0.037258
0.088713 0.035475
0.079550 0.033663
0.070821 0.031824
0.062537 0.029960
0.054711 0.028065
0.047353 0.026143
0.040471 0.024201
0.034073 0.022249
0.028161 0.020301
0.022739 0.018376
0.017828 0.016459
0.013471 0.014487
0.009689 0.012448
0.006498 0.010398
0.003932 0.008309
0.002073 0.006082
0.000909 0.004004
0.000302 0.002283
0.000062 0.001020
0.000004 0.000255
-0.000000 0.000000
0.000006 -0.000253
0.000095 -0.000997
0.000460 -0.002192
0.001347 -0.003755
0.002960 -0.005561
0.005307 -0.007415
0.008144 -0.009095
0.011555 -0.010679
0.015561 -0.012187
0.020100 -0.013593
0.025159 -0.014917
0.030715 -0.016226
0.036756 -0.017535
0.043276 -0.018828
0.050268 -0.020096
0.057721 -0.021334
0.065629 -0.022539
0.073980 -0.023712
0.082767 -0.024859
0.091977 -0.025979
0.101603 -0.027072
0.111634 -0.028135
0.122059 -0.029165
0.132867 -0.030159
0.144048 -0.031115
0.155589 -0.032032
0.167479 -0.032911
0.179704 -0.033747
0.192253 -0.034539
0.205113 -0.035284
0.218271 -0.035980
0.231712 -0.036625
0.245424 -0.037216
0.259393 -0.037751
0.273603 -0.038224
0.288041 -0.038630
0.302692 -0.038961
0.317540 -0.039212
0.332571 -0.039387
0.347768 -0.039489
0.363117 -0.039521
0.378601 -0.039462
0.394204 -0.039281
0.409907 -0.038948
0.425695 -0.038464
0.441552 -0.037854
0.457460 -0.037142
0.473405 -0.036344
0.489369 -0.035463
0.505336 -0.034499
0.521290 -0.033459
0.537216 -0.032352
0.553098 -0.031189
0.568919 -0.029980
0.584665 -0.028729
0.600319 -0.027443
0.615867 -0.026126
0.631293 -0.024786
0.646581 -0.023428
0.661716 -0.022058
0.676685 -0.020684
0.691472 -0.019311
0.706063 -0.017947
0.720443 -0.016597
0.734599 -0.015267
0.748516 -0.013961
0.762181 -0.012686
0.775580 -0.011445
0.788701 -0.010245
0.801531 -0.009089
0.814057 -0.007983
0.826266 -0.006933
0.838146 -0.005947
0.849687 -0.005029
0.860875 -0.004183
0.871699 -0.003402
0.882150 -0.002683
0.892215 -0.002020
0.901886 -0.001408
0.911151 -0.000852
0.920001 -0.000367
0.928426 0.000036
0.936418 0.000348
0.943968 0.000567
0.951069 0.000696
0.957712 0.000743
0.963890 0.000732
0.969598 0.000680
0.974830 0.000604
0.979579 0.000514
0.983842 0.000421
0.987613 0.000330
0.990890 0.000246
0.993667 0.000173
0.995944 0.000111
0.997717 0.000063
0.998985 0.000028
0.999746 0.000007
1.000000 -0.000000