naca23024
1.000000 0.000000
0.999744 0.000093
0.998976 0.000373
0.997698 0.000840
0.995910 0.001492
0.993613 0.002328
0.990811 0.003347
0.987504 0.004544
0.983696 0.005917
0.979388 0.007456
0.974582 0.009155
0.969280 0.010999
0.963483 0.012973
0.957190 0.015058
0.950401 0.017227
0.943116 0.019455
0.935339 0.021733
0.927079 0.024062
0.918348 0.026446
0.909160 0.028900
0.899530 0.031443
0.889476 0.034095
0.879009 0.036854
0.868138 0.039712
0.856872 0.042661
0.845220 0.045692
0.833194 0.048793
0.820801 0.051953
0.808052 0.055159
0.794957 0.058396
0.781526 0.061654
0.767774 0.064929
0.753713 0.068214
0.739359 0.071505
0.724726 0.074799
0.709829 0.078091
0.694683 0.081378
0.679304 0.084655
0.663706 0.087913
0.647904 0.091142
0.631913 0.094333
0.615748 0.097477
0.599424 0.100565
0.582957 0.103588
0.566362 0.106535
0.549657 0.109398
0.532858 0.112168
0.515981 0.114834
0.499043 0.117389
0.482061 0.119823
0.465051 0.122125
0.448032 0.124284
0.431019 0.126290
0.414031 0.128131
0.397084 0.129800
0.380197 0.131287
0.363388 0.132577
0.346677 0.133660
0.330084 0.134525
0.313626 0.135163
0.297323 0.135566
0.281194 0.135724
0.265259 0.135625
0.249539 0.135255
0.234053 0.134609
0.218823 0.133687
0.203870 0.132492
0.189216 0.131024
0.174883 0.129261
0.160895 0.127180
0.147275 0.124761
0.134051 0.121993
0.121261 0.118864
0.108944 0.115371
0.097130 0.111518
0.085845 0.107316
0.075117 0.102775
0.064970 0.097914
0.055432 0.092753
0.046559 0.087313
0.038395 0.081619
0.030962 0.075711
0.024258 0.069636
0.018268 0.063450
0.012967 0.057210
0.008397 0.050977
0.004785 0.044806
0.002282 0.038755
0.000810 0.032909
0.000048 0.027381
-0.000271 0.022263
-0.000340 0.017616
-0.000288 0.013485
-0.000198 0.009895
-0.000113 0.006858
-0.000052 0.004380
-0.000018 0.002459
-0.000004 0.001091
-0.000000 0.000272
-0.000000 0.000000
0.000002 -0.000262
0.000024 -0.001043
0.000120 -0.002332
0.000372 -0.004108
0.000887 -0.006344
0.001785 -0.009005
0.003188 -0.012051
0.005206 -0.015436
0.007919 -0.019109
0.011362 -0.023017
0.015501 -0.027102
0.020214 -0.031310
0.025282 -0.035582
0.030646 -0.039875
0.036462 -0.044161
0.042920 -0.048420
0.050040 -0.052628
0.057767 -0.056762
0.066018 -0.060812
0.074752 -0.064762
0.083979 -0.068596
0.093711 -0.072301
0.103933 -0.075863
0.114620 -0.079265
0.125755 -0.082493
0.137323 -0.085531
0.149309 -0.088368
0.161693 -0.090994
0.174458 -0.093400
0.187586 -0.095577
0.201058 -0.097520
0.214853 -0.099224
0.228954 -0.100692
0.243341 -0.101928
0.257992 -0.102937
0.272890 -0.103725
0.288016 -0.104295
0.303351 -0.104656
0.318876 -0.104812
0.334575 -0.104768
0.350429 -0.104528
0.366419 -0.104100
0.382528 -0.103492
0.398736 -0.102712
0.415026 -0.101770
0.431379 -0.100672
0.447779 -0.099426
0.464210 -0.098039
0.480654 -0.096521
0.497095 -0.094879
0.513515 -0.093122
0.529898 -0.091259
0.546228 -0.089295
0.562487 -0.087239
0.578661 -0.085098
0.594731 -0.082879
0.610684 -0.080591
0.626502 -0.078242
0.642171 -0.075839
0.657675 -0.073389
0.673000 -0.070901
0.688130 -0.068381
0.703051 -0.065838
0.717748 -0.063277
0.732207 -0.060701
0.746411 -0.058114
0.760346 -0.055517
0.773999 -0.052916
0.787356 -0.050314
0.800402 -0.047716
0.813126 -0.045128
0.825517 -0.042562
0.837565 -0.040031
0.849260 -0.037547
0.860592 -0.035119
0.871550 -0.032756
0.882126 -0.030467
0.892310 -0.028259
0.902092 -0.026138
0.911459 -0.024097
0.920397 -0.022115
0.928889 -0.020174
0.936925 -0.018263
0.944494 -0.016378
0.951588 -0.014520
0.958203 -0.012703
0.964339 -0.010952
0.969996 -0.009290
0.975171 -0.007735
0.979863 -0.006302
0.984071 -0.005002
0.987791 -0.003842
0.991021 -0.002830
0.993760 -0.001969
0.996003 -0.001262
0.997751 -0.000710
0.999000 -0.000316
0.999750 -0.000079
1.000000 0.000000