naca652415a05
1.000000 0.000000
0.999741 0.000033
0.998963 0.000133
0.997669 0.000299
0.995858 0.000531
0.993533 0.000830
0.990696 0.001196
0.987351 0.001632
0.983502 0.002141
0.979153 0.002727
0.974310 0.003397
0.968980 0.004161
0.963170 0.005032
0.956890 0.006029
0.950150 0.007171
0.942960 0.008482
0.935330 0.009970
0.927268 0.011634
0.918782 0.013468
0.909880 0.015461
0.900568 0.017597
0.890855 0.019855
0.880749 0.022233
0.870262 0.024729
0.859404 0.027345
0.848185 0.030080
0.836616 0.032930
0.824709 0.035888
0.812473 0.038945
0.799919 0.042089
0.787059 0.045308
0.773902 0.048589
0.760459 0.051920
0.746740 0.055286
0.732759 0.058673
0.718526 0.062071
0.704054 0.065471
0.689358 0.068859
0.674447 0.072216
0.659333 0.075519
0.644028 0.078745
0.628545 0.081876
0.612898 0.084898
0.597103 0.087797
0.581173 0.090555
0.565124 0.093142
0.548967 0.095529
0.532719 0.097687
0.516397 0.099585
0.500020 0.101195
0.483607 0.102497
0.467181 0.103498
0.450764 0.104210
0.434380 0.104647
0.418049 0.104819
0.401791 0.104737
0.385628 0.104412
0.369578 0.103862
0.353659 0.103104
0.337890 0.102155
0.322289 0.101026
0.306873 0.099722
0.291660 0.098250
0.276665 0.096616
0.261907 0.094829
0.247401 0.092897
0.233164 0.090827
0.219210 0.088626
0.205556 0.086301
0.192216 0.083860
0.179206 0.081307
0.166540 0.078648
0.154233 0.075888
0.142298 0.073032
0.130749 0.070089
0.119600 0.067067
0.108864 0.063974
0.098553 0.060822
0.088676 0.057624
0.079245 0.054387
0.070271 0.051119
0.061764 0.047828
0.053738 0.044519
0.046203 0.041201
0.039169 0.037887
0.032645 0.034581
0.026642 0.031298
0.021158 0.028058
0.016206 0.024873
0.011836 0.021723
0.008074 0.018608
0.004942 0.015533
0.002541 0.012480
0.001146 0.009436
0.000460 0.006630
0.000157 0.004248
0.000042 0.002380
0.000007 0.001052
0.000000 0.000262
0.000000 0.000000
0.000005 -0.000253
0.000082 -0.000998
0.000397 -0.002191
0.001180 -0.003763
0.002642 -0.005619
0.004880 -0.007642
0.007737 -0.009695
0.010955 -0.011643
0.014842 -0.013420
0.019329 -0.015057
0.024341 -0.016583
0.029864 -0.018047
0.035876 -0.019512
0.042372 -0.020971
0.049344 -0.022409
0.056784 -0.023812
0.064680 -0.025175
0.073023 -0.026500
0.081803 -0.027799
0.091009 -0.029078
0.100632 -0.030330
0.110663 -0.031543
0.121091 -0.032710
0.131905 -0.033831
0.143094 -0.034906
0.154646 -0.035938
0.166547 -0.036932
0.178784 -0.037884
0.191347 -0.038792
0.204221 -0.039651
0.217395 -0.040460
0.230853 -0.041215
0.244583 -0.041913
0.258571 -0.042553
0.272802 -0.043132
0.287260 -0.043646
0.301933 -0.044092
0.316804 -0.044469
0.331857 -0.044777
0.347079 -0.045019
0.362453 -0.045196
0.377962 -0.045296
0.393592 -0.045298
0.409325 -0.045182
0.425146 -0.044938
0.441036 -0.044567
0.456980 -0.044073
0.472959 -0.043460
0.488958 -0.042738
0.504961 -0.041916
0.520950 -0.041001
0.536910 -0.039997
0.552823 -0.038908
0.568675 -0.037739
0.584448 -0.036503
0.600129 -0.035212
0.615702 -0.033874
0.631150 -0.032495
0.646459 -0.031078
0.661613 -0.029628
0.676598 -0.028155
0.691398 -0.026667
0.706001 -0.025172
0.720392 -0.023679
0.734556 -0.022194
0.748481 -0.020723
0.762152 -0.019272
0.775555 -0.017845
0.788679 -0.016446
0.801509 -0.015077
0.814034 -0.013743
0.826241 -0.012453
0.838118 -0.011216
0.849654 -0.010036
0.860838 -0.008920
0.871658 -0.007863
0.882103 -0.006865
0.892163 -0.005922
0.901828 -0.005033
0.911087 -0.004202
0.919932 -0.003445
0.928354 -0.002774
0.936345 -0.002196
0.943896 -0.001713
0.950999 -0.001326
0.957647 -0.001025
0.963833 -0.000793
0.969548 -0.000613
0.974787 -0.000473
0.979544 -0.000363
0.983813 -0.000275
0.987591 -0.000205
0.990873 -0.000148
0.993656 -0.000101
0.995937 -0.000064
0.997713 -0.000036
0.998983 -0.000016
0.999746 -0.000004
1.000000 -0.000000