nasasc2-0714
1.000000 -0.010400
0.999754 -0.010319
0.999017 -0.010074
0.997788 -0.009667
0.996070 -0.009099
0.993864 -0.008370
0.991170 -0.007484
0.987992 -0.006445
0.984328 -0.005263
0.980178 -0.003955
0.975540 -0.002543
0.970420 -0.001024
0.964828 0.000617
0.958771 0.002380
0.952253 0.004257
0.945278 0.006238
0.937851 0.008312
0.929974 0.010462
0.921654 0.012670
0.912893 0.014916
0.903700 0.017198
0.894089 0.019525
0.884069 0.021892
0.873647 0.024283
0.862829 0.026677
0.851627 0.029062
0.840048 0.031428
0.828107 0.033769
0.815812 0.036073
0.803180 0.038342
0.790224 0.040586
0.776956 0.042790
0.763387 0.044924
0.749527 0.046967
0.735392 0.048915
0.720998 0.050775
0.706363 0.052559
0.691501 0.054256
0.676430 0.055878
0.661165 0.057437
0.645720 0.058886
0.630109 0.060202
0.614352 0.061434
0.598468 0.062611
0.582473 0.063717
0.566381 0.064711
0.550207 0.065589
0.533974 0.066411
0.517695 0.067142
0.501386 0.067754
0.485066 0.068254
0.468752 0.068726
0.452462 0.069147
0.436210 0.069429
0.420014 0.069584
0.403891 0.069678
0.387858 0.069771
0.371931 0.069798
0.356126 0.069686
0.340462 0.069421
0.324952 0.069097
0.309612 0.068766
0.294461 0.068312
0.279514 0.067712
0.264784 0.067076
0.250286 0.066414
0.236040 0.065623
0.222058 0.064736
0.208353 0.063808
0.194941 0.062809
0.181838 0.061707
0.169060 0.060508
0.156618 0.059224
0.144522 0.057881
0.132788 0.056479
0.121430 0.054997
0.110465 0.053424
0.099897 0.051784
0.089738 0.050090
0.080011 0.048299
0.070740 0.046366
0.061941 0.044277
0.053612 0.042096
0.045750 0.039887
0.038400 0.037557
0.031619 0.034984
0.025431 0.032204
0.019867 0.029222
0.014970 0.026040
0.010817 0.022669
0.007445 0.019163
0.004899 0.015636
0.003116 0.012231
0.001858 0.009112
0.000974 0.006387
0.000425 0.004113
0.000141 0.002323
0.000029 0.001035
0.000002 0.000259
0.000000 0.000000
0.000002 -0.000259
0.000032 -0.001033
0.000155 -0.002318
0.000462 -0.004101
0.001038 -0.006367
0.001927 -0.009094
0.003125 -0.012240
0.004815 -0.015686
0.007318 -0.019235
0.010690 -0.022750
0.014831 -0.026138
0.019712 -0.029332
0.025285 -0.032292
0.031499 -0.035012
0.038299 -0.037524
0.045633 -0.039903
0.053472 -0.042173
0.061808 -0.044320
0.070624 -0.046335
0.079904 -0.048217
0.089632 -0.049983
0.099788 -0.051666
0.110352 -0.053300
0.121314 -0.054884
0.132663 -0.056407
0.144388 -0.057853
0.156477 -0.059211
0.168916 -0.060492
0.181688 -0.061728
0.194782 -0.062883
0.208188 -0.063900
0.221889 -0.064826
0.235864 -0.065745
0.250102 -0.066606
0.264592 -0.067344
0.279318 -0.067973
0.294262 -0.068518
0.309409 -0.068960
0.324745 -0.069291
0.340252 -0.069518
0.355913 -0.069625
0.371714 -0.069588
0.387635 -0.069401
0.403661 -0.069137
0.419776 -0.068806
0.435960 -0.068272
0.452190 -0.067476
0.468448 -0.066451
0.484730 -0.065408
0.501017 -0.064322
0.517264 -0.062835
0.533450 -0.060979
0.549561 -0.058861
0.565587 -0.056546
0.581512 -0.054055
0.597316 -0.051380
0.612970 -0.048475
0.628471 -0.045408
0.643818 -0.042282
0.658998 -0.039110
0.673998 -0.035901
0.688805 -0.032676
0.703404 -0.029439
0.717785 -0.026211
0.731950 -0.023074
0.745895 -0.020074
0.759595 -0.017167
0.773042 -0.014378
0.786235 -0.011778
0.799170 -0.009441
0.811836 -0.007408
0.824211 -0.005606
0.836268 -0.003951
0.848002 -0.002584
0.859419 -0.001751
0.870488 -0.001283
0.881174 -0.000953
0.891465 -0.000789
0.901352 -0.000842
0.910819 -0.001112
0.919850 -0.001590
0.928431 -0.002259
0.936551 -0.003089
0.944201 -0.004049
0.951370 -0.005118
0.958055 -0.006255
0.964263 -0.007372
0.969979 -0.008495
0.975186 -0.009673
0.979884 -0.010869
0.984076 -0.012030
0.987778 -0.013081
0.991000 -0.013972
0.993739 -0.014700
0.995988 -0.015281
0.997742 -0.015728
0.998996 -0.016046
0.999749 -0.016237
1.000000 -0.016300