npl9626
1.000000 0.001260
0.999746 0.001299
0.998982 0.001416
0.997711 0.001611
0.995933 0.001880
0.993650 0.002223
0.990863 0.002639
0.987577 0.003129
0.983793 0.003693
0.979517 0.004329
0.974751 0.005034
0.969501 0.005806
0.963771 0.006643
0.957567 0.007542
0.950896 0.008500
0.943763 0.009517
0.936176 0.010591
0.928142 0.011720
0.919670 0.012901
0.910767 0.014129
0.901442 0.015402
0.891704 0.016716
0.881564 0.018073
0.871031 0.019469
0.860115 0.020899
0.848827 0.022358
0.837179 0.023842
0.825181 0.025351
0.812847 0.026884
0.800189 0.028440
0.787218 0.030014
0.773948 0.031600
0.760392 0.033194
0.746564 0.034793
0.732476 0.036394
0.718144 0.037993
0.703581 0.039590
0.688802 0.041182
0.673823 0.042767
0.658658 0.044339
0.643321 0.045893
0.627829 0.047424
0.612196 0.048930
0.596439 0.050408
0.580573 0.051857
0.564614 0.053271
0.548578 0.054644
0.532481 0.055971
0.516339 0.057247
0.500168 0.058471
0.483985 0.059641
0.467807 0.060750
0.451648 0.061797
0.435526 0.062775
0.419456 0.063677
0.403456 0.064495
0.387541 0.065224
0.371728 0.065874
0.356033 0.066457
0.340473 0.066971
0.325062 0.067368
0.309818 0.067587
0.294755 0.067586
0.279891 0.067382
0.265245 0.067005
0.250832 0.066480
0.236669 0.065807
0.222772 0.064982
0.209157 0.064002
0.195840 0.062870
0.182837 0.061588
0.170163 0.060164
0.157830 0.058616
0.145851 0.056959
0.134238 0.055207
0.123007 0.053360
0.112171 0.051418
0.101742 0.049391
0.091725 0.047308
0.082125 0.045197
0.072955 0.043057
0.064244 0.040846
0.056013 0.038538
0.048262 0.036162
0.040969 0.033796
0.034124 0.031492
0.027794 0.029149
0.022066 0.026622
0.016971 0.023879
0.012459 0.021063
0.008705 0.018054
0.005622 0.015027
0.003305 0.011991
0.001860 0.008996
0.000927 0.006339
0.000397 0.004092
0.000135 0.002312
0.000028 0.001029
0.000002 0.000257
-0.000000 0.000000
0.000002 -0.000256
0.000029 -0.001023
0.000154 -0.002295
0.000514 -0.004044
0.001277 -0.006205
0.002663 -0.008632
0.004931 -0.011025
0.007740 -0.013579
0.011367 -0.015882
0.015488 -0.018303
0.020321 -0.020408
0.025716 -0.022437
0.031593 -0.024493
0.037970 -0.026507
0.044865 -0.028409
0.052263 -0.030207
0.060137 -0.031949
0.068457 -0.033683
0.077215 -0.035398
0.086409 -0.037076
0.096031 -0.038701
0.106071 -0.040275
0.116514 -0.041804
0.127348 -0.043286
0.138564 -0.044696
0.150152 -0.046005
0.162103 -0.047194
0.174402 -0.048266
0.187033 -0.049224
0.199983 -0.050075
0.213235 -0.050819
0.226777 -0.051461
0.240593 -0.051999
0.254668 -0.052430
0.268988 -0.052747
0.283537 -0.052950
0.298300 -0.053049
0.313260 -0.053053
0.328403 -0.052968
0.343712 -0.052789
0.359171 -0.052512
0.374765 -0.052142
0.390478 -0.051705
0.406294 -0.051229
0.422199 -0.050728
0.438174 -0.050181
0.454204 -0.049566
0.470271 -0.048872
0.486359 -0.048106
0.502453 -0.047281
0.518536 -0.046405
0.534591 -0.045481
0.550603 -0.044507
0.566556 -0.043485
0.582432 -0.042421
0.598217 -0.041321
0.613895 -0.040190
0.629450 -0.039031
0.644866 -0.037843
0.660128 -0.036629
0.675221 -0.035395
0.690129 -0.034144
0.704837 -0.032882
0.719332 -0.031611
0.733598 -0.030332
0.747621 -0.029046
0.761387 -0.027757
0.774882 -0.026468
0.788092 -0.025180
0.801005 -0.023898
0.813608 -0.022628
0.825889 -0.021374
0.837835 -0.020136
0.849433 -0.018915
0.860673 -0.017711
0.871543 -0.016528
0.882032 -0.015371
0.892130 -0.014244
0.901828 -0.013150
0.911115 -0.012090
0.919982 -0.011064
0.928420 -0.010076
0.936422 -0.009129
0.943979 -0.008228
0.951083 -0.007374
0.957729 -0.006568
0.963909 -0.005811
0.969616 -0.005104
0.974846 -0.004452
0.979594 -0.003856
0.983854 -0.003319
0.987623 -0.002842
0.990897 -0.002426
0.993673 -0.002073
0.995948 -0.001782
0.997719 -0.001554
0.998986 -0.001391
0.999746 -0.001293
1.000000 -0.001260