oaf128
1.000000 0.004839
0.999742 0.004847
0.998967 0.004873
0.997677 0.004915
0.995872 0.004978
0.993555 0.005062
0.990728 0.005173
0.987395 0.005312
0.983558 0.005484
0.979222 0.005693
0.974391 0.005945
0.969071 0.006242
0.963267 0.006591
0.956986 0.006994
0.950235 0.007458
0.943020 0.007984
0.935349 0.008576
0.927230 0.009236
0.918672 0.009967
0.909684 0.010770
0.900275 0.011646
0.890454 0.012594
0.880233 0.013614
0.869620 0.014705
0.858628 0.015864
0.847266 0.017091
0.835546 0.018380
0.823480 0.019729
0.811080 0.021136
0.798358 0.022597
0.785326 0.024107
0.771998 0.025662
0.758387 0.027258
0.744505 0.028892
0.730367 0.030560
0.715987 0.032257
0.701379 0.033981
0.686557 0.035727
0.671536 0.037491
0.656331 0.039270
0.640957 0.041061
0.625430 0.042859
0.609764 0.044661
0.593976 0.046463
0.578081 0.048259
0.562094 0.050046
0.546031 0.051817
0.529908 0.053568
0.513742 0.055292
0.497547 0.056982
0.481340 0.058632
0.465136 0.060232
0.448951 0.061775
0.432801 0.063251
0.416701 0.064651
0.400669 0.065964
0.384718 0.067182
0.368866 0.068291
0.353128 0.069283
0.337521 0.070148
0.322060 0.070874
0.306762 0.071448
0.291644 0.071870
0.276722 0.072147
0.262013 0.072258
0.247533 0.072170
0.233299 0.071888
0.219329 0.071435
0.205636 0.070846
0.192236 0.070139
0.179145 0.069282
0.166382 0.068239
0.153964 0.066995
0.141909 0.065545
0.130234 0.063898
0.118953 0.062071
0.108079 0.060084
0.097624 0.057958
0.087600 0.055711
0.078020 0.053348
0.068901 0.050870
0.060259 0.048269
0.052116 0.045534
0.044498 0.042647
0.037431 0.039600
0.030945 0.036391
0.025069 0.033029
0.019827 0.029540
0.015238 0.025966
0.011310 0.022360
0.008041 0.018789
0.005414 0.015326
0.003401 0.012050
0.001947 0.009041
0.000987 0.006373
0.000421 0.004113
0.000137 0.002323
0.000028 0.001034
0.000002 0.000258
-0.000000 -0.000000
0.000001 -0.000257
0.000017 -0.001029
0.000087 -0.002315
0.000284 -0.004106
0.000721 -0.006378
0.001561 -0.009072
0.002981 -0.012083
0.005133 -0.015244
0.008099 -0.018393
0.011830 -0.021437
0.016259 -0.024351
0.021312 -0.027164
0.026945 -0.029893
0.033127 -0.032553
0.039842 -0.035135
0.047079 -0.037619
0.054828 -0.039977
0.063080 -0.042182
0.071821 -0.044213
0.081034 -0.046060
0.090702 -0.047728
0.100805 -0.049232
0.111326 -0.050590
0.122248 -0.051820
0.133558 -0.052922
0.145242 -0.053884
0.157290 -0.054660
0.169687 -0.055202
0.182416 -0.055543
0.195458 -0.055747
0.208800 -0.055894
0.222427 -0.056008
0.236325 -0.055963
0.250477 -0.055685
0.264869 -0.055238
0.279484 -0.054668
0.294307 -0.053967
0.309322 -0.053135
0.324515 -0.052187
0.339869 -0.051136
0.355369 -0.049992
0.371000 -0.048765
0.386748 -0.047469
0.402596 -0.046112
0.418529 -0.044706
0.434532 -0.043260
0.450589 -0.041784
0.466686 -0.040287
0.482806 -0.038777
0.498933 -0.037259
0.515052 -0.035743
0.531148 -0.034233
0.547203 -0.032733
0.563202 -0.031247
0.579130 -0.029780
0.594970 -0.028335
0.610706 -0.026913
0.626324 -0.025517
0.641806 -0.024149
0.657137 -0.022810
0.672302 -0.021501
0.687287 -0.020226
0.702074 -0.018985
0.716651 -0.017780
0.731001 -0.016614
0.745111 -0.015487
0.758967 -0.014404
0.772555 -0.013365
0.785860 -0.012375
0.798871 -0.011435
0.811573 -0.010550
0.823954 -0.009720
0.836001 -0.008949
0.847703 -0.008240
0.859048 -0.007594
0.870024 -0.007014
0.880619 -0.006499
0.890823 -0.006051
0.900626 -0.005669
0.910017 -0.005352
0.918986 -0.005098
0.927524 -0.004906
0.935622 -0.004771
0.943272 -0.004689
0.950465 -0.004655
0.957194 -0.004665
0.963452 -0.004711
0.969233 -0.004788
0.974530 -0.004888
0.979338 -0.005005
0.983653 -0.005131
0.987470 -0.005261
0.990785 -0.005388
0.993595 -0.005507
0.995898 -0.005612
0.997691 -0.005697
0.998974 -0.005761
0.999743 -0.005801
1.000000 -0.005814