psu94097
1.000003 0.001640
0.999749 0.001690
0.998987 0.001841
0.997718 0.002093
0.995942 0.002443
0.993662 0.002891
0.990879 0.003436
0.987598 0.004079
0.983820 0.004820
0.979551 0.005659
0.974794 0.006596
0.969554 0.007628
0.963837 0.008755
0.957648 0.009978
0.950994 0.011296
0.943882 0.012710
0.936320 0.014218
0.928314 0.015821
0.919874 0.017517
0.911009 0.019308
0.901727 0.021194
0.892039 0.023176
0.881954 0.025249
0.871479 0.027399
0.860623 0.029610
0.849395 0.031871
0.837805 0.034180
0.825866 0.036535
0.813590 0.038934
0.800988 0.041371
0.788074 0.043843
0.774859 0.046341
0.761355 0.048858
0.747575 0.051384
0.733532 0.053910
0.719238 0.056428
0.704709 0.058930
0.689956 0.061407
0.674996 0.063851
0.659840 0.066247
0.644503 0.068583
0.629000 0.070841
0.613343 0.073002
0.597547 0.075046
0.581627 0.076957
0.565601 0.078725
0.549484 0.080341
0.533295 0.081802
0.517051 0.083110
0.500771 0.084266
0.484473 0.085268
0.468175 0.086114
0.451893 0.086799
0.435647 0.087324
0.419453 0.087691
0.403331 0.087901
0.387297 0.087959
0.371370 0.087870
0.355566 0.087639
0.339903 0.087266
0.324398 0.086753
0.309067 0.086098
0.293929 0.085307
0.278998 0.084385
0.264292 0.083337
0.249826 0.082160
0.235617 0.080853
0.221680 0.079417
0.208033 0.077851
0.194690 0.076157
0.181667 0.074339
0.168979 0.072394
0.156642 0.070325
0.144671 0.068134
0.133082 0.065818
0.121889 0.063381
0.111108 0.060825
0.100754 0.058151
0.090840 0.055366
0.081381 0.052477
0.072390 0.049494
0.063879 0.046428
0.055862 0.043287
0.048351 0.040082
0.041356 0.036827
0.034893 0.033536
0.028967 0.030230
0.023589 0.026928
0.018767 0.023648
0.014501 0.020422
0.010808 0.017272
0.007692 0.014231
0.005138 0.011343
0.003154 0.008645
0.001700 0.006191
0.000725 0.004053
0.000210 0.002315
0.000032 0.001036
0.000002 0.000259
0.000000 0.000000
0.000012 -0.000253
0.000194 -0.000995
0.000902 -0.002038
0.002269 -0.003155
0.004231 -0.004289
0.006745 -0.005439
0.009809 -0.006566
0.013422 -0.007627
0.017559 -0.008629
0.022195 -0.009572
0.027329 -0.010439
0.032955 -0.011229
0.039065 -0.011946
0.045651 -0.012584
0.052702 -0.013144
0.060208 -0.013635
0.068159 -0.014052
0.076548 -0.014392
0.085364 -0.014657
0.094599 -0.014849
0.104242 -0.014976
0.114283 -0.015052
0.124711 -0.015081
0.135516 -0.015061
0.146686 -0.014990
0.158210 -0.014863
0.170076 -0.014684
0.182272 -0.014455
0.194786 -0.014181
0.207605 -0.013868
0.220717 -0.013522
0.234108 -0.013152
0.247765 -0.012762
0.261674 -0.012350
0.275821 -0.011910
0.290191 -0.011440
0.304770 -0.010945
0.319545 -0.010435
0.334499 -0.009918
0.349619 -0.009400
0.364889 -0.008877
0.380294 -0.008346
0.395817 -0.007806
0.411443 -0.007257
0.427157 -0.006700
0.442943 -0.006137
0.458784 -0.005566
0.474665 -0.004985
0.490570 -0.004392
0.506483 -0.003786
0.522387 -0.003177
0.538267 -0.002574
0.554108 -0.001986
0.569893 -0.001412
0.585607 -0.000848
0.601233 -0.000289
0.616756 0.000265
0.632160 0.000807
0.647429 0.001329
0.662550 0.001825
0.677506 0.002292
0.692283 0.002727
0.706866 0.003131
0.721239 0.003503
0.735389 0.003838
0.749301 0.004134
0.762961 0.004390
0.776355 0.004603
0.789470 0.004774
0.802292 0.004904
0.814809 0.004992
0.827007 0.005038
0.838875 0.005041
0.850400 0.005001
0.861570 0.004920
0.872374 0.004797
0.882800 0.004636
0.892839 0.004437
0.902480 0.004204
0.911713 0.003940
0.920529 0.003647
0.928918 0.003329
0.936873 0.002989
0.944385 0.002630
0.951447 0.002258
0.958051 0.001876
0.964191 0.001489
0.969861 0.001103
0.975055 0.000723
0.979769 0.000355
0.983997 0.000003
0.987737 -0.000326
0.990985 -0.000631
0.993736 -0.000910
0.995988 -0.001157
0.997741 -0.001363
0.998994 -0.001516
0.999746 -0.001609
0.999997 -0.001640