rae103
1.000000 -0.000000
0.999747 0.000027
0.998987 0.000106
0.997722 0.000239
0.995953 0.000425
0.993681 0.000663
0.990908 0.000954
0.987639 0.001296
0.983875 0.001691
0.979621 0.002137
0.974881 0.002634
0.969660 0.003182
0.963962 0.003780
0.957795 0.004426
0.951163 0.005122
0.944074 0.005865
0.936534 0.006655
0.928552 0.007492
0.920135 0.008376
0.911293 0.009303
0.902032 0.010274
0.892364 0.011288
0.882298 0.012344
0.871844 0.013440
0.861012 0.014576
0.849814 0.015751
0.838260 0.016963
0.826362 0.018210
0.814133 0.019492
0.801584 0.020809
0.788729 0.022158
0.775580 0.023538
0.762150 0.024948
0.748452 0.026379
0.734501 0.027831
0.720309 0.029294
0.705890 0.030767
0.691259 0.032243
0.676430 0.033714
0.661418 0.035177
0.646236 0.036622
0.630900 0.038045
0.615426 0.039436
0.599827 0.040788
0.584119 0.042091
0.568318 0.043338
0.552439 0.044515
0.536498 0.045613
0.520510 0.046614
0.504490 0.047496
0.488454 0.048211
0.472421 0.048773
0.456407 0.049219
0.440432 0.049557
0.424511 0.049797
0.408662 0.049943
0.392900 0.050000
0.377243 0.049971
0.361706 0.049858
0.346306 0.049667
0.331058 0.049397
0.315978 0.049051
0.301082 0.048631
0.286385 0.048138
0.271903 0.047576
0.257649 0.046946
0.243640 0.046247
0.229889 0.045483
0.216411 0.044656
0.203219 0.043766
0.190328 0.042815
0.177751 0.041805
0.165501 0.040738
0.153591 0.039614
0.142034 0.038438
0.130841 0.037207
0.120026 0.035924
0.109599 0.034592
0.099572 0.033212
0.089956 0.031785
0.080762 0.030312
0.072001 0.028796
0.063683 0.027236
0.055819 0.025635
0.048418 0.023994
0.041490 0.022314
0.035047 0.020595
0.029100 0.018840
0.023659 0.017048
0.018737 0.015219
0.014351 0.013356
0.010516 0.011462
0.007257 0.009541
0.004599 0.007609
0.002573 0.005697
0.001191 0.003882
0.000412 0.002262
0.000086 0.001017
0.000006 0.000255
0.000000 0.000000
0.000006 -0.000255
0.000086 -0.001017
0.000412 -0.002262
0.001191 -0.003882
0.002573 -0.005697
0.004599 -0.007609
0.007257 -0.009541
0.010516 -0.011462
0.014351 -0.013356
0.018737 -0.015219
0.023659 -0.017048
0.029100 -0.018840
0.035047 -0.020595
0.041490 -0.022314
0.048418 -0.023994
0.055819 -0.025635
0.063683 -0.027236
0.072001 -0.028796
0.080762 -0.030312
0.089956 -0.031785
0.099572 -0.033212
0.109599 -0.034592
0.120026 -0.035924
0.130841 -0.037207
0.142034 -0.038438
0.153591 -0.039614
0.165501 -0.040738
0.177751 -0.041805
0.190328 -0.042815
0.203219 -0.043766
0.216411 -0.044656
0.229889 -0.045483
0.243640 -0.046247
0.257649 -0.046946
0.271903 -0.047576
0.286385 -0.048138
0.301082 -0.048631
0.315978 -0.049051
0.331058 -0.049397
0.346306 -0.049667
0.361706 -0.049858
0.377243 -0.049971
0.392900 -0.050000
0.408662 -0.049943
0.424511 -0.049797
0.440432 -0.049557
0.456407 -0.049219
0.472421 -0.048773
0.488454 -0.048211
0.504490 -0.047496
0.520510 -0.046614
0.536498 -0.045613
0.552439 -0.044515
0.568318 -0.043338
0.584119 -0.042091
0.599827 -0.040788
0.615426 -0.039436
0.630900 -0.038045
0.646236 -0.036622
0.661418 -0.035177
0.676430 -0.033714
0.691259 -0.032243
0.705890 -0.030767
0.720309 -0.029294
0.734501 -0.027831
0.748452 -0.026379
0.762150 -0.024948
0.775580 -0.023538
0.788729 -0.022158
0.801584 -0.020809
0.814133 -0.019492
0.826362 -0.018210
0.838260 -0.016963
0.849814 -0.015751
0.861012 -0.014576
0.871844 -0.013440
0.882298 -0.012344
0.892364 -0.011288
0.902032 -0.010274
0.911293 -0.009303
0.920135 -0.008376
0.928552 -0.007492
0.936534 -0.006655
0.944074 -0.005865
0.951163 -0.005122
0.957795 -0.004426
0.963962 -0.003780
0.969660 -0.003182
0.974881 -0.002634
0.979621 -0.002137
0.983875 -0.001691
0.987639 -0.001296
0.990908 -0.000954
0.993681 -0.000663
0.995953 -0.000425
0.997722 -0.000239
0.998987 -0.000106
0.999747 -0.000027
1.000000 0.000000