rae5213
1.000000 0.000000
0.999745 0.000036
0.998981 0.000144
0.997707 0.000324
0.995926 0.000572
0.993638 0.000886
0.990846 0.001268
0.987554 0.001719
0.983765 0.002249
0.979486 0.002868
0.974723 0.003595
0.969481 0.004425
0.963762 0.005335
0.957565 0.006287
0.950896 0.007269
0.943764 0.008296
0.936179 0.009393
0.928151 0.010564
0.919685 0.011793
0.910786 0.013060
0.901464 0.014357
0.891728 0.015695
0.881591 0.017086
0.871064 0.018535
0.860157 0.020035
0.848879 0.021577
0.837241 0.023150
0.825254 0.024750
0.812930 0.026367
0.800279 0.027997
0.787316 0.029636
0.774052 0.031280
0.760500 0.032927
0.746676 0.034574
0.732592 0.036221
0.718263 0.037864
0.703704 0.039503
0.688928 0.041134
0.673951 0.042754
0.658787 0.044350
0.643449 0.045909
0.627953 0.047418
0.612313 0.048869
0.596546 0.050256
0.580667 0.051572
0.564692 0.052811
0.548637 0.053966
0.532519 0.055031
0.516354 0.056001
0.500158 0.056872
0.483950 0.057642
0.467745 0.058316
0.451561 0.058901
0.435416 0.059403
0.419325 0.059822
0.403306 0.060155
0.387374 0.060398
0.371546 0.060551
0.355840 0.060609
0.340270 0.060573
0.324854 0.060444
0.309607 0.060226
0.294546 0.059923
0.279685 0.059536
0.265041 0.059066
0.250629 0.058517
0.236463 0.057895
0.222557 0.057208
0.208926 0.056461
0.195586 0.055643
0.182550 0.054742
0.169833 0.053754
0.157448 0.052700
0.145404 0.051602
0.133714 0.050471
0.122392 0.049290
0.111454 0.048038
0.100912 0.046715
0.090771 0.045352
0.081038 0.043977
0.071730 0.042566
0.062873 0.041035
0.054489 0.039324
0.046599 0.037414
0.039225 0.035321
0.032384 0.033054
0.026122 0.030557
0.020458 0.027868
0.015400 0.025047
0.011013 0.022052
0.007439 0.018826
0.004754 0.015441
0.002818 0.012144
0.001540 0.009077
0.000754 0.006372
0.000306 0.004106
0.000096 0.002316
0.000019 0.001030
0.000001 0.000258
0.000000 -0.000000
0.000001 -0.000255
0.000022 -0.001021
0.000130 -0.002296
0.000483 -0.004041
0.001334 -0.006158
0.002927 -0.008435
0.005393 -0.010607
0.008596 -0.012615
0.012465 -0.014428
0.016984 -0.015960
0.022028 -0.017407
0.027565 -0.018875
0.033604 -0.020279
0.040145 -0.021573
0.047167 -0.022791
0.054657 -0.023953
0.062602 -0.025093
0.070987 -0.026228
0.079808 -0.027336
0.089056 -0.028392
0.098725 -0.029386
0.108801 -0.030327
0.119273 -0.031233
0.130127 -0.032110
0.141353 -0.032956
0.152939 -0.033766
0.164875 -0.034534
0.177149 -0.035253
0.189747 -0.035916
0.202656 -0.036520
0.215864 -0.037069
0.229356 -0.037566
0.243119 -0.038009
0.257138 -0.038392
0.271400 -0.038707
0.285889 -0.038947
0.300591 -0.039103
0.315490 -0.039168
0.330571 -0.039137
0.345818 -0.039010
0.361216 -0.038786
0.376747 -0.038467
0.392396 -0.038049
0.408147 -0.037532
0.423982 -0.036911
0.439885 -0.036179
0.455839 -0.035329
0.471826 -0.034352
0.487830 -0.033247
0.503831 -0.032012
0.519814 -0.030650
0.535763 -0.029178
0.551663 -0.027613
0.567498 -0.025971
0.583253 -0.024267
0.598914 -0.022515
0.614467 -0.020730
0.629897 -0.018936
0.645193 -0.017154
0.660340 -0.015408
0.675327 -0.013721
0.690139 -0.012117
0.704764 -0.010611
0.719187 -0.009204
0.733391 -0.007888
0.747362 -0.006658
0.761084 -0.005518
0.774545 -0.004478
0.787731 -0.003542
0.800628 -0.002708
0.813222 -0.001968
0.825499 -0.001317
0.837447 -0.000752
0.849052 -0.000269
0.860302 0.000134
0.871187 0.000466
0.881693 0.000739
0.891811 0.000963
0.901528 0.001139
0.910837 0.001259
0.919726 0.001320
0.928188 0.001328
0.936212 0.001295
0.943792 0.001234
0.950918 0.001153
0.957584 0.001055
0.963784 0.000945
0.969510 0.000828
0.974758 0.000709
0.979522 0.000594
0.983797 0.000484
0.987579 0.000377
0.990864 0.000274
0.993650 0.000181
0.995932 0.000108
0.997711 0.000057
0.998982 0.000024
0.999745 0.000006
1.000000 -0.000000