raf28
1.000000 0.000000
0.999748 0.000047
0.998992 0.000186
0.997734 0.000419
0.995974 0.000744
0.993714 0.001161
0.990956 0.001670
0.987704 0.002268
0.983959 0.002954
0.979726 0.003725
0.975008 0.004577
0.969809 0.005505
0.964134 0.006503
0.957986 0.007563
0.951372 0.008674
0.944295 0.009825
0.936762 0.011008
0.928780 0.012220
0.920357 0.013457
0.911501 0.014716
0.902223 0.015998
0.892531 0.017303
0.882437 0.018634
0.871950 0.019993
0.861083 0.021384
0.849847 0.022813
0.838255 0.024289
0.826320 0.025820
0.814055 0.027420
0.801474 0.029100
0.788593 0.030873
0.775423 0.032728
0.761975 0.034648
0.748260 0.036608
0.734289 0.038585
0.720073 0.040551
0.705623 0.042476
0.690949 0.044331
0.676065 0.046105
0.660988 0.047806
0.645735 0.049444
0.630322 0.051029
0.614767 0.052572
0.599088 0.054087
0.583301 0.055582
0.567423 0.057044
0.551469 0.058460
0.535452 0.059813
0.519389 0.061089
0.503294 0.062271
0.487184 0.063346
0.471074 0.064309
0.454982 0.065158
0.438923 0.065892
0.422917 0.066511
0.406978 0.067015
0.391125 0.067404
0.375374 0.067673
0.359742 0.067814
0.344247 0.067819
0.328906 0.067681
0.313735 0.067395
0.298750 0.066957
0.283968 0.066366
0.269406 0.065628
0.255078 0.064751
0.241001 0.063745
0.227190 0.062619
0.213659 0.061382
0.200422 0.060045
0.187495 0.058614
0.174893 0.057084
0.162632 0.055451
0.150727 0.053711
0.139190 0.051869
0.128031 0.049948
0.117254 0.047974
0.106867 0.045972
0.096877 0.043964
0.087304 0.041930
0.078186 0.039804
0.069552 0.037536
0.061402 0.035126
0.053718 0.032607
0.046490 0.030013
0.039743 0.027393
0.033524 0.024811
0.027862 0.022315
0.022764 0.019944
0.018141 0.017637
0.013850 0.015288
0.009850 0.012867
0.006403 0.010423
0.003752 0.008044
0.001931 0.005824
0.000832 0.003857
0.000273 0.002228
0.000055 0.001009
0.000004 0.000255
0.000000 0.000000
0.000004 -0.000253
0.000064 -0.000996
0.000314 -0.002190
0.000953 -0.003768
0.002202 -0.005638
0.004254 -0.007689
0.007201 -0.009791
0.010956 -0.011804
0.015188 -0.013580
0.019708 -0.015076
0.024605 -0.016400
0.030032 -0.017751
0.036027 -0.019162
0.042566 -0.020580
0.049606 -0.021931
0.057092 -0.023137
0.065011 -0.024194
0.073369 -0.025132
0.082171 -0.025999
0.091410 -0.026813
0.101067 -0.027581
0.111125 -0.028308
0.121572 -0.028991
0.132399 -0.029624
0.143596 -0.030202
0.155153 -0.030723
0.167058 -0.031179
0.179299 -0.031562
0.191862 -0.031860
0.204734 -0.032062
0.217901 -0.032165
0.231349 -0.032173
0.245065 -0.032095
0.259034 -0.031941
0.273243 -0.031723
0.287677 -0.031454
0.302320 -0.031151
0.317158 -0.030824
0.332177 -0.030474
0.347360 -0.030099
0.362693 -0.029696
0.378160 -0.029262
0.393746 -0.028796
0.409435 -0.028295
0.425210 -0.027761
0.441058 -0.027201
0.456961 -0.026620
0.472904 -0.026024
0.488871 -0.025421
0.504846 -0.024817
0.520813 -0.024213
0.536755 -0.023605
0.552657 -0.022986
0.568501 -0.022349
0.584273 -0.021690
0.599954 -0.021002
0.615531 -0.020283
0.630986 -0.019538
0.646306 -0.018775
0.661474 -0.018002
0.676476 -0.017226
0.691297 -0.016454
0.705922 -0.015692
0.720337 -0.014945
0.734528 -0.014216
0.748479 -0.013508
0.762178 -0.012823
0.775610 -0.012163
0.788762 -0.011530
0.801621 -0.010925
0.814173 -0.010347
0.826407 -0.009792
0.838309 -0.009254
0.849866 -0.008729
0.861068 -0.008212
0.871903 -0.007702
0.882359 -0.007195
0.892427 -0.006691
0.902095 -0.006190
0.911354 -0.005691
0.920196 -0.005197
0.928610 -0.004711
0.936589 -0.004235
0.944124 -0.003771
0.951209 -0.003323
0.957836 -0.002892
0.963998 -0.002484
0.969691 -0.002101
0.974907 -0.001745
0.979643 -0.001419
0.983892 -0.001125
0.987652 -0.000864
0.990918 -0.000636
0.993687 -0.000442
0.995957 -0.000283
0.997724 -0.000159
0.998988 -0.000071
0.999747 -0.000018
1.000000 -0.000000