raf33
1.000000 0.000000
0.999740 0.000032
0.998959 0.000129
0.997658 0.000289
0.995839 0.000513
0.993504 0.000801
0.990654 0.001152
0.987292 0.001564
0.983423 0.002037
0.979048 0.002568
0.974174 0.003153
0.968803 0.003790
0.962941 0.004472
0.956593 0.005194
0.949764 0.005947
0.942461 0.006724
0.934692 0.007535
0.926467 0.008395
0.917799 0.009329
0.908699 0.010367
0.899183 0.011550
0.889266 0.012916
0.878960 0.014474
0.868275 0.016225
0.857223 0.018166
0.845816 0.020290
0.834064 0.022589
0.821978 0.025048
0.809570 0.027650
0.796852 0.030373
0.783833 0.033200
0.770527 0.036122
0.756946 0.039134
0.743102 0.042229
0.729006 0.045398
0.714672 0.048632
0.700111 0.051922
0.685336 0.055258
0.670360 0.058630
0.655198 0.062030
0.639864 0.065449
0.624371 0.068876
0.608735 0.072302
0.592968 0.075716
0.577086 0.079101
0.561099 0.082430
0.545020 0.085678
0.528860 0.088817
0.512632 0.091820
0.496348 0.094660
0.480022 0.097315
0.463671 0.099765
0.447314 0.101993
0.430968 0.103984
0.414653 0.105723
0.398386 0.107196
0.382187 0.108393
0.366077 0.109310
0.350076 0.109944
0.334206 0.110294
0.318487 0.110360
0.302939 0.110146
0.287583 0.109653
0.272440 0.108886
0.257532 0.107851
0.242880 0.106554
0.228504 0.105004
0.214423 0.103210
0.200656 0.101185
0.187220 0.098937
0.174135 0.096455
0.161422 0.093729
0.149099 0.090755
0.137186 0.087528
0.125721 0.084037
0.114736 0.080279
0.104259 0.076256
0.094307 0.071986
0.084850 0.067591
0.075826 0.063247
0.067202 0.059067
0.059007 0.054988
0.051283 0.050919
0.044061 0.046810
0.037387 0.042678
0.031296 0.038563
0.025807 0.034506
0.020907 0.030538
0.016519 0.026635
0.012564 0.022784
0.009037 0.019015
0.006090 0.015412
0.003803 0.012056
0.002163 0.009017
0.001088 0.006355
0.000461 0.004115
0.000150 0.002335
0.000030 0.001044
0.000002 0.000262
0.000000 0.000000
0.000003 -0.000253
0.000050 -0.001007
0.000246 -0.002241
0.000753 -0.003915
0.001759 -0.005967
0.003446 -0.008306
0.005946 -0.010798
0.009287 -0.013259
0.013333 -0.015440
0.017876 -0.017116
0.022912 -0.018304
0.028484 -0.019177
0.034610 -0.019848
0.041268 -0.020330
0.048415 -0.020663
0.056000 -0.020913
0.064003 -0.021090
0.072430 -0.021176
0.081288 -0.021149
0.090575 -0.021022
0.100274 -0.020833
0.110371 -0.020626
0.120854 -0.020407
0.131713 -0.020173
0.142939 -0.019922
0.154521 -0.019652
0.166448 -0.019360
0.178709 -0.019047
0.191290 -0.018715
0.204178 -0.018364
0.217362 -0.018000
0.230826 -0.017634
0.244559 -0.017280
0.258546 -0.016953
0.272773 -0.016670
0.287226 -0.016448
0.301892 -0.016307
0.316754 -0.016260
0.331798 -0.016303
0.347009 -0.016429
0.362370 -0.016629
0.377866 -0.016895
0.393481 -0.017215
0.409199 -0.017578
0.425003 -0.017975
0.440879 -0.018396
0.456810 -0.018831
0.472782 -0.019271
0.488777 -0.019705
0.504782 -0.020124
0.520779 -0.020520
0.536753 -0.020888
0.552688 -0.021227
0.568566 -0.021534
0.584373 -0.021807
0.600091 -0.022042
0.615706 -0.022239
0.631201 -0.022397
0.646561 -0.022519
0.661771 -0.022607
0.676816 -0.022660
0.691681 -0.022681
0.706351 -0.022672
0.720811 -0.022626
0.735045 -0.022526
0.749038 -0.022360
0.762773 -0.022115
0.776237 -0.021781
0.789415 -0.021349
0.802292 -0.020814
0.814857 -0.020178
0.827096 -0.019463
0.839001 -0.018688
0.850558 -0.017874
0.861759 -0.017036
0.872592 -0.016190
0.883046 -0.015350
0.893113 -0.014526
0.902783 -0.013727
0.912043 -0.012948
0.920881 -0.012160
0.929284 -0.011344
0.937242 -0.010485
0.944745 -0.009579
0.951785 -0.008625
0.958359 -0.007638
0.964462 -0.006647
0.970092 -0.005679
0.975246 -0.004755
0.979922 -0.003889
0.984116 -0.003095
0.987825 -0.002382
0.991046 -0.001757
0.993776 -0.001223
0.996014 -0.000784
0.997757 -0.000441
0.999002 -0.000196
0.999751 -0.000049
1.000000 0.000000