rc08b3
1.000000 0.000900
0.999747 0.000928
0.998987 0.001013
0.997722 0.001155
0.995952 0.001353
0.993680 0.001608
0.990908 0.001918
0.987638 0.002285
0.983874 0.002707
0.979619 0.003185
0.974879 0.003718
0.969657 0.004306
0.963959 0.004949
0.957792 0.005650
0.951161 0.006410
0.944075 0.007236
0.936540 0.008132
0.928566 0.009107
0.920161 0.010156
0.911332 0.011271
0.902086 0.012439
0.892432 0.013649
0.882378 0.014897
0.871937 0.016185
0.861117 0.017514
0.849930 0.018882
0.838387 0.020279
0.826498 0.021699
0.814275 0.023135
0.801729 0.024584
0.788874 0.026040
0.775721 0.027499
0.762284 0.028954
0.748575 0.030400
0.734609 0.031831
0.720399 0.033240
0.705958 0.034622
0.691302 0.035973
0.676444 0.037286
0.661401 0.038559
0.646186 0.039787
0.630816 0.040964
0.615305 0.042087
0.599670 0.043149
0.583926 0.044147
0.568089 0.045080
0.552175 0.045945
0.536202 0.046742
0.520184 0.047467
0.504139 0.048120
0.488084 0.048697
0.472033 0.049200
0.456005 0.049631
0.440016 0.049993
0.424082 0.050284
0.408219 0.050504
0.392444 0.050651
0.376772 0.050723
0.361221 0.050721
0.345806 0.050648
0.330543 0.050508
0.315447 0.050300
0.300534 0.050018
0.285820 0.049661
0.271320 0.049229
0.257049 0.048721
0.243021 0.048138
0.229252 0.047482
0.215756 0.046753
0.202547 0.045950
0.189639 0.045072
0.177046 0.044115
0.164783 0.043078
0.152861 0.041965
0.141293 0.040785
0.130091 0.039546
0.119268 0.038239
0.108838 0.036860
0.098811 0.035412
0.089199 0.033903
0.080011 0.032340
0.071260 0.030722
0.062955 0.029050
0.055106 0.027327
0.047726 0.025562
0.040823 0.023766
0.034407 0.021937
0.028485 0.020067
0.023065 0.018162
0.018171 0.016215
0.013837 0.014221
0.010076 0.012199
0.006916 0.010131
0.004381 0.007999
0.002440 0.005870
0.001112 0.003896
0.000380 0.002242
0.000079 0.001010
0.000005 0.000254
0.000000 0.000000
0.000005 -0.000253
0.000076 -0.001011
0.000371 -0.002255
0.001102 -0.003920
0.002466 -0.005852
0.004558 -0.007751
0.007405 -0.009379
0.010969 -0.010731
0.015081 -0.011983
0.019670 -0.013197
0.024750 -0.014341
0.030343 -0.015393
0.036446 -0.016351
0.043040 -0.017228
0.050095 -0.018057
0.057602 -0.018841
0.065557 -0.019578
0.073954 -0.020268
0.082786 -0.020915
0.092038 -0.021529
0.101701 -0.022116
0.111764 -0.022673
0.122218 -0.023198
0.133052 -0.023692
0.144254 -0.024163
0.155814 -0.024617
0.167718 -0.025054
0.179955 -0.025473
0.192514 -0.025870
0.205380 -0.026236
0.218541 -0.026576
0.231983 -0.026925
0.245692 -0.027321
0.259653 -0.027742
0.273855 -0.028124
0.288284 -0.028422
0.302926 -0.028631
0.317765 -0.028758
0.332785 -0.028848
0.347970 -0.028966
0.363306 -0.029126
0.378777 -0.029285
0.394368 -0.029403
0.410063 -0.029483
0.425846 -0.029536
0.441701 -0.029566
0.457613 -0.029570
0.473565 -0.029548
0.489541 -0.029497
0.505525 -0.029415
0.521500 -0.029303
0.537451 -0.029160
0.553362 -0.028988
0.569216 -0.028786
0.584998 -0.028553
0.600691 -0.028290
0.616279 -0.027994
0.631748 -0.027666
0.647080 -0.027303
0.662261 -0.026907
0.677275 -0.026477
0.692107 -0.026016
0.706741 -0.025521
0.721164 -0.024991
0.735360 -0.024425
0.749315 -0.023824
0.763014 -0.023187
0.776444 -0.022515
0.789591 -0.021810
0.802441 -0.021073
0.814982 -0.020306
0.827201 -0.019509
0.839085 -0.018683
0.850621 -0.017830
0.861800 -0.016952
0.872608 -0.016055
0.883035 -0.015142
0.893072 -0.014222
0.902708 -0.013300
0.911934 -0.012380
0.920741 -0.011459
0.929117 -0.010532
0.937054 -0.009598
0.944544 -0.008663
0.951583 -0.007744
0.958163 -0.006856
0.964281 -0.006012
0.969930 -0.005220
0.975107 -0.004487
0.979805 -0.003816
0.984021 -0.003211
0.987751 -0.002673
0.990991 -0.002205
0.993738 -0.001808
0.995989 -0.001481
0.997742 -0.001227
0.998996 -0.001046
0.999749 -0.000936
1.000000 -0.000900