rc1064c
1.000000 0.001000
0.999748 0.001044
0.998991 0.001174
0.997730 0.001392
0.995967 0.001696
0.993704 0.002086
0.990942 0.002563
0.987684 0.003124
0.983934 0.003769
0.979695 0.004497
0.974972 0.005305
0.969768 0.006192
0.964089 0.007155
0.957939 0.008190
0.951326 0.009293
0.944254 0.010460
0.936731 0.011686
0.928764 0.012968
0.920359 0.014303
0.911527 0.015686
0.902274 0.017115
0.892610 0.018585
0.882545 0.020093
0.872089 0.021634
0.861250 0.023202
0.850041 0.024794
0.838471 0.026404
0.826552 0.028026
0.814296 0.029656
0.801714 0.031285
0.788819 0.032910
0.775623 0.034526
0.762141 0.036135
0.748385 0.037732
0.734369 0.039310
0.720107 0.040861
0.705613 0.042377
0.690900 0.043850
0.675985 0.045279
0.660882 0.046668
0.645607 0.048021
0.630176 0.049334
0.614604 0.050591
0.598905 0.051773
0.583094 0.052869
0.567190 0.053890
0.551208 0.054849
0.535166 0.055760
0.519081 0.056615
0.502967 0.057371
0.486838 0.057986
0.470714 0.058488
0.454612 0.058922
0.438549 0.059295
0.422541 0.059593
0.406605 0.059803
0.390756 0.059913
0.375012 0.059909
0.359390 0.059782
0.343906 0.059521
0.328575 0.059166
0.313413 0.058797
0.298435 0.058381
0.283658 0.057854
0.269098 0.057210
0.254771 0.056455
0.240694 0.055596
0.226876 0.054682
0.213328 0.053771
0.200070 0.052790
0.187124 0.051652
0.174497 0.050415
0.162195 0.049174
0.150228 0.047951
0.138634 0.046533
0.127408 0.045049
0.116552 0.043597
0.106089 0.042097
0.096043 0.040479
0.086423 0.038750
0.077220 0.037025
0.068454 0.035270
0.060149 0.033411
0.052309 0.031495
0.044952 0.029503
0.038083 0.027454
0.031705 0.025395
0.025836 0.023281
0.020497 0.021080
0.015740 0.018765
0.011614 0.016330
0.008138 0.013803
0.005340 0.011212
0.003199 0.008624
0.001677 0.006170
0.000732 0.004021
0.000243 0.002285
0.000050 0.001021
0.000003 0.000256
0.000000 0.000000
0.000005 -0.000254
0.000072 -0.001010
0.000349 -0.002246
0.001035 -0.003912
0.002309 -0.005911
0.004239 -0.008066
0.006805 -0.010178
0.010033 -0.012151
0.013900 -0.013983
0.018327 -0.015746
0.023295 -0.017431
0.028792 -0.019020
0.034802 -0.020517
0.041308 -0.021950
0.048297 -0.023307
0.055772 -0.024507
0.063710 -0.025631
0.072090 -0.026734
0.080910 -0.027765
0.090162 -0.028702
0.099832 -0.029574
0.109906 -0.030423
0.120373 -0.031240
0.131224 -0.031985
0.142450 -0.032644
0.154032 -0.033355
0.165971 -0.033803
0.178272 -0.033510
0.190883 -0.033203
0.203743 -0.033824
0.216833 -0.035602
0.230244 -0.036975
0.243999 -0.037325
0.258023 -0.037473
0.272271 -0.037831
0.286735 -0.038300
0.301410 -0.038750
0.316289 -0.039085
0.331353 -0.039350
0.346582 -0.039590
0.361962 -0.039799
0.377479 -0.039971
0.393117 -0.040100
0.408859 -0.040181
0.424689 -0.040211
0.440592 -0.040189
0.456551 -0.040115
0.472550 -0.039988
0.488572 -0.039805
0.504602 -0.039566
0.520623 -0.039268
0.536618 -0.038913
0.552572 -0.038503
0.568468 -0.038036
0.584290 -0.037509
0.600021 -0.036920
0.615645 -0.036269
0.631147 -0.035559
0.646510 -0.034794
0.661720 -0.033979
0.676760 -0.033118
0.691616 -0.032212
0.706272 -0.031266
0.720714 -0.030280
0.734927 -0.029258
0.748897 -0.028203
0.762609 -0.027118
0.776050 -0.026006
0.789206 -0.024874
0.802065 -0.023729
0.814614 -0.022576
0.826840 -0.021418
0.838731 -0.020256
0.850275 -0.019090
0.861461 -0.017926
0.872277 -0.016771
0.882713 -0.015630
0.892760 -0.014509
0.902407 -0.013413
0.911644 -0.012345
0.920464 -0.011306
0.928855 -0.010295
0.936811 -0.009316
0.944324 -0.008375
0.951386 -0.007474
0.957990 -0.006619
0.964132 -0.005815
0.969804 -0.005064
0.975001 -0.004372
0.979719 -0.003740
0.983953 -0.003170
0.987699 -0.002665
0.990952 -0.002225
0.993711 -0.001852
0.995972 -0.001546
0.997733 -0.001307
0.998992 -0.001137
0.999748 -0.001034
1.000000 -0.001000