rhodesg32
1.000000 0.000000
0.999747 0.000066
0.998988 0.000264
0.997724 0.000594
0.995956 0.001055
0.993686 0.001646
0.990916 0.002368
0.987649 0.003218
0.983888 0.004194
0.979635 0.005295
0.974896 0.006517
0.969674 0.007855
0.963973 0.009306
0.957798 0.010862
0.951154 0.012515
0.944045 0.014258
0.936479 0.016088
0.928464 0.018006
0.920010 0.020018
0.911128 0.022132
0.901830 0.024359
0.892128 0.026711
0.882035 0.029189
0.871558 0.031785
0.860707 0.034492
0.849490 0.037298
0.837917 0.040191
0.825995 0.043154
0.813735 0.046172
0.801143 0.049226
0.788229 0.052294
0.775005 0.055368
0.761482 0.058440
0.747674 0.061501
0.733595 0.064546
0.719259 0.067567
0.704679 0.070558
0.689870 0.073511
0.674847 0.076424
0.659626 0.079292
0.644222 0.082114
0.628651 0.084888
0.612930 0.087613
0.597075 0.090288
0.581102 0.092907
0.565025 0.095453
0.548858 0.097905
0.532617 0.100244
0.516315 0.102450
0.499966 0.104504
0.483588 0.106392
0.467198 0.108117
0.450818 0.109687
0.434468 0.111113
0.418169 0.112403
0.401942 0.113568
0.385805 0.114618
0.369772 0.115569
0.353855 0.116436
0.338066 0.117235
0.322416 0.117982
0.306918 0.118690
0.291584 0.119370
0.276438 0.119967
0.261508 0.120375
0.246826 0.120497
0.232418 0.120244
0.218310 0.119543
0.204527 0.118329
0.191089 0.116562
0.178008 0.114336
0.165285 0.111816
0.152924 0.109149
0.140930 0.106456
0.129313 0.103751
0.118087 0.101003
0.107262 0.098193
0.096849 0.095304
0.086892 0.092273
0.077477 0.088968
0.068665 0.085310
0.060408 0.081430
0.052620 0.077533
0.045244 0.073770
0.038319 0.070138
0.031926 0.066569
0.026113 0.063023
0.020903 0.059478
0.016274 0.055880
0.012189 0.052199
0.008655 0.048481
0.005774 0.044862
0.003578 0.041464
0.002022 0.038382
0.001013 0.035685
0.000427 0.033424
0.000138 0.031635
0.000028 0.030343
0.000002 0.029561
-0.000000 0.029300
0.000003 0.029046
0.000046 0.028293
0.000226 0.027063
0.000692 0.025393
0.001619 0.023339
0.003178 0.020974
0.005496 0.018390
0.008612 0.015703
0.012418 0.013052
0.016690 0.010592
0.021424 0.008445
0.026735 0.006702
0.032717 0.005410
0.039338 0.004526
0.046521 0.003931
0.054145 0.003426
0.062147 0.002877
0.070543 0.002255
0.079364 0.001535
0.088625 0.000763
0.098311 0.000091
0.108405 -0.000313
0.118894 -0.000434
0.129765 -0.000348
0.141006 -0.000152
0.152604 0.000033
0.164544 0.000117
0.176816 0.000113
0.189407 0.000057
0.202307 -0.000011
0.215501 -0.000056
0.228977 -0.000079
0.242722 -0.000082
0.256721 -0.000070
0.270961 -0.000048
0.285426 -0.000023
0.300102 0.000000
0.314975 0.000015
0.330029 0.000021
0.345249 0.000022
0.360620 0.000017
0.376126 0.000010
0.391752 0.000003
0.407483 -0.000002
0.423301 -0.000005
0.439192 -0.000006
0.455140 -0.000005
0.471127 -0.000003
0.487139 -0.000001
0.503159 0.000000
0.519171 0.000001
0.535159 0.000002
0.551106 0.000001
0.566997 0.000001
0.582816 0.000001
0.598546 0.000000
0.614172 -0.000000
0.629679 -0.000000
0.645050 -0.000000
0.660270 -0.000000
0.675323 -0.000000
0.690196 -0.000000
0.704872 0.000000
0.719337 0.000000
0.733576 0.000000
0.747575 0.000000
0.761319 0.000000
0.774796 0.000000
0.787991 0.000000
0.800892 -0.000000
0.813484 -0.000000
0.825756 -0.000000
0.837695 -0.000000
0.849289 -0.000000
0.860527 -0.000000
0.871397 -0.000000
0.881887 -0.000000
0.891989 -0.000000
0.901691 0.000000
0.910983 0.000000
0.919857 0.000000
0.928303 0.000000
0.936313 0.000000
0.943878 0.000000
0.950992 -0.000000
0.957647 -0.000000
0.963836 -0.000000
0.969554 -0.000000
0.974793 -0.000000
0.979550 -0.000000
0.983819 -0.000000
0.987596 -0.000000
0.990877 -0.000000
0.993659 -0.000000
0.995938 -0.000000
0.997714 -0.000000
0.998984 -0.000000
0.999746 -0.000000
1.000000 0.000000