rhodesg30
1.000000 0.000000
0.999747 0.000054
0.998989 0.000217
0.997726 0.000487
0.995959 0.000865
0.993691 0.001351
0.990924 0.001943
0.987659 0.002640
0.983901 0.003441
0.979653 0.004344
0.974919 0.005345
0.969702 0.006442
0.964008 0.007631
0.957842 0.008904
0.951208 0.010256
0.944113 0.011679
0.936562 0.013172
0.928564 0.014735
0.920129 0.016374
0.911267 0.018096
0.901989 0.019909
0.892306 0.021825
0.882230 0.023845
0.871770 0.025964
0.860935 0.028174
0.849734 0.030466
0.838178 0.032829
0.826276 0.035251
0.814037 0.037717
0.801471 0.040211
0.788588 0.042717
0.775400 0.045226
0.761920 0.047732
0.748161 0.050230
0.734137 0.052713
0.719861 0.055178
0.705348 0.057617
0.690613 0.060028
0.675671 0.062405
0.660536 0.064747
0.645224 0.067051
0.629751 0.069316
0.614132 0.071540
0.598384 0.073721
0.582522 0.075857
0.566562 0.077931
0.550518 0.079929
0.534405 0.081834
0.518239 0.083630
0.502035 0.085300
0.485808 0.086833
0.469576 0.088232
0.453359 0.089508
0.437175 0.090672
0.421042 0.091737
0.404980 0.092713
0.389006 0.093611
0.373137 0.094436
0.357386 0.095191
0.341767 0.095875
0.326293 0.096492
0.310979 0.097042
0.295839 0.097528
0.280888 0.097929
0.266150 0.098189
0.251647 0.098252
0.237398 0.098068
0.223425 0.097596
0.209746 0.096799
0.196379 0.095650
0.183340 0.094160
0.170646 0.092399
0.158308 0.090438
0.146340 0.088340
0.134752 0.086151
0.123548 0.083892
0.112734 0.081581
0.102314 0.079236
0.092301 0.076861
0.082750 0.074350
0.073725 0.071578
0.065247 0.068522
0.057263 0.065341
0.049724 0.062183
0.042610 0.059142
0.035967 0.056209
0.029835 0.053368
0.024239 0.050614
0.019182 0.047894
0.014648 0.045050
0.010622 0.042008
0.007204 0.038858
0.004521 0.035775
0.002581 0.032898
0.001303 0.030329
0.000553 0.028144
0.000180 0.026399
0.000036 0.025129
0.000002 0.024358
0.000000 0.024100
0.000006 0.023850
0.000087 0.023131
0.000425 0.022037
0.001274 0.020697
0.002894 0.019239
0.005452 0.017742
0.008907 0.016173
0.012862 0.014307
0.016707 0.011840
0.020460 0.008950
0.024516 0.006163
0.029476 0.004197
0.035476 0.003207
0.042353 0.002957
0.049818 0.003001
0.057528 0.002796
0.065462 0.002284
0.073737 0.001604
0.082496 0.000932
0.091752 0.000362
0.101449 -0.000048
0.111532 -0.000256
0.121990 -0.000291
0.132814 -0.000205
0.144001 -0.000066
0.155546 0.000044
0.167440 0.000083
0.179670 0.000070
0.192222 0.000028
0.205082 -0.000015
0.218233 -0.000043
0.231664 -0.000055
0.245361 -0.000055
0.259311 -0.000045
0.273499 -0.000030
0.287912 -0.000013
0.302536 0.000002
0.317356 0.000011
0.332357 0.000015
0.347524 0.000014
0.362842 0.000011
0.378295 0.000006
0.393867 0.000002
0.409543 -0.000002
0.425307 -0.000004
0.441142 -0.000004
0.457034 -0.000003
0.472966 -0.000002
0.488922 -0.000001
0.504886 0.000000
0.520843 0.000001
0.536775 0.000001
0.552667 0.000001
0.568502 0.000001
0.584266 0.000000
0.599942 0.000000
0.615514 -0.000000
0.630966 -0.000000
0.646284 -0.000000
0.661451 -0.000000
0.676452 -0.000000
0.691273 -0.000000
0.705898 0.000000
0.720312 0.000000
0.734502 0.000000
0.748452 0.000000
0.762149 0.000000
0.775579 0.000000
0.788728 0.000000
0.801584 -0.000000
0.814133 -0.000000
0.826362 -0.000000
0.838259 -0.000000
0.849813 -0.000000
0.861012 -0.000000
0.871844 -0.000000
0.882298 -0.000000
0.892364 -0.000000
0.902032 0.000000
0.911292 0.000000
0.920135 0.000000
0.928552 0.000000
0.936534 0.000000
0.944074 0.000000
0.951163 -0.000000
0.957795 -0.000000
0.963962 -0.000000
0.969660 -0.000000
0.974881 -0.000000
0.979621 -0.000000
0.983875 -0.000000
0.987639 -0.000000
0.990908 -0.000000
0.993681 -0.000000
0.995953 -0.000000
0.997722 -0.000000
0.998987 -0.000000
0.999747 -0.000000
1.000000 0.000000