s1020
1.000000 0.000000
0.999752 0.000089
0.999007 0.000356
0.997767 0.000804
0.996039 0.001445
0.993832 0.002300
0.991156 0.003386
0.988018 0.004711
0.984421 0.006272
0.980365 0.008057
0.975848 0.010053
0.970865 0.012233
0.965406 0.014562
0.959465 0.017011
0.953040 0.019551
0.946127 0.022148
0.938731 0.024790
0.930861 0.027479
0.922533 0.030223
0.913758 0.033024
0.904545 0.035885
0.894908 0.038811
0.884858 0.041802
0.874404 0.044854
0.863556 0.047962
0.852327 0.051121
0.840725 0.054325
0.828763 0.057568
0.816451 0.060842
0.803802 0.064141
0.790828 0.067458
0.777540 0.070786
0.763952 0.074112
0.750073 0.077427
0.735918 0.080716
0.721498 0.083966
0.706826 0.087161
0.691915 0.090288
0.676779 0.093332
0.661433 0.096283
0.645891 0.099127
0.630169 0.101854
0.614282 0.104450
0.598247 0.106907
0.582081 0.109212
0.565800 0.111358
0.549422 0.113334
0.532965 0.115133
0.516446 0.116750
0.499885 0.118178
0.483300 0.119410
0.466710 0.120440
0.450133 0.121262
0.433589 0.121869
0.417096 0.122254
0.400675 0.122411
0.384345 0.122336
0.368125 0.122024
0.352037 0.121473
0.336099 0.120679
0.320332 0.119644
0.304756 0.118372
0.289389 0.116873
0.274250 0.115154
0.259359 0.113218
0.244733 0.111073
0.230390 0.108726
0.216348 0.106188
0.202624 0.103469
0.189234 0.100578
0.176194 0.097521
0.163522 0.094308
0.151233 0.090946
0.139344 0.087442
0.127868 0.083808
0.116822 0.080055
0.106216 0.076197
0.096065 0.072246
0.086385 0.068212
0.077187 0.064108
0.068482 0.059949
0.060278 0.055752
0.052584 0.051536
0.045416 0.047316
0.038785 0.043113
0.032695 0.038947
0.027139 0.034835
0.022107 0.030802
0.017623 0.026874
0.013730 0.023079
0.010438 0.019453
0.007688 0.016030
0.005382 0.012847
0.003453 0.009947
0.001921 0.007380
0.000898 0.005195
0.000344 0.003441
0.000119 0.002157
0.000064 0.001373
0.000060 0.001110
0.000062 0.000855
0.000098 0.000085
0.000253 -0.001204
0.000674 -0.002977
0.001570 -0.005107
0.003209 -0.007311
0.005770 -0.009345
0.009207 -0.011180
0.013226 -0.012958
0.017657 -0.014751
0.022543 -0.016511
0.027963 -0.018192
0.033952 -0.019768
0.040480 -0.021238
0.047494 -0.022629
0.054960 -0.023953
0.062877 -0.025200
0.071247 -0.026364
0.080066 -0.027444
0.089322 -0.028435
0.099000 -0.029342
0.109085 -0.030166
0.119565 -0.030907
0.130430 -0.031561
0.141670 -0.032129
0.153272 -0.032610
0.165223 -0.033004
0.177510 -0.033314
0.190119 -0.033536
0.203038 -0.033669
0.216253 -0.033709
0.229750 -0.033655
0.243515 -0.033507
0.257533 -0.033267
0.271789 -0.032935
0.286269 -0.032509
0.300958 -0.031986
0.315840 -0.031366
0.330899 -0.030643
0.346119 -0.029812
0.361484 -0.028870
0.376979 -0.027820
0.392586 -0.026671
0.408291 -0.025432
0.424079 -0.024115
0.439934 -0.022737
0.455841 -0.021316
0.471787 -0.019867
0.487755 -0.018398
0.503730 -0.016916
0.519697 -0.015430
0.535639 -0.013946
0.551542 -0.012470
0.567390 -0.011009
0.583166 -0.009570
0.598857 -0.008157
0.614445 -0.006777
0.629917 -0.005434
0.645256 -0.004136
0.660447 -0.002887
0.675476 -0.001695
0.690327 -0.000563
0.704986 0.000505
0.719438 0.001507
0.733668 0.002441
0.747661 0.003304
0.761404 0.004092
0.774882 0.004802
0.788082 0.005433
0.800990 0.005983
0.813593 0.006452
0.825877 0.006841
0.837830 0.007152
0.849439 0.007384
0.860693 0.007538
0.871579 0.007615
0.882085 0.007620
0.892202 0.007553
0.901917 0.007420
0.911222 0.007226
0.920105 0.006973
0.928559 0.006667
0.936573 0.006310
0.944140 0.005911
0.951251 0.005474
0.957900 0.005006
0.964079 0.004515
0.969783 0.004009
0.975005 0.003495
0.979741 0.002981
0.983987 0.002475
0.987739 0.001989
0.990992 0.001528
0.993746 0.001103
0.995998 0.000726
0.997748 0.000415
0.998999 0.000185
0.999750 0.000046
1.000000 -0.000000