s1221
1.001820 0.010520
1.001577 0.010622
1.000847 0.010929
0.999639 0.011454
0.997966 0.012226
0.995835 0.013254
0.993235 0.014510
0.990151 0.015952
0.986559 0.017520
0.982437 0.019147
0.977775 0.020773
0.972573 0.022355
0.966844 0.023905
0.960610 0.025458
0.953881 0.027008
0.946662 0.028553
0.938972 0.030140
0.930822 0.031774
0.922218 0.033447
0.913168 0.035152
0.903680 0.036882
0.893764 0.038631
0.883429 0.040392
0.872685 0.042161
0.861545 0.043933
0.850018 0.045705
0.838116 0.047474
0.825853 0.049237
0.813239 0.050995
0.800289 0.052747
0.787017 0.054496
0.773435 0.056243
0.759560 0.057994
0.745405 0.059752
0.730986 0.061524
0.716319 0.063319
0.701419 0.065141
0.686303 0.066998
0.670986 0.068897
0.655486 0.070846
0.639819 0.072843
0.623990 0.074817
0.608016 0.076757
0.591913 0.078669
0.575697 0.080552
0.559386 0.082402
0.542996 0.084217
0.526542 0.085996
0.510043 0.087739
0.493515 0.089444
0.476974 0.091111
0.460437 0.092737
0.443922 0.094320
0.427443 0.095849
0.411017 0.097310
0.394659 0.098687
0.378386 0.099968
0.362212 0.101139
0.346154 0.102182
0.330227 0.103075
0.314449 0.103794
0.298835 0.104312
0.283404 0.104625
0.268174 0.104736
0.253163 0.104607
0.238392 0.104170
0.223885 0.103384
0.209668 0.102221
0.195765 0.100691
0.182199 0.098821
0.168992 0.096622
0.156169 0.094098
0.143749 0.091280
0.131745 0.088208
0.120173 0.084909
0.109050 0.081403
0.098389 0.077713
0.088206 0.073860
0.078518 0.069853
0.069344 0.065704
0.060696 0.061435
0.052586 0.057070
0.045025 0.052634
0.038026 0.048147
0.031603 0.043628
0.025766 0.039105
0.020519 0.034611
0.015882 0.030165
0.011881 0.025774
0.008543 0.021475
0.005877 0.017325
0.003817 0.013400
0.002264 0.009779
0.001204 0.006530
0.000631 0.003707
0.000423 0.001353
0.000373 -0.000492
0.000369 -0.001814
0.000370 -0.002606
0.000370 -0.002870
0.000377 -0.003125
0.000475 -0.003882
0.000868 -0.005108
0.001804 -0.006696
0.003431 -0.008396
0.005774 -0.009923
0.008803 -0.011253
0.012377 -0.012537
0.016468 -0.013782
0.021084 -0.014959
0.026224 -0.016055
0.031872 -0.017072
0.038005 -0.018027
0.044619 -0.018910
0.051706 -0.019716
0.059258 -0.020441
0.067265 -0.021086
0.075715 -0.021652
0.084600 -0.022130
0.093910 -0.022514
0.103634 -0.022799
0.113761 -0.022984
0.124281 -0.023064
0.135180 -0.023029
0.146447 -0.022871
0.158069 -0.022579
0.170033 -0.022142
0.182323 -0.021521
0.194921 -0.020664
0.207808 -0.019542
0.220969 -0.018170
0.234388 -0.016575
0.248056 -0.014805
0.261966 -0.012918
0.276107 -0.010950
0.290467 -0.008910
0.305032 -0.006812
0.319790 -0.004670
0.334728 -0.002499
0.349832 -0.000314
0.365089 0.001873
0.380484 0.004049
0.396004 0.006206
0.411632 0.008336
0.427355 0.010431
0.443157 0.012479
0.459023 0.014470
0.474938 0.016396
0.490886 0.018251
0.506850 0.020030
0.522816 0.021728
0.538766 0.023334
0.554685 0.024842
0.570557 0.026251
0.586365 0.027562
0.602092 0.028772
0.617722 0.029867
0.633240 0.030835
0.648629 0.031689
0.663870 0.032489
0.678945 0.033245
0.693841 0.033948
0.708543 0.034589
0.723036 0.035161
0.737307 0.035656
0.751339 0.036063
0.765119 0.036371
0.778632 0.036568
0.791863 0.036649
0.804799 0.036605
0.817425 0.036437
0.829728 0.036146
0.841694 0.035735
0.853310 0.035211
0.864563 0.034580
0.875442 0.033848
0.885935 0.033025
0.896029 0.032114
0.905712 0.031123
0.914974 0.030059
0.923803 0.028931
0.932192 0.027750
0.940133 0.026530
0.947617 0.025282
0.954640 0.024020
0.961190 0.022737
0.967254 0.021416
0.972824 0.020057
0.977896 0.018682
0.982469 0.017325
0.986546 0.016019
0.990132 0.014800
0.993233 0.013701
0.995854 0.012746
0.997997 0.011951
0.999665 0.011327
1.000856 0.010879
1.001572 0.010610
1.001810 0.010520