s2055
1.000000 0.000000
0.999746 0.000028
0.998984 0.000113
0.997715 0.000256
0.995940 0.000464
0.993664 0.000746
0.990890 0.001112
0.987621 0.001567
0.983860 0.002114
0.979614 0.002755
0.974886 0.003491
0.969681 0.004322
0.964003 0.005244
0.957860 0.006255
0.951255 0.007347
0.944194 0.008513
0.936683 0.009745
0.928729 0.011035
0.920338 0.012375
0.911518 0.013754
0.902277 0.015165
0.892623 0.016598
0.882565 0.018047
0.872113 0.019511
0.861279 0.020991
0.850073 0.022490
0.838509 0.024006
0.826596 0.025539
0.814348 0.027089
0.801777 0.028654
0.788895 0.030228
0.775715 0.031808
0.762250 0.033389
0.748513 0.034967
0.734518 0.036534
0.720277 0.038085
0.705806 0.039613
0.691118 0.041111
0.676228 0.042572
0.661150 0.043987
0.645899 0.045349
0.630491 0.046650
0.614940 0.047884
0.599263 0.049046
0.583475 0.050131
0.567593 0.051136
0.551633 0.052058
0.535612 0.052896
0.519546 0.053650
0.503452 0.054322
0.487347 0.054915
0.471247 0.055430
0.455169 0.055869
0.439130 0.056233
0.423146 0.056523
0.407234 0.056739
0.391410 0.056883
0.375690 0.056955
0.360090 0.056956
0.344627 0.056888
0.329316 0.056750
0.314173 0.056541
0.299214 0.056258
0.284455 0.055900
0.269909 0.055469
0.255594 0.054965
0.241522 0.054390
0.227710 0.053741
0.214172 0.053015
0.200921 0.052211
0.187974 0.051325
0.175342 0.050356
0.163041 0.049301
0.151086 0.048149
0.139490 0.046885
0.128269 0.045504
0.117436 0.044002
0.107007 0.042380
0.096994 0.040644
0.087408 0.038806
0.078258 0.036882
0.069555 0.034886
0.061311 0.032826
0.053535 0.030712
0.046238 0.028553
0.039427 0.026354
0.033107 0.024125
0.027294 0.021870
0.022016 0.019579
0.017291 0.017260
0.013119 0.014931
0.009491 0.012617
0.006394 0.010359
0.003912 0.008151
0.002117 0.005996
0.000955 0.003982
0.000325 0.002280
0.000068 0.001021
0.000005 0.000256
0.000000 0.000000
0.000011 -0.000249
0.000168 -0.000957
0.000783 -0.002013
0.002171 -0.003273
0.004341 -0.004610
0.006944 -0.005951
0.009912 -0.007227
0.013315 -0.008429
0.017292 -0.009623
0.021879 -0.010809
0.027031 -0.011951
0.032666 -0.013016
0.038749 -0.013988
0.045287 -0.014872
0.052296 -0.015689
0.059779 -0.016452
0.067721 -0.017162
0.076104 -0.017825
0.084910 -0.018444
0.094133 -0.019021
0.103765 -0.019553
0.113798 -0.020045
0.124223 -0.020496
0.135027 -0.020909
0.146198 -0.021288
0.157725 -0.021632
0.169595 -0.021940
0.181797 -0.022212
0.194319 -0.022447
0.207148 -0.022648
0.220271 -0.022817
0.233675 -0.022959
0.247345 -0.023070
0.261268 -0.023149
0.275430 -0.023196
0.289816 -0.023210
0.304413 -0.023195
0.319205 -0.023152
0.334177 -0.023084
0.349314 -0.022991
0.364602 -0.022873
0.380024 -0.022729
0.395565 -0.022560
0.411209 -0.022367
0.426940 -0.022149
0.442743 -0.021907
0.458602 -0.021641
0.474501 -0.021353
0.490423 -0.021043
0.506353 -0.020711
0.522274 -0.020357
0.538171 -0.019981
0.554027 -0.019583
0.569827 -0.019164
0.585554 -0.018725
0.601192 -0.018262
0.616726 -0.017776
0.632140 -0.017265
0.647419 -0.016726
0.662546 -0.016157
0.677506 -0.015556
0.692284 -0.014922
0.706866 -0.014259
0.721236 -0.013569
0.735380 -0.012855
0.749284 -0.012121
0.762934 -0.011373
0.776317 -0.010616
0.789418 -0.009854
0.802226 -0.009092
0.814728 -0.008335
0.826910 -0.007586
0.838762 -0.006851
0.850271 -0.006134
0.861426 -0.005438
0.872216 -0.004770
0.882631 -0.004135
0.892660 -0.003538
0.902293 -0.002981
0.911521 -0.002467
0.920335 -0.001998
0.928724 -0.001573
0.936682 -0.001195
0.944200 -0.000866
0.951269 -0.000585
0.957884 -0.000351
0.964037 -0.000163
0.969722 -0.000017
0.974932 0.000090
0.979663 0.000160
0.983908 0.000196
0.987665 0.000203
0.990928 0.000186
0.993695 0.000153
0.995962 0.000110
0.997727 0.000066
0.998990 0.000030
0.999747 0.000008
1.000000 0.000000