s2050
1.000000 0.000000
0.999746 0.000036
0.998986 0.000142
0.997720 0.000323
0.995951 0.000590
0.993685 0.000959
0.990924 0.001440
0.987673 0.002035
0.983932 0.002729
0.979704 0.003516
0.974993 0.004387
0.969800 0.005328
0.964128 0.006326
0.957981 0.007368
0.951363 0.008437
0.944279 0.009521
0.936737 0.010616
0.928745 0.011724
0.920312 0.012851
0.911447 0.013997
0.902160 0.015163
0.892459 0.016351
0.882356 0.017562
0.871861 0.018793
0.860983 0.020041
0.849734 0.021304
0.838125 0.022583
0.826169 0.023876
0.813876 0.025184
0.801261 0.026505
0.788334 0.027835
0.775110 0.029174
0.761602 0.030520
0.747823 0.031872
0.733787 0.033229
0.719508 0.034590
0.705002 0.035954
0.690282 0.037318
0.675363 0.038679
0.660259 0.040028
0.644985 0.041356
0.629556 0.042652
0.613987 0.043913
0.598294 0.045135
0.582493 0.046315
0.566599 0.047449
0.550628 0.048535
0.534598 0.049569
0.518523 0.050549
0.502420 0.051471
0.486306 0.052332
0.470197 0.053127
0.454108 0.053853
0.438058 0.054506
0.422061 0.055083
0.406134 0.055581
0.390294 0.055999
0.374557 0.056335
0.358939 0.056585
0.343456 0.056744
0.328125 0.056811
0.312961 0.056785
0.297980 0.056665
0.283198 0.056450
0.268631 0.056138
0.254293 0.055724
0.240201 0.055207
0.226370 0.054584
0.212814 0.053854
0.199548 0.053018
0.186587 0.052076
0.173945 0.051030
0.161636 0.049881
0.149675 0.048629
0.138074 0.047274
0.126848 0.045817
0.116009 0.044258
0.105573 0.042599
0.095550 0.040843
0.085953 0.038992
0.076794 0.037052
0.068083 0.035029
0.059838 0.032922
0.052075 0.030735
0.044802 0.028476
0.038022 0.026153
0.031733 0.023780
0.025962 0.021364
0.020760 0.018902
0.016151 0.016409
0.012101 0.013906
0.008544 0.011427
0.005465 0.009011
0.003092 0.006639
0.001568 0.004328
0.000793 0.002183
0.000471 0.000403
0.000364 -0.000890
0.000341 -0.001663
0.000340 -0.001920
0.000349 -0.002171
0.000479 -0.002890
0.000995 -0.003989
0.002196 -0.005349
0.004199 -0.006872
0.006717 -0.008523
0.009540 -0.010264
0.012730 -0.012031
0.016462 -0.013780
0.020861 -0.015478
0.025890 -0.017102
0.031445 -0.018656
0.037451 -0.020141
0.043917 -0.021539
0.050866 -0.022837
0.058309 -0.024031
0.066229 -0.025125
0.074601 -0.026129
0.083403 -0.027058
0.092627 -0.027908
0.102266 -0.028681
0.112312 -0.029380
0.122754 -0.030005
0.133579 -0.030558
0.144773 -0.031044
0.156326 -0.031466
0.168224 -0.031828
0.180455 -0.032135
0.193008 -0.032389
0.205869 -0.032591
0.219025 -0.032741
0.232461 -0.032839
0.246165 -0.032886
0.260123 -0.032883
0.274320 -0.032831
0.288742 -0.032732
0.303373 -0.032586
0.318201 -0.032397
0.333208 -0.032163
0.348381 -0.031885
0.363703 -0.031561
0.379159 -0.031192
0.394734 -0.030778
0.410411 -0.030319
0.426175 -0.029814
0.442009 -0.029262
0.457898 -0.028660
0.473825 -0.028009
0.489774 -0.027311
0.505730 -0.026570
0.521675 -0.025786
0.537593 -0.024943
0.553467 -0.024021
0.569278 -0.023004
0.585011 -0.021896
0.600650 -0.020705
0.616179 -0.019445
0.631584 -0.018132
0.646851 -0.016792
0.661966 -0.015447
0.676916 -0.014116
0.691687 -0.012809
0.706264 -0.011532
0.720632 -0.010292
0.734779 -0.009094
0.748689 -0.007943
0.762349 -0.006843
0.775745 -0.005798
0.788864 -0.004812
0.801693 -0.003888
0.814219 -0.003027
0.826429 -0.002231
0.838310 -0.001502
0.849851 -0.000838
0.861040 -0.000241
0.871864 0.000289
0.882314 0.000750
0.892378 0.001144
0.902046 0.001471
0.911307 0.001733
0.920152 0.001933
0.928573 0.002073
0.936559 0.002151
0.944102 0.002170
0.951195 0.002132
0.957830 0.002045
0.964000 0.001913
0.969698 0.001747
0.974918 0.001554
0.979656 0.001347
0.983908 0.001135
0.987668 0.000927
0.990933 0.000728
0.993700 0.000537
0.995967 0.000361
0.997730 0.000209
0.998991 0.000094
0.999748 0.000024
1.000000 -0.000000