s2060
1.000000 0.000000
0.999746 0.000031
0.998985 0.000126
0.997717 0.000284
0.995945 0.000513
0.993672 0.000820
0.990900 0.001213
0.987633 0.001695
0.983875 0.002264
0.979630 0.002918
0.974900 0.003655
0.969691 0.004469
0.964006 0.005354
0.957851 0.006305
0.951231 0.007317
0.944152 0.008383
0.936621 0.009503
0.928646 0.010674
0.920235 0.011895
0.911396 0.013164
0.902137 0.014479
0.892469 0.015838
0.882401 0.017238
0.871943 0.018676
0.861104 0.020149
0.849896 0.021655
0.838330 0.023187
0.826417 0.024743
0.814168 0.026317
0.801596 0.027902
0.788712 0.029493
0.775528 0.031080
0.762059 0.032659
0.748316 0.034224
0.734313 0.035767
0.720065 0.037285
0.705585 0.038773
0.690888 0.040226
0.675989 0.041640
0.660902 0.043013
0.645644 0.044344
0.630230 0.045630
0.614674 0.046870
0.598994 0.048057
0.583205 0.049189
0.567323 0.050262
0.551363 0.051273
0.535343 0.052221
0.519279 0.053102
0.503186 0.053915
0.487082 0.054658
0.470983 0.055328
0.454906 0.055922
0.438866 0.056437
0.422880 0.056870
0.406966 0.057222
0.391138 0.057492
0.375414 0.057680
0.359810 0.057783
0.344342 0.057798
0.329026 0.057724
0.313878 0.057560
0.298913 0.057306
0.284149 0.056961
0.269599 0.056524
0.255280 0.055996
0.241206 0.055374
0.227392 0.054660
0.213854 0.053850
0.200606 0.052946
0.187663 0.051947
0.175038 0.050852
0.162746 0.049662
0.150800 0.048377
0.139213 0.046998
0.128000 0.045529
0.117173 0.043968
0.106745 0.042318
0.096730 0.040583
0.087137 0.038767
0.077976 0.036873
0.069261 0.034909
0.061008 0.032871
0.053233 0.030763
0.045943 0.028594
0.039134 0.026375
0.032805 0.024126
0.026981 0.021849
0.021720 0.019531
0.017050 0.017178
0.012923 0.014831
0.009247 0.012552
0.005991 0.010386
0.003380 0.008263
0.001615 0.006130
0.000641 0.004072
0.000198 0.002318
0.000039 0.001029
0.000003 0.000256
0.000000 0.000000
0.000009 -0.000250
0.000142 -0.000969
0.000670 -0.002066
0.001891 -0.003424
0.003901 -0.004938
0.006395 -0.006558
0.009219 -0.008224
0.012459 -0.009865
0.016295 -0.011438
0.020799 -0.012911
0.025911 -0.014267
0.031516 -0.015524
0.037571 -0.016681
0.044089 -0.017735
0.051091 -0.018692
0.058574 -0.019557
0.066523 -0.020332
0.074914 -0.021024
0.083730 -0.021641
0.092965 -0.022181
0.102612 -0.022650
0.112663 -0.023051
0.123105 -0.023386
0.133927 -0.023657
0.145116 -0.023868
0.156661 -0.024020
0.168549 -0.024115
0.180769 -0.024156
0.193309 -0.024147
0.206155 -0.024092
0.219295 -0.023996
0.232714 -0.023861
0.246400 -0.023686
0.260339 -0.023471
0.274516 -0.023216
0.288917 -0.022925
0.303528 -0.022601
0.318334 -0.022249
0.333319 -0.021870
0.348470 -0.021463
0.363771 -0.021031
0.379205 -0.020574
0.394758 -0.020093
0.410415 -0.019590
0.426158 -0.019068
0.441973 -0.018526
0.457844 -0.017966
0.473754 -0.017390
0.489688 -0.016797
0.505629 -0.016186
0.521561 -0.015557
0.537468 -0.014907
0.553334 -0.014235
0.569143 -0.013538
0.584879 -0.012818
0.600526 -0.012077
0.616068 -0.011320
0.631490 -0.010552
0.646777 -0.009780
0.661914 -0.009012
0.676885 -0.008253
0.691677 -0.007509
0.706273 -0.006785
0.720660 -0.006085
0.734823 -0.005411
0.748749 -0.004766
0.762422 -0.004150
0.775829 -0.003564
0.788958 -0.003010
0.801793 -0.002490
0.814324 -0.002005
0.826536 -0.001556
0.838418 -0.001143
0.849957 -0.000767
0.861142 -0.000429
0.871962 -0.000128
0.882406 0.000136
0.892462 0.000365
0.902121 0.000558
0.911373 0.000717
0.920209 0.000841
0.928619 0.000932
0.936595 0.000992
0.944129 0.001022
0.951213 0.001024
0.957840 0.001002
0.964003 0.000957
0.969696 0.000892
0.974913 0.000811
0.979649 0.000718
0.983899 0.000616
0.987658 0.000510
0.990924 0.000403
0.993692 0.000298
0.995960 0.000201
0.997727 0.000116
0.998989 0.000052
0.999747 0.000013
1.000000 0.000000