s3024
1.000000 0.000000
0.999743 0.000026
0.998973 0.000105
0.997691 0.000238
0.995898 0.000432
0.993598 0.000697
0.990794 0.001042
0.987490 0.001475
0.983691 0.001999
0.979400 0.002619
0.974624 0.003343
0.969369 0.004175
0.963641 0.005120
0.957445 0.006181
0.950790 0.007357
0.943682 0.008647
0.936128 0.010049
0.928136 0.011565
0.919715 0.013193
0.910873 0.014931
0.901619 0.016775
0.891960 0.018717
0.881905 0.020751
0.871465 0.022869
0.860647 0.025066
0.849463 0.027334
0.837923 0.029665
0.826035 0.032049
0.813812 0.034476
0.801262 0.036934
0.788399 0.039414
0.775233 0.041908
0.761777 0.044405
0.748043 0.046893
0.734042 0.049358
0.719788 0.051787
0.705293 0.054172
0.690573 0.056506
0.675642 0.058779
0.660515 0.060984
0.645205 0.063107
0.629728 0.065139
0.614100 0.067070
0.598337 0.068898
0.582455 0.070616
0.566472 0.072224
0.550404 0.073720
0.534268 0.075104
0.518082 0.076374
0.501863 0.077529
0.485627 0.078566
0.469393 0.079482
0.453176 0.080270
0.436995 0.080926
0.420865 0.081448
0.404806 0.081834
0.388833 0.082082
0.372964 0.082192
0.357217 0.082163
0.341609 0.081995
0.326155 0.081687
0.310874 0.081238
0.295782 0.080650
0.280896 0.079922
0.266232 0.079058
0.251807 0.078057
0.237636 0.076922
0.223735 0.075649
0.210122 0.074241
0.196811 0.072694
0.183818 0.071009
0.171160 0.069187
0.158852 0.067229
0.146908 0.065140
0.135344 0.062924
0.124174 0.060584
0.113412 0.058124
0.103072 0.055551
0.093169 0.052870
0.083718 0.050090
0.074729 0.047217
0.066214 0.044260
0.058181 0.041231
0.050651 0.038138
0.043644 0.034995
0.037173 0.031820
0.031222 0.028629
0.025774 0.025445
0.020834 0.022292
0.016494 0.019185
0.012812 0.016147
0.009743 0.013224
0.007098 0.010478
0.004751 0.007971
0.002714 0.005747
0.001252 0.003818
0.000430 0.002219
0.000089 0.001011
0.000005 0.000257
0.000000 0.000000
0.000000 -0.000255
0.000003 -0.001033
0.000041 -0.002350
0.000261 -0.004147
0.001061 -0.006170
0.002982 -0.008020
0.006066 -0.009572
0.009828 -0.010968
0.013904 -0.012321
0.018361 -0.013593
0.023359 -0.014752
0.028963 -0.015785
0.035125 -0.016698
0.041759 -0.017522
0.048825 -0.018269
0.056328 -0.018932
0.064284 -0.019509
0.072695 -0.019999
0.081547 -0.020403
0.090821 -0.020729
0.100502 -0.020983
0.110579 -0.021167
0.121046 -0.021283
0.131891 -0.021335
0.143106 -0.021325
0.154676 -0.021256
0.166591 -0.021130
0.178836 -0.020952
0.191400 -0.020724
0.204270 -0.020449
0.217434 -0.020134
0.230878 -0.019781
0.244589 -0.019396
0.258552 -0.018984
0.272755 -0.018547
0.287182 -0.018086
0.301820 -0.017604
0.316652 -0.017104
0.331666 -0.016588
0.346845 -0.016063
0.362175 -0.015530
0.377639 -0.014991
0.393224 -0.014446
0.408912 -0.013898
0.424688 -0.013347
0.440536 -0.012798
0.456441 -0.012252
0.472386 -0.011712
0.488355 -0.011177
0.504333 -0.010646
0.520303 -0.010121
0.536248 -0.009603
0.552154 -0.009095
0.568004 -0.008600
0.583783 -0.008118
0.599473 -0.007650
0.615060 -0.007194
0.630528 -0.006750
0.645861 -0.006320
0.661043 -0.005905
0.676060 -0.005506
0.690897 -0.005122
0.705538 -0.004755
0.719968 -0.004405
0.734173 -0.004070
0.748139 -0.003750
0.761852 -0.003444
0.775297 -0.003152
0.788462 -0.002874
0.801333 -0.002610
0.813897 -0.002360
0.826141 -0.002126
0.838053 -0.001907
0.849621 -0.001704
0.860834 -0.001516
0.871679 -0.001341
0.882147 -0.001178
0.892226 -0.001025
0.901906 -0.000879
0.911178 -0.000739
0.920032 -0.000603
0.928460 -0.000469
0.936452 -0.000340
0.944001 -0.000217
0.951099 -0.000102
0.957739 0.000002
0.963915 0.000089
0.969620 0.000156
0.974848 0.000203
0.979595 0.000229
0.983855 0.000236
0.987624 0.000227
0.990898 0.000204
0.993674 0.000166
0.995949 0.000120
0.997720 0.000072
0.998986 0.000033
0.999746 0.000008
1.000000 0.000000