s3021
1.000000 0.000000
0.999744 0.000029
0.998977 0.000116
0.997700 0.000264
0.995914 0.000477
0.993624 0.000767
0.990832 0.001142
0.987542 0.001610
0.983759 0.002173
0.979486 0.002832
0.974729 0.003590
0.969492 0.004444
0.963779 0.005388
0.957597 0.006417
0.950949 0.007526
0.943841 0.008703
0.936281 0.009944
0.928273 0.011242
0.919827 0.012590
0.910949 0.013986
0.901650 0.015428
0.891938 0.016917
0.881825 0.018454
0.871319 0.020040
0.860434 0.021675
0.849179 0.023360
0.837566 0.025093
0.825606 0.026869
0.813312 0.028687
0.800695 0.030542
0.787768 0.032432
0.774544 0.034356
0.761037 0.036312
0.747259 0.038295
0.733225 0.040300
0.718947 0.042320
0.704440 0.044353
0.689718 0.046391
0.674795 0.048430
0.659686 0.050464
0.644406 0.052484
0.628968 0.054484
0.613389 0.056453
0.597682 0.058383
0.581862 0.060262
0.565946 0.062082
0.549948 0.063830
0.533884 0.065499
0.517770 0.067077
0.501622 0.068554
0.485456 0.069923
0.469289 0.071172
0.453137 0.072297
0.437017 0.073292
0.420946 0.074151
0.404943 0.074873
0.389022 0.075455
0.373203 0.075896
0.357502 0.076192
0.341936 0.076338
0.326522 0.076332
0.311277 0.076175
0.296218 0.075869
0.281362 0.075416
0.266725 0.074820
0.252323 0.074082
0.238173 0.073205
0.224290 0.072187
0.210691 0.071029
0.197390 0.069729
0.184405 0.068288
0.171750 0.066706
0.159441 0.064984
0.147493 0.063127
0.135920 0.061137
0.124738 0.059020
0.113959 0.056780
0.103598 0.054422
0.093669 0.051953
0.084187 0.049376
0.075165 0.046701
0.066614 0.043935
0.058542 0.041089
0.050963 0.038177
0.043899 0.035205
0.037366 0.032189
0.031364 0.029146
0.025881 0.026091
0.020907 0.023051
0.016494 0.020047
0.012708 0.017102
0.009554 0.014256
0.006912 0.011554
0.004655 0.009047
0.002735 0.006792
0.001320 0.004832
0.000510 0.003215
0.000170 0.002001
0.000086 0.001246
0.000080 0.000990
0.000084 0.000736
0.000146 -0.000029
0.000406 -0.001297
0.001076 -0.002983
0.002399 -0.004825
0.004579 -0.006467
0.007648 -0.007805
0.011374 -0.008999
0.015488 -0.010249
0.020006 -0.011520
0.025012 -0.012731
0.030581 -0.013820
0.036693 -0.014786
0.043300 -0.015661
0.050354 -0.016479
0.057848 -0.017235
0.065787 -0.017919
0.074175 -0.018524
0.083002 -0.019049
0.092254 -0.019497
0.101916 -0.019877
0.111976 -0.020191
0.122424 -0.020440
0.133251 -0.020629
0.144446 -0.020759
0.155998 -0.020832
0.167894 -0.020849
0.180121 -0.020814
0.192666 -0.020728
0.205519 -0.020597
0.218664 -0.020425
0.232090 -0.020214
0.245782 -0.019966
0.259726 -0.019684
0.273910 -0.019371
0.288317 -0.019031
0.302935 -0.018668
0.317748 -0.018287
0.332741 -0.017888
0.347899 -0.017475
0.363208 -0.017047
0.378651 -0.016608
0.394213 -0.016158
0.409879 -0.015700
0.425632 -0.015234
0.441458 -0.014765
0.457340 -0.014294
0.473262 -0.013823
0.489208 -0.013354
0.505162 -0.012886
0.521108 -0.012419
0.537030 -0.011954
0.552912 -0.011492
0.568738 -0.011035
0.584492 -0.010584
0.600158 -0.010140
0.615721 -0.009703
0.631164 -0.009275
0.646473 -0.008857
0.661632 -0.008448
0.676625 -0.008049
0.691437 -0.007660
0.706054 -0.007279
0.720461 -0.006908
0.734643 -0.006546
0.748586 -0.006194
0.762276 -0.005852
0.775699 -0.005520
0.788842 -0.005199
0.801691 -0.004888
0.814234 -0.004586
0.826457 -0.004293
0.838349 -0.004010
0.849897 -0.003736
0.861090 -0.003473
0.871917 -0.003217
0.882366 -0.002968
0.892427 -0.002721
0.902090 -0.002476
0.911345 -0.002229
0.920183 -0.001979
0.928594 -0.001727
0.936571 -0.001475
0.944105 -0.001227
0.951188 -0.000987
0.957815 -0.000760
0.963978 -0.000554
0.969671 -0.000374
0.974889 -0.000223
0.979627 -0.000103
0.983879 -0.000015
0.987642 0.000044
0.990911 0.000076
0.993682 0.000082
0.995954 0.000068
0.997723 0.000043
0.998987 0.000020
0.999747 0.000005
1.000000 0.000000