s4061
1.000000 0.000000
0.999743 0.000026
0.998973 0.000106
0.997691 0.000239
0.995898 0.000430
0.993597 0.000686
0.990790 0.001012
0.987483 0.001415
0.983678 0.001900
0.979381 0.002473
0.974597 0.003140
0.969331 0.003903
0.963589 0.004766
0.957378 0.005732
0.950705 0.006803
0.943577 0.007979
0.936002 0.009262
0.927987 0.010650
0.919540 0.012144
0.910671 0.013740
0.901388 0.015438
0.891702 0.017237
0.881620 0.019134
0.871154 0.021124
0.860312 0.023200
0.849106 0.025356
0.837544 0.027585
0.825639 0.029880
0.813401 0.032236
0.800842 0.034644
0.787973 0.037096
0.774805 0.039582
0.761351 0.042092
0.747623 0.044616
0.733633 0.047144
0.719395 0.049668
0.704921 0.052177
0.690226 0.054663
0.675323 0.057115
0.660226 0.059522
0.644949 0.061872
0.629507 0.064154
0.613914 0.066359
0.598187 0.068479
0.582341 0.070506
0.566393 0.072433
0.550357 0.074250
0.534251 0.075947
0.518091 0.077519
0.501894 0.078958
0.485677 0.080259
0.469457 0.081417
0.453252 0.082425
0.437079 0.083278
0.420956 0.083974
0.404900 0.084511
0.388929 0.084889
0.373061 0.085105
0.357313 0.085157
0.341703 0.085046
0.326249 0.084769
0.310967 0.084326
0.295875 0.083719
0.280990 0.082951
0.266329 0.082027
0.251909 0.080953
0.237744 0.079734
0.223851 0.078377
0.210246 0.076888
0.196943 0.075266
0.183960 0.073514
0.171310 0.071632
0.159010 0.069623
0.147074 0.067490
0.135516 0.065236
0.124352 0.062864
0.113596 0.060375
0.103263 0.057776
0.093366 0.055072
0.083920 0.052272
0.074936 0.049385
0.066424 0.046416
0.058393 0.043380
0.050864 0.040286
0.043857 0.037149
0.037379 0.033987
0.031413 0.030818
0.025942 0.027665
0.020981 0.024549
0.016623 0.021478
0.012921 0.018475
0.009820 0.015581
0.007139 0.012855
0.004767 0.010354
0.002736 0.008125
0.001302 0.006185
0.000501 0.004578
0.000169 0.003367
0.000088 0.002611
0.000082 0.002355
0.000081 0.002099
0.000058 0.001320
0.000000 0.000000
0.000016 -0.001819
0.000528 -0.003929
0.002226 -0.005959
0.005192 -0.007760
0.008862 -0.009405
0.012858 -0.010947
0.017268 -0.012359
0.022257 -0.013646
0.027863 -0.014802
0.034022 -0.015825
0.040645 -0.016729
0.047708 -0.017513
0.055220 -0.018173
0.063195 -0.018714
0.071626 -0.019138
0.080496 -0.019449
0.089785 -0.019656
0.099481 -0.019765
0.109573 -0.019776
0.120055 -0.019695
0.130915 -0.019526
0.142143 -0.019277
0.153726 -0.018959
0.165651 -0.018581
0.177907 -0.018144
0.190481 -0.017653
0.203361 -0.017112
0.216534 -0.016525
0.229987 -0.015898
0.243707 -0.015236
0.257679 -0.014546
0.271891 -0.013831
0.286327 -0.013097
0.300974 -0.012347
0.315816 -0.011586
0.330840 -0.010817
0.346030 -0.010044
0.361371 -0.009269
0.376848 -0.008498
0.392445 -0.007732
0.408146 -0.006976
0.423936 -0.006232
0.439800 -0.005501
0.455720 -0.004786
0.471682 -0.004088
0.487668 -0.003410
0.503664 -0.002754
0.519652 -0.002123
0.535617 -0.001516
0.551543 -0.000938
0.567414 -0.000387
0.583213 0.000133
0.598925 0.000624
0.614534 0.001084
0.630024 0.001512
0.645379 0.001907
0.660585 0.002269
0.675625 0.002596
0.690484 0.002889
0.705148 0.003149
0.719601 0.003379
0.733829 0.003577
0.747817 0.003744
0.761552 0.003878
0.775019 0.003979
0.788205 0.004049
0.801097 0.004089
0.813681 0.004103
0.825944 0.004091
0.837875 0.004053
0.849461 0.003991
0.860691 0.003906
0.871552 0.003799
0.882035 0.003673
0.892129 0.003531
0.901823 0.003373
0.911107 0.003201
0.919973 0.003015
0.928411 0.002817
0.936413 0.002608
0.943970 0.002393
0.951076 0.002173
0.957723 0.001951
0.963904 0.001730
0.969613 0.001512
0.974845 0.001300
0.979594 0.001094
0.983855 0.000896
0.987625 0.000709
0.990899 0.000536
0.993674 0.000381
0.995949 0.000248
0.997720 0.000141
0.998986 0.000063
0.999746 0.000016
1.000000 0.000000