s4158
1.000000 0.000000
0.999741 0.000017
0.998965 0.000067
0.997672 0.000152
0.995865 0.000278
0.993545 0.000454
0.990717 0.000691
0.987383 0.000996
0.983548 0.001379
0.979217 0.001849
0.974396 0.002415
0.969092 0.003088
0.963312 0.003876
0.957062 0.004788
0.950352 0.005833
0.943191 0.007021
0.935587 0.008357
0.927550 0.009845
0.919090 0.011487
0.910215 0.013284
0.900936 0.015235
0.891262 0.017340
0.881205 0.019597
0.870775 0.022003
0.859981 0.024555
0.848835 0.027247
0.837346 0.030071
0.825526 0.033020
0.813385 0.036085
0.800933 0.039254
0.788179 0.042512
0.775133 0.045840
0.761802 0.049216
0.748193 0.052607
0.734308 0.055961
0.720149 0.059223
0.705722 0.062345
0.691041 0.065301
0.676119 0.068067
0.660973 0.070632
0.645626 0.073014
0.630098 0.075233
0.614411 0.077302
0.598582 0.079226
0.582630 0.081007
0.566572 0.082646
0.550425 0.084135
0.534207 0.085468
0.517936 0.086643
0.501629 0.087661
0.485305 0.088526
0.468982 0.089238
0.452678 0.089798
0.436410 0.090205
0.420197 0.090461
0.404056 0.090567
0.388004 0.090525
0.372060 0.090336
0.356241 0.090003
0.340563 0.089528
0.325045 0.088906
0.309704 0.088132
0.294556 0.087200
0.279621 0.086110
0.264913 0.084866
0.250450 0.083471
0.236248 0.081933
0.222323 0.080261
0.208689 0.078464
0.195362 0.076546
0.182355 0.074515
0.169685 0.072374
0.157366 0.070126
0.145412 0.067773
0.133839 0.065317
0.122660 0.062759
0.111891 0.060102
0.101545 0.057348
0.091638 0.054499
0.082184 0.051562
0.073192 0.048550
0.064672 0.045480
0.056631 0.042370
0.049083 0.039229
0.042041 0.036066
0.035511 0.032895
0.029508 0.029717
0.024038 0.026546
0.019114 0.023398
0.014767 0.020279
0.011008 0.017216
0.007837 0.014235
0.005252 0.011363
0.003216 0.008654
0.001729 0.006188
0.000783 0.004050
0.000274 0.002314
0.000059 0.001036
0.000004 0.000259
0.000000 0.000000
0.000004 -0.000254
0.000070 -0.001018
0.000344 -0.002276
0.001048 -0.003924
0.002434 -0.005691
0.004671 -0.007342
0.007720 -0.008819
0.011308 -0.010216
0.015346 -0.011545
0.019866 -0.012778
0.024925 -0.013916
0.030529 -0.014952
0.036651 -0.015885
0.043247 -0.016732
0.050296 -0.017497
0.057796 -0.018180
0.065747 -0.018789
0.074144 -0.019329
0.082975 -0.019801
0.092229 -0.020212
0.101890 -0.020566
0.111950 -0.020867
0.122399 -0.021114
0.133227 -0.021312
0.144423 -0.021464
0.155975 -0.021569
0.167871 -0.021633
0.180099 -0.021655
0.192646 -0.021635
0.205499 -0.021570
0.218646 -0.021460
0.232074 -0.021307
0.245767 -0.021114
0.259714 -0.020883
0.273899 -0.020617
0.288308 -0.020316
0.302927 -0.019985
0.317742 -0.019623
0.332736 -0.019236
0.347895 -0.018825
0.363205 -0.018394
0.378649 -0.017944
0.394211 -0.017477
0.409877 -0.016996
0.425631 -0.016502
0.441457 -0.015997
0.457338 -0.015482
0.473259 -0.014960
0.489204 -0.014432
0.505157 -0.013901
0.521102 -0.013367
0.537023 -0.012833
0.552904 -0.012299
0.568729 -0.011767
0.584481 -0.011239
0.600146 -0.010716
0.615707 -0.010200
0.631149 -0.009694
0.646457 -0.009198
0.661614 -0.008714
0.676606 -0.008242
0.691417 -0.007783
0.706033 -0.007336
0.720439 -0.006901
0.734620 -0.006479
0.748563 -0.006073
0.762252 -0.005683
0.775675 -0.005312
0.788818 -0.004961
0.801667 -0.004626
0.814210 -0.004306
0.826434 -0.004001
0.838326 -0.003713
0.849875 -0.003441
0.861069 -0.003187
0.871897 -0.002950
0.882348 -0.002729
0.892410 -0.002520
0.902075 -0.002325
0.911332 -0.002141
0.920172 -0.001970
0.928586 -0.001810
0.936566 -0.001657
0.944103 -0.001508
0.951189 -0.001360
0.957818 -0.001211
0.963983 -0.001059
0.969678 -0.000903
0.974896 -0.000747
0.979633 -0.000593
0.983884 -0.000448
0.987645 -0.000316
0.990912 -0.000203
0.993683 -0.000118
0.995954 -0.000063
0.997722 -0.000031
0.998987 -0.000013
0.999747 -0.000003
1.000000 0.000000