s4233
1.000000 0.000000
0.999742 0.000030
0.998967 0.000122
0.997677 0.000276
0.995874 0.000498
0.993561 0.000800
0.990741 0.001189
0.987419 0.001673
0.983599 0.002258
0.979286 0.002947
0.974485 0.003746
0.969203 0.004661
0.963445 0.005693
0.957218 0.006846
0.950529 0.008120
0.943385 0.009517
0.935794 0.011034
0.927764 0.012673
0.919303 0.014433
0.910420 0.016313
0.901124 0.018309
0.891424 0.020418
0.881329 0.022633
0.870848 0.024950
0.859991 0.027362
0.848768 0.029863
0.837190 0.032445
0.825267 0.035102
0.813009 0.037827
0.800429 0.040609
0.787537 0.043442
0.774345 0.046316
0.760865 0.049219
0.747109 0.052143
0.733089 0.055077
0.718818 0.058009
0.704309 0.060930
0.689575 0.063829
0.674631 0.066696
0.659489 0.069520
0.644164 0.072291
0.628671 0.074996
0.613024 0.077624
0.597238 0.080163
0.581329 0.082602
0.565311 0.084928
0.549201 0.087128
0.533014 0.089190
0.516768 0.091101
0.500478 0.092849
0.484161 0.094423
0.467837 0.095813
0.451522 0.097014
0.435236 0.098021
0.418996 0.098832
0.402821 0.099443
0.386731 0.099853
0.370743 0.100061
0.354876 0.100066
0.339149 0.099865
0.323581 0.099460
0.308189 0.098849
0.292993 0.098032
0.278011 0.097011
0.263261 0.095790
0.248760 0.094372
0.234526 0.092760
0.220577 0.090962
0.206930 0.088982
0.193601 0.086824
0.180608 0.084495
0.167966 0.082002
0.155690 0.079355
0.143797 0.076564
0.132299 0.073639
0.121211 0.070592
0.110545 0.067433
0.100316 0.064174
0.090537 0.060826
0.081218 0.057405
0.072371 0.053921
0.064002 0.050390
0.056122 0.046824
0.048751 0.043234
0.041906 0.039633
0.035590 0.036037
0.029789 0.032466
0.024490 0.028946
0.019718 0.025497
0.015542 0.022136
0.011990 0.018892
0.009001 0.015798
0.006448 0.012893
0.004252 0.010222
0.002443 0.007837
0.001204 0.005779
0.000522 0.004101
0.000243 0.002856
0.000175 0.002089
0.000170 0.001830
0.000171 0.001575
0.000191 0.000800
0.000286 -0.000502
0.000585 -0.002300
0.001331 -0.004448
0.002911 -0.006634
0.005523 -0.008652
0.009023 -0.010514
0.012999 -0.012382
0.017354 -0.014273
0.022169 -0.016138
0.027556 -0.017936
0.033524 -0.019649
0.040027 -0.021283
0.047000 -0.022860
0.054423 -0.024376
0.062302 -0.025820
0.070644 -0.027184
0.079440 -0.028466
0.088675 -0.029665
0.098332 -0.030785
0.108397 -0.031826
0.118859 -0.032786
0.129710 -0.033665
0.140938 -0.034461
0.152530 -0.035174
0.164472 -0.035805
0.176752 -0.036354
0.189357 -0.036819
0.202272 -0.037196
0.215486 -0.037486
0.228983 -0.037692
0.242750 -0.037816
0.256771 -0.037863
0.271034 -0.037832
0.285521 -0.037723
0.300220 -0.037535
0.315114 -0.037269
0.330188 -0.036926
0.345427 -0.036508
0.360816 -0.036017
0.376337 -0.035454
0.391976 -0.034823
0.407716 -0.034125
0.423542 -0.033362
0.439437 -0.032537
0.455386 -0.031653
0.471372 -0.030710
0.487378 -0.029710
0.503389 -0.028654
0.519389 -0.027546
0.535361 -0.026392
0.551289 -0.025199
0.567159 -0.023973
0.582953 -0.022721
0.598658 -0.021450
0.614257 -0.020166
0.629735 -0.018880
0.645078 -0.017604
0.660270 -0.016347
0.675298 -0.015117
0.690146 -0.013917
0.704799 -0.012751
0.719243 -0.011623
0.733464 -0.010536
0.747447 -0.009497
0.761179 -0.008508
0.774645 -0.007571
0.787831 -0.006686
0.800726 -0.005853
0.813314 -0.005071
0.825585 -0.004343
0.837524 -0.003668
0.849120 -0.003047
0.860362 -0.002481
0.871237 -0.001968
0.881735 -0.001509
0.891844 -0.001103
0.901555 -0.000746
0.910858 -0.000436
0.919742 -0.000171
0.928199 0.000050
0.936220 0.000230
0.943796 0.000369
0.950921 0.000470
0.957586 0.000537
0.963786 0.000572
0.969512 0.000580
0.974760 0.000564
0.979524 0.000527
0.983800 0.000470
0.987582 0.000400
0.990868 0.000320
0.993653 0.000239
0.995935 0.000161
0.997712 0.000093
0.998983 0.000042
0.999746 0.000010
1.000000 0.000000