s6061
1.000000 -0.000000
0.999744 0.000017
0.998977 0.000069
0.997700 0.000157
0.995915 0.000285
0.993622 0.000461
0.990827 0.000691
0.987531 0.000979
0.983739 0.001331
0.979455 0.001749
0.974684 0.002238
0.969430 0.002800
0.963701 0.003435
0.957501 0.004146
0.950837 0.004935
0.943716 0.005803
0.936147 0.006749
0.928135 0.007775
0.919690 0.008876
0.910821 0.010053
0.901534 0.011301
0.891841 0.012619
0.881750 0.014002
0.871271 0.015448
0.860415 0.016953
0.849191 0.018512
0.837612 0.020120
0.825688 0.021774
0.813430 0.023467
0.800851 0.025194
0.787962 0.026950
0.774776 0.028727
0.761306 0.030520
0.747565 0.032322
0.733565 0.034127
0.719321 0.035931
0.704847 0.037724
0.690156 0.039501
0.675262 0.041254
0.660181 0.042976
0.644928 0.044665
0.629517 0.046317
0.613965 0.047927
0.598286 0.049488
0.582496 0.050994
0.566611 0.052438
0.550647 0.053816
0.534620 0.055124
0.518547 0.056356
0.502443 0.057507
0.486324 0.058569
0.470208 0.059535
0.454110 0.060401
0.438048 0.061163
0.422038 0.061818
0.406097 0.062361
0.390241 0.062791
0.374487 0.063104
0.358853 0.063302
0.343354 0.063388
0.328007 0.063364
0.312828 0.063230
0.297834 0.062985
0.283040 0.062629
0.268462 0.062161
0.254116 0.061579
0.240017 0.060884
0.226181 0.060076
0.212623 0.059156
0.199357 0.058128
0.186399 0.056988
0.173763 0.055735
0.161465 0.054369
0.149517 0.052892
0.137933 0.051310
0.126726 0.049628
0.115911 0.047847
0.105500 0.045968
0.095508 0.043993
0.085946 0.041926
0.076824 0.039775
0.068154 0.037546
0.059952 0.035244
0.052235 0.032875
0.045009 0.030450
0.038274 0.027982
0.032023 0.025489
0.026282 0.022978
0.021109 0.020438
0.016533 0.017879
0.012509 0.015342
0.008942 0.012890
0.005788 0.010573
0.003254 0.008342
0.001542 0.006153
0.000602 0.004080
0.000184 0.002321
0.000036 0.001031
0.000003 0.000257
0.000000 0.000000
0.000011 -0.000249
0.000166 -0.000948
0.000779 -0.001972
0.002185 -0.003166
0.004459 -0.004427
0.007187 -0.005775
0.010159 -0.007193
0.013448 -0.008630
0.017270 -0.010049
0.021763 -0.011425
0.026884 -0.012743
0.032520 -0.014011
0.038582 -0.015238
0.045076 -0.016412
0.052033 -0.017526
0.059476 -0.018578
0.067393 -0.019563
0.075761 -0.020484
0.084556 -0.021345
0.093768 -0.022144
0.103391 -0.022880
0.113418 -0.023552
0.123840 -0.024162
0.134645 -0.024711
0.145818 -0.025201
0.157348 -0.025635
0.169223 -0.026011
0.181431 -0.026332
0.193959 -0.026598
0.206796 -0.026811
0.219926 -0.026974
0.233337 -0.027089
0.247015 -0.027158
0.260946 -0.027183
0.275116 -0.027164
0.289510 -0.027103
0.304114 -0.027000
0.318914 -0.026859
0.333893 -0.026678
0.349038 -0.026460
0.364332 -0.026206
0.379761 -0.025917
0.395308 -0.025594
0.410958 -0.025238
0.426695 -0.024851
0.442503 -0.024433
0.458367 -0.023985
0.474269 -0.023507
0.490195 -0.022999
0.506128 -0.022462
0.522052 -0.021897
0.537951 -0.021303
0.553809 -0.020680
0.569609 -0.020028
0.585337 -0.019349
0.600975 -0.018644
0.616508 -0.017918
0.631921 -0.017172
0.647198 -0.016408
0.662325 -0.015629
0.677284 -0.014835
0.692062 -0.014029
0.706644 -0.013216
0.721016 -0.012403
0.735163 -0.011593
0.749070 -0.010790
0.762725 -0.009997
0.776114 -0.009216
0.789223 -0.008451
0.802039 -0.007706
0.814549 -0.006986
0.826742 -0.006295
0.838605 -0.005635
0.850126 -0.005010
0.861293 -0.004421
0.872096 -0.003869
0.882523 -0.003356
0.892564 -0.002880
0.902209 -0.002443
0.911448 -0.002045
0.920271 -0.001686
0.928670 -0.001367
0.936636 -0.001086
0.944161 -0.000841
0.951237 -0.000629
0.957858 -0.000449
0.964015 -0.000301
0.969703 -0.000182
0.974917 -0.000091
0.979650 -0.000026
0.983898 0.000018
0.987656 0.000044
0.990921 0.000055
0.993690 0.000053
0.995958 0.000041
0.997725 0.000026
0.998989 0.000012
0.999747 0.000003
1.000000 -0.000000