s8025
1.000000 0.000000
0.999745 0.000006
0.998979 0.000027
0.997705 0.000076
0.995923 0.000165
0.993636 0.000295
0.990847 0.000461
0.987556 0.000657
0.983768 0.000873
0.979486 0.001106
0.974714 0.001356
0.969457 0.001625
0.963720 0.001917
0.957511 0.002236
0.950834 0.002584
0.943697 0.002959
0.936107 0.003361
0.928071 0.003791
0.919599 0.004253
0.910698 0.004745
0.901376 0.005265
0.891645 0.005814
0.881514 0.006395
0.870992 0.007005
0.860091 0.007642
0.848821 0.008312
0.837194 0.009013
0.825222 0.009741
0.812916 0.010497
0.800290 0.011282
0.787356 0.012095
0.774126 0.012936
0.760615 0.013807
0.746836 0.014706
0.732802 0.015633
0.718529 0.016589
0.704031 0.017575
0.689322 0.018590
0.674417 0.019634
0.659332 0.020703
0.644080 0.021794
0.628678 0.022903
0.613140 0.024025
0.597482 0.025152
0.581719 0.026281
0.565868 0.027412
0.549943 0.028545
0.533962 0.029678
0.517940 0.030801
0.501892 0.031906
0.485835 0.032991
0.469784 0.034056
0.453756 0.035097
0.437767 0.036110
0.421832 0.037090
0.405968 0.038031
0.390191 0.038930
0.374515 0.039780
0.358957 0.040579
0.343533 0.041323
0.328258 0.042007
0.313147 0.042628
0.298216 0.043182
0.283480 0.043659
0.268954 0.044052
0.254652 0.044360
0.240590 0.044584
0.226782 0.044719
0.213243 0.044753
0.199987 0.044667
0.187028 0.044462
0.174381 0.044151
0.162060 0.043728
0.150077 0.043192
0.138448 0.042537
0.127186 0.041742
0.116306 0.040805
0.105821 0.039740
0.095742 0.038556
0.086083 0.037245
0.076861 0.035796
0.068090 0.034199
0.059783 0.032467
0.051952 0.030614
0.044608 0.028653
0.037766 0.026588
0.031446 0.024406
0.025669 0.022104
0.020444 0.019719
0.015779 0.017277
0.011693 0.014799
0.008209 0.012298
0.005358 0.009782
0.003180 0.007322
0.001584 0.005022
0.000471 0.002982
0.000026 0.001276
0.000000 0.000000
0.000020 -0.000771
0.000022 -0.001027
0.000039 -0.001276
0.000274 -0.001977
0.001076 -0.003019
0.002420 -0.004318
0.004092 -0.005819
0.006282 -0.007464
0.009083 -0.009201
0.012403 -0.010991
0.016247 -0.012808
0.020633 -0.014626
0.025546 -0.016412
0.030983 -0.018134
0.036936 -0.019772
0.043390 -0.021327
0.050329 -0.022815
0.057741 -0.024242
0.065618 -0.025581
0.073952 -0.026820
0.082730 -0.027962
0.091939 -0.029019
0.101568 -0.029992
0.111606 -0.030878
0.122040 -0.031678
0.132860 -0.032394
0.144052 -0.033021
0.155605 -0.033552
0.167507 -0.033999
0.179743 -0.034382
0.192300 -0.034686
0.205167 -0.034909
0.218329 -0.035062
0.231772 -0.035140
0.245483 -0.035143
0.259448 -0.035089
0.273652 -0.034975
0.288080 -0.034794
0.302717 -0.034552
0.317550 -0.034256
0.332563 -0.033901
0.347740 -0.033494
0.363066 -0.033040
0.378527 -0.032536
0.394105 -0.031987
0.409785 -0.031398
0.425553 -0.030768
0.441390 -0.030098
0.457283 -0.029397
0.473214 -0.028663
0.489168 -0.027892
0.505128 -0.027083
0.521078 -0.026240
0.537003 -0.025377
0.552887 -0.024496
0.568714 -0.023599
0.584467 -0.022692
0.600133 -0.021783
0.615694 -0.020871
0.631135 -0.019957
0.646441 -0.019045
0.661597 -0.018144
0.676587 -0.017255
0.691397 -0.016373
0.706011 -0.015501
0.720415 -0.014646
0.734594 -0.013809
0.748534 -0.012991
0.762222 -0.012189
0.775643 -0.011408
0.788784 -0.010655
0.801632 -0.009924
0.814173 -0.009213
0.826396 -0.008530
0.838288 -0.007877
0.849837 -0.007253
0.861030 -0.006653
0.871858 -0.006076
0.882309 -0.005531
0.892372 -0.005018
0.902038 -0.004533
0.911296 -0.004073
0.920137 -0.003640
0.928553 -0.003240
0.936535 -0.002870
0.944074 -0.002522
0.951163 -0.002200
0.957795 -0.001906
0.963963 -0.001635
0.969661 -0.001383
0.974882 -0.001153
0.979623 -0.000941
0.983876 -0.000743
0.987639 -0.000557
0.990908 -0.000387
0.993679 -0.000247
0.995951 -0.000138
0.997720 -0.000057
0.998986 -0.000014
0.999746 -0.000002
1.000000 0.000000