s8038
1.000000 -0.000000
0.999744 0.000040
0.998978 0.000161
0.997704 0.000376
0.995930 0.000715
0.993661 0.001202
0.990899 0.001827
0.987641 0.002560
0.983888 0.003390
0.979641 0.004301
0.974899 0.005277
0.969664 0.006295
0.963940 0.007335
0.957731 0.008396
0.951047 0.009489
0.943896 0.010622
0.936287 0.011799
0.928228 0.013023
0.919727 0.014295
0.910793 0.015616
0.901436 0.016986
0.891665 0.018403
0.881489 0.019867
0.870920 0.021377
0.859968 0.022934
0.848645 0.024537
0.836961 0.026182
0.824928 0.027867
0.812558 0.029590
0.799864 0.031349
0.786858 0.033141
0.773554 0.034965
0.759964 0.036818
0.746103 0.038694
0.731983 0.040589
0.717618 0.042497
0.703022 0.044413
0.688211 0.046334
0.673198 0.048257
0.657998 0.050176
0.642627 0.052084
0.627098 0.053969
0.611425 0.055817
0.595625 0.057622
0.579713 0.059376
0.563704 0.061076
0.547615 0.062715
0.531462 0.064287
0.515260 0.065778
0.499024 0.067176
0.482773 0.068472
0.466521 0.069660
0.450286 0.070740
0.434085 0.071712
0.417936 0.072572
0.401854 0.073306
0.385856 0.073906
0.369960 0.074373
0.354182 0.074714
0.338541 0.074928
0.323051 0.075009
0.307731 0.074956
0.292597 0.074764
0.277664 0.074435
0.262951 0.073974
0.248471 0.073390
0.234242 0.072680
0.220278 0.071846
0.206597 0.070883
0.193212 0.069791
0.180140 0.068572
0.167394 0.067234
0.154990 0.065781
0.142941 0.064215
0.131261 0.062534
0.119966 0.060737
0.109071 0.058822
0.098590 0.056785
0.088539 0.054623
0.078935 0.052329
0.069794 0.049900
0.061133 0.047339
0.052966 0.044655
0.045315 0.041838
0.038210 0.038862
0.031682 0.035725
0.025759 0.032439
0.020450 0.029046
0.015749 0.025603
0.011691 0.022136
0.008322 0.018659
0.005624 0.015247
0.003536 0.012007
0.002013 0.009026
0.001009 0.006374
0.000427 0.004118
0.000139 0.002326
0.000029 0.001035
0.000002 0.000259
0.000000 0.000000
0.000005 -0.000255
0.000089 -0.001011
0.000426 -0.002242
0.001227 -0.003882
0.002614 -0.005803
0.004570 -0.007836
0.007119 -0.009908
0.010234 -0.012057
0.013893 -0.014297
0.018103 -0.016571
0.022858 -0.018827
0.028150 -0.021059
0.033957 -0.023280
0.040269 -0.025477
0.047083 -0.027629
0.054388 -0.029721
0.062172 -0.031752
0.070423 -0.033724
0.079129 -0.035629
0.088280 -0.037459
0.097866 -0.039208
0.107873 -0.040869
0.118291 -0.042445
0.129105 -0.043938
0.140301 -0.045352
0.151870 -0.046675
0.163798 -0.047897
0.176071 -0.049020
0.188675 -0.050048
0.201597 -0.050983
0.214822 -0.051827
0.228336 -0.052577
0.242124 -0.053229
0.256172 -0.053778
0.270465 -0.054229
0.284987 -0.054587
0.299723 -0.054853
0.314658 -0.055021
0.329776 -0.055089
0.345061 -0.055058
0.360497 -0.054932
0.376068 -0.054711
0.391758 -0.054396
0.407550 -0.053985
0.423428 -0.053472
0.439375 -0.052854
0.455374 -0.052130
0.471409 -0.051302
0.487462 -0.050375
0.503518 -0.049352
0.519559 -0.048235
0.535569 -0.047016
0.551530 -0.045695
0.567426 -0.044283
0.583243 -0.042797
0.598964 -0.041253
0.614577 -0.039671
0.630067 -0.038063
0.645417 -0.036437
0.660614 -0.034800
0.675643 -0.033161
0.690490 -0.031529
0.705139 -0.029912
0.719577 -0.028314
0.733790 -0.026737
0.747763 -0.025187
0.761483 -0.023671
0.774936 -0.022194
0.788110 -0.020760
0.800991 -0.019371
0.813565 -0.018029
0.825822 -0.016737
0.837747 -0.015495
0.849330 -0.014308
0.860559 -0.013177
0.871422 -0.012102
0.881908 -0.011084
0.892007 -0.010121
0.901707 -0.009211
0.911000 -0.008356
0.919875 -0.007553
0.928324 -0.006799
0.936337 -0.006093
0.943906 -0.005430
0.951023 -0.004809
0.957681 -0.004226
0.963871 -0.003667
0.969587 -0.003117
0.974821 -0.002579
0.979571 -0.002067
0.983831 -0.001595
0.987600 -0.001170
0.990874 -0.000799
0.993652 -0.000487
0.995930 -0.000260
0.997708 -0.000122
0.998980 -0.000049
0.999745 -0.000012
1.000000 -0.000000