s9032
1.000000 0.000000
0.999745 0.000002
0.998980 0.000014
0.997708 0.000059
0.995928 0.000147
0.993644 0.000267
0.990858 0.000434
0.987575 0.000660
0.983796 0.000938
0.979526 0.001268
0.974769 0.001654
0.969531 0.002089
0.963815 0.002563
0.957626 0.003072
0.950972 0.003610
0.943857 0.004169
0.936289 0.004747
0.928275 0.005346
0.919825 0.005971
0.910946 0.006626
0.901649 0.007311
0.891942 0.008029
0.881836 0.008779
0.871340 0.009558
0.860466 0.010365
0.849223 0.011200
0.837623 0.012064
0.825679 0.012958
0.813402 0.013878
0.800804 0.014823
0.787898 0.015793
0.774698 0.016790
0.761216 0.017810
0.747466 0.018847
0.733461 0.019898
0.719216 0.020969
0.704746 0.022059
0.690064 0.023161
0.675185 0.024273
0.660124 0.025395
0.644896 0.026522
0.629517 0.027648
0.614000 0.028766
0.598363 0.029872
0.582619 0.030966
0.566786 0.032040
0.550878 0.033092
0.534913 0.034125
0.518905 0.035137
0.502872 0.036119
0.486828 0.037057
0.470789 0.037952
0.454773 0.038814
0.438795 0.039635
0.422871 0.040410
0.407018 0.041139
0.391252 0.041814
0.375587 0.042427
0.360040 0.042982
0.344627 0.043480
0.329364 0.043917
0.314266 0.044289
0.299349 0.044588
0.284627 0.044803
0.270116 0.044938
0.255831 0.044998
0.241787 0.044979
0.227998 0.044877
0.214479 0.044690
0.201244 0.044404
0.188308 0.044018
0.175684 0.043539
0.163385 0.042969
0.151426 0.042309
0.139818 0.041554
0.128578 0.040689
0.117717 0.039704
0.107249 0.038613
0.097185 0.037425
0.087537 0.036142
0.078317 0.034759
0.069542 0.033260
0.061224 0.031640
0.053376 0.029912
0.046008 0.028091
0.039130 0.026184
0.032759 0.024185
0.026924 0.022061
0.021639 0.019829
0.016908 0.017536
0.012745 0.015204
0.009158 0.012860
0.006187 0.010507
0.003887 0.008146
0.002215 0.005912
0.001086 0.003922
0.000402 0.002257
0.000088 0.001014
0.000006 0.000255
0.000000 0.000000
0.000006 -0.000255
0.000088 -0.001014
0.000402 -0.002257
0.001086 -0.003922
0.002215 -0.005912
0.003887 -0.008146
0.006187 -0.010507
0.009158 -0.012860
0.012745 -0.015204
0.016908 -0.017536
0.021639 -0.019829
0.026924 -0.022061
0.032759 -0.024185
0.039130 -0.026184
0.046008 -0.028091
0.053376 -0.029912
0.061224 -0.031640
0.069542 -0.033260
0.078317 -0.034759
0.087537 -0.036142
0.097185 -0.037425
0.107249 -0.038613
0.117717 -0.039704
0.128578 -0.040689
0.139818 -0.041554
0.151426 -0.042309
0.163385 -0.042969
0.175684 -0.043539
0.188308 -0.044018
0.201244 -0.044404
0.214479 -0.044690
0.227998 -0.044877
0.241787 -0.044979
0.255831 -0.044998
0.270116 -0.044938
0.284627 -0.044803
0.299349 -0.044588
0.314266 -0.044289
0.329364 -0.043917
0.344627 -0.043480
0.360040 -0.042982
0.375587 -0.042427
0.391252 -0.041814
0.407018 -0.041139
0.422871 -0.040410
0.438795 -0.039635
0.454773 -0.038814
0.470789 -0.037952
0.486828 -0.037057
0.502872 -0.036119
0.518905 -0.035137
0.534913 -0.034125
0.550878 -0.033092
0.566786 -0.032040
0.582619 -0.030966
0.598363 -0.029872
0.614000 -0.028766
0.629517 -0.027648
0.644896 -0.026522
0.660124 -0.025395
0.675185 -0.024273
0.690064 -0.023161
0.704746 -0.022059
0.719216 -0.020969
0.733461 -0.019898
0.747466 -0.018847
0.761216 -0.017810
0.774698 -0.016790
0.787898 -0.015793
0.800804 -0.014823
0.813402 -0.013878
0.825679 -0.012958
0.837623 -0.012064
0.849223 -0.011200
0.860466 -0.010365
0.871340 -0.009558
0.881836 -0.008779
0.891942 -0.008029
0.901649 -0.007311
0.910946 -0.006626
0.919825 -0.005971
0.928275 -0.005346
0.936289 -0.004747
0.943857 -0.004169
0.950972 -0.003610
0.957626 -0.003072
0.963815 -0.002563
0.969531 -0.002089
0.974769 -0.001654
0.979526 -0.001268
0.983796 -0.000938
0.987575 -0.000660
0.990858 -0.000434
0.993644 -0.000267
0.995928 -0.000147
0.997708 -0.000059
0.998980 -0.000014
0.999745 -0.000002
1.000000 -0.000000