sc20404
1.000000 -0.001500
0.999749 -0.001475
0.998995 -0.001399
0.997740 -0.001272
0.995985 -0.001095
0.993730 -0.000869
0.990980 -0.000596
0.987735 -0.000279
0.983999 0.000078
0.979776 0.000471
0.975069 0.000896
0.969883 0.001361
0.964225 0.001873
0.958099 0.002415
0.951510 0.002972
0.944467 0.003572
0.936976 0.004199
0.929041 0.004823
0.920672 0.005450
0.911880 0.006112
0.902669 0.006764
0.893053 0.007440
0.883038 0.008104
0.872636 0.008782
0.861855 0.009439
0.850709 0.010109
0.839206 0.010744
0.827360 0.011386
0.815182 0.011994
0.802683 0.012581
0.789878 0.013155
0.776777 0.013677
0.763396 0.014219
0.749748 0.014709
0.735846 0.015199
0.721705 0.015650
0.707339 0.016082
0.692762 0.016483
0.677988 0.016850
0.663035 0.017228
0.647915 0.017541
0.632645 0.017848
0.617240 0.018158
0.601715 0.018426
0.586087 0.018659
0.570370 0.018895
0.554582 0.019135
0.538737 0.019312
0.522852 0.019472
0.506943 0.019630
0.491025 0.019792
0.475116 0.019873
0.459230 0.019954
0.443384 0.020032
0.427594 0.020104
0.411876 0.020100
0.396246 0.020100
0.380719 0.020100
0.365311 0.020081
0.350038 0.020000
0.334915 0.019923
0.319957 0.019850
0.305180 0.019701
0.290598 0.019556
0.276226 0.019398
0.262079 0.019181
0.248170 0.018974
0.234515 0.018744
0.221127 0.018472
0.208018 0.018212
0.195202 0.017934
0.182694 0.017616
0.170504 0.017314
0.158646 0.016960
0.147131 0.016603
0.135972 0.016211
0.125179 0.015811
0.114763 0.015393
0.104735 0.014969
0.095105 0.014516
0.085886 0.014009
0.077084 0.013477
0.068708 0.012966
0.060768 0.012407
0.053273 0.011827
0.046232 0.011207
0.039650 0.010565
0.033534 0.009922
0.027896 0.009221
0.022745 0.008454
0.018089 0.007665
0.013931 0.006848
0.010273 0.005973
0.007127 0.005050
0.004549 0.004123
0.002523 0.003138
0.001017 0.002003
0.000232 0.000959
0.000016 0.000249
0.000000 -0.000000
0.000016 -0.000249
0.000232 -0.000959
0.001017 -0.002003
0.002523 -0.003138
0.004548 -0.004123
0.007126 -0.005050
0.010272 -0.005973
0.013930 -0.006848
0.018087 -0.007665
0.022743 -0.008454
0.027894 -0.009221
0.033532 -0.009922
0.039648 -0.010565
0.046229 -0.011207
0.053270 -0.011827
0.060765 -0.012407
0.068703 -0.012966
0.077080 -0.013477
0.085881 -0.014010
0.095100 -0.014512
0.104728 -0.014987
0.114752 -0.015472
0.125167 -0.015910
0.135958 -0.016335
0.147114 -0.016793
0.158628 -0.017161
0.170485 -0.017515
0.182673 -0.017879
0.195179 -0.018263
0.207993 -0.018563
0.221101 -0.018822
0.234489 -0.019088
0.248142 -0.019369
0.262051 -0.019519
0.276198 -0.019662
0.290569 -0.019805
0.305150 -0.019960
0.319927 -0.020000
0.334884 -0.020001
0.350006 -0.020000
0.365279 -0.019998
0.380686 -0.019996
0.396211 -0.019836
0.411840 -0.019681
0.427556 -0.019532
0.443342 -0.019231
0.459184 -0.018917
0.475066 -0.018607
0.490969 -0.018170
0.506879 -0.017693
0.522781 -0.017209
0.538655 -0.016605
0.554487 -0.015974
0.570261 -0.015288
0.585963 -0.014586
0.601574 -0.013821
0.617080 -0.013045
0.632468 -0.012268
0.647717 -0.011425
0.662816 -0.010595
0.677751 -0.009774
0.692506 -0.008962
0.707065 -0.008161
0.721416 -0.007372
0.735542 -0.006595
0.749430 -0.005831
0.763066 -0.005079
0.776438 -0.004376
0.789532 -0.003722
0.802337 -0.003144
0.814837 -0.002603
0.827020 -0.002117
0.838875 -0.001687
0.850390 -0.001340
0.861551 -0.001061
0.872348 -0.000797
0.882770 -0.000604
0.892806 -0.000464
0.902445 -0.000391
0.911678 -0.000406
0.920494 -0.000453
0.928886 -0.000535
0.936843 -0.000675
0.944358 -0.000870
0.951422 -0.001100
0.958030 -0.001360
0.964172 -0.001664
0.969843 -0.001991
0.975039 -0.002312
0.979754 -0.002632
0.983984 -0.002951
0.987724 -0.003256
0.990972 -0.003535
0.993725 -0.003779
0.995981 -0.003982
0.997738 -0.004143
0.998994 -0.004258
0.999749 -0.004327
1.000000 -0.004350