sc20503
0.999991 0.001200
0.999741 0.001229
0.998989 0.001316
0.997738 0.001460
0.995987 0.001661
0.993738 0.001916
0.990994 0.002220
0.987756 0.002564
0.984027 0.002945
0.979811 0.003375
0.975116 0.003864
0.969942 0.004389
0.964292 0.004920
0.958175 0.005482
0.951598 0.006096
0.944564 0.006708
0.937078 0.007287
0.929148 0.007861
0.920788 0.008473
0.911998 0.009032
0.902793 0.009617
0.893179 0.010150
0.883167 0.010683
0.872766 0.011160
0.861987 0.011614
0.850844 0.012099
0.839343 0.012481
0.827500 0.012872
0.815326 0.013270
0.802834 0.013691
0.790035 0.014005
0.776941 0.014306
0.763569 0.014611
0.749930 0.014923
0.736039 0.015226
0.721909 0.015475
0.707554 0.015732
0.692991 0.015992
0.678232 0.016252
0.663292 0.016440
0.648187 0.016636
0.632932 0.016833
0.617542 0.017031
0.602034 0.017235
0.586422 0.017364
0.570722 0.017489
0.554950 0.017613
0.539123 0.017737
0.523255 0.017781
0.507363 0.017827
0.491462 0.017874
0.475570 0.017923
0.459702 0.017915
0.443874 0.017882
0.428102 0.017848
0.412402 0.017816
0.396789 0.017785
0.381280 0.017708
0.365889 0.017598
0.350634 0.017489
0.335528 0.017381
0.320587 0.017278
0.305827 0.017100
0.291262 0.016924
0.276906 0.016741
0.262776 0.016493
0.248883 0.016254
0.235245 0.015950
0.221872 0.015654
0.208779 0.015362
0.195979 0.015012
0.183486 0.014674
0.171310 0.014347
0.159466 0.013971
0.147965 0.013596
0.136819 0.013176
0.126038 0.012785
0.115634 0.012359
0.105620 0.011874
0.096001 0.011433
0.086790 0.010966
0.077997 0.010459
0.069628 0.009978
0.061695 0.009445
0.054203 0.008947
0.047159 0.008450
0.040574 0.007934
0.034453 0.007433
0.028802 0.006893
0.023632 0.006298
0.018955 0.005715
0.014769 0.005155
0.011058 0.004568
0.007827 0.003939
0.005163 0.003287
0.003069 0.002604
0.001362 0.001772
0.000325 0.000904
0.000021 0.000245
0.000000 0.000000
0.000025 -0.000245
0.000337 -0.000899
0.001387 -0.001752
0.003105 -0.002560
0.005208 -0.003213
0.007880 -0.003827
0.011119 -0.004410
0.014837 -0.004945
0.019030 -0.005445
0.023714 -0.005962
0.028890 -0.006483
0.034547 -0.006942
0.040673 -0.007356
0.047264 -0.007779
0.054312 -0.008175
0.061809 -0.008568
0.069746 -0.008987
0.078119 -0.009350
0.086916 -0.009732
0.096131 -0.010068
0.105753 -0.010372
0.115771 -0.010715
0.126177 -0.010993
0.136961 -0.011233
0.148109 -0.011488
0.159610 -0.011755
0.171456 -0.011909
0.183633 -0.012068
0.196127 -0.012228
0.208927 -0.012394
0.222020 -0.012565
0.235392 -0.012689
0.249031 -0.012721
0.262922 -0.012761
0.277051 -0.012802
0.291405 -0.012844
0.305968 -0.012895
0.320725 -0.012822
0.335663 -0.012717
0.350765 -0.012610
0.366017 -0.012501
0.381404 -0.012391
0.396909 -0.012290
0.412517 -0.012045
0.428211 -0.011779
0.443978 -0.011509
0.459800 -0.011238
0.475661 -0.010918
0.491543 -0.010481
0.507434 -0.010050
0.523317 -0.009618
0.539176 -0.009193
0.554989 -0.008610
0.570747 -0.008027
0.586433 -0.007445
0.602032 -0.006866
0.617527 -0.006289
0.632903 -0.005700
0.648138 -0.004973
0.663224 -0.004263
0.678145 -0.003560
0.692887 -0.002866
0.707433 -0.002181
0.721771 -0.001505
0.735885 -0.000839
0.749760 -0.000187
0.763385 0.000430
0.776750 0.000916
0.789834 0.001403
0.802626 0.001877
0.815113 0.002349
0.827284 0.002725
0.839127 0.003039
0.850628 0.003349
0.861777 0.003538
0.872562 0.003703
0.882972 0.003770
0.892995 0.003824
0.902622 0.003760
0.911842 0.003638
0.920647 0.003520
0.929026 0.003329
0.936970 0.003083
0.944472 0.002794
0.951524 0.002470
0.958118 0.002122
0.964249 0.001761
0.969911 0.001392
0.975097 0.001025
0.979804 0.000673
0.984027 0.000343
0.987762 0.000031
0.991004 -0.000266
0.993751 -0.000538
0.996001 -0.000772
0.997753 -0.000958
0.999006 -0.001092
0.999758 -0.001173
1.000009 -0.001200