sc21010
1.000000 -0.042000
0.999755 -0.041921
0.999021 -0.041685
0.997798 -0.041291
0.996087 -0.040740
0.993889 -0.040036
0.991206 -0.039182
0.988039 -0.038183
0.984388 -0.037048
0.980258 -0.035779
0.975651 -0.034381
0.970568 -0.032867
0.965012 -0.031249
0.958994 -0.029508
0.952526 -0.027628
0.945601 -0.025652
0.938219 -0.023615
0.930391 -0.021505
0.922138 -0.019273
0.913453 -0.016983
0.904334 -0.014681
0.894808 -0.012295
0.884877 -0.009865
0.874551 -0.007385
0.863839 -0.004878
0.852754 -0.002326
0.841297 0.000215
0.829494 0.002809
0.817338 0.005362
0.804854 0.007935
0.792050 0.010496
0.778932 0.013003
0.765524 0.015513
0.751831 0.017977
0.737864 0.020365
0.723646 0.022722
0.709187 0.025027
0.694489 0.027174
0.679580 0.029257
0.664470 0.031226
0.649179 0.033098
0.633726 0.034906
0.618111 0.036491
0.602366 0.037992
0.586508 0.039421
0.570552 0.040756
0.554515 0.041992
0.538412 0.043114
0.522264 0.044168
0.506087 0.045142
0.489895 0.046005
0.473708 0.046823
0.457540 0.047495
0.441411 0.048149
0.425334 0.048636
0.409330 0.049116
0.393411 0.049428
0.377597 0.049732
0.361902 0.049878
0.346344 0.050009
0.330939 0.049999
0.315702 0.049966
0.300649 0.049805
0.285795 0.049622
0.271157 0.049327
0.256751 0.048899
0.242587 0.048486
0.228685 0.047948
0.215057 0.047359
0.201717 0.046692
0.188683 0.045921
0.175961 0.045134
0.163576 0.044189
0.151529 0.043227
0.139840 0.042185
0.128523 0.041042
0.117588 0.039835
0.107034 0.038662
0.096890 0.037383
0.087170 0.035983
0.077871 0.034570
0.069005 0.033132
0.060591 0.031614
0.052649 0.029985
0.045182 0.028284
0.038198 0.026530
0.031711 0.024716
0.025737 0.022828
0.020306 0.020824
0.015452 0.018673
0.011220 0.016367
0.007638 0.013931
0.004790 0.011381
0.002715 0.008784
0.001357 0.006294
0.000572 0.004092
0.000185 0.002315
0.000037 0.001030
0.000002 0.000257
0.000000 0.000000
0.000002 -0.000256
0.000037 -0.001024
0.000183 -0.002301
0.000565 -0.004067
0.001341 -0.006257
0.002684 -0.008736
0.004736 -0.011325
0.007557 -0.013869
0.011110 -0.016301
0.015310 -0.018604
0.020129 -0.020753
0.025522 -0.022755
0.031457 -0.024640
0.037902 -0.026449
0.044839 -0.028212
0.052263 -0.029882
0.060171 -0.031432
0.068531 -0.032947
0.077339 -0.034396
0.086590 -0.035738
0.096264 -0.037025
0.106348 -0.038273
0.116834 -0.039465
0.127711 -0.040573
0.138959 -0.041699
0.150575 -0.042748
0.162547 -0.043707
0.174855 -0.044647
0.187492 -0.045529
0.200444 -0.046324
0.213701 -0.046982
0.227241 -0.047671
0.241055 -0.048243
0.255127 -0.048760
0.269445 -0.049186
0.283992 -0.049475
0.298752 -0.049781
0.313712 -0.049941
0.328855 -0.050002
0.344165 -0.050008
0.359627 -0.049904
0.375223 -0.049704
0.390939 -0.049383
0.406758 -0.049003
0.422663 -0.048519
0.438642 -0.048046
0.454671 -0.047411
0.470741 -0.046771
0.486832 -0.046064
0.502926 -0.045254
0.519013 -0.044450
0.535076 -0.043654
0.551091 -0.042733
0.567048 -0.041777
0.582932 -0.040824
0.598727 -0.039876
0.614418 -0.038935
0.629988 -0.038001
0.645420 -0.037028
0.660692 -0.035952
0.675798 -0.034894
0.690722 -0.033850
0.705449 -0.032810
0.719971 -0.031902
0.734268 -0.031043
0.748325 -0.030202
0.762127 -0.029386
0.775668 -0.028721
0.788924 -0.028049
0.801890 -0.027523
0.814549 -0.027056
0.826888 -0.026688
0.838895 -0.026418
0.850557 -0.026300
0.861860 -0.026444
0.872789 -0.026799
0.883331 -0.027275
0.893470 -0.027956
0.903192 -0.028797
0.912488 -0.029780
0.921347 -0.030877
0.929760 -0.032064
0.937719 -0.033317
0.945218 -0.034617
0.952253 -0.035929
0.958816 -0.037248
0.964895 -0.038595
0.970492 -0.039918
0.975611 -0.041173
0.980245 -0.042365
0.984389 -0.043493
0.988043 -0.044531
0.991212 -0.045457
0.993894 -0.046255
0.996090 -0.046915
0.997799 -0.047433
0.999022 -0.047803
0.999755 -0.048026
1.000000 -0.048100