sc21006
1.000000 -0.044300
0.999757 -0.044224
0.999029 -0.043994
0.997815 -0.043613
0.996117 -0.043080
0.993936 -0.042402
0.991272 -0.041584
0.988123 -0.040641
0.984490 -0.039582
0.980377 -0.038407
0.975790 -0.037112
0.970733 -0.035702
0.965208 -0.034193
0.959216 -0.032593
0.952765 -0.030909
0.945857 -0.029150
0.938497 -0.027335
0.930693 -0.025466
0.922465 -0.023487
0.913808 -0.021460
0.904720 -0.019435
0.895228 -0.017343
0.885333 -0.015213
0.875046 -0.013056
0.864379 -0.010861
0.853325 -0.008721
0.841897 -0.006634
0.830106 -0.004617
0.817965 -0.002673
0.805502 -0.000711
0.792709 0.001133
0.779600 0.002852
0.766206 0.004562
0.752533 0.006203
0.738593 0.007755
0.724407 0.009268
0.709985 0.010702
0.695350 0.012126
0.680508 0.013454
0.665486 0.014813
0.650289 0.016077
0.634938 0.017314
0.619443 0.018438
0.603824 0.019530
0.588101 0.020621
0.572280 0.021563
0.556387 0.022523
0.540432 0.023379
0.524433 0.024179
0.508411 0.024982
0.492376 0.025709
0.476346 0.026347
0.460340 0.026986
0.444373 0.027576
0.428458 0.028046
0.412616 0.028529
0.396859 0.028860
0.381205 0.029176
0.365672 0.029494
0.350273 0.029698
0.335024 0.029848
0.319942 0.030000
0.305041 0.029998
0.290336 0.030000
0.275844 0.029967
0.261578 0.029814
0.247553 0.029659
0.233784 0.029372
0.220284 0.029107
0.207069 0.028708
0.194149 0.028334
0.181541 0.027862
0.169256 0.027366
0.157308 0.026768
0.145708 0.026150
0.134469 0.025475
0.123602 0.024757
0.113117 0.024023
0.103025 0.023254
0.093341 0.022411
0.084073 0.021520
0.075232 0.020586
0.066823 0.019634
0.058858 0.018651
0.051350 0.017602
0.044307 0.016508
0.037728 0.015418
0.031625 0.014321
0.026020 0.013145
0.020912 0.011929
0.016297 0.010727
0.012203 0.009486
0.008652 0.008164
0.005673 0.006768
0.003302 0.005322
0.001594 0.003755
0.000566 0.002221
0.000121 0.001009
0.000008 0.000254
0.000000 0.000000
0.000008 -0.000253
0.000120 -0.001005
0.000562 -0.002212
0.001583 -0.003742
0.003282 -0.005307
0.005642 -0.006752
0.008607 -0.008145
0.012143 -0.009466
0.016220 -0.010705
0.020816 -0.011905
0.025903 -0.013120
0.031485 -0.014293
0.037565 -0.015388
0.044116 -0.016486
0.051133 -0.017561
0.058622 -0.018530
0.066557 -0.019504
0.074936 -0.020415
0.083753 -0.021249
0.092993 -0.022046
0.102645 -0.022813
0.112695 -0.023602
0.123142 -0.024295
0.133971 -0.024935
0.145166 -0.025619
0.156720 -0.026239
0.168620 -0.026836
0.180858 -0.027333
0.193415 -0.027843
0.206281 -0.028295
0.219445 -0.028682
0.232889 -0.029066
0.246604 -0.029328
0.260572 -0.029608
0.274782 -0.029746
0.289218 -0.029891
0.303864 -0.030009
0.318707 -0.029999
0.333731 -0.029998
0.348920 -0.030004
0.364260 -0.029855
0.379735 -0.029703
0.395329 -0.029547
0.411028 -0.029390
0.426814 -0.029232
0.442673 -0.029072
0.458588 -0.028920
0.474541 -0.028619
0.490515 -0.028190
0.506501 -0.027980
0.522478 -0.027651
0.538430 -0.027331
0.554343 -0.027013
0.570199 -0.026696
0.585983 -0.026380
0.601679 -0.026066
0.617271 -0.025755
0.632744 -0.025445
0.648081 -0.025138
0.663268 -0.024835
0.678288 -0.024534
0.693128 -0.024237
0.707772 -0.023947
0.722205 -0.023671
0.736416 -0.023537
0.750386 -0.023396
0.764103 -0.023291
0.777553 -0.023303
0.790722 -0.023304
0.803596 -0.023432
0.816162 -0.023618
0.828407 -0.023864
0.840317 -0.024211
0.851879 -0.024686
0.863078 -0.025274
0.873905 -0.025961
0.884346 -0.026737
0.894392 -0.027577
0.904029 -0.028517
0.913239 -0.029600
0.922016 -0.030786
0.930349 -0.032056
0.938232 -0.033385
0.945658 -0.034750
0.952622 -0.036131
0.959120 -0.037507
0.965147 -0.038858
0.970700 -0.040169
0.975777 -0.041423
0.980377 -0.042597
0.984497 -0.043681
0.988134 -0.044673
0.991283 -0.045570
0.993945 -0.046357
0.996124 -0.047014
0.997819 -0.047531
0.999030 -0.047902
0.999757 -0.048126
1.000000 -0.048200