sd7003
1.000000 0.000000
0.999745 0.000025
0.998979 0.000098
0.997704 0.000222
0.995922 0.000399
0.993634 0.000637
0.990843 0.000939
0.987554 0.001308
0.983768 0.001745
0.979491 0.002249
0.974726 0.002817
0.969476 0.003441
0.963747 0.004114
0.957544 0.004832
0.950873 0.005589
0.943739 0.006379
0.936151 0.007202
0.928115 0.008058
0.919640 0.008948
0.910735 0.009874
0.901409 0.010835
0.891672 0.011833
0.881533 0.012869
0.871003 0.013939
0.860092 0.015044
0.848812 0.016180
0.837172 0.017348
0.825187 0.018546
0.812866 0.019774
0.800224 0.021030
0.787272 0.022310
0.774022 0.023611
0.760489 0.024930
0.746687 0.026266
0.732628 0.027619
0.718327 0.028987
0.703799 0.030366
0.689057 0.031753
0.674116 0.033141
0.658992 0.034527
0.643698 0.035908
0.628251 0.037279
0.612665 0.038637
0.596956 0.039977
0.581141 0.041296
0.565233 0.042588
0.549250 0.043849
0.533207 0.045074
0.517121 0.046259
0.501006 0.047401
0.484881 0.048498
0.468760 0.049548
0.452661 0.050544
0.436599 0.051480
0.420589 0.052351
0.404650 0.053152
0.388796 0.053880
0.373043 0.054533
0.357409 0.055107
0.341909 0.055595
0.326558 0.055993
0.311373 0.056298
0.296369 0.056505
0.281562 0.056612
0.266968 0.056616
0.252602 0.056513
0.238480 0.056300
0.224616 0.055973
0.211026 0.055530
0.197724 0.054967
0.184726 0.054284
0.172047 0.053477
0.159700 0.052547
0.147700 0.051491
0.136062 0.050305
0.124800 0.048989
0.113928 0.047541
0.103462 0.045960
0.093414 0.044248
0.083800 0.042407
0.074632 0.040436
0.065924 0.038340
0.057694 0.036119
0.049960 0.033778
0.042734 0.031324
0.036026 0.028766
0.029842 0.026118
0.024201 0.023398
0.019148 0.020617
0.014703 0.017803
0.010838 0.014986
0.007506 0.012204
0.004702 0.009504
0.002609 0.006903
0.001298 0.004449
0.000640 0.002250
0.000364 0.000462
0.000271 -0.000830
0.000251 -0.001603
0.000250 -0.001860
0.000259 -0.002111
0.000381 -0.002835
0.000869 -0.003956
0.002008 -0.005364
0.003928 -0.006951
0.006388 -0.008645
0.009207 -0.010378
0.012442 -0.012089
0.016231 -0.013757
0.020669 -0.015367
0.025720 -0.016885
0.031296 -0.018299
0.037335 -0.019605
0.043841 -0.020797
0.050825 -0.021890
0.058293 -0.022894
0.066228 -0.023810
0.074610 -0.024645
0.083422 -0.025404
0.092654 -0.026086
0.102299 -0.026692
0.112348 -0.027225
0.122792 -0.027686
0.133616 -0.028075
0.144808 -0.028397
0.156358 -0.028652
0.168252 -0.028841
0.180478 -0.028964
0.193025 -0.029024
0.205878 -0.029023
0.219026 -0.028965
0.232453 -0.028852
0.246147 -0.028687
0.260093 -0.028472
0.274278 -0.028209
0.288687 -0.027902
0.303305 -0.027552
0.318118 -0.027162
0.333111 -0.026734
0.348268 -0.026271
0.363575 -0.025775
0.379016 -0.025249
0.394576 -0.024693
0.410238 -0.024109
0.425987 -0.023498
0.441808 -0.022861
0.457683 -0.022199
0.473598 -0.021515
0.489536 -0.020809
0.505481 -0.020084
0.521417 -0.019341
0.537328 -0.018582
0.553199 -0.017809
0.569012 -0.017020
0.584753 -0.016219
0.600405 -0.015406
0.615952 -0.014582
0.631380 -0.013749
0.646672 -0.012911
0.661813 -0.012071
0.676788 -0.011232
0.691583 -0.010399
0.706183 -0.009578
0.720572 -0.008773
0.734738 -0.007989
0.748665 -0.007229
0.762340 -0.006497
0.775749 -0.005794
0.788879 -0.005123
0.801717 -0.004486
0.814249 -0.003885
0.826463 -0.003321
0.838347 -0.002794
0.849889 -0.002304
0.861076 -0.001852
0.871899 -0.001438
0.882344 -0.001063
0.892403 -0.000729
0.902065 -0.000434
0.911321 -0.000179
0.920159 0.000036
0.928573 0.000215
0.936552 0.000356
0.944090 0.000462
0.951178 0.000534
0.957808 0.000576
0.963975 0.000589
0.969671 0.000578
0.974892 0.000546
0.979631 0.000497
0.983884 0.000433
0.987646 0.000360
0.990914 0.000282
0.993685 0.000206
0.995955 0.000137
0.997724 0.000079
0.998988 0.000035
0.999747 0.000009
1.000000 0.000000