sg6051
1.000000 0.005000
0.999743 0.005032
0.998971 0.005128
0.997687 0.005300
0.995897 0.005576
0.993605 0.005980
0.990817 0.006516
0.987535 0.007175
0.983762 0.007959
0.979502 0.008865
0.974757 0.009884
0.969530 0.011004
0.963822 0.012211
0.957641 0.013501
0.950992 0.014879
0.943884 0.016349
0.936325 0.017914
0.928323 0.019579
0.919888 0.021344
0.911028 0.023207
0.901751 0.025166
0.892067 0.027217
0.881986 0.029358
0.871516 0.031584
0.860668 0.033893
0.849454 0.036279
0.837882 0.038737
0.825964 0.041260
0.813712 0.043840
0.801135 0.046469
0.788246 0.049136
0.775053 0.051818
0.761565 0.054496
0.747795 0.057153
0.733754 0.059775
0.719457 0.062355
0.704918 0.064894
0.690152 0.067384
0.675172 0.069803
0.659989 0.072128
0.644619 0.074350
0.629078 0.076458
0.613383 0.078452
0.597550 0.080332
0.581596 0.082086
0.565536 0.083692
0.549386 0.085138
0.533166 0.086429
0.516893 0.087572
0.500586 0.088557
0.484261 0.089376
0.467936 0.090022
0.451630 0.090491
0.435361 0.090789
0.419148 0.090929
0.403007 0.090912
0.386958 0.090730
0.371018 0.090378
0.355205 0.089862
0.339536 0.089188
0.324028 0.088364
0.308699 0.087398
0.293564 0.086290
0.278642 0.085040
0.263949 0.083652
0.249500 0.082133
0.235311 0.080490
0.221398 0.078724
0.207778 0.076838
0.194464 0.074835
0.181472 0.072719
0.168818 0.070495
0.156514 0.068169
0.144576 0.065745
0.133016 0.063228
0.121851 0.060620
0.111092 0.057926
0.100753 0.055154
0.090845 0.052313
0.081381 0.049407
0.072376 0.046439
0.063841 0.043416
0.055787 0.040350
0.048224 0.037252
0.041163 0.034127
0.034617 0.030983
0.028607 0.027825
0.023143 0.024668
0.018217 0.021532
0.013832 0.018440
0.010070 0.015380
0.006972 0.012361
0.004443 0.009440
0.002401 0.006691
0.001047 0.004174
0.000473 0.001959
0.000383 0.000151
0.000405 -0.001157
0.000419 -0.001940
0.000420 -0.002200
0.000431 -0.002450
0.000585 -0.003165
0.001179 -0.004251
0.002483 -0.005596
0.004415 -0.007138
0.006662 -0.008844
0.009289 -0.010630
0.012533 -0.012398
0.016473 -0.014075
0.021000 -0.015625
0.026026 -0.017036
0.031558 -0.018318
0.037603 -0.019503
0.044146 -0.020604
0.051159 -0.021643
0.058629 -0.022628
0.066550 -0.023556
0.074917 -0.024429
0.083718 -0.025245
0.092942 -0.026007
0.102579 -0.026717
0.112618 -0.027380
0.123048 -0.027996
0.133859 -0.028567
0.145039 -0.029093
0.156576 -0.029575
0.168459 -0.030014
0.180675 -0.030411
0.193212 -0.030765
0.206056 -0.031076
0.219196 -0.031341
0.232617 -0.031558
0.246305 -0.031725
0.260247 -0.031839
0.274429 -0.031892
0.288835 -0.031859
0.303451 -0.031711
0.318261 -0.031437
0.333249 -0.031038
0.348399 -0.030524
0.363696 -0.029916
0.379126 -0.029243
0.394673 -0.028534
0.410324 -0.027825
0.426064 -0.027144
0.441877 -0.026494
0.457748 -0.025874
0.473660 -0.025278
0.489597 -0.024688
0.505541 -0.024093
0.521477 -0.023493
0.537389 -0.022892
0.553260 -0.022288
0.569076 -0.021681
0.584818 -0.021069
0.600473 -0.020457
0.616025 -0.019849
0.631457 -0.019248
0.646754 -0.018653
0.661902 -0.018064
0.676883 -0.017482
0.691685 -0.016909
0.706291 -0.016345
0.720686 -0.015792
0.734858 -0.015249
0.748790 -0.014717
0.762469 -0.014197
0.775882 -0.013690
0.789015 -0.013191
0.801854 -0.012694
0.814385 -0.012199
0.826598 -0.011706
0.838479 -0.011215
0.850016 -0.010729
0.861198 -0.010254
0.872014 -0.009793
0.882453 -0.009356
0.892506 -0.008949
0.902161 -0.008572
0.911410 -0.008224
0.920242 -0.007901
0.928648 -0.007603
0.936621 -0.007330
0.944152 -0.007076
0.951233 -0.006833
0.957857 -0.006593
0.964016 -0.006348
0.969705 -0.006091
0.974917 -0.005828
0.979648 -0.005579
0.983893 -0.005357
0.987650 -0.005174
0.990915 -0.005038
0.993686 -0.004949
0.995956 -0.004914
0.997724 -0.004927
0.998988 -0.004962
0.999747 -0.004990
1.000000 -0.005000