sm701
1.000000 0.000000
0.999744 0.000067
0.998977 0.000268
0.997701 0.000607
0.995919 0.001091
0.993638 0.001739
0.990865 0.002566
0.987607 0.003583
0.983870 0.004793
0.979657 0.006197
0.974976 0.007797
0.969829 0.009587
0.964218 0.011556
0.958145 0.013691
0.951612 0.015979
0.944619 0.018395
0.937165 0.020918
0.929252 0.023524
0.920880 0.026185
0.912053 0.028880
0.902778 0.031600
0.893066 0.034341
0.882928 0.037100
0.872377 0.039881
0.861426 0.042690
0.850090 0.045534
0.838380 0.048415
0.826309 0.051330
0.813891 0.054281
0.801138 0.057261
0.788061 0.060265
0.774673 0.063285
0.760988 0.066315
0.747017 0.069346
0.732775 0.072372
0.718274 0.075383
0.703529 0.078367
0.688551 0.081312
0.673356 0.084206
0.657956 0.087034
0.642365 0.089780
0.626598 0.092424
0.610667 0.094935
0.594584 0.097286
0.578367 0.099457
0.562034 0.101438
0.545602 0.103221
0.529091 0.104810
0.512522 0.106221
0.495914 0.107468
0.479288 0.108559
0.462660 0.109494
0.446050 0.110276
0.429475 0.110906
0.412954 0.111385
0.396504 0.111716
0.380144 0.111895
0.363891 0.111922
0.347763 0.111796
0.331778 0.111517
0.315953 0.111084
0.300307 0.110496
0.284856 0.109750
0.269618 0.108840
0.254612 0.107763
0.239854 0.106514
0.225363 0.105088
0.211157 0.103483
0.197254 0.101692
0.183672 0.099713
0.170431 0.097541
0.157548 0.095172
0.145043 0.092605
0.132938 0.089832
0.121252 0.086847
0.110008 0.083648
0.099227 0.080236
0.088931 0.076617
0.079139 0.072800
0.069873 0.068796
0.061150 0.064624
0.052992 0.060301
0.045414 0.055851
0.038429 0.051305
0.032043 0.046698
0.026259 0.042070
0.021090 0.037457
0.016544 0.032897
0.012611 0.028437
0.009267 0.024126
0.006478 0.020019
0.004235 0.016164
0.002557 0.012605
0.001405 0.009388
0.000688 0.006573
0.000287 0.004224
0.000094 0.002380
0.000020 0.001058
0.000002 0.000264
0.000000 0.000000
0.000004 -0.000254
0.000075 -0.001009
0.000369 -0.002237
0.001096 -0.003883
0.002445 -0.005850
0.004475 -0.007980
0.007103 -0.010080
0.010330 -0.012059
0.014153 -0.013933
0.018521 -0.015821
0.023415 -0.017745
0.028834 -0.019660
0.034767 -0.021520
0.041203 -0.023299
0.048135 -0.024999
0.055546 -0.026637
0.063423 -0.028228
0.071757 -0.029763
0.080537 -0.031238
0.089752 -0.032651
0.099391 -0.034001
0.109442 -0.035293
0.119894 -0.036534
0.130733 -0.037723
0.141949 -0.038860
0.153530 -0.039944
0.165462 -0.040974
0.177735 -0.041946
0.190335 -0.042859
0.203248 -0.043711
0.216462 -0.044498
0.229963 -0.045220
0.243736 -0.045873
0.257768 -0.046453
0.272043 -0.046955
0.286548 -0.047376
0.301267 -0.047712
0.316185 -0.047957
0.331286 -0.048109
0.346554 -0.048160
0.361974 -0.048099
0.377530 -0.047917
0.393203 -0.047596
0.408976 -0.047116
0.424832 -0.046454
0.440752 -0.045598
0.456716 -0.044546
0.472706 -0.043296
0.488705 -0.041857
0.504696 -0.040253
0.520664 -0.038509
0.536595 -0.036649
0.552473 -0.034696
0.568286 -0.032671
0.584018 -0.030594
0.599657 -0.028481
0.615187 -0.026348
0.630595 -0.024208
0.645866 -0.022075
0.660987 -0.019961
0.675945 -0.017879
0.690724 -0.015840
0.705312 -0.013852
0.719695 -0.011926
0.733858 -0.010070
0.747788 -0.008290
0.761472 -0.006597
0.774897 -0.004996
0.788049 -0.003493
0.800914 -0.002095
0.813481 -0.000804
0.825736 0.000376
0.837666 0.001441
0.849258 0.002391
0.860501 0.003223
0.871382 0.003938
0.881890 0.004536
0.892012 0.005019
0.901738 0.005390
0.911057 0.005653
0.919958 0.005809
0.928431 0.005863
0.936468 0.005818
0.944057 0.005683
0.951191 0.005458
0.957861 0.005149
0.964059 0.004765
0.969778 0.004317
0.975011 0.003819
0.979754 0.003287
0.984002 0.002739
0.987752 0.002195
0.991002 0.001674
0.993752 0.001198
0.996002 0.000784
0.997750 0.000446
0.999000 0.000199
0.999750 0.000050
1.000000 0.000000