tempest3
1.000000 0.000000
0.999748 0.000041
0.998992 0.000165
0.997732 0.000371
0.995971 0.000659
0.993709 0.001029
0.990949 0.001480
0.987694 0.002012
0.983947 0.002625
0.979712 0.003317
0.974993 0.004088
0.969794 0.004936
0.964121 0.005858
0.957979 0.006853
0.951375 0.007918
0.944313 0.009049
0.936802 0.010243
0.928848 0.011496
0.920459 0.012805
0.911643 0.014164
0.902407 0.015569
0.892762 0.017015
0.882717 0.018499
0.872280 0.020017
0.861463 0.021563
0.850277 0.023134
0.838731 0.024729
0.826838 0.026344
0.814609 0.027973
0.802057 0.029613
0.789194 0.031263
0.776033 0.032914
0.762586 0.034562
0.748867 0.036205
0.734888 0.037833
0.720665 0.039442
0.706210 0.041026
0.691539 0.042574
0.676664 0.044082
0.661602 0.045547
0.646367 0.046960
0.630975 0.048320
0.615442 0.049624
0.599782 0.050866
0.584013 0.052049
0.568151 0.053169
0.552211 0.054224
0.536210 0.055210
0.520164 0.056125
0.504090 0.056962
0.488003 0.057714
0.471921 0.058375
0.455858 0.058934
0.439833 0.059387
0.423862 0.059729
0.407962 0.059955
0.392149 0.060067
0.376440 0.060070
0.360853 0.059967
0.345402 0.059760
0.330105 0.059451
0.314977 0.059042
0.300035 0.058536
0.285294 0.057936
0.270770 0.057243
0.256477 0.056459
0.242431 0.055586
0.228647 0.054629
0.215140 0.053586
0.201923 0.052457
0.189012 0.051240
0.176420 0.049935
0.164163 0.048542
0.152252 0.047066
0.140700 0.045515
0.129520 0.043895
0.118724 0.042209
0.108323 0.040461
0.098330 0.038657
0.088756 0.036796
0.079614 0.034879
0.070914 0.032906
0.062668 0.030882
0.054886 0.028813
0.047577 0.026706
0.040753 0.024566
0.034422 0.022403
0.028590 0.020234
0.023268 0.018064
0.018465 0.015903
0.014186 0.013767
0.010448 0.011659
0.007263 0.009592
0.004645 0.007586
0.002624 0.005653
0.001219 0.003843
0.000399 0.002255
0.000073 0.001021
0.000004 0.000256
0.000000 0.000000
0.000009 -0.000254
0.000127 -0.001008
0.000554 -0.002209
0.001484 -0.003719
0.003054 -0.005372
0.005262 -0.007060
0.008065 -0.008761
0.011430 -0.010470
0.015342 -0.012172
0.019782 -0.013869
0.024740 -0.015553
0.030207 -0.017210
0.036177 -0.018829
0.042640 -0.020396
0.049589 -0.021898
0.057014 -0.023325
0.064904 -0.024672
0.073249 -0.025938
0.082037 -0.027126
0.091256 -0.028240
0.100894 -0.029287
0.110940 -0.030273
0.121381 -0.031208
0.132207 -0.032095
0.143405 -0.032936
0.154964 -0.033733
0.166870 -0.034487
0.179113 -0.035198
0.191679 -0.035865
0.204555 -0.036481
0.217729 -0.037049
0.231186 -0.037567
0.244913 -0.038034
0.258896 -0.038451
0.273120 -0.038819
0.287571 -0.039135
0.302234 -0.039402
0.317094 -0.039618
0.332136 -0.039779
0.347345 -0.039885
0.362705 -0.039935
0.378200 -0.039925
0.393815 -0.039858
0.409534 -0.039730
0.425340 -0.039541
0.441218 -0.039295
0.457151 -0.038985
0.473123 -0.038617
0.489118 -0.038193
0.505119 -0.037712
0.521110 -0.037181
0.537076 -0.036601
0.553000 -0.035976
0.568865 -0.035309
0.584657 -0.034607
0.600359 -0.033870
0.615955 -0.033098
0.631430 -0.032297
0.646767 -0.031465
0.661952 -0.030603
0.676968 -0.029711
0.691801 -0.028788
0.706436 -0.027836
0.720857 -0.026858
0.735050 -0.025852
0.749002 -0.024823
0.762697 -0.023775
0.776122 -0.022712
0.789264 -0.021638
0.802109 -0.020557
0.814646 -0.019472
0.826861 -0.018387
0.838743 -0.017307
0.850279 -0.016234
0.861458 -0.015170
0.872269 -0.014117
0.882700 -0.013080
0.892743 -0.012059
0.902386 -0.011059
0.911620 -0.010081
0.920436 -0.009130
0.928826 -0.008210
0.936781 -0.007324
0.944294 -0.006475
0.951357 -0.005670
0.957963 -0.004910
0.964107 -0.004199
0.969782 -0.003539
0.974983 -0.002932
0.979704 -0.002380
0.983941 -0.001883
0.987689 -0.001444
0.990945 -0.001062
0.993706 -0.000738
0.995969 -0.000473
0.997731 -0.000266
0.998991 -0.000118
0.999748 -0.000030
1.000000 0.000000