usa32
1.000000 0.000000
0.999757 0.000128
0.999030 0.000510
0.997819 0.001148
0.996124 0.002039
0.993948 0.003183
0.991293 0.004577
0.988159 0.006218
0.984549 0.008101
0.980464 0.010221
0.975905 0.012567
0.970873 0.015129
0.965367 0.017892
0.959385 0.020837
0.952923 0.023943
0.945978 0.027181
0.938549 0.030534
0.930641 0.033993
0.922264 0.037556
0.913430 0.041224
0.904152 0.045005
0.894449 0.048910
0.884335 0.052941
0.873816 0.057087
0.862899 0.061335
0.851592 0.065670
0.839902 0.070077
0.827836 0.074540
0.815400 0.079042
0.802601 0.083563
0.789446 0.088085
0.775944 0.092581
0.762104 0.097020
0.747934 0.101368
0.733446 0.105593
0.718647 0.109656
0.703550 0.113521
0.688165 0.117153
0.672512 0.120561
0.656617 0.123790
0.640507 0.126886
0.624212 0.129903
0.607760 0.132897
0.591183 0.135926
0.574501 0.138993
0.557721 0.142036
0.540849 0.144985
0.523894 0.147769
0.506862 0.150318
0.489759 0.152561
0.472603 0.154473
0.455417 0.156070
0.438228 0.157372
0.421061 0.158399
0.403943 0.159174
0.386897 0.159716
0.369945 0.160023
0.353104 0.160078
0.336394 0.159867
0.319831 0.159374
0.303433 0.158591
0.287219 0.157507
0.271218 0.156101
0.255467 0.154347
0.240000 0.152224
0.224850 0.149715
0.210045 0.146810
0.195614 0.143500
0.181573 0.139811
0.167920 0.135829
0.154652 0.131640
0.141767 0.127320
0.129295 0.122868
0.117288 0.118222
0.105793 0.113332
0.094845 0.108164
0.084455 0.102751
0.074602 0.097197
0.065278 0.091577
0.056526 0.085859
0.048388 0.079994
0.040907 0.073971
0.034141 0.067832
0.028128 0.061628
0.022881 0.055414
0.018358 0.049254
0.014460 0.043218
0.011098 0.037374
0.008234 0.031789
0.005875 0.026534
0.004005 0.021665
0.002585 0.017228
0.001559 0.013256
0.000862 0.009777
0.000424 0.006810
0.000177 0.004368
0.000057 0.002461
0.000011 0.001095
0.000001 0.000274
-0.000000 -0.000000
0.000005 -0.000252
0.000080 -0.000987
0.000394 -0.002142
0.001188 -0.003617
0.002719 -0.005284
0.005185 -0.006991
0.008618 -0.008582
0.012771 -0.009903
0.017179 -0.010845
0.021792 -0.011435
0.026802 -0.011853
0.032397 -0.012287
0.038573 -0.012737
0.045286 -0.013176
0.052458 -0.013564
0.060030 -0.013868
0.068008 -0.014075
0.076413 -0.014179
0.085264 -0.014173
0.094548 -0.014041
0.104242 -0.013767
0.114327 -0.013327
0.124787 -0.012695
0.135607 -0.011840
0.146770 -0.010729
0.158259 -0.009333
0.170063 -0.007666
0.182172 -0.005775
0.194580 -0.003720
0.207281 -0.001572
0.220265 0.000636
0.233521 0.002898
0.247041 0.005212
0.260811 0.007576
0.274823 0.009986
0.289066 0.012441
0.303529 0.014936
0.318201 0.017444
0.333070 0.019884
0.348122 0.022167
0.363346 0.024197
0.378726 0.025875
0.394251 0.027099
0.409906 0.027773
0.425673 0.027912
0.441530 0.027615
0.457456 0.026983
0.473429 0.026122
0.489426 0.025143
0.505425 0.024153
0.521405 0.023201
0.537350 0.022250
0.553241 0.021252
0.569062 0.020163
0.584795 0.018940
0.600424 0.017541
0.615933 0.015944
0.631311 0.014194
0.646546 0.012346
0.661628 0.010453
0.676547 0.008569
0.691291 0.006739
0.705849 0.005010
0.720208 0.003407
0.734354 0.001939
0.748271 0.000609
0.761945 -0.000579
0.775360 -0.001622
0.788504 -0.002519
0.801362 -0.003271
0.813921 -0.003882
0.826165 -0.004363
0.838082 -0.004727
0.849657 -0.004985
0.860879 -0.005148
0.871735 -0.005229
0.882213 -0.005237
0.892302 -0.005182
0.901991 -0.005074
0.911270 -0.004919
0.920130 -0.004716
0.928560 -0.004468
0.936552 -0.004177
0.944099 -0.003849
0.951192 -0.003488
0.957824 -0.003104
0.963991 -0.002712
0.969686 -0.002324
0.974904 -0.001949
0.979641 -0.001597
0.983891 -0.001273
0.987651 -0.000980
0.990918 -0.000723
0.993687 -0.000504
0.995957 -0.000323
0.997724 -0.000182
0.998988 -0.000081
0.999747 -0.000020
1.000000 0.000000