usa40
1.000000 0.000500
0.999746 0.000568
0.998984 0.000771
0.997715 0.001110
0.995940 0.001584
0.993660 0.002192
0.990879 0.002933
0.987598 0.003805
0.983821 0.004807
0.979551 0.005936
0.974791 0.007186
0.969545 0.008553
0.963818 0.010031
0.957612 0.011609
0.950933 0.013279
0.943784 0.015029
0.936172 0.016852
0.928104 0.018744
0.919589 0.020706
0.910635 0.022738
0.901253 0.024842
0.891455 0.027023
0.881250 0.029279
0.870647 0.031604
0.859658 0.033992
0.848292 0.036440
0.836560 0.038939
0.824473 0.041485
0.812043 0.044070
0.799280 0.046689
0.786197 0.049333
0.772807 0.051994
0.759121 0.054665
0.745153 0.057337
0.730916 0.060000
0.716424 0.062646
0.701690 0.065266
0.686728 0.067851
0.671553 0.070398
0.656182 0.072908
0.640631 0.075383
0.624915 0.077823
0.609053 0.080231
0.593060 0.082609
0.576952 0.084951
0.560745 0.087236
0.544452 0.089447
0.528089 0.091563
0.511670 0.093563
0.495209 0.095430
0.478724 0.097152
0.462233 0.098731
0.445753 0.100174
0.429304 0.101485
0.412903 0.102670
0.396570 0.103736
0.380323 0.104683
0.364176 0.105496
0.348147 0.106161
0.332251 0.106664
0.316504 0.106993
0.300921 0.107137
0.285519 0.107087
0.270321 0.106822
0.255349 0.106324
0.240626 0.105577
0.226172 0.104568
0.212008 0.103288
0.198153 0.101732
0.184626 0.099897
0.171446 0.097780
0.158633 0.095383
0.146203 0.092711
0.134182 0.089768
0.122607 0.086550
0.111509 0.083064
0.100917 0.079318
0.090835 0.075352
0.081195 0.071319
0.071921 0.067378
0.063081 0.063471
0.054910 0.059292
0.047585 0.054608
0.041072 0.049504
0.035115 0.044388
0.029508 0.039586
0.024111 0.035326
0.018952 0.031572
0.014295 0.027912
0.010329 0.024070
0.007115 0.020107
0.004632 0.016235
0.002815 0.012616
0.001566 0.009358
0.000774 0.006537
0.000324 0.004198
0.000104 0.002365
0.000021 0.001052
0.000001 0.000263
0.000000 -0.000000
0.000002 -0.000255
0.000035 -0.001018
0.000173 -0.002281
0.000533 -0.004029
0.001261 -0.006228
0.002510 -0.008818
0.004423 -0.011704
0.007102 -0.014736
0.010576 -0.017696
0.014775 -0.020290
0.019621 -0.022361
0.025080 -0.024032
0.031094 -0.025522
0.037642 -0.026860
0.044706 -0.028015
0.052255 -0.028969
0.060262 -0.029726
0.068714 -0.030336
0.077601 -0.030873
0.086911 -0.031395
0.096637 -0.031875
0.106768 -0.032274
0.117294 -0.032565
0.128203 -0.032730
0.139482 -0.032751
0.151117 -0.032609
0.163094 -0.032297
0.175401 -0.031844
0.188028 -0.031293
0.200962 -0.030695
0.214192 -0.030097
0.227705 -0.029498
0.241485 -0.028889
0.255520 -0.028259
0.269794 -0.027596
0.284292 -0.026885
0.298999 -0.026114
0.313900 -0.025270
0.328979 -0.024358
0.344223 -0.023391
0.359616 -0.022382
0.375144 -0.021345
0.390791 -0.020295
0.406544 -0.019247
0.422385 -0.018207
0.438299 -0.017171
0.454269 -0.016133
0.470280 -0.015086
0.486313 -0.014023
0.502354 -0.012939
0.518384 -0.011830
0.534389 -0.010696
0.550352 -0.009542
0.566256 -0.008371
0.582087 -0.007184
0.597828 -0.005987
0.613463 -0.004781
0.628978 -0.003575
0.644357 -0.002378
0.659585 -0.001197
0.674648 -0.000041
0.689532 0.001083
0.704221 0.002169
0.718702 0.003206
0.732960 0.004176
0.746982 0.005065
0.760754 0.005857
0.774262 0.006542
0.787492 0.007110
0.800433 0.007553
0.813070 0.007867
0.825389 0.008056
0.837375 0.008125
0.849015 0.008081
0.860296 0.007931
0.871204 0.007683
0.881729 0.007344
0.891859 0.006925
0.901584 0.006434
0.910893 0.005886
0.919780 0.005305
0.928235 0.004714
0.936253 0.004130
0.943825 0.003569
0.950945 0.003040
0.957606 0.002549
0.963801 0.002097
0.969524 0.001682
0.974768 0.001304
0.979529 0.000962
0.983803 0.000656
0.987583 0.000385
0.990867 0.000151
0.993652 -0.000048
0.995934 -0.000210
0.997712 -0.000337
0.998983 -0.000428
0.999746 -0.000482
1.000000 -0.000500