usa41
1.000000 0.000000
0.999748 0.000053
0.998993 0.000212
0.997735 0.000476
0.995975 0.000846
0.993715 0.001321
0.990958 0.001899
0.987706 0.002579
0.983962 0.003359
0.979729 0.004235
0.975011 0.005202
0.969811 0.006254
0.964134 0.007384
0.957983 0.008580
0.951363 0.009831
0.944278 0.011123
0.936734 0.012450
0.928740 0.013815
0.920304 0.015222
0.911438 0.016682
0.902153 0.018209
0.892462 0.019820
0.882376 0.021518
0.871903 0.023296
0.861054 0.025147
0.849838 0.027062
0.838265 0.029027
0.826344 0.031031
0.814086 0.033058
0.801500 0.035091
0.788596 0.037113
0.775388 0.039117
0.761887 0.041101
0.748109 0.043064
0.734068 0.045004
0.719777 0.046922
0.705253 0.048817
0.690511 0.050690
0.675565 0.052537
0.660431 0.054351
0.645122 0.056124
0.629655 0.057848
0.614043 0.059515
0.598304 0.061119
0.582451 0.062653
0.566502 0.064119
0.550473 0.065519
0.534381 0.066856
0.518243 0.068134
0.502076 0.069355
0.485896 0.070522
0.469720 0.071626
0.453563 0.072653
0.437443 0.073591
0.421375 0.074426
0.405375 0.075149
0.389460 0.075747
0.373645 0.076214
0.357948 0.076546
0.342384 0.076738
0.326972 0.076787
0.311726 0.076692
0.296663 0.076451
0.281799 0.076061
0.267155 0.075511
0.252748 0.074791
0.238597 0.073896
0.224719 0.072820
0.211131 0.071561
0.197849 0.070119
0.184887 0.068498
0.172262 0.066711
0.159986 0.064771
0.148073 0.062693
0.136538 0.060484
0.125400 0.058138
0.114677 0.055649
0.104383 0.053018
0.094532 0.050251
0.085127 0.047401
0.076168 0.044539
0.067656 0.041713
0.059597 0.038883
0.051998 0.035999
0.044870 0.033037
0.038253 0.030039
0.032190 0.027068
0.026703 0.024178
0.021787 0.021404
0.017317 0.018698
0.013156 0.016006
0.009292 0.013326
0.006009 0.010703
0.003509 0.008205
0.001801 0.005911
0.000774 0.003899
0.000254 0.002246
0.000051 0.001015
0.000003 0.000256
0.000000 0.000000
0.000006 -0.000250
0.000091 -0.000975
0.000445 -0.002094
0.001334 -0.003484
0.003036 -0.004988
0.005738 -0.006435
0.009415 -0.007656
0.013690 -0.008515
0.018088 -0.008949
0.022651 -0.009046
0.027639 -0.009051
0.033235 -0.009142
0.039422 -0.009290
0.046141 -0.009435
0.053301 -0.009484
0.060844 -0.009375
0.068781 -0.009110
0.077141 -0.008706
0.085943 -0.008181
0.095169 -0.007534
0.104798 -0.006765
0.114808 -0.005871
0.125191 -0.004840
0.135933 -0.003661
0.147026 -0.002321
0.158457 -0.000813
0.170221 0.000815
0.182313 0.002475
0.194733 0.004065
0.207478 0.005471
0.220540 0.006650
0.233903 0.007623
0.247550 0.008422
0.261463 0.009083
0.275624 0.009648
0.290013 0.010165
0.304609 0.010687
0.319396 0.011246
0.334357 0.011834
0.349481 0.012438
0.364752 0.013045
0.380158 0.013640
0.395683 0.014209
0.411315 0.014737
0.427037 0.015223
0.442833 0.015673
0.458687 0.016094
0.474583 0.016493
0.490504 0.016876
0.506433 0.017250
0.522354 0.017611
0.538251 0.017944
0.554108 0.018230
0.569910 0.018452
0.585640 0.018594
0.601282 0.018640
0.616821 0.018581
0.632241 0.018423
0.647526 0.018179
0.662659 0.017858
0.677627 0.017472
0.692412 0.017029
0.707000 0.016541
0.721376 0.016012
0.735526 0.015448
0.749435 0.014850
0.763089 0.014222
0.776476 0.013566
0.789580 0.012887
0.802390 0.012188
0.814892 0.011471
0.827074 0.010739
0.838924 0.009992
0.850429 0.009234
0.861578 0.008467
0.872360 0.007694
0.882765 0.006917
0.892782 0.006139
0.902400 0.005365
0.911612 0.004605
0.920408 0.003885
0.928782 0.003223
0.936726 0.002634
0.944232 0.002128
0.951292 0.001708
0.957901 0.001369
0.964049 0.001096
0.969730 0.000874
0.974937 0.000693
0.979666 0.000544
0.983910 0.000420
0.987665 0.000316
0.990928 0.000230
0.993694 0.000159
0.995961 0.000101
0.997727 0.000057
0.998989 0.000025
0.999747 0.000006
1.000000 -0.000000