usa45
1.000000 -0.000000
0.999742 0.000055
0.998967 0.000220
0.997676 0.000495
0.995871 0.000880
0.993553 0.001374
0.990725 0.001977
0.987389 0.002687
0.983550 0.003505
0.979210 0.004430
0.974374 0.005460
0.969047 0.006594
0.963234 0.007831
0.956941 0.009169
0.950175 0.010607
0.942941 0.012142
0.935248 0.013773
0.927102 0.015496
0.918511 0.017308
0.909484 0.019204
0.900030 0.021181
0.890156 0.023233
0.879873 0.025357
0.869191 0.027549
0.858119 0.029805
0.846670 0.032122
0.834855 0.034496
0.822684 0.036923
0.810170 0.039399
0.797326 0.041920
0.784163 0.044483
0.770695 0.047081
0.756936 0.049712
0.742897 0.052369
0.728594 0.055047
0.714041 0.057741
0.699250 0.060446
0.684238 0.063157
0.669018 0.065868
0.653605 0.068574
0.638016 0.071268
0.622264 0.073946
0.606365 0.076602
0.590336 0.079230
0.574191 0.081823
0.557947 0.084374
0.541618 0.086873
0.525222 0.089313
0.508773 0.091686
0.492288 0.093983
0.475783 0.096202
0.459277 0.098340
0.442785 0.100399
0.426326 0.102380
0.409918 0.104282
0.393578 0.106109
0.377321 0.107847
0.361161 0.109468
0.345111 0.110940
0.329185 0.112233
0.313395 0.113320
0.297756 0.114178
0.282283 0.114781
0.267002 0.115096
0.251942 0.115089
0.237128 0.114734
0.222586 0.114007
0.208340 0.112892
0.194410 0.111376
0.180822 0.109462
0.167602 0.107168
0.154775 0.104518
0.142363 0.101537
0.130387 0.098248
0.118868 0.094675
0.107823 0.090844
0.097266 0.086782
0.087224 0.082495
0.077766 0.077932
0.068947 0.073053
0.060773 0.067906
0.053218 0.062587
0.046253 0.057190
0.039851 0.051806
0.033989 0.046528
0.028642 0.041434
0.023787 0.036586
0.019385 0.032002
0.015376 0.027628
0.011712 0.023434
0.008426 0.019431
0.005678 0.015674
0.003547 0.012219
0.002017 0.009118
0.001015 0.006415
0.000430 0.004149
0.000140 0.002353
0.000028 0.001052
0.000002 0.000264
0.000000 0.000000
0.000004 -0.000253
0.000058 -0.001000
0.000286 -0.002207
0.000871 -0.003817
0.002022 -0.005751
0.003928 -0.007907
0.006700 -0.010162
0.010301 -0.012372
0.014475 -0.014376
0.018983 -0.016074
0.023881 -0.017521
0.029306 -0.018881
0.035311 -0.020216
0.041873 -0.021491
0.048945 -0.022667
0.056465 -0.023708
0.064412 -0.024618
0.072789 -0.025433
0.081604 -0.026206
0.090854 -0.026954
0.100522 -0.027665
0.110592 -0.028327
0.121052 -0.028929
0.131893 -0.029460
0.143104 -0.029910
0.154674 -0.030267
0.166592 -0.030530
0.178845 -0.030718
0.191420 -0.030852
0.204303 -0.030961
0.217480 -0.031061
0.230938 -0.031150
0.244663 -0.031222
0.258642 -0.031269
0.272861 -0.031285
0.287304 -0.031262
0.301958 -0.031191
0.316808 -0.031067
0.331839 -0.030895
0.347036 -0.030684
0.362383 -0.030441
0.377866 -0.030175
0.393468 -0.029896
0.409173 -0.029615
0.424967 -0.029331
0.440833 -0.029038
0.456755 -0.028729
0.472716 -0.028396
0.488700 -0.028032
0.504692 -0.027629
0.520675 -0.027184
0.536632 -0.026700
0.552548 -0.026178
0.568407 -0.025624
0.584193 -0.025040
0.599889 -0.024430
0.615480 -0.023798
0.630951 -0.023143
0.646285 -0.022469
0.661467 -0.021775
0.676483 -0.021063
0.691316 -0.020335
0.705952 -0.019591
0.720377 -0.018833
0.734575 -0.018063
0.748532 -0.017281
0.762234 -0.016489
0.775668 -0.015688
0.788820 -0.014880
0.801676 -0.014067
0.814224 -0.013252
0.826451 -0.012440
0.838346 -0.011635
0.849896 -0.010843
0.861091 -0.010068
0.871919 -0.009314
0.882369 -0.008583
0.892432 -0.007880
0.902096 -0.007205
0.911353 -0.006560
0.920193 -0.005943
0.928606 -0.005352
0.936584 -0.004785
0.944120 -0.004243
0.951204 -0.003726
0.957832 -0.003235
0.963995 -0.002772
0.969687 -0.002340
0.974904 -0.001942
0.979640 -0.001578
0.983890 -0.001250
0.987651 -0.000959
0.990917 -0.000706
0.993687 -0.000491
0.995956 -0.000314
0.997724 -0.000177
0.998988 -0.000079
0.999747 -0.000020
1.000000 0.000000