v13006
1.000000 0.000600
0.999747 0.000620
0.998987 0.000682
0.997722 0.000784
0.995952 0.000928
0.993680 0.001111
0.990907 0.001335
0.987637 0.001600
0.983873 0.001903
0.979618 0.002246
0.974877 0.002627
0.969654 0.003045
0.963955 0.003500
0.957786 0.003989
0.951152 0.004511
0.944060 0.005064
0.936518 0.005647
0.928532 0.006259
0.920110 0.006898
0.911262 0.007564
0.901996 0.008255
0.892321 0.008971
0.882248 0.009710
0.871786 0.010472
0.860945 0.011254
0.849737 0.012054
0.838172 0.012871
0.826263 0.013703
0.814021 0.014548
0.801458 0.015404
0.788588 0.016269
0.775423 0.017141
0.761975 0.018019
0.748260 0.018901
0.734290 0.019786
0.720079 0.020672
0.705643 0.021557
0.690994 0.022440
0.676149 0.023321
0.661122 0.024196
0.645928 0.025065
0.630582 0.025926
0.615100 0.026778
0.599497 0.027620
0.583790 0.028449
0.567993 0.029263
0.552123 0.030058
0.536195 0.030831
0.520226 0.031578
0.504232 0.032296
0.488228 0.032983
0.472231 0.033636
0.456256 0.034254
0.440320 0.034838
0.424440 0.035385
0.408630 0.035896
0.392907 0.036369
0.377288 0.036802
0.361786 0.037190
0.346420 0.037529
0.331203 0.037814
0.316152 0.038042
0.301283 0.038209
0.286609 0.038317
0.272145 0.038376
0.257907 0.038400
0.243907 0.038399
0.230162 0.038359
0.216687 0.038246
0.203495 0.038033
0.190603 0.037700
0.178020 0.037266
0.165759 0.036754
0.153830 0.036190
0.142246 0.035585
0.131024 0.034905
0.120182 0.034103
0.109738 0.033146
0.099705 0.032009
0.090094 0.030708
0.080905 0.029314
0.072141 0.027885
0.063819 0.026415
0.055965 0.024857
0.048595 0.023186
0.041708 0.021437
0.035290 0.019681
0.029330 0.017976
0.023828 0.016353
0.018845 0.014709
0.014451 0.012919
0.010616 0.011051
0.007189 0.009425
0.004366 0.007773
0.002322 0.005885
0.001027 0.003953
0.000344 0.002271
0.000071 0.001016
0.000005 0.000254
0.000000 0.000000
0.000005 -0.000254
0.000072 -0.001017
0.000358 -0.002276
0.001090 -0.003937
0.002534 -0.005722
0.004834 -0.007267
0.007876 -0.008464
0.011520 -0.009439
0.015676 -0.010303
0.020354 -0.011034
0.025540 -0.011661
0.031207 -0.012261
0.037342 -0.012862
0.043941 -0.013456
0.050998 -0.014037
0.058510 -0.014596
0.066470 -0.015122
0.074868 -0.015599
0.083695 -0.016014
0.092941 -0.016378
0.102596 -0.016722
0.112648 -0.017075
0.123089 -0.017439
0.133906 -0.017809
0.145091 -0.018179
0.156630 -0.018542
0.168514 -0.018896
0.180729 -0.019239
0.193265 -0.019572
0.206107 -0.019896
0.219243 -0.020209
0.232660 -0.020507
0.246344 -0.020783
0.260282 -0.021032
0.274459 -0.021251
0.288862 -0.021439
0.303475 -0.021595
0.318285 -0.021718
0.333275 -0.021807
0.348431 -0.021861
0.363738 -0.021878
0.379179 -0.021859
0.394740 -0.021802
0.410404 -0.021707
0.426156 -0.021574
0.441979 -0.021404
0.457858 -0.021197
0.473777 -0.020955
0.489719 -0.020679
0.505669 -0.020371
0.521610 -0.020032
0.537526 -0.019666
0.553401 -0.019273
0.569220 -0.018858
0.584966 -0.018423
0.600624 -0.017971
0.616178 -0.017504
0.631611 -0.017023
0.646910 -0.016530
0.662058 -0.016025
0.677039 -0.015511
0.691840 -0.014987
0.706444 -0.014455
0.720838 -0.013917
0.735007 -0.013373
0.748936 -0.012824
0.762612 -0.012272
0.776021 -0.011718
0.789149 -0.011163
0.801983 -0.010608
0.814510 -0.010055
0.826718 -0.009505
0.838595 -0.008960
0.850128 -0.008422
0.861305 -0.007892
0.872117 -0.007372
0.882551 -0.006863
0.892598 -0.006366
0.902247 -0.005884
0.911488 -0.005417
0.920313 -0.004965
0.928713 -0.004529
0.936678 -0.004111
0.944201 -0.003710
0.951275 -0.003328
0.957892 -0.002966
0.964046 -0.002627
0.969730 -0.002310
0.974939 -0.002018
0.979669 -0.001752
0.983913 -0.001513
0.987668 -0.001300
0.990930 -0.001115
0.993695 -0.000958
0.995962 -0.000829
0.997727 -0.000729
0.998989 -0.000657
0.999747 -0.000614
1.000000 -0.000600