vr8
1.000000 0.000000
0.999746 0.000024
0.998985 0.000096
0.997717 0.000217
0.995943 0.000385
0.993666 0.000601
0.990888 0.000865
0.987611 0.001176
0.983838 0.001535
0.979575 0.001940
0.974824 0.002393
0.969591 0.002892
0.963880 0.003437
0.957699 0.004028
0.951052 0.004663
0.943947 0.005340
0.936390 0.006057
0.928390 0.006814
0.919954 0.007614
0.911091 0.008460
0.901810 0.009349
0.892121 0.010277
0.882032 0.011240
0.871554 0.012237
0.860697 0.013267
0.849473 0.014330
0.837892 0.015426
0.825967 0.016553
0.813709 0.017710
0.801131 0.018894
0.788244 0.020103
0.775063 0.021338
0.761601 0.022603
0.747872 0.023902
0.733891 0.025236
0.719670 0.026602
0.705225 0.027996
0.690569 0.029410
0.675716 0.030841
0.660681 0.032283
0.645480 0.033728
0.630126 0.035175
0.614637 0.036628
0.599027 0.038091
0.583314 0.039565
0.567510 0.041028
0.551631 0.042457
0.535690 0.043829
0.519704 0.045146
0.503689 0.046414
0.487663 0.047638
0.471640 0.048797
0.455635 0.049857
0.439661 0.050784
0.423737 0.051571
0.407879 0.052223
0.392105 0.052747
0.376432 0.053142
0.360876 0.053401
0.345454 0.053520
0.330183 0.053494
0.315080 0.053323
0.300162 0.053004
0.285445 0.052546
0.270943 0.051975
0.256671 0.051326
0.242643 0.050627
0.228872 0.049879
0.215376 0.049063
0.202168 0.048160
0.189263 0.047157
0.176676 0.046055
0.164422 0.044861
0.152512 0.043583
0.140959 0.042234
0.129772 0.040828
0.118959 0.039379
0.108539 0.037877
0.098529 0.036297
0.088948 0.034625
0.079793 0.032885
0.071058 0.031120
0.062749 0.029345
0.054930 0.027467
0.047666 0.025391
0.040883 0.023281
0.034365 0.021556
0.028264 0.019974
0.023430 0.017011
0.019265 0.013885
0.014632 0.012752
0.010383 0.011883
0.007063 0.010167
0.004450 0.007994
0.002420 0.005828
0.001083 0.003864
0.000366 0.002229
0.000075 0.001007
0.000005 0.000254
0.000000 0.000000
0.000009 -0.000250
0.000144 -0.000968
0.000678 -0.002059
0.001925 -0.003389
0.004015 -0.004806
0.006650 -0.006177
0.009649 -0.007283
0.013312 -0.007848
0.017590 -0.008263
0.022103 -0.009630
0.026949 -0.011499
0.032589 -0.012333
0.038763 -0.012980
0.045309 -0.013940
0.052291 -0.014967
0.059762 -0.015856
0.067703 -0.016639
0.076079 -0.017397
0.084875 -0.018161
0.094086 -0.018926
0.103707 -0.019685
0.113731 -0.020428
0.124146 -0.021144
0.134940 -0.021823
0.146103 -0.022466
0.157622 -0.023079
0.169487 -0.023670
0.181684 -0.024236
0.194202 -0.024770
0.207029 -0.025264
0.220150 -0.025716
0.233553 -0.026134
0.247223 -0.026524
0.261148 -0.026895
0.275311 -0.027236
0.289701 -0.027530
0.304301 -0.027759
0.319098 -0.027911
0.334077 -0.027989
0.349221 -0.028001
0.364515 -0.027952
0.379943 -0.027840
0.395490 -0.027664
0.411140 -0.027419
0.426876 -0.027102
0.442683 -0.026708
0.458543 -0.026235
0.474441 -0.025689
0.490362 -0.025086
0.506289 -0.024442
0.522206 -0.023766
0.538098 -0.023056
0.553947 -0.022311
0.569740 -0.021533
0.585459 -0.020739
0.601090 -0.019945
0.616619 -0.019164
0.632028 -0.018395
0.647303 -0.017634
0.662428 -0.016880
0.677388 -0.016132
0.692167 -0.015392
0.706752 -0.014662
0.721126 -0.013943
0.735276 -0.013236
0.749187 -0.012541
0.762846 -0.011857
0.776239 -0.011188
0.789351 -0.010532
0.802171 -0.009892
0.814685 -0.009267
0.826881 -0.008658
0.838745 -0.008065
0.850266 -0.007487
0.861433 -0.006924
0.872234 -0.006382
0.882660 -0.005862
0.892699 -0.005368
0.902342 -0.004897
0.911577 -0.004437
0.920392 -0.003979
0.928781 -0.003527
0.936739 -0.003116
0.944263 -0.002779
0.951344 -0.002490
0.957946 -0.001997
0.964043 -0.001143
0.969679 -0.000427
0.974866 -0.000014
0.979590 0.000194
0.983840 0.000270
0.987607 0.000269
0.990882 0.000228
0.993661 0.000171
0.995940 0.000114
0.997715 0.000065
0.998984 0.000029
0.999746 0.000007
1.000000 0.000000